3698.49  5.19664e-16
3699.96  5.1472e-16
3701.42  5.09071e-16
3702.89  5.03049e-16
3704.36  4.97036e-16
3705.83  4.91418e-16
3707.3   4.8655e-16
3708.76  4.82719e-16
3710.23  4.8012e-16
3711.7   4.78853e-16
3713.17  4.78917e-16
3714.64  4.80233e-16
3716.1   4.8266e-16
3717.57  4.86024e-16
3719.04  4.90146e-16
3720.51  4.94864e-16
3721.97  5.00056e-16
3723.44  5.05654e-16
3724.91  5.11643e-16
3726.38  5.18067e-16
3727.85  5.25009e-16
3729.31  5.32577e-16
3730.78  5.40873e-16
3732.25  5.49965e-16
3733.72  5.59859e-16
3735.18  5.70473e-16
3736.65  5.81627e-16
3738.12  5.93037e-16
3739.59  6.04334e-16
3741.05  6.15086e-16
3742.51  6.24837e-16
3743.98  6.33155e-16
3745.45  6.39669e-16
3746.92  6.44116e-16
3748.38  6.46364e-16
3749.85  6.46429e-16
3751.32  6.44476e-16
3752.79  6.40803e-16
3754.26  6.35817e-16
3755.72  6.29994e-16
3757.19  6.23839e-16
3758.66  6.17844e-16
3760.13  6.12441e-16
3761.6   6.07971e-16
3763.06  6.04655e-16
3764.53  6.02579e-16
3766     6.01695e-16
3767.47  6.0183e-16
3768.93  6.02719e-16
3770.4   6.04035e-16
3771.87  6.05437e-16
3773.34  6.06611e-16
3774.81  6.07311e-16
3776.27  6.07383e-16
3777.74  6.06781e-16
3779.21  6.05564e-16
3780.68  6.03875e-16
3782.14  6.01917e-16
3783.61  5.99915e-16
3785.08  5.98078e-16
3786.55  5.96571e-16
3788.02  5.9549e-16
3789.48  5.94854e-16
3790.95  5.9461e-16
3792.42  5.94643e-16
3793.89  5.94807e-16
3795.35  5.94947e-16
3796.82  5.94927e-16
3798.29  5.94654e-16
3799.76  5.94092e-16
3801.23  5.93262e-16
3802.69  5.92239e-16
3804.16  5.91141e-16
3805.63  5.90108e-16
3807.1   5.89285e-16
3808.57  5.88809e-16
3810.03  5.88797e-16
3811.5   5.89345e-16
3812.97  5.90529e-16
3814.44  5.92411e-16
3815.9   5.95045e-16
3817.37  5.98484e-16
3818.84  6.02775e-16
3820.31  6.07955e-16
3821.78  6.14037e-16
3823.24  6.20998e-16
3824.7   6.28764e-16
3826.17  6.37207e-16
3827.64  6.46148e-16
3829.1   6.55375e-16
3830.57  6.64669e-16
3832.04  6.7384e-16
3833.51  6.82764e-16
3834.98  6.91415e-16
3836.44  6.99884e-16
3837.91  7.08377e-16
3839.38  7.17191e-16
3840.85  7.26674e-16
3842.31  7.37163e-16
3843.78  7.48925e-16
3845.25  7.62097e-16
3846.72  7.76646e-16
3848.19  7.92361e-16
3849.65  8.0887e-16
3851.12  8.25685e-16
3852.59  8.4228e-16
3854.06  8.58169e-16
3855.53  8.72984e-16
3856.99  8.86538e-16
3858.46  8.98855e-16
3859.93  9.10161e-16
3861.4   9.20848e-16
3862.86  9.31397e-16
3864.33  9.42295e-16
3865.8   9.53939e-16
3867.27  9.66564e-16
3868.74  9.80192e-16
3870.2   9.94622e-16
3871.67  1.00946e-15
3873.14  1.02418e-15
3874.61  1.03819e-15
3876.07  1.05097e-15
3877.54  1.06212e-15
3879.01  1.0714e-15
3880.48  1.0788e-15
3881.95  1.08451e-15
3883.41  1.08887e-15
3884.88  1.09231e-15
3886.35  1.09527e-15
3887.82  1.09813e-15
3889.28  1.10117e-15
3890.75  1.1045e-15
3892.22  1.1081e-15
3893.69  1.11183e-15
3895.16  1.11548e-15
3896.62  1.11877e-15
3898.09  1.12149e-15
3899.56  1.12344e-15
3901.03  1.12452e-15
3902.5   1.12471e-15
3903.96  1.12407e-15
3905.43  1.12275e-15
3906.9   1.12095e-15
3908.36  1.11895e-15
3909.82  1.11705e-15
3911.29  1.11561e-15
3912.76  1.11499e-15
3914.23  1.11556e-15
3915.7   1.11765e-15
3917.16  1.12154e-15
3918.63  1.12738e-15
3920.1   1.13519e-15
3921.57  1.14482e-15
3923.03  1.15597e-15
3924.5   1.16817e-15
3925.97  1.18085e-15
3927.44  1.1934e-15
3928.91  1.20522e-15
3930.37  1.2158e-15
3931.84  1.22474e-15
3933.31  1.23178e-15
3934.78  1.23685e-15
3936.24  1.23996e-15
3937.71  1.24122e-15
3939.18  1.24073e-15
3940.65  1.23858e-15
3942.12  1.23479e-15
3943.58  1.22927e-15
3945.05  1.22188e-15
3946.52  1.21243e-15
3947.99  1.20074e-15
3949.46  1.18672e-15
3950.92  1.17043e-15
3952.39  1.15206e-15
3953.86  1.13203e-15
3955.33  1.11089e-15
3956.79  1.08936e-15
3958.26  1.06817e-15
3959.73  1.04808e-15
3961.2   1.02972e-15
3962.67  1.01359e-15
3964.13  9.99946e-16
3965.6   9.88859e-16
3967.07  9.80159e-16
3968.54  9.73498e-16
3970     9.68396e-16
3971.47  9.64307e-16
3972.94  9.60684e-16
3974.41  9.57039e-16
3975.88  9.52997e-16
3977.34  9.48327e-16
3978.81  9.42961e-16
3980.28  9.3699e-16
3981.75  9.30651e-16
3983.22  9.24297e-16
3984.68  9.18358e-16
3986.15  9.13293e-16
3987.62  9.09547e-16
3989.09  9.07498e-16
3990.55  9.07417e-16
3992.01  9.0943e-16
3993.48  9.13496e-16
3994.95  9.19399e-16
3996.42  9.26752e-16
3997.88  9.35032e-16
3999.35  9.43616e-16
4000.82  9.51849e-16
4002.29  9.59103e-16
4003.75  9.64851e-16
4005.22  9.68726e-16
4006.69  9.7057e-16
4008.16  9.70456e-16
4009.63  9.68685e-16
4011.09  9.65756e-16
4012.56  9.62314e-16
4014.03  9.59068e-16
4015.5   9.56713e-16
4016.96  9.55846e-16
4018.43  9.56898e-16
4019.9   9.60086e-16
4021.37  9.654e-16
4022.84  9.72616e-16
4024.3   9.81338e-16
4025.77  9.91064e-16
4027.24  1.00126e-15
4028.71  1.01145e-15
4030.18  1.02123e-15
4031.64  1.03039e-15
4033.11  1.03883e-15
4034.58  1.04664e-15
4036.05  1.05401e-15
4037.51  1.06118e-15
4038.98  1.06842e-15
4040.45  1.07594e-15
4041.92  1.08387e-15
4043.39  1.09226e-15
4044.85  1.101e-15
4046.32  1.10993e-15
4047.79  1.1188e-15
4049.26  1.12731e-15
4050.72  1.1352e-15
4052.19  1.14223e-15
4053.66  1.14823e-15
4055.13  1.15312e-15
4056.6   1.15691e-15
4058.06  1.1597e-15
4059.53  1.16167e-15
4061     1.16302e-15
4062.47  1.16397e-15
4063.93  1.16474e-15
4065.4   1.16546e-15
4066.87  1.16624e-15
4068.34  1.16709e-15
4069.81  1.16798e-15
4071.27  1.16883e-15
4072.74  1.16955e-15
4074.2   1.17005e-15
4075.67  1.17029e-15
4077.14  1.17026e-15
4078.6   1.16998e-15
4080.07  1.16952e-15
4081.54  1.16893e-15
4083.01  1.1683e-15
4084.47  1.16763e-15
4085.94  1.16692e-15
4087.41  1.1661e-15
4088.88  1.16507e-15
4090.35  1.1637e-15
4091.81  1.16189e-15
4093.28  1.15952e-15
4094.75  1.15652e-15
4096.22  1.15288e-15
4097.68  1.14862e-15
4099.15  1.14382e-15
4100.62  1.13858e-15
4102.09  1.13303e-15
4103.56  1.12731e-15
4105.02  1.12155e-15
4106.49  1.11589e-15
4107.96  1.11043e-15
4109.43  1.10527e-15
4110.89  1.10046e-15
4112.36  1.09604e-15
4113.83  1.092e-15
4115.3   1.08831e-15
4116.77  1.08489e-15
4118.23  1.08165e-15
4119.7   1.07847e-15
4121.17  1.07524e-15
4122.64  1.07185e-15
4124.11  1.06825e-15
4125.57  1.06439e-15
4127.04  1.06031e-15
4128.51  1.05608e-15
4129.98  1.05182e-15
4131.44  1.04767e-15
4132.91  1.04377e-15
4134.38  1.04027e-15
4135.85  1.03726e-15
4137.32  1.03478e-15
4138.78  1.03284e-15
4140.25  1.03137e-15
4141.72  1.03028e-15
4143.19  1.02946e-15
4144.65  1.02882e-15
4146.12  1.02826e-15
4147.59  1.02775e-15
4149.06  1.02731e-15
4150.53  1.02699e-15
4151.99  1.02688e-15
4153.46  1.02705e-15
4154.93  1.0276e-15
4156.39  1.02853e-15
4157.86  1.02981e-15
4159.32  1.03131e-15
4160.79  1.03284e-15
4162.26  1.03413e-15
4163.73  1.0349e-15
4165.19  1.03487e-15
4166.66  1.0338e-15
4168.13  1.03157e-15
4169.6   1.02814e-15
4171.07  1.02365e-15
4172.53  1.01833e-15
4174     1.01253e-15
4175.47  1.00665e-15
4176.94  1.0011e-15
4178.4   9.9622e-16
4179.87  9.92253e-16
4181.34  9.89293e-16
4182.81  9.8728e-16
4184.28  9.86003e-16
4185.74  9.85137e-16
4187.21  9.84286e-16
4188.68  9.83041e-16
4190.15  9.81036e-16
4191.61  9.77995e-16
4193.08  9.73767e-16
4194.55  9.68338e-16
4196.02  9.61833e-16
4197.49  9.54496e-16
4198.95  9.46656e-16
4200.42  9.38693e-16
4201.89  9.30989e-16
4203.36  9.23892e-16
4204.82  9.17674e-16
4206.29  9.12506e-16
4207.76  9.08433e-16
4209.23  9.05373e-16
4210.7   9.03123e-16
4212.16  9.01378e-16
4213.63  8.99768e-16
4215.1   8.97905e-16
4216.57  8.95432e-16
4218.04  8.92072e-16
4219.5   8.87675e-16
4220.97  8.82241e-16
4222.44  8.75932e-16
4223.91  8.69053e-16
4225.37  8.62013e-16
4226.84  8.55272e-16
4228.31  8.49269e-16
4229.78  8.44356e-16
4231.25  8.40739e-16
4232.71  8.3844e-16
4234.18  8.37286e-16
4235.65  8.36931e-16
4237.12  8.36902e-16
4238.58  8.36667e-16
4240.05  8.3572e-16
4241.51  8.33649e-16
4242.98  8.3021e-16
4244.45  8.25352e-16
4245.91  8.1923e-16
4247.38  8.12169e-16
4248.85  8.04611e-16
4250.32  7.97038e-16
4251.78  7.8989e-16
4253.25  7.83497e-16
4254.72  7.78028e-16
4256.19  7.73475e-16
4257.66  7.69667e-16
4259.12  7.66311e-16
4260.59  7.6306e-16
4262.06  7.59577e-16
4263.53  7.55604e-16
4265     7.50997e-16
4266.46  7.45749e-16
4267.93  7.39978e-16
4269.4   7.33885e-16
4270.87  7.27711e-16
4272.33  7.21674e-16
4273.8   7.15928e-16
4275.27  7.10531e-16
4276.74  7.05432e-16
4278.21  7.00496e-16
4279.67  6.95527e-16
4281.14  6.90317e-16
4282.61  6.84693e-16
4284.08  6.78551e-16
4285.54  6.71888e-16
4287.01  6.64804e-16
4288.48  6.57497e-16
4289.95  6.50234e-16
4291.42  6.43319e-16
4292.88  6.37056e-16
4294.35  6.31712e-16
4295.82  6.2749e-16
4297.29  6.2451e-16
4298.75  6.22807e-16
4300.22  6.22338e-16
4301.69  6.22992e-16
4303.16  6.24614e-16
4304.63  6.27026e-16
4306.09  6.30051e-16
4307.56  6.33525e-16
4309.03  6.37314e-16
4310.5   6.41315e-16
4311.97  6.4546e-16
4313.43  6.49703e-16
4314.9   6.54018e-16
4316.37  6.58377e-16
4317.84  6.62749e-16
4319.3   6.6708e-16
4320.77  6.71299e-16
4322.24  6.75312e-16
4323.71  6.79014e-16
4325.17  6.82301e-16
4326.63  6.85087e-16
4328.1   6.87323e-16
4329.57  6.89008e-16
4331.04  6.90203e-16
4332.5   6.91022e-16
4333.97  6.91629e-16
4335.44  6.92212e-16
4336.91  6.9296e-16
4338.38  6.94036e-16
4339.84  6.95547e-16
4341.31  6.97535e-16
4342.78  6.99969e-16
4344.25  7.02755e-16
4345.71  7.0576e-16
4347.18  7.08837e-16
4348.65  7.11862e-16
4350.12  7.14753e-16
4351.59  7.17492e-16
4353.05  7.20122e-16
4354.52  7.22734e-16
4355.99  7.2544e-16
4357.46  7.28343e-16
4358.93  7.31503e-16
4360.39  7.34912e-16
4361.86  7.38488e-16
4363.33  7.42077e-16
4364.8   7.45479e-16
4366.26  7.48482e-16
4367.73  7.50901e-16
4369.2   7.52609e-16
4370.67  7.5357e-16
4372.14  7.5384e-16
4373.6   7.53561e-16
4375.07  7.52932e-16
4376.54  7.52174e-16
4378.01  7.51486e-16
4379.47  7.51009e-16
4380.94  7.50798e-16
4382.41  7.50815e-16
4383.88  7.50937e-16
4385.35  7.50977e-16
4386.81  7.50724e-16
4388.28  7.49976e-16
4389.75  7.48582e-16
4391.22  7.46467e-16
4392.68  7.43641e-16
4394.15  7.40201e-16
4395.62  7.36315e-16
4397.09  7.3219e-16
4398.56  7.28047e-16
4400.02  7.24084e-16
4401.49  7.20455e-16
4402.96  7.17253e-16
4404.43  7.14506e-16
4405.9   7.12183e-16
4407.36  7.10214e-16
4408.83  7.08504e-16
4410.29  7.06961e-16
4411.76  7.05511e-16
4413.22  7.04111e-16
4414.69  7.0275e-16
4416.16  7.01446e-16
4417.63  7.00234e-16
4419.1   6.99152e-16
4420.56  6.98227e-16
4422.03  6.97464e-16
4423.5   6.96849e-16
4424.97  6.96348e-16
4426.43  6.95925e-16
4427.9   6.95558e-16
4429.37  6.95254e-16
4430.84  6.95065e-16
4432.31  6.95094e-16
4433.77  6.95485e-16
4435.24  6.96412e-16
4436.71  6.9805e-16
4438.18  7.00547e-16
4439.64  7.03992e-16
4441.11  7.08394e-16
4442.58  7.13666e-16
4444.05  7.19625e-16
4445.52  7.26014e-16
4446.98  7.32525e-16
4448.45  7.3884e-16
4449.92  7.44674e-16
4451.39  7.4981e-16
4452.86  7.54132e-16
4454.32  7.57633e-16
4455.79  7.60424e-16
4457.26  7.62709e-16
4458.73  7.64762e-16
4460.19  7.66883e-16
4461.66  7.69366e-16
4463.13  7.72452e-16
4464.6   7.76302e-16
4466.07  7.80979e-16
4467.53  7.86435e-16
4469     7.92523e-16
4470.47  7.99014e-16
4471.94  8.05625e-16
4473.4   8.12055e-16
4474.87  8.18017e-16
4476.34  8.23274e-16
4477.81  8.27661e-16
4479.28  8.31097e-16
4480.74  8.33597e-16
4482.21  8.35255e-16
4483.68  8.36236e-16
4485.15  8.36751e-16
4486.61  8.37034e-16
4488.08  8.37313e-16
4489.55  8.37796e-16
4491.02  8.38649e-16
4492.48  8.39985e-16
4493.94  8.41858e-16
4495.41  8.44262e-16
4496.88  8.47132e-16
4498.35  8.50353e-16
4499.82  8.53767e-16
4501.28  8.5719e-16
4502.75  8.60428e-16
4504.22  8.63296e-16
4505.69  8.65643e-16
4507.15  8.67367e-16
4508.62  8.68433e-16
4510.09  8.68877e-16
4511.56  8.68804e-16
4513.03  8.68372e-16
4514.49  8.67767e-16
4515.96  8.6717e-16
4517.43  8.66724e-16
4518.9   8.66503e-16
4520.36  8.66502e-16
4521.83  8.66627e-16
4523.3   8.66716e-16
4524.77  8.66563e-16
4526.24  8.65958e-16
4527.7   8.64728e-16
4529.17  8.62767e-16
4530.64  8.60061e-16
4532.11  8.56691e-16
4533.57  8.52824e-16
4535.04  8.48686e-16
4536.51  8.4453e-16
4537.98  8.40601e-16
4539.45  8.37104e-16
4540.91  8.34189e-16
4542.38  8.31937e-16
4543.85  8.30366e-16
4545.32  8.29442e-16
4546.79  8.29094e-16
4548.25  8.29232e-16
4549.72  8.29754e-16
4551.19  8.30559e-16
4552.66  8.31549e-16
4554.12  8.32626e-16
4555.59  8.33692e-16
4557.06  8.3465e-16
4558.53  8.35408e-16
4560     8.35892e-16
4561.46  8.36049e-16
4562.93  8.35866e-16
4564.4   8.35374e-16
4565.87  8.34649e-16
4567.33  8.33808e-16
4568.8   8.32994e-16
4570.27  8.32351e-16
4571.74  8.32007e-16
4573.21  8.32046e-16
4574.66  8.32493e-16
4576.14  8.33309e-16
4577.6   8.34393e-16
4579.07  8.35596e-16
4580.54  8.36749e-16
4582     8.3769e-16
4583.47  8.38289e-16
4584.94  8.38476e-16
4586.41  8.38252e-16
4587.87  8.37691e-16
4589.34  8.3693e-16
4590.81  8.3615e-16
4592.28  8.35546e-16
4593.75  8.35296e-16
4595.21  8.35532e-16
4596.68  8.36312e-16
4598.15  8.3761e-16
4599.62  8.39304e-16
4601.08  8.4119e-16
4602.55  8.42997e-16
4604.02  8.44417e-16
4605.49  8.45139e-16
4606.96  8.44892e-16
4608.42  8.43472e-16
4609.89  8.40781e-16
4611.36  8.36835e-16
4612.83  8.31772e-16
4614.29  8.25833e-16
4615.76  8.19334e-16
4617.23  8.12617e-16
4618.7   8.06005e-16
4620.17  7.99747e-16
4621.63  7.93986e-16
4623.1   7.88727e-16
4624.57  7.83846e-16
4626.04  7.79108e-16
4627.51  7.74211e-16
4628.97  7.68843e-16
4630.44  7.62743e-16
4631.91  7.55751e-16
4633.38  7.47851e-16
4634.84  7.39178e-16
4636.31  7.30012e-16
4637.78  7.20736e-16
4639.25  7.11788e-16
4640.72  7.03588e-16
4642.18  6.9648e-16
4643.65  6.90679e-16
4645.12  6.86243e-16
4646.59  6.83064e-16
4648.05  6.80893e-16
4649.52  6.79384e-16
4650.99  6.7815e-16
4652.46  6.76828e-16
4653.93  6.75134e-16
4655.39  6.72904e-16
4656.86  6.70115e-16
4658.33  6.66874e-16
4659.79  6.63397e-16
4661.25  6.5996e-16
4662.72  6.56853e-16
4664.19  6.54331e-16
4665.66  6.5257e-16
4667.13  6.51649e-16
4668.59  6.51544e-16
4670.06  6.52137e-16
4671.53  6.53245e-16
4673     6.54649e-16
4674.47  6.56132e-16
4675.93  6.57504e-16
4677.4   6.58628e-16
4678.87  6.59428e-16
4680.34  6.5989e-16
4681.8   6.60053e-16
4683.27  6.59993e-16
4684.74  6.59808e-16
4686.21  6.59597e-16
4687.68  6.59449e-16
4689.14  6.59426e-16
4690.61  6.59564e-16
4692.08  6.59866e-16
4693.55  6.60307e-16
4695.01  6.6084e-16
4696.48  6.61404e-16
4697.95  6.61933e-16
4699.42  6.62362e-16
4700.89  6.62635e-16
4702.35  6.62711e-16
4703.82  6.62557e-16
4705.29  6.62156e-16
4706.76  6.61494e-16
4708.22  6.60558e-16
4709.69  6.59333e-16
4711.16  6.57794e-16
4712.63  6.5591e-16
4714.1   6.53646e-16
4715.56  6.50971e-16
4717.03  6.47871e-16
4718.5   6.44353e-16
4719.97  6.40458e-16
4721.44  6.36263e-16
4722.9   6.31875e-16
4724.37  6.27424e-16
4725.84  6.23046e-16
4727.31  6.18863e-16
4728.77  6.1497e-16
4730.24  6.11417e-16
4731.71  6.08207e-16
4733.18  6.05297e-16
4734.65  6.02607e-16
4736.11  6.00041e-16
4737.58  5.97506e-16
4739.05  5.94929e-16
4740.52  5.92272e-16
4741.97  5.89539e-16
4743.44  5.86774e-16
4744.91  5.84052e-16
4746.38  5.81463e-16
4747.85  5.79098e-16
4749.31  5.77031e-16
4750.78  5.75311e-16
4752.25  5.73956e-16
4753.72  5.72955e-16
4755.18  5.72273e-16
4756.65  5.71865e-16
4758.12  5.71684e-16
4759.59  5.71693e-16
4761.06  5.71866e-16
4762.52  5.72197e-16
4763.99  5.72693e-16
4765.46  5.73373e-16
4766.93  5.74256e-16
4768.4   5.75358e-16
4769.86  5.76682e-16
4771.33  5.78218e-16
4772.8   5.79935e-16
4774.27  5.81789e-16
4775.73  5.83716e-16
4777.2   5.85647e-16
4778.67  5.87505e-16
4780.14  5.89216e-16
4781.61  5.90716e-16
4783.07  5.91954e-16
4784.54  5.92898e-16
4786.01  5.93537e-16
4787.48  5.93883e-16
4788.94  5.93962e-16
4790.41  5.93813e-16
4791.88  5.9348e-16
4793.35  5.93e-16
4794.82  5.92395e-16
4796.28  5.91674e-16
4797.75  5.90818e-16
4799.22  5.89796e-16
4800.69  5.88555e-16
4802.15  5.87041e-16
4803.62  5.85197e-16
4805.09  5.82975e-16
4806.56  5.80342e-16
4808.03  5.77281e-16
4809.49  5.73793e-16
4810.96  5.69894e-16
4812.43  5.65615e-16
4813.9   5.60994e-16
4815.37  5.56075e-16
4816.83  5.50909e-16
4818.3   5.45543e-16
4819.77  5.40025e-16
4821.24  5.34398e-16
4822.7   5.28697e-16
4824.16  5.22947e-16
4825.64  5.17159e-16
4827.1   5.11333e-16
4828.57  5.05462e-16
4830.03  4.99533e-16
4831.5   4.93538e-16
4832.97  4.87481e-16
4834.44  4.81387e-16
4835.9   4.75305e-16
4837.37  4.6931e-16
4838.84  4.63493e-16
4840.31  4.57956e-16
4841.78  4.52798e-16
4843.24  4.48099e-16
4844.71  4.4391e-16
4846.18  4.40243e-16
4847.65  4.37071e-16
4849.11  4.34333e-16
4850.58  4.31945e-16
4852.05  4.29809e-16
4853.52  4.27839e-16
4854.99  4.25967e-16
4856.45  4.24157e-16
4857.92  4.22408e-16
4859.39  4.20751e-16
4860.86  4.19244e-16
4862.33  4.17952e-16
4863.79  4.16941e-16
4865.26  4.16257e-16
4866.73  4.15921e-16
4868.2   4.15925e-16
4869.66  4.16235e-16
4871.13  4.16798e-16
4872.6   4.17556e-16
4874.07  4.1846e-16
4875.54  4.1948e-16
4877     4.2061e-16
4878.47  4.21872e-16
4879.94  4.23306e-16
4881.41  4.24963e-16
4882.87  4.26884e-16
4884.34  4.2909e-16
4885.81  4.31569e-16
4887.28  4.34273e-16
4888.75  4.37112e-16
4890.21  4.39971e-16
4891.68  4.42721e-16
4893.15  4.45236e-16
4894.62  4.47413e-16
4896.08  4.49185e-16
4897.55  4.50534e-16
4899.02  4.51492e-16
4900.49  4.52135e-16
4901.96  4.52575e-16
4903.42  4.52938e-16
4904.89  4.5335e-16
4906.36  4.5392e-16
4907.83  4.54726e-16
4909.29  4.55809e-16
4910.75  4.57171e-16
4912.22  4.58781e-16
4913.69  4.60587e-16
4915.16  4.62524e-16
4916.62  4.64528e-16
4918.09  4.66545e-16
4919.56  4.68534e-16
4921.03  4.7047e-16
4922.5   4.72339e-16
4923.96  4.74137e-16
4925.43  4.7586e-16
4926.9   4.77506e-16
4928.37  4.79069e-16
4929.83  4.80542e-16
4931.3   4.81921e-16
4932.77  4.83209e-16
4934.24  4.84419e-16
4935.71  4.85576e-16
4937.17  4.86715e-16
4938.64  4.87872e-16
4940.11  4.89079e-16
4941.58  4.90352e-16
4943.04  4.91681e-16
4944.51  4.93028e-16
4945.98  4.94326e-16
4947.45  4.95483e-16
4948.92  4.96399e-16
4950.38  4.96978e-16
4951.85  4.97148e-16
4953.32  4.96877e-16
4954.79  4.96179e-16
4956.26  4.95121e-16
4957.72  4.93816e-16
4959.19  4.92409e-16
4960.66  4.9106e-16
4962.13  4.8992e-16
4963.59  4.89115e-16
4965.06  4.88721e-16
4966.53  4.88762e-16
4968     4.89204e-16
4969.47  4.89965e-16
4970.93  4.90925e-16
4972.4   4.9195e-16
4973.87  4.92911e-16
4975.34  4.93704e-16
4976.8   4.94268e-16
4978.27  4.94591e-16
4979.74  4.94713e-16
4981.21  4.94716e-16
4982.68  4.94712e-16
4984.14  4.94824e-16
4985.61  4.95165e-16
4987.08  4.95825e-16
4988.55  4.9685e-16
4990.01  4.98242e-16
4991.48  4.99952e-16
4992.94  5.01894e-16
4994.41  5.03948e-16
4995.88  5.0598e-16
4997.34  5.07858e-16
4998.81  5.09468e-16
5000.28  5.10721e-16
5001.75  5.1157e-16
5003.22  5.12006e-16
5004.68  5.12061e-16
5006.15  5.11798e-16
5007.62  5.11308e-16
5009.09  5.10694e-16
5010.55  5.10062e-16
5012.02  5.09512e-16
5013.49  5.09126e-16
5014.96  5.08965e-16
5016.43  5.09062e-16
5017.89  5.09423e-16
5019.36  5.10028e-16
5020.83  5.10832e-16
5022.3   5.11777e-16
5023.76  5.12794e-16
5025.23  5.13815e-16
5026.7   5.14783e-16
5028.17  5.15658e-16
5029.64  5.16429e-16
5031.1   5.17113e-16
5032.57  5.17758e-16
5034.04  5.18443e-16
5035.51  5.19263e-16
5036.97  5.20323e-16
5038.44  5.21724e-16
5039.91  5.23552e-16
5041.38  5.25861e-16
5042.85  5.28673e-16
5044.31  5.31967e-16
5045.78  5.35687e-16
5047.25  5.39742e-16
5048.72  5.44018e-16
5050.19  5.4839e-16
5051.65  5.52729e-16
5053.12  5.56922e-16
5054.59  5.60873e-16
5056.06  5.64514e-16
5057.52  5.67807e-16
5058.99  5.70749e-16
5060.46  5.73363e-16
5061.93  5.75698e-16
5063.4   5.77824e-16
5064.86  5.79823e-16
5066.33  5.81785e-16
5067.8   5.83799e-16
5069.27  5.85946e-16
5070.73  5.88298e-16
5072.2   5.90905e-16
5073.67  5.93797e-16
5075.14  5.96974e-16
5076.61  6.00409e-16
5078.06  6.04046e-16
5079.53  6.07801e-16
5081     6.11571e-16
5082.47  6.15244e-16
5083.93  6.18704e-16
5085.4   6.21851e-16
5086.87  6.24609e-16
5088.34  6.26935e-16
5089.81  6.28822e-16
5091.27  6.30305e-16
5092.74  6.31451e-16
5094.21  6.32349e-16
5095.68  6.331e-16
5097.15  6.338e-16
5098.61  6.34527e-16
5100.08  6.35328e-16
5101.55  6.36213e-16
5103.02  6.37153e-16
5104.48  6.3808e-16
5105.95  6.38897e-16
5107.42  6.39489e-16
5108.89  6.39739e-16
5110.36  6.39543e-16
5111.82  6.38825e-16
5113.29  6.37547e-16
5114.76  6.35722e-16
5116.23  6.33409e-16
5117.69  6.30714e-16
5119.16  6.27776e-16
5120.63  6.24754e-16
5122.1   6.21805e-16
5123.57  6.19065e-16
5125.03  6.16633e-16
5126.5   6.14555e-16
5127.97  6.12821e-16
5129.44  6.11365e-16
5130.9   6.10076e-16
5132.37  6.08816e-16
5133.84  6.07437e-16
5135.31  6.05809e-16
5136.78  6.03842e-16
5138.24  6.01494e-16
5139.71  5.98787e-16
5141.18  5.95804e-16
5142.65  5.9268e-16
5144.12  5.89588e-16
5145.58  5.86715e-16
5147.05  5.84243e-16
5148.52  5.82326e-16
5149.99  5.81075e-16
5151.45  5.80547e-16
5152.92  5.8074e-16
5154.39  5.81598e-16
5155.86  5.83019e-16
5157.33  5.84871e-16
5158.79  5.87003e-16
5160.25  5.89261e-16
5161.72  5.91503e-16
5163.19  5.93605e-16
5164.65  5.95472e-16
5166.12  5.97041e-16
5167.59  5.98279e-16
5169.06  5.99187e-16
5170.53  5.99793e-16
5171.99  6.00153e-16
5173.46  6.00338e-16
5174.93  6.00437e-16
5176.4   6.00544e-16
5177.86  6.0075e-16
5179.33  6.01141e-16
5180.8   6.01782e-16
5182.27  6.02716e-16
5183.74  6.03957e-16
5185.2   6.05488e-16
5186.67  6.07258e-16
5188.14  6.0919e-16
5189.61  6.11184e-16
5191.08  6.13123e-16
5192.54  6.1488e-16
5194.01  6.16329e-16
5195.48  6.1735e-16
5196.95  6.17834e-16
5198.41  6.17688e-16
5199.88  6.1684e-16
5201.35  6.1524e-16
5202.82  6.1286e-16
5204.29  6.09701e-16
5205.75  6.05789e-16
5207.22  6.01176e-16
5208.69  5.95941e-16
5210.16  5.90184e-16
5211.62  5.84021e-16
5213.09  5.77583e-16
5214.56  5.70999e-16
5216.03  5.64394e-16
5217.5   5.57877e-16
5218.96  5.51535e-16
5220.43  5.45426e-16
5221.9   5.39579e-16
5223.37  5.33992e-16
5224.83  5.28636e-16
5226.3   5.23463e-16
5227.77  5.18416e-16
5229.24  5.13431e-16
5230.71  5.08455e-16
5232.17  5.03446e-16
5233.64  4.98383e-16
5235.11  4.93264e-16
5236.58  4.88109e-16
5238.05  4.82951e-16
5239.51  4.77837e-16
5240.98  4.72818e-16
5242.44  4.67944e-16
5243.92  4.6326e-16
5245.37  4.58801e-16
5246.84  4.54595e-16
5248.31  4.50656e-16
5249.78  4.46992e-16
5251.25  4.43602e-16
5252.71  4.40478e-16
5254.18  4.37608e-16
5255.65  4.34971e-16
5257.12  4.32541e-16
5258.58  4.30283e-16
5260.05  4.28156e-16
5261.52  4.26114e-16
5262.99  4.24109e-16
5264.46  4.22095e-16
5265.92  4.20033e-16
5267.39  4.17895e-16
5268.86  4.1567e-16
5270.33  4.13363e-16
5271.8   4.10998e-16
5273.26  4.08613e-16
5274.73  4.06256e-16
5276.2   4.03979e-16
5277.67  4.01835e-16
5279.13  3.99868e-16
5280.6   3.98115e-16
5282.07  3.96602e-16
5283.54  3.95342e-16
5285.01  3.94341e-16
5286.47  3.93597e-16
5287.94  3.93106e-16
5289.41  3.92856e-16
5290.88  3.92834e-16
5292.34  3.93022e-16
5293.81  3.93393e-16
5295.28  3.93911e-16
5296.75  3.94528e-16
5298.22  3.95187e-16
5299.68  3.9582e-16
5301.15  3.9636e-16
5302.62  3.96744e-16
5304.09  3.96923e-16
5305.55  3.96871e-16
5307.02  3.9659e-16
5308.49  3.96113e-16
5309.96  3.95499e-16
5311.43  3.94833e-16
5312.89  3.94208e-16
5314.36  3.93719e-16
5315.83  3.93443e-16
5317.3   3.93437e-16
5318.77  3.93724e-16
5320.23  3.94299e-16
5321.7   3.95129e-16
5323.17  3.96164e-16
5324.64  3.97352e-16
5326.1   3.98651e-16
5327.56  4.00038e-16
5329.03  4.01518e-16
5330.5   4.03122e-16
5331.97  4.04902e-16
5333.43  4.06919e-16
5334.9   4.0923e-16
5336.37  4.1187e-16
5337.84  4.14844e-16
5339.3   4.18118e-16
5340.77  4.21618e-16
5342.24  4.25242e-16
5343.71  4.28865e-16
5345.18  4.32364e-16
5346.64  4.35627e-16
5348.11  4.3857e-16
5349.58  4.41146e-16
5351.05  4.43348e-16
5352.51  4.45199e-16
5353.98  4.46748e-16
5355.45  4.48053e-16
5356.92  4.4917e-16
5358.39  4.5014e-16
5359.85  4.50984e-16
5361.32  4.51702e-16
5362.79  4.52278e-16
5364.26  4.52689e-16
5365.73  4.52913e-16
5367.19  4.52937e-16
5368.66  4.52763e-16
5370.13  4.52405e-16
5371.6   4.51884e-16
5373.06  4.51225e-16
5374.53  4.50442e-16
5376     4.49532e-16
5377.47  4.48478e-16
5378.94  4.47246e-16
5380.4   4.45799e-16
5381.87  4.44104e-16
5383.34  4.42151e-16
5384.81  4.3996e-16
5386.27  4.3759e-16
5387.74  4.35134e-16
5389.21  4.32714e-16
5390.68  4.3046e-16
5392.15  4.28491e-16
5393.61  4.26895e-16
5395.08  4.2571e-16
5396.55  4.24913e-16
5398.02  4.24421e-16
5399.48  4.24104e-16
5400.95  4.23798e-16
5402.42  4.23335e-16
5403.89  4.22567e-16
5405.36  4.21387e-16
5406.82  4.19751e-16
5408.29  4.17675e-16
5409.75  4.15234e-16
5411.22  4.12546e-16
5412.69  4.09746e-16
5414.15  4.06962e-16
5415.62  4.04293e-16
5417.09  4.0179e-16
5418.56  3.99453e-16
5420.02  3.97233e-16
5421.49  3.95044e-16
5422.96  3.92791e-16
5424.43  3.90387e-16
5425.9   3.87777e-16
5427.36  3.84951e-16
5428.83  3.81954e-16
5430.3   3.78874e-16
5431.77  3.75837e-16
5433.23  3.72978e-16
5434.7   3.70423e-16
5436.17  3.68266e-16
5437.64  3.66552e-16
5439.11  3.65269e-16
5440.57  3.64351e-16
5442.04  3.6369e-16
5443.51  3.63149e-16
5444.98  3.62594e-16
5446.44  3.61905e-16
5447.91  3.61006e-16
5449.38  3.59872e-16
5450.85  3.58534e-16
5452.32  3.57077e-16
5453.78  3.55626e-16
5455.25  3.5433e-16
5456.72  3.5334e-16
5458.19  3.52788e-16
5459.66  3.5277e-16
5461.12  3.53337e-16
5462.59  3.54485e-16
5464.06  3.56166e-16
5465.53  3.5829e-16
5466.99  3.60743e-16
5468.46  3.63407e-16
5469.93  3.6617e-16
5471.4   3.68944e-16
5472.87  3.71673e-16
5474.33  3.74338e-16
5475.8   3.76956e-16
5477.27  3.79571e-16
5478.74  3.82246e-16
5480.2   3.85055e-16
5481.67  3.88064e-16
5483.14  3.91329e-16
5484.61  3.94882e-16
5486.08  3.98732e-16
5487.54  4.02859e-16
5489.01  4.07217e-16
5490.48  4.11742e-16
5491.94  4.16355e-16
5493.41  4.20968e-16
5494.87  4.25497e-16
5496.34  4.29865e-16
5497.81  4.34011e-16
5499.28  4.37895e-16
5500.74  4.41502e-16
5502.21  4.44842e-16
5503.68  4.47951e-16
5505.15  4.50886e-16
5506.62  4.53717e-16
5508.08  4.56521e-16
5509.55  4.59376e-16
5511.02  4.62345e-16
5512.49  4.65475e-16
5513.95  4.68791e-16
5515.42  4.72291e-16
5516.89  4.75949e-16
5518.36  4.7972e-16
5519.83  4.83541e-16
5521.29  4.87345e-16
5522.76  4.91061e-16
5524.23  4.9463e-16
5525.7   4.98004e-16
5527.16  5.01152e-16
5528.63  5.04062e-16
5530.1   5.06742e-16
5531.57  5.0921e-16
5533.04  5.11494e-16
5534.5   5.13624e-16
5535.97  5.15621e-16
5537.44  5.17496e-16
5538.91  5.19243e-16
5540.37  5.20833e-16
5541.84  5.22222e-16
5543.31  5.2335e-16
5544.78  5.24154e-16
5546.25  5.24576e-16
5547.71  5.24577e-16
5549.18  5.24148e-16
5550.65  5.23317e-16
5552.12  5.22153e-16
5553.59  5.20763e-16
5555.05  5.19286e-16
5556.52  5.1787e-16
5557.99  5.16663e-16
5559.46  5.15787e-16
5560.92  5.15323e-16
5562.39  5.15302e-16
5563.86  5.15699e-16
5565.33  5.16439e-16
5566.8   5.17411e-16
5568.26  5.18487e-16
5569.73  5.19546e-16
5571.2   5.20491e-16
5572.67  5.21272e-16
5574.13  5.21885e-16
5575.6   5.22377e-16
5577.07  5.22832e-16
5578.53  5.23352e-16
5580     5.24038e-16
5581.46  5.24969e-16
5582.93  5.26182e-16
5584.4   5.27667e-16
5585.87  5.29367e-16
5587.33  5.31185e-16
5588.8   5.32999e-16
5590.27  5.34683e-16
5591.74  5.36128e-16
5593.21  5.37253e-16
5594.67  5.38018e-16
5596.14  5.3843e-16
5597.61  5.38533e-16
5599.08  5.384e-16
5600.55  5.38124e-16
5602.01  5.37797e-16
5603.48  5.37502e-16
5604.95  5.37302e-16
5606.42  5.37237e-16
5607.88  5.3732e-16
5609.35  5.37545e-16
5610.82  5.37892e-16
5612.29  5.38328e-16
5613.76  5.3882e-16
5615.22  5.39334e-16
5616.69  5.39837e-16
5618.16  5.403e-16
5619.63  5.40694e-16
5621.09  5.40994e-16
5622.56  5.41172e-16
5624.03  5.41207e-16
5625.5   5.41082e-16
5626.97  5.40788e-16
5628.43  5.4033e-16
5629.9   5.39727e-16
5631.37  5.39014e-16
5632.84  5.38242e-16
5634.3   5.3747e-16
5635.77  5.36764e-16
5637.24  5.36189e-16
5638.71  5.35803e-16
5640.18  5.3565e-16
5641.64  5.35758e-16
5643.11  5.36133e-16
5644.58  5.36759e-16
5646.05  5.37602e-16
5647.52  5.38605e-16
5648.98  5.39696e-16
5650.45  5.40792e-16
5651.92  5.41801e-16
5653.39  5.42634e-16
5654.85  5.43211e-16
5656.32  5.43466e-16
5657.79  5.43365e-16
5659.26  5.42904e-16
5660.72  5.42118e-16
5662.18  5.4108e-16
5663.65  5.39892e-16
5665.12  5.3868e-16
5666.59  5.3757e-16
5668.05  5.36678e-16
5669.52  5.36087e-16
5670.99  5.35832e-16
5672.46  5.35899e-16
5673.93  5.36218e-16
5675.39  5.36674e-16
5676.86  5.37128e-16
5678.33  5.37432e-16
5679.8   5.37458e-16
5681.26  5.37114e-16
5682.73  5.36362e-16
5684.2   5.3522e-16
5685.67  5.3376e-16
5687.14  5.32093e-16
5688.6   5.30347e-16
5690.07  5.28647e-16
5691.54  5.27092e-16
5693.01  5.25735e-16
5694.48  5.24578e-16
5695.94  5.23568e-16
5697.41  5.22613e-16
5698.88  5.21593e-16
5700.35  5.20381e-16
5701.81  5.18868e-16
5703.28  5.16979e-16
5704.75  5.14682e-16
5706.22  5.11995e-16
5707.69  5.08982e-16
5709.15  5.0574e-16
5710.62  5.02387e-16
5712.09  4.99041e-16
5713.56  4.95807e-16
5715.02  4.92765e-16
5716.49  4.89957e-16
5717.96  4.87391e-16
5719.43  4.85042e-16
5720.9   4.82858e-16
5722.36  4.80774e-16
5723.83  4.78722e-16
5725.3   4.76638e-16
5726.77  4.74479e-16
5728.23  4.72218e-16
5729.7   4.69857e-16
5731.17  4.67415e-16
5732.64  4.6493e-16
5734.11  4.62455e-16
5735.57  4.60044e-16
5737.04  4.57751e-16
5738.51  4.55622e-16
5739.98  4.53688e-16
5741.45  4.51966e-16
5742.91  4.50454e-16
5744.38  4.49134e-16
5745.84  4.47973e-16
5747.31  4.46926e-16
5748.77  4.45946e-16
5750.24  4.44985e-16
5751.71  4.44002e-16
5753.18  4.42968e-16
5754.65  4.41873e-16
5756.11  4.40723e-16
5757.58  4.39546e-16
5759.05  4.38384e-16
5760.52  4.3729e-16
5761.98  4.36319e-16
5763.45  4.35523e-16
5764.92  4.34939e-16
5766.39  4.34582e-16
5767.86  4.34446e-16
5769.32  4.34497e-16
5770.79  4.34681e-16
5772.26  4.3493e-16
5773.73  4.35175e-16
5775.19  4.35353e-16
5776.66  4.35425e-16
5778.13  4.35383e-16
5779.6   4.35252e-16
5781.07  4.35098e-16
5782.53  4.35015e-16
5784     4.35118e-16
5785.47  4.35527e-16
5786.94  4.36351e-16
5788.41  4.37674e-16
5789.87  4.39538e-16
5791.34  4.4194e-16
5792.81  4.44825e-16
5794.28  4.48097e-16
5795.74  4.51626e-16
5797.21  4.55262e-16
5798.68  4.58854e-16
5800.15  4.62267e-16
5801.62  4.65391e-16
5803.08  4.68156e-16
5804.55  4.70528e-16
5806.02  4.72512e-16
5807.49  4.74144e-16
5808.95  4.75477e-16
5810.42  4.76573e-16
5811.89  4.77489e-16
5813.36  4.78272e-16
5814.83  4.78952e-16
5816.29  4.79543e-16
5817.76  4.80047e-16
5819.23  4.80459e-16
5820.7   4.80777e-16
5822.16  4.81006e-16
5823.63  4.81167e-16
5825.1   4.81296e-16
5826.57  4.81446e-16
5828.03  4.81679e-16
5829.49  4.82058e-16
5830.96  4.82641e-16
5832.43  4.83463e-16
5833.9   4.84536e-16
5835.37  4.8584e-16
5836.83  4.87323e-16
5838.3   4.88908e-16
5839.77  4.90502e-16
5841.24  4.92009e-16
5842.7   4.9334e-16
5844.17  4.94432e-16
5845.64  4.95249e-16
5847.11  4.95791e-16
5848.58  4.96088e-16
5850.04  4.96195e-16
5851.51  4.96179e-16
5852.98  4.96111e-16
5854.45  4.96049e-16
5855.91  4.96037e-16
5857.38  4.96097e-16
5858.85  4.9623e-16
5860.32  4.96422e-16
5861.79  4.96649e-16
5863.25  4.96888e-16
5864.72  4.97116e-16
5866.19  4.97321e-16
5867.66  4.97499e-16
5869.13  4.97653e-16
5870.59  4.97793e-16
5872.06  4.97927e-16
5873.53  4.98064e-16
5875     4.9821e-16
5876.46  4.98365e-16
5877.93  4.98528e-16
5879.4   4.98701e-16
5880.87  4.98887e-16
5882.34  4.99096e-16
5883.8   4.99341e-16
5885.27  4.99644e-16
5886.74  5.00026e-16
5888.21  5.0051e-16
5889.67  5.0111e-16
5891.14  5.01832e-16
5892.61  5.02667e-16
5894.08  5.03594e-16
5895.55  5.04578e-16
5897.01  5.05578e-16
5898.48  5.06546e-16
5899.95  5.07442e-16
5901.42  5.08233e-16
5902.88  5.08904e-16
5904.35  5.09454e-16
5905.82  5.09899e-16
5907.29  5.10267e-16
5908.76  5.10588e-16
5910.21  5.10891e-16
5911.69  5.11195e-16
5913.15  5.11505e-16
5914.62  5.11808e-16
5916.09  5.12081e-16
5917.55  5.1229e-16
5919.02  5.12402e-16
5920.49  5.12392e-16
5921.96  5.1225e-16
5923.42  5.11986e-16
5924.89  5.11631e-16
5926.36  5.11233e-16
5927.83  5.10854e-16
5929.3   5.10557e-16
5930.76  5.10397e-16
5932.23  5.10413e-16
5933.7   5.10622e-16
5935.17  5.11009e-16
5936.63  5.11537e-16
5938.1   5.12143e-16
5939.57  5.12751e-16
5941.04  5.13284e-16
5942.51  5.13673e-16
5943.97  5.13867e-16
5945.44  5.13843e-16
5946.91  5.13604e-16
5948.38  5.13184e-16
5949.84  5.12635e-16
5951.31  5.12022e-16
5952.78  5.11409e-16
5954.25  5.10848e-16
5955.72  5.10374e-16
5957.18  5.09994e-16
5958.65  5.0969e-16
5960.12  5.09422e-16
5961.59  5.09137e-16
5963.06  5.08776e-16
5964.52  5.08288e-16
5965.99  5.07634e-16
5967.46  5.06796e-16
5968.93  5.05778e-16
5970.39  5.04604e-16
5971.86  5.0331e-16
5973.33  5.01943e-16
5974.8   5.00546e-16
5976.27  4.99156e-16
5977.73  4.97796e-16
5979.2   4.96474e-16
5980.67  4.95186e-16
5982.14  4.93915e-16
5983.6   4.92637e-16
5985.07  4.91323e-16
5986.54  4.89947e-16
5988.01  4.88485e-16
5989.48  4.86915e-16
5990.94  4.85221e-16
5992.41  4.83389e-16
5993.88  4.81409e-16
5995.34  4.79276e-16
5996.8   4.7699e-16
5998.27  4.7456e-16
5999.74  4.72006e-16
6001.21  4.69361e-16
6002.68  4.6667e-16
6004.14  4.63991e-16
6005.61  4.61386e-16
6007.08  4.58917e-16
6008.55  4.56639e-16
6010.02  4.54589e-16
6011.48  4.52781e-16
6012.95  4.51201e-16
6014.42  4.49806e-16
6015.89  4.48531e-16
6017.35  4.47293e-16
6018.82  4.46001e-16
6020.29  4.44573e-16
6021.76  4.42944e-16
6023.23  4.41078e-16
6024.69  4.38971e-16
6026.16  4.36652e-16
6027.63  4.34178e-16
6029.1   4.31624e-16
6030.56  4.29067e-16
6032.03  4.26572e-16
6033.5   4.24177e-16
6034.97  4.21882e-16
6036.44  4.19642e-16
6037.9   4.17371e-16
6039.37  4.14949e-16
6040.84  4.12235e-16
6042.31  4.09085e-16
6043.77  4.05374e-16
6045.24  4.01013e-16
6046.71  3.95967e-16
6048.18  3.90257e-16
6049.65  3.83966e-16
6051.11  3.77227e-16
6052.58  3.70209e-16
6054.05  3.63093e-16
6055.52  3.56051e-16
6056.99  3.49223e-16
6058.45  3.42701e-16
6059.92  3.36519e-16
6061.39  3.30654e-16
6062.86  3.25033e-16
6064.32  3.19553e-16
6065.79  3.14099e-16
6067.26  3.08567e-16
6068.73  3.02885e-16
6070.2   2.97026e-16
6071.66  2.9101e-16
6073.13  2.84903e-16
6074.6   2.78805e-16
6076.07  2.72828e-16
6077.52  2.67083e-16
6078.99  2.61656e-16
6080.46  2.56593e-16
6081.93  2.51902e-16
6083.4   2.47543e-16
6084.86  2.43447e-16
6086.33  2.39524e-16
6087.8   2.35684e-16
6089.27  2.31849e-16
6090.73  2.27971e-16
6092.2   2.24038e-16
6093.67  2.20069e-16
6095.14  2.16118e-16
6096.61  2.12255e-16
6098.07  2.08558e-16
6099.54  2.05099e-16
6101.01  2.01932e-16
6102.48  1.99085e-16
6103.95  1.96561e-16
6105.41  1.94332e-16
6106.88  1.92353e-16
6108.35  1.90565e-16
6109.82  1.88904e-16
6111.28  1.87311e-16
6112.75  1.8574e-16
6114.22  1.84159e-16
6115.69  1.82556e-16
6117.16  1.80941e-16
6118.62  1.79334e-16
6120.09  1.77774e-16
6121.56  1.76305e-16
6123.03  1.74974e-16
6124.49  1.73827e-16
6125.96  1.72903e-16
6127.43  1.72231e-16
6128.9   1.71828e-16
6130.37  1.71697e-16
6131.83  1.71827e-16
6133.3   1.72196e-16
6134.77  1.72769e-16
6136.24  1.73509e-16
6137.7   1.74374e-16
6139.17  1.75327e-16
6140.64  1.76333e-16
6142.11  1.77368e-16
6143.58  1.78418e-16
6145.04  1.7948e-16
6146.51  1.80562e-16
6147.98  1.81682e-16
6149.45  1.82862e-16
6150.92  1.8413e-16
6152.38  1.85512e-16
6153.85  1.87034e-16
6155.32  1.88714e-16
6156.79  1.90566e-16
6158.25  1.92594e-16
6159.72  1.94795e-16
6161.19  1.97161e-16
6162.65  1.99677e-16
6164.12  2.02327e-16
6165.58  2.05094e-16
6167.05  2.07965e-16
6168.52  2.1093e-16
6169.99  2.13985e-16
6171.45  2.17131e-16
6172.92  2.20377e-16
6174.39  2.23729e-16
6175.86  2.27197e-16
6177.33  2.30786e-16
6178.79  2.34495e-16
6180.26  2.38316e-16
6181.73  2.42228e-16
6183.2   2.46206e-16
6184.66  2.50218e-16
6186.13  2.54227e-16
6187.6   2.58204e-16
6189.07  2.62123e-16
6190.54  2.6597e-16
6192     2.69746e-16
6193.47  2.73464e-16
6194.94  2.77149e-16
6196.41  2.80829e-16
6197.88  2.84538e-16
6199.34  2.883e-16
6200.81  2.92129e-16
6202.28  2.96023e-16
6203.75  2.99962e-16
6205.21  3.03909e-16
6206.68  3.07818e-16
6208.15  3.11632e-16
6209.62  3.153e-16
6211.09  3.18779e-16
6212.55  3.22042e-16
6214.02  3.25087e-16
6215.49  3.2793e-16
6216.96  3.30611e-16
6218.42  3.33183e-16
6219.89  3.35706e-16
6221.36  3.38241e-16
6222.83  3.40838e-16
6224.3   3.43532e-16
6225.76  3.46336e-16
6227.23  3.49245e-16
6228.7   3.52236e-16
6230.17  3.55277e-16
6231.63  3.58329e-16
6233.1   3.61357e-16
6234.57  3.64335e-16
6236.04  3.6725e-16
6237.51  3.70099e-16
6238.97  3.72891e-16
6240.44  3.75636e-16
6241.91  3.78344e-16
6243.38  3.8102e-16
6244.85  3.83653e-16
6246.3   3.86221e-16
6247.77  3.88688e-16
6249.24  3.91013e-16
6250.71  3.9315e-16
6252.17  3.9506e-16
6253.64  3.96717e-16
6255.11  3.98113e-16
6256.58  3.99261e-16
6258.05  4.00197e-16
6259.51  4.00973e-16
6260.98  4.01657e-16
6262.45  4.02321e-16
6263.92  4.03036e-16
6265.38  4.03865e-16
6266.85  4.04856e-16
6268.32  4.06038e-16
6269.79  4.07421e-16
6271.26  4.08994e-16
6272.72  4.10728e-16
6274.19  4.12581e-16
6275.66  4.14501e-16
6277.13  4.16431e-16
6278.59  4.18311e-16
6280.06  4.20088e-16
6281.53  4.21712e-16
6283     4.23142e-16
6284.47  4.2435e-16
6285.93  4.25316e-16
6287.4   4.26035e-16
6288.87  4.26514e-16
6290.34  4.26774e-16
6291.81  4.26849e-16
6293.27  4.26789e-16
6294.74  4.2665e-16
6296.21  4.26499e-16
6297.68  4.26405e-16
6299.14  4.26431e-16
6300.61  4.2663e-16
6302.08  4.27033e-16
6303.55  4.27646e-16
6305.02  4.28442e-16
6306.48  4.29364e-16
6307.95  4.3033e-16
6309.42  4.31238e-16
6310.89  4.31988e-16
6312.35  4.32489e-16
6313.82  4.32684e-16
6315.29  4.32554e-16
6316.76  4.32132e-16
6318.23  4.31503e-16
6319.69  4.30789e-16
6321.16  4.30141e-16
6322.63  4.29709e-16
6324.1   4.29628e-16
6325.56  4.29986e-16
6327.03  4.30812e-16
6328.49  4.32067e-16
6329.97  4.33643e-16
6331.43  4.35378e-16
6332.89  4.37072e-16
6334.36  4.38519e-16
6335.83  4.39533e-16
6337.3   4.39973e-16
6338.77  4.39768e-16
6340.23  4.38922e-16
6341.7   4.37515e-16
6343.17  4.35694e-16
6344.64  4.33649e-16
6346.1   4.3159e-16
6347.57  4.29716e-16
6349.04  4.28191e-16
6350.51  4.27126e-16
6351.98  4.26569e-16
6353.44  4.265e-16
6354.91  4.26845e-16
6356.38  4.27484e-16
6357.85  4.28274e-16
6359.31  4.29068e-16
6360.78  4.2973e-16
6362.25  4.30154e-16
6363.72  4.30264e-16
6365.19  4.30028e-16
6366.65  4.29443e-16
6368.12  4.28542e-16
6369.59  4.27378e-16
6371.06  4.26021e-16
6372.52  4.24551e-16
6373.99  4.23047e-16
6375.46  4.21589e-16
6376.93  4.20247e-16
6378.4   4.19081e-16
6379.86  4.18132e-16
6381.33  4.17425e-16
6382.8   4.16962e-16
6384.27  4.16723e-16
6385.74  4.16666e-16
6387.2   4.16733e-16
6388.67  4.16856e-16
6390.14  4.16963e-16
6391.61  4.16991e-16
6393.07  4.1689e-16
6394.54  4.16629e-16
6396.01  4.16202e-16
6397.48  4.15621e-16
6398.95  4.14912e-16
6400.41  4.1411e-16
6401.88  4.13249e-16
6403.35  4.12354e-16
6404.82  4.1144e-16
6406.28  4.10509e-16
6407.75  4.09555e-16
6409.22  4.08568e-16
6410.69  4.0754e-16
6412.16  4.06474e-16
6413.61  4.05389e-16
6415.08  4.04312e-16
6416.55  4.03287e-16
6418.02  4.02356e-16
6419.48  4.01561e-16
6420.95  4.00929e-16
6422.42  4.00469e-16
6423.89  4.00171e-16
6425.36  4.00001e-16
6426.82  3.99914e-16
6428.29  3.99854e-16
6429.76  3.99767e-16
6431.23  3.99605e-16
6432.7   3.99337e-16
6434.16  3.98945e-16
6435.63  3.98428e-16
6437.1   3.97797e-16
6438.57  3.97072e-16
6440.03  3.96276e-16
6441.5   3.95433e-16
6442.97  3.94561e-16
6444.44  3.93675e-16
6445.91  3.92787e-16
6447.37  3.91904e-16
6448.84  3.9103e-16
6450.31  3.9017e-16
6451.78  3.89325e-16
6453.24  3.88495e-16
6454.71  3.8768e-16
6456.18  3.86877e-16
6457.65  3.86081e-16
6459.12  3.85287e-16
6460.58  3.84492e-16
6462.05  3.83693e-16
6463.52  3.82891e-16
6464.99  3.82091e-16
6466.45  3.81301e-16
6467.92  3.8053e-16
6469.39  3.7979e-16
6470.86  3.79089e-16
6472.33  3.78438e-16
6473.79  3.7784e-16
6475.26  3.77299e-16
6476.73  3.76815e-16
6478.2   3.76386e-16
6479.67  3.76005e-16
6481.13  3.75665e-16
6482.6   3.75352e-16
6484.07  3.75046e-16
6485.54  3.74724e-16
6487     3.74354e-16
6488.47  3.73903e-16
6489.94  3.73337e-16
6491.41  3.7263e-16
6492.88  3.71767e-16
6494.34  3.70749e-16
6495.8   3.69602e-16
6497.27  3.6837e-16
6498.74  3.67118e-16
6500.2   3.65923e-16
6501.67  3.64862e-16
6503.14  3.64004e-16
6504.61  3.63393e-16
6506.08  3.63045e-16
6507.54  3.62941e-16
6509.01  3.63027e-16
6510.48  3.63222e-16
6511.95  3.63431e-16
6513.42  3.6356e-16
6514.88  3.63528e-16
6516.35  3.63281e-16
6517.82  3.62802e-16
6519.29  3.6211e-16
6520.75  3.61254e-16
6522.22  3.60305e-16
6523.69  3.59344e-16
6525.16  3.58445e-16
6526.63  3.57665e-16
6528.09  3.57033e-16
6529.56  3.56553e-16
6531.03  3.56202e-16
6532.5   3.55939e-16
6533.96  3.55716e-16
6535.43  3.55486e-16
6536.9   3.55212e-16
6538.37  3.54873e-16
6539.84  3.54466e-16
6541.3   3.53999e-16
6542.77  3.5349e-16
6544.24  3.52958e-16
6545.71  3.52417e-16
6547.17  3.51873e-16
6548.64  3.5132e-16
6550.11  3.50742e-16
6551.58  3.50118e-16
6553.05  3.49428e-16
6554.51  3.48657e-16
6555.98  3.47802e-16
6557.45  3.46871e-16
6558.92  3.45887e-16
6560.39  3.44885e-16
6561.85  3.43903e-16
6563.32  3.42981e-16
6564.79  3.42152e-16
6566.26  3.41434e-16
6567.72  3.40831e-16
6569.19  3.40328e-16
6570.66  3.39893e-16
6572.13  3.39485e-16
6573.6   3.39055e-16
6575.06  3.38556e-16
6576.53  3.37949e-16
6577.99  3.37211e-16
6579.47  3.36335e-16
6580.92  3.35333e-16
6582.39  3.34234e-16
6583.86  3.33079e-16
6585.33  3.31912e-16
6586.8   3.3078e-16
6588.26  3.29717e-16
6589.73  3.28749e-16
6591.2   3.27883e-16
6592.67  3.27112e-16
6594.13  3.26415e-16
6595.6   3.25763e-16
6597.07  3.25124e-16
6598.54  3.2447e-16
6600.01  3.23781e-16
6601.47  3.23046e-16
6602.94  3.22268e-16
6604.41  3.21459e-16
6605.88  3.20641e-16
6607.35  3.19837e-16
6608.81  3.19071e-16
6610.28  3.18359e-16
6611.75  3.17712e-16
6613.22  3.17128e-16
6614.68  3.166e-16
6616.15  3.16111e-16
6617.62  3.15643e-16
6619.09  3.15176e-16
6620.56  3.14694e-16
6622.02  3.14185e-16
6623.49  3.13642e-16
6624.96  3.13066e-16
6626.43  3.12459e-16
6627.89  3.11828e-16
6629.36  3.11178e-16
6630.83  3.10513e-16
6632.3   3.09838e-16
6633.77  3.09154e-16
6635.23  3.08465e-16
6636.7   3.07772e-16
6638.17  3.07083e-16
6639.64  3.06404e-16
6641.1   3.05746e-16
6642.57  3.05118e-16
6644.04  3.0453e-16
6645.51  3.03986e-16
6646.98  3.03483e-16
6648.44  3.03011e-16
6649.91  3.02552e-16
6651.38  3.0208e-16
6652.85  3.01569e-16
6654.32  3.0099e-16
6655.78  3.00323e-16
6657.25  2.99555e-16
6658.72  2.98688e-16
6660.19  2.97737e-16
6661.65  2.9673e-16
6663.11  2.95704e-16
6664.58  2.94701e-16
6666.05  2.93761e-16
6667.52  2.92917e-16
6668.98  2.92188e-16
6670.45  2.91578e-16
6671.92  2.91076e-16
6673.39  2.90656e-16
6674.85  2.90282e-16
6676.32  2.89916e-16
6677.79  2.89518e-16
6679.26  2.89061e-16
6680.73  2.88523e-16
6682.19  2.879e-16
6683.66  2.87196e-16
6685.13  2.86424e-16
6686.6   2.85604e-16
6688.06  2.84752e-16
6689.53  2.83882e-16
6691     2.83001e-16
6692.47  2.82106e-16
6693.94  2.81191e-16
6695.4   2.80246e-16
6696.87  2.79259e-16
6698.34  2.78228e-16
6699.81  2.77153e-16
6701.28  2.76045e-16
6702.74  2.74925e-16
6704.21  2.73817e-16
6705.68  2.72751e-16
6707.15  2.71753e-16
6708.61  2.70844e-16
6710.08  2.70037e-16
6711.55  2.69332e-16
6713.02  2.68718e-16
6714.49  2.68169e-16
6715.95  2.67654e-16
6717.42  2.67133e-16
6718.89  2.66568e-16
6720.36  2.65923e-16
6721.82  2.65172e-16
6723.29  2.64298e-16
6724.76  2.63301e-16
6726.23  2.62193e-16
6727.7   2.60997e-16
6729.16  2.59743e-16
6730.63  2.58469e-16
6732.1   2.57207e-16
6733.57  2.55988e-16
6735.03  2.54836e-16
6736.5   2.53769e-16
6737.97  2.52798e-16
6739.44  2.51929e-16
6740.91  2.51167e-16
6742.37  2.50515e-16
6743.84  2.49972e-16
6745.3   2.49539e-16
6746.77  2.4921e-16
6748.24  2.48972e-16
6749.7   2.48806e-16
6751.17  2.48686e-16
6752.64  2.48576e-16
6754.11  2.48443e-16
6755.57  2.48251e-16
6757.04  2.47975e-16
6758.51  2.47603e-16
6759.98  2.47136e-16
6761.45  2.46595e-16
6762.91  2.46015e-16
6764.38  2.45441e-16
6765.85  2.44925e-16
6767.32  2.44515e-16
6768.78  2.4425e-16
6770.25  2.44154e-16
6771.72  2.44231e-16
6773.19  2.44462e-16
6774.66  2.44809e-16
6776.12  2.45217e-16
6777.59  2.45621e-16
6779.06  2.45954e-16
6780.53  2.46157e-16
6781.99  2.46183e-16
6783.46  2.46009e-16
6784.93  2.45633e-16
6786.4   2.45082e-16
6787.87  2.444e-16
6789.33  2.43646e-16
6790.8   2.42887e-16
6792.27  2.42181e-16
6793.74  2.41575e-16
6795.21  2.41098e-16
6796.67  2.40753e-16
6798.14  2.40523e-16
6799.61  2.40372e-16
6801.08  2.40257e-16
6802.54  2.40132e-16
6804.01  2.39959e-16
6805.48  2.39715e-16
6806.95  2.39397e-16
6808.42  2.39019e-16
6809.88  2.38611e-16
6811.35  2.38213e-16
6812.82  2.37864e-16
6814.29  2.37598e-16
6815.75  2.37431e-16
6817.22  2.37365e-16
6818.69  2.3738e-16
6820.16  2.37443e-16
6821.63  2.37508e-16
6823.09  2.3753e-16
6824.56  2.37472e-16
6826.03  2.37307e-16
6827.5   2.3703e-16
6828.96  2.36653e-16
6830.42  2.36204e-16
6831.89  2.35722e-16
6833.36  2.35243e-16
6834.83  2.348e-16
6836.29  2.34407e-16
6837.76  2.34061e-16
6839.23  2.33741e-16
6840.7   2.33408e-16
6842.17  2.33021e-16
6843.63  2.32539e-16
6845.1   2.31933e-16
6846.57  2.31197e-16
6848.04  2.30347e-16
6849.5   2.29426e-16
6850.97  2.28493e-16
6852.44  2.27617e-16
6853.91  2.26867e-16
6855.38  2.26296e-16
6856.84  2.25932e-16
6858.31  2.25777e-16
6859.78  2.25798e-16
6861.25  2.25939e-16
6862.71  2.26125e-16
6864.18  2.26275e-16
6865.65  2.26316e-16
6867.12  2.26191e-16
6868.59  2.25872e-16
6870.05  2.25357e-16
6871.52  2.24676e-16
6872.99  2.23879e-16
6874.46  2.23031e-16
6875.92  2.22201e-16
6877.39  2.21452e-16
6878.86  2.20829e-16
6880.33  2.20363e-16
6881.8   2.20056e-16
6883.26  2.19895e-16
6884.73  2.19848e-16
6886.2   2.19869e-16
6887.67  2.19911e-16
6889.14  2.19926e-16
6890.6   2.19873e-16
6892.07  2.19723e-16
6893.54  2.1946e-16
6895.01  2.19082e-16
6896.47  2.18603e-16
6897.94  2.18048e-16
6899.41  2.1745e-16
6900.88  2.16846e-16
6902.35  2.16273e-16
6903.81  2.15761e-16
6905.28  2.1533e-16
6906.75  2.1499e-16
6908.22  2.14737e-16
6909.68  2.14556e-16
6911.15  2.14424e-16
6912.62  2.14314e-16
6914.08  2.14202e-16
6915.55  2.14071e-16
6917.01  2.13911e-16
6918.48  2.13723e-16
6919.95  2.13519e-16
6921.42  2.13315e-16
6922.88  2.1313e-16
6924.35  2.12978e-16
6925.82  2.12866e-16
6927.29  2.12789e-16
6928.76  2.12734e-16
6930.22  2.12676e-16
6931.69  2.12587e-16
6933.16  2.12441e-16
6934.63  2.12215e-16
6936.1   2.11902e-16
6937.56  2.11506e-16
6939.03  2.11047e-16
6940.5   2.10558e-16
6941.97  2.10079e-16
6943.43  2.09654e-16
6944.9   2.09318e-16
6946.37  2.09096e-16
6947.84  2.08996e-16
6949.31  2.0901e-16
6950.77  2.09111e-16
6952.24  2.09259e-16
6953.71  2.09412e-16
6955.18  2.09524e-16
6956.64  2.09561e-16
6958.11  2.09502e-16
6959.58  2.09343e-16
6961.05  2.09096e-16
6962.52  2.08787e-16
6963.98  2.0845e-16
6965.45  2.08116e-16
6966.92  2.0781e-16
6968.39  2.07544e-16
6969.85  2.07313e-16
6971.32  2.07094e-16
6972.79  2.06853e-16
6974.26  2.06548e-16
6975.73  2.06142e-16
6977.19  2.05605e-16
6978.66  2.04927e-16
6980.13  2.0412e-16
6981.6   2.03219e-16
6983.07  2.02278e-16
6984.53  2.01365e-16
6986     2.00549e-16
6987.47  1.99895e-16
6988.94  1.99449e-16
6990.4   1.99235e-16
6991.87  1.99247e-16
6993.34  1.99451e-16
6994.81  1.99791e-16
6996.27  2.00195e-16
6997.74  2.00585e-16
6999.2   2.00889e-16
7000.67  2.01052e-16
7002.14  2.0104e-16
7003.6   2.00848e-16
7005.07  2.00496e-16
7006.54  2.00028e-16
7008.01  1.99499e-16
7009.48  1.98971e-16
7010.94  1.98501e-16
7012.41  1.98133e-16
7013.88  1.9789e-16
7015.35  1.97778e-16
7016.81  1.97778e-16
7018.28  1.97861e-16
7019.75  1.97985e-16
7021.22  1.98106e-16
7022.69  1.98185e-16
7024.15  1.98193e-16
7025.62  1.98114e-16
7027.09  1.97946e-16
7028.56  1.977e-16
7030.03  1.974e-16
7031.49  1.97074e-16
7032.96  1.96753e-16
7034.43  1.96463e-16
7035.9   1.96224e-16
7037.36  1.96045e-16
7038.83  1.95925e-16
7040.3   1.9585e-16
7041.77  1.95798e-16
7043.24  1.95742e-16
7044.7   1.95653e-16
7046.17  1.95505e-16
7047.64  1.95278e-16
7049.11  1.94962e-16
7050.57  1.94561e-16
7052.04  1.94085e-16
7053.51  1.93557e-16
7054.98  1.93007e-16
7056.45  1.92465e-16
7057.91  1.91963e-16
7059.38  1.91527e-16
7060.85  1.91178e-16
7062.32  1.90924e-16
7063.78  1.90766e-16
7065.25  1.90697e-16
7066.72  1.90697e-16
7068.19  1.90746e-16
7069.66  1.90816e-16
7071.12  1.9088e-16
7072.59  1.90914e-16
7074.06  1.90896e-16
7075.53  1.9081e-16
7077     1.90645e-16
7078.46  1.90397e-16
7079.93  1.90068e-16
7081.39  1.89662e-16
7082.86  1.8919e-16
7084.32  1.88664e-16
7085.79  1.88097e-16
7087.26  1.87506e-16
7088.73  1.8691e-16
7090.2   1.8633e-16
7091.66  1.85788e-16
7093.13  1.85306e-16
7094.6   1.84907e-16
7096.07  1.84607e-16
7097.53  1.84421e-16
7099     1.8435e-16
7100.47  1.8439e-16
7101.94  1.84523e-16
7103.41  1.84722e-16
7104.87  1.84954e-16
7106.34  1.85178e-16
7107.81  1.85358e-16
7109.28  1.85458e-16
7110.74  1.85456e-16
7112.21  1.85337e-16
7113.68  1.85104e-16
7115.15  1.84773e-16
7116.62  1.8437e-16
7118.08  1.83932e-16
7119.55  1.83498e-16
7121.02  1.83109e-16
7122.49  1.82796e-16
7123.96  1.82586e-16
7125.42  1.8249e-16
7126.89  1.82508e-16
7128.36  1.82624e-16
7129.83  1.82815e-16
7131.29  1.83047e-16
7132.76  1.83285e-16
7134.23  1.83491e-16
7135.7   1.83635e-16
7137.17  1.83693e-16
7138.63  1.83653e-16
7140.1   1.83514e-16
7141.57  1.83288e-16
7143.04  1.82995e-16
7144.5   1.82663e-16
7145.97  1.82321e-16
7147.44  1.81995e-16
7148.91  1.81707e-16
7150.38  1.81465e-16
7151.84  1.81266e-16
7153.31  1.81091e-16
7154.78  1.80911e-16
7156.25  1.80689e-16
7157.72  1.80383e-16
7159.18  1.79957e-16
7160.65  1.79389e-16
7162.12  1.78672e-16
7163.58  1.77822e-16
7165.04  1.76879e-16
7166.51  1.75902e-16
7167.98  1.74966e-16
7169.45  1.74146e-16
7170.92  1.73513e-16
7172.38  1.73119e-16
7173.85  1.7299e-16
7175.32  1.73122e-16
7176.79  1.73477e-16
7178.25  1.73994e-16
7179.72  1.74595e-16
7181.19  1.75201e-16
7182.66  1.7574e-16
7184.13  1.76159e-16
7185.59  1.76432e-16
7187.06  1.76562e-16
7188.53  1.76573e-16
7190     1.76505e-16
7191.46  1.76404e-16
7192.93  1.76307e-16
7194.4   1.76237e-16
7195.87  1.76196e-16
7197.34  1.76166e-16
7198.8   1.7611e-16
7200.27  1.75986e-16
7201.74  1.75754e-16
7203.21  1.75386e-16
7204.68  1.74877e-16
7206.14  1.74241e-16
7207.61  1.73521e-16
7209.08  1.72772e-16
7210.55  1.72058e-16
7212.01  1.71439e-16
7213.48  1.70962e-16
7214.95  1.7065e-16
7216.42  1.70501e-16
7217.89  1.70487e-16
7219.35  1.70563e-16
7220.82  1.70669e-16
7222.29  1.70748e-16
7223.76  1.7075e-16
7225.22  1.70644e-16
7226.69  1.70421e-16
7228.16  1.70094e-16
7229.63  1.69696e-16
7231.1   1.69273e-16
7232.56  1.68876e-16
7234.03  1.6855e-16
7235.5   1.68328e-16
7236.97  1.68225e-16
7238.43  1.68239e-16
7239.9   1.68343e-16
7241.37  1.68499e-16
7242.84  1.68656e-16
7244.31  1.68765e-16
7245.76  1.68779e-16
7247.24  1.68665e-16
7248.7   1.68408e-16
7250.17  1.6801e-16
7251.64  1.67494e-16
7253.1   1.66897e-16
7254.57  1.66267e-16
7256.04  1.65653e-16
7257.51  1.65101e-16
7258.97  1.64646e-16
7260.44  1.64307e-16
7261.91  1.64082e-16
7263.38  1.63951e-16
7264.85  1.63878e-16
7266.31  1.63817e-16
7267.78  1.63717e-16
7269.25  1.63534e-16
7270.72  1.63235e-16
7272.18  1.62807e-16
7273.65  1.62258e-16
7275.12  1.61619e-16
7276.59  1.60936e-16
7278.06  1.60266e-16
7279.52  1.59666e-16
7280.99  1.59182e-16
7282.46  1.58846e-16
7283.93  1.58664e-16
7285.39  1.58619e-16
7286.86  1.58674e-16
7288.33  1.58772e-16
7289.8   1.58853e-16
7291.27  1.58856e-16
7292.73  1.58733e-16
7294.2   1.58452e-16
7295.67  1.58003e-16
7297.14  1.57396e-16
7298.61  1.56658e-16
7300.07  1.55829e-16
7301.54  1.54953e-16
7303.01  1.54072e-16
7304.48  1.53224e-16
7305.94  1.52436e-16
7307.41  1.51724e-16
7308.88  1.51095e-16
7310.35  1.50551e-16
7311.82  1.50089e-16
7313.28  1.49702e-16
7314.75  1.49385e-16
7316.22  1.49133e-16
7317.69  1.48939e-16
7319.15  1.48792e-16
7320.62  1.48678e-16
7322.09  1.48578e-16
7323.56  1.48469e-16
7325.03  1.48323e-16
7326.49  1.48117e-16
7327.96  1.4783e-16
7329.43  1.47448e-16
7330.89  1.4697e-16
7332.35  1.46405e-16
7333.82  1.45771e-16
7335.29  1.45095e-16
7336.76  1.44408e-16
7338.23  1.43737e-16
7339.69  1.43107e-16
7341.16  1.42532e-16
7342.63  1.42018e-16
7344.1   1.41563e-16
7345.57  1.41161e-16
7347.03  1.408e-16
7348.5   1.40473e-16
7349.97  1.40176e-16
7351.44  1.3991e-16
7352.9   1.3968e-16
7354.37  1.39495e-16
7355.84  1.39361e-16
7357.31  1.39281e-16
7358.78  1.39249e-16
7360.24  1.39255e-16
7361.71  1.39278e-16
7363.18  1.39298e-16
7364.65  1.39295e-16
7366.11  1.39254e-16
7367.58  1.39175e-16
7369.05  1.39066e-16
7370.52  1.3895e-16
7371.99  1.38858e-16
7373.45  1.38823e-16
7374.92  1.38872e-16
7376.39  1.39025e-16
7377.86  1.39283e-16
7379.32  1.3963e-16
7380.79  1.40032e-16
7382.26  1.40441e-16
7383.73  1.40805e-16
7385.2   1.41071e-16
7386.66  1.41193e-16
7388.13  1.41141e-16
7389.6   1.40904e-16
7391.07  1.40487e-16
7392.54  1.39914e-16
7394     1.39222e-16
7395.47  1.38452e-16
7396.94  1.37648e-16
7398.41  1.36846e-16
7399.87  1.36073e-16
7401.34  1.35345e-16
7402.81  1.34664e-16
7404.28  1.34022e-16
7405.75  1.33405e-16
7407.21  1.32793e-16
7408.68  1.32168e-16
7410.15  1.31513e-16
7411.62  1.30819e-16
7413.07  1.30079e-16
7414.54  1.29293e-16
7416.01  1.28464e-16
7417.48  1.27598e-16
7418.95  1.267e-16
7420.41  1.25776e-16
7421.88  1.24833e-16
7423.35  1.23872e-16
7424.82  1.22897e-16
7426.28  1.21909e-16
7427.75  1.20907e-16
7429.22  1.19891e-16
7430.69  1.18858e-16
7432.16  1.17805e-16
7433.62  1.16728e-16
7435.09  1.15622e-16
7436.56  1.14483e-16
7438.03  1.13309e-16
7439.5   1.12099e-16
7440.96  1.10859e-16
7442.43  1.09601e-16
7443.9   1.0834e-16
7445.37  1.071e-16
7446.83  1.05911e-16
7448.3   1.04804e-16
7449.77  1.03813e-16
7451.24  1.02969e-16
7452.71  1.02299e-16
7454.17  1.01824e-16
7455.64  1.01548e-16
7457.11  1.01468e-16
7458.58  1.0156e-16
7460.04  1.0179e-16
7461.51  1.02108e-16
7462.98  1.02458e-16
7464.45  1.02783e-16
7465.92  1.03028e-16
7467.38  1.03153e-16
7468.85  1.03135e-16
7470.32  1.02973e-16
7471.79  1.02689e-16
7473.25  1.02326e-16
7474.72  1.0194e-16
7476.19  1.01599e-16
7477.66  1.01367e-16
7479.13  1.01298e-16
7480.59  1.01431e-16
7482.06  1.01783e-16
7483.53  1.02347e-16
7485     1.03095e-16
7486.47  1.0398e-16
7487.93  1.04944e-16
7489.4   1.05922e-16
7490.87  1.06853e-16
7492.34  1.07684e-16
7493.8   1.08374e-16
7495.27  1.089e-16
7496.74  1.09254e-16
7498.21  1.09446e-16
7499.67  1.09501e-16
7501.13  1.09453e-16
7502.6   1.09343e-16
7504.07  1.09214e-16
7505.54  1.09107e-16
7507     1.09058e-16
7508.47  1.09091e-16
7509.94  1.09221e-16
7511.41  1.09449e-16
7512.88  1.09764e-16
7514.34  1.10142e-16
7515.81  1.10553e-16
7517.28  1.10958e-16
7518.75  1.11322e-16
7520.21  1.11611e-16
7521.68  1.11801e-16
7523.15  1.1188e-16
7524.62  1.11852e-16
7526.09  1.11735e-16
7527.55  1.11558e-16
7529.02  1.11361e-16
7530.49  1.11189e-16
7531.96  1.11085e-16
7533.43  1.11083e-16
7534.89  1.11208e-16
7536.36  1.11464e-16
7537.83  1.11839e-16
7539.3   1.12302e-16
7540.76  1.12805e-16
7542.23  1.13289e-16
7543.7   1.13693e-16
7545.17  1.13956e-16
7546.64  1.14033e-16
7548.1   1.13897e-16
7549.57  1.13549e-16
7551.04  1.13018e-16
7552.51  1.12363e-16
7553.97  1.11666e-16
7555.44  1.11029e-16
7556.91  1.10556e-16
7558.38  1.10346e-16
7559.85  1.10476e-16
7561.31  1.10992e-16
7562.78  1.119e-16
7564.25  1.13162e-16
7565.72  1.14698e-16
7567.18  1.16393e-16
7568.65  1.18109e-16
7570.12  1.19701e-16
7571.59  1.21037e-16
7573.06  1.2201e-16
7574.52  1.22556e-16
7575.99  1.22662e-16
7577.46  1.22364e-16
7578.93  1.21749e-16
7580.4   1.20937e-16
7581.85  1.20067e-16
7583.32  1.19278e-16
7584.79  1.1869e-16
7586.26  1.18391e-16
7587.72  1.18423e-16
7589.19  1.18786e-16
7590.66  1.19438e-16
7592.13  1.20303e-16
7593.6   1.21291e-16
7595.06  1.22306e-16
7596.53  1.23263e-16
7598     1.24097e-16
7599.47  1.24769e-16
7600.93  1.25263e-16
7602.4   1.25591e-16
7603.87  1.25777e-16
7605.34  1.25857e-16
7606.81  1.25867e-16
7608.27  1.2584e-16
7609.74  1.258e-16
7611.21  1.25762e-16
7612.68  1.25733e-16
7614.14  1.25715e-16
7615.61  1.25704e-16
7617.08  1.257e-16
7618.55  1.25698e-16
7620.02  1.25698e-16
7621.48  1.25698e-16
7622.95  1.25698e-16
7624.42  1.25698e-16