3423.81  5.93216e-16
3425.29  6.3224e-16
3426.78  6.72625e-16
3428.26  7.11969e-16
3429.75  7.48134e-16
3431.23  7.7952e-16
3432.72  8.05265e-16
3434.2   8.25304e-16
3435.68  8.40315e-16
3437.17  8.51544e-16
3438.65  8.60552e-16
3440.14  8.68933e-16
3441.62  8.78057e-16
3443.11  8.88872e-16
3444.59  9.01801e-16
3446.07  9.16737e-16
3447.56  9.33127e-16
3449.04  9.50113e-16
3450.53  9.66704e-16
3452.01  9.8194e-16
3453.5   9.9502e-16
3454.98  1.00538e-15
3456.47  1.01274e-15
3457.95  1.01705e-15
3459.43  1.01847e-15
3460.92  1.01729e-15
3462.4   1.01389e-15
3463.89  1.00865e-15
3465.37  1.00192e-15
3466.86  9.94053e-16
3468.34  9.85336e-16
3469.82  9.76049e-16
3471.31  9.66464e-16
3472.79  9.56849e-16
3474.28  9.47473e-16
3475.76  9.38599e-16
3477.25  9.30467e-16
3478.73  9.23279e-16
3480.21  9.17187e-16
3481.7   9.12287e-16
3483.18  9.08617e-16
3484.67  9.06175e-16
3486.15  9.0493e-16
3487.64  9.04844e-16
3489.12  9.05887e-16
3490.6   9.08043e-16
3492.09  9.11314e-16
3493.57  9.15701e-16
3495.06  9.21195e-16
3496.54  9.27747e-16
3498.03  9.35245e-16
3499.51  9.43499e-16
3500.99  9.52224e-16
3502.48  9.61043e-16
3503.96  9.69495e-16
3505.45  9.77059e-16
3506.93  9.83197e-16
3508.42  9.87403e-16
3509.9   9.89262e-16
3511.38  9.88511e-16
3512.87  9.85099e-16
3514.35  9.79221e-16
3515.84  9.71338e-16
3517.32  9.62153e-16
3518.81  9.52557e-16
3520.29  9.43537e-16
3521.77  9.36062e-16
3523.26  9.30957e-16
3524.74  9.28797e-16
3526.23  9.29822e-16
3527.71  9.33904e-16
3529.2   9.4057e-16
3530.68  9.49076e-16
3532.17  9.58516e-16
3533.65  9.67962e-16
3535.13  9.76589e-16
3536.62  9.83781e-16
3538.1   9.89186e-16
3539.59  9.92731e-16
3541.07  9.9458e-16
3542.56  9.95065e-16
3544.04  9.94597e-16
3545.52  9.9359e-16
3547.01  9.924e-16
3548.49  9.91299e-16
3549.98  9.90478e-16
3551.46  9.90077e-16
3552.95  9.90225e-16
3554.43  9.91068e-16
3555.91  9.92786e-16
3557.4   9.95577e-16
3558.88  9.9962e-16
3560.37  1.00501e-15
3561.85  1.01171e-15
3563.34  1.01948e-15
3564.82  1.02789e-15
3566.3   1.03637e-15
3567.79  1.04422e-15
3569.27  1.05081e-15
3570.76  1.05564e-15
3572.24  1.05853e-15
3573.73  1.05965e-15
3575.21  1.05957e-15
3576.69  1.05924e-15
3578.18  1.05979e-15
3579.66  1.06242e-15
3581.15  1.06817e-15
3582.63  1.07769e-15
3584.12  1.09111e-15
3585.6   1.10795e-15
3587.08  1.12715e-15
3588.57  1.14716e-15
3590.05  1.16621e-15
3591.54  1.1825e-15
3593.02  1.19453e-15
3594.51  1.20128e-15
3595.99  1.20241e-15
3597.47  1.19829e-15
3598.96  1.18997e-15
3600.44  1.17895e-15
3601.93  1.16703e-15
3603.41  1.15596e-15
3604.9   1.14725e-15
3606.38  1.14189e-15
3607.86  1.14029e-15
3609.35  1.14224e-15
3610.83  1.14697e-15
3612.32  1.15333e-15
3613.8   1.15998e-15
3615.29  1.16559e-15
3616.77  1.1691e-15
3618.26  1.16975e-15
3619.74  1.16728e-15
3621.22  1.1618e-15
3622.71  1.15381e-15
3624.19  1.14402e-15
3625.68  1.13323e-15
3627.16  1.12218e-15
3628.65  1.11143e-15
3630.13  1.10127e-15
3631.61  1.0917e-15
3633.1   1.0825e-15
3634.58  1.07324e-15
3636.07  1.06343e-15
3637.55  1.05261e-15
3639.04  1.04047e-15
3640.52  1.02686e-15
3642     1.0119e-15
3643.49  9.95881e-16
3644.97  9.79265e-16
3646.46  9.62578e-16
3647.94  9.46334e-16
3649.43  9.30945e-16
3650.91  9.16669e-16
3652.39  9.03576e-16
3653.88  8.91566e-16
3655.36  8.80401e-16
3656.85  8.69772e-16
3658.33  8.59371e-16
3659.82  8.48948e-16
3661.3   8.38365e-16
3662.78  8.27607e-16
3664.27  8.16772e-16
3665.75  8.06033e-16
3667.24  7.95589e-16
3668.72  7.856e-16
3670.21  7.76146e-16
3671.69  7.67199e-16
3673.17  7.5862e-16
3674.66  7.50187e-16
3676.14  7.41645e-16
3677.63  7.32761e-16
3679.11  7.23387e-16
3680.6   7.13498e-16
3682.08  7.03218e-16
3683.56  6.92803e-16
3685.05  6.82611e-16
3686.53  6.73039e-16
3688.02  6.64454e-16
3689.5   6.57132e-16
3690.99  6.51202e-16
3692.47  6.46622e-16
3693.95  6.43179e-16
3695.44  6.4052e-16
3696.92  6.38201e-16
3698.41  6.35752e-16
3699.89  6.32742e-16
3701.38  6.28838e-16
3702.86  6.23846e-16
3704.35  6.17728e-16
3705.83  6.10609e-16
3707.31  6.02746e-16
3708.8   5.94496e-16
3710.28  5.86271e-16
3711.77  5.78484e-16
3713.25  5.71512e-16
3714.74  5.65654e-16
3716.22  5.61114e-16
3717.7   5.57988e-16
3719.19  5.56271e-16
3720.67  5.55875e-16
3722.16  5.56649e-16
3723.64  5.58411e-16
3725.13  5.60975e-16
3726.61  5.64178e-16
3728.09  5.67895e-16
3729.58  5.72048e-16
3731.06  5.76611e-16
3732.55  5.81594e-16
3734.03  5.87034e-16
3735.52  5.92975e-16
3737     5.99448e-16
3738.48  6.06462e-16
3739.97  6.13993e-16
3741.45  6.21985e-16
3742.94  6.30355e-16
3744.42  6.39003e-16
3745.91  6.47823e-16
3747.39  6.56719e-16
3748.87  6.65608e-16
3750.36  6.74431e-16
3751.84  6.83145e-16
3753.33  6.91724e-16
3754.81  7.00146e-16
3756.3   7.08386e-16
3757.78  7.16401e-16
3759.26  7.24124e-16
3760.75  7.31458e-16
3762.23  7.38268e-16
3763.72  7.44392e-16
3765.2   7.49641e-16
3766.69  7.53817e-16
3768.17  7.56727e-16
3769.65  7.5821e-16
3771.14  7.58155e-16
3772.62  7.56524e-16
3774.11  7.53366e-16
3775.59  7.48826e-16
3777.08  7.43143e-16
3778.56  7.36637e-16
3780.04  7.29684e-16
3781.53  7.22685e-16
3783.01  7.16032e-16
3784.5   7.10069e-16
3785.98  7.05063e-16
3787.47  7.01178e-16
3788.95  6.98467e-16
3790.44  6.96873e-16
3791.92  6.96244e-16
3793.4   6.96355e-16
3794.89  6.96948e-16
3796.37  6.97759e-16
3797.86  6.98555e-16
3799.34  6.99159e-16
3800.83  6.99464e-16
3802.31  6.99442e-16
3803.79  6.99128e-16
3805.28  6.98613e-16
3806.76  6.98011e-16
3808.25  6.9744e-16
3809.73  6.96993e-16
3811.22  6.96719e-16
3812.7   6.96614e-16
3814.18  6.96623e-16
3815.67  6.9665e-16
3817.15  6.96582e-16
3818.64  6.96317e-16
3820.12  6.95791e-16
3821.61  6.95009e-16
3823.09  6.94058e-16
3824.57  6.93109e-16
3826.06  6.92413e-16
3827.54  6.92273e-16
3829.03  6.9301e-16
3830.51  6.94927e-16
3832     6.9827e-16
3833.48  7.03204e-16
3834.96  7.09795e-16
3836.45  7.18009e-16
3837.93  7.27724e-16
3839.42  7.38754e-16
3840.9   7.50877e-16
3842.39  7.63863e-16
3843.87  7.77497e-16
3845.35  7.91591e-16
3846.84  8.05986e-16
3848.32  8.20547e-16
3849.81  8.35144e-16
3851.29  8.4964e-16
3852.78  8.63879e-16
3854.26  8.77683e-16
3855.74  8.90861e-16
3857.23  9.03225e-16
3858.71  9.14614e-16
3860.2   9.24922e-16
3861.68  9.34115e-16
3863.17  9.42244e-16
3864.65  9.49436e-16
3866.13  9.55879e-16
3867.62  9.61785e-16
3869.1   9.67354e-16
3870.59  9.72735e-16
3872.07  9.77999e-16
3873.56  9.83121e-16
3875.04  9.87989e-16
3876.53  9.92422e-16
3878.01  9.96212e-16
3879.49  9.99167e-16
3880.98  1.00116e-15
3882.46  1.00214e-15
3883.95  1.0022e-15
3885.43  1.00152e-15
3886.92  1.00037e-15
3888.4   9.99061e-16
3889.88  9.9791e-16
3891.37  9.97172e-16
3892.85  9.97017e-16
3894.34  9.97509e-16
3895.82  9.98617e-16
3897.31  1.00024e-15
3898.79  1.00225e-15
3900.27  1.00455e-15
3901.76  1.00709e-15
3903.24  1.00993e-15
3904.73  1.0132e-15
3906.21  1.01708e-15
3907.7   1.02173e-15
3909.18  1.02725e-15
3910.66  1.03361e-15
3912.15  1.04059e-15
3913.63  1.04776e-15
3915.12  1.05456e-15
3916.6   1.06033e-15
3918.09  1.0644e-15
3919.57  1.06628e-15
3921.05  1.06568e-15
3922.54  1.06269e-15
3924.02  1.05774e-15
3925.51  1.05163e-15
3926.99  1.04541e-15
3928.48  1.04028e-15
3929.96  1.03737e-15
3931.44  1.03764e-15
3932.93  1.04171e-15
3934.41  1.04975e-15
3935.9   1.06148e-15
3937.38  1.07621e-15
3938.87  1.09295e-15
3940.35  1.11055e-15
3941.83  1.12785e-15
3943.32  1.14381e-15
3944.8   1.15761e-15
3946.29  1.16868e-15
3947.77  1.17672e-15
3949.26  1.18162e-15
3950.74  1.18342e-15
3952.22  1.18222e-15
3953.71  1.17817e-15
3955.19  1.17145e-15
3956.68  1.1623e-15
3958.16  1.15105e-15
3959.65  1.13817e-15
3961.13  1.12433e-15
3962.62  1.11037e-15
3964.1   1.0972e-15
3965.58  1.0858e-15
3967.07  1.07699e-15
3968.55  1.07136e-15
3970.04  1.06915e-15
3971.52  1.07016e-15
3973.01  1.07378e-15
3974.49  1.07904e-15
3975.97  1.08479e-15
3977.46  1.08982e-15
3978.94  1.09308e-15
3980.43  1.09385e-15
3981.91  1.09181e-15
3983.4   1.08713e-15
3984.88  1.0804e-15
3986.36  1.07255e-15
3987.85  1.06466e-15
3989.33  1.05781e-15
3990.82  1.05291e-15
3992.3   1.05056e-15
3993.79  1.05096e-15
3995.27  1.05391e-15
3996.75  1.05889e-15
3998.24  1.06513e-15
3999.72  1.07176e-15
4001.21  1.07796e-15
4002.69  1.08305e-15
4004.18  1.08665e-15
4005.66  1.08866e-15
4007.14  1.08926e-15
4008.63  1.0889e-15
4010.11  1.08817e-15
4011.6   1.08772e-15
4013.08  1.08814e-15
4014.57  1.08992e-15
4016.05  1.09331e-15
4017.53  1.09838e-15
4019.02  1.10496e-15
4020.5   1.11272e-15
4021.99  1.12118e-15
4023.47  1.12984e-15
4024.96  1.1382e-15
4026.44  1.14583e-15
4027.92  1.15245e-15
4029.41  1.1579e-15
4030.89  1.16219e-15
4032.38  1.16546e-15
4033.86  1.16796e-15
4035.35  1.16998e-15
4036.83  1.17184e-15
4038.32  1.17383e-15
4039.8   1.17616e-15
4041.28  1.17896e-15
4042.77  1.18226e-15
4044.25  1.18604e-15
4045.74  1.19017e-15
4047.22  1.19455e-15
4048.71  1.19904e-15
4050.19  1.20355e-15
4051.67  1.208e-15
4053.16  1.21239e-15
4054.64  1.21671e-15
4056.13  1.22096e-15
4057.61  1.22513e-15
4059.1   1.22914e-15
4060.58  1.23288e-15
4062.06  1.23618e-15
4063.55  1.23881e-15
4065.03  1.24056e-15
4066.52  1.24122e-15
4068     1.24065e-15
4069.49  1.23882e-15
4070.97  1.23578e-15
4072.45  1.23171e-15
4073.94  1.22686e-15
4075.42  1.22156e-15
4076.91  1.21613e-15
4078.39  1.2109e-15
4079.88  1.2061e-15
4081.36  1.20191e-15
4082.84  1.19837e-15
4084.33  1.19546e-15
4085.81  1.19305e-15
4087.3   1.19098e-15
4088.78  1.18905e-15
4090.27  1.18706e-15
4091.75  1.18484e-15
4093.23  1.18227e-15
4094.72  1.17924e-15
4096.2   1.17571e-15
4097.69  1.17166e-15
4099.17  1.1671e-15
4100.66  1.16204e-15
4102.14  1.15654e-15
4103.62  1.15063e-15
4105.11  1.14438e-15
4106.59  1.13785e-15
4108.08  1.13112e-15
4109.56  1.12427e-15
4111.05  1.11738e-15
4112.53  1.11054e-15
4114.01  1.10384e-15
4115.5   1.09736e-15
4116.98  1.09119e-15
4118.47  1.0854e-15
4119.95  1.08005e-15
4121.44  1.07522e-15
4122.92  1.07096e-15
4124.41  1.0673e-15
4125.89  1.06426e-15
4127.37  1.06183e-15
4128.86  1.05999e-15
4130.34  1.05866e-15
4131.83  1.05775e-15
4133.31  1.05713e-15
4134.8   1.05667e-15
4136.28  1.05626e-15
4137.76  1.05576e-15
4139.25  1.05509e-15
4140.73  1.05422e-15
4142.22  1.05314e-15
4143.7   1.05192e-15
4145.19  1.05066e-15
4146.67  1.04947e-15
4148.15  1.04849e-15
4149.64  1.04785e-15
4151.12  1.04762e-15
4152.61  1.04784e-15
4154.09  1.04846e-15
4155.58  1.04939e-15
4157.06  1.05045e-15
4158.54  1.05145e-15
4160.03  1.05218e-15
4161.51  1.05243e-15
4163     1.05204e-15
4164.48  1.05091e-15
4165.97  1.04901e-15
4167.45  1.04638e-15
4168.93  1.04309e-15
4170.42  1.03928e-15
4171.9   1.03506e-15
4173.39  1.03053e-15
4174.87  1.02576e-15
4176.36  1.02075e-15
4177.84  1.01546e-15
4179.32  1.00983e-15
4180.81  1.00377e-15
4182.29  9.97199e-16
4183.78  9.90085e-16
4185.26  9.82448e-16
4186.75  9.74376e-16
4188.23  9.66013e-16
4189.71  9.5755e-16
4191.2   9.49187e-16
4192.68  9.41107e-16
4194.17  9.33444e-16
4195.65  9.26255e-16
4197.14  9.19514e-16
4198.62  9.13116e-16
4200.1   9.06893e-16
4201.59  9.00653e-16
4203.07  8.94215e-16
4204.56  8.8744e-16
4206.04  8.80265e-16
4207.53  8.72709e-16
4209.01  8.64871e-16
4210.5   8.56907e-16
4211.98  8.49e-16
4213.46  8.41319e-16
4214.95  8.33989e-16
4216.43  8.27067e-16
4217.92  8.20529e-16
4219.4   8.14285e-16
4220.89  8.08193e-16
4222.37  8.02094e-16
4223.85  7.95844e-16
4225.34  7.89345e-16
4226.82  7.82565e-16
4228.31  7.75545e-16
4229.79  7.6839e-16
4231.28  7.6125e-16
4232.76  7.54295e-16
4234.24  7.47679e-16
4235.73  7.41518e-16
4237.21  7.35865e-16
4238.7   7.30702e-16
4240.18  7.25945e-16
4241.67  7.21459e-16
4243.15  7.17078e-16
4244.63  7.12632e-16
4246.12  7.07976e-16
4247.6   7.03011e-16
4249.09  6.97694e-16
4250.57  6.92043e-16
4252.06  6.86129e-16
4253.54  6.80061e-16
4255.02  6.73964e-16
4256.51  6.67958e-16
4257.99  6.62138e-16
4259.48  6.56561e-16
4260.96  6.51241e-16
4262.45  6.46159e-16
4263.93  6.41267e-16
4265.41  6.36517e-16
4266.9   6.3187e-16
4268.38  6.27323e-16
4269.87  6.22911e-16
4271.35  6.18715e-16
4272.84  6.14849e-16
4274.32  6.11446e-16
4275.8   6.08633e-16
4277.29  6.06507e-16
4278.77  6.05119e-16
4280.26  6.0445e-16
4281.74  6.04415e-16
4283.23  6.04864e-16
4284.71  6.05602e-16
4286.19  6.06408e-16
4287.68  6.07073e-16
4289.16  6.07423e-16
4290.65  6.07346e-16
4292.13  6.06814e-16
4293.62  6.0589e-16
4295.1   6.0473e-16
4296.59  6.03565e-16
4298.07  6.02684e-16
4299.55  6.02399e-16
4301.04  6.03013e-16
4302.52  6.04786e-16
4304.01  6.07897e-16
4305.49  6.12421e-16
4306.98  6.18311e-16
4308.46  6.25396e-16
4309.94  6.33389e-16
4311.43  6.41913e-16
4312.91  6.50535e-16
4314.4   6.58814e-16
4315.88  6.66345e-16
4317.37  6.7281e-16
4318.85  6.78008e-16
4320.33  6.81887e-16
4321.82  6.84545e-16
4323.3   6.86219e-16
4324.79  6.87255e-16
4326.27  6.88062e-16
4327.76  6.89057e-16
4329.24  6.90614e-16
4330.72  6.93011e-16
4332.21  6.96402e-16
4333.69  7.00799e-16
4335.18  7.0608e-16
4336.66  7.12018e-16
4338.15  7.18322e-16
4339.63  7.24692e-16
4341.11  7.30864e-16
4342.6   7.36655e-16
4344.08  7.41987e-16
4345.57  7.46893e-16
4347.05  7.51502e-16
4348.54  7.56011e-16
4350.02  7.60638e-16
4351.5   7.65586e-16
4352.99  7.71001e-16
4354.47  7.76949e-16
4355.96  7.83403e-16
4357.44  7.90251e-16
4358.93  7.97321e-16
4360.41  8.04405e-16
4361.89  8.113e-16
4363.38  8.17837e-16
4364.86  8.23907e-16
4366.35  8.29467e-16
4367.83  8.34543e-16
4369.32  8.39215e-16
4370.8   8.43588e-16
4372.28  8.47764e-16
4373.77  8.51819e-16
4375.25  8.55769e-16
4376.74  8.59565e-16
4378.22  8.63083e-16
4379.71  8.66141e-16
4381.19  8.68516e-16
4382.68  8.69975e-16
4384.16  8.70311e-16
4385.64  8.69373e-16
4387.13  8.67099e-16
4388.61  8.63524e-16
4390.1   8.58792e-16
4391.58  8.53137e-16
4393.07  8.46865e-16
4394.55  8.40313e-16
4396.03  8.33813e-16
4397.52  8.27657e-16
4399     8.22056e-16
4400.49  8.17129e-16
4401.97  8.12889e-16
4403.46  8.09253e-16
4404.94  8.06058e-16
4406.42  8.03095e-16
4407.91  8.00136e-16
4409.39  7.96973e-16
4410.88  7.93447e-16
4412.36  7.89468e-16
4413.85  7.8503e-16
4415.33  7.80218e-16
4416.81  7.75193e-16
4418.3   7.70186e-16
4419.78  7.65469e-16
4421.27  7.61336e-16
4422.75  7.58066e-16
4424.24  7.55907e-16
4425.72  7.55042e-16
4427.2   7.55574e-16
4428.69  7.57519e-16
4430.17  7.60796e-16
4431.66  7.6524e-16
4433.14  7.70615e-16
4434.63  7.76641e-16
4436.11  7.83027e-16
4437.59  7.89496e-16
4439.08  7.95821e-16
4440.56  8.01846e-16
4442.05  8.07502e-16
4443.53  8.12806e-16
4445.02  8.1785e-16
4446.5   8.22784e-16
4447.98  8.27781e-16
4449.47  8.3301e-16
4450.95  8.38604e-16
4452.44  8.44636e-16
4453.92  8.51104e-16
4455.41  8.57935e-16
4456.89  8.64988e-16
4458.37  8.72076e-16
4459.86  8.78991e-16
4461.34  8.85529e-16
4462.83  8.91513e-16
4464.31  8.96809e-16
4465.8   9.0134e-16
4467.28  9.05076e-16
4468.77  9.08036e-16
4470.25  9.10271e-16
4471.73  9.11852e-16
4473.22  9.12857e-16
4474.7   9.13362e-16
4476.19  9.13439e-16
4477.67  9.13153e-16
4479.16  9.12566e-16
4480.64  9.11743e-16
4482.12  9.10753e-16
4483.61  9.09674e-16
4485.09  9.08589e-16
4486.58  9.07586e-16
4488.06  9.06754e-16
4489.55  9.06173e-16
4491.03  9.05909e-16
4492.51  9.06014e-16
4494     9.06514e-16
4495.48  9.07414e-16
4496.97  9.08692e-16
4498.45  9.10301e-16
4499.94  9.12167e-16
4501.42  9.14194e-16
4502.9   9.1626e-16
4504.39  9.18225e-16
4505.87  9.19937e-16
4507.36  9.21237e-16
4508.84  9.21973e-16
4510.33  9.22015e-16
4511.81  9.21268e-16
4513.29  9.19689e-16
4514.78  9.17293e-16
4516.26  9.14162e-16
4517.75  9.10444e-16
4519.23  9.06337e-16
4520.72  9.02077e-16
4522.2   8.97912e-16
4523.68  8.94074e-16
4525.17  8.9075e-16
4526.65  8.88067e-16
4528.14  8.86066e-16
4529.62  8.84705e-16
4531.11  8.83859e-16
4532.59  8.83339e-16
4534.07  8.82918e-16
4535.56  8.8236e-16
4537.04  8.81458e-16
4538.53  8.80056e-16
4540.01  8.78081e-16
4541.5   8.75546e-16
4542.98  8.72556e-16
4544.47  8.69291e-16
4545.95  8.65987e-16
4547.43  8.629e-16
4548.92  8.60279e-16
4550.4   8.5833e-16
4551.89  8.57195e-16
4553.37  8.56932e-16
4554.86  8.57513e-16
4556.34  8.58824e-16
4557.82  8.60683e-16
4559.31  8.62856e-16
4560.79  8.65086e-16
4562.28  8.67121e-16
4563.76  8.68737e-16
4565.25  8.69766e-16
4566.73  8.7011e-16
4568.21  8.69753e-16
4569.7   8.68765e-16
4571.18  8.67289e-16
4572.67  8.65526e-16
4574.15  8.6371e-16
4575.64  8.62076e-16
4577.12  8.60828e-16
4578.6   8.60111e-16
4580.09  8.59989e-16
4581.57  8.60432e-16
4583.06  8.6132e-16
4584.54  8.62459e-16
4586.03  8.63608e-16
4587.51  8.64511e-16
4588.99  8.64939e-16
4590.48  8.64721e-16
4591.96  8.63772e-16
4593.45  8.62101e-16
4594.93  8.59814e-16
4596.42  8.57095e-16
4597.9   8.54175e-16
4599.38  8.513e-16
4600.87  8.48695e-16
4602.35  8.46528e-16
4603.84  8.44889e-16
4605.32  8.43781e-16
4606.81  8.43124e-16
4608.29  8.42768e-16
4609.77  8.4252e-16
4611.26  8.4217e-16
4612.74  8.41518e-16
4614.23  8.40399e-16
4615.71  8.38695e-16
4617.2   8.3634e-16
4618.68  8.33317e-16
4620.16  8.29648e-16
4621.65  8.25383e-16
4623.13  8.20578e-16
4624.62  8.15292e-16
4626.1   8.09572e-16
4627.59  8.03454e-16
4629.07  7.96963e-16
4630.56  7.90122e-16
4632.04  7.82961e-16
4633.52  7.75521e-16
4635.01  7.67868e-16
4636.49  7.6009e-16
4637.98  7.523e-16
4639.46  7.44624e-16
4640.95  7.37197e-16
4642.43  7.30144e-16
4643.91  7.23573e-16
4645.4   7.17558e-16
4646.88  7.12134e-16
4648.37  7.07296e-16
4649.85  7.03e-16
4651.34  6.9917e-16
4652.82  6.95716e-16
4654.3   6.92538e-16
4655.79  6.89548e-16
4657.27  6.86675e-16
4658.76  6.83873e-16
4660.24  6.81123e-16
4661.73  6.78431e-16
4663.21  6.75822e-16
4664.69  6.73336e-16
4666.18  6.71018e-16
4667.66  6.68914e-16
4669.15  6.67069e-16
4670.63  6.65524e-16
4672.12  6.64314e-16
4673.6   6.63468e-16
4675.08  6.63005e-16
4676.57  6.62934e-16
4678.05  6.63247e-16
4679.54  6.63917e-16
4681.02  6.64896e-16
4682.51  6.66117e-16
4683.99  6.67496e-16
4685.47  6.68945e-16
4686.96  6.70378e-16
4688.44  6.71723e-16
4689.93  6.72931e-16
4691.41  6.73979e-16
4692.9   6.74869e-16
4694.38  6.75619e-16
4695.86  6.76255e-16
4697.35  6.76792e-16
4698.83  6.7723e-16
4700.32  6.77539e-16
4701.8   6.77667e-16
4703.29  6.77542e-16
4704.77  6.77083e-16
4706.25  6.76222e-16
4707.74  6.74916e-16
4709.22  6.73155e-16
4710.71  6.70972e-16
4712.19  6.68436e-16
4713.68  6.65637e-16
4715.16  6.62675e-16
4716.65  6.59639e-16
4718.13  6.56591e-16
4719.61  6.53557e-16
4721.1   6.50523e-16
4722.58  6.47443e-16
4724.07  6.44253e-16
4725.55  6.40886e-16
4727.04  6.37294e-16
4728.52  6.33461e-16
4730     6.29416e-16
4731.49  6.25234e-16
4732.97  6.21032e-16
4734.46  6.16953e-16
4735.94  6.13152e-16
4737.43  6.09775e-16
4738.91  6.06937e-16
4740.39  6.04714e-16
4741.88  6.03127e-16
4743.36  6.02152e-16
4744.85  6.0172e-16
4746.33  6.0174e-16
4747.82  6.02107e-16
4749.3   6.02731e-16
4750.78  6.03546e-16
4752.27  6.04524e-16
4753.75  6.05672e-16
4755.24  6.07036e-16
4756.72  6.08682e-16
4758.21  6.10684e-16
4759.69  6.13105e-16
4761.17  6.15981e-16
4762.66  6.1931e-16
4764.14  6.23047e-16
4765.63  6.27104e-16
4767.11  6.31357e-16
4768.6   6.35664e-16
4770.08  6.39877e-16
4771.56  6.43864e-16
4773.05  6.47519e-16
4774.53  6.50778e-16
4776.02  6.53618e-16
4777.5   6.56058e-16
4778.99  6.58149e-16
4780.47  6.59961e-16
4781.95  6.61565e-16
4783.44  6.63018e-16
4784.92  6.6435e-16
4786.41  6.65558e-16
4787.89  6.66599e-16
4789.38  6.67406e-16
4790.86  6.67892e-16
4792.34  6.67972e-16
4793.83  6.67578e-16
4795.31  6.66678e-16
4796.8   6.6528e-16
4798.28  6.63436e-16
4799.77  6.61236e-16
4801.25  6.58788e-16
4802.74  6.56203e-16
4804.22  6.53569e-16
4805.7   6.50938e-16
4807.19  6.48309e-16
4808.67  6.45633e-16
4810.16  6.42819e-16
4811.64  6.39752e-16
4813.13  6.36319e-16
4814.61  6.32432e-16
4816.09  6.28051e-16
4817.58  6.23194e-16
4819.06  6.17942e-16
4820.55  6.12423e-16
4822.03  6.06801e-16
4823.52  6.01241e-16
4825     5.95888e-16
4826.48  5.90841e-16
4827.97  5.86141e-16
4829.45  5.81763e-16
4830.94  5.7763e-16
4832.42  5.73625e-16
4833.91  5.69619e-16
4835.39  5.65497e-16
4836.87  5.61176e-16
4838.36  5.56628e-16
4839.84  5.51879e-16
4841.33  5.47005e-16
4842.81  5.42119e-16
4844.3   5.3735e-16
4845.78  5.32818e-16
4847.26  5.28616e-16
4848.75  5.24796e-16
4850.23  5.21363e-16
4851.72  5.18277e-16
4853.2   5.15466e-16
4854.69  5.12844e-16
4856.17  5.1033e-16
4857.65  5.07862e-16
4859.14  5.0542e-16
4860.62  5.03024e-16
4862.11  5.00739e-16
4863.59  4.98662e-16
4865.08  4.96912e-16
4866.56  4.95606e-16
4868.04  4.9484e-16
4869.53  4.94672e-16
4871.01  4.9511e-16
4872.5   4.96104e-16
4873.98  4.97551e-16
4875.47  4.99304e-16
4876.95  5.01193e-16
4878.43  5.03044e-16
4879.92  5.04704e-16
4881.4   5.06061e-16
4882.89  5.07055e-16
4884.37  5.0769e-16
4885.86  5.08023e-16
4887.34  5.08151e-16
4888.83  5.08196e-16
4890.31  5.08269e-16
4891.79  5.08459e-16
4893.28  5.08803e-16
4894.76  5.09286e-16
4896.25  5.09836e-16
4897.73  5.10342e-16
4899.22  5.10675e-16
4900.7   5.10711e-16
4902.18  5.10362e-16
4903.67  5.09596e-16
4905.15  5.08444e-16
4906.64  5.07002e-16
4908.12  5.05415e-16
4909.61  5.03858e-16
4911.09  5.02506e-16
4912.57  5.0151e-16
4914.06  5.0097e-16
4915.54  5.00927e-16
4917.03  5.01361e-16
4918.51  5.02195e-16
4920     5.03317e-16
4921.48  5.046e-16
4922.96  5.05921e-16
4924.45  5.0718e-16
4925.93  5.08315e-16
4927.42  5.09299e-16
4928.9   5.10141e-16
4930.39  5.10871e-16
4931.87  5.11528e-16
4933.35  5.12146e-16
4934.84  5.12736e-16
4936.32  5.13286e-16
4937.81  5.13748e-16
4939.29  5.1405e-16
4940.78  5.14102e-16
4942.26  5.13805e-16
4943.74  5.13076e-16
4945.23  5.11855e-16
4946.71  5.10124e-16
4948.2   5.07913e-16
4949.68  5.05305e-16
4951.17  5.02431e-16
4952.65  4.99454e-16
4954.13  4.9656e-16
4955.62  4.93925e-16
4957.1   4.91699e-16
4958.59  4.89982e-16
4960.07  4.8881e-16
4961.56  4.88148e-16
4963.04  4.879e-16
4964.52  4.87919e-16
4966.01  4.88034e-16
4967.49  4.88079e-16
4968.98  4.87921e-16
4970.46  4.87483e-16
4971.95  4.86761e-16
4973.43  4.85823e-16
4974.92  4.84805e-16
4976.4   4.83883e-16
4977.88  4.83251e-16
4979.37  4.83087e-16
4980.85  4.83525e-16
4982.34  4.84637e-16
4983.82  4.86417e-16
4985.31  4.88792e-16
4986.79  4.91629e-16
4988.27  4.94761e-16
4989.76  4.98015e-16
4991.24  5.01236e-16
4992.73  5.04312e-16
4994.21  5.07184e-16
4995.7   5.09844e-16
4997.18  5.1233e-16
4998.66  5.14704e-16
5000.15  5.17031e-16
5001.63  5.19358e-16
5003.12  5.21696e-16
5004.6   5.24014e-16
5006.09  5.2624e-16
5007.57  5.28275e-16
5009.05  5.30013e-16
5010.54  5.31361e-16
5012.02  5.32263e-16
5013.51  5.32717e-16
5014.99  5.32781e-16
5016.48  5.32571e-16
5017.96  5.32248e-16
5019.44  5.32005e-16
5020.93  5.32036e-16
5022.41  5.32517e-16
5023.9   5.33584e-16
5025.38  5.35318e-16
5026.87  5.37741e-16
5028.35  5.40814e-16
5029.83  5.44447e-16
5031.32  5.48514e-16
5032.8   5.52866e-16
5034.29  5.57354e-16
5035.77  5.61842e-16
5037.26  5.66219e-16
5038.74  5.70407e-16
5040.22  5.74364e-16
5041.71  5.78081e-16
5043.19  5.81572e-16
5044.68  5.84865e-16
5046.16  5.87995e-16
5047.65  5.90991e-16
5049.13  5.93873e-16
5050.61  5.9665e-16
5052.1   5.99326e-16
5053.58  6.01904e-16
5055.07  6.04397e-16
5056.55  6.06838e-16
5058.04  6.0928e-16
5059.52  6.11801e-16
5061.01  6.14497e-16
5062.49  6.17465e-16
5063.97  6.20792e-16
5065.46  6.2453e-16
5066.94  6.28688e-16
5068.43  6.33217e-16
5069.91  6.38011e-16
5071.4   6.4292e-16
5072.88  6.47764e-16
5074.36  6.52366e-16
5075.85  6.56574e-16
5077.33  6.60289e-16
5078.82  6.63483e-16
5080.3   6.66204e-16
5081.79  6.68566e-16
5083.27  6.70732e-16
5084.75  6.72882e-16
5086.24  6.75182e-16
5087.72  6.77753e-16
5089.21  6.80644e-16
5090.69  6.83826e-16
5092.18  6.87194e-16
5093.66  6.90581e-16
5095.14  6.93788e-16
5096.63  6.96612e-16
5098.11  6.98883e-16
5099.6   7.00487e-16
5101.08  7.01382e-16
5102.57  7.01601e-16
5104.05  7.01247e-16
5105.53  7.00466e-16
5107.02  6.99431e-16
5108.5   6.9831e-16
5109.99  6.97242e-16
5111.47  6.96321e-16
5112.96  6.95587e-16
5114.44  6.95028e-16
5115.92  6.94586e-16
5117.41  6.94174e-16
5118.89  6.93694e-16
5120.38  6.93049e-16
5121.86  6.92167e-16
5123.35  6.90998e-16
5124.83  6.89526e-16
5126.31  6.87766e-16
5127.8   6.85757e-16
5129.28  6.8356e-16
5130.77  6.81247e-16
5132.25  6.78897e-16
5133.74  6.7659e-16
5135.22  6.74403e-16
5136.71  6.72408e-16
5138.19  6.70665e-16
5139.67  6.6922e-16
5141.16  6.68101e-16
5142.64  6.67312e-16
5144.13  6.66833e-16
5145.61  6.66618e-16
5147.1   6.66599e-16
5148.58  6.66692e-16
5150.06  6.66808e-16
5151.55  6.66866e-16
5153.03  6.66803e-16
5154.52  6.66589e-16
5156     6.66227e-16
5157.49  6.65762e-16
5158.97  6.65268e-16
5160.45  6.64842e-16
5161.94  6.64583e-16
5163.42  6.64579e-16
5164.91  6.64886e-16
5166.39  6.65514e-16
5167.88  6.66425e-16
5169.36  6.67531e-16
5170.84  6.68704e-16
5172.33  6.69797e-16
5173.81  6.70658e-16
5175.3   6.71158e-16
5176.78  6.71207e-16
5178.27  6.70772e-16
5179.75  6.69878e-16
5181.23  6.68609e-16
5182.72  6.67093e-16
5184.2   6.65485e-16
5185.69  6.63943e-16
5187.17  6.62606e-16
5188.66  6.61574e-16
5190.14  6.60895e-16
5191.62  6.60562e-16
5193.11  6.60518e-16
5194.59  6.60663e-16
5196.08  6.60877e-16
5197.56  6.61035e-16
5199.05  6.61025e-16
5200.53  6.60762e-16
5202.01  6.60193e-16
5203.5   6.593e-16
5204.98  6.58096e-16
5206.47  6.56611e-16
5207.95  6.54885e-16
5209.44  6.5295e-16
5210.92  6.50825e-16
5212.4   6.48505e-16
5213.89  6.4596e-16
5215.37  6.43133e-16
5216.86  6.39951e-16
5218.34  6.36329e-16
5219.83  6.32186e-16
5221.31  6.27455e-16
5222.8   6.22098e-16
5224.28  6.16117e-16
5225.76  6.09557e-16
5227.25  6.0251e-16
5228.73  5.9511e-16
5230.22  5.87524e-16
5231.7   5.79935e-16
5233.19  5.72522e-16
5234.67  5.65447e-16
5236.15  5.58837e-16
5237.64  5.52769e-16
5239.12  5.4727e-16
5240.61  5.42314e-16
5242.09  5.37835e-16
5243.58  5.33732e-16
5245.06  5.29888e-16
5246.54  5.2618e-16
5248.03  5.22498e-16
5249.51  5.18747e-16
5251     5.1486e-16
5252.48  5.10803e-16
5253.97  5.06571e-16
5255.45  5.02197e-16
5256.93  4.97745e-16
5258.42  4.93312e-16
5259.9   4.89017e-16
5261.39  4.84992e-16
5262.87  4.81376e-16
5264.36  4.78291e-16
5265.84  4.7583e-16
5267.32  4.74045e-16
5268.81  4.72933e-16
5270.29  4.72437e-16
5271.78  4.72446e-16
5273.26  4.72811e-16
5274.75  4.73363e-16
5276.23  4.73936e-16
5277.71  4.74389e-16
5279.2   4.74623e-16
5280.68  4.74593e-16
5282.17  4.74309e-16
5283.65  4.73828e-16
5285.14  4.73237e-16
5286.62  4.72634e-16
5288.1   4.72103e-16
5289.59  4.71698e-16
5291.07  4.71431e-16
5292.56  4.7127e-16
5294.04  4.71146e-16
5295.53  4.70969e-16
5297.01  4.70643e-16
5298.49  4.70094e-16
5299.98  4.69279e-16
5301.46  4.68205e-16
5302.95  4.66923e-16
5304.43  4.65528e-16
5305.92  4.64144e-16
5307.4   4.62903e-16
5308.89  4.61929e-16
5310.37  4.61321e-16
5311.85  4.61138e-16
5313.34  4.61398e-16
5314.82  4.62081e-16
5316.31  4.63137e-16
5317.79  4.64495e-16
5319.28  4.66082e-16
5320.76  4.67834e-16
5322.24  4.697e-16
5323.73  4.71649e-16
5325.21  4.73668e-16
5326.7   4.75754e-16
5328.18  4.77911e-16
5329.67  4.80137e-16
5331.15  4.82425e-16
5332.63  4.84754e-16
5334.12  4.87094e-16
5335.6   4.89408e-16
5337.09  4.91654e-16
5338.57  4.93795e-16
5340.06  4.95802e-16
5341.54  4.97651e-16
5343.02  4.99331e-16
5344.51  5.00837e-16
5345.99  5.02165e-16
5347.48  5.03315e-16
5348.96  5.0428e-16
5350.45  5.05054e-16
5351.93  5.05629e-16
5353.41  5.06e-16
5354.9   5.0617e-16
5356.38  5.06154e-16
5357.87  5.05984e-16
5359.35  5.05707e-16
5360.84  5.05387e-16
5362.32  5.05093e-16
5363.8   5.04898e-16
5365.29  5.04865e-16
5366.77  5.05039e-16
5368.26  5.05441e-16
5369.74  5.06064e-16
5371.23  5.0687e-16
5372.71  5.07794e-16
5374.19  5.08752e-16
5375.68  5.09651e-16
5377.16  5.10396e-16
5378.65  5.10907e-16
5380.13  5.11123e-16
5381.62  5.11011e-16
5383.1   5.10572e-16
5384.58  5.09836e-16
5386.07  5.08861e-16
5387.55  5.07727e-16
5389.04  5.06522e-16
5390.52  5.05335e-16
5392.01  5.04242e-16
5393.49  5.03296e-16
5394.98  5.02521e-16
5396.46  5.01911e-16
5397.94  5.01425e-16
5399.43  5.01001e-16
5400.91  5.00558e-16
5402.4   5.00014e-16
5403.88  4.99292e-16
5405.37  4.98335e-16
5406.85  4.97109e-16
5408.33  4.95609e-16
5409.82  4.93856e-16
5411.3   4.91893e-16
5412.79  4.89777e-16
5414.27  4.8757e-16
5415.76  4.85329e-16
5417.24  4.83099e-16
5418.72  4.80903e-16
5420.21  4.78745e-16
5421.69  4.76601e-16
5423.18  4.74429e-16
5424.66  4.72173e-16
5426.15  4.69767e-16
5427.63  4.67153e-16
5429.11  4.64282e-16
5430.6   4.61132e-16
5432.08  4.5771e-16
5433.57  4.5406e-16
5435.05  4.50259e-16
5436.54  4.46414e-16
5438.02  4.42655e-16
5439.5   4.39117e-16
5440.99  4.35933e-16
5442.47  4.33214e-16
5443.96  4.3104e-16
5445.44  4.29454e-16
5446.93  4.28458e-16
5448.41  4.28019e-16
5449.89  4.28073e-16
5451.38  4.28541e-16
5452.86  4.29338e-16
5454.35  4.30381e-16
5455.83  4.31605e-16
5457.32  4.32957e-16
5458.8   4.34402e-16
5460.28  4.35921e-16
5461.77  4.375e-16
5463.25  4.39133e-16
5464.74  4.40815e-16
5466.22  4.42538e-16
5467.71  4.44296e-16
5469.19  4.46081e-16
5470.67  4.47889e-16
5472.16  4.49717e-16
5473.64  4.51566e-16
5475.13  4.53439e-16
5476.61  4.55342e-16
5478.1   4.57276e-16
5479.58  4.59244e-16
5481.07  4.61245e-16
5482.55  4.63279e-16
5484.03  4.65344e-16
5485.52  4.67443e-16
5487     4.69581e-16
5488.49  4.71768e-16
5489.97  4.7402e-16
5491.46  4.76351e-16
5492.94  4.78774e-16
5494.42  4.81299e-16
5495.91  4.83923e-16
5497.39  4.86636e-16
5498.88  4.89413e-16
5500.36  4.92219e-16
5501.85  4.95011e-16
5503.33  4.9774e-16
5504.81  5.00357e-16
5506.3   5.0282e-16
5507.78  5.05095e-16
5509.27  5.07161e-16
5510.75  5.09015e-16
5512.24  5.10672e-16
5513.72  5.12164e-16
5515.2   5.13541e-16
5516.69  5.14862e-16
5518.17  5.16196e-16
5519.66  5.17608e-16
5521.14  5.19156e-16
5522.63  5.20879e-16
5524.11  5.22793e-16
5525.59  5.24882e-16
5527.08  5.271e-16
5528.56  5.29367e-16
5530.05  5.3158e-16
5531.53  5.33617e-16
5533.02  5.35355e-16
5534.5   5.36677e-16
5535.98  5.37492e-16
5537.47  5.37739e-16
5538.95  5.37402e-16
5540.44  5.36509e-16
5541.92  5.35131e-16
5543.41  5.33376e-16
5544.89  5.31378e-16
5546.37  5.29291e-16
5547.86  5.27268e-16
5549.34  5.25459e-16
5550.83  5.23992e-16
5552.31  5.22973e-16
5553.8   5.22477e-16
5555.28  5.22549e-16
5556.76  5.23196e-16
5558.25  5.24398e-16
5559.73  5.26099e-16
5561.22  5.28221e-16
5562.7   5.30661e-16
5564.19  5.33298e-16
5565.67  5.36005e-16
5567.16  5.38651e-16
5568.64  5.41116e-16
5570.12  5.43295e-16
5571.61  5.45112e-16
5573.09  5.46519e-16
5574.58  5.47507e-16
5576.06  5.48097e-16
5577.55  5.48343e-16
5579.03  5.48321e-16
5580.51  5.48118e-16
5582     5.47826e-16
5583.48  5.47526e-16
5584.97  5.47285e-16
5586.45  5.47149e-16
5587.94  5.47141e-16
5589.42  5.47262e-16
5590.9   5.47497e-16
5592.39  5.4782e-16
5593.87  5.48199e-16
5595.36  5.48603e-16
5596.84  5.49004e-16
5598.33  5.49379e-16
5599.81  5.49712e-16
5601.29  5.4999e-16
5602.78  5.50202e-16
5604.26  5.50338e-16
5605.75  5.50387e-16
5607.23  5.50334e-16
5608.72  5.50165e-16
5610.2   5.49866e-16
5611.68  5.49424e-16
5613.17  5.48834e-16
5614.65  5.48096e-16
5616.14  5.4722e-16
5617.62  5.46226e-16
5619.11  5.45144e-16
5620.59  5.4401e-16
5622.07  5.42869e-16
5623.56  5.41766e-16
5625.04  5.40747e-16
5626.53  5.39856e-16
5628.01  5.39127e-16
5629.5   5.38591e-16
5630.98  5.38263e-16
5632.46  5.38152e-16
5633.95  5.38252e-16
5635.43  5.38546e-16
5636.92  5.39007e-16
5638.4   5.39595e-16
5639.89  5.40268e-16
5641.37  5.40974e-16
5642.86  5.41667e-16
5644.34  5.42303e-16
5645.82  5.42848e-16
5647.31  5.43282e-16
5648.79  5.43602e-16
5650.28  5.43818e-16
5651.76  5.43959e-16
5653.25  5.44061e-16
5654.73  5.44165e-16
5656.21  5.44312e-16
5657.7   5.44533e-16
5659.18  5.44842e-16
5660.67  5.45237e-16
5662.15  5.45695e-16
5663.64  5.46176e-16
5665.12  5.46625e-16
5666.6   5.46986e-16
5668.09  5.47201e-16
5669.57  5.4723e-16
5671.06  5.47053e-16
5672.54  5.46675e-16
5674.03  5.46133e-16
5675.51  5.45488e-16
5676.99  5.44822e-16
5678.48  5.44226e-16
5679.96  5.43785e-16
5681.45  5.43564e-16
5682.93  5.436e-16
5684.42  5.43887e-16
5685.9   5.44379e-16
5687.38  5.4499e-16
5688.87  5.45608e-16
5690.35  5.46104e-16
5691.84  5.46355e-16
5693.32  5.46259e-16
5694.81  5.45748e-16
5696.29  5.448e-16
5697.77  5.43443e-16
5699.26  5.41746e-16
5700.74  5.3981e-16
5702.23  5.37757e-16
5703.71  5.35711e-16
5705.2   5.33782e-16
5706.68  5.32059e-16
5708.16  5.30599e-16
5709.65  5.29426e-16
5711.13  5.28539e-16
5712.62  5.27915e-16
5714.1   5.27518e-16
5715.59  5.27308e-16
5717.07  5.27244e-16
5718.55  5.27286e-16
5720.04  5.27393e-16
5721.52  5.27524e-16
5723.01  5.2763e-16
5724.49  5.27654e-16
5725.98  5.27535e-16
5727.46  5.2721e-16
5728.95  5.26622e-16
5730.43  5.25734e-16
5731.91  5.24532e-16
5733.4   5.23037e-16
5734.88  5.21304e-16
5736.37  5.19419e-16
5737.85  5.17492e-16
5739.34  5.15641e-16
5740.82  5.13976e-16
5742.3   5.12584e-16
5743.79  5.11513e-16
5745.27  5.10763e-16
5746.76  5.1029e-16
5748.24  5.10006e-16
5749.73  5.09793e-16
5751.21  5.09525e-16
5752.69  5.09088e-16
5754.18  5.08395e-16
5755.66  5.07408e-16
5757.15  5.06143e-16
5758.63  5.04668e-16
5760.12  5.03097e-16
5761.6   5.01572e-16
5763.08  5.00236e-16
5764.57  4.9922e-16
5766.05  4.98612e-16
5767.54  4.98452e-16
5769.02  4.98726e-16
5770.51  4.99366e-16
5771.99  5.00268e-16
5773.47  5.01312e-16
5774.96  5.02377e-16
5776.44  5.03365e-16
5777.93  5.04212e-16
5779.41  5.04897e-16
5780.9   5.05434e-16
5782.38  5.05871e-16
5783.86  5.06266e-16
5785.35  5.06682e-16
5786.83  5.07165e-16
5788.32  5.07735e-16
5789.8   5.08386e-16
5791.29  5.09084e-16
5792.77  5.0978e-16
5794.25  5.10416e-16
5795.74  5.10944e-16
5797.22  5.11338e-16
5798.71  5.11597e-16
5800.19  5.11751e-16
5801.68  5.11854e-16
5803.16  5.11972e-16
5804.64  5.12171e-16
5806.13  5.12495e-16
5807.61  5.12953e-16
5809.1   5.1351e-16
5810.58  5.1408e-16
5812.07  5.14539e-16
5813.55  5.14735e-16
5815.04  5.14512e-16
5816.52  5.13741e-16
5818     5.12343e-16
5819.49  5.10312e-16
5820.97  5.07729e-16
5822.46  5.0476e-16
5823.94  5.01644e-16
5825.43  4.98664e-16
5826.91  4.96111e-16
5828.39  4.94246e-16
5829.88  4.93263e-16
5831.36  4.93258e-16
5832.85  4.94215e-16
5834.33  4.96011e-16
5835.82  4.98432e-16
5837.3   5.01202e-16
5838.78  5.0403e-16
5840.27  5.06643e-16
5841.75  5.08827e-16
5843.24  5.10445e-16
5844.72  5.11454e-16
5846.21  5.11889e-16
5847.69  5.1185e-16
5849.17  5.11471e-16
5850.66  5.10894e-16
5852.14  5.1024e-16
5853.63  5.096e-16
5855.11  5.09025e-16
5856.6   5.08545e-16
5858.08  5.08177e-16
5859.56  5.07949e-16
5861.05  5.07918e-16
5862.53  5.0817e-16
5864.02  5.08813e-16
5865.5   5.09951e-16
5866.99  5.11651e-16
5868.47  5.139e-16
5869.95  5.16573e-16
5871.44  5.1941e-16
5872.92  5.22024e-16
5874.41  5.2393e-16
5875.89  5.24608e-16
5877.38  5.23579e-16
5878.86  5.20495e-16
5880.34  5.1522e-16
5881.83  5.07888e-16
5883.31  4.98926e-16
5884.8   4.89029e-16
5886.28  4.79091e-16
5887.77  4.70099e-16
5889.25  4.63001e-16
5890.73  4.58579e-16
5892.22  4.57333e-16
5893.7   4.59407e-16
5895.19  4.64564e-16
5896.67  4.72226e-16
5898.16  4.81549e-16
5899.64  4.91548e-16
5901.13  5.01232e-16
5902.61  5.09732e-16
5904.09  5.16408e-16
5905.58  5.20911e-16
5907.06  5.23201e-16
5908.55  5.23513e-16
5910.03  5.22293e-16
5911.52  5.20102e-16
5913     5.17522e-16
5914.48  5.15067e-16
5915.97  5.13116e-16
5917.45  5.11883e-16
5918.94  5.11411e-16
5920.42  5.11597e-16
5921.91  5.12241e-16
5923.39  5.13094e-16
5924.87  5.13918e-16
5926.36  5.14524e-16
5927.84  5.14801e-16
5929.33  5.14728e-16
5930.81  5.1436e-16
5932.3   5.1381e-16
5933.78  5.13219e-16
5935.26  5.12726e-16
5936.75  5.1244e-16
5938.23  5.12421e-16
5939.72  5.12674e-16
5941.2   5.13151e-16
5942.69  5.13763e-16
5944.17  5.14396e-16
5945.65  5.14932e-16
5947.14  5.15271e-16
5948.62  5.15347e-16
5950.11  5.15132e-16
5951.59  5.14646e-16
5953.08  5.13949e-16
5954.56  5.13127e-16
5956.04  5.12282e-16
5957.53  5.1151e-16
5959.01  5.10887e-16
5960.5   5.10454e-16
5961.98  5.1021e-16
5963.47  5.10109e-16
5964.95  5.10067e-16
5966.43  5.09975e-16
5967.92  5.09715e-16
5969.4   5.09179e-16
5970.89  5.08291e-16
5972.37  5.07013e-16
5973.86  5.05362e-16
5975.34  5.03404e-16
5976.82  5.01249e-16
5978.31  4.99034e-16
5979.79  4.96906e-16
5981.28  4.95001e-16
5982.76  4.93427e-16
5984.25  4.92248e-16
5985.73  4.91474e-16
5987.22  4.91067e-16
5988.7   4.90941e-16
5990.18  4.90979e-16
5991.67  4.91049e-16
5993.15  4.91019e-16
5994.64  4.90777e-16
5996.12  4.90243e-16
5997.61  4.89379e-16
5999.09  4.88187e-16
6000.57  4.86713e-16
6002.06  4.85028e-16
6003.54  4.83225e-16
6005.03  4.81396e-16
6006.51  4.79625e-16
6008     4.77971e-16
6009.48  4.76466e-16
6010.96  4.75115e-16
6012.45  4.73894e-16
6013.93  4.72764e-16
6015.42  4.71679e-16
6016.9   4.70592e-16
6018.39  4.6947e-16
6019.87  4.68292e-16
6021.35  4.67054e-16
6022.84  4.65766e-16
6024.32  4.64447e-16
6025.81  4.63118e-16
6027.29  4.61799e-16
6028.78  4.60503e-16
6030.26  4.59237e-16
6031.74  4.57997e-16
6033.23  4.56773e-16
6034.71  4.5555e-16
6036.2   4.54311e-16
6037.68  4.53038e-16
6039.17  4.51713e-16
6040.65  4.50315e-16
6042.13  4.48828e-16
6043.62  4.47228e-16
6045.1   4.45492e-16
6046.59  4.43596e-16
6048.07  4.41514e-16
6049.56  4.39221e-16
6051.04  4.36698e-16
6052.52  4.33937e-16
6054.01  4.30943e-16
6055.49  4.27737e-16
6056.98  4.24359e-16
6058.46  4.20866e-16
6059.95  4.17331e-16
6061.43  4.13835e-16
6062.91  4.10457e-16
6064.4   4.07269e-16
6065.88  4.04321e-16
6067.37  4.01636e-16
6068.85  3.99205e-16
6070.34  3.96987e-16
6071.82  3.94913e-16
6073.31  3.92891e-16
6074.79  3.90826e-16
6076.27  3.88622e-16
6077.76  3.86202e-16
6079.24  3.83514e-16
6080.73  3.80535e-16
6082.21  3.77272e-16
6083.7   3.73758e-16
6085.18  3.70047e-16
6086.66  3.66202e-16
6088.15  3.62287e-16
6089.63  3.58361e-16
6091.12  3.5447e-16
6092.6   3.50649e-16
6094.09  3.46916e-16
6095.57  3.43276e-16
6097.05  3.39724e-16
6098.54  3.36244e-16
6100.02  3.32811e-16
6101.51  3.29392e-16
6102.99  3.25949e-16
6104.48  3.22441e-16
6105.96  3.18828e-16
6107.44  3.15077e-16
6108.93  3.11168e-16
6110.41  3.07103e-16
6111.9   3.02912e-16
6113.38  2.98652e-16
6114.87  2.94408e-16
6116.35  2.90289e-16
6117.83  2.86412e-16
6119.32  2.82893e-16
6120.8   2.79834e-16
6122.29  2.77303e-16
6123.77  2.75331e-16
6125.26  2.73904e-16
6126.74  2.72965e-16
6128.22  2.72425e-16
6129.71  2.7217e-16
6131.19  2.72082e-16
6132.68  2.72054e-16
6134.16  2.72001e-16
6135.65  2.71871e-16
6137.13  2.71651e-16
6138.61  2.7136e-16
6140.1   2.71048e-16
6141.58  2.7078e-16
6143.07  2.70627e-16
6144.55  2.70653e-16
6146.04  2.70906e-16
6147.52  2.71411e-16
6149.01  2.7217e-16
6150.49  2.73161e-16
6151.97  2.74346e-16
6153.46  2.75674e-16
6154.94  2.7709e-16
6156.43  2.78543e-16
6157.91  2.7999e-16
6159.4   2.81399e-16
6160.88  2.82754e-16
6162.36  2.84053e-16
6163.85  2.85306e-16
6165.33  2.86537e-16
6166.82  2.87773e-16
6168.3   2.89049e-16
6169.79  2.90401e-16
6171.27  2.91865e-16
6172.75  2.93476e-16
6174.24  2.95266e-16
6175.72  2.9726e-16
6177.21  2.99477e-16
6178.69  3.01927e-16
6180.18  3.04607e-16
6181.66  3.07499e-16
6183.14  3.1057e-16
6184.63  3.13769e-16
6186.11  3.17033e-16
6187.6   3.20289e-16
6189.08  3.23464e-16
6190.57  3.26488e-16
6192.05  3.29306e-16
6193.53  3.31884e-16
6195.02  3.34213e-16
6196.5   3.36314e-16
6197.99  3.38233e-16
6199.47  3.40032e-16
6200.96  3.41785e-16
6202.44  3.43563e-16
6203.92  3.45421e-16
6205.41  3.47395e-16
6206.89  3.49494e-16
6208.38  3.51699e-16
6209.86  3.53975e-16
6211.35  3.56275e-16
6212.83  3.58556e-16
6214.31  3.6079e-16
6215.8   3.62972e-16
6217.28  3.65122e-16
6218.77  3.67286e-16
6220.25  3.69519e-16
6221.74  3.71876e-16
6223.22  3.74392e-16
6224.7   3.7707e-16
6226.19  3.79868e-16
6227.67  3.82703e-16
6229.16  3.85452e-16
6230.64  3.87972e-16
6232.13  3.90121e-16
6233.61  3.91781e-16
6235.1   3.92879e-16
6236.58  3.93408e-16
6238.06  3.93427e-16
6239.55  3.93063e-16
6241.03  3.9249e-16
6242.52  3.91911e-16
6244     3.91524e-16
6245.49  3.91498e-16
6246.97  3.91946e-16
6248.45  3.9291e-16
6249.94  3.94357e-16
6251.42  3.96184e-16
6252.91  3.98243e-16
6254.39  4.00357e-16
6255.88  4.02358e-16
6257.36  4.04106e-16
6258.84  4.05515e-16
6260.33  4.06557e-16
6261.81  4.07262e-16
6263.3   4.07707e-16
6264.78  4.07996e-16
6266.27  4.08236e-16
6267.75  4.0852e-16
6269.23  4.08905e-16
6270.72  4.09411e-16
6272.2   4.10022e-16
6273.69  4.10691e-16
6275.17  4.11361e-16
6276.66  4.11974e-16
6278.14  4.12492e-16
6279.62  4.12894e-16
6281.11  4.13188e-16
6282.59  4.13398e-16
6284.08  4.13555e-16
6285.56  4.13692e-16
6287.05  4.13826e-16
6288.53  4.13956e-16
6290.01  4.14063e-16
6291.5   4.14112e-16
6292.98  4.14063e-16
6294.47  4.1388e-16
6295.95  4.13541e-16
6297.44  4.13047e-16
6298.92  4.12425e-16
6300.4   4.11724e-16
6301.89  4.11011e-16
6303.37  4.1036e-16
6304.86  4.09839e-16
6306.34  4.09502e-16
6307.83  4.09378e-16
6309.31  4.09469e-16
6310.79  4.09749e-16
6312.28  4.10166e-16
6313.76  4.10654e-16
6315.25  4.11138e-16
6316.73  4.11549e-16
6318.22  4.11828e-16
6319.7   4.11937e-16
6321.19  4.11858e-16
6322.67  4.11598e-16
6324.15  4.11179e-16
6325.64  4.10638e-16
6327.12  4.1002e-16
6328.61  4.09367e-16
6330.09  4.08717e-16
6331.58  4.081e-16
6333.06  4.07533e-16
6334.54  4.07024e-16
6336.03  4.06572e-16
6337.51  4.0617e-16
6339     4.05805e-16
6340.48  4.05466e-16
6341.97  4.05138e-16
6343.45  4.04805e-16
6344.93  4.04447e-16
6346.42  4.04043e-16
6347.9   4.03565e-16
6349.39  4.02983e-16
6350.87  4.02266e-16
6352.36  4.01389e-16
6353.84  4.00336e-16
6355.32  3.99108e-16
6356.81  3.97725e-16
6358.29  3.96232e-16
6359.78  3.94695e-16
6361.26  3.93196e-16
6362.75  3.91821e-16
6364.23  3.90654e-16
6365.71  3.89761e-16
6367.2   3.89178e-16
6368.68  3.88905e-16
6370.17  3.88902e-16
6371.65  3.8909e-16
6373.14  3.89365e-16
6374.62  3.89602e-16
6376.1   3.89681e-16
6377.59  3.89499e-16
6379.07  3.88988e-16
6380.56  3.88126e-16
6382.04  3.86943e-16
6383.53  3.85515e-16
6385.01  3.83958e-16
6386.49  3.82408e-16
6387.98  3.81002e-16
6389.46  3.79851e-16
6390.95  3.79029e-16
6392.43  3.78551e-16
6393.92  3.7837e-16
6395.4   3.78384e-16
6396.88  3.78445e-16
6398.37  3.78386e-16
6399.85  3.7804e-16
6401.34  3.77271e-16
6402.82  3.75995e-16
6404.31  3.74196e-16
6405.79  3.7193e-16
6407.28  3.69319e-16
6408.76  3.66539e-16
6410.24  3.63791e-16
6411.73  3.61277e-16
6413.21  3.59174e-16
6414.7   3.57605e-16
6416.18  3.56629e-16
6417.67  3.56231e-16
6419.15  3.56329e-16
6420.63  3.56788e-16
6422.12  3.57437e-16
6423.6   3.58097e-16
6425.09  3.586e-16
6426.57  3.58813e-16
6428.06  3.58644e-16
6429.54  3.58057e-16
6431.02  3.57063e-16
6432.51  3.55715e-16
6433.99  3.541e-16
6435.48  3.5232e-16
6436.96  3.50483e-16
6438.45  3.48694e-16
6439.93  3.47042e-16
6441.41  3.456e-16
6442.9   3.44424e-16
6444.38  3.43546e-16
6445.87  3.42981e-16
6447.35  3.42723e-16
6448.84  3.42748e-16
6450.32  3.43011e-16
6451.8   3.43451e-16
6453.29  3.43991e-16
6454.77  3.4454e-16
6456.26  3.45009e-16
6457.74  3.45312e-16
6459.23  3.45378e-16
6460.71  3.45163e-16
6462.19  3.44657e-16
6463.68  3.43885e-16
6465.16  3.42906e-16
6466.65  3.4181e-16
6468.13  3.40698e-16
6469.62  3.39677e-16
6471.1   3.38835e-16
6472.58  3.38232e-16
6474.07  3.37887e-16
6475.55  3.37777e-16
6477.04  3.37838e-16
6478.52  3.37976e-16
6480.01  3.38082e-16
6481.49  3.38053e-16
6482.97  3.37806e-16
6484.46  3.37296e-16
6485.94  3.36524e-16
6487.43  3.35535e-16
6488.91  3.34414e-16
6490.4   3.33267e-16
6491.88  3.32201e-16
6493.37  3.31306e-16
6494.85  3.30639e-16
6496.33  3.30207e-16
6497.82  3.29973e-16
6499.3   3.2986e-16
6500.79  3.29769e-16
6502.27  3.29597e-16
6503.76  3.29261e-16
6505.24  3.28719e-16
6506.72  3.27972e-16
6508.21  3.27075e-16
6509.69  3.26117e-16
6511.18  3.25213e-16
6512.66  3.24475e-16
6514.15  3.23989e-16
6515.63  3.23801e-16
6517.11  3.23901e-16
6518.6   3.24228e-16
6520.08  3.24676e-16
6521.57  3.25111e-16
6523.05  3.254e-16
6524.54  3.2543e-16
6526.02  3.2513e-16
6527.5   3.24479e-16
6528.99  3.23513e-16
6530.47  3.22316e-16
6531.96  3.21003e-16
6533.44  3.19699e-16
6534.93  3.18523e-16
6536.41  3.17563e-16
6537.89  3.16868e-16
6539.38  3.16443e-16
6540.86  3.16251e-16
6542.35  3.16228e-16
6543.83  3.16294e-16
6545.32  3.1637e-16
6546.8   3.16389e-16
6548.28  3.16305e-16
6549.77  3.16096e-16
6551.25  3.1576e-16
6552.74  3.15309e-16
6554.22  3.14763e-16
6555.71  3.14142e-16
6557.19  3.1346e-16
6558.67  3.12732e-16
6560.16  3.11969e-16
6561.64  3.11188e-16
6563.13  3.10412e-16
6564.61  3.09675e-16
6566.1   3.09018e-16
6567.58  3.08484e-16
6569.06  3.08109e-16
6570.55  3.07913e-16
6572.03  3.07894e-16
6573.52  3.08019e-16
6575     3.0823e-16
6576.49  3.08449e-16
6577.97  3.08585e-16
6579.46  3.08555e-16
6580.94  3.08292e-16
6582.42  3.07759e-16
6583.91  3.06955e-16
6585.39  3.0592e-16
6586.88  3.04721e-16
6588.36  3.03449e-16
6589.85  3.02203e-16
6591.33  3.01073e-16
6592.81  3.00127e-16
6594.3   2.99402e-16
6595.78  2.98897e-16
6597.27  2.98579e-16
6598.75  2.98385e-16
6600.24  2.98233e-16
6601.72  2.9804e-16
6603.2   2.9773e-16
6604.69  2.97252e-16
6606.17  2.96582e-16
6607.66  2.95735e-16
6609.14  2.94755e-16
6610.63  2.93716e-16
6612.11  2.92707e-16
6613.59  2.91821e-16
6615.08  2.9114e-16
6616.56  2.90723e-16
6618.05  2.906e-16
6619.53  2.90758e-16
6621.02  2.91153e-16
6622.5   2.91703e-16
6623.98  2.92308e-16
6625.47  2.92855e-16
6626.95  2.93239e-16
6628.44  2.93368e-16
6629.92  2.93184e-16
6631.41  2.92661e-16
6632.89  2.91811e-16
6634.37  2.9068e-16
6635.86  2.89343e-16
6637.34  2.87889e-16
6638.83  2.86414e-16
6640.31  2.85007e-16
6641.8   2.83743e-16
6643.28  2.82675e-16
6644.76  2.81833e-16
6646.25  2.81225e-16
6647.73  2.80837e-16
6649.22  2.80638e-16
6650.7   2.80588e-16
6652.19  2.8064e-16
6653.67  2.80744e-16
6655.16  2.80853e-16
6656.64  2.80925e-16
6658.12  2.80925e-16
6659.61  2.80829e-16
6661.09  2.80624e-16
6662.58  2.80309e-16
6664.06  2.79893e-16
6665.55  2.79396e-16
6667.03  2.78844e-16
6668.51  2.78267e-16
6670     2.77694e-16
6671.48  2.77147e-16
6672.97  2.76642e-16
6674.45  2.76187e-16
6675.94  2.75777e-16
6677.42  2.75401e-16
6678.9   2.7504e-16
6680.39  2.74674e-16
6681.87  2.74281e-16
6683.36  2.73843e-16
6684.84  2.73348e-16
6686.33  2.72791e-16
6687.81  2.72179e-16
6689.29  2.71529e-16
6690.78  2.70865e-16
6692.26  2.7022e-16
6693.75  2.69627e-16
6695.23  2.69115e-16
6696.72  2.68705e-16
6698.2   2.68399e-16
6699.68  2.68181e-16
6701.17  2.68014e-16
6702.65  2.6784e-16
6704.14  2.67591e-16
6705.62  2.67193e-16
6707.11  2.66586e-16
6708.59  2.6573e-16
6710.07  2.64618e-16
6711.56  2.63284e-16
6713.04  2.61799e-16
6714.53  2.60271e-16
6716.01  2.58826e-16
6717.5   2.57596e-16
6718.98  2.56696e-16
6720.46  2.56212e-16
6721.95  2.56183e-16
6723.43  2.56595e-16
6724.92  2.57384e-16
6726.4   2.58444e-16
6727.89  2.59643e-16
6729.37  2.60838e-16
6730.85  2.61898e-16
6732.34  2.62722e-16
6733.82  2.63242e-16
6735.31  2.63439e-16
6736.79  2.63328e-16
6738.28  2.62962e-16
6739.76  2.62407e-16
6741.25  2.61737e-16
6742.73  2.61016e-16
6744.21  2.60291e-16
6745.7   2.59584e-16
6747.18  2.58893e-16
6748.67  2.58198e-16
6750.15  2.57467e-16
6751.64  2.56667e-16
6753.12  2.55771e-16
6754.6   2.54768e-16
6756.09  2.53663e-16
6757.57  2.52484e-16
6759.06  2.51274e-16
6760.54  2.50084e-16
6762.03  2.48971e-16
6763.51  2.47985e-16
6764.99  2.47162e-16
6766.48  2.46522e-16
6767.96  2.46066e-16
6769.45  2.45772e-16
6770.93  2.45604e-16
6772.42  2.45516e-16
6773.9   2.45456e-16
6775.38  2.45372e-16
6776.87  2.45219e-16
6778.35  2.44962e-16
6779.84  2.44576e-16
6781.32  2.44045e-16
6782.81  2.43363e-16
6784.29  2.4253e-16
6785.77  2.41551e-16
6787.26  2.40435e-16
6788.74  2.39194e-16
6790.23  2.37845e-16
6791.71  2.36415e-16
6793.2   2.34934e-16
6794.68  2.33445e-16
6796.16  2.31995e-16
6797.65  2.30637e-16
6799.13  2.29422e-16
6800.62  2.28398e-16
6802.1   2.27601e-16
6803.59  2.27053e-16
6805.07  2.26762e-16
6806.55  2.26716e-16
6808.04  2.2689e-16
6809.52  2.27247e-16
6811.01  2.27742e-16
6812.49  2.28328e-16
6813.98  2.28958e-16
6815.46  2.29589e-16
6816.94  2.30183e-16
6818.43  2.3071e-16
6819.91  2.31145e-16
6821.4   2.31472e-16
6822.88  2.31685e-16
6824.37  2.31785e-16
6825.85  2.31784e-16
6827.34  2.31705e-16
6828.82  2.31579e-16
6830.3   2.31446e-16
6831.79  2.31344e-16
6833.27  2.31309e-16
6834.76  2.31363e-16
6836.24  2.31511e-16
6837.73  2.31735e-16
6839.21  2.31997e-16
6840.69  2.3224e-16
6842.18  2.32399e-16
6843.66  2.32409e-16
6845.15  2.32223e-16
6846.63  2.31817e-16
6848.12  2.31205e-16
6849.6   2.30436e-16
6851.08  2.29592e-16
6852.57  2.28778e-16
6854.05  2.28102e-16
6855.54  2.2766e-16
6857.02  2.27517e-16
6858.51  2.27695e-16
6859.99  2.2816e-16
6861.47  2.28832e-16
6862.96  2.29587e-16
6864.44  2.3028e-16
6865.93  2.30759e-16
6867.41  2.30895e-16
6868.9   2.30594e-16
6870.38  2.29815e-16
6871.86  2.28575e-16
6873.35  2.26946e-16
6874.83  2.25047e-16
6876.32  2.2303e-16
6877.8   2.21056e-16
6879.29  2.1928e-16
6880.77  2.17831e-16
6882.25  2.16799e-16
6883.74  2.16226e-16
6885.22  2.16107e-16
6886.71  2.16388e-16
6888.19  2.16983e-16
6889.68  2.1778e-16
6891.16  2.1866e-16
6892.64  2.19507e-16
6894.13  2.20224e-16
6895.61  2.20743e-16
6897.1   2.21026e-16
6898.58  2.21071e-16
6900.07  2.20904e-16
6901.55  2.20578e-16
6903.03  2.2016e-16
6904.52  2.19722e-16
6906     2.19331e-16
6907.49  2.19041e-16
6908.97  2.18884e-16
6910.46  2.18866e-16
6911.94  2.1897e-16
6913.43  2.19156e-16
6914.91  2.1937e-16
6916.39  2.19552e-16
6917.88  2.19646e-16
6919.36  2.19609e-16
6920.85  2.19417e-16
6922.33  2.1907e-16
6923.82  2.18587e-16
6925.3   2.18005e-16
6926.78  2.1737e-16
6928.27  2.16728e-16
6929.75  2.16117e-16
6931.24  2.15563e-16
6932.72  2.15082e-16
6934.21  2.14675e-16
6935.69  2.14338e-16
6937.17  2.14071e-16
6938.66  2.13877e-16
6940.14  2.13768e-16
6941.63  2.13766e-16
6943.11  2.13892e-16
6944.6   2.14162e-16
6946.08  2.14576e-16
6947.56  2.15111e-16
6949.05  2.15716e-16
6950.53  2.16316e-16
6952.02  2.1682e-16
6953.5   2.17133e-16
6954.99  2.17174e-16
6956.47  2.16891e-16
6957.95  2.16268e-16
6959.44  2.15339e-16
6960.92  2.14175e-16
6962.41  2.12882e-16
6963.89  2.1158e-16
6965.38  2.10389e-16
6966.86  2.09405e-16
6968.34  2.08687e-16
6969.83  2.08254e-16
6971.31  2.08079e-16
6972.8   2.08097e-16
6974.28  2.08223e-16
6975.77  2.08363e-16
6977.25  2.08435e-16
6978.73  2.08383e-16
6980.22  2.08181e-16
6981.7   2.0784e-16
6983.19  2.07404e-16
6984.67  2.06935e-16
6986.16  2.06503e-16
6987.64  2.06171e-16
6989.12  2.05984e-16
6990.61  2.0596e-16
6992.09  2.06089e-16
6993.58  2.06333e-16
6995.06  2.06639e-16
6996.55  2.06946e-16
6998.03  2.07199e-16
6999.52  2.07355e-16
7001     2.07396e-16
7002.48  2.07322e-16
7003.97  2.07152e-16
7005.45  2.06918e-16
7006.94  2.06656e-16
7008.42  2.06398e-16
7009.91  2.06166e-16
7011.39  2.05974e-16
7012.87  2.05826e-16
7014.36  2.05723e-16
7015.84  2.05661e-16
7017.33  2.05641e-16
7018.81  2.05665e-16
7020.3   2.05733e-16
7021.78  2.05841e-16
7023.26  2.05973e-16
7024.75  2.06099e-16
7026.23  2.0617e-16
7027.72  2.06127e-16
7029.2   2.05907e-16
7030.69  2.05454e-16
7032.17  2.04734e-16
7033.65  2.03747e-16
7035.14  2.02533e-16
7036.62  2.01174e-16
7038.11  1.99787e-16
7039.59  1.98507e-16
7041.08  1.97472e-16
7042.56  1.96798e-16
7044.04  1.96562e-16
7045.53  1.96787e-16
7047.01  1.97436e-16
7048.5   1.98415e-16
7049.98  1.99589e-16
7051.47  2.00799e-16
7052.95  2.01884e-16
7054.43  2.02705e-16
7055.92  2.03165e-16
7057.4   2.0322e-16
7058.89  2.02881e-16
7060.37  2.02208e-16
7061.86  2.01302e-16
7063.34  2.00285e-16
7064.82  1.99279e-16
7066.31  1.98392e-16
7067.79  1.97706e-16
7069.28  1.97265e-16
7070.76  1.97075e-16
7072.25  1.9711e-16
7073.73  1.97322e-16
7075.21  1.97646e-16
7076.7   1.98016e-16
7078.18  1.98377e-16
7079.67  1.98686e-16
7081.15  1.9892e-16
7082.64  1.99074e-16
7084.12  1.9916e-16
7085.61  1.99199e-16
7087.09  1.99222e-16
7088.57  1.99255e-16
7090.06  1.99322e-16
7091.54  1.99439e-16
7093.03  1.99611e-16
7094.51  1.99833e-16
7096     2.0009e-16
7097.48  2.00356e-16
7098.96  2.00601e-16
7100.45  2.0079e-16
7101.93  2.00887e-16
7103.42  2.00863e-16
7104.9   2.00691e-16
7106.39  2.00359e-16
7107.87  1.99861e-16
7109.35  1.99206e-16
7110.84  1.98409e-16
7112.32  1.97492e-16
7113.81  1.96477e-16
7115.29  1.95386e-16
7116.78  1.9424e-16
7118.26  1.93056e-16
7119.74  1.91851e-16
7121.23  1.90648e-16
7122.71  1.89474e-16
7124.2   1.88366e-16
7125.68  1.87366e-16
7127.17  1.86519e-16
7128.65  1.85868e-16
7130.13  1.85441e-16
7131.62  1.8525e-16
7133.1   1.85283e-16
7134.59  1.85504e-16
7136.07  1.85861e-16
7137.56  1.86291e-16
7139.04  1.86735e-16
7140.52  1.87148e-16
7142.01  1.87508e-16
7143.49  1.87818e-16
7144.98  1.88106e-16
7146.46  1.8841e-16
7147.95  1.88767e-16
7149.43  1.89201e-16
7150.91  1.89706e-16
7152.4   1.90242e-16
7153.88  1.90739e-16
7155.37  1.91105e-16
7156.85  1.91242e-16
7158.34  1.91069e-16
7159.82  1.90539e-16
7161.31  1.89649e-16
7162.79  1.88448e-16
7164.27  1.87029e-16
7165.76  1.85519e-16
7167.24  1.84052e-16
7168.73  1.82752e-16
7170.21  1.81714e-16
7171.7   1.80991e-16
7173.18  1.80587e-16
7174.66  1.80468e-16
7176.15  1.80569e-16
7177.63  1.80813e-16
7179.12  1.81127e-16
7180.6   1.81453e-16
7182.09  1.81757e-16
7183.57  1.82026e-16
7185.05  1.82264e-16
7186.54  1.82485e-16
7188.02  1.827e-16
7189.51  1.82913e-16
7190.99  1.83117e-16
7192.48  1.83297e-16
7193.96  1.83435e-16
7195.44  1.83517e-16
7196.93  1.83543e-16
7198.41  1.83526e-16
7199.9   1.83497e-16
7201.38  1.83497e-16
7202.87  1.8357e-16
7204.35  1.83752e-16
7205.83  1.84064e-16
7207.32  1.845e-16
7208.8   1.85033e-16
7210.29  1.85615e-16
7211.77  1.86185e-16
7213.26  1.8668e-16
7214.74  1.87047e-16
7216.22  1.87254e-16
7217.71  1.87289e-16
7219.19  1.87168e-16
7220.68  1.86925e-16
7222.16  1.86606e-16
7223.65  1.86261e-16
7225.13  1.85933e-16
7226.61  1.85651e-16
7228.1   1.85432e-16
7229.58  1.85278e-16
7231.07  1.85179e-16
7232.55  1.85123e-16
7234.04  1.85095e-16
7235.52  1.85083e-16
7237     1.85079e-16
7238.49  1.85078e-16
7239.97  1.85078e-16
7241.46  1.85078e-16
7242.94  1.85078e-16