3713.52  3.10002e-16
3716.45  3.0773e-16
3719.38  3.03216e-16
3722.31  2.97737e-16
3725.25  2.93098e-16
3728.18  2.91378e-16
3731.11  2.94616e-16
3734.04  3.04454e-16
3736.97  3.21821e-16
3739.9   3.46718e-16
3742.83  3.78138e-16
3745.76  4.14147e-16
3748.69  4.52129e-16
3751.62  4.89137e-16
3754.55  5.22308e-16
3757.48  5.4926e-16
3760.42  5.68414e-16
3763.35  5.79182e-16
3766.28  5.81997e-16
3769.21  5.78192e-16
3772.14  5.69755e-16
3775.07  5.59003e-16
3778     5.48242e-16
3780.93  5.39465e-16
3783.86  5.34131e-16
3786.79  5.33048e-16
3789.72  5.36367e-16
3792.65  5.43675e-16
3795.58  5.54147e-16
3798.52  5.66742e-16
3801.45  5.80384e-16
3804.38  5.94131e-16
3807.31  6.07287e-16
3810.24  6.19469e-16
3813.17  6.30621e-16
3816.1   6.40985e-16
3819.03  6.51045e-16
3821.96  6.61443e-16
3824.89  6.72892e-16
3827.82  6.86085e-16
3830.75  7.0161e-16
3833.69  7.19886e-16
3836.62  7.4111e-16
3839.55  7.65236e-16
3842.48  7.91968e-16
3845.41  8.20793e-16
3848.34  8.51023e-16
3851.27  8.81855e-16
3854.2   9.12436e-16
3857.13  9.41935e-16
3860.06  9.69589e-16
3862.99  9.94752e-16
3865.92  1.01692e-15
3868.85  1.03572e-15
3871.79  1.05098e-15
3874.72  1.06262e-15
3877.65  1.07077e-15
3880.58  1.07569e-15
3883.51  1.07781e-15
3886.44  1.07771e-15
3889.37  1.07613e-15
3892.3   1.07395e-15
3895.23  1.07212e-15
3898.16  1.07158e-15
3901.09  1.07321e-15
3904.02  1.07769e-15
3906.96  1.08542e-15
3909.89  1.09643e-15
3912.82  1.11032e-15
3915.75  1.12632e-15
3918.68  1.14326e-15
3921.61  1.15974e-15
3924.54  1.17425e-15
3927.47  1.18533e-15
3930.4   1.19175e-15
3933.33  1.19268e-15
3936.26  1.18774e-15
3939.19  1.17713e-15
3942.12  1.16155e-15
3945.06  1.14215e-15
3947.99  1.12036e-15
3950.92  1.09778e-15
3953.85  1.07594e-15
3956.78  1.05613e-15
3959.71  1.03929e-15
3962.64  1.0259e-15
3965.57  1.01599e-15
3968.5   1.00918e-15
3971.43  1.00479e-15
3974.36  1.002e-15
3977.29  9.99992e-16
3980.23  9.98122e-16
3983.16  9.95995e-16
3986.09  9.93541e-16
3989.02  9.91009e-16
3991.95  9.88915e-16
3994.88  9.87944e-16
3997.81  9.88845e-16
4000.74  9.92313e-16
4003.67  9.98895e-16
4006.6   1.00892e-15
4009.53  1.02245e-15
4012.46  1.0393e-15
4015.39  1.05904e-15
4018.33  1.08102e-15
4021.26  1.10443e-15
4024.19  1.12836e-15
4027.12  1.15185e-15
4030.05  1.17394e-15
4032.98  1.19375e-15
4035.91  1.21057e-15
4038.84  1.22385e-15
4041.77  1.23334e-15
4044.7   1.23903e-15
4047.63  1.24122e-15
4050.56  1.24044e-15
4053.5   1.23742e-15
4056.43  1.23298e-15
4059.36  1.22795e-15
4062.29  1.22301e-15
4065.22  1.21868e-15
4068.15  1.21518e-15
4071.08  1.21247e-15
4074.01  1.21024e-15
4076.94  1.20797e-15
4079.87  1.20509e-15
4082.8   1.20102e-15
4085.73  1.19532e-15
4088.66  1.18778e-15
4091.6   1.17843e-15
4094.53  1.16758e-15
4097.46  1.1557e-15
4100.39  1.14339e-15
4103.32  1.13124e-15
4106.25  1.1197e-15
4109.18  1.10906e-15
4112.11  1.09937e-15
4115.04  1.09049e-15
4117.97  1.08215e-15
4120.9   1.07405e-15
4123.83  1.06598e-15
4126.77  1.0579e-15
4129.7   1.04999e-15
4132.63  1.04264e-15
4135.56  1.03639e-15
4138.49  1.03182e-15
4141.42  1.02938e-15
4144.35  1.0293e-15
4147.28  1.03142e-15
4150.21  1.03521e-15
4153.14  1.03976e-15
4156.07  1.0439e-15
4159     1.04636e-15
4161.93  1.04595e-15
4164.87  1.04178e-15
4167.8   1.03337e-15
4170.73  1.02079e-15
4173.66  1.00461e-15
4176.59  9.85855e-16
4179.52  9.6582e-16
4182.45  9.45908e-16
4185.38  9.27394e-16
4188.31  9.11249e-16
4191.24  8.98009e-16
4194.17  8.87721e-16
4197.1   8.79967e-16
4200.04  8.73971e-16
4202.97  8.68751e-16
4205.9   8.63301e-16
4208.83  8.56766e-16
4211.76  8.48574e-16
4214.69  8.38516e-16
4217.62  8.26751e-16
4220.55  8.13746e-16
4223.48  8.00164e-16
4226.41  7.86719e-16
4229.34  7.74043e-16
4232.27  7.6256e-16
4235.2   7.52426e-16
4238.14  7.43516e-16
4241.07  7.35468e-16
4244     7.27777e-16
4246.93  7.19909e-16
4249.86  7.11422e-16
4252.79  7.02062e-16
4255.72  6.91822e-16
4258.65  6.80952e-16
4261.58  6.69922e-16
4264.51  6.59344e-16
4267.44  6.4987e-16
4270.37  6.42079e-16
4273.31  6.36386e-16
4276.24  6.32977e-16
4279.17  6.31779e-16
4282.1   6.3248e-16
4285.03  6.34583e-16
4287.96  6.37489e-16
4290.89  6.40594e-16
4293.82  6.43378e-16
4296.75  6.45482e-16
4299.68  6.46758e-16
4302.61  6.4727e-16
4305.54  6.47277e-16
4308.47  6.47174e-16
4311.41  6.47417e-16
4314.34  6.48438e-16
4317.27  6.50572e-16
4320.2   6.53998e-16
4323.13  6.58712e-16
4326.06  6.64528e-16
4328.99  6.71112e-16
4331.92  6.7804e-16
4334.85  6.84869e-16
4337.78  6.91203e-16
4340.71  6.96758e-16
4343.64  7.01399e-16
4346.58  7.05154e-16
4349.51  7.08195e-16
4352.44  7.10798e-16
4355.37  7.13291e-16
4358.3   7.15983e-16
4361.23  7.19107e-16
4364.16  7.22773e-16
4367.09  7.26937e-16
4370.02  7.31398e-16
4372.95  7.35825e-16
4375.88  7.39789e-16
4378.81  7.4283e-16
4381.74  7.44516e-16
4384.68  7.44506e-16
4387.61  7.42602e-16
4390.54  7.38787e-16
4393.47  7.33234e-16
4396.4   7.26299e-16
4399.33  7.18492e-16
4402.26  7.1042e-16
4405.19  7.02731e-16
4408.12  6.96046e-16
4411.05  6.90898e-16
4413.98  6.87685e-16
4416.91  6.86642e-16
4419.85  6.87838e-16
4422.78  6.91193e-16
4425.71  6.96514e-16
4428.64  7.03544e-16
4431.57  7.12011e-16
4434.5   7.21666e-16
4437.43  7.32306e-16
4440.36  7.43782e-16
4443.29  7.55982e-16
4446.22  7.68795e-16
4449.15  7.82082e-16
4452.08  7.95637e-16
4455.01  8.09167e-16
4457.95  8.22294e-16
4460.88  8.34576e-16
4463.81  8.45547e-16
4466.74  8.54785e-16
4469.67  8.61966e-16
4472.6   8.66929e-16
4475.53  8.69712e-16
4478.46  8.70567e-16
4481.39  8.69934e-16
4484.32  8.68397e-16
4487.25  8.66602e-16
4490.18  8.65163e-16
4493.12  8.64576e-16
4496.05  8.65136e-16
4498.98  8.66888e-16
4501.91  8.69618e-16
4504.84  8.72877e-16
4507.77  8.76047e-16
4510.7   8.78434e-16
4513.63  8.79374e-16
4516.56  8.78335e-16
4519.49  8.75009e-16
4522.42  8.69365e-16
4525.35  8.61665e-16
4528.28  8.52438e-16
4531.22  8.42417e-16
4534.15  8.32447e-16
4537.08  8.23373e-16
4540.01  8.15939e-16
4542.94  8.10695e-16
4545.87  8.07939e-16
4548.8   8.07697e-16
4551.73  8.09731e-16
4554.66  8.13595e-16
4557.59  8.18706e-16
4560.52  8.24427e-16
4563.45  8.30149e-16
4566.39  8.35361e-16
4569.32  8.39692e-16
4572.25  8.42929e-16
4575.18  8.45014e-16
4578.11  8.46011e-16
4581.04  8.46064e-16
4583.97  8.4535e-16
4586.9   8.44034e-16
4589.83  8.42232e-16
4592.76  8.3999e-16
4595.69  8.37279e-16
4598.62  8.34003e-16
4601.55  8.3002e-16
4604.49  8.25171e-16
4607.42  8.19312e-16
4610.35  8.12348e-16
4613.28  8.04254e-16
4616.21  7.95091e-16
4619.14  7.85015e-16
4622.07  7.74268e-16
4625     7.6316e-16
4627.93  7.52043e-16
4630.86  7.41278e-16
4633.79  7.31195e-16
4636.72  7.22064e-16
4639.66  7.1406e-16
4642.59  7.07247e-16
4645.52  7.01573e-16
4648.45  6.96884e-16
4651.38  6.92949e-16
4654.31  6.89505e-16
4657.24  6.86301e-16
4660.17  6.83148e-16
4663.1   6.79945e-16
4666.03  6.76703e-16
4668.96  6.73531e-16
4671.89  6.70608e-16
4674.82  6.68129e-16
4677.76  6.66251e-16
4680.69  6.6503e-16
4683.62  6.64385e-16
4686.55  6.64076e-16
4689.48  6.63724e-16
4692.41  6.62848e-16
4695.34  6.60938e-16
4698.27  6.57532e-16
4701.2   6.52292e-16
4704.13  6.45074e-16
4707.06  6.35956e-16
4709.99  6.25242e-16
4712.93  6.13432e-16
4715.86  6.01157e-16
4718.79  5.89105e-16
4721.72  5.77933e-16
4724.65  5.68196e-16
4727.58  5.6029e-16
4730.51  5.54428e-16
4733.44  5.50643e-16
4736.37  5.48813e-16
4739.3   5.48709e-16
4742.23  5.50045e-16
4745.16  5.52534e-16
4748.09  5.55919e-16
4751.03  5.60001e-16
4753.96  5.64638e-16
4756.89  5.69733e-16
4759.82  5.7521e-16
4762.75  5.80984e-16
4765.68  5.86937e-16
4768.61  5.92894e-16
4771.54  5.98622e-16
4774.47  6.03828e-16
4777.4   6.08179e-16
4780.33  6.11326e-16
4783.26  6.1293e-16
4786.2   6.12695e-16
4789.13  6.10395e-16
4792.06  6.05899e-16
4794.99  5.99185e-16
4797.92  5.90349e-16
4800.85  5.79607e-16
4803.78  5.67276e-16
4806.71  5.53763e-16
4809.64  5.39532e-16
4812.57  5.25075e-16
4815.5   5.10877e-16
4818.43  4.97382e-16
4821.36  4.84968e-16
4824.3   4.73924e-16
4827.23  4.64444e-16
4830.16  4.5662e-16
4833.09  4.50455e-16
4836.02  4.45878e-16
4838.95  4.42764e-16
4841.88  4.40956e-16
4844.81  4.40285e-16
4847.74  4.40588e-16
4850.67  4.41718e-16
4853.6   4.43556e-16
4856.53  4.46003e-16
4859.47  4.48987e-16
4862.4   4.52447e-16
4865.33  4.5633e-16
4868.26  4.60575e-16
4871.19  4.65112e-16
4874.12  4.6985e-16
4877.05  4.74675e-16
4879.98  4.79457e-16
4882.91  4.84051e-16
4885.84  4.88311e-16
4888.77  4.92104e-16
4891.7   4.9532e-16
4894.63  4.97887e-16
4897.57  4.99775e-16
4900.5   5.01001e-16
4903.43  5.0162e-16
4906.36  5.01718e-16
4909.29  5.01397e-16
4912.22  5.00754e-16
4915.15  4.99865e-16
4918.08  4.98775e-16
4921.01  4.97487e-16
4923.94  4.95966e-16
4926.87  4.94141e-16
4929.8   4.91926e-16
4932.74  4.89237e-16
4935.67  4.86014e-16
4938.6   4.82243e-16
4941.53  4.77972e-16
4944.46  4.73317e-16
4947.39  4.68466e-16
4950.32  4.63659e-16
4953.25  4.59174e-16
4956.18  4.55291e-16
4959.11  4.52261e-16
4962.04  4.50272e-16
4964.97  4.49416e-16
4967.9   4.49674e-16
4970.84  4.50912e-16
4973.77  4.5289e-16
4976.7   4.55296e-16
4979.63  4.57782e-16
4982.56  4.60024e-16
4985.49  4.61763e-16
4988.42  4.62854e-16
4991.35  4.63287e-16
4994.28  4.63193e-16
4997.21  4.62825e-16
5000.14  4.62514e-16
5003.07  4.6262e-16
5006.01  4.63471e-16
5008.94  4.65311e-16
5011.87  4.68269e-16
5014.8   4.72343e-16
5017.73  4.77416e-16
5020.66  4.83285e-16
5023.59  4.89708e-16
5026.52  4.96455e-16
5029.45  5.03345e-16
5032.38  5.10275e-16
5035.31  5.17223e-16
5038.24  5.24235e-16
5041.17  5.31394e-16
5044.11  5.38783e-16
5047.04  5.46447e-16
5049.97  5.54368e-16
5052.9   5.62447e-16
5055.83  5.70513e-16
5058.76  5.78338e-16
5061.69  5.85669e-16
5064.62  5.92264e-16
5067.55  5.97917e-16
5070.48  6.02495e-16
5073.41  6.0594e-16
5076.34  6.08284e-16
5079.28  6.09634e-16
5082.21  6.10159e-16
5085.14  6.1007e-16
5088.07  6.09594e-16
5091     6.08955e-16
5093.93  6.08349e-16
5096.86  6.07929e-16
5099.79  6.07792e-16
5102.72  6.07969e-16
5105.65  6.08428e-16
5108.58  6.09073e-16
5111.51  6.09756e-16
5114.44  6.103e-16
5117.38  6.1051e-16
5120.31  6.10212e-16
5123.24  6.09266e-16
5126.17  6.07602e-16
5129.1   6.0523e-16
5132.03  6.02251e-16
5134.96  5.98852e-16
5137.89  5.95292e-16
5140.82  5.91874e-16
5143.75  5.8891e-16
5146.68  5.86682e-16
5149.61  5.85408e-16
5152.54  5.8521e-16
5155.48  5.86104e-16
5158.41  5.87991e-16
5161.34  5.90677e-16
5164.27  5.93891e-16
5167.2   5.97316e-16
5170.13  6.0063e-16
5173.06  6.03525e-16
5175.99  6.05736e-16
5178.92  6.07055e-16
5181.85  6.07325e-16
5184.78  6.06443e-16
5187.71  6.0434e-16
5190.65  6.00971e-16
5193.58  5.96304e-16
5196.51  5.90312e-16
5199.44  5.82977e-16
5202.37  5.743e-16
5205.3   5.64311e-16
5208.23  5.53094e-16
5211.16  5.40793e-16
5214.09  5.27622e-16
5217.02  5.13867e-16
5219.95  4.99866e-16
5222.88  4.85989e-16
5225.81  4.72605e-16
5228.75  4.60048e-16
5231.68  4.48589e-16
5234.61  4.38406e-16
5237.54  4.29579e-16
5240.47  4.22086e-16
5243.4   4.15825e-16
5246.33  4.10633e-16
5249.26  4.06323e-16
5252.19  4.02711e-16
5255.12  3.99643e-16
5258.05  3.97012e-16
5260.98  3.9476e-16
5263.92  3.9287e-16
5266.85  3.9135e-16
5269.78  3.90212e-16
5272.71  3.89452e-16
5275.64  3.89036e-16
5278.57  3.88894e-16
5281.5   3.88933e-16
5284.43  3.89043e-16
5287.36  3.89127e-16
5290.29  3.8912e-16
5293.22  3.89005e-16
5296.15  3.88829e-16
5299.08  3.88692e-16
5302.02  3.88742e-16
5304.95  3.89148e-16
5307.88  3.90068e-16
5310.81  3.91624e-16
5313.74  3.93874e-16
5316.67  3.96794e-16
5319.6   4.00281e-16
5322.53  4.04157e-16
5325.46  4.08192e-16
5328.39  4.12137e-16
5331.32  4.1575e-16
5334.25  4.18835e-16
5337.19  4.21256e-16
5340.12  4.22959e-16
5343.05  4.23968e-16
5345.98  4.24375e-16
5348.91  4.24324e-16
5351.84  4.23987e-16
5354.77  4.23541e-16
5357.7   4.23143e-16
5360.63  4.2292e-16
5363.56  4.22952e-16
5366.49  4.23268e-16
5369.42  4.23847e-16
5372.35  4.24614e-16
5375.29  4.25448e-16
5378.22  4.26187e-16
5381.15  4.26638e-16
5384.08  4.26587e-16
5387.01  4.25824e-16
5389.94  4.24157e-16
5392.87  4.21441e-16
5395.8   4.17596e-16
5398.73  4.12627e-16
5401.66  4.06632e-16
5404.59  3.99801e-16
5407.52  3.924e-16
5410.46  3.84751e-16
5413.39  3.77196e-16
5416.32  3.70062e-16
5419.25  3.63632e-16
5422.18  3.58114e-16
5425.11  3.53634e-16
5428.04  3.50232e-16
5430.97  3.47875e-16
5433.9   3.46484e-16
5436.83  3.45961e-16
5439.76  3.46213e-16
5442.69  3.47178e-16
5445.62  3.48833e-16
5448.56  3.51187e-16
5451.49  3.54272e-16
5454.42  3.58116e-16
5457.35  3.62719e-16
5460.28  3.68034e-16
5463.21  3.73955e-16
5466.14  3.80316e-16
5469.07  3.86912e-16
5472     3.93515e-16
5474.93  3.99912e-16
5477.86  4.05932e-16
5480.79  4.11467e-16
5483.73  4.16486e-16
5486.66  4.21032e-16
5489.59  4.2521e-16
5492.52  4.29165e-16
5495.45  4.3305e-16
5498.38  4.37002e-16
5501.31  4.41122e-16
5504.24  4.45456e-16
5507.17  4.49994e-16
5510.1   4.54677e-16
5513.03  4.5941e-16
5515.96  4.64077e-16
5518.89  4.68565e-16
5521.83  4.72777e-16
5524.76  4.76648e-16
5527.69  4.80147e-16
5530.62  4.83279e-16
5533.55  4.86074e-16
5536.48  4.88581e-16
5539.41  4.90846e-16
5542.34  4.92902e-16
5545.27  4.94759e-16
5548.2   4.964e-16
5551.13  4.97788e-16
5554.06  4.98873e-16
5557     4.99614e-16
5559.93  4.99998e-16
5562.86  5.00052e-16
5565.79  4.99859e-16
5568.72  4.9955e-16
5571.65  4.99293e-16
5574.58  4.99271e-16
5577.51  4.99647e-16
5580.44  5.00536e-16
5583.37  5.01975e-16
5586.3   5.03906e-16
5589.23  5.06178e-16
5592.16  5.08563e-16
5595.1   5.10783e-16
5598.03  5.12551e-16
5600.96  5.13613e-16
5603.89  5.13785e-16
5606.82  5.12977e-16
5609.75  5.11204e-16
5612.68  5.08574e-16
5615.61  5.05267e-16
5618.54  5.01502e-16
5621.47  4.975e-16
5624.4   4.93454e-16
5627.33  4.89509e-16
5630.27  4.8575e-16
5633.2   4.82214e-16
5636.13  4.78905e-16
5639.06  4.7582e-16
5641.99  4.72969e-16
5644.92  4.70396e-16
5647.85  4.6818e-16
5650.78  4.66434e-16
5653.71  4.6528e-16
5656.64  4.64828e-16
5659.57  4.65143e-16
5662.5   4.66224e-16
5665.43  4.67986e-16
5668.37  4.70259e-16
5671.3   4.72798e-16
5674.23  4.75308e-16
5677.16  4.77474e-16
5680.09  4.79003e-16
5683.02  4.79649e-16
5685.95  4.79249e-16
5688.88  4.77728e-16
5691.81  4.75113e-16
5694.74  4.71515e-16
5697.67  4.67116e-16
5700.6   4.62146e-16
5703.54  4.56853e-16
5706.47  4.51482e-16
5709.4   4.46256e-16
5712.33  4.41359e-16
5715.26  4.36932e-16
5718.19  4.33066e-16
5721.12  4.29806e-16
5724.05  4.27156e-16
5726.98  4.25085e-16
5729.91  4.23533e-16
5732.84  4.22421e-16
5735.77  4.2166e-16
5738.7   4.21155e-16
5741.64  4.20814e-16
5744.57  4.20557e-16
5747.5   4.20319e-16
5750.43  4.20057e-16
5753.36  4.19748e-16
5756.29  4.19397e-16
5759.22  4.19032e-16
5762.15  4.18698e-16
5765.08  4.18454e-16
5768.01  4.1836e-16
5770.94  4.18473e-16
5773.87  4.18835e-16
5776.81  4.19465e-16
5779.74  4.20359e-16
5782.67  4.21485e-16
5785.6   4.22794e-16
5788.53  4.24219e-16
5791.46  4.2569e-16
5794.39  4.27139e-16
5797.32  4.28513e-16
5800.25  4.29776e-16
5803.18  4.3091e-16
5806.11  4.31912e-16
5809.04  4.3279e-16
5811.97  4.33552e-16
5814.91  4.342e-16
5817.84  4.34722e-16
5820.77  4.35096e-16
5823.7   4.35289e-16
5826.63  4.35268e-16
5829.56  4.35008e-16
5832.49  4.34506e-16
5835.42  4.33782e-16
5838.35  4.32884e-16
5841.28  4.31881e-16
5844.21  4.30848e-16
5847.14  4.29857e-16
5850.08  4.28955e-16
5853.01  4.28154e-16
5855.94  4.27425e-16
5858.87  4.26705e-16
5861.8   4.25908e-16
5864.73  4.24944e-16
5867.66  4.23748e-16
5870.59  4.22295e-16
5873.52  4.20624e-16
5876.45  4.18835e-16
5879.38  4.17083e-16
5882.31  4.15562e-16
5885.24  4.14474e-16
5888.18  4.13994e-16
5891.11  4.1424e-16
5894.04  4.15249e-16
5896.97  4.16963e-16
5899.9   4.19229e-16
5902.83  4.21815e-16
5905.76  4.24436e-16
5908.69  4.26791e-16
5911.62  4.28599e-16
5914.55  4.29638e-16
5917.48  4.29769e-16
5920.41  4.28961e-16
5923.35  4.27288e-16
5926.28  4.24931e-16
5929.21  4.22147e-16
5932.14  4.1925e-16
5935.07  4.16568e-16
5938     4.14404e-16
5940.93  4.13005e-16
5943.86  4.12523e-16
5946.79  4.13001e-16
5949.72  4.14356e-16
5952.65  4.1639e-16
5955.58  4.18804e-16
5958.51  4.21231e-16
5961.45  4.23278e-16
5964.38  4.24571e-16
5967.31  4.24796e-16
5970.24  4.23742e-16
5973.17  4.21321e-16
5976.1   4.17581e-16
5979.03  4.12698e-16
5981.96  4.06949e-16
5984.89  4.00675e-16
5987.82  3.94237e-16
5990.75  3.87971e-16
5993.68  3.82142e-16
5996.62  3.76924e-16
5999.55  3.72378e-16
6002.48  3.68465e-16
6005.41  3.6506e-16
6008.34  3.61983e-16
6011.27  3.59036e-16
6014.2   3.56038e-16
6017.13  3.52847e-16
6020.06  3.49379e-16
6022.99  3.45611e-16
6025.92  3.41564e-16
6028.85  3.37288e-16
6031.78  3.32838e-16
6034.72  3.28251e-16
6037.65  3.23532e-16
6040.58  3.18647e-16
6043.51  3.13527e-16
6046.44  3.08085e-16
6049.37  3.0223e-16
6052.3   2.95886e-16
6055.23  2.89012e-16
6058.16  2.81605e-16
6061.09  2.73708e-16
6064.02  2.65396e-16
6066.95  2.56774e-16
6069.89  2.4796e-16
6072.82  2.39075e-16
6075.75  2.30241e-16
6078.68  2.21574e-16
6081.61  2.13188e-16
6084.54  2.052e-16
6087.47  1.97728e-16
6090.4   1.90897e-16
6093.33  1.84823e-16
6096.26  1.79613e-16
6099.19  1.75346e-16
6102.12  1.72061e-16
6105.05  1.69748e-16
6107.99  1.68346e-16
6110.92  1.67748e-16
6113.85  1.67812e-16
6116.78  1.68379e-16
6119.71  1.69298e-16
6122.64  1.70442e-16
6125.57  1.71723e-16
6128.5   1.73099e-16
6131.43  1.74576e-16
6134.36  1.76194e-16
6137.29  1.78014e-16
6140.22  1.80105e-16
6143.16  1.82521e-16
6146.09  1.85297e-16
6149.02  1.88433e-16
6151.95  1.91901e-16
6154.88  1.95647e-16
6157.81  1.99599e-16
6160.74  2.03679e-16
6163.67  2.07814e-16
6166.6   2.11951e-16
6169.53  2.16057e-16
6172.46  2.20129e-16
6175.39  2.24189e-16
6178.32  2.28283e-16
6181.26  2.32471e-16
6184.19  2.36818e-16
6187.12  2.41377e-16
6190.05  2.46184e-16
6192.98  2.51245e-16
6195.91  2.56533e-16
6198.84  2.61981e-16
6201.77  2.67495e-16
6204.7   2.72955e-16
6207.63  2.78229e-16
6210.56  2.8319e-16
6213.49  2.87725e-16
6216.43  2.91749e-16
6219.36  2.95215e-16
6222.29  2.98112e-16
6225.22  3.00467e-16
6228.15  3.02339e-16
6231.08  3.03806e-16
6234.01  3.04959e-16
6236.94  3.05888e-16
6239.87  3.06669e-16
6242.8   3.07365e-16
6245.73  3.08013e-16
6248.66  3.08635e-16
6251.59  3.09232e-16
6254.53  3.09799e-16
6257.46  3.10326e-16
6260.39  3.1081e-16
6263.32  3.11256e-16
6266.25  3.1168e-16
6269.18  3.12109e-16
6272.11  3.12574e-16
6275.04  3.13104e-16
6277.97  3.13713e-16
6280.9   3.14402e-16
6283.83  3.15143e-16
6286.76  3.15886e-16
6289.7   3.16556e-16
6292.63  3.17068e-16
6295.56  3.17333e-16
6298.49  3.17273e-16
6301.42  3.16841e-16
6304.35  3.16024e-16
6307.28  3.14859e-16
6310.21  3.13425e-16
6313.14  3.11842e-16
6316.07  3.10256e-16
6319     3.08816e-16
6321.93  3.0766e-16
6324.86  3.06888e-16
6327.8   3.06551e-16
6330.73  3.06638e-16
6333.66  3.07079e-16
6336.59  3.0775e-16
6339.52  3.08492e-16
6342.45  3.09129e-16
6345.38  3.09496e-16
6348.31  3.0946e-16
6351.24  3.08937e-16
6354.17  3.0791e-16
6357.1   3.06425e-16
6360.03  3.04591e-16
6362.97  3.02558e-16
6365.9   3.00501e-16
6368.83  2.98585e-16
6371.76  2.96947e-16
6374.69  2.95667e-16
6377.62  2.94758e-16
6380.55  2.94158e-16
6383.48  2.93743e-16
6386.41  2.93341e-16
6389.34  2.92763e-16
6392.27  2.9183e-16
6395.2   2.90408e-16
6398.13  2.88429e-16
6401.07  2.8591e-16
6404     2.82955e-16
6406.93  2.79746e-16
6409.86  2.76521e-16
6412.79  2.73544e-16
6415.72  2.71067e-16
6418.65  2.69297e-16
6421.58  2.68363e-16
6424.51  2.68297e-16
6427.44  2.69025e-16
6430.37  2.70375e-16
6433.3   2.721e-16
6436.24  2.73907e-16
6439.17  2.75494e-16
6442.1   2.76591e-16
6445.03  2.7699e-16
6447.96  2.76572e-16
6450.89  2.75313e-16
6453.82  2.73285e-16
6456.75  2.70641e-16
6459.68  2.67591e-16
6462.61  2.64372e-16
6465.54  2.61219e-16
6468.47  2.58339e-16
6471.4   2.5589e-16
6474.34  2.53968e-16
6477.27  2.52606e-16
6480.2   2.51778e-16
6483.13  2.51405e-16
6486.06  2.51372e-16
6488.99  2.5154e-16
6491.92  2.51758e-16
6494.85  2.51881e-16
6497.78  2.51775e-16
6500.71  2.51334e-16
6503.64  2.50488e-16
6506.57  2.49213e-16
6509.51  2.47534e-16
6512.44  2.45535e-16
6515.37  2.43345e-16
6518.3   2.4113e-16
6521.23  2.39067e-16
6524.16  2.3732e-16
6527.09  2.36002e-16
6530.02  2.35155e-16
6532.95  2.34724e-16
6535.88  2.34557e-16
6538.81  2.34418e-16
6541.74  2.34013e-16
6544.67  2.33043e-16
6547.61  2.31247e-16
6550.54  2.28453e-16
6553.47  2.24617e-16
6556.4   2.19836e-16
6559.33  2.14348e-16
6562.26  2.085e-16
6565.19  2.02705e-16
6568.12  1.97384e-16
6571.05  1.92908e-16
6573.98  1.89553e-16
6576.91  1.87468e-16
6579.84  1.86667e-16
6582.78  1.87033e-16
6585.71  1.88351e-16
6588.64  1.90343e-16
6591.57  1.92708e-16
6594.5   1.95163e-16
6597.43  1.97471e-16
6600.36  1.99459e-16
6603.29  2.01022e-16
6606.22  2.02128e-16
6609.15  2.02798e-16
6612.08  2.03096e-16
6615.01  2.03114e-16
6617.94  2.02953e-16
6620.88  2.02715e-16
6623.81  2.02488e-16
6626.74  2.0234e-16
6629.67  2.02312e-16
6632.6   2.02413e-16
6635.53  2.02619e-16
6638.46  2.02872e-16
6641.39  2.03087e-16
6644.32  2.03162e-16
6647.25  2.0299e-16
6650.18  2.02475e-16
6653.11  2.01553e-16
6656.05  2.00199e-16
6658.98  1.98441e-16
6661.91  1.96361e-16
6664.84  1.94083e-16
6667.77  1.91763e-16
6670.7   1.89568e-16
6673.63  1.87651e-16
6676.56  1.86135e-16
6679.49  1.85093e-16
6682.42  1.84542e-16
6685.35  1.84444e-16
6688.28  1.84714e-16
6691.21  1.85233e-16
6694.15  1.85871e-16
6697.08  1.865e-16
6700.01  1.87017e-16
6702.94  1.87351e-16
6705.87  1.87469e-16
6708.8   1.87376e-16
6711.73  1.8711e-16
6714.66  1.86722e-16
6717.59  1.86271e-16
6720.52  1.85802e-16
6723.45  1.8534e-16
6726.38  1.84879e-16
6729.32  1.84386e-16
6732.25  1.83802e-16
6735.18  1.83061e-16
6738.11  1.82102e-16
6741.04  1.80889e-16
6743.97  1.79427e-16
6746.9   1.77769e-16
6749.83  1.76024e-16
6752.76  1.74343e-16
6755.69  1.72904e-16
6758.62  1.71889e-16
6761.55  1.71454e-16
6764.48  1.71702e-16
6767.42  1.7266e-16
6770.35  1.74268e-16
6773.28  1.76377e-16
6776.21  1.78764e-16
6779.14  1.81158e-16
6782.07  1.83276e-16
6785     1.84861e-16
6787.93  1.8572e-16
6790.86  1.85759e-16
6793.79  1.84992e-16
6796.72  1.8355e-16
6799.65  1.81657e-16
6802.59  1.79605e-16
6805.52  1.77701e-16
6808.45  1.76228e-16
6811.38  1.75393e-16
6814.31  1.75294e-16
6817.24  1.75902e-16
6820.17  1.77059e-16
6823.1   1.78502e-16
6826.03  1.79896e-16
6828.96  1.80883e-16
6831.89  1.81135e-16
6834.82  1.804e-16
6837.75  1.78537e-16
6840.69  1.75539e-16
6843.62  1.71535e-16
6846.55  1.66776e-16
6849.48  1.61604e-16
6852.41  1.5642e-16
6855.34  1.51635e-16
6858.27  1.47634e-16
6861.2   1.44733e-16
6864.13  1.43157e-16
6867.06  1.43009e-16
6869.99  1.44272e-16
6872.92  1.46799e-16
6875.86  1.50333e-16
6878.79  1.54526e-16
6881.72  1.58972e-16
6884.65  1.63252e-16
6887.58  1.6697e-16
6890.51  1.69804e-16
6893.44  1.71538e-16
6896.37  1.72089e-16
6899.3   1.71512e-16
6902.23  1.69988e-16
6905.16  1.67796e-16
6908.09  1.65267e-16
6911.02  1.6273e-16
6913.96  1.60466e-16
6916.89  1.58668e-16
6919.82  1.57412e-16
6922.75  1.56663e-16
6925.68  1.56289e-16
6928.61  1.56096e-16
6931.54  1.55874e-16
6934.47  1.55441e-16
6937.4   1.5468e-16
6940.33  1.5356e-16
6943.26  1.52144e-16
6946.19  1.50572e-16
6949.13  1.49037e-16
6952.06  1.47747e-16
6954.99  1.46888e-16
6957.92  1.46592e-16
6960.85  1.46918e-16
6963.78  1.47842e-16
6966.71  1.49268e-16
6969.64  1.51047e-16
6972.57  1.53002e-16
6975.5   1.54957e-16
6978.43  1.56764e-16
6981.36  1.58318e-16
6984.29  1.59563e-16
6987.23  1.60493e-16
6990.16  1.61136e-16
6993.09  1.61547e-16
6996.02  1.61786e-16
6998.95  1.61913e-16
7001.88  1.61971e-16
7004.81  1.61995e-16
7007.74  1.62003e-16
7010.67  1.62006e-16
7013.6   1.62006e-16
7016.53  1.62006e-16
7019.46  1.62006e-16