#11.877732500460523
3000  0
3010  0
3020  0
3030  0
3040  0
3050  0
3060  0
3070  0
3080  0
3090  0
3100  0
3110  0
3120  3.50194e-16
3130  3.24048e-16
3140  2.9706e-16
3150  2.71084e-16
3160  2.47755e-16
3170  2.28269e-16
3180  2.13256e-16
3190  2.02756e-16
3200  1.96307e-16
3210  1.93086e-16
3220  1.92098e-16
3230  1.92334e-16
3240  1.92914e-16
3250  1.93168e-16
3260  1.92674e-16
3270  1.91265e-16
3280  1.89008e-16
3290  1.86174e-16
3300  1.83196e-16
3310  1.80607e-16
3320  1.78977e-16
3330  1.78832e-16
3340  1.80567e-16
3350  1.84365e-16
3360  1.90151e-16
3370  1.97569e-16
3380  2.06026e-16
3390  2.14797e-16
3400  2.23182e-16
3410  2.3069e-16
3420  2.37217e-16
3430  2.43164e-16
3440  2.4945e-16
3450  2.57404e-16
3460  2.68523e-16
3470  2.84149e-16
3480  3.05111e-16
3490  3.31432e-16
3500  3.62167e-16
3510  3.95443e-16
3520  4.28715e-16
3530  4.59198e-16
3540  4.84416e-16
3550  5.0273e-16
3560  5.1375e-16
3570  5.18496e-16
3580  5.19273e-16
3590  5.19242e-16
3600  5.2178e-16
3610  5.29736e-16
3620  5.44785e-16
3630  5.6699e-16
3640  5.94726e-16
3650  6.24941e-16
3660  6.53726e-16
3670  6.77039e-16
3680  6.9141e-16
3690  6.9449e-16
3700  6.85334e-16
3710  6.6441e-16
3720  6.33393e-16
3730  5.94838e-16
3740  5.51838e-16
3750  5.07745e-16
3760  4.65971e-16
3770  4.29862e-16
3780  4.02585e-16
3790  3.8699e-16
3800  3.85418e-16
3810  3.99471e-16
3820  4.29769e-16
3830  4.75766e-16
3840  5.35662e-16
3850  6.0645e-16
3860  6.84096e-16
3870  7.63837e-16
3880  8.40564e-16
3890  9.09238e-16
3900  9.65338e-16
3910  1.00527e-15
3920  1.02678e-15
3930  1.02922e-15
3940  1.01374e-15
3950  9.83249e-16
3960  9.42143e-16
3970  8.9578e-16
3980  8.49742e-16
3990  8.09004e-16
4000  7.77171e-16
4010  7.55946e-16
4020  7.44964e-16
4030  7.42047e-16
4040  7.43838e-16
4050  7.46669e-16
4060  7.47469e-16
4070  7.44473e-16
4080  7.37587e-16
4090  7.28304e-16
4100  7.19209e-16
4110  7.13213e-16
4120  7.127e-16
4130  7.1882e-16
4140  7.31101e-16
4150  7.47463e-16
4160  7.64644e-16
4170  7.78903e-16
4180  7.8685e-16
4190  7.86181e-16
4200  7.76158e-16
4210  7.57726e-16
4220  7.33256e-16
4230  7.05979e-16
4240  6.7926e-16
4250  6.55877e-16
4260  6.37462e-16
4270  6.24229e-16
4280  6.15028e-16
4290  6.07694e-16
4300  5.99613e-16
4310  5.88367e-16
4320  5.7231e-16
4330  5.50964e-16
4340  5.25163e-16
4350  4.96914e-16
4360  4.69023e-16
4370  4.44584e-16
4380  4.26418e-16
4390  4.16612e-16
4400  4.16209e-16
4410  4.25128e-16
4420  4.42303e-16
4430  4.65985e-16
4440  4.94152e-16
4450  5.24903e-16
4460  5.56775e-16
4470  5.88905e-16
4480  6.21014e-16
4490  6.53241e-16
4500  6.85871e-16
4510  7.19031e-16
4520  7.52447e-16
4530  7.85312e-16
4540  8.16293e-16
4550  8.43694e-16
4560  8.65709e-16
4570  8.80724e-16
4580  8.8759e-16
4590  8.85805e-16
4600  8.7557e-16
4610  8.57705e-16
4620  8.33459e-16
4630  8.0426e-16
4640  7.71484e-16
4650  7.36298e-16
4660  6.99623e-16
4670  6.6222e-16
4680  6.24839e-16
4690  5.88394e-16
4700  5.54036e-16
4710  5.231e-16
4720  4.96889e-16
4730  4.76352e-16
4740  4.61756e-16
4750  4.52465e-16
4760  4.46945e-16
4770  4.43037e-16
4780  4.38453e-16
4790  4.314e-16
4800  4.21136e-16
4810  4.08303e-16
4820  3.94898e-16
4830  3.83869e-16
4840  3.78395e-16
4850  3.81034e-16
4860  3.92951e-16
4870  4.13439e-16
4880  4.39867e-16
4890  4.68096e-16
4900  4.93276e-16
4910  5.10841e-16
4920  5.17477e-16
4930  5.11832e-16
4940  4.94808e-16
4950  4.69372e-16
4960  4.39933e-16
4970  4.11445e-16
4980  3.88427e-16
4990  3.74141e-16
5000  3.70073e-16
5010  3.75837e-16
5020  3.89464e-16
5030  4.07997e-16
5040  4.28207e-16
5050  4.47264e-16
5060  4.63202e-16
5070  4.75107e-16
5080  4.83022e-16
5090  4.87651e-16
5100  4.8998e-16
5110  4.90955e-16
5120  4.91276e-16
5130  4.91352e-16
5140  4.91363e-16
5150  4.91364e-16
5160  4.91364e-16
5170  0
5180  0
5190  0
5200  0
5210  0
5220  0
5230  0
5240  0
5250  0
5260  0
5270  0
5280  0
5290  0
5300  0
5310  0
5320  0
5330  0
5340  0
5350  0
5360  0
5370  0
5380  0
5390  0
5400  0
5410  0
5420  0
5430  0
5440  0
5450  0
5460  0
5470  0
5480  0
5490  0
5500  0
5510  0
5520  0
5530  0
5540  0
5550  0
5560  0
5570  0
5580  0
5590  0
5600  0
5610  0
5620  0
5630  0
5640  0
5650  0
5660  0
5670  0
5680  0
5690  0
5700  0
5710  0
5720  0
5730  0
5740  0
5750  0
5760  0
5770  0
5780  0
5790  0
5800  0
5810  0
5820  0
5830  0
5840  0
5850  0
5860  0
5870  0
5880  0
5890  0
5900  0
5910  0
5920  0
5930  0
5940  0
5950  0
5960  0
5970  0
5980  0
5990  0
6000  0
6010  0
6020  0
6030  0
6040  0
6050  0
6060  0
6070  0
6080  0
6090  0
6100  0
6110  0
6120  0
6130  0
6140  0
6150  0
6160  0
6170  0
6180  0
6190  0
6200  0
6210  0
6220  0
6230  0
6240  0
6250  0
6260  0
6270  0
6280  0
6290  0
6300  0
6310  0
6320  0
6330  0
6340  0
6350  0
6360  0
6370  0
6380  0
6390  0
6400  0
6410  0
6420  0
6430  0
6440  0
6450  0
6460  0
6470  0
6480  0
6490  0
6500  0
6510  0
6520  0
6530  0
6540  0
6550  0
6560  0
6570  0
6580  0
6590  0
6600  0
6610  0
6620  0
6630  0
6640  0
6650  0
6660  0
6670  0
6680  0
6690  0
6700  0
6710  0
6720  0
6730  0
6740  0
6750  0
6760  0
6770  0
6780  0
6790  0
6800  0
6810  0
6820  0
6830  0
6840  0
6850  0
6860  0
6870  0
6880  0
6890  0
6900  0
6910  0
6920  0
6930  0
6940  0
6950  0
6960  0
6970  0
6980  0
6990  0
7000  0
7010  0
7020  0
7030  0
7040  0
7050  0
7060  0
7070  0
7080  0
7090  0
7100  0
7110  0
7120  0
7130  0
7140  0
7150  0
7160  0
7170  0
7180  0
7190  0
7200  0
7210  0
7220  0
7230  0
7240  0
7250  0
7260  0
7270  0
7280  0
7290  0
7300  0
7310  0
7320  0
7330  0
7340  0
7350  0
7360  0
7370  0
7380  0
7390  0
7400  0
7410  0
7420  0
7430  0
7440  0
7450  0
7460  0
7470  0
7480  0
7490  0
7500  0
7510  0
7520  0
7530  0
7540  0
7550  0
7560  0
7570  0
7580  0
7590  0
7600  0
7610  0
7620  0
7630  0
7640  0
7650  0
7660  0
7670  0
7680  0
7690  0
7700  0
7710  0
7720  0
7730  0
7740  0
7750  0
7760  0
7770  0
7780  0
7790  0
7800  0
7810  0
7820  0
7830  0
7840  0
7850  0
7860  0
7870  0
7880  0
7890  0
7900  0
7910  0
7920  0
7930  0
7940  0
7950  0
7960  0
7970  0
7980  0
7990  0
8000  0
8010  0
8020  0
8030  0
8040  0
8050  0
8060  0
8070  0
8080  0
8090  0
8100  0
8110  0
8120  0
8130  0
8140  0
8150  0
8160  0
8170  0
8180  0
8190  0
8200  0
8210  0
8220  0
8230  0
8240  0
8250  0
8260  0
8270  0
8280  0
8290  0
8300  0
8310  0
8320  0
8330  0
8340  0
8350  0
8360  0
8370  0
8380  0
8390  0
8400  0
8410  0
8420  0
8430  0
8440  0
8450  0
8460  0
8470  0
8480  0
8490  0
8500  0
8510  0
8520  0
8530  0
8540  0
8550  0
8560  0
8570  0
8580  0
8590  0
8600  0
8610  0
8620  0
8630  0
8640  0
8650  0
8660  0
8670  0
8680  0
8690  0
8700  0
8710  0
8720  0
8730  0
8740  0
8750  0
8760  0
8770  0
8780  0
8790  0
8800  0
8810  0
8820  0
8830  0
8840  0
8850  0
8860  0
8870  0
8880  0
8890  0
8900  0
8910  0
8920  0
8930  0
8940  0
8950  0
8960  0
8970  0
8980  0
8990  0
9000  0