#4.670168135967461
3000  0
3010  0
3020  0
3030  0
3040  0
3050  0
3060  0
3070  0
3080  0
3090  0
3100  0
3110  0
3120  0
3130  0
3140  0
3150  0
3160  0
3170  0
3180  0
3190  0
3200  0
3210  0
3220  0
3230  0
3240  0
3250  0
3260  0
3270  0
3280  0
3290  0
3300  0
3310  0
3320  0
3330  0
3340  0
3350  0
3360  0
3370  0
3380  0
3390  0
3400  0
3410  0
3420  0
3430  0
3440  0
3450  0
3460  0
3470  3.50896e-15
3480  3.66201e-15
3490  3.7989e-15
3500  3.88944e-15
3510  3.90613e-15
3520  3.83131e-15
3530  3.66373e-15
3540  3.423e-15
3550  3.15047e-15
3560  2.90546e-15
3570  2.75703e-15
3580  2.77209e-15
3590  3.00189e-15
3600  3.46954e-15
3610  4.1613e-15
3620  5.02404e-15
3630  5.97007e-15
3640  6.88915e-15
3650  7.6657e-15
3660  8.19831e-15
3670  8.41733e-15
3680  8.29716e-15
3690  7.86036e-15
3700  7.17268e-15
3710  6.33021e-15
3720  5.4414e-15
3730  4.60797e-15
3740  3.90899e-15
3750  3.39133e-15
3760  3.06822e-15
3770  2.92564e-15
3780  2.93433e-15
3790  3.06388e-15
3800  3.29504e-15
3810  3.62685e-15
3820  4.07671e-15
3830  4.67316e-15
3840  5.44335e-15
3850  6.39826e-15
3860  7.51994e-15
3870  8.75426e-15
3880  1.00119e-14
3890  1.11785e-14
3900  1.2132e-14
3910  1.27651e-14
3920  1.30065e-14
3930  1.2838e-14
3940  1.2302e-14
3950  1.14964e-14
3960  1.05594e-14
3970  9.64421e-15
3980  8.89001e-15
3990  8.39552e-15
4000  8.20034e-15
4010  8.27909e-15
4020  8.54962e-15
4030  8.8936e-15
4040  9.18476e-15
4050  9.31812e-15
4060  9.23328e-15
4070  8.92638e-15
4080  8.44823e-15
4090  7.88933e-15
4100  7.35626e-15
4110  6.94533e-15
4120  6.72029e-15
4130  6.69927e-15
4140  6.85361e-15
4150  7.11795e-15
4160  7.40845e-15
4170  7.64369e-15
4180  7.76312e-15
4190  7.73864e-15
4200  7.57708e-15
4210  7.31405e-15
4220  7.00143e-15
4230  6.69251e-15
4240  6.42866e-15
4250  6.2307e-15
4260  6.09682e-15
4270  6.00663e-15
4280  5.92988e-15
4290  5.83698e-15
4300  5.70843e-15
4310  5.54091e-15
4320  5.34874e-15
4330  5.16068e-15
4340  5.01338e-15
4350  4.94334e-15
4360  4.97934e-15
4370  5.13725e-15
4380  5.41792e-15
4390  5.80826e-15
4400  6.28483e-15
4410  6.8186e-15
4420  7.37963e-15
4430  7.94072e-15
4440  8.47938e-15
4450  8.97836e-15
4460  9.425e-15
4470  9.81027e-15
4480  1.01279e-14
4490  1.03743e-14
4500  1.05484e-14
4510  1.06524e-14
4520  1.06915e-14
4530  1.06736e-14
4540  1.0608e-14
4550  1.05035e-14
4560  1.0367e-14
4570  1.02021e-14
4580  1.001e-14
4590  9.79024e-15
4600  9.54317e-15
4610  9.27228e-15
4620  8.9855e-15
4630  8.69527e-15
4640  8.41684e-15
4650  8.16545e-15
4660  7.95305e-15
4670  7.78582e-15
4680  7.66325e-15
4690  7.57906e-15
4700  7.52365e-15
4710  7.48713e-15
4720  7.46176e-15
4730  7.44292e-15
4740  7.42822e-15
4750  7.41512e-15
4760  7.39825e-15
4770  7.36759e-15
4780  7.30868e-15
4790  7.20524e-15
4800  7.04369e-15
4810  6.8183e-15
4820  6.53531e-15
4830  6.2144e-15
4840  5.88673e-15
4850  5.58965e-15
4860  5.3592e-15
4870  5.22232e-15
4880  5.19065e-15
4890  5.25771e-15
4900  5.40009e-15
4910  5.58237e-15
4920  5.7647e-15
4930  5.91101e-15
4940  5.99615e-15
4950  6.01044e-15
4960  5.96062e-15
4970  5.86762e-15
4980  5.76151e-15
4990  5.67519e-15
5000  5.63803e-15
5010  5.67066e-15
5020  5.78183e-15
5030  5.96748e-15
5040  6.21205e-15
5050  6.49155e-15
5060  6.77768e-15
5070  7.04249e-15
5080  7.26271e-15
5090  7.42314e-15
5100  7.51879e-15
5110  7.55505e-15
5120  7.54613e-15
5130  7.5117e-15
5140  7.4724e-15
5150  7.44498e-15
5160  7.43819e-15
5170  7.45029e-15
5180  7.46894e-15
5190  7.4736e-15
5200  7.4401e-15
5210  7.34638e-15
5220  7.17809e-15
5230  6.93282e-15
5240  6.62186e-15
5250  6.26905e-15
5260  5.90707e-15
5270  5.57187e-15
5280  5.29647e-15
5290  5.10542e-15
5300  5.01098e-15
5310  5.01147e-15
5320  5.09209e-15
5330  5.22767e-15
5340  5.38673e-15
5350  5.53621e-15
5360  5.64594e-15
5370  5.69247e-15
5380  5.66182e-15
5390  5.55098e-15
5400  5.36814e-15
5410  5.13175e-15
5420  4.86829e-15
5430  4.60926e-15
5440  4.38733e-15
5450  4.23226e-15
5460  4.16695e-15
5470  4.20428e-15
5480  4.34517e-15
5490  4.57826e-15
5500  4.88138e-15
5510  5.22464e-15
5520  5.5746e-15
5530  5.89895e-15
5540  6.17084e-15
5550  6.37223e-15
5560  6.49572e-15
5570  6.54462e-15
5580  6.53138e-15
5590  6.4747e-15
5600  6.39588e-15
5610  6.31499e-15
5620  6.24752e-15
5630  6.20198e-15
5640  6.17876e-15
5650  6.17061e-15
5660  6.16433e-15
5670  6.14369e-15
5680  6.09296e-15
5690  6.00039e-15
5700  5.86108e-15
5710  5.67867e-15
5720  5.46541e-15
5730  5.24064e-15
5740  5.0278e-15
5750  4.85068e-15
5760  4.72948e-15
5770  4.67751e-15
5780  4.69912e-15
5790  4.78925e-15
5800  4.93456e-15
5810  5.11589e-15
5820  5.31153e-15
5830  5.50056e-15
5840  5.66572e-15
5850  5.79532e-15
5860  5.88403e-15
5870  5.93251e-15
5880  5.94619e-15
5890  5.93361e-15
5900  5.90451e-15
5910  5.86833e-15
5920  5.83287e-15
5930  5.80353e-15
5940  5.78284e-15
5950  5.77024e-15
5960  5.76211e-15
5970  5.75181e-15
5980  5.73008e-15
5990  5.68564e-15
6000  5.60621e-15
6010  5.47997e-15
6020  5.2973e-15
6030  5.05265e-15
6040  4.74612e-15
6050  4.38455e-15
6060  3.98172e-15
6070  3.55741e-15
6080  3.13569e-15
6090  2.74221e-15
6100  2.40138e-15
6110  2.13355e-15
6120  1.95288e-15
6130  1.8661e-15
6140  1.87241e-15
6150  1.96431e-15
6160  2.12924e-15
6170  2.35153e-15
6180  2.61436e-15
6190  2.90139e-15
6200  3.1979e-15
6210  3.49134e-15
6220  3.77148e-15
6230  4.03032e-15
6240  4.26187e-15
6250  4.46199e-15
6260  4.62836e-15
6270  4.76045e-15
6280  4.85955e-15
6290  4.92864e-15
6300  4.97205e-15
6310  4.99498e-15
6320  5.00282e-15
6330  5.00047e-15
6340  4.99177e-15
6350  4.97916e-15
6360  4.96359e-15
6370  4.94481e-15
6380  4.92181e-15
6390  4.89331e-15
6400  4.85832e-15
6410  4.81645e-15
6420  4.768e-15
6430  4.7139e-15
6440  4.65546e-15
6450  4.59403e-15
6460  4.53079e-15
6470  4.4666e-15
6480  4.40202e-15
6490  4.33737e-15
6500  4.27297e-15
6510  4.20917e-15
6520  4.14639e-15
6530  4.08505e-15
6540  4.02537e-15
6550  3.96722e-15
6560  3.91006e-15
6570  3.85298e-15
6580  3.79495e-15
6590  3.73512e-15
6600  3.67313e-15
6610  3.60933e-15
6620  3.54478e-15
6630  3.48104e-15
6640  3.41977e-15
6650  3.36229e-15
6660  3.30911e-15
6670  3.25973e-15
6680  3.21275e-15
6690  3.16614e-15
6700  3.11781e-15
6710  3.06622e-15
6720  3.01086e-15
6730  2.95254e-15
6740  2.89326e-15
6750  2.8359e-15
6760  2.7835e-15
6770  2.73865e-15
6780  2.70282e-15
6790  2.67601e-15
6800  2.65675e-15
6810  2.64234e-15
6820  2.6295e-15
6830  2.61499e-15
6840  2.59631e-15
6850  2.57218e-15
6860  2.54274e-15
6870  2.50939e-15
6880  2.47446e-15
6890  2.44055e-15
6900  2.41001e-15
6910  2.38435e-15
6920  2.36406e-15
6930  2.34848e-15
6940  2.33616e-15
6950  2.32518e-15
6960  2.31368e-15
6970  2.30033e-15
6980  2.28453e-15
6990  2.26653e-15
7000  2.24729e-15
7010  2.22813e-15
7020  2.21041e-15
7030  2.19513e-15
7040  2.18275e-15
7050  2.17307e-15
7060  2.16533e-15
7070  2.15843e-15
7080  2.15116e-15
7090  2.14252e-15
7100  2.13187e-15
7110  2.11903e-15
7120  2.1042e-15
7130  2.08791e-15
7140  2.07078e-15
7150  2.05344e-15
7160  2.03638e-15
7170  2.01993e-15
7180  2.00429e-15
7190  1.98961e-15
7200  1.97601e-15
7210  1.96367e-15
7220  1.95282e-15
7230  1.94367e-15
7240  1.93634e-15
7250  1.93086e-15
7260  1.92708e-15
7270  1.92472e-15
7280  1.92341e-15
7290  1.92279e-15
7300  1.92254e-15
7310  1.92247e-15
7320  1.92245e-15
7330  1.92245e-15
7340  1.92245e-15
7350  1.92245e-15
7360  0
7370  0
7380  0
7390  0
7400  0
7410  0
7420  0
7430  0
7440  0
7450  0
7460  0
7470  0
7480  0
7490  0
7500  0
7510  0
7520  0
7530  0
7540  0
7550  0
7560  0
7570  0
7580  0
7590  0
7600  0
7610  0
7620  0
7630  0
7640  0
7650  0
7660  0
7670  0
7680  0
7690  0
7700  0
7710  0
7720  0
7730  0
7740  0
7750  0
7760  0
7770  0
7780  0
7790  0
7800  0
7810  0
7820  0
7830  0
7840  0
7850  0
7860  0
7870  0
7880  0
7890  0
7900  0
7910  0
7920  0
7930  0
7940  0
7950  0
7960  0
7970  0
7980  0
7990  0
8000  0
8010  0
8020  0
8030  0
8040  0
8050  0
8060  0
8070  0
8080  0
8090  0
8100  0
8110  0
8120  0
8130  0
8140  0
8150  0
8160  0
8170  0
8180  0
8190  0
8200  0
8210  0
8220  0
8230  0
8240  0
8250  0
8260  0
8270  0
8280  0
8290  0
8300  0
8310  0
8320  0
8330  0
8340  0
8350  0
8360  0
8370  0
8380  0
8390  0
8400  0
8410  0
8420  0
8430  0
8440  0
8450  0
8460  0
8470  0
8480  0
8490  0
8500  0
8510  0
8520  0
8530  0
8540  0
8550  0
8560  0
8570  0
8580  0
8590  0
8600  0
8610  0
8620  0
8630  0
8640  0
8650  0
8660  0
8670  0
8680  0
8690  0
8700  0
8710  0
8720  0
8730  0
8740  0
8750  0
8760  0
8770  0
8780  0
8790  0
8800  0
8810  0
8820  0
8830  0
8840  0
8850  0
8860  0
8870  0
8880  0
8890  0
8900  0
8910  0
8920  0
8930  0
8940  0
8950  0
8960  0
8970  0
8980  0
8990  0
9000  0