#-4.300311673965935
3000  0
3010  0
3020  0
3030  0
3040  0
3050  0
3060  0
3070  0
3080  0
3090  0
3100  0
3110  0
3120  0
3130  0
3140  0
3150  0
3160  0
3170  0
3180  0
3190  0
3200  0
3210  0
3220  0
3230  0
3240  0
3250  0
3260  0
3270  0
3280  0
3290  0
3300  0
3310  0
3320  0
3330  0
3340  0
3350  0
3360  0
3370  0
3380  0
3390  0
3400  0
3410  0
3420  0
3430  1.98008e-15
3440  2.08671e-15
3450  2.20088e-15
3460  2.31162e-15
3470  2.40866e-15
3480  2.48456e-15
3490  2.53629e-15
3500  2.56595e-15
3510  2.58026e-15
3520  2.58905e-15
3530  2.60282e-15
3540  2.63011e-15
3550  2.67512e-15
3560  2.73626e-15
3570  2.80588e-15
3580  2.87143e-15
3590  2.91786e-15
3600  2.93062e-15
3610  2.89884e-15
3620  2.81789e-15
3630  2.6907e-15
3640  2.52765e-15
3650  2.34497e-15
3660  2.16194e-15
3670  1.9976e-15
3680  1.86759e-15
3690  1.78177e-15
3700  1.74314e-15
3710  1.74808e-15
3720  1.78794e-15
3730  1.8513e-15
3740  1.92652e-15
3750  2.00397e-15
3760  2.07739e-15
3770  2.14438e-15
3780  2.20585e-15
3790  2.26493e-15
3800  2.32551e-15
3810  2.39091e-15
3820  2.46298e-15
3830  2.54179e-15
3840  2.62576e-15
3850  2.71221e-15
3860  2.79805e-15
3870  2.8803e-15
3880  2.95652e-15
3890  3.0249e-15
3900  3.0842e-15
3910  3.13371e-15
3920  3.17317e-15
3930  3.20283e-15
3940  3.22358e-15
3950  3.2371e-15
3960  3.24582e-15
3970  3.25273e-15
3980  3.26097e-15
3990  3.27323e-15
4000  3.29117e-15
4010  3.31492e-15
4020  3.34293e-15
4030  3.37207e-15
4040  3.39823e-15
4050  3.41697e-15
4060  3.42441e-15
4070  3.41787e-15
4080  3.39627e-15
4090  3.36016e-15
4100  3.31137e-15
4110  3.25236e-15
4120  3.18552e-15
4130  3.1126e-15
4140  3.03425e-15
4150  2.95005e-15
4160  2.85875e-15
4170  2.75886e-15
4180  2.64932e-15
4190  2.53027e-15
4200  2.40362e-15
4210  2.27339e-15
4220  2.14578e-15
4230  2.02876e-15
4240  1.93132e-15
4250  1.86234e-15
4260  1.82928e-15
4270  1.83672e-15
4280  1.88521e-15
4290  1.9706e-15
4300  2.08402e-15
4310  2.21279e-15
4320  2.34208e-15
4330  2.45717e-15
4340  2.54594e-15
4350  2.60099e-15
4360  2.62103e-15
4370  2.61116e-15
4380  2.5818e-15
4390  2.54659e-15
4400  2.51958e-15
4410  2.51236e-15
4420  2.53178e-15
4430  2.57874e-15
4440  2.64833e-15
4450  2.7313e-15
4460  2.81628e-15
4470  2.89238e-15
4480  2.95144e-15
4490  2.98935e-15
4500  3.00631e-15
4510  3.00608e-15
4520  2.99434e-15
4530  2.97694e-15
4540  2.95829e-15
4550  2.94033e-15
4560  2.92247e-15
4570  2.90206e-15
4580  2.87562e-15
4590  2.84002e-15
4600  2.79358e-15
4610  2.73662e-15
4620  2.67148e-15
4630  2.6019e-15
4640  2.53224e-15
4650  2.4665e-15
4660  2.40768e-15
4670  2.35746e-15
4680  2.31636e-15
4690  2.2842e-15
4700  2.26065e-15
4710  2.24566e-15
4720  2.23956e-15
4730  2.24276e-15
4740  2.2552e-15
4750  2.27568e-15
4760  2.3013e-15
4770  2.3274e-15
4780  2.34796e-15
4790  2.35646e-15
4800  2.34714e-15
4810  2.31619e-15
4820  2.26269e-15
4830  2.18899e-15
4840  2.10051e-15
4850  2.00487e-15
4860  1.91064e-15
4870  1.82595e-15
4880  1.7573e-15
4890  1.70871e-15
4900  1.68149e-15
4910  1.67444e-15
4920  1.68455e-15
4930  1.70792e-15
4940  1.74064e-15
4950  1.77951e-15
4960  1.82248e-15
4970  1.86867e-15
4980  1.91814e-15
4990  1.97143e-15
5000  2.02903e-15
5010  2.0909e-15
5020  2.15616e-15
5030  2.22298e-15
5040  2.28873e-15
5050  2.35024e-15
5060  2.40433e-15
5070  2.44836e-15
5080  2.48064e-15
5090  2.50087e-15
5100  2.51018e-15
5110  2.51098e-15
5120  2.50646e-15
5130  2.49995e-15
5140  2.49413e-15
5150  2.49037e-15
5160  2.48831e-15
5170  2.48588e-15
5180  2.47967e-15
5190  2.46567e-15
5200  2.44029e-15
5210  2.40132e-15
5220  2.34865e-15
5230  2.28463e-15
5240  2.21389e-15
5250  2.14265e-15
5260  2.07774e-15
5270  2.02541e-15
5280  1.99019e-15
5290  1.97418e-15
5300  1.9767e-15
5310  1.99444e-15
5320  2.02212e-15
5330  2.0534e-15
5340  2.08195e-15
5350  2.10247e-15
5360  2.11138e-15
5370  2.10733e-15
5380  2.09114e-15
5390  2.06558e-15
5400  2.03469e-15
5410  2.00309e-15
5420  1.97514e-15
5430  1.95425e-15
5440  1.94243e-15
5450  1.94005e-15
5460  1.94595e-15
5470  1.95784e-15
5480  1.97283e-15
5490  1.98809e-15
5500  2.00143e-15
5510  2.01167e-15
5520  2.01877e-15
5530  2.02369e-15
5540  2.02802e-15
5550  2.03353e-15
5560  2.04168e-15
5570  2.05326e-15
5580  2.06823e-15
5590  2.08577e-15
5600  2.10446e-15
5610  2.12261e-15
5620  2.13857e-15
5630  2.15103e-15
5640  2.15916e-15
5650  2.16268e-15
5660  2.16182e-15
5670  2.15715e-15
5680  2.14947e-15
5690  2.13963e-15
5700  2.12844e-15
5710  2.11657e-15
5720  2.10459e-15
5730  2.09293e-15
5740  2.082e-15
5750  2.07211e-15
5760  2.06359e-15
5770  2.05668e-15
5780  2.05151e-15
5790  2.04808e-15
5800  2.04619e-15
5810  2.04551e-15
5820  2.04561e-15
5830  2.0461e-15
5840  2.04674e-15
5850  2.04755e-15
5860  2.04884e-15
5870  2.05106e-15
5880  2.05473e-15
5890  2.0601e-15
5900  2.067e-15
5910  2.07469e-15
5920  2.08183e-15
5930  2.0867e-15
5940  2.08743e-15
5950  2.08234e-15
5960  2.07025e-15
5970  2.05067e-15
5980  2.02384e-15
5990  1.99067e-15
6000  1.95246e-15
6010  1.91072e-15
6020  1.86692e-15
6030  1.82228e-15
6040  1.77775e-15
6050  1.73399e-15
6060  1.6915e-15
6070  1.65072e-15
6080  1.6122e-15
6090  1.57667e-15
6100  1.54515e-15
6110  1.51887e-15
6120  1.49921e-15
6130  1.48753e-15
6140  1.48496e-15
6150  1.49225e-15
6160  1.5095e-15
6170  1.53608e-15
6180  1.5706e-15
6190  1.61099e-15
6200  1.65467e-15
6210  1.69887e-15
6220  1.74094e-15
6230  1.77864e-15
6240  1.81042e-15
6250  1.8355e-15
6260  1.85388e-15
6270  1.86619e-15
6280  1.87345e-15
6290  1.87681e-15
6300  1.87733e-15
6310  1.87581e-15
6320  1.87271e-15
6330  1.86823e-15
6340  1.86234e-15
6350  1.85492e-15
6360  1.84581e-15
6370  1.83489e-15
6380  1.82205e-15
6390  1.80718e-15
6400  1.79012e-15
6410  1.77076e-15
6420  1.74906e-15
6430  1.7252e-15
6440  1.6998e-15
6450  1.67394e-15
6460  1.64926e-15
6470  1.62773e-15
6480  1.61142e-15
6490  1.60202e-15
6500  1.6004e-15
6510  1.60624e-15
6520  1.61788e-15
6530  1.6324e-15
6540  1.64613e-15
6550  1.65523e-15
6560  1.65652e-15
6570  1.64815e-15
6580  1.63001e-15
6590  1.60376e-15
6600  1.57254e-15
6610  1.54023e-15
6620  1.51069e-15
6630  1.48693e-15
6640  1.4706e-15
6650  1.46178e-15
6660  1.45906e-15
6670  1.46003e-15
6680  1.46188e-15
6690  1.46201e-15
6700  1.45852e-15
6710  1.45055e-15
6720  1.43831e-15
6730  1.42289e-15
6740  1.40592e-15
6750  1.38917e-15
6760  1.37413e-15
6770  1.36179e-15
6780  1.35248e-15
6790  1.34591e-15
6800  1.34133e-15
6810  1.33782e-15
6820  1.33452e-15
6830  1.33083e-15
6840  1.32654e-15
6850  1.32179e-15
6860  1.317e-15
6870  1.31265e-15
6880  1.30918e-15
6890  1.3068e-15
6900  1.30545e-15
6910  1.30482e-15
6920  1.30443e-15
6930  1.30374e-15
6940  1.3023e-15
6950  1.29983e-15
6960  1.29628e-15
6970  1.29179e-15
6980  1.28664e-15
6990  1.28119e-15
7000  1.27579e-15
7010  1.27069e-15
7020  1.26606e-15
7030  1.26198e-15
7040  1.25847e-15
7050  1.2555e-15
7060  1.25307e-15
7070  1.25114e-15
7080  1.24966e-15
7090  1.24853e-15
7100  1.24755e-15
7110  1.24645e-15
7120  1.24491e-15
7130  1.24262e-15
7140  1.23937e-15
7150  1.23509e-15
7160  1.22992e-15
7170  1.22416e-15
7180  1.21827e-15
7190  1.21271e-15
7200  1.20788e-15
7210  1.20403e-15
7220  1.20125e-15
7230  1.19945e-15
7240  1.19842e-15
7250  1.19791e-15
7260  1.1977e-15
7270  1.19764e-15
7280  1.19763e-15
7290  1.19762e-15
7300  1.19762e-15
7310  1.19762e-15
7320  0
7330  0
7340  0
7350  0
7360  0
7370  0
7380  0
7390  0
7400  0
7410  0
7420  0
7430  0
7440  0
7450  0
7460  0
7470  0
7480  0
7490  0
7500  0
7510  0
7520  0
7530  0
7540  0
7550  0
7560  0
7570  0
7580  0
7590  0
7600  0
7610  0
7620  0
7630  0
7640  0
7650  0
7660  0
7670  0
7680  0
7690  0
7700  0
7710  0
7720  0
7730  0
7740  0
7750  0
7760  0
7770  0
7780  0
7790  0
7800  0
7810  0
7820  0
7830  0
7840  0
7850  0
7860  0
7870  0
7880  0
7890  0
7900  0
7910  0
7920  0
7930  0
7940  0
7950  0
7960  0
7970  0
7980  0
7990  0
8000  0
8010  0
8020  0
8030  0
8040  0
8050  0
8060  0
8070  0
8080  0
8090  0
8100  0
8110  0
8120  0
8130  0
8140  0
8150  0
8160  0
8170  0
8180  0
8190  0
8200  0
8210  0
8220  0
8230  0
8240  0
8250  0
8260  0
8270  0
8280  0
8290  0
8300  0
8310  0
8320  0
8330  0
8340  0
8350  0
8360  0
8370  0
8380  0
8390  0
8400  0
8410  0
8420  0
8430  0
8440  0
8450  0
8460  0
8470  0
8480  0
8490  0
8500  0
8510  0
8520  0
8530  0
8540  0
8550  0
8560  0
8570  0
8580  0
8590  0
8600  0
8610  0
8620  0
8630  0
8640  0
8650  0
8660  0
8670  0
8680  0
8690  0
8700  0
8710  0
8720  0
8730  0
8740  0
8750  0
8760  0
8770  0
8780  0
8790  0
8800  0
8810  0
8820  0
8830  0
8840  0
8850  0
8860  0
8870  0
8880  0
8890  0
8900  0
8910  0
8920  0
8930  0
8940  0
8950  0
8960  0
8970  0
8980  0
8990  0
9000  0