#13.792691664676958
3000  0
3010  0
3020  0
3030  0
3040  0
3050  0
3060  0
3070  0
3080  0
3090  0
3100  0
3110  0
3120  0
3130  0
3140  0
3150  0
3160  0
3170  0
3180  0
3190  0
3200  0
3210  0
3220  0
3230  0
3240  0
3250  0
3260  0
3270  0
3280  0
3290  0
3300  0
3310  0
3320  0
3330  0
3340  0
3350  0
3360  0
3370  0
3380  0
3390  0
3400  0
3410  0
3420  0
3430  0
3440  0
3450  0
3460  0
3470  0
3480  3.8096e-16
3490  4.15726e-16
3500  4.55576e-16
3510  4.97538e-16
3520  5.3837e-16
3530  5.751e-16
3540  6.05497e-16
3550  6.28398e-16
3560  6.43822e-16
3570  6.52872e-16
3580  6.57479e-16
3590  6.60032e-16
3600  6.63004e-16
3610  6.686e-16
3620  6.78496e-16
3630  6.93656e-16
3640  7.14229e-16
3650  7.39511e-16
3660  7.67955e-16
3670  7.9724e-16
3680  8.24419e-16
3690  8.46169e-16
3700  8.59159e-16
3710  8.60537e-16
3720  8.48461e-16
3730  8.226e-16
3740  7.84468e-16
3750  7.37481e-16
3760  6.8665e-16
3770  6.37916e-16
3780  5.97228e-16
3790  5.69545e-16
3800  5.57993e-16
3810  5.63403e-16
3820  5.84379e-16
3830  6.1791e-16
3840  6.60387e-16
3850  7.08792e-16
3860  7.61709e-16
3870  8.19867e-16
3880  8.86005e-16
3890  9.64038e-16
3900  1.05767e-15
3910  1.16882e-15
3920  1.29622e-15
3930  1.43465e-15
3940  1.5751e-15
3950  1.70581e-15
3960  1.81418e-15
3970  1.88898e-15
3980  1.92254e-15
3990  1.9122e-15
4000  1.86084e-15
4010  1.77628e-15
4020  1.66973e-15
4030  1.55361e-15
4040  1.43938e-15
4050  1.33572e-15
4060  1.24756e-15
4070  1.17595e-15
4080  1.11889e-15
4090  1.07258e-15
4100  1.03297e-15
4110  9.96925e-16
4120  9.62995e-16
4130  9.31499e-16
4140  9.04043e-16
4150  8.82677e-16
4160  8.68974e-16
4170  8.6333e-16
4180  8.64665e-16
4190  8.70621e-16
4200  8.78155e-16
4210  8.84367e-16
4220  8.87291e-16
4230  8.8643e-16
4240  8.82863e-16
4250  8.78891e-16
4260  8.77301e-16
4270  8.80456e-16
4280  8.89449e-16
4290  9.03575e-16
4300  9.20303e-16
4310  9.35788e-16
4320  9.45834e-16
4330  9.47093e-16
4340  9.38177e-16
4350  9.2038e-16
4360  8.97774e-16
4370  8.76604e-16
4380  8.64069e-16
4390  8.66776e-16
4400  8.89245e-16
4410  9.32872e-16
4420  9.9565e-16
4430  1.07277e-15
4440  1.15798e-15
4450  1.24541e-15
4460  1.33132e-15
4470  1.41533e-15
4480  1.50075e-15
4490  1.59377e-15
4500  1.70175e-15
4510  1.8309e-15
4520  1.98401e-15
4530  2.15873e-15
4540  2.34701e-15
4550  2.53579e-15
4560  2.709e-15
4570  2.85023e-15
4580  2.94569e-15
4590  2.98662e-15
4600  2.97066e-15
4610  2.90199e-15
4620  2.79014e-15
4630  2.64791e-15
4640  2.48893e-15
4650  2.32552e-15
4660  2.16722e-15
4670  2.02037e-15
4680  1.88859e-15
4690  1.77403e-15
4700  1.67873e-15
4710  1.60575e-15
4720  1.55953e-15
4730  1.54539e-15
4740  1.56819e-15
4750  1.63051e-15
4760  1.73095e-15
4770  1.86304e-15
4780  2.01524e-15
4790  2.17223e-15
4800  2.31737e-15
4810  2.43577e-15
4820  2.51731e-15
4830  2.55887e-15
4840  2.56496e-15
4850  2.54675e-15
4860  2.51934e-15
4870  2.49812e-15
4880  2.49486e-15
4890  2.5147e-15
4900  2.55461e-15
4910  2.60384e-15
4920  2.6463e-15
4930  2.66412e-15
4940  2.64182e-15
4950  2.56996e-15
4960  2.4474e-15
4970  2.28191e-15
4980  2.08878e-15
4990  1.88807e-15
5000  1.70088e-15
5010  1.54568e-15
5020  1.43538e-15
5030  1.37556e-15
5040  1.36435e-15
5050  1.39354e-15
5060  1.45083e-15
5070  1.52242e-15
5080  1.5956e-15
5090  1.66069e-15
5100  1.71206e-15
5110  1.7483e-15
5120  1.77148e-15
5130  1.78595e-15
5140  1.79696e-15
5150  1.80948e-15
5160  1.82739e-15
5170  1.85321e-15
5180  1.88831e-15
5190  1.93336e-15
5200  1.98875e-15
5210  2.05492e-15
5220  2.1322e-15
5230  2.22031e-15
5240  2.31769e-15
5250  2.4207e-15
5260  2.52329e-15
5270  2.61717e-15
5280  2.69279e-15
5290  2.74102e-15
5300  2.75526e-15
5310  2.73354e-15
5320  2.68013e-15
5330  2.60609e-15
5340  2.52854e-15
5350  2.46855e-15
5360  2.44803e-15
5370  2.48604e-15
5380  2.59533e-15
5390  2.77978e-15
5400  3.03324e-15
5410  3.34017e-15
5420  3.67786e-15
5430  4.01992e-15
5440  4.34041e-15
5450  4.61773e-15
5460  4.83772e-15
5470  4.9953e-15
5480  5.09457e-15
5490  5.14734e-15
5500  5.17051e-15
5510  5.18277e-15
5520  5.20115e-15
5530  5.23814e-15
5540  5.29947e-15
5550  5.38322e-15
5560  5.48002e-15
5570  5.57459e-15
5580  5.64821e-15
5590  5.68187e-15
5600  5.65962e-15
5610  5.57157e-15
5620  5.41594e-15
5630  5.19984e-15
5640  4.93846e-15
5650  4.65284e-15
5660  4.36664e-15
5670  4.10242e-15
5680  3.87829e-15
5690  3.70561e-15
5700  3.58795e-15
5710  3.52165e-15
5720  3.49748e-15
5730  3.50297e-15
5740  3.5249e-15
5750  3.55122e-15
5760  3.57238e-15
5770  3.58183e-15
5780  3.57598e-15
5790  3.55381e-15
5800  3.51652e-15
5810  3.46713e-15
5820  3.4103e-15
5830  3.35192e-15
5840  3.29862e-15
5850  3.25689e-15
5860  3.23195e-15
5870  3.2266e-15
5880  3.24029e-15
5890  3.26882e-15
5900  3.30469e-15
5910  3.33834e-15
5920  3.35991e-15
5930  3.36118e-15
5940  3.33732e-15
5950  3.28792e-15
5960  3.21719e-15
5970  3.13312e-15
5980  3.0459e-15
5990  2.96596e-15
6000  2.9019e-15
6010  2.85897e-15
6020  2.83809e-15
6030  2.8358e-15
6040  2.84492e-15
6050  2.8558e-15
6060  2.85791e-15
6070  2.84148e-15
6080  2.79907e-15
6090  2.72664e-15
6100  2.62433e-15
6110  2.49656e-15
6120  2.35163e-15
6130  2.20078e-15
6140  2.05679e-15
6150  1.93228e-15
6160  1.83798e-15
6170  1.78129e-15
6180  1.7652e-15
6190  1.78804e-15
6200  1.84381e-15
6210  1.92335e-15
6220  2.01585e-15
6230  2.11061e-15
6240  2.19858e-15
6250  2.27356e-15
6260  2.33272e-15
6270  2.37657e-15
6280  2.40836e-15
6290  2.43325e-15
6300  2.45732e-15
6310  2.48674e-15
6320  2.52711e-15
6330  2.58312e-15
6340  2.65829e-15
6350  2.75487e-15
6360  2.87365e-15
6370  3.01387e-15
6380  3.17298e-15
6390  3.34663e-15
6400  3.52887e-15
6410  3.71252e-15
6420  3.89e-15
6430  4.05416e-15
6440  4.19924e-15
6450  4.32166e-15
6460  4.42035e-15
6470  4.49677e-15
6480  4.55437e-15
6490  4.59777e-15
6500  4.63175e-15
6510  4.66031e-15
6520  4.68587e-15
6530  4.70884e-15
6540  4.72757e-15
6550  4.73861e-15
6560  4.73727e-15
6570  4.71835e-15
6580  4.67696e-15
6590  4.60938e-15
6600  4.51382e-15
6610  4.39098e-15
6620  4.24437e-15
6630  4.08029e-15
6640  3.90731e-15
6650  3.73543e-15
6660  3.57481e-15
6670  3.43443e-15
6680  3.32071e-15
6690  3.23659e-15
6700  3.18105e-15
6710  3.14933e-15
6720  3.13384e-15
6730  3.12551e-15
6740  3.11545e-15
6750  3.09643e-15
6760  3.06405e-15
6770  3.01728e-15
6780  2.95834e-15
6790  2.89193e-15
6800  2.82418e-15
6810  2.76138e-15
6820  2.70892e-15
6830  2.67049e-15
6840  2.64787e-15
6850  2.64096e-15
6860  2.64823e-15
6870  2.66716e-15
6880  2.69478e-15
6890  2.72793e-15
6900  2.76338e-15
6910  2.79784e-15
6920  2.8279e-15
6930  2.8501e-15
6940  2.86115e-15
6950  2.8583e-15
6960  2.83989e-15
6970  2.80573e-15
6980  2.75745e-15
6990  2.69836e-15
7000  2.63306e-15
7010  2.56666e-15
7020  2.50382e-15
7030  2.44791e-15
7040  2.40038e-15
7050  2.36063e-15
7060  2.3264e-15
7070  2.29462e-15
7080  2.26247e-15
7090  2.22841e-15
7100  2.19285e-15
7110  2.15834e-15
7120  2.12907e-15
7130  2.1099e-15
7140  2.10514e-15
7150  2.11732e-15
7160  2.14643e-15
7170  2.18964e-15
7180  2.24175e-15
7190  2.29618e-15
7200  2.3463e-15
7210  2.38665e-15
7220  2.41389e-15
7230  2.42726e-15
7240  2.42834e-15
7250  2.42038e-15
7260  2.40737e-15
7270  2.39304e-15
7280  2.38018e-15
7290  2.37033e-15
7300  2.36381e-15
7310  2.36012e-15
7320  2.35836e-15
7330  2.35769e-15
7340  2.3575e-15
7350  2.35746e-15
7360  2.35746e-15
7370  2.35746e-15
7380  0
7390  0
7400  0
7410  0
7420  0
7430  0
7440  0
7450  0
7460  0
7470  0
7480  0
7490  0
7500  0
7510  0
7520  0
7530  0
7540  0
7550  0
7560  0
7570  0
7580  0
7590  0
7600  0
7610  0
7620  0
7630  0
7640  0
7650  0
7660  0
7670  0
7680  0
7690  0
7700  0
7710  0
7720  0
7730  0
7740  0
7750  0
7760  0
7770  0
7780  0
7790  0
7800  0
7810  0
7820  0
7830  0
7840  0
7850  0
7860  0
7870  0
7880  0
7890  0
7900  0
7910  0
7920  0
7930  0
7940  0
7950  0
7960  0
7970  0
7980  0
7990  0
8000  0
8010  0
8020  0
8030  0
8040  0
8050  0
8060  0
8070  0
8080  0
8090  0
8100  0
8110  0
8120  0
8130  0
8140  0
8150  0
8160  0
8170  0
8180  0
8190  0
8200  0
8210  0
8220  0
8230  0
8240  0
8250  0
8260  0
8270  0
8280  0
8290  0
8300  0
8310  0
8320  0
8330  0
8340  0
8350  0
8360  0
8370  0
8380  0
8390  0
8400  0
8410  0
8420  0
8430  0
8440  0
8450  0
8460  0
8470  0
8480  0
8490  0
8500  0
8510  0
8520  0
8530  0
8540  0
8550  0
8560  0
8570  0
8580  0
8590  0
8600  0
8610  0
8620  0
8630  0
8640  0
8650  0
8660  0
8670  0
8680  0
8690  0
8700  0
8710  0
8720  0
8730  0
8740  0
8750  0
8760  0
8770  0
8780  0
8790  0
8800  0
8810  0
8820  0
8830  0
8840  0
8850  0
8860  0
8870  0
8880  0
8890  0
8900  0
8910  0
8920  0
8930  0
8940  0
8950  0
8960  0
8970  0
8980  0
8990  0
9000  0