#-10.206695434573291
3000  0
3010  0
3020  0
3030  0
3040  0
3050  0
3060  0
3070  0
3080  0
3090  0
3100  0
3110  0
3120  0
3130  0
3140  0
3150  0
3160  0
3170  0
3180  0
3190  0
3200  0
3210  0
3220  0
3230  0
3240  0
3250  0
3260  0
3270  0
3280  0
3290  0
3300  0
3310  0
3320  0
3330  0
3340  0
3350  0
3360  0
3370  0
3380  0
3390  0
3400  0
3410  0
3420  0
3430  0
3440  0
3450  0
3460  0
3470  0
3480  0
3490  0
3500  0
3510  0
3520  0
3530  0
3540  0
3550  0
3560  0
3570  0
3580  0
3590  0
3600  0
3610  0
3620  0
3630  0
3640  0
3650  0
3660  0
3670  3.34572e-15
3680  3.38528e-15
3690  3.46504e-15
3700  3.58687e-15
3710  3.74755e-15
3720  3.93922e-15
3730  4.15078e-15
3740  4.36986e-15
3750  4.58498e-15
3760  4.78756e-15
3770  4.97323e-15
3780  5.14235e-15
3790  5.29948e-15
3800  5.45211e-15
3810  5.60869e-15
3820  5.77638e-15
3830  5.95892e-15
3840  6.15512e-15
3850  6.35813e-15
3860  6.55604e-15
3870  6.73357e-15
3880  6.87477e-15
3890  6.96632e-15
3900  7.00067e-15
3910  6.97828e-15
3920  6.90848e-15
3930  6.80848e-15
3940  6.70061e-15
3950  6.60838e-15
3960  6.55196e-15
3970  6.54429e-15
3980  6.58846e-15
3990  6.67714e-15
4000  6.79403e-15
4010  6.91704e-15
4020  7.02261e-15
4030  7.08998e-15
4040  7.10477e-15
4050  7.061e-15
4060  6.96136e-15
4070  6.81576e-15
4080  6.63852e-15
4090  6.44512e-15
4100  6.24895e-15
4110  6.05898e-15
4120  5.87857e-15
4130  5.70566e-15
4140  5.53421e-15
4150  5.35635e-15
4160  5.16502e-15
4170  4.95626e-15
4180  4.73093e-15
4190  4.49545e-15
4200  4.26142e-15
4210  4.0442e-15
4220  3.8607e-15
4230  3.72667e-15
4240  3.65397e-15
4250  3.64837e-15
4260  3.70818e-15
4270  3.82406e-15
4280  3.98014e-15
4290  4.15632e-15
4300  4.33129e-15
4310  4.48595e-15
4320  4.60633e-15
4330  4.68566e-15
4340  4.72501e-15
4350  4.73241e-15
4360  4.72065e-15
4370  4.70413e-15
4380  4.6957e-15
4390  4.7039e-15
4400  4.73152e-15
4410  4.77551e-15
4420  4.8283e-15
4430  4.8802e-15
4440  4.92201e-15
4450  4.94746e-15
4460  4.95461e-15
4470  4.94613e-15
4480  4.92832e-15
4490  4.90919e-15
4500  4.8962e-15
4510  4.89416e-15
4520  4.90381e-15
4530  4.92144e-15
4540  4.93965e-15
4550  4.94894e-15
4560  4.93981e-15
4570  4.90488e-15
4580  4.84046e-15
4590  4.74733e-15
4600  4.63058e-15
4610  4.49859e-15
4620  4.36148e-15
4630  4.22942e-15
4640  4.11114e-15
4650  4.01303e-15
4660  3.9387e-15
4670  3.8891e-15
4680  3.86303e-15
4690  3.85761e-15
4700  3.86875e-15
4710  3.89143e-15
4720  3.91985e-15
4730  3.94754e-15
4740  3.9677e-15
4750  3.97363e-15
4760  3.95945e-15
4770  3.9209e-15
4780  3.85599e-15
4790  3.76549e-15
4800  3.65282e-15
4810  3.52365e-15
4820  3.38502e-15
4830  3.24434e-15
4840  3.10843e-15
4850  2.98277e-15
4860  2.8712e-15
4870  2.77596e-15
4880  2.69806e-15
4890  2.63779e-15
4900  2.59519e-15
4910  2.5704e-15
4920  2.56375e-15
4930  2.57559e-15
4940  2.60605e-15
4950  2.65462e-15
4960  2.71995e-15
4970  2.79968e-15
4980  2.89049e-15
4990  2.98828e-15
5000  3.08858e-15
5010  3.18691e-15
5020  3.27931e-15
5030  3.36271e-15
5040  3.43532e-15
5050  3.49679e-15
5060  3.54821e-15
5070  3.59183e-15
5080  3.63053e-15
5090  3.66713e-15
5100  3.70358e-15
5110  3.7403e-15
5120  3.77575e-15
5130  3.80644e-15
5140  3.82741e-15
5150  3.83315e-15
5160  3.81879e-15
5170  3.78123e-15
5180  3.72014e-15
5190  3.63831e-15
5200  3.54151e-15
5210  3.43764e-15
5220  3.33554e-15
5230  3.24345e-15
5240  3.1678e-15
5250  3.11215e-15
5260  3.07686e-15
5270  3.05921e-15
5280  3.05418e-15
5290  3.05548e-15
5300  3.05672e-15
5310  3.0525e-15
5320  3.03922e-15
5330  3.01546e-15
5340  2.98203e-15
5350  2.94154e-15
5360  2.89774e-15
5370  2.85472e-15
5380  2.81611e-15
5390  2.78436e-15
5400  2.76036e-15
5410  2.74334e-15
5420  2.7311e-15
5430  2.72057e-15
5440  2.70851e-15
5450  2.69234e-15
5460  2.67069e-15
5470  2.64384e-15
5480  2.61366e-15
5490  2.58324e-15
5500  2.5562e-15
5510  2.53589e-15
5520  2.5246e-15
5530  2.52302e-15
5540  2.53004e-15
5550  2.54296e-15
5560  2.55803e-15
5570  2.57116e-15
5580  2.5787e-15
5590  2.57811e-15
5600  2.56835e-15
5610  2.54993e-15
5620  2.52474e-15
5630  2.49556e-15
5640  2.4655e-15
5650  2.43741e-15
5660  2.41341e-15
5670  2.39458e-15
5680  2.38094e-15
5690  2.37155e-15
5700  2.36489e-15
5710  2.35926e-15
5720  2.35319e-15
5730  2.34587e-15
5740  2.33728e-15
5750  2.32826e-15
5760  2.32025e-15
5770  2.31496e-15
5780  2.3139e-15
5790  2.31791e-15
5800  2.32682e-15
5810  2.33937e-15
5820  2.35327e-15
5830  2.36562e-15
5840  2.37345e-15
5850  2.37431e-15
5860  2.36678e-15
5870  2.3508e-15
5880  2.32762e-15
5890  2.29963e-15
5900  2.26973e-15
5910  2.2408e-15
5920  2.21507e-15
5930  2.19367e-15
5940  2.17643e-15
5950  2.16195e-15
5960  2.1479e-15
5970  2.13148e-15
5980  2.10998e-15
5990  2.08127e-15
6000  2.04423e-15
6010  1.99896e-15
6020  1.94679e-15
6030  1.89019e-15
6040  1.83241e-15
6050  1.77708e-15
6060  1.72779e-15
6070  1.68768e-15
6080  1.65909e-15
6090  1.64333e-15
6100  1.64067e-15
6110  1.65036e-15
6120  1.67085e-15
6130  1.69998e-15
6140  1.7353e-15
6150  1.77431e-15
6160  1.81464e-15
6170  1.8542e-15
6180  1.89129e-15
6190  1.9246e-15
6200  1.95325e-15
6210  1.97679e-15
6220  1.99513e-15
6230  2.00851e-15
6240  2.01743e-15
6250  2.02255e-15
6260  2.02455e-15
6270  2.02405e-15
6280  2.0215e-15
6290  2.01713e-15
6300  2.01096e-15
6310  2.00284e-15
6320  1.99256e-15
6330  1.97993e-15
6340  1.96495e-15
6350  1.94776e-15
6360  1.92879e-15
6370  1.90863e-15
6380  1.888e-15
6390  1.86766e-15
6400  1.84832e-15
6410  1.83055e-15
6420  1.81473e-15
6430  1.80104e-15
6440  1.78938e-15
6450  1.77946e-15
6460  1.77077e-15
6470  1.76269e-15
6480  1.75454e-15
6490  1.74569e-15
6500  1.73567e-15
6510  1.72424e-15
6520  1.71143e-15
6530  1.69756e-15
6540  1.68315e-15
6550  1.66884e-15
6560  1.65524e-15
6570  1.64286e-15
6580  1.63197e-15
6590  1.62261e-15
6600  1.61459e-15
6610  1.60752e-15
6620  1.60095e-15
6630  1.59441e-15
6640  1.58749e-15
6650  1.57991e-15
6660  1.5715e-15
6670  1.56224e-15
6680  1.55222e-15
6690  1.54163e-15
6700  1.53076e-15
6710  1.51993e-15
6720  1.5095e-15
6730  1.49976e-15
6740  1.49096e-15
6750  1.48317e-15
6760  1.4763e-15
6770  1.47005e-15
6780  1.46401e-15
6790  1.45766e-15
6800  1.45053e-15
6810  1.44228e-15
6820  1.4328e-15
6830  1.42223e-15
6840  1.411e-15
6850  1.3997e-15
6860  1.389e-15
6870  1.3795e-15
6880  1.3716e-15
6890  1.36541e-15
6900  1.36076e-15
6910  1.35718e-15
6920  1.35404e-15
6930  1.35065e-15
6940  1.3464e-15
6950  1.34086e-15
6960  1.33385e-15
6970  1.32547e-15
6980  1.31606e-15
6990  1.30618e-15
7000  1.29652e-15
7010  1.28777e-15
7020  1.28056e-15
7030  1.27538e-15
7040  1.27243e-15
7050  1.27163e-15
7060  1.27253e-15
7070  1.2744e-15
7080  1.27623e-15
7090  1.27694e-15
7100  1.27552e-15
7110  1.27123e-15
7120  1.26378e-15
7130  1.25341e-15
7140  1.24084e-15
7150  1.22722e-15
7160  1.21388e-15
7170  1.20206e-15
7180  1.19267e-15
7190  1.18614e-15
7200  1.18229e-15
7210  1.18043e-15
7220  1.17949e-15
7230  1.17829e-15
7240  1.17576e-15
7250  1.17119e-15
7260  1.16435e-15
7270  1.1555e-15
7280  1.14529e-15
7290  1.13463e-15
7300  1.12445e-15
7310  1.11552e-15
7320  1.10833e-15
7330  1.10304e-15
7340  1.09952e-15
7350  1.09743e-15
7360  1.09634e-15
7370  1.09585e-15
7380  1.09568e-15
7390  1.09563e-15
7400  1.09562e-15
7410  1.09562e-15
7420  1.09562e-15
7430  0
7440  0
7450  0
7460  0
7470  0
7480  0
7490  0
7500  0
7510  0
7520  0
7530  0
7540  0
7550  0
7560  0
7570  0
7580  0
7590  0
7600  0
7610  0
7620  0
7630  0
7640  0
7650  0
7660  0
7670  0
7680  0
7690  0
7700  0
7710  0
7720  0
7730  0
7740  0
7750  0
7760  0
7770  0
7780  0
7790  0
7800  0
7810  0
7820  0
7830  0
7840  0
7850  0
7860  0
7870  0
7880  0
7890  0
7900  0
7910  0
7920  0
7930  0
7940  0
7950  0
7960  0
7970  0
7980  0
7990  0
8000  0
8010  0
8020  0
8030  0
8040  0
8050  0
8060  0
8070  0
8080  0
8090  0
8100  0
8110  0
8120  0
8130  0
8140  0
8150  0
8160  0
8170  0
8180  0
8190  0
8200  0
8210  0
8220  0
8230  0
8240  0
8250  0
8260  0
8270  0
8280  0
8290  0
8300  0
8310  0
8320  0
8330  0
8340  0
8350  0
8360  0
8370  0
8380  0
8390  0
8400  0
8410  0
8420  0
8430  0
8440  0
8450  0
8460  0
8470  0
8480  0
8490  0
8500  0
8510  0
8520  0
8530  0
8540  0
8550  0
8560  0
8570  0
8580  0
8590  0
8600  0
8610  0
8620  0
8630  0
8640  0
8650  0
8660  0
8670  0
8680  0
8690  0
8700  0
8710  0
8720  0
8730  0
8740  0
8750  0
8760  0
8770  0
8780  0
8790  0
8800  0
8810  0
8820  0
8830  0
8840  0
8850  0
8860  0
8870  0
8880  0
8890  0
8900  0
8910  0
8920  0
8930  0
8940  0
8950  0
8960  0
8970  0
8980  0
8990  0
9000  0