#-0.9363295880149812
3000  0
3010  0
3020  0
3030  0
3040  0
3050  0
3060  0
3070  0
3080  0
3090  0
3100  0
3110  0
3120  0
3130  0
3140  0
3150  0
3160  0
3170  0
3180  0
3190  0
3200  0
3210  0
3220  0
3230  0
3240  0
3250  0
3260  0
3270  0
3280  0
3290  0
3300  0
3310  0
3320  0
3330  0
3340  0
3350  0
3360  0
3370  0
3380  0
3390  0
3400  0
3410  0
3420  3.79105e-17
3430  3.86317e-17
3440  3.88818e-17
3450  3.88655e-17
3460  3.89536e-17
3470  3.96179e-17
3480  4.13305e-17
3490  4.44496e-17
3500  4.91207e-17
3510  5.52165e-17
3520  6.23365e-17
3530  6.98666e-17
3540  7.70885e-17
3550  8.33136e-17
3560  8.80095e-17
3570  9.08912e-17
3580  9.19562e-17
3590  9.1459e-17
3600  8.98352e-17
3610  8.75967e-17
3620  8.52267e-17
3630  8.31007e-17
3640  8.14488e-17
3650  8.03671e-17
3660  7.98658e-17
3670  7.99377e-17
3680  8.06217e-17
3690  8.20408e-17
3700  8.44008e-17
3710  8.79482e-17
3720  9.28997e-17
3730  9.93598e-17
3740  1.07253e-16
3750  1.16291e-16
3760  1.2598e-16
3770  1.35684e-16
3780  1.44718e-16
3790  1.52458e-16
3800  1.58446e-16
3810  1.62467e-16
3820  1.64585e-16
3830  1.65117e-16
3840  1.64574e-16
3850  1.63549e-16
3860  1.626e-16
3870  1.6213e-16
3880  1.62309e-16
3890  1.63036e-16
3900  1.63978e-16
3910  1.64662e-16
3920  1.64611e-16
3930  1.63498e-16
3940  1.61269e-16
3950  1.58206e-16
3960  1.54902e-16
3970  1.52152e-16
3980  1.50774e-16
3990  1.51403e-16
4000  1.54311e-16
4010  1.59314e-16
4020  1.65766e-16
4030  1.72687e-16
4040  1.7896e-16
4050  1.83577e-16
4060  1.85855e-16
4070  1.85579e-16
4080  1.83033e-16
4090  1.78908e-16
4100  1.74123e-16
4110  1.69593e-16
4120  1.66009e-16
4130  1.63681e-16
4140  1.62483e-16
4150  1.61905e-16
4160  1.61196e-16
4170  1.59559e-16
4180  1.56357e-16
4190  1.5127e-16
4200  1.44372e-16
4210  1.36123e-16
4220  1.2728e-16
4230  1.18753e-16
4240  1.11444e-16
4250  1.06113e-16
4260  1.03283e-16
4270  1.03202e-16
4280  1.0587e-16
4290  1.11081e-16
4300  1.18497e-16
4310  1.27704e-16
4320  1.38254e-16
4330  1.49678e-16
4340  1.61495e-16
4350  1.73202e-16
4360  1.84278e-16
4370  1.94207e-16
4380  2.02509e-16
4390  2.0879e-16
4400  2.12788e-16
4410  2.14417e-16
4420  2.13779e-16
4430  2.1116e-16
4440  2.07003e-16
4450  2.01855e-16
4460  1.96309e-16
4470  1.9095e-16
4480  1.86302e-16
4490  1.82791e-16
4500  1.80713e-16
4510  1.80224e-16
4520  1.81331e-16
4530  1.83897e-16
4540  1.87654e-16
4550  1.92226e-16
4560  1.97159e-16
4570  2.01967e-16
4580  2.06174e-16
4590  2.09365e-16
4600  2.11231e-16
4610  2.11601e-16
4620  2.10459e-16
4630  2.07949e-16
4640  2.04349e-16
4650  2.00038e-16
4660  1.95444e-16
4670  1.90987e-16
4680  1.87023e-16
4690  1.83793e-16
4700  1.81393e-16
4710  1.79758e-16
4720  1.78679e-16
4730  1.77833e-16
4740  1.76844e-16
4750  1.75344e-16
4760  1.73041e-16
4770  1.69769e-16
4780  1.65521e-16
4790  1.60448e-16
4800  1.54832e-16
4810  1.49042e-16
4820  1.43464e-16
4830  1.38446e-16
4840  1.34247e-16
4850  1.3101e-16
4860  1.28758e-16
4870  1.27411e-16
4880  1.2682e-16
4890  1.26805e-16
4900  1.27187e-16
4910  1.27819e-16
4920  1.286e-16
4930  1.29478e-16
4940  1.30452e-16
4950  1.31553e-16
4960  1.32841e-16
4970  1.34382e-16
4980  1.36236e-16
4990  1.38443e-16
5000  1.4101e-16
5010  1.43902e-16
5020  1.47039e-16
5030  1.50307e-16
5040  1.53568e-16
5050  1.56689e-16
5060  1.5956e-16
5070  1.62124e-16
5080  1.64383e-16
5090  1.66401e-16
5100  1.68288e-16
5110  1.70166e-16
5120  1.72131e-16
5130  1.74217e-16
5140  1.7636e-16
5150  1.78392e-16
5160  1.80048e-16
5170  1.81006e-16
5180  1.80938e-16
5190  1.79582e-16
5200  1.76794e-16
5210  1.72598e-16
5220  1.67197e-16
5230  1.60956e-16
5240  1.54351e-16
5250  1.47898e-16
5260  1.42078e-16
5270  1.37264e-16
5280  1.33679e-16
5290  1.31377e-16
5300  1.30257e-16
5310  1.30097e-16
5320  1.306e-16
5330  1.31445e-16
5340  1.32325e-16
5350  1.3298e-16
5360  1.33211e-16
5370  1.32892e-16
5380  1.31969e-16
5390  1.30465e-16
5400  1.28475e-16
5410  1.2616e-16
5420  1.23736e-16
5430  1.21453e-16
5440  1.19566e-16
5450  1.18297e-16
5460  1.17799e-16
5470  1.18125e-16
5480  1.19212e-16
5490  1.20879e-16
5500  1.22861e-16
5510  1.24844e-16
5520  1.26522e-16
5530  1.2765e-16
5540  1.28088e-16
5550  1.27822e-16
5560  1.26956e-16
5570  1.25693e-16
5580  1.24285e-16
5590  1.22983e-16
5600  1.2199e-16
5610  1.2143e-16
5620  1.2133e-16
5630  1.2163e-16
5640  1.22203e-16
5650  1.22886e-16
5660  1.23516e-16
5670  1.23955e-16
5680  1.24107e-16
5690  1.23932e-16
5700  1.23436e-16
5710  1.22671e-16
5720  1.21713e-16
5730  1.20657e-16
5740  1.19595e-16
5750  1.18608e-16
5760  1.17757e-16
5770  1.17074e-16
5780  1.16562e-16
5790  1.16195e-16
5800  1.15921e-16
5810  1.15678e-16
5820  1.15398e-16
5830  1.15024e-16
5840  1.14519e-16
5850  1.13871e-16
5860  1.13096e-16
5870  1.12235e-16
5880  1.11341e-16
5890  1.10476e-16
5900  1.09695e-16
5910  1.09037e-16
5920  1.08525e-16
5930  1.08161e-16
5940  1.07926e-16
5950  1.07786e-16
5960  1.07688e-16
5970  1.07567e-16
5980  1.07338e-16
5990  1.06905e-16
6000  1.06156e-16
6010  1.04976e-16
6020  1.03259e-16
6030  1.00924e-16
6040  9.79332e-17
6050  9.43096e-17
6060  9.01415e-17
6070  8.5582e-17
6080  8.08363e-17
6090  7.61403e-17
6100  7.17339e-17
6110  6.78337e-17
6120  6.46103e-17
6130  6.2173e-17
6140  6.05646e-17
6150  5.97663e-17
6160  5.97108e-17
6170  6.03e-17
6180  6.14229e-17
6190  6.29707e-17
6200  6.48451e-17
6210  6.69598e-17
6220  6.92372e-17
6230  7.16009e-17
6240  7.397e-17
6250  7.62571e-17
6260  7.83716e-17
6270  8.02284e-17
6280  8.17594e-17
6290  8.29232e-17
6300  8.37116e-17
6310  8.41475e-17
6320  8.42769e-17
6330  8.41553e-17
6340  8.38332e-17
6350  8.33444e-17
6360  8.27015e-17
6370  8.18984e-17
6380  8.09195e-17
6390  7.9752e-17
6400  7.83973e-17
6410  7.68784e-17
6420  7.5241e-17
6430  7.35489e-17
6440  7.18758e-17
6450  7.02951e-17
6460  6.8871e-17
6470  6.76516e-17
6480  6.66654e-17
6490  6.59187e-17
6500  6.53953e-17
6510  6.50565e-17
6520  6.48428e-17
6530  6.46773e-17
6540  6.44724e-17
6550  6.414e-17
6560  6.36051e-17
6570  6.28206e-17
6580  6.17792e-17
6590  6.05201e-17
6600  5.91256e-17
6610  5.77074e-17
6620  5.63855e-17
6630  5.52615e-17
6640  5.43965e-17
6650  5.37962e-17
6660  5.34109e-17
6670  5.31488e-17
6680  5.28998e-17
6690  5.25644e-17
6700  5.20789e-17
6710  5.14297e-17
6720  5.06549e-17
6730  4.98312e-17
6740  4.90516e-17
6750  4.83998e-17
6760  4.79283e-17
6770  4.76463e-17
6780  4.7519e-17
6790  4.7478e-17
6800  4.74393e-17
6810  4.73226e-17
6820  4.70684e-17
6830  4.66483e-17
6840  4.60666e-17
6850  4.5356e-17
6860  4.45678e-17
6870  4.37609e-17
6880  4.29915e-17
6890  4.23053e-17
6900  4.17322e-17
6910  4.12846e-17
6920  4.09569e-17
6930  4.07278e-17
6940  4.05644e-17
6950  4.04286e-17
6960  4.02848e-17
6970  4.01078e-17
6980  3.98896e-17
6990  3.96414e-17
7000  3.93912e-17
7010  3.9175e-17
7020  3.90241e-17
7030  3.89519e-17
7040  3.89435e-17
7050  3.89524e-17
7060  3.89058e-17
7070  3.87192e-17
7080  3.83166e-17
7090  3.76522e-17
7100  3.6728e-17
7110  3.56022e-17
7120  3.43865e-17
7130  3.32297e-17
7140  3.2292e-17
7150  3.17149e-17
7160  3.15912e-17
7170  3.19441e-17
7180  3.27184e-17
7190  3.37871e-17
7200  3.49724e-17
7210  3.60764e-17
7220  3.69166e-17
7230  3.73564e-17
7240  3.73265e-17
7250  3.68313e-17
7260  3.59405e-17
7270  3.47681e-17
7280  3.34456e-17
7290  3.20947e-17
7300  3.08077e-17
7310  2.96381e-17
7320  2.86027e-17
7330  2.76932e-17
7340  2.68919e-17
7350  2.61865e-17
7360  2.55794e-17
7370  2.50896e-17
7380  2.47462e-17
7390  2.45777e-17
7400  2.45996e-17
7410  2.48051e-17
7420  2.51622e-17
7430  2.56169e-17
7440  2.61034e-17
7450  2.6557e-17
7460  2.69255e-17
7470  2.71776e-17
7480  2.7305e-17
7490  2.73178e-17
7500  2.72363e-17
7510  2.70823e-17
7520  2.68715e-17
7530  2.66119e-17
7540  2.63059e-17
7550  2.59572e-17
7560  2.55781e-17
7570  2.51949e-17
7580  2.48489e-17
7590  2.45903e-17
7600  2.44677e-17
7610  2.45141e-17
7620  2.47344e-17
7630  2.50968e-17
7640  2.55336e-17
7650  2.59515e-17
7660  2.62494e-17
7670  2.63423e-17
7680  2.6183e-17
7690  2.57775e-17
7700  2.51883e-17
7710  2.45244e-17
7720  2.39187e-17
7730  2.3498e-17
7740  2.3353e-17
7750  2.35149e-17
7760  2.39451e-17
7770  2.45394e-17
7780  2.51483e-17
7790  2.56048e-17
7800  2.57576e-17
7810  2.54987e-17
7820  2.47835e-17
7830  2.36375e-17
7840  2.2151e-17
7850  2.04642e-17
7860  1.87456e-17
7870  1.71688e-17
7880  1.58896e-17
7890  1.50263e-17
7900  1.46452e-17
7910  1.47499e-17
7920  1.52786e-17
7930  1.61086e-17
7940  1.70691e-17
7950  1.79653e-17
7960  1.86097e-17
7970  1.88578e-17
7980  1.86424e-17
7990  1.79974e-17
8000  1.70656e-17
8010  1.60832e-17
8020  1.53428e-17
8030  1.51377e-17
8040  1.56999e-17
8050  1.71425e-17
8060  1.9423e-17
8070  2.23357e-17
8080  2.55396e-17
8090  2.86163e-17
8100  3.11484e-17
8110  3.28005e-17
8120  3.33845e-17
8130  3.28968e-17
8140  3.15158e-17
8150  2.95638e-17
8160  2.74413e-17
8170  2.55471e-17
8180  2.42045e-17
8190  2.36041e-17
8200  2.37757e-17
8210  2.4591e-17
8220  2.57944e-17
8230  2.70561e-17
8240  2.80354e-17
8250  2.84458e-17
8260  2.81084e-17
8270  2.69867e-17
8280  2.51941e-17
8290  2.29737e-17
8300  2.0652e-17
8310  1.85761e-17
8320  1.70466e-17
8330  1.62609e-17
8340  1.62792e-17
8350  1.70201e-17
8360  1.82863e-17
8370  1.98126e-17
8380  2.13243e-17
8390  2.25927e-17
8400  2.34745e-17
8410  2.39296e-17
8420  2.40146e-17
8430  2.38578e-17
8440  2.3622e-17
8450  2.34657e-17
8460  2.35098e-17
8470  2.38171e-17
8480  2.43862e-17
8490  2.51602e-17
8500  2.60459e-17
8510  2.69388e-17
8520  2.77467e-17
8530  2.8407e-17
8540  2.88934e-17
8550  2.92138e-17
8560  2.93992e-17
8570  2.94907e-17
8580  2.95269e-17
8590  2.95367e-17
8600  2.95373e-17
8610  2.95363e-17
8620  2.95357e-17
8630  2.95356e-17
8640  2.95356e-17
8650  2.95356e-17
8660  0
8670  0
8680  0
8690  0
8700  0
8710  0
8720  0
8730  0
8740  0
8750  0
8760  0
8770  0
8780  0
8790  0
8800  0
8810  0
8820  0
8830  0
8840  0
8850  0
8860  0
8870  0
8880  0
8890  0
8900  0
8910  0
8920  0
8930  0
8940  0
8950  0
8960  0
8970  0
8980  0
8990  0
9000  0