#4.1753492395191945
3000  0
3010  0
3020  0
3030  0
3040  0
3050  0
3060  0
3070  0
3080  0
3090  0
3100  0
3110  0
3120  0
3130  0
3140  0
3150  0
3160  0
3170  0
3180  0
3190  0
3200  0
3210  0
3220  0
3230  0
3240  0
3250  0
3260  0
3270  0
3280  0
3290  0
3300  0
3310  0
3320  0
3330  0
3340  0
3350  0
3360  0
3370  0
3380  0
3390  0
3400  0
3410  0
3420  0
3430  0
3440  0
3450  0
3460  0
3470  0
3480  0
3490  0
3500  0
3510  0
3520  0
3530  0
3540  0
3550  0
3560  0
3570  0
3580  0
3590  1.62777e-15
3600  1.6332e-15
3610  1.61635e-15
3620  1.57181e-15
3630  1.49746e-15
3640  1.39529e-15
3650  1.2714e-15
3660  1.13534e-15
3670  9.98772e-16
3680  8.73655e-16
3690  7.70393e-16
3700  6.96225e-16
3710  6.54212e-16
3720  6.43027e-16
3730  6.57558e-16
3740  6.90206e-16
3750  7.32574e-16
3760  7.77195e-16
3770  8.18902e-16
3780  8.55597e-16
3790  8.88254e-16
3800  9.2024e-16
3810  9.5614e-16
3820  1.00039e-15
3830  1.05605e-15
3840  1.12399e-15
3850  1.20252e-15
3860  1.28771e-15
3870  1.37392e-15
3880  1.45479e-15
3890  1.52413e-15
3900  1.57682e-15
3910  1.60947e-15
3920  1.6209e-15
3930  1.61234e-15
3940  1.58741e-15
3950  1.55176e-15
3960  1.51248e-15
3970  1.47713e-15
3980  1.45268e-15
3990  1.44431e-15
4000  1.45442e-15
4010  1.48205e-15
4020  1.52281e-15
4030  1.56961e-15
4040  1.61383e-15
4050  1.64701e-15
4060  1.66246e-15
4070  1.65664e-15
4080  1.62982e-15
4090  1.58602e-15
4100  1.53203e-15
4110  1.47596e-15
4120  1.42539e-15
4130  1.38585e-15
4140  1.3596e-15
4150  1.34538e-15
4160  1.33876e-15
4170  1.33331e-15
4180  1.32209e-15
4190  1.29921e-15
4200  1.26108e-15
4210  1.20712e-15
4220  1.13988e-15
4230  1.06445e-15
4240  9.8751e-16
4250  9.16125e-16
4260  8.56543e-16
4270  8.13261e-16
4280  7.88477e-16
4290  7.81983e-16
4300  7.91479e-16
4310  8.13207e-16
4320  8.42755e-16
4330  8.75872e-16
4340  9.0915e-16
4350  9.4045e-16
4360  9.69035e-16
4370  9.95404e-16
4380  1.02088e-15
4390  1.04708e-15
4400  1.07531e-15
4410  1.10614e-15
4420  1.13907e-15
4430  1.17258e-15
4440  1.20431e-15
4450  1.23151e-15
4460  1.25164e-15
4470  1.26291e-15
4480  1.26468e-15
4490  1.25767e-15
4500  1.24385e-15
4510  1.22608e-15
4520  1.20753e-15
4530  1.19103e-15
4540  1.17849e-15
4550  1.17055e-15
4560  1.16646e-15
4570  1.16431e-15
4580  1.16151e-15
4590  1.15537e-15
4600  1.14372e-15
4610  1.12536e-15
4620  1.10023e-15
4630  1.06939e-15
4640  1.03469e-15
4650  9.98354e-16
4660  9.62577e-16
4670  9.29178e-16
4680  8.99457e-16
4690  8.74211e-16
4700  8.53847e-16
4710  8.38514e-16
4720  8.28165e-16
4730  8.22514e-16
4740  8.20899e-16
4750  8.22137e-16
4760  8.24463e-16
4770  8.25643e-16
4780  8.23301e-16
4790  8.15398e-16
4800  8.00766e-16
4810  7.7951e-16
4820  7.53171e-16
4830  7.24529e-16
4840  6.97087e-16
4850  6.7433e-16
4860  6.58949e-16
4870  6.52224e-16
4880  6.53728e-16
4890  6.61427e-16
4900  6.72145e-16
4910  6.82288e-16
4920  6.88635e-16
4930  6.89037e-16
4940  6.82852e-16
4950  6.71061e-16
4960  6.5605e-16
4970  6.41125e-16
4980  6.29883e-16
4990  6.2556e-16
5000  6.3047e-16
5010  6.45632e-16
5020  6.70626e-16
5030  7.03679e-16
5040  7.41966e-16
5050  7.82064e-16
5060  8.20477e-16
5070  8.5417e-16
5080  8.81004e-16
5090  9.00004e-16
5100  9.1142e-16
5110  9.1654e-16
5120  9.17307e-16
5130  9.15801e-16
5140  9.13694e-16
5150  9.11816e-16
5160  9.09926e-16
5170  9.06752e-16
5180  9.00313e-16
5190  8.88436e-16
5200  8.69353e-16
5210  8.42239e-16
5220  8.07541e-16
5230  7.67049e-16
5240  7.23658e-16
5250  6.80916e-16
5260  6.42441e-16
5270  6.11351e-16
5280  5.89805e-16
5290  5.78739e-16
5300  5.77817e-16
5310  5.85564e-16
5320  5.99629e-16
5330  6.17131e-16
5340  6.35018e-16
5350  6.50414e-16
5360  6.60931e-16
5370  6.64926e-16
5380  6.61703e-16
5390  6.51615e-16
5400  6.36055e-16
5410  6.17308e-16
5420  5.98266e-16
5430  5.82018e-16
5440  5.7139e-16
5450  5.68502e-16
5460  5.74431e-16
5470  5.89064e-16
5480  6.11147e-16
5490  6.38551e-16
5500  6.68666e-16
5510  6.98858e-16
5520  7.26865e-16
5530  7.5108e-16
5540  7.70652e-16
5550  7.85423e-16
5560  7.95738e-16
5570  8.02196e-16
5580  8.05416e-16
5590  8.05874e-16
5600  8.03852e-16
5610  7.99468e-16
5620  7.92784e-16
5630  7.83927e-16
5640  7.73169e-16
5650  7.60966e-16
5660  7.47916e-16
5670  7.34678e-16
5680  7.21876e-16
5690  7.10023e-16
5700  6.99494e-16
5710  6.90548e-16
5720  6.83381e-16
5730  6.78179e-16
5740  6.75143e-16
5750  6.74465e-16
5760  6.76254e-16
5770  6.80446e-16
5780  6.86717e-16
5790  6.9446e-16
5800  7.0282e-16
5810  7.10808e-16
5820  7.17467e-16
5830  7.22035e-16
5840  7.24083e-16
5850  7.23575e-16
5860  7.20842e-16
5870  7.16477e-16
5880  7.1118e-16
5890  7.05598e-16
5900  7.00195e-16
5910  6.95193e-16
5920  6.90581e-16
5930  6.86192e-16
5940  6.818e-16
5950  6.77218e-16
5960  6.72345e-16
5970  6.67151e-16
5980  6.61592e-16
5990  6.55494e-16
6000  6.48425e-16
6010  6.3962e-16
6020  6.27998e-16
6030  6.12287e-16
6040  5.91261e-16
6050  5.64046e-16
6060  5.30444e-16
6070  4.91192e-16
6080  4.48077e-16
6090  4.03873e-16
6100  3.6206e-16
6110  3.26376e-16
6120  3.00256e-16
6130  2.86278e-16
6140  2.85717e-16
6150  2.98307e-16
6160  3.22262e-16
6170  3.54562e-16
6180  3.9144e-16
6190  4.28974e-16
6200  4.63672e-16
6210  4.92928e-16
6220  5.15286e-16
6230  5.30471e-16
6240  5.39215e-16
6250  5.42928e-16
6260  5.43311e-16
6270  5.41991e-16
6280  5.40241e-16
6290  5.38834e-16
6300  5.38027e-16
6310  5.37657e-16
6320  5.37301e-16
6330  5.36453e-16
6340  5.34676e-16
6350  5.31703e-16
6360  5.27467e-16
6370  5.22084e-16
6380  5.15784e-16
6390  5.08839e-16
6400  5.01491e-16
6410  4.93908e-16
6420  4.86175e-16
6430  4.78311e-16
6440  4.70316e-16
6450  4.62208e-16
6460  4.5406e-16
6470  4.46013e-16
6480  4.3825e-16
6490  4.30967e-16
6500  4.24318e-16
6510  4.18372e-16
6520  4.13088e-16
6530  4.08321e-16
6540  4.0385e-16
6550  3.99442e-16
6560  3.94907e-16
6570  3.90159e-16
6580  3.85238e-16
6590  3.80304e-16
6600  3.75598e-16
6610  3.71364e-16
6620  3.67781e-16
6630  3.6489e-16
6640  3.62561e-16
6650  3.60503e-16
6660  3.5831e-16
6670  3.55554e-16
6680  3.51883e-16
6690  3.47107e-16
6700  3.41262e-16
6710  3.34609e-16
6720  3.27591e-16
6730  3.20737e-16
6740  3.14551e-16
6750  3.09396e-16
6760  3.05417e-16
6770  3.02512e-16
6780  3.00356e-16
6790  2.98483e-16
6800  2.96394e-16
6810  2.93668e-16
6820  2.90057e-16
6830  2.8554e-16
6840  2.80317e-16
6850  2.74759e-16
6860  2.69323e-16
6870  2.64442e-16
6880  2.60426e-16
6890  2.57398e-16
6900  2.55263e-16
6910  2.53733e-16
6920  2.52396e-16
6930  2.50812e-16
6940  2.48613e-16
6950  2.45589e-16
6960  2.4174e-16
6970  2.37273e-16
6980  2.32562e-16
6990  2.28065e-16
7000  2.24225e-16
7010  2.21376e-16
7020  2.19678e-16
7030  2.19085e-16
7040  2.19362e-16
7050  2.20143e-16
7060  2.21003e-16
7070  2.21551e-16
7080  2.21494e-16
7090  2.20691e-16
7100  2.19153e-16
7110  2.17032e-16
7120  2.14565e-16
7130  2.1202e-16
7140  2.09642e-16
7150  2.07608e-16
7160  2.06014e-16
7170  2.04871e-16
7180  2.04125e-16
7190  2.03688e-16
7200  2.03463e-16
7210  2.03362e-16
7220  2.03326e-16
7230  2.03315e-16
7240  2.03313e-16
7250  2.03313e-16
7260  2.03313e-16
7270  2.03313e-16
7280  0
7290  0
7300  0
7310  0
7320  0
7330  0
7340  0
7350  0
7360  0
7370  0
7380  0
7390  0
7400  0
7410  0
7420  0
7430  0
7440  0
7450  0
7460  0
7470  0
7480  0
7490  0
7500  0
7510  0
7520  0
7530  0
7540  0
7550  0
7560  0
7570  0
7580  0
7590  0
7600  0
7610  0
7620  0
7630  0
7640  0
7650  0
7660  0
7670  0
7680  0
7690  0
7700  0
7710  0
7720  0
7730  0
7740  0
7750  0
7760  0
7770  0
7780  0
7790  0
7800  0
7810  0
7820  0
7830  0
7840  0
7850  0
7860  0
7870  0
7880  0
7890  0
7900  0
7910  0
7920  0
7930  0
7940  0
7950  0
7960  0
7970  0
7980  0
7990  0
8000  0
8010  0
8020  0
8030  0
8040  0
8050  0
8060  0
8070  0
8080  0
8090  0
8100  0
8110  0
8120  0
8130  0
8140  0
8150  0
8160  0
8170  0
8180  0
8190  0
8200  0
8210  0
8220  0
8230  0
8240  0
8250  0
8260  0
8270  0
8280  0
8290  0
8300  0
8310  0
8320  0
8330  0
8340  0
8350  0
8360  0
8370  0
8380  0
8390  0
8400  0
8410  0
8420  0
8430  0
8440  0
8450  0
8460  0
8470  0
8480  0
8490  0
8500  0
8510  0
8520  0
8530  0
8540  0
8550  0
8560  0
8570  0
8580  0
8590  0
8600  0
8610  0
8620  0
8630  0
8640  0
8650  0
8660  0
8670  0
8680  0
8690  0
8700  0
8710  0
8720  0
8730  0
8740  0
8750  0
8760  0
8770  0
8780  0
8790  0
8800  0
8810  0
8820  0
8830  0
8840  0
8850  0
8860  0
8870  0
8880  0
8890  0
8900  0
8910  0
8920  0
8930  0
8940  0
8950  0
8960  0
8970  0
8980  0
8990  0
9000  0