#6.5543071161048685
3000  0
3010  0
3020  0
3030  0
3040  0
3050  0
3060  0
3070  0
3080  0
3090  0
3100  0
3110  0
3120  0
3130  0
3140  1.52916e-17
3150  2.30781e-17
3160  3.03756e-17
3170  3.62824e-17
3180  4.01118e-17
3190  4.15283e-17
3200  4.06113e-17
3210  3.78329e-17
3220  3.39587e-17
3230  2.98927e-17
3240  2.65067e-17
3250  2.44867e-17
3260  2.42303e-17
3270  2.58073e-17
3280  2.89877e-17
3290  3.33221e-17
3300  3.82536e-17
3310  4.32346e-17
3320  4.78269e-17
3330  5.17642e-17
3340  5.49722e-17
3350  5.75433e-17
3360  5.9678e-17
3370  6.16073e-17
3380  6.35159e-17
3390  6.54842e-17
3400  6.74616e-17
3410  6.92787e-17
3420  7.06955e-17
3430  7.14761e-17
3440  7.14735e-17
3450  7.07061e-17
3460  6.94078e-17
3470  6.8037e-17
3480  6.72378e-17
3490  6.77542e-17
3500  7.03089e-17
3510  7.54652e-17
3520  8.34967e-17
3530  9.42915e-17
3540  1.07314e-16
3550  1.21635e-16
3560  1.36041e-16
3570  1.49196e-16
3580  1.59841e-16
3590  1.66998e-16
3600  1.70128e-16
3610  1.69233e-16
3620  1.64866e-16
3630  1.58056e-16
3640  1.50162e-16
3650  1.42679e-16
3660  1.37025e-16
3670  1.34358e-16
3680  1.35437e-16
3690  1.40543e-16
3700  1.4948e-16
3710  1.61636e-16
3720  1.76091e-16
3730  1.91759e-16
3740  2.07533e-16
3750  2.22414e-16
3760  2.35618e-16
3770  2.46641e-16
3780  2.55281e-16
3790  2.61627e-16
3800  2.66019e-16
3810  2.68975e-16
3820  2.7112e-16
3830  2.73095e-16
3840  2.75471e-16
3850  2.78671e-16
3860  2.82891e-16
3870  2.8805e-16
3880  2.9377e-16
3890  2.99399e-16
3900  3.04091e-16
3910  3.06939e-16
3920  3.07144e-16
3930  3.04202e-16
3940  2.98057e-16
3950  2.89189e-16
3960  2.78601e-16
3970  2.67694e-16
3980  2.5804e-16
3990  2.51099e-16
4000  2.4794e-16
4010  2.49019e-16
4020  2.54084e-16
4030  2.62218e-16
4040  2.72029e-16
4050  2.81931e-16
4060  2.90464e-16
4070  2.96578e-16
4080  2.99807e-16
4090  3.00316e-16
4100  2.9879e-16
4110  2.96222e-16
4120  2.93638e-16
4130  2.91822e-16
4140  2.91125e-16
4150  2.91382e-16
4160  2.9196e-16
4170  2.91917e-16
4180  2.90244e-16
4190  2.86103e-16
4200  2.79045e-16
4210  2.69119e-16
4220  2.5689e-16
4230  2.43344e-16
4240  2.29721e-16
4250  2.17306e-16
4260  2.0724e-16
4270  2.00361e-16
4280  1.97121e-16
4290  1.97574e-16
4300  2.01424e-16
4310  2.08126e-16
4320  2.17e-16
4330  2.27353e-16
4340  2.3858e-16
4350  2.50227e-16
4360  2.62026e-16
4370  2.73878e-16
4380  2.8581e-16
4390  2.979e-16
4400  3.10194e-16
4410  3.22634e-16
4420  3.35006e-16
4430  3.46931e-16
4440  3.57906e-16
4450  3.67378e-16
4460  3.74858e-16
4470  3.8002e-16
4480  3.82794e-16
4490  3.83393e-16
4500  3.82288e-16
4510  3.80127e-16
4520  3.77607e-16
4530  3.75338e-16
4540  3.73724e-16
4550  3.72898e-16
4560  3.72708e-16
4570  3.72769e-16
4580  3.72561e-16
4590  3.71538e-16
4600  3.69244e-16
4610  3.65389e-16
4620  3.59887e-16
4630  3.52848e-16
4640  3.44543e-16
4650  3.35338e-16
4660  3.2564e-16
4670  3.1584e-16
4680  3.06285e-16
4690  2.9726e-16
4700  2.88989e-16
4710  2.81634e-16
4720  2.753e-16
4730  2.70029e-16
4740  2.65784e-16
4750  2.62439e-16
4760  2.59774e-16
4770  2.5748e-16
4780  2.5519e-16
4790  2.52522e-16
4800  2.49149e-16
4810  2.4485e-16
4820  2.39572e-16
4830  2.33446e-16
4840  2.26785e-16
4850  2.20042e-16
4860  2.13739e-16
4870  2.08388e-16
4880  2.04406e-16
4890  2.02052e-16
4900  2.01391e-16
4910  2.02293e-16
4920  2.04467e-16
4930  2.07519e-16
4940  2.11033e-16
4950  2.14644e-16
4960  2.18105e-16
4970  2.21323e-16
4980  2.24367e-16
4990  2.27443e-16
5000  2.30844e-16
5010  2.34882e-16
5020  2.3982e-16
5030  2.45816e-16
5040  2.52891e-16
5050  2.60922e-16
5060  2.69668e-16
5070  2.78813e-16
5080  2.88027e-16
5090  2.97016e-16
5100  3.05571e-16
5110  3.1358e-16
5120  3.21029e-16
5130  3.27967e-16
5140  3.34457e-16
5150  3.40522e-16
5160  3.46099e-16
5170  3.51009e-16
5180  3.54954e-16
5190  3.57549e-16
5200  3.58381e-16
5210  3.57083e-16
5220  3.53418e-16
5230  3.47345e-16
5240  3.39063e-16
5250  3.29015e-16
5260  3.17845e-16
5270  3.06325e-16
5280  2.95247e-16
5290  2.85311e-16
5300  2.77023e-16
5310  2.70635e-16
5320  2.66118e-16
5330  2.63197e-16
5340  2.6142e-16
5350  2.60254e-16
5360  2.59183e-16
5370  2.5779e-16
5380  2.55806e-16
5390  2.5312e-16
5400  2.49762e-16
5410  2.45854e-16
5420  2.41576e-16
5430  2.37119e-16
5440  2.32671e-16
5450  2.28408e-16
5460  2.24502e-16
5470  2.21122e-16
5480  2.1843e-16
5490  2.16561e-16
5500  2.15595e-16
5510  2.15523e-16
5520  2.1623e-16
5530  2.17496e-16
5540  2.19012e-16
5550  2.20434e-16
5560  2.21442e-16
5570  2.21791e-16
5580  2.21361e-16
5590  2.20165e-16
5600  2.18336e-16
5610  2.16087e-16
5620  2.13655e-16
5630  2.11242e-16
5640  2.08974e-16
5650  2.06884e-16
5660  2.04915e-16
5670  2.02952e-16
5680  2.00868e-16
5690  1.98564e-16
5700  1.96013e-16
5710  1.93271e-16
5720  1.90475e-16
5730  1.8782e-16
5740  1.85523e-16
5750  1.83786e-16
5760  1.82756e-16
5770  1.82509e-16
5780  1.83039e-16
5790  1.84265e-16
5800  1.86047e-16
5810  1.88212e-16
5820  1.90575e-16
5830  1.92962e-16
5840  1.9522e-16
5850  1.97225e-16
5860  1.9888e-16
5870  2.00108e-16
5880  2.00847e-16
5890  2.01043e-16
5900  2.00655e-16
5910  1.99662e-16
5920  1.98077e-16
5930  1.95956e-16
5940  1.9341e-16
5950  1.90601e-16
5960  1.87719e-16
5970  1.8496e-16
5980  1.82478e-16
5990  1.80346e-16
6000  1.78518e-16
6010  1.76816e-16
6020  1.74934e-16
6030  1.72478e-16
6040  1.69024e-16
6050  1.64202e-16
6060  1.5777e-16
6070  1.49679e-16
6080  1.40113e-16
6090  1.29481e-16
6100  1.18378e-16
6110  1.07509e-16
6120  9.7594e-17
6130  8.92744e-17
6140  8.30332e-17
6150  7.9147e-17
6160  7.76715e-17
6170  7.84599e-17
6180  8.12052e-17
6190  8.54943e-17
6200  9.08649e-17
6210  9.68534e-17
6220  1.03033e-16
6230  1.09037e-16
6240  1.14576e-16
6250  1.19438e-16
6260  1.23493e-16
6270  1.26685e-16
6280  1.29023e-16
6290  1.30569e-16
6300  1.31425e-16
6310  1.31716e-16
6320  1.31572e-16
6330  1.31118e-16
6340  1.30461e-16
6350  1.29688e-16
6360  1.28855e-16
6370  1.27997e-16
6380  1.27124e-16
6390  1.26233e-16
6400  1.25307e-16
6410  1.24328e-16
6420  1.23281e-16
6430  1.22162e-16
6440  1.20979e-16
6450  1.19756e-16
6460  1.1853e-16
6470  1.17344e-16
6480  1.16235e-16
6490  1.15228e-16
6500  1.14325e-16
6510  1.13504e-16
6520  1.12717e-16
6530  1.119e-16
6540  1.10987e-16
6550  1.09918e-16
6560  1.08655e-16
6570  1.07186e-16
6580  1.05525e-16
6590  1.03708e-16
6600  1.01783e-16
6610  9.98016e-17
6620  9.78133e-17
6630  9.58607e-17
6640  9.39785e-17
6650  9.21933e-17
6660  9.05225e-17
6670  8.89719e-17
6680  8.75311e-17
6690  8.61706e-17
6700  8.4841e-17
6710  8.34786e-17
6720  8.20169e-17
6730  8.04013e-17
6740  7.86063e-17
6750  7.66474e-17
6760  7.45848e-17
6770  7.25177e-17
6780  7.05681e-17
6790  6.88578e-17
6800  6.74853e-17
6810  6.65069e-17
6820  6.59274e-17
6830  6.57023e-17
6840  6.57503e-17
6850  6.59724e-17
6860  6.62723e-17
6870  6.65728e-17
6880  6.68247e-17
6890  6.70073e-17
6900  6.71224e-17
6910  6.71851e-17
6920  6.72139e-17
6930  6.72246e-17
6940  6.72277e-17
6950  6.72283e-17
6960  6.72283e-17
6970  6.72283e-17
6980  6.72283e-17
6990  6.72283e-17
7000  0
7010  0
7020  0
7030  0
7040  0
7050  0
7060  0
7070  0
7080  0
7090  0
7100  0
7110  0
7120  0
7130  0
7140  0
7150  0
7160  0
7170  0
7180  0
7190  0
7200  0
7210  0
7220  0
7230  0
7240  0
7250  0
7260  0
7270  0
7280  0
7290  0
7300  0
7310  0
7320  0
7330  0
7340  0
7350  0
7360  0
7370  0
7380  0
7390  0
7400  0
7410  0
7420  0
7430  0
7440  0
7450  0
7460  0
7470  0
7480  0
7490  0
7500  0
7510  0
7520  0
7530  0
7540  0
7550  0
7560  0
7570  0
7580  0
7590  0
7600  0
7610  0
7620  0
7630  0
7640  0
7650  0
7660  0
7670  0
7680  0
7690  0
7700  0
7710  0
7720  0
7730  0
7740  0
7750  0
7760  0
7770  0
7780  0
7790  0
7800  0
7810  0
7820  0
7830  0
7840  0
7850  0
7860  0
7870  0
7880  0
7890  0
7900  0
7910  0
7920  0
7930  0
7940  0
7950  0
7960  0
7970  0
7980  0
7990  0
8000  0
8010  0
8020  0
8030  0
8040  0
8050  0
8060  0
8070  0
8080  0
8090  0
8100  0
8110  0
8120  0
8130  0
8140  0
8150  0
8160  0
8170  0
8180  0
8190  0
8200  0
8210  0
8220  0
8230  0
8240  0
8250  0
8260  0
8270  0
8280  0
8290  0
8300  0
8310  0
8320  0
8330  0
8340  0
8350  0
8360  0
8370  0
8380  0
8390  0
8400  0
8410  0
8420  0
8430  0
8440  0
8450  0
8460  0
8470  0
8480  0
8490  0
8500  0
8510  0
8520  0
8530  0
8540  0
8550  0
8560  0
8570  0
8580  0
8590  0
8600  0
8610  0
8620  0
8630  0
8640  0
8650  0
8660  0
8670  0
8680  0
8690  0
8700  0
8710  0
8720  0
8730  0
8740  0
8750  0
8760  0
8770  0
8780  0
8790  0
8800  0
8810  0
8820  0
8830  0
8840  0
8850  0
8860  0
8870  0
8880  0
8890  0
8900  0
8910  0
8920  0
8930  0
8940  0
8950  0
8960  0
8970  0
8980  0
8990  0
9000  0