#8.96513459157337
3000  0
3010  0
3020  0
3030  0
3040  0
3050  0
3060  0
3070  0
3080  0
3090  0
3100  0
3110  0
3120  0
3130  0
3140  0
3150  0
3160  0
3170  0
3180  0
3190  0
3200  0
3210  0
3220  0
3230  0
3240  0
3250  0
3260  0
3270  0
3280  0
3290  0
3300  0
3310  0
3320  0
3330  0
3340  0
3350  0
3360  0
3370  0
3380  0
3390  0
3400  9.40059e-15
3410  9.63323e-15
3420  9.90143e-15
3430  1.02115e-14
3440  1.05707e-14
3450  1.0984e-14
3460  1.14506e-14
3470  1.19611e-14
3480  1.24963e-14
3490  1.30283e-14
3500  1.35246e-14
3510  1.39529e-14
3520  1.42872e-14
3530  1.45129e-14
3540  1.46292e-14
3550  1.46488e-14
3560  1.45944e-14
3570  1.44928e-14
3580  1.43681e-14
3590  1.42359e-14
3600  1.40994e-14
3610  1.39488e-14
3620  1.37646e-14
3630  1.35229e-14
3640  1.32019e-14
3650  1.27883e-14
3660  1.22805e-14
3670  1.169e-14
3680  1.10389e-14
3690  1.0355e-14
3700  9.66715e-15
3710  9.00023e-15
3720  8.37348e-15
3730  7.801e-15
3740  7.29489e-15
3750  6.86966e-15
3760  6.54627e-15
3770  6.3542e-15
3780  6.33056e-15
3790  6.51592e-15
3800  6.94763e-15
3810  7.65196e-15
3820  8.63681e-15
3830  9.88648e-15
3840  1.13597e-14
3850  1.29912e-14
3860  1.46966e-14
3870  1.63801e-14
3880  1.79437e-14
3890  1.92974e-14
3900  2.03692e-14
3910  2.11146e-14
3920  2.15233e-14
3930  2.16241e-14
3940  2.14842e-14
3950  2.1204e-14
3960  2.09054e-14
3970  2.07149e-14
3980  2.07445e-14
3990  2.10712e-14
4000  2.17223e-14
4010  2.26677e-14
4020  2.38228e-14
4030  2.5062e-14
4040  2.62416e-14
4050  2.72262e-14
4060  2.79143e-14
4070  2.82575e-14
4080  2.82689e-14
4090  2.8018e-14
4100  2.76151e-14
4110  2.71865e-14
4120  2.68481e-14
4130  2.66812e-14
4140  2.67176e-14
4150  2.69348e-14
4160  2.72635e-14
4170  2.76046e-14
4180  2.78507e-14
4190  2.79086e-14
4200  2.77172e-14
4210  2.72578e-14
4220  2.65556e-14
4230  2.56729e-14
4240  2.46963e-14
4250  2.37213e-14
4260  2.28373e-14
4270  2.21155e-14
4280  2.16014e-14
4290  2.13121e-14
4300  2.1239e-14
4310  2.13536e-14
4320  2.16158e-14
4330  2.19825e-14
4340  2.24163e-14
4350  2.28907e-14
4360  2.33943e-14
4370  2.39297e-14
4380  2.45117e-14
4390  2.51606e-14
4400  2.58962e-14
4410  2.67305e-14
4420  2.76622e-14
4430  2.86735e-14
4440  2.97294e-14
4450  3.07819e-14
4460  3.17751e-14
4470  3.26545e-14
4480  3.33752e-14
4490  3.39096e-14
4500  3.4253e-14
4510  3.44237e-14
4520  3.44599e-14
4530  3.44117e-14
4540  3.43304e-14
4550  3.42574e-14
4560  3.4215e-14
4570  3.42012e-14
4580  3.419e-14
4590  3.4137e-14
4600  3.39892e-14
4610  3.36965e-14
4620  3.32227e-14
4630  3.25527e-14
4640  3.16961e-14
4650  3.06849e-14
4660  2.95686e-14
4670  2.84062e-14
4680  2.72583e-14
4690  2.61798e-14
4700  2.52145e-14
4710  2.4391e-14
4720  2.37208e-14
4730  2.31966e-14
4740  2.27939e-14
4750  2.24732e-14
4760  2.21855e-14
4770  2.18808e-14
4780  2.15172e-14
4790  2.10718e-14
4800  2.05475e-14
4810  1.99762e-14
4820  1.94148e-14
4830  1.89343e-14
4840  1.8604e-14
4850  1.84743e-14
4860  1.85619e-14
4870  1.88415e-14
4880  1.92474e-14
4890  1.96841e-14
4900  2.0044e-14
4910  2.02296e-14
4920  2.01728e-14
4930  1.98489e-14
4940  1.92819e-14
4950  1.85396e-14
4960  1.77215e-14
4970  1.69408e-14
4980  1.63057e-14
4990  1.59037e-14
5000  1.57896e-14
5010  1.59813e-14
5020  1.64609e-14
5030  1.71811e-14
5040  1.80746e-14
5050  1.90645e-14
5060  2.00753e-14
5070  2.10409e-14
5080  2.19115e-14
5090  2.26573e-14
5100  2.32689e-14
5110  2.37551e-14
5120  2.41378e-14
5130  2.44443e-14
5140  2.46995e-14
5150  2.49171e-14
5160  2.5095e-14
5170  2.52131e-14
5180  2.52363e-14
5190  2.51219e-14
5200  2.483e-14
5210  2.43347e-14
5220  2.36337e-14
5230  2.27535e-14
5240  2.17484e-14
5250  2.06948e-14
5260  1.96802e-14
5270  1.87902e-14
5280  1.80962e-14
5290  1.7645e-14
5300  1.7454e-14
5310  1.75099e-14
5320  1.77719e-14
5330  1.81786e-14
5340  1.86553e-14
5350  1.91235e-14
5360  1.95093e-14
5370  1.97519e-14
5380  1.98104e-14
5390  1.96701e-14
5400  1.93449e-14
5410  1.88778e-14
5420  1.83357e-14
5430  1.78015e-14
5440  1.73621e-14
5450  1.70953e-14
5460  1.70568e-14
5470  1.72715e-14
5480  1.77293e-14
5490  1.83875e-14
5500  1.91791e-14
5510  2.00243e-14
5520  2.08446e-14
5530  2.15739e-14
5540  2.21676e-14
5550  2.26053e-14
5560  2.28891e-14
5570  2.30376e-14
5580  2.30785e-14
5590  2.30404e-14
5600  2.29467e-14
5610  2.28127e-14
5620  2.26449e-14
5630  2.2444e-14
5640  2.2208e-14
5650  2.19367e-14
5660  2.16347e-14
5670  2.13129e-14
5680  2.0989e-14
5690  2.06855e-14
5700  2.04275e-14
5710  2.02393e-14
5720  2.01417e-14
5730  2.01493e-14
5740  2.02688e-14
5750  2.04974e-14
5760  2.08235e-14
5770  2.1227e-14
5780  2.16814e-14
5790  2.21569e-14
5800  2.26231e-14
5810  2.30532e-14
5820  2.34263e-14
5830  2.37298e-14
5840  2.3959e-14
5850  2.41167e-14
5860  2.421e-14
5870  2.4248e-14
5880  2.42388e-14
5890  2.41881e-14
5900  2.40997e-14
5910  2.39769e-14
5920  2.3825e-14
5930  2.36537e-14
5940  2.34779e-14
5950  2.33164e-14
5960  2.31875e-14
5970  2.3103e-14
5980  2.3061e-14
5990  2.30406e-14
6000  2.29986e-14
6010  2.2872e-14
6020  2.25852e-14
6030  2.20621e-14
6040  2.12412e-14
6050  2.00905e-14
6060  1.86191e-14
6070  1.68835e-14
6080  1.49856e-14
6090  1.30625e-14
6100  1.12704e-14
6110  9.7633e-15
6120  8.67178e-15
6130  8.085e-15
6140  8.03857e-15
6150  8.51073e-15
6160  9.42719e-15
6170  1.06734e-14
6180  1.21121e-14
6190  1.36027e-14
6200  1.50193e-14
6210  1.62647e-14
6220  1.72781e-14
6230  1.80366e-14
6240  1.85503e-14
6250  1.88534e-14
6260  1.89932e-14
6270  1.90192e-14
6280  1.89748e-14
6290  1.8892e-14
6300  1.87894e-14
6310  1.86743e-14
6320  1.85453e-14
6330  1.83977e-14
6340  1.82268e-14
6350  1.80314e-14
6360  1.78148e-14
6370  1.75853e-14
6380  1.73542e-14
6390  1.71341e-14
6400  1.69363e-14
6410  1.6769e-14
6420  1.66359e-14
6430  1.65357e-14
6440  1.64621e-14
6450  1.64052e-14
6460  1.63534e-14
6470  1.62946e-14
6480  1.62184e-14
6490  1.61177e-14
6500  1.59891e-14
6510  1.58333e-14
6520  1.56543e-14
6530  1.54586e-14
6540  1.5253e-14
6550  1.50442e-14
6560  1.48367e-14
6570  1.46327e-14
6580  1.44317e-14
6590  1.42313e-14
6600  1.40276e-14
6610  1.3817e-14
6620  1.3597e-14
6630  1.33671e-14
6640  1.31292e-14
6650  1.28879e-14
6660  1.26494e-14
6670  1.24205e-14
6680  1.22078e-14
6690  1.20157e-14
6700  1.18464e-14
6710  1.16991e-14
6720  1.15702e-14
6730  1.14548e-14
6740  1.13468e-14
6750  1.12411e-14
6760  1.11337e-14
6770  1.10224e-14
6780  1.09069e-14
6790  1.07882e-14
6800  1.06677e-14
6810  1.0547e-14
6820  1.04265e-14
6830  1.03058e-14
6840  1.01837e-14
6850  1.00584e-14
6860  9.92844e-15
6870  9.79325e-15
6880  9.65377e-15
6890  9.51248e-15
6900  9.37319e-15
6910  9.2404e-15
6920  9.1184e-15
6930  9.01045e-15
6940  8.91792e-15
6950  8.83993e-15
6960  8.77332e-15
6970  8.7131e-15
6980  8.65326e-15
6990  8.58787e-15
7000  8.51222e-15
7010  8.42384e-15
7020  8.32309e-15
7030  8.21341e-15
7040  8.1009e-15
7050  7.99344e-15
7060  7.89938e-15
7070  7.82613e-15
7080  7.77874e-15
7090  7.75896e-15
7100  7.76482e-15
7110  7.79091e-15
7120  7.82936e-15
7130  7.87124e-15
7140  7.90819e-15
7150  7.93386e-15
7160  7.94489e-15
7170  7.94118e-15
7180  7.92532e-15
7190  7.9015e-15
7200  7.87393e-15
7210  7.84537e-15
7220  7.81599e-15
7230  7.78302e-15
7240  7.74111e-15
7250  7.68352e-15
7260  7.60366e-15
7270  7.49687e-15
7280  7.36169e-15
7290  7.20064e-15
7300  7.02008e-15
7310  6.8293e-15
7320  6.63899e-15
7330  6.45939e-15
7340  6.29853e-15
7350  6.1609e-15
7360  6.04671e-15
7370  5.95202e-15
7380  5.86955e-15
7390  5.79009e-15
7400  5.70432e-15
7410  5.6045e-15
7420  5.486e-15
7430  5.3482e-15
7440  5.19473e-15
7450  5.03299e-15
7460  4.87309e-15
7470  4.72637e-15
7480  4.60383e-15
7490  4.51461e-15
7500  4.46488e-15
7510  4.4571e-15
7520  4.48979e-15
7530  4.55773e-15
7540  4.6526e-15
7550  4.76383e-15
7560  4.87973e-15
7570  4.98865e-15
7580  5.08023e-15
7590  5.14646e-15
7600  5.1826e-15
7610  5.1877e-15
7620  5.16479e-15
7630  5.12044e-15
7640  5.06405e-15
7650  5.00663e-15
7660  4.95939e-15
7670  4.93233e-15
7680  4.93296e-15
7690  4.96542e-15
7700  5.0301e-15
7710  5.12381e-15
7720  5.2405e-15
7730  5.3724e-15
7740  5.51127e-15
7750  5.6497e-15
7760  5.7821e-15
7770  5.90527e-15
7780  6.01836e-15
7790  6.12248e-15
7800  6.2199e-15
7810  6.31301e-15
7820  6.40354e-15
7830  6.49187e-15
7840  6.57684e-15
7850  6.6558e-15
7860  6.72514e-15
7870  6.7809e-15
7880  6.81948e-15
7890  6.83827e-15
7900  6.836e-15
7910  6.81302e-15
7920  6.77115e-15
7930  6.71348e-15
7940  6.64394e-15
7950  6.56679e-15
7960  6.4861e-15
7970  6.40531e-15
7980  6.32681e-15
7990  6.25184e-15
8000  6.18041e-15
8010  6.11155e-15
8020  6.04366e-15
8030  5.97495e-15
8040  5.90388e-15
8050  5.82946e-15
8060  5.75141e-15
8070  5.67e-15
8080  5.58569e-15
8090  5.49859e-15
8100  5.40791e-15
8110  5.31147e-15
8120  5.20561e-15
8130  5.08542e-15
8140  4.94556e-15
8150  4.78143e-15
8160  4.59061e-15
8170  4.37424e-15
8180  4.13807e-15
8190  3.89274e-15
8200  3.65315e-15
8210  3.43687e-15
8220  3.26164e-15
8230  3.14249e-15
8240  3.08895e-15
8250  3.1029e-15
8260  3.17776e-15
8270  3.29919e-15
8280  3.44734e-15
8290  3.6004e-15
8300  3.73864e-15
8310  3.84821e-15
8320  3.9239e-15
8330  3.97003e-15
8340  3.99954e-15
8350  4.03109e-15
8360  4.08513e-15
8370  4.17948e-15
8380  4.32561e-15
8390  4.5263e-15
8400  4.77515e-15
8410  5.05793e-15
8420  5.35549e-15
8430  5.64731e-15
8440  5.91509e-15
8450  6.14544e-15
8460  6.33136e-15
8470  6.47232e-15
8480  6.57313e-15
8490  6.64203e-15
8500  6.68862e-15
8510  6.72201e-15
8520  6.74954e-15
8530  6.77624e-15
8540  6.80492e-15
8550  6.83655e-15
8560  6.87089e-15
8570  6.90691e-15
8580  6.94313e-15
8590  6.97767e-15
8600  7.00831e-15
8610  7.03271e-15
8620  7.04886e-15
8630  7.05576e-15
8640  7.05427e-15
8650  7.04768e-15
8660  7.04169e-15
8670  7.04377e-15
8680  7.06166e-15
8690  7.10151e-15
8700  7.16612e-15
8710  7.25365e-15
8720  7.35741e-15
8730  7.46663e-15
8740  7.56811e-15
8750  7.64836e-15
8760  7.69566e-15
8770  7.7017e-15
8780  7.66262e-15
8790  7.57927e-15
8800  7.45693e-15
8810  7.30456e-15
8820  7.13362e-15
8830  6.95681e-15
8840  6.78653e-15
8850  6.63339e-15
8860  6.50502e-15
8870  6.40522e-15
8880  6.33388e-15
8890  6.28757e-15
8900  6.26075e-15
8910  6.24725e-15
8920  6.24155e-15
8930  6.23965e-15
8940  6.2392e-15
8950  6.23913e-15
8960  6.23913e-15
8970  6.23913e-15
8980  0
8990  0
9000  0