-20        2000     0
-20        2146.94  0
-20        2293.88  0
-20        2440.82  0
-20        2587.76  0
-20        2734.69  0
-20        2881.63  0
-20        3028.57  0
-20        3175.51  0
-20        3322.45  0
-20        3469.39  0
-20        3616.33  0
-20        3763.27  0
-20        3910.2   0
-20        4057.14  0
-20        4204.08  0
-20        4351.02  0
-20        4497.96  0
-20        4644.9   0
-20        4791.84  0
-20        4938.78  0
-20        5085.71  0
-20        5232.65  0
-20        5379.59  0
-20        5526.53  0
-20        5673.47  0
-20        5820.41  0
-20        5967.35  0
-20        6114.29  0
-20        6261.22  0
-20        6408.16  0
-20        6555.1   0
-20        6702.04  0
-20        6848.98  0
-20        6995.92  0
-20        7142.86  0
-20        7289.8   0
-20        7436.73  0
-20        7583.67  0
-20        7730.61  0
-20        7877.55  0
-20        8024.49  0
-20        8171.43  0
-20        8318.37  0
-20        8465.31  0
-20        8612.24  0
-20        8759.18  0
-20        8906.12  0
-20        9053.06  0
-20        9200     0
-18.5714   2000     0
-18.5714   2146.94  0
-18.5714   2293.88  0
-18.5714   2440.82  0
-18.5714   2587.76  0
-18.5714   2734.69  0
-18.5714   2881.63  0
-18.5714   3028.57  0
-18.5714   3175.51  0
-18.5714   3322.45  0
-18.5714   3469.39  0
-18.5714   3616.33  0
-18.5714   3763.27  0
-18.5714   3910.2   0
-18.5714   4057.14  0
-18.5714   4204.08  0
-18.5714   4351.02  0
-18.5714   4497.96  0
-18.5714   4644.9   0
-18.5714   4791.84  0
-18.5714   4938.78  0
-18.5714   5085.71  0
-18.5714   5232.65  0
-18.5714   5379.59  0
-18.5714   5526.53  0
-18.5714   5673.47  0
-18.5714   5820.41  0
-18.5714   5967.35  0
-18.5714   6114.29  0
-18.5714   6261.22  0
-18.5714   6408.16  0
-18.5714   6555.1   0
-18.5714   6702.04  0
-18.5714   6848.98  0
-18.5714   6995.92  0
-18.5714   7142.86  0
-18.5714   7289.8   0
-18.5714   7436.73  0
-18.5714   7583.67  0
-18.5714   7730.61  0
-18.5714   7877.55  0
-18.5714   8024.49  0
-18.5714   8171.43  0
-18.5714   8318.37  0
-18.5714   8465.31  0
-18.5714   8612.24  0
-18.5714   8759.18  0
-18.5714   8906.12  0
-18.5714   9053.06  0
-18.5714   9200     0
-17.1429   2000     0
-17.1429   2146.94  0
-17.1429   2293.88  0
-17.1429   2440.82  0
-17.1429   2587.76  0
-17.1429   2734.69  0
-17.1429   2881.63  0
-17.1429   3028.57  0
-17.1429   3175.51  0
-17.1429   3322.45  0
-17.1429   3469.39  0
-17.1429   3616.33  0
-17.1429   3763.27  0
-17.1429   3910.2   0
-17.1429   4057.14  0
-17.1429   4204.08  0
-17.1429   4351.02  0
-17.1429   4497.96  0
-17.1429   4644.9   0
-17.1429   4791.84  0
-17.1429   4938.78  0
-17.1429   5085.71  0
-17.1429   5232.65  0
-17.1429   5379.59  0
-17.1429   5526.53  0
-17.1429   5673.47  0
-17.1429   5820.41  0
-17.1429   5967.35  0
-17.1429   6114.29  0
-17.1429   6261.22  0
-17.1429   6408.16  0
-17.1429   6555.1   0
-17.1429   6702.04  0
-17.1429   6848.98  0
-17.1429   6995.92  0
-17.1429   7142.86  0
-17.1429   7289.8   0
-17.1429   7436.73  0
-17.1429   7583.67  0
-17.1429   7730.61  0
-17.1429   7877.55  0
-17.1429   8024.49  0
-17.1429   8171.43  0
-17.1429   8318.37  0
-17.1429   8465.31  0
-17.1429   8612.24  0
-17.1429   8759.18  0
-17.1429   8906.12  0
-17.1429   9053.06  0
-17.1429   9200     0
-15.7143   2000     0
-15.7143   2146.94  0
-15.7143   2293.88  0
-15.7143   2440.82  0
-15.7143   2587.76  0
-15.7143   2734.69  0
-15.7143   2881.63  0
-15.7143   3028.57  0
-15.7143   3175.51  0
-15.7143   3322.45  0
-15.7143   3469.39  0
-15.7143   3616.33  0
-15.7143   3763.27  0
-15.7143   3910.2   0
-15.7143   4057.14  0
-15.7143   4204.08  0
-15.7143   4351.02  0
-15.7143   4497.96  0
-15.7143   4644.9   0
-15.7143   4791.84  0
-15.7143   4938.78  0
-15.7143   5085.71  0
-15.7143   5232.65  0
-15.7143   5379.59  0
-15.7143   5526.53  0
-15.7143   5673.47  0
-15.7143   5820.41  0
-15.7143   5967.35  0
-15.7143   6114.29  0
-15.7143   6261.22  0
-15.7143   6408.16  0
-15.7143   6555.1   0
-15.7143   6702.04  0
-15.7143   6848.98  0
-15.7143   6995.92  0
-15.7143   7142.86  0
-15.7143   7289.8   0
-15.7143   7436.73  0
-15.7143   7583.67  0
-15.7143   7730.61  0
-15.7143   7877.55  0
-15.7143   8024.49  0
-15.7143   8171.43  0
-15.7143   8318.37  0
-15.7143   8465.31  0
-15.7143   8612.24  0
-15.7143   8759.18  0
-15.7143   8906.12  0
-15.7143   9053.06  0
-15.7143   9200     0
-14.2857   2000     0
-14.2857   2146.94  0
-14.2857   2293.88  0
-14.2857   2440.82  0
-14.2857   2587.76  0
-14.2857   2734.69  0
-14.2857   2881.63  0
-14.2857   3028.57  0
-14.2857   3175.51  0
-14.2857   3322.45  0
-14.2857   3469.39  0
-14.2857   3616.33  0
-14.2857   3763.27  0
-14.2857   3910.2   0
-14.2857   4057.14  0
-14.2857   4204.08  0
-14.2857   4351.02  0
-14.2857   4497.96  0
-14.2857   4644.9   0
-14.2857   4791.84  0
-14.2857   4938.78  0
-14.2857   5085.71  0
-14.2857   5232.65  0
-14.2857   5379.59  0
-14.2857   5526.53  0
-14.2857   5673.47  0
-14.2857   5820.41  0
-14.2857   5967.35  0
-14.2857   6114.29  0
-14.2857   6261.22  0
-14.2857   6408.16  0
-14.2857   6555.1   0
-14.2857   6702.04  0
-14.2857   6848.98  0
-14.2857   6995.92  0
-14.2857   7142.86  0
-14.2857   7289.8   0
-14.2857   7436.73  0
-14.2857   7583.67  0
-14.2857   7730.61  0
-14.2857   7877.55  0
-14.2857   8024.49  0
-14.2857   8171.43  0
-14.2857   8318.37  0
-14.2857   8465.31  0
-14.2857   8612.24  0
-14.2857   8759.18  0
-14.2857   8906.12  0
-14.2857   9053.06  0
-14.2857   9200     0
-12.8571   2000     0
-12.8571   2146.94  0
-12.8571   2293.88  0
-12.8571   2440.82  0
-12.8571   2587.76  0
-12.8571   2734.69  0
-12.8571   2881.63  0
-12.8571   3028.57  0
-12.8571   3175.51  0
-12.8571   3322.45  0
-12.8571   3469.39  0
-12.8571   3616.33  0
-12.8571   3763.27  0
-12.8571   3910.2   0
-12.8571   4057.14  0
-12.8571   4204.08  0
-12.8571   4351.02  0
-12.8571   4497.96  0
-12.8571   4644.9   0
-12.8571   4791.84  0
-12.8571   4938.78  0
-12.8571   5085.71  0
-12.8571   5232.65  0
-12.8571   5379.59  0
-12.8571   5526.53  0
-12.8571   5673.47  0
-12.8571   5820.41  0
-12.8571   5967.35  0
-12.8571   6114.29  0
-12.8571   6261.22  0
-12.8571   6408.16  0
-12.8571   6555.1   0
-12.8571   6702.04  0
-12.8571   6848.98  0
-12.8571   6995.92  0
-12.8571   7142.86  0
-12.8571   7289.8   0
-12.8571   7436.73  0
-12.8571   7583.67  0
-12.8571   7730.61  0
-12.8571   7877.55  0
-12.8571   8024.49  0
-12.8571   8171.43  0
-12.8571   8318.37  0
-12.8571   8465.31  0
-12.8571   8612.24  0
-12.8571   8759.18  0
-12.8571   8906.12  0
-12.8571   9053.06  0
-12.8571   9200     0
-11.4286   2000     0
-11.4286   2146.94  0
-11.4286   2293.88  0
-11.4286   2440.82  0
-11.4286   2587.76  0
-11.4286   2734.69  0
-11.4286   2881.63  0
-11.4286   3028.57  0
-11.4286   3175.51  0
-11.4286   3322.45  0
-11.4286   3469.39  0
-11.4286   3616.33  0
-11.4286   3763.27  0
-11.4286   3910.2   0
-11.4286   4057.14  0
-11.4286   4204.08  0
-11.4286   4351.02  0
-11.4286   4497.96  0
-11.4286   4644.9   0
-11.4286   4791.84  0
-11.4286   4938.78  0
-11.4286   5085.71  0
-11.4286   5232.65  0
-11.4286   5379.59  0
-11.4286   5526.53  0
-11.4286   5673.47  0
-11.4286   5820.41  0
-11.4286   5967.35  0
-11.4286   6114.29  0
-11.4286   6261.22  0
-11.4286   6408.16  0
-11.4286   6555.1   0
-11.4286   6702.04  0
-11.4286   6848.98  0
-11.4286   6995.92  0
-11.4286   7142.86  0
-11.4286   7289.8   0
-11.4286   7436.73  0
-11.4286   7583.67  0
-11.4286   7730.61  0
-11.4286   7877.55  0
-11.4286   8024.49  0
-11.4286   8171.43  0
-11.4286   8318.37  0
-11.4286   8465.31  0
-11.4286   8612.24  0
-11.4286   8759.18  0
-11.4286   8906.12  0
-11.4286   9053.06  0
-11.4286   9200     0
-10        2000     0
-10        2146.94  0
-10        2293.88  0
-10        2440.82  0
-10        2587.76  0
-10        2734.69  0
-10        2881.63  0
-10        3028.57  0
-10        3175.51  0
-10        3322.45  0
-10        3469.39  0
-10        3616.33  0
-10        3763.27  0
-10        3910.2   5.84025e-15
-10        4057.14  6.77572e-15
-10        4204.08  7.11658e-15
-10        4351.02  5.59429e-15
-10        4497.96  6.15852e-15
-10        4644.9   5.34728e-15
-10        4791.84  4.26542e-15
-10        4938.78  4.28204e-15
-10        5085.71  5.20184e-15
-10        5232.65  4.00825e-15
-10        5379.59  3.40844e-15
-10        5526.53  3.65557e-15
-10        5673.47  3.67636e-15
-10        5820.41  3.37471e-15
-10        5967.35  2.28781e-15
-10        6114.29  1.55742e-15
-10        6261.22  2.60244e-15
-10        6408.16  2.60971e-15
-10        6555.1   2.45131e-15
-10        6702.04  2.10414e-15
-10        6848.98  1.83641e-15
-10        6995.92  1.56233e-15
-10        7142.86  1.43882e-15
-10        7289.8   1.54585e-15
-10        7436.73  0
-10        7583.67  0
-10        7730.61  0
-10        7877.55  0
-10        8024.49  0
-10        8171.43  0
-10        8318.37  0
-10        8465.31  0
-10        8612.24  0
-10        8759.18  0
-10        8906.12  0
-10        9053.06  0
-10        9200     0
 -8.57143  2000     0
 -8.57143  2146.94  0
 -8.57143  2293.88  0
 -8.57143  2440.82  0
 -8.57143  2587.76  0
 -8.57143  2734.69  0
 -8.57143  2881.63  0
 -8.57143  3028.57  0
 -8.57143  3175.51  0
 -8.57143  3322.45  0
 -8.57143  3469.39  0
 -8.57143  3616.33  0
 -8.57143  3763.27  0
 -8.57143  3910.2   6.90802e-15
 -8.57143  4057.14  7.80508e-15
 -8.57143  4204.08  6.92886e-15
 -8.57143  4351.02  5.67296e-15
 -8.57143  4497.96  6.44362e-15
 -8.57143  4644.9   5.63405e-15
 -8.57143  4791.84  4.58027e-15
 -8.57143  4938.78  4.46034e-15
 -8.57143  5085.71  5.44429e-15
 -8.57143  5232.65  4.27495e-15
 -8.57143  5379.59  3.66968e-15
 -8.57143  5526.53  3.95396e-15
 -8.57143  5673.47  4.01299e-15
 -8.57143  5820.41  3.70604e-15
 -8.57143  5967.35  2.80434e-15
 -8.57143  6114.29  1.79995e-15
 -8.57143  6261.22  3.03198e-15
 -8.57143  6408.16  3.07387e-15
 -8.57143  6555.1   2.76989e-15
 -8.57143  6702.04  2.38145e-15
 -8.57143  6848.98  2.18151e-15
 -8.57143  6995.92  1.83885e-15
 -8.57143  7142.86  1.66884e-15
 -8.57143  7289.8   1.77895e-15
 -8.57143  7436.73  0
 -8.57143  7583.67  0
 -8.57143  7730.61  0
 -8.57143  7877.55  0
 -8.57143  8024.49  0
 -8.57143  8171.43  0
 -8.57143  8318.37  0
 -8.57143  8465.31  0
 -8.57143  8612.24  0
 -8.57143  8759.18  0
 -8.57143  8906.12  0
 -8.57143  9053.06  0
 -8.57143  9200     0
 -7.14286  2000     0
 -7.14286  2146.94  0
 -7.14286  2293.88  0
 -7.14286  2440.82  0
 -7.14286  2587.76  0
 -7.14286  2734.69  0
 -7.14286  2881.63  0
 -7.14286  3028.57  0
 -7.14286  3175.51  0
 -7.14286  3322.45  0
 -7.14286  3469.39  0
 -7.14286  3616.33  0
 -7.14286  3763.27  0
 -7.14286  3910.2   7.86042e-15
 -7.14286  4057.14  8.76707e-15
 -7.14286  4204.08  7.27145e-15
 -7.14286  4351.02  6.32678e-15
 -7.14286  4497.96  7.42477e-15
 -7.14286  4644.9   6.31405e-15
 -7.14286  4791.84  5.01159e-15
 -7.14286  4938.78  4.67128e-15
 -7.14286  5085.71  5.74104e-15
 -7.14286  5232.65  4.56245e-15
 -7.14286  5379.59  4.02367e-15
 -7.14286  5526.53  4.34753e-15
 -7.14286  5673.47  4.41605e-15
 -7.14286  5820.41  4.08766e-15
 -7.14286  5967.35  3.35169e-15
 -7.14286  6114.29  2.06882e-15
 -7.14286  6261.22  3.58041e-15
 -7.14286  6408.16  3.51288e-15
 -7.14286  6555.1   3.06836e-15
 -7.14286  6702.04  2.69914e-15
 -7.14286  6848.98  2.45939e-15
 -7.14286  6995.92  2.23247e-15
 -7.14286  7142.86  1.94921e-15
 -7.14286  7289.8   1.92362e-15
 -7.14286  7436.73  0
 -7.14286  7583.67  0
 -7.14286  7730.61  0
 -7.14286  7877.55  0
 -7.14286  8024.49  0
 -7.14286  8171.43  0
 -7.14286  8318.37  0
 -7.14286  8465.31  0
 -7.14286  8612.24  0
 -7.14286  8759.18  0
 -7.14286  8906.12  0
 -7.14286  9053.06  0
 -7.14286  9200     0
 -5.71429  2000     0
 -5.71429  2146.94  0
 -5.71429  2293.88  0
 -5.71429  2440.82  0
 -5.71429  2587.76  0
 -5.71429  2734.69  0
 -5.71429  2881.63  0
 -5.71429  3028.57  0
 -5.71429  3175.51  0
 -5.71429  3322.45  0
 -5.71429  3469.39  0
 -5.71429  3616.33  0
 -5.71429  3763.27  0
 -5.71429  3910.2   8.87004e-15
 -5.71429  4057.14  9.59005e-15
 -5.71429  4204.08  9.03921e-15
 -5.71429  4351.02  7.70002e-15
 -5.71429  4497.96  9.16267e-15
 -5.71429  4644.9   7.28842e-15
 -5.71429  4791.84  5.59172e-15
 -5.71429  4938.78  5.04941e-15
 -5.71429  5085.71  6.08163e-15
 -5.71429  5232.65  5.02676e-15
 -5.71429  5379.59  4.39817e-15
 -5.71429  5526.53  4.80403e-15
 -5.71429  5673.47  4.84944e-15
 -5.71429  5820.41  4.49271e-15
 -5.71429  5967.35  3.90213e-15
 -5.71429  6114.29  2.33439e-15
 -5.71429  6261.22  4.12651e-15
 -5.71429  6408.16  3.98051e-15
 -5.71429  6555.1   3.32156e-15
 -5.71429  6702.04  2.95322e-15
 -5.71429  6848.98  2.79138e-15
 -5.71429  6995.92  2.87784e-15
 -5.71429  7142.86  2.82379e-15
 -5.71429  7289.8   2.60965e-15
 -5.71429  7436.73  0
 -5.71429  7583.67  0
 -5.71429  7730.61  0
 -5.71429  7877.55  0
 -5.71429  8024.49  0
 -5.71429  8171.43  0
 -5.71429  8318.37  0
 -5.71429  8465.31  0
 -5.71429  8612.24  0
 -5.71429  8759.18  0
 -5.71429  8906.12  0
 -5.71429  9053.06  0
 -5.71429  9200     0
 -4.28571  2000     0
 -4.28571  2146.94  0
 -4.28571  2293.88  0
 -4.28571  2440.82  0
 -4.28571  2587.76  0
 -4.28571  2734.69  0
 -4.28571  2881.63  0
 -4.28571  3028.57  0
 -4.28571  3175.51  0
 -4.28571  3322.45  0
 -4.28571  3469.39  0
 -4.28571  3616.33  0
 -4.28571  3763.27  0
 -4.28571  3910.2   9.28281e-15
 -4.28571  4057.14  1.01938e-14
 -4.28571  4204.08  8.72068e-15
 -4.28571  4351.02  8.16756e-15
 -4.28571  4497.96  1.05306e-14
 -4.28571  4644.9   8.05905e-15
 -4.28571  4791.84  5.98856e-15
 -4.28571  4938.78  5.22363e-15
 -4.28571  5085.71  6.32522e-15
 -4.28571  5232.65  5.3339e-15
 -4.28571  5379.59  4.70416e-15
 -4.28571  5526.53  5.20288e-15
 -4.28571  5673.47  5.21351e-15
 -4.28571  5820.41  4.81587e-15
 -4.28571  5967.35  4.39237e-15
 -4.28571  6114.29  2.52585e-15
 -4.28571  6261.22  4.4349e-15
 -4.28571  6408.16  4.25912e-15
 -4.28571  6555.1   3.50593e-15
 -4.28571  6702.04  3.13483e-15
 -4.28571  6848.98  2.97576e-15
 -4.28571  6995.92  3.01925e-15
 -4.28571  7142.86  2.87469e-15
 -4.28571  7289.8   2.72123e-15
 -4.28571  7436.73  0
 -4.28571  7583.67  0
 -4.28571  7730.61  0
 -4.28571  7877.55  0
 -4.28571  8024.49  0
 -4.28571  8171.43  0
 -4.28571  8318.37  0
 -4.28571  8465.31  0
 -4.28571  8612.24  0
 -4.28571  8759.18  0
 -4.28571  8906.12  0
 -4.28571  9053.06  0
 -4.28571  9200     0
 -2.85714  2000     0
 -2.85714  2146.94  0
 -2.85714  2293.88  0
 -2.85714  2440.82  0
 -2.85714  2587.76  0
 -2.85714  2734.69  0
 -2.85714  2881.63  0
 -2.85714  3028.57  0
 -2.85714  3175.51  0
 -2.85714  3322.45  0
 -2.85714  3469.39  0
 -2.85714  3616.33  0
 -2.85714  3763.27  0
 -2.85714  3910.2   1.15498e-14
 -2.85714  4057.14  1.06335e-14
 -2.85714  4204.08  9.82329e-15
 -2.85714  4351.02  8.31867e-15
 -2.85714  4497.96  1.10555e-14
 -2.85714  4644.9   8.32227e-15
 -2.85714  4791.84  6.12218e-15
 -2.85714  4938.78  5.37437e-15
 -2.85714  5085.71  6.46008e-15
 -2.85714  5232.65  5.51054e-15
 -2.85714  5379.59  4.90732e-15
 -2.85714  5526.53  5.42832e-15
 -2.85714  5673.47  5.42822e-15
 -2.85714  5820.41  5.00801e-15
 -2.85714  5967.35  4.69424e-15
 -2.85714  6114.29  2.59738e-15
 -2.85714  6261.22  4.57077e-15
 -2.85714  6408.16  4.39878e-15
 -2.85714  6555.1   3.61879e-15
 -2.85714  6702.04  3.17937e-15
 -2.85714  6848.98  2.97347e-15
 -2.85714  6995.92  2.99322e-15
 -2.85714  7142.86  3.07369e-15
 -2.85714  7289.8   3.47857e-15
 -2.85714  7436.73  0
 -2.85714  7583.67  0
 -2.85714  7730.61  0
 -2.85714  7877.55  0
 -2.85714  8024.49  0
 -2.85714  8171.43  0
 -2.85714  8318.37  0
 -2.85714  8465.31  0
 -2.85714  8612.24  0
 -2.85714  8759.18  0
 -2.85714  8906.12  0
 -2.85714  9053.06  0
 -2.85714  9200     0
 -1.42857  2000     0
 -1.42857  2146.94  0
 -1.42857  2293.88  0
 -1.42857  2440.82  0
 -1.42857  2587.76  0
 -1.42857  2734.69  0
 -1.42857  2881.63  0
 -1.42857  3028.57  0
 -1.42857  3175.51  0
 -1.42857  3322.45  0
 -1.42857  3469.39  0
 -1.42857  3616.33  0
 -1.42857  3763.27  0
 -1.42857  3910.2   9.75828e-15
 -1.42857  4057.14  1.06313e-14
 -1.42857  4204.08  8.71658e-15
 -1.42857  4351.02  7.35028e-15
 -1.42857  4497.96  1.03737e-14
 -1.42857  4644.9   8.09294e-15
 -1.42857  4791.84  5.91031e-15
 -1.42857  4938.78  5.30157e-15
 -1.42857  5085.71  6.42418e-15
 -1.42857  5232.65  5.59507e-15
 -1.42857  5379.59  4.94875e-15
 -1.42857  5526.53  5.42798e-15
 -1.42857  5673.47  5.45209e-15
 -1.42857  5820.41  5.02799e-15
 -1.42857  5967.35  4.75918e-15
 -1.42857  6114.29  2.50762e-15
 -1.42857  6261.22  4.47215e-15
 -1.42857  6408.16  4.44155e-15
 -1.42857  6555.1   3.65478e-15
 -1.42857  6702.04  3.16834e-15
 -1.42857  6848.98  2.85107e-15
 -1.42857  6995.92  2.67564e-15
 -1.42857  7142.86  2.55564e-15
 -1.42857  7289.8   2.91489e-15
 -1.42857  7436.73  0
 -1.42857  7583.67  0
 -1.42857  7730.61  0
 -1.42857  7877.55  0
 -1.42857  8024.49  0
 -1.42857  8171.43  0
 -1.42857  8318.37  0
 -1.42857  8465.31  0
 -1.42857  8612.24  0
 -1.42857  8759.18  0
 -1.42857  8906.12  0
 -1.42857  9053.06  0
 -1.42857  9200     0
  0        2000     0
  0        2146.94  0
  0        2293.88  0
  0        2440.82  0
  0        2587.76  0
  0        2734.69  0
  0        2881.63  0
  0        3028.57  0
  0        3175.51  0
  0        3322.45  0
  0        3469.39  0
  0        3616.33  0
  0        3763.27  0
  0        3910.2   9.90411e-15
  0        4057.14  1.04841e-14
  0        4204.08  8.4064e-15
  0        4351.02  6.71132e-15
  0        4497.96  9.19755e-15
  0        4644.9   7.70224e-15
  0        4791.84  5.66854e-15
  0        4938.78  5.21558e-15
  0        5085.71  6.2941e-15
  0        5232.65  5.5228e-15
  0        5379.59  4.87621e-15
  0        5526.53  5.28378e-15
  0        5673.47  5.35449e-15
  0        5820.41  4.97954e-15
  0        5967.35  4.72614e-15
  0        6114.29  2.38046e-15
  0        6261.22  4.22788e-15
  0        6408.16  4.30879e-15
  0        6555.1   3.64907e-15
  0        6702.04  3.014e-15
  0        6848.98  2.55977e-15
  0        6995.92  2.26156e-15
  0        7142.86  2.09383e-15
  0        7289.8   2.27602e-15
  0        7436.73  0
  0        7583.67  0
  0        7730.61  0
  0        7877.55  0
  0        8024.49  0
  0        8171.43  0
  0        8318.37  0
  0        8465.31  0
  0        8612.24  0
  0        8759.18  0
  0        8906.12  0
  0        9053.06  0
  0        9200     0
  1.42857  2000     0
  1.42857  2146.94  0
  1.42857  2293.88  0
  1.42857  2440.82  0
  1.42857  2587.76  0
  1.42857  2734.69  0
  1.42857  2881.63  0
  1.42857  3028.57  0
  1.42857  3175.51  0
  1.42857  3322.45  0
  1.42857  3469.39  0
  1.42857  3616.33  0
  1.42857  3763.27  0
  1.42857  3910.2   9.99006e-15
  1.42857  4057.14  1.01045e-14
  1.42857  4204.08  8.15049e-15
  1.42857  4351.02  6.01285e-15
  1.42857  4497.96  8.59353e-15
  1.42857  4644.9   7.35347e-15
  1.42857  4791.84  5.36209e-15
  1.42857  4938.78  5.10373e-15
  1.42857  5085.71  6.08294e-15
  1.42857  5232.65  5.49162e-15
  1.42857  5379.59  4.77677e-15
  1.42857  5526.53  5.08401e-15
  1.42857  5673.47  5.19154e-15
  1.42857  5820.41  4.89844e-15
  1.42857  5967.35  4.64978e-15
  1.42857  6114.29  2.30929e-15
  1.42857  6261.22  4.05471e-15
  1.42857  6408.16  4.2212e-15
  1.42857  6555.1   3.61068e-15
  1.42857  6702.04  2.92252e-15
  1.42857  6848.98  2.44959e-15
  1.42857  6995.92  2.19868e-15
  1.42857  7142.86  2.1069e-15
  1.42857  7289.8   2.50097e-15
  1.42857  7436.73  0
  1.42857  7583.67  0
  1.42857  7730.61  0
  1.42857  7877.55  0
  1.42857  8024.49  0
  1.42857  8171.43  0
  1.42857  8318.37  0
  1.42857  8465.31  0
  1.42857  8612.24  0
  1.42857  8759.18  0
  1.42857  8906.12  0
  1.42857  9053.06  0
  1.42857  9200     0
  2.85714  2000     0
  2.85714  2146.94  0
  2.85714  2293.88  0
  2.85714  2440.82  0
  2.85714  2587.76  0
  2.85714  2734.69  0
  2.85714  2881.63  0
  2.85714  3028.57  0
  2.85714  3175.51  0
  2.85714  3322.45  0
  2.85714  3469.39  0
  2.85714  3616.33  0
  2.85714  3763.27  0
  2.85714  3910.2   8.82433e-15
  2.85714  4057.14  9.52317e-15
  2.85714  4204.08  7.64371e-15
  2.85714  4351.02  5.42917e-15
  2.85714  4497.96  7.82309e-15
  2.85714  4644.9   7.01027e-15
  2.85714  4791.84  5.13416e-15
  2.85714  4938.78  4.98793e-15
  2.85714  5085.71  5.8544e-15
  2.85714  5232.65  5.4626e-15
  2.85714  5379.59  4.73969e-15
  2.85714  5526.53  4.9077e-15
  2.85714  5673.47  5.02164e-15
  2.85714  5820.41  4.81811e-15
  2.85714  5967.35  4.60881e-15
  2.85714  6114.29  2.30016e-15
  2.85714  6261.22  3.93352e-15
  2.85714  6408.16  4.1639e-15
  2.85714  6555.1   3.56186e-15
  2.85714  6702.04  2.85361e-15
  2.85714  6848.98  2.41869e-15
  2.85714  6995.92  2.13653e-15
  2.85714  7142.86  1.96455e-15
  2.85714  7289.8   2.19577e-15
  2.85714  7436.73  0
  2.85714  7583.67  0
  2.85714  7730.61  0
  2.85714  7877.55  0
  2.85714  8024.49  0
  2.85714  8171.43  0
  2.85714  8318.37  0
  2.85714  8465.31  0
  2.85714  8612.24  0
  2.85714  8759.18  0
  2.85714  8906.12  0
  2.85714  9053.06  0
  2.85714  9200     0
  4.28571  2000     0
  4.28571  2146.94  0
  4.28571  2293.88  0
  4.28571  2440.82  0
  4.28571  2587.76  0
  4.28571  2734.69  0
  4.28571  2881.63  0
  4.28571  3028.57  0
  4.28571  3175.51  0
  4.28571  3322.45  0
  4.28571  3469.39  0
  4.28571  3616.33  0
  4.28571  3763.27  0
  4.28571  3910.2   9.77551e-15
  4.28571  4057.14  8.93941e-15
  4.28571  4204.08  7.95006e-15
  4.28571  4351.02  5.77744e-15
  4.28571  4497.96  8.25202e-15
  4.28571  4644.9   7.15091e-15
  4.28571  4791.84  5.01369e-15
  4.28571  4938.78  4.89682e-15
  4.28571  5085.71  5.62333e-15
  4.28571  5232.65  5.49781e-15
  4.28571  5379.59  4.7589e-15
  4.28571  5526.53  4.77621e-15
  4.28571  5673.47  4.84593e-15
  4.28571  5820.41  4.74938e-15
  4.28571  5967.35  4.57702e-15
  4.28571  6114.29  2.31787e-15
  4.28571  6261.22  3.84732e-15
  4.28571  6408.16  4.09598e-15
  4.28571  6555.1   3.51071e-15
  4.28571  6702.04  2.81178e-15
  4.28571  6848.98  2.45867e-15
  4.28571  6995.92  2.23596e-15
  4.28571  7142.86  2.20669e-15
  4.28571  7289.8   2.30131e-15
  4.28571  7436.73  0
  4.28571  7583.67  0
  4.28571  7730.61  0
  4.28571  7877.55  0
  4.28571  8024.49  0
  4.28571  8171.43  0
  4.28571  8318.37  0
  4.28571  8465.31  0
  4.28571  8612.24  0
  4.28571  8759.18  0
  4.28571  8906.12  0
  4.28571  9053.06  0
  4.28571  9200     0
  5.71429  2000     0
  5.71429  2146.94  0
  5.71429  2293.88  0
  5.71429  2440.82  0
  5.71429  2587.76  0
  5.71429  2734.69  0
  5.71429  2881.63  0
  5.71429  3028.57  0
  5.71429  3175.51  0
  5.71429  3322.45  0
  5.71429  3469.39  0
  5.71429  3616.33  0
  5.71429  3763.27  0
  5.71429  3910.2   9.17738e-15
  5.71429  4057.14  8.17164e-15
  5.71429  4204.08  7.11761e-15
  5.71429  4351.02  5.39705e-15
  5.71429  4497.96  8.02824e-15
  5.71429  4644.9   6.94845e-15
  5.71429  4791.84  4.73456e-15
  5.71429  4938.78  4.80684e-15
  5.71429  5085.71  5.36435e-15
  5.71429  5232.65  5.52838e-15
  5.71429  5379.59  4.8228e-15
  5.71429  5526.53  4.66686e-15
  5.71429  5673.47  4.63924e-15
  5.71429  5820.41  4.63762e-15
  5.71429  5967.35  4.46594e-15
  5.71429  6114.29  2.28197e-15
  5.71429  6261.22  3.67524e-15
  5.71429  6408.16  3.95703e-15
  5.71429  6555.1   3.45711e-15
  5.71429  6702.04  2.68141e-15
  5.71429  6848.98  2.34157e-15
  5.71429  6995.92  2.09626e-15
  5.71429  7142.86  2.06446e-15
  5.71429  7289.8   2.30985e-15
  5.71429  7436.73  0
  5.71429  7583.67  0
  5.71429  7730.61  0
  5.71429  7877.55  0
  5.71429  8024.49  0
  5.71429  8171.43  0
  5.71429  8318.37  0
  5.71429  8465.31  0
  5.71429  8612.24  0
  5.71429  8759.18  0
  5.71429  8906.12  0
  5.71429  9053.06  0
  5.71429  9200     0
  7.14286  2000     0
  7.14286  2146.94  0
  7.14286  2293.88  0
  7.14286  2440.82  0
  7.14286  2587.76  0
  7.14286  2734.69  0
  7.14286  2881.63  0
  7.14286  3028.57  0
  7.14286  3175.51  0
  7.14286  3322.45  0
  7.14286  3469.39  0
  7.14286  3616.33  0
  7.14286  3763.27  0
  7.14286  3910.2   7.23926e-15
  7.14286  4057.14  7.37221e-15
  7.14286  4204.08  6.2075e-15
  7.14286  4351.02  4.4811e-15
  7.14286  4497.96  6.68904e-15
  7.14286  4644.9   6.28299e-15
  7.14286  4791.84  4.32917e-15
  7.14286  4938.78  4.61577e-15
  7.14286  5085.71  5.08783e-15
  7.14286  5232.65  5.56632e-15
  7.14286  5379.59  4.88095e-15
  7.14286  5526.53  4.57155e-15
  7.14286  5673.47  4.42141e-15
  7.14286  5820.41  4.52235e-15
  7.14286  5967.35  4.33156e-15
  7.14286  6114.29  2.17471e-15
  7.14286  6261.22  3.49772e-15
  7.14286  6408.16  3.81022e-15
  7.14286  6555.1   3.40121e-15
  7.14286  6702.04  2.53199e-15
  7.14286  6848.98  2.07211e-15
  7.14286  6995.92  1.70107e-15
  7.14286  7142.86  1.57499e-15
  7.14286  7289.8   1.80242e-15
  7.14286  7436.73  0
  7.14286  7583.67  0
  7.14286  7730.61  0
  7.14286  7877.55  0
  7.14286  8024.49  0
  7.14286  8171.43  0
  7.14286  8318.37  0
  7.14286  8465.31  0
  7.14286  8612.24  0
  7.14286  8759.18  0
  7.14286  8906.12  0
  7.14286  9053.06  0
  7.14286  9200     0
  8.57143  2000     0
  8.57143  2146.94  0
  8.57143  2293.88  0
  8.57143  2440.82  0
  8.57143  2587.76  0
  8.57143  2734.69  0
  8.57143  2881.63  0
  8.57143  3028.57  0
  8.57143  3175.51  0
  8.57143  3322.45  0
  8.57143  3469.39  0
  8.57143  3616.33  0
  8.57143  3763.27  0
  8.57143  3910.2   5.92742e-15
  8.57143  4057.14  6.61413e-15
  8.57143  4204.08  5.52059e-15
  8.57143  4351.02  3.96541e-15
  8.57143  4497.96  5.95756e-15
  8.57143  4644.9   6.05818e-15
  8.57143  4791.84  3.97543e-15
  8.57143  4938.78  4.48486e-15
  8.57143  5085.71  4.80501e-15
  8.57143  5232.65  5.55695e-15
  8.57143  5379.59  4.94865e-15
  8.57143  5526.53  4.54642e-15
  8.57143  5673.47  4.19235e-15
  8.57143  5820.41  4.42105e-15
  8.57143  5967.35  4.23519e-15
  8.57143  6114.29  2.08278e-15
  8.57143  6261.22  3.45224e-15
  8.57143  6408.16  3.70627e-15
  8.57143  6555.1   3.36347e-15
  8.57143  6702.04  2.51047e-15
  8.57143  6848.98  2.19771e-15
  8.57143  6995.92  1.78848e-15
  8.57143  7142.86  1.52989e-15
  8.57143  7289.8   1.59348e-15
  8.57143  7436.73  0
  8.57143  7583.67  0
  8.57143  7730.61  0
  8.57143  7877.55  0
  8.57143  8024.49  0
  8.57143  8171.43  0
  8.57143  8318.37  0
  8.57143  8465.31  0
  8.57143  8612.24  0
  8.57143  8759.18  0
  8.57143  8906.12  0
  8.57143  9053.06  0
  8.57143  9200     0
 10        2000     0
 10        2146.94  0
 10        2293.88  0
 10        2440.82  0
 10        2587.76  0
 10        2734.69  0
 10        2881.63  0
 10        3028.57  0
 10        3175.51  0
 10        3322.45  0
 10        3469.39  0
 10        3616.33  0
 10        3763.27  0
 10        3910.2   6.7016e-15
 10        4057.14  5.89653e-15
 10        4204.08  5.66071e-15
 10        4351.02  4.45401e-15
 10        4497.96  6.30156e-15
 10        4644.9   6.27517e-15
 10        4791.84  3.85793e-15
 10        4938.78  4.35957e-15
 10        5085.71  4.50369e-15
 10        5232.65  5.54226e-15
 10        5379.59  4.9793e-15
 10        5526.53  4.51804e-15
 10        5673.47  3.97667e-15
 10        5820.41  4.31697e-15
 10        5967.35  4.16956e-15
 10        6114.29  2.03081e-15
 10        6261.22  3.42218e-15
 10        6408.16  3.76705e-15
 10        6555.1   3.32797e-15
 10        6702.04  2.49693e-15
 10        6848.98  2.37819e-15
 10        6995.92  2.38575e-15
 10        7142.86  2.38997e-15
 10        7289.8   2.74377e-15
 10        7436.73  0
 10        7583.67  0
 10        7730.61  0
 10        7877.55  0
 10        8024.49  0
 10        8171.43  0
 10        8318.37  0
 10        8465.31  0
 10        8612.24  0
 10        8759.18  0
 10        8906.12  0
 10        9053.06  0
 10        9200     0
 11.4286   2000     0
 11.4286   2146.94  0
 11.4286   2293.88  0
 11.4286   2440.82  0
 11.4286   2587.76  0
 11.4286   2734.69  0
 11.4286   2881.63  0
 11.4286   3028.57  0
 11.4286   3175.51  0
 11.4286   3322.45  0
 11.4286   3469.39  0
 11.4286   3616.33  0
 11.4286   3763.27  0
 11.4286   3910.2   5.55806e-15
 11.4286   4057.14  5.14371e-15
 11.4286   4204.08  4.98568e-15
 11.4286   4351.02  3.97258e-15
 11.4286   4497.96  5.81125e-15
 11.4286   4644.9   6.21586e-15
 11.4286   4791.84  3.71103e-15
 11.4286   4938.78  4.18355e-15
 11.4286   5085.71  4.15594e-15
 11.4286   5232.65  5.33347e-15
 11.4286   5379.59  4.89402e-15
 11.4286   5526.53  4.41953e-15
 11.4286   5673.47  3.70267e-15
 11.4286   5820.41  4.16436e-15
 11.4286   5967.35  4.00055e-15
 11.4286   6114.29  1.9844e-15
 11.4286   6261.22  3.29908e-15
 11.4286   6408.16  3.68457e-15
 11.4286   6555.1   3.27603e-15
 11.4286   6702.04  2.39378e-15
 11.4286   6848.98  2.21829e-15
 11.4286   6995.92  2.22313e-15
 11.4286   7142.86  2.13215e-15
 11.4286   7289.8   2.00285e-15
 11.4286   7436.73  0
 11.4286   7583.67  0
 11.4286   7730.61  0
 11.4286   7877.55  0
 11.4286   8024.49  0
 11.4286   8171.43  0
 11.4286   8318.37  0
 11.4286   8465.31  0
 11.4286   8612.24  0
 11.4286   8759.18  0
 11.4286   8906.12  0
 11.4286   9053.06  0
 11.4286   9200     0
 12.8571   2000     0
 12.8571   2146.94  0
 12.8571   2293.88  0
 12.8571   2440.82  0
 12.8571   2587.76  0
 12.8571   2734.69  0
 12.8571   2881.63  0
 12.8571   3028.57  0
 12.8571   3175.51  0
 12.8571   3322.45  0
 12.8571   3469.39  0
 12.8571   3616.33  0
 12.8571   3763.27  0
 12.8571   3910.2   5.14509e-15
 12.8571   4057.14  4.44381e-15
 12.8571   4204.08  4.55728e-15
 12.8571   4351.02  3.79729e-15
 12.8571   4497.96  5.16309e-15
 12.8571   4644.9   5.7505e-15
 12.8571   4791.84  3.36423e-15
 12.8571   4938.78  3.92708e-15
 12.8571   5085.71  3.7655e-15
 12.8571   5232.65  5.09156e-15
 12.8571   5379.59  4.71721e-15
 12.8571   5526.53  4.24485e-15
 12.8571   5673.47  3.3849e-15
 12.8571   5820.41  3.91651e-15
 12.8571   5967.35  3.72404e-15
 12.8571   6114.29  1.89792e-15
 12.8571   6261.22  3.09783e-15
 12.8571   6408.16  3.54104e-15
 12.8571   6555.1   3.21153e-15
 12.8571   6702.04  2.27337e-15
 12.8571   6848.98  1.97361e-15
 12.8571   6995.92  1.8738e-15
 12.8571   7142.86  1.8179e-15
 12.8571   7289.8   2.04688e-15
 12.8571   7436.73  0
 12.8571   7583.67  0
 12.8571   7730.61  0
 12.8571   7877.55  0
 12.8571   8024.49  0
 12.8571   8171.43  0
 12.8571   8318.37  0
 12.8571   8465.31  0
 12.8571   8612.24  0
 12.8571   8759.18  0
 12.8571   8906.12  0
 12.8571   9053.06  0
 12.8571   9200     0
 14.2857   2000     0
 14.2857   2146.94  0
 14.2857   2293.88  0
 14.2857   2440.82  0
 14.2857   2587.76  0
 14.2857   2734.69  0
 14.2857   2881.63  0
 14.2857   3028.57  0
 14.2857   3175.51  0
 14.2857   3322.45  0
 14.2857   3469.39  0
 14.2857   3616.33  0
 14.2857   3763.27  0
 14.2857   3910.2   4.07528e-15
 14.2857   4057.14  3.78745e-15
 14.2857   4204.08  3.52545e-15
 14.2857   4351.02  2.88726e-15
 14.2857   4497.96  3.93455e-15
 14.2857   4644.9   4.82828e-15
 14.2857   4791.84  2.87789e-15
 14.2857   4938.78  3.58848e-15
 14.2857   5085.71  3.33768e-15
 14.2857   5232.65  4.69148e-15
 14.2857   5379.59  4.42777e-15
 14.2857   5526.53  4.03508e-15
 14.2857   5673.47  3.0505e-15
 14.2857   5820.41  3.63379e-15
 14.2857   5967.35  3.38602e-15
 14.2857   6114.29  1.79789e-15
 14.2857   6261.22  2.83999e-15
 14.2857   6408.16  3.34366e-15
 14.2857   6555.1   3.12686e-15
 14.2857   6702.04  2.09355e-15
 14.2857   6848.98  1.74554e-15
 14.2857   6995.92  1.57679e-15
 14.2857   7142.86  1.49943e-15
 14.2857   7289.8   1.66737e-15
 14.2857   7436.73  0
 14.2857   7583.67  0
 14.2857   7730.61  0
 14.2857   7877.55  0
 14.2857   8024.49  0
 14.2857   8171.43  0
 14.2857   8318.37  0
 14.2857   8465.31  0
 14.2857   8612.24  0
 14.2857   8759.18  0
 14.2857   8906.12  0
 14.2857   9053.06  0
 14.2857   9200     0
 15.7143   2000     0
 15.7143   2146.94  0
 15.7143   2293.88  0
 15.7143   2440.82  0
 15.7143   2587.76  0
 15.7143   2734.69  0
 15.7143   2881.63  0
 15.7143   3028.57  0
 15.7143   3175.51  0
 15.7143   3322.45  0
 15.7143   3469.39  0
 15.7143   3616.33  0
 15.7143   3763.27  0
 15.7143   3910.2   3.45986e-15
 15.7143   4057.14  3.18556e-15
 15.7143   4204.08  2.99725e-15
 15.7143   4351.02  2.29704e-15
 15.7143   4497.96  2.98051e-15
 15.7143   4644.9   3.89845e-15
 15.7143   4791.84  2.46146e-15
 15.7143   4938.78  3.29666e-15
 15.7143   5085.71  2.92279e-15
 15.7143   5232.65  4.25395e-15
 15.7143   5379.59  4.1747e-15
 15.7143   5526.53  3.87562e-15
 15.7143   5673.47  2.74467e-15
 15.7143   5820.41  3.35468e-15
 15.7143   5967.35  3.0673e-15
 15.7143   6114.29  1.70328e-15
 15.7143   6261.22  2.5853e-15
 15.7143   6408.16  3.17567e-15
 15.7143   6555.1   3.04365e-15
 15.7143   6702.04  1.98457e-15
 15.7143   6848.98  1.56079e-15
 15.7143   6995.92  1.39961e-15
 15.7143   7142.86  1.37616e-15
 15.7143   7289.8   1.62162e-15
 15.7143   7436.73  0
 15.7143   7583.67  0
 15.7143   7730.61  0
 15.7143   7877.55  0
 15.7143   8024.49  0
 15.7143   8171.43  0
 15.7143   8318.37  0
 15.7143   8465.31  0
 15.7143   8612.24  0
 15.7143   8759.18  0
 15.7143   8906.12  0
 15.7143   9053.06  0
 15.7143   9200     0
 17.1429   2000     0
 17.1429   2146.94  0
 17.1429   2293.88  0
 17.1429   2440.82  0
 17.1429   2587.76  0
 17.1429   2734.69  0
 17.1429   2881.63  0
 17.1429   3028.57  0
 17.1429   3175.51  0
 17.1429   3322.45  0
 17.1429   3469.39  0
 17.1429   3616.33  0
 17.1429   3763.27  0
 17.1429   3910.2   3.05248e-15
 17.1429   4057.14  2.66933e-15
 17.1429   4204.08  2.57963e-15
 17.1429   4351.02  2.01252e-15
 17.1429   4497.96  2.48304e-15
 17.1429   4644.9   3.35758e-15
 17.1429   4791.84  2.11997e-15
 17.1429   4938.78  3.02127e-15
 17.1429   5085.71  2.55973e-15
 17.1429   5232.65  3.926e-15
 17.1429   5379.59  3.94273e-15
 17.1429   5526.53  3.8204e-15
 17.1429   5673.47  2.50262e-15
 17.1429   5820.41  3.12203e-15
 17.1429   5967.35  2.80636e-15
 17.1429   6114.29  1.6709e-15
 17.1429   6261.22  2.36717e-15
 17.1429   6408.16  3.01767e-15
 17.1429   6555.1   2.96354e-15
 17.1429   6702.04  1.89016e-15
 17.1429   6848.98  1.482e-15
 17.1429   6995.92  1.34319e-15
 17.1429   7142.86  1.38708e-15
 17.1429   7289.8   1.71134e-15
 17.1429   7436.73  0
 17.1429   7583.67  0
 17.1429   7730.61  0
 17.1429   7877.55  0
 17.1429   8024.49  0
 17.1429   8171.43  0
 17.1429   8318.37  0
 17.1429   8465.31  0
 17.1429   8612.24  0
 17.1429   8759.18  0
 17.1429   8906.12  0
 17.1429   9053.06  0
 17.1429   9200     0
 18.5714   2000     0
 18.5714   2146.94  0
 18.5714   2293.88  0
 18.5714   2440.82  0
 18.5714   2587.76  0
 18.5714   2734.69  0
 18.5714   2881.63  0
 18.5714   3028.57  0
 18.5714   3175.51  0
 18.5714   3322.45  0
 18.5714   3469.39  0
 18.5714   3616.33  0
 18.5714   3763.27  0
 18.5714   3910.2   2.4066e-15
 18.5714   4057.14  2.21923e-15
 18.5714   4204.08  2.15349e-15
 18.5714   4351.02  1.79895e-15
 18.5714   4497.96  2.3321e-15
 18.5714   4644.9   3.04447e-15
 18.5714   4791.84  1.88136e-15
 18.5714   4938.78  2.76699e-15
 18.5714   5085.71  2.23243e-15
 18.5714   5232.65  3.66404e-15
 18.5714   5379.59  3.74688e-15
 18.5714   5526.53  3.83274e-15
 18.5714   5673.47  2.32924e-15
 18.5714   5820.41  2.93878e-15
 18.5714   5967.35  2.61616e-15
 18.5714   6114.29  1.6674e-15
 18.5714   6261.22  2.17689e-15
 18.5714   6408.16  2.8673e-15
 18.5714   6555.1   2.89555e-15
 18.5714   6702.04  1.80329e-15
 18.5714   6848.98  1.37863e-15
 18.5714   6995.92  1.22538e-15
 18.5714   7142.86  1.2378e-15
 18.5714   7289.8   1.53241e-15
 18.5714   7436.73  0
 18.5714   7583.67  0
 18.5714   7730.61  0
 18.5714   7877.55  0
 18.5714   8024.49  0
 18.5714   8171.43  0
 18.5714   8318.37  0
 18.5714   8465.31  0
 18.5714   8612.24  0
 18.5714   8759.18  0
 18.5714   8906.12  0
 18.5714   9053.06  0
 18.5714   9200     0
 20        2000     0
 20        2146.94  0
 20        2293.88  0
 20        2440.82  0
 20        2587.76  0
 20        2734.69  0
 20        2881.63  0
 20        3028.57  0
 20        3175.51  0
 20        3322.45  0
 20        3469.39  0
 20        3616.33  0
 20        3763.27  0
 20        3910.2   2.25467e-15
 20        4057.14  1.84761e-15
 20        4204.08  1.89965e-15
 20        4351.02  1.61658e-15
 20        4497.96  2.22758e-15
 20        4644.9   2.61931e-15
 20        4791.84  1.613e-15
 20        4938.78  2.5635e-15
 20        5085.71  1.95969e-15
 20        5232.65  3.36215e-15
 20        5379.59  3.5326e-15
 20        5526.53  3.85363e-15
 20        5673.47  2.21177e-15
 20        5820.41  2.80452e-15
 20        5967.35  2.46467e-15
 20        6114.29  1.66841e-15
 20        6261.22  1.99384e-15
 20        6408.16  2.7404e-15
 20        6555.1   2.84081e-15
 20        6702.04  1.73932e-15
 20        6848.98  1.30798e-15
 20        6995.92  1.15346e-15
 20        7142.86  1.24726e-15
 20        7289.8   1.5927e-15
 20        7436.73  0
 20        7583.67  0
 20        7730.61  0
 20        7877.55  0
 20        8024.49  0
 20        8171.43  0
 20        8318.37  0
 20        8465.31  0
 20        8612.24  0
 20        8759.18  0
 20        8906.12  0
 20        9053.06  0
 20        9200     0
 21.4286   2000     0
 21.4286   2146.94  0
 21.4286   2293.88  0
 21.4286   2440.82  0
 21.4286   2587.76  0
 21.4286   2734.69  0
 21.4286   2881.63  0
 21.4286   3028.57  0
 21.4286   3175.51  0
 21.4286   3322.45  0
 21.4286   3469.39  0
 21.4286   3616.33  0
 21.4286   3763.27  0
 21.4286   3910.2   1.56046e-15
 21.4286   4057.14  1.53036e-15
 21.4286   4204.08  1.38451e-15
 21.4286   4351.02  1.1933e-15
 21.4286   4497.96  1.56969e-15
 21.4286   4644.9   2.10498e-15
 21.4286   4791.84  1.33793e-15
 21.4286   4938.78  2.35731e-15
 21.4286   5085.71  1.72253e-15
 21.4286   5232.65  3.03721e-15
 21.4286   5379.59  3.32361e-15
 21.4286   5526.53  3.82951e-15
 21.4286   5673.47  2.16926e-15
 21.4286   5820.41  2.71632e-15
 21.4286   5967.35  2.35569e-15
 21.4286   6114.29  1.61097e-15
 21.4286   6261.22  1.84932e-15
 21.4286   6408.16  2.62647e-15
 21.4286   6555.1   2.80511e-15
 21.4286   6702.04  1.69891e-15
 21.4286   6848.98  1.25022e-15
 21.4286   6995.92  1.05773e-15
 21.4286   7142.86  1.17779e-15
 21.4286   7289.8   1.45612e-15
 21.4286   7436.73  0
 21.4286   7583.67  0
 21.4286   7730.61  0
 21.4286   7877.55  0
 21.4286   8024.49  0
 21.4286   8171.43  0
 21.4286   8318.37  0
 21.4286   8465.31  0
 21.4286   8612.24  0
 21.4286   8759.18  0
 21.4286   8906.12  0
 21.4286   9053.06  0
 21.4286   9200     0
 22.8571   2000     0
 22.8571   2146.94  0
 22.8571   2293.88  0
 22.8571   2440.82  0
 22.8571   2587.76  0
 22.8571   2734.69  0
 22.8571   2881.63  0
 22.8571   3028.57  0
 22.8571   3175.51  0
 22.8571   3322.45  0
 22.8571   3469.39  0
 22.8571   3616.33  0
 22.8571   3763.27  0
 22.8571   3910.2   1.26312e-15
 22.8571   4057.14  1.28339e-15
 22.8571   4204.08  1.12521e-15
 22.8571   4351.02  9.00237e-16
 22.8571   4497.96  1.07778e-15
 22.8571   4644.9   1.78503e-15
 22.8571   4791.84  1.1487e-15
 22.8571   4938.78  2.16273e-15
 22.8571   5085.71  1.51387e-15
 22.8571   5232.65  2.66656e-15
 22.8571   5379.59  3.14914e-15
 22.8571   5526.53  3.7909e-15
 22.8571   5673.47  2.16689e-15
 22.8571   5820.41  2.61562e-15
 22.8571   5967.35  2.29864e-15
 22.8571   6114.29  1.55234e-15
 22.8571   6261.22  1.7483e-15
 22.8571   6408.16  2.54403e-15
 22.8571   6555.1   2.78097e-15
 22.8571   6702.04  1.69606e-15
 22.8571   6848.98  1.30261e-15
 22.8571   6995.92  1.1448e-15
 22.8571   7142.86  1.30945e-15
 22.8571   7289.8   1.77469e-15
 22.8571   7436.73  0
 22.8571   7583.67  0
 22.8571   7730.61  0
 22.8571   7877.55  0
 22.8571   8024.49  0
 22.8571   8171.43  0
 22.8571   8318.37  0
 22.8571   8465.31  0
 22.8571   8612.24  0
 22.8571   8759.18  0
 22.8571   8906.12  0
 22.8571   9053.06  0
 22.8571   9200     0
 24.2857   2000     0
 24.2857   2146.94  0
 24.2857   2293.88  0
 24.2857   2440.82  0
 24.2857   2587.76  0
 24.2857   2734.69  0
 24.2857   2881.63  0
 24.2857   3028.57  0
 24.2857   3175.51  0
 24.2857   3322.45  0
 24.2857   3469.39  0
 24.2857   3616.33  0
 24.2857   3763.27  0
 24.2857   3910.2   1.07237e-15
 24.2857   4057.14  1.09726e-15
 24.2857   4204.08  9.72038e-16
 24.2857   4351.02  8.06615e-16
 24.2857   4497.96  9.0345e-16
 24.2857   4644.9   1.78195e-15
 24.2857   4791.84  1.03004e-15
 24.2857   4938.78  2.00613e-15
 24.2857   5085.71  1.34576e-15
 24.2857   5232.65  2.39082e-15
 24.2857   5379.59  2.9979e-15
 24.2857   5526.53  3.76348e-15
 24.2857   5673.47  2.19404e-15
 24.2857   5820.41  2.58556e-15
 24.2857   5967.35  2.27533e-15
 24.2857   6114.29  1.52607e-15
 24.2857   6261.22  1.67243e-15
 24.2857   6408.16  2.51155e-15
 24.2857   6555.1   2.76669e-15
 24.2857   6702.04  1.72086e-15
 24.2857   6848.98  1.35192e-15
 24.2857   6995.92  1.21562e-15
 24.2857   7142.86  1.20199e-15
 24.2857   7289.8   1.55355e-15
 24.2857   7436.73  0
 24.2857   7583.67  0
 24.2857   7730.61  0
 24.2857   7877.55  0
 24.2857   8024.49  0
 24.2857   8171.43  0
 24.2857   8318.37  0
 24.2857   8465.31  0
 24.2857   8612.24  0
 24.2857   8759.18  0
 24.2857   8906.12  0
 24.2857   9053.06  0
 24.2857   9200     0
 25.7143   2000     0
 25.7143   2146.94  0
 25.7143   2293.88  0
 25.7143   2440.82  0
 25.7143   2587.76  0
 25.7143   2734.69  0
 25.7143   2881.63  0
 25.7143   3028.57  0
 25.7143   3175.51  0
 25.7143   3322.45  0
 25.7143   3469.39  0
 25.7143   3616.33  0
 25.7143   3763.27  0
 25.7143   3910.2   8.72398e-16
 25.7143   4057.14  9.52561e-16
 25.7143   4204.08  1.16309e-15
 25.7143   4351.02  8.66165e-16
 25.7143   4497.96  9.21137e-16
 25.7143   4644.9   2.10472e-15
 25.7143   4791.84  9.67702e-16
 25.7143   4938.78  1.86158e-15
 25.7143   5085.71  1.20202e-15
 25.7143   5232.65  2.14256e-15
 25.7143   5379.59  2.81662e-15
 25.7143   5526.53  3.68784e-15
 25.7143   5673.47  2.18547e-15
 25.7143   5820.41  2.49883e-15
 25.7143   5967.35  2.21883e-15
 25.7143   6114.29  1.50114e-15
 25.7143   6261.22  1.59626e-15
 25.7143   6408.16  2.42204e-15
 25.7143   6555.1   2.75167e-15
 25.7143   6702.04  1.70332e-15
 25.7143   6848.98  1.4133e-15
 25.7143   6995.92  1.42938e-15
 25.7143   7142.86  1.67351e-15
 25.7143   7289.8   2.15024e-15
 25.7143   7436.73  0
 25.7143   7583.67  0
 25.7143   7730.61  0
 25.7143   7877.55  0
 25.7143   8024.49  0
 25.7143   8171.43  0
 25.7143   8318.37  0
 25.7143   8465.31  0
 25.7143   8612.24  0
 25.7143   8759.18  0
 25.7143   8906.12  0
 25.7143   9053.06  0
 25.7143   9200     0
 27.1429   2000     0
 27.1429   2146.94  0
 27.1429   2293.88  0
 27.1429   2440.82  0
 27.1429   2587.76  0
 27.1429   2734.69  0
 27.1429   2881.63  0
 27.1429   3028.57  0
 27.1429   3175.51  0
 27.1429   3322.45  0
 27.1429   3469.39  0
 27.1429   3616.33  0
 27.1429   3763.27  0
 27.1429   3910.2   7.7922e-16
 27.1429   4057.14  8.44973e-16
 27.1429   4204.08  8.52952e-16
 27.1429   4351.02  7.35569e-16
 27.1429   4497.96  7.9851e-16
 27.1429   4644.9   1.80427e-15
 27.1429   4791.84  8.9362e-16
 27.1429   4938.78  1.69541e-15
 27.1429   5085.71  1.0675e-15
 27.1429   5232.65  1.90634e-15
 27.1429   5379.59  2.58331e-15
 27.1429   5526.53  3.53571e-15
 27.1429   5673.47  2.13007e-15
 27.1429   5820.41  2.39907e-15
 27.1429   5967.35  2.08543e-15
 27.1429   6114.29  1.40929e-15
 27.1429   6261.22  1.4758e-15
 27.1429   6408.16  2.28224e-15
 27.1429   6555.1   2.73155e-15
 27.1429   6702.04  1.62782e-15
 27.1429   6848.98  1.27003e-15
 27.1429   6995.92  1.14526e-15
 27.1429   7142.86  1.09576e-15
 27.1429   7289.8   1.33308e-15
 27.1429   7436.73  0
 27.1429   7583.67  0
 27.1429   7730.61  0
 27.1429   7877.55  0
 27.1429   8024.49  0
 27.1429   8171.43  0
 27.1429   8318.37  0
 27.1429   8465.31  0
 27.1429   8612.24  0
 27.1429   8759.18  0
 27.1429   8906.12  0
 27.1429   9053.06  0
 27.1429   9200     0
 28.5714   2000     0
 28.5714   2146.94  0
 28.5714   2293.88  0
 28.5714   2440.82  0
 28.5714   2587.76  0
 28.5714   2734.69  0
 28.5714   2881.63  0
 28.5714   3028.57  0
 28.5714   3175.51  0
 28.5714   3322.45  0
 28.5714   3469.39  0
 28.5714   3616.33  0
 28.5714   3763.27  0
 28.5714   3910.2   7.37724e-16
 28.5714   4057.14  7.62421e-16
 28.5714   4204.08  6.80709e-16
 28.5714   4351.02  6.4928e-16
 28.5714   4497.96  6.9224e-16
 28.5714   4644.9   1.39029e-15
 28.5714   4791.84  8.08996e-16
 28.5714   4938.78  1.5524e-15
 28.5714   5085.71  9.64855e-16
 28.5714   5232.65  1.68822e-15
 28.5714   5379.59  2.31976e-15
 28.5714   5526.53  3.35036e-15
 28.5714   5673.47  2.05754e-15
 28.5714   5820.41  2.30475e-15
 28.5714   5967.35  1.91062e-15
 28.5714   6114.29  1.2969e-15
 28.5714   6261.22  1.33945e-15
 28.5714   6408.16  2.14353e-15
 28.5714   6555.1   2.71907e-15
 28.5714   6702.04  1.58483e-15
 28.5714   6848.98  1.18234e-15
 28.5714   6995.92  9.33388e-16
 28.5714   7142.86  9.11832e-16
 28.5714   7289.8   1.34231e-15
 28.5714   7436.73  0
 28.5714   7583.67  0
 28.5714   7730.61  0
 28.5714   7877.55  0
 28.5714   8024.49  0
 28.5714   8171.43  0
 28.5714   8318.37  0
 28.5714   8465.31  0
 28.5714   8612.24  0
 28.5714   8759.18  0
 28.5714   8906.12  0
 28.5714   9053.06  0
 28.5714   9200     0
 30        2000     0
 30        2146.94  0
 30        2293.88  0
 30        2440.82  0
 30        2587.76  0
 30        2734.69  0
 30        2881.63  0
 30        3028.57  0
 30        3175.51  0
 30        3322.45  0
 30        3469.39  0
 30        3616.33  0
 30        3763.27  0
 30        3910.2   6.45965e-16
 30        4057.14  6.97227e-16
 30        4204.08  6.15259e-16
 30        4351.02  6.05392e-16
 30        4497.96  6.57678e-16
 30        4644.9   1.21993e-15
 30        4791.84  7.64679e-16
 30        4938.78  1.428e-15
 30        5085.71  8.81212e-16
 30        5232.65  1.52019e-15
 30        5379.59  2.18088e-15
 30        5526.53  3.27099e-15
 30        5673.47  2.01698e-15
 30        5820.41  2.24909e-15
 30        5967.35  1.82712e-15
 30        6114.29  1.24366e-15
 30        6261.22  1.312e-15
 30        6408.16  2.08981e-15
 30        6555.1   2.70891e-15
 30        6702.04  1.59693e-15
 30        6848.98  1.22756e-15
 30        6995.92  9.76228e-16
 30        7142.86  1.03769e-15
 30        7289.8   1.29993e-15
 30        7436.73  0
 30        7583.67  0
 30        7730.61  0
 30        7877.55  0
 30        8024.49  0
 30        8171.43  0
 30        8318.37  0
 30        8465.31  0
 30        8612.24  0
 30        8759.18  0
 30        8906.12  0
 30        9053.06  0
 30        9200     0
 31.4286   2000     0
 31.4286   2146.94  0
 31.4286   2293.88  0
 31.4286   2440.82  0
 31.4286   2587.76  0
 31.4286   2734.69  0
 31.4286   2881.63  0
 31.4286   3028.57  0
 31.4286   3175.51  0
 31.4286   3322.45  0
 31.4286   3469.39  0
 31.4286   3616.33  0
 31.4286   3763.27  0
 31.4286   3910.2   6.30631e-16
 31.4286   4057.14  6.56341e-16
 31.4286   4204.08  6.53799e-16
 31.4286   4351.02  6.21366e-16
 31.4286   4497.96  7.23232e-16
 31.4286   4644.9   1.24552e-15
 31.4286   4791.84  7.4536e-16
 31.4286   4938.78  1.37307e-15
 31.4286   5085.71  8.32825e-16
 31.4286   5232.65  1.41719e-15
 31.4286   5379.59  2.15349e-15
 31.4286   5526.53  3.32994e-15
 31.4286   5673.47  2.04e-15
 31.4286   5820.41  2.28626e-15
 31.4286   5967.35  1.8413e-15
 31.4286   6114.29  1.24905e-15
 31.4286   6261.22  1.32408e-15
 31.4286   6408.16  2.06311e-15
 31.4286   6555.1   2.68955e-15
 31.4286   6702.04  1.62659e-15
 31.4286   6848.98  1.3527e-15
 31.4286   6995.92  1.36797e-15
 31.4286   7142.86  1.50782e-15
 31.4286   7289.8   1.68924e-15
 31.4286   7436.73  0
 31.4286   7583.67  0
 31.4286   7730.61  0
 31.4286   7877.55  0
 31.4286   8024.49  0
 31.4286   8171.43  0
 31.4286   8318.37  0
 31.4286   8465.31  0
 31.4286   8612.24  0
 31.4286   8759.18  0
 31.4286   8906.12  0
 31.4286   9053.06  0
 31.4286   9200     0
 32.8571   2000     0
 32.8571   2146.94  0
 32.8571   2293.88  0
 32.8571   2440.82  0
 32.8571   2587.76  0
 32.8571   2734.69  0
 32.8571   2881.63  0
 32.8571   3028.57  0
 32.8571   3175.51  0
 32.8571   3322.45  0
 32.8571   3469.39  0
 32.8571   3616.33  0
 32.8571   3763.27  0
 32.8571   3910.2   6.71764e-16
 32.8571   4057.14  6.2106e-16
 32.8571   4204.08  6.29417e-16
 32.8571   4351.02  6.98976e-16
 32.8571   4497.96  7.94871e-16
 32.8571   4644.9   1.28447e-15
 32.8571   4791.84  7.715e-16
 32.8571   4938.78  1.30991e-15
 32.8571   5085.71  8.05668e-16
 32.8571   5232.65  1.37923e-15
 32.8571   5379.59  2.14938e-15
 32.8571   5526.53  3.42358e-15
 32.8571   5673.47  2.08032e-15
 32.8571   5820.41  2.33653e-15
 32.8571   5967.35  1.92262e-15
 32.8571   6114.29  1.26793e-15
 32.8571   6261.22  1.35427e-15
 32.8571   6408.16  2.04396e-15
 32.8571   6555.1   2.64673e-15
 32.8571   6702.04  1.65652e-15
 32.8571   6848.98  1.49607e-15
 32.8571   6995.92  1.56511e-15
 32.8571   7142.86  1.90582e-15
 32.8571   7289.8   2.87922e-15
 32.8571   7436.73  0
 32.8571   7583.67  0
 32.8571   7730.61  0
 32.8571   7877.55  0
 32.8571   8024.49  0
 32.8571   8171.43  0
 32.8571   8318.37  0
 32.8571   8465.31  0
 32.8571   8612.24  0
 32.8571   8759.18  0
 32.8571   8906.12  0
 32.8571   9053.06  0
 32.8571   9200     0
 34.2857   2000     0
 34.2857   2146.94  0
 34.2857   2293.88  0
 34.2857   2440.82  0
 34.2857   2587.76  0
 34.2857   2734.69  0
 34.2857   2881.63  0
 34.2857   3028.57  0
 34.2857   3175.51  0
 34.2857   3322.45  0
 34.2857   3469.39  0
 34.2857   3616.33  0
 34.2857   3763.27  0
 34.2857   3910.2   7.85739e-16
 34.2857   4057.14  5.94946e-16
 34.2857   4204.08  6.51753e-16
 34.2857   4351.02  7.19795e-16
 34.2857   4497.96  8.16517e-16
 34.2857   4644.9   1.32108e-15
 34.2857   4791.84  7.49211e-16
 34.2857   4938.78  1.29121e-15
 34.2857   5085.71  7.79346e-16
 34.2857   5232.65  1.3315e-15
 34.2857   5379.59  2.11076e-15
 34.2857   5526.53  3.39903e-15
 34.2857   5673.47  2.05679e-15
 34.2857   5820.41  2.33939e-15
 34.2857   5967.35  1.9132e-15
 34.2857   6114.29  1.24501e-15
 34.2857   6261.22  1.35239e-15
 34.2857   6408.16  2.00778e-15
 34.2857   6555.1   2.56281e-15
 34.2857   6702.04  1.59179e-15
 34.2857   6848.98  1.36935e-15
 34.2857   6995.92  1.3671e-15
 34.2857   7142.86  1.50904e-15
 34.2857   7289.8   1.96333e-15
 34.2857   7436.73  0
 34.2857   7583.67  0
 34.2857   7730.61  0
 34.2857   7877.55  0
 34.2857   8024.49  0
 34.2857   8171.43  0
 34.2857   8318.37  0
 34.2857   8465.31  0
 34.2857   8612.24  0
 34.2857   8759.18  0
 34.2857   8906.12  0
 34.2857   9053.06  0
 34.2857   9200     0
 35.7143   2000     0
 35.7143   2146.94  0
 35.7143   2293.88  0
 35.7143   2440.82  0
 35.7143   2587.76  0
 35.7143   2734.69  0
 35.7143   2881.63  0
 35.7143   3028.57  0
 35.7143   3175.51  0
 35.7143   3322.45  0
 35.7143   3469.39  0
 35.7143   3616.33  0
 35.7143   3763.27  0
 35.7143   3910.2   7.78401e-16
 35.7143   4057.14  5.70888e-16
 35.7143   4204.08  6.36135e-16
 35.7143   4351.02  5.82762e-16
 35.7143   4497.96  7.27964e-16
 35.7143   4644.9   1.25969e-15
 35.7143   4791.84  6.77612e-16
 35.7143   4938.78  1.22036e-15
 35.7143   5085.71  7.46274e-16
 35.7143   5232.65  1.24565e-15
 35.7143   5379.59  1.9806e-15
 35.7143   5526.53  3.18651e-15
 35.7143   5673.47  1.95036e-15
 35.7143   5820.41  2.24514e-15
 35.7143   5967.35  1.78587e-15
 35.7143   6114.29  1.18555e-15
 35.7143   6261.22  1.27816e-15
 35.7143   6408.16  1.91634e-15
 35.7143   6555.1   2.43992e-15
 35.7143   6702.04  1.41108e-15
 35.7143   6848.98  1.22487e-15
 35.7143   6995.92  1.1904e-15
 35.7143   7142.86  1.34175e-15
 35.7143   7289.8   1.87892e-15
 35.7143   7436.73  0
 35.7143   7583.67  0
 35.7143   7730.61  0
 35.7143   7877.55  0
 35.7143   8024.49  0
 35.7143   8171.43  0
 35.7143   8318.37  0
 35.7143   8465.31  0
 35.7143   8612.24  0
 35.7143   8759.18  0
 35.7143   8906.12  0
 35.7143   9053.06  0
 35.7143   9200     0
 37.1429   2000     0
 37.1429   2146.94  0
 37.1429   2293.88  0
 37.1429   2440.82  0
 37.1429   2587.76  0
 37.1429   2734.69  0
 37.1429   2881.63  0
 37.1429   3028.57  0
 37.1429   3175.51  0
 37.1429   3322.45  0
 37.1429   3469.39  0
 37.1429   3616.33  0
 37.1429   3763.27  0
 37.1429   3910.2   5.46236e-16
 37.1429   4057.14  5.55424e-16
 37.1429   4204.08  5.30547e-16
 37.1429   4351.02  5.08878e-16
 37.1429   4497.96  5.87109e-16
 37.1429   4644.9   1.08377e-15
 37.1429   4791.84  6.10914e-16
 37.1429   4938.78  1.14571e-15
 37.1429   5085.71  7.05851e-16
 37.1429   5232.65  1.14657e-15
 37.1429   5379.59  1.80973e-15
 37.1429   5526.53  2.84725e-15
 37.1429   5673.47  1.75762e-15
 37.1429   5820.41  2.06916e-15
 37.1429   5967.35  1.58757e-15
 37.1429   6114.29  1.10678e-15
 37.1429   6261.22  1.1826e-15
 37.1429   6408.16  1.76817e-15
 37.1429   6555.1   2.28519e-15
 37.1429   6702.04  1.20563e-15
 37.1429   6848.98  9.47475e-16
 37.1429   6995.92  8.66152e-16
 37.1429   7142.86  8.18606e-16
 37.1429   7289.8   1.12776e-15
 37.1429   7436.73  0
 37.1429   7583.67  0
 37.1429   7730.61  0
 37.1429   7877.55  0
 37.1429   8024.49  0
 37.1429   8171.43  0
 37.1429   8318.37  0
 37.1429   8465.31  0
 37.1429   8612.24  0
 37.1429   8759.18  0
 37.1429   8906.12  0
 37.1429   9053.06  0
 37.1429   9200     0
 38.5714   2000     0
 38.5714   2146.94  0
 38.5714   2293.88  0
 38.5714   2440.82  0
 38.5714   2587.76  0
 38.5714   2734.69  0
 38.5714   2881.63  0
 38.5714   3028.57  0
 38.5714   3175.51  0
 38.5714   3322.45  0
 38.5714   3469.39  0
 38.5714   3616.33  0
 38.5714   3763.27  0
 38.5714   3910.2   7.22307e-16
 38.5714   4057.14  5.52226e-16
 38.5714   4204.08  5.41218e-16
 38.5714   4351.02  6.79831e-16
 38.5714   4497.96  5.44702e-16
 38.5714   4644.9   1.0198e-15
 38.5714   4791.84  5.69652e-16
 38.5714   4938.78  1.07682e-15
 38.5714   5085.71  6.66587e-16
 38.5714   5232.65  1.05987e-15
 38.5714   5379.59  1.65461e-15
 38.5714   5526.53  2.52634e-15
 38.5714   5673.47  1.56064e-15
 38.5714   5820.41  1.89548e-15
 38.5714   5967.35  1.41476e-15
 38.5714   6114.29  1.05254e-15
 38.5714   6261.22  1.09068e-15
 38.5714   6408.16  1.63126e-15
 38.5714   6555.1   2.13727e-15
 38.5714   6702.04  1.08301e-15
 38.5714   6848.98  8.16563e-16
 38.5714   6995.92  7.73644e-16
 38.5714   7142.86  8.00554e-16
 38.5714   7289.8   1.28385e-15
 38.5714   7436.73  0
 38.5714   7583.67  0
 38.5714   7730.61  0
 38.5714   7877.55  0
 38.5714   8024.49  0
 38.5714   8171.43  0
 38.5714   8318.37  0
 38.5714   8465.31  0
 38.5714   8612.24  0
 38.5714   8759.18  0
 38.5714   8906.12  0
 38.5714   9053.06  0
 38.5714   9200     0
 40        2000     0
 40        2146.94  0
 40        2293.88  0
 40        2440.82  0
 40        2587.76  0
 40        2734.69  0
 40        2881.63  0
 40        3028.57  0
 40        3175.51  0
 40        3322.45  0
 40        3469.39  0
 40        3616.33  0
 40        3763.27  0
 40        3910.2   6.61375e-16
 40        4057.14  5.42408e-16
 40        4204.08  5.84406e-16
 40        4351.02  6.56158e-16
 40        4497.96  5.56208e-16
 40        4644.9   1.03627e-15
 40        4791.84  5.63978e-16
 40        4938.78  1.0191e-15
 40        5085.71  6.35333e-16
 40        5232.65  1.00181e-15
 40        5379.59  1.53546e-15
 40        5526.53  2.29948e-15
 40        5673.47  1.40052e-15
 40        5820.41  1.76835e-15
 40        5967.35  1.30144e-15
 40        6114.29  1.02979e-15
 40        6261.22  1.06875e-15
 40        6408.16  1.53068e-15
 40        6555.1   2.00523e-15
 40        6702.04  1.02869e-15
 40        6848.98  7.92317e-16
 40        6995.92  7.67735e-16
 40        7142.86  8.38182e-16
 40        7289.8   1.14483e-15
 40        7436.73  0
 40        7583.67  0
 40        7730.61  0
 40        7877.55  0
 40        8024.49  0
 40        8171.43  0
 40        8318.37  0
 40        8465.31  0
 40        8612.24  0
 40        8759.18  0
 40        8906.12  0
 40        9053.06  0
 40        9200     0
 41.4286   2000     0
 41.4286   2146.94  0
 41.4286   2293.88  0
 41.4286   2440.82  0
 41.4286   2587.76  0
 41.4286   2734.69  0
 41.4286   2881.63  0
 41.4286   3028.57  0
 41.4286   3175.51  0
 41.4286   3322.45  0
 41.4286   3469.39  0
 41.4286   3616.33  0
 41.4286   3763.27  0
 41.4286   3910.2   5.94231e-16
 41.4286   4057.14  5.36401e-16
 41.4286   4204.08  5.24832e-16
 41.4286   4351.02  5.50534e-16
 41.4286   4497.96  5.49464e-16
 41.4286   4644.9   1.05948e-15
 41.4286   4791.84  5.69067e-16
 41.4286   4938.78  9.83588e-16
 41.4286   5085.71  6.16378e-16
 41.4286   5232.65  9.72171e-16
 41.4286   5379.59  1.47015e-15
 41.4286   5526.53  2.17375e-15
 41.4286   5673.47  1.29274e-15
 41.4286   5820.41  1.69314e-15
 41.4286   5967.35  1.25879e-15
 41.4286   6114.29  1.02227e-15
 41.4286   6261.22  1.0686e-15
 41.4286   6408.16  1.46752e-15
 41.4286   6555.1   1.89994e-15
 41.4286   6702.04  9.7651e-16
 41.4286   6848.98  7.56052e-16
 41.4286   6995.92  7.33419e-16
 41.4286   7142.86  8.00962e-16
 41.4286   7289.8   1.24239e-15
 41.4286   7436.73  0
 41.4286   7583.67  0
 41.4286   7730.61  0
 41.4286   7877.55  0
 41.4286   8024.49  0
 41.4286   8171.43  0
 41.4286   8318.37  0
 41.4286   8465.31  0
 41.4286   8612.24  0
 41.4286   8759.18  0
 41.4286   8906.12  0
 41.4286   9053.06  0
 41.4286   9200     0
 42.8571   2000     0
 42.8571   2146.94  0
 42.8571   2293.88  0
 42.8571   2440.82  0
 42.8571   2587.76  0
 42.8571   2734.69  0
 42.8571   2881.63  0
 42.8571   3028.57  0
 42.8571   3175.51  0
 42.8571   3322.45  0
 42.8571   3469.39  0
 42.8571   3616.33  0
 42.8571   3763.27  0
 42.8571   3910.2   7.15896e-16
 42.8571   4057.14  5.42293e-16
 42.8571   4204.08  5.9691e-16
 42.8571   4351.02  6.32668e-16
 42.8571   4497.96  6.39278e-16
 42.8571   4644.9   1.18825e-15
 42.8571   4791.84  6.14181e-16
 42.8571   4938.78  9.70937e-16
 42.8571   5085.71  6.08983e-16
 42.8571   5232.65  9.55528e-16
 42.8571   5379.59  1.41392e-15
 42.8571   5526.53  2.07915e-15
 42.8571   5673.47  1.20496e-15
 42.8571   5820.41  1.65018e-15
 42.8571   5967.35  1.22758e-15
 42.8571   6114.29  1.01475e-15
 42.8571   6261.22  1.05847e-15
 42.8571   6408.16  1.4329e-15
 42.8571   6555.1   1.82575e-15
 42.8571   6702.04  9.29458e-16
 42.8571   6848.98  7.26075e-16
 42.8571   6995.92  7.69049e-16
 42.8571   7142.86  9.49275e-16
 42.8571   7289.8   1.17476e-15
 42.8571   7436.73  0
 42.8571   7583.67  0
 42.8571   7730.61  0
 42.8571   7877.55  0
 42.8571   8024.49  0
 42.8571   8171.43  0
 42.8571   8318.37  0
 42.8571   8465.31  0
 42.8571   8612.24  0
 42.8571   8759.18  0
 42.8571   8906.12  0
 42.8571   9053.06  0
 42.8571   9200     0
 44.2857   2000     0
 44.2857   2146.94  0
 44.2857   2293.88  0
 44.2857   2440.82  0
 44.2857   2587.76  0
 44.2857   2734.69  0
 44.2857   2881.63  0
 44.2857   3028.57  0
 44.2857   3175.51  0
 44.2857   3322.45  0
 44.2857   3469.39  0
 44.2857   3616.33  0
 44.2857   3763.27  0
 44.2857   3910.2   6.55833e-16
 44.2857   4057.14  5.55313e-16
 44.2857   4204.08  5.90588e-16
 44.2857   4351.02  6.39432e-16
 44.2857   4497.96  6.70975e-16
 44.2857   4644.9   1.18342e-15
 44.2857   4791.84  6.14971e-16
 44.2857   4938.78  9.63142e-16
 44.2857   5085.71  6.112e-16
 44.2857   5232.65  9.5851e-16
 44.2857   5379.59  1.37853e-15
 44.2857   5526.53  1.99417e-15
 44.2857   5673.47  1.12837e-15
 44.2857   5820.41  1.60759e-15
 44.2857   5967.35  1.18515e-15
 44.2857   6114.29  9.83467e-16
 44.2857   6261.22  1.01842e-15
 44.2857   6408.16  1.39871e-15
 44.2857   6555.1   1.79939e-15
 44.2857   6702.04  8.91994e-16
 44.2857   6848.98  7.14361e-16
 44.2857   6995.92  7.6348e-16
 44.2857   7142.86  1.09671e-15
 44.2857   7289.8   1.21774e-15
 44.2857   7436.73  0
 44.2857   7583.67  0
 44.2857   7730.61  0
 44.2857   7877.55  0
 44.2857   8024.49  0
 44.2857   8171.43  0
 44.2857   8318.37  0
 44.2857   8465.31  0
 44.2857   8612.24  0
 44.2857   8759.18  0
 44.2857   8906.12  0
 44.2857   9053.06  0
 44.2857   9200     0
 45.7143   2000     0
 45.7143   2146.94  0
 45.7143   2293.88  0
 45.7143   2440.82  0
 45.7143   2587.76  0
 45.7143   2734.69  0
 45.7143   2881.63  0
 45.7143   3028.57  0
 45.7143   3175.51  0
 45.7143   3322.45  0
 45.7143   3469.39  0
 45.7143   3616.33  0
 45.7143   3763.27  0
 45.7143   3910.2   7.14187e-16
 45.7143   4057.14  5.63879e-16
 45.7143   4204.08  6.28646e-16
 45.7143   4351.02  5.32279e-16
 45.7143   4497.96  5.75348e-16
 45.7143   4644.9   1.04509e-15
 45.7143   4791.84  6.09389e-16
 45.7143   4938.78  1.00474e-15
 45.7143   5085.71  6.34402e-16
 45.7143   5232.65  9.58376e-16
 45.7143   5379.59  1.35425e-15
 45.7143   5526.53  1.94509e-15
 45.7143   5673.47  1.07161e-15
 45.7143   5820.41  1.59365e-15
 45.7143   5967.35  1.15273e-15
 45.7143   6114.29  9.29295e-16
 45.7143   6261.22  9.99161e-16
 45.7143   6408.16  1.29464e-15
 45.7143   6555.1   1.82962e-15
 45.7143   6702.04  7.9132e-16
 45.7143   6848.98  5.64168e-16
 45.7143   6995.92  5.26069e-16
 45.7143   7142.86  5.91854e-16
 45.7143   7289.8   9.46968e-16
 45.7143   7436.73  0
 45.7143   7583.67  0
 45.7143   7730.61  0
 45.7143   7877.55  0
 45.7143   8024.49  0
 45.7143   8171.43  0
 45.7143   8318.37  0
 45.7143   8465.31  0
 45.7143   8612.24  0
 45.7143   8759.18  0
 45.7143   8906.12  0
 45.7143   9053.06  0
 45.7143   9200     0
 47.1429   2000     0
 47.1429   2146.94  0
 47.1429   2293.88  0
 47.1429   2440.82  0
 47.1429   2587.76  0
 47.1429   2734.69  0
 47.1429   2881.63  0
 47.1429   3028.57  0
 47.1429   3175.51  0
 47.1429   3322.45  0
 47.1429   3469.39  0
 47.1429   3616.33  0
 47.1429   3763.27  0
 47.1429   3910.2   6.83767e-16
 47.1429   4057.14  5.88851e-16
 47.1429   4204.08  6.07239e-16
 47.1429   4351.02  4.39057e-16
 47.1429   4497.96  4.99167e-16
 47.1429   4644.9   9.4806e-16
 47.1429   4791.84  6.0174e-16
 47.1429   4938.78  1.05106e-15
 47.1429   5085.71  6.76047e-16
 47.1429   5232.65  1.01056e-15
 47.1429   5379.59  1.39908e-15
 47.1429   5526.53  2.01601e-15
 47.1429   5673.47  1.05039e-15
 47.1429   5820.41  1.66483e-15
 47.1429   5967.35  1.18358e-15
 47.1429   6114.29  9.32183e-16
 47.1429   6261.22  1.00103e-15
 47.1429   6408.16  1.33609e-15
 47.1429   6555.1   1.9493e-15
 47.1429   6702.04  7.92368e-16
 47.1429   6848.98  5.19806e-16
 47.1429   6995.92  4.55502e-16
 47.1429   7142.86  5.35623e-16
 47.1429   7289.8   8.7759e-16
 47.1429   7436.73  0
 47.1429   7583.67  0
 47.1429   7730.61  0
 47.1429   7877.55  0
 47.1429   8024.49  0
 47.1429   8171.43  0
 47.1429   8318.37  0
 47.1429   8465.31  0
 47.1429   8612.24  0
 47.1429   8759.18  0
 47.1429   8906.12  0
 47.1429   9053.06  0
 47.1429   9200     0
 48.5714   2000     0
 48.5714   2146.94  0
 48.5714   2293.88  0
 48.5714   2440.82  0
 48.5714   2587.76  0
 48.5714   2734.69  0
 48.5714   2881.63  0
 48.5714   3028.57  0
 48.5714   3175.51  0
 48.5714   3322.45  0
 48.5714   3469.39  0
 48.5714   3616.33  0
 48.5714   3763.27  0
 48.5714   3910.2   7.71419e-16
 48.5714   4057.14  6.33346e-16
 48.5714   4204.08  6.9978e-16
 48.5714   4351.02  4.81774e-16
 48.5714   4497.96  5.61405e-16
 48.5714   4644.9   9.85082e-16
 48.5714   4791.84  6.74843e-16
 48.5714   4938.78  1.17618e-15
 48.5714   5085.71  7.62249e-16
 48.5714   5232.65  1.1513e-15
 48.5714   5379.59  1.58742e-15
 48.5714   5526.53  2.29271e-15
 48.5714   5673.47  1.09261e-15
 48.5714   5820.41  1.86936e-15
 48.5714   5967.35  1.36809e-15
 48.5714   6114.29  1.06885e-15
 48.5714   6261.22  1.15129e-15
 48.5714   6408.16  1.50195e-15
 48.5714   6555.1   2.17888e-15
 48.5714   6702.04  8.6702e-16
 48.5714   6848.98  5.61935e-16
 48.5714   6995.92  5.77984e-16
 48.5714   7142.86  6.35083e-16
 48.5714   7289.8   1.03431e-15
 48.5714   7436.73  0
 48.5714   7583.67  0
 48.5714   7730.61  0
 48.5714   7877.55  0
 48.5714   8024.49  0
 48.5714   8171.43  0
 48.5714   8318.37  0
 48.5714   8465.31  0
 48.5714   8612.24  0
 48.5714   8759.18  0
 48.5714   8906.12  0
 48.5714   9053.06  0
 48.5714   9200     0
 50        2000     0
 50        2146.94  0
 50        2293.88  0
 50        2440.82  0
 50        2587.76  0
 50        2734.69  0
 50        2881.63  0
 50        3028.57  0
 50        3175.51  0
 50        3322.45  0
 50        3469.39  0
 50        3616.33  0
 50        3763.27  0
 50        3910.2   0
 50        4057.14  0
 50        4204.08  0
 50        4351.02  0
 50        4497.96  0
 50        4644.9   0
 50        4791.84  0
 50        4938.78  0
 50        5085.71  0
 50        5232.65  0
 50        5379.59  0
 50        5526.53  0
 50        5673.47  0
 50        5820.41  0
 50        5967.35  0
 50        6114.29  0
 50        6261.22  0
 50        6408.16  0
 50        6555.1   0
 50        6702.04  0
 50        6848.98  0
 50        6995.92  0
 50        7142.86  0
 50        7289.8   0
 50        7436.73  0
 50        7583.67  0
 50        7730.61  0
 50        7877.55  0
 50        8024.49  0
 50        8171.43  0
 50        8318.37  0
 50        8465.31  0
 50        8612.24  0
 50        8759.18  0
 50        8906.12  0
 50        9053.06  0
 50        9200     0