3270  6.26022e-14
3280  6.65061e-14
3290  7.04947e-14
3300  7.33991e-14
3310  7.44328e-14
3320  7.32789e-14
3330  7.04184e-14
3340  6.67484e-14
3350  6.34739e-14
3360  6.17153e-14
3370  6.187e-14
3380  6.38368e-14
3390  6.6648e-14
3400  6.9176e-14
3410  7.04964e-14
3420  7.01842e-14
3430  6.86188e-14
3440  6.64796e-14
3450  6.43697e-14
3460  6.23705e-14
3470  6.01454e-14
3480  5.74374e-14
3490  5.45182e-14
3500  5.21504e-14
3510  5.1122e-14
3520  5.1561e-14
3530  5.29109e-14
3540  5.42595e-14
3550  5.50469e-14
3560  5.54196e-14
3570  5.58324e-14
3580  5.64413e-14
3590  5.67718e-14
3600  5.61075e-14
3610  5.40406e-14
3620  5.11601e-14
3630  4.86109e-14
3640  4.73788e-14
3650  4.76089e-14
3660  4.84124e-14
3670  4.87245e-14
3680  4.81767e-14
3690  4.74116e-14
3700  4.75388e-14
3710  4.91238e-14
3720  5.17222e-14
3730  5.41308e-14
3740  5.51819e-14
3750  5.45699e-14
3760  5.27323e-14
3770  5.05956e-14
3780  4.88354e-14
3790  4.75686e-14
3800  4.65877e-14
3810  4.56483e-14
3820  4.47706e-14
3830  4.41455e-14
3840  4.39667e-14
3850  4.42712e-14
3860  4.50701e-14
3870  4.63527e-14
3880  4.80737e-14
3890  4.99749e-14
3900  5.15962e-14
3910  5.24375e-14
3920  5.22635e-14
3930  5.12148e-14
3940  4.97885e-14
3950  4.85743e-14
3960  4.79746e-14
3970  4.81163e-14
3980  4.87443e-14
3990  4.9496e-14
4000  5.0076e-14
4010  5.04064e-14
4020  5.06299e-14
4030  5.08769e-14
4040  5.11055e-14
4050  5.10646e-14
4060  5.04799e-14
4070  4.92166e-14
4080  4.74538e-14
4090  4.55306e-14
4100  4.37904e-14
4110  4.24103e-14
4120  4.13735e-14
4130  4.05069e-14
4140  3.95451e-14
4150  3.82473e-14
4160  3.65181e-14
4170  3.4569e-14
4180  3.28613e-14
4190  3.18398e-14
4200  3.17275e-14
4210  3.22017e-14
4220  3.27141e-14
4230  3.28132e-14
4240  3.24532e-14
4250  3.20455e-14
4260  3.2048e-14
4270  3.25731e-14
4280  3.33739e-14
4290  3.40857e-14
4300  3.46222e-14
4310  3.52557e-14
4320  3.63062e-14
4330  3.77155e-14
4340  3.88994e-14
4350  3.90341e-14
4360  3.77237e-14
4370  3.52812e-14
4380  3.2697e-14
4390  3.10172e-14
4400  3.06597e-14
4410  3.14564e-14
4420  3.27054e-14
4430  3.37961e-14
4440  3.44257e-14
4450  3.45338e-14
4460  3.42792e-14
4470  3.38537e-14
4480  3.35071e-14
4490  3.3465e-14
4500  3.3808e-14
4510  3.4434e-14
4520  3.50893e-14
4530  3.55584e-14
4540  3.5804e-14
4550  3.59724e-14
4560  3.62412e-14
4570  3.66186e-14
4580  3.68685e-14
4590  3.66523e-14
4600  3.57214e-14
4610  3.42154e-14
4620  3.2541e-14
4630  3.11897e-14
4640  3.04793e-14
4650  3.03066e-14
4660  3.04127e-14
4670  3.05147e-14
4680  3.05093e-14
4690  3.04355e-14
4700  3.03385e-14
4710  3.02098e-14
4720  3.00255e-14
4730  2.98231e-14
4740  2.96953e-14
4750  2.97073e-14
4760  2.98159e-14
4770  2.98868e-14
4780  2.98033e-14
4790  2.95453e-14
4800  2.91979e-14
4810  2.88428e-14
4820  2.84843e-14
4830  2.80517e-14
4840  2.74992e-14
4850  2.68562e-14
4860  2.62357e-14
4870  2.57402e-14
4880  2.53753e-14
4890  2.50699e-14
4900  2.47172e-14
4910  2.42456e-14
4920  2.36579e-14
4930  2.30254e-14
4940  2.2481e-14
4950  2.21644e-14
4960  2.21379e-14
4970  2.23196e-14
4980  2.25142e-14
4990  2.25484e-14
5000  2.23929e-14
5010  2.21972e-14
5020  2.21685e-14
5030  2.23996e-14
5040  2.28401e-14
5050  2.33186e-14
5060  2.36932e-14
5070  2.39404e-14
5080  2.41148e-14
5090  2.42909e-14
5100  2.44804e-14
5110  2.46318e-14
5120  2.46819e-14
5130  2.46226e-14
5140  2.45043e-14
5150  2.44057e-14
5160  2.43696e-14
5170  2.43682e-14
5180  2.43187e-14
5190  2.41306e-14
5200  2.37676e-14
5210  2.32505e-14
5220  2.26482e-14
5230  2.20312e-14
5240  2.14615e-14
5250  2.10012e-14
5260  2.06813e-14
5270  2.05044e-14
5280  2.03977e-14
5290  2.02771e-14
5300  2.01022e-14
5310  1.99074e-14
5320  1.97714e-14
5330  1.97435e-14
5340  1.9793e-14
5350  1.98435e-14
5360  1.98306e-14
5370  1.97466e-14
5380  1.9629e-14
5390  1.95123e-14
5400  1.93995e-14
5410  1.92769e-14
5420  1.91551e-14
5430  1.90873e-14
5440  1.91458e-14
5450  1.93365e-14
5460  1.95695e-14
5470  1.96768e-14
5480  1.94962e-14
5490  1.90356e-14
5500  1.84335e-14
5510  1.79196e-14
5520  1.7656e-14
5530  1.76275e-14
5540  1.77099e-14
5550  1.77578e-14
5560  1.77205e-14
5570  1.7654e-14
5580  1.76482e-14
5590  1.77492e-14
5600  1.79264e-14
5610  1.81009e-14
5620  1.82028e-14
5630  1.82076e-14
5640  1.81531e-14
5650  1.81059e-14
5660  1.81191e-14
5670  1.82047e-14
5680  1.83198e-14
5690  1.8406e-14
5700  1.84327e-14
5710  1.84068e-14
5720  1.8365e-14
5730  1.83243e-14
5740  1.82652e-14
5750  1.81501e-14
5760  1.79728e-14
5770  1.77728e-14
5780  1.76138e-14
5790  1.75298e-14
5800  1.74988e-14
5810  1.74671e-14
5820  1.7394e-14
5830  1.72819e-14
5840  2.52361e-14
5850  2.50835e-14
5860  2.49672e-14
5870  2.48696e-14
5880  2.476e-14
5890  2.46233e-14
5900  2.44698e-14
5910  2.43258e-14
5920  2.42075e-14
5930  2.41043e-14
5940  2.39895e-14
5950  2.38418e-14
5960  2.36624e-14
5970  2.34691e-14
5980  2.3275e-14
5990  2.30717e-14
6000  2.28339e-14
6010  2.25401e-14
6020  2.21977e-14
6030  2.18376e-14
6040  2.14902e-14
6050  2.11535e-14
6060  2.07863e-14
6070  2.03443e-14
6080  1.98273e-14
6090  1.93095e-14
6100  1.88986e-14
6110  1.86595e-14
6120  1.85652e-14
6130  1.85201e-14
6140  1.84273e-14
6150  1.82588e-14
6160  1.80729e-14
6170  1.79638e-14
6180  1.79837e-14
6190  1.81214e-14
6200  1.82988e-14
6210  1.84381e-14
6220  1.85061e-14
6230  1.85229e-14
6240  1.85274e-14
6250  1.85378e-14
6260  1.85404e-14
6270  1.85157e-14
6280  1.84629e-14
6290  1.84037e-14
6300  1.8354e-14
6310  1.83038e-14
6320  1.82232e-14
6330  1.8092e-14
6340  1.79124e-14
6350  1.7709e-14
6360  1.75084e-14
6370  1.73245e-14
6380  1.71643e-14
6390  1.70269e-14
6400  1.68972e-14
6410  1.67443e-14
6420  1.65373e-14
6430  1.62775e-14
6440  1.60112e-14
6450  1.58048e-14
6460  1.56959e-14
6470  1.5657e-14
6480  1.56237e-14
6490  1.55434e-14
6500  1.54181e-14
6510  1.52904e-14
6520  1.51976e-14
6530  1.51418e-14
6540  1.50922e-14
6550  1.50234e-14
6560  1.49384e-14
6570  1.48543e-14
6580  1.47785e-14
6590  1.47017e-14
6600  1.46186e-14
6610  1.45491e-14
6620  1.45268e-14
6630  1.45581e-14
6640  1.45937e-14
6650  1.45576e-14
6660  1.44034e-14
6670  1.41746e-14
6680  1.39653e-14
6690  1.38459e-14
6700  1.38167e-14
6710  1.38175e-14
6720  1.37954e-14
6730  1.37424e-14
6740  1.36819e-14
6750  1.36314e-14
6760  1.35824e-14
6770  1.35102e-14
6780  1.34028e-14
6790  1.32728e-14
6800  1.31454e-14
6810  1.30414e-14
6820  1.29646e-14
6830  1.2904e-14
6840  1.28456e-14
6850  1.27803e-14
6860  1.27056e-14
6870  1.26264e-14
6880  1.25515e-14
6890  1.24924e-14
6900  1.24598e-14
6910  1.24581e-14
6920  1.248e-14
6930  1.25026e-14
6940  1.24901e-14
6950  1.24084e-14
6960  1.22648e-14
6970  1.2103e-14
6980  1.19851e-14
6990  1.19407e-14
7000  1.1939e-14
7010  1.19222e-14
7020  1.1856e-14
7030  1.17604e-14
7040  1.16807e-14
7050  1.16371e-14
7060  1.16088e-14
7070  1.1561e-14
7080  1.14894e-14
7090  1.14276e-14
7100  1.14073e-14
7110  1.14122e-14
7120  1.13789e-14
7130  1.12488e-14
7140  1.10237e-14
7150  1.07692e-14
7160  1.05689e-14
7170  1.04623e-14
7180  1.04294e-14
7190  1.04198e-14
7200  1.04001e-14
7210  1.03699e-14
7220  1.03453e-14
7230  1.03323e-14
7240  1.03207e-14
7250  1.02981e-14
7260  1.02622e-14
7270  6.57538e-15
7280  6.5228e-15
7290  6.45181e-15
7300  6.36318e-15
7310  6.28425e-15
7320  6.25454e-15
7330  6.29022e-15
7340  6.34531e-15
7350  6.33852e-15
7360  6.22646e-15
7370  6.04118e-15
7380  5.88058e-15
7390  5.82032e-15
7400  5.85246e-15
7410  5.90294e-15
7420  5.90636e-15
7430  5.85788e-15
7440  5.79124e-15
7450  5.73987e-15
7460  5.71051e-15
7470  5.69296e-15
7480  5.68209e-15
7490  5.6791e-15
7500  5.68085e-15
7510  5.6766e-15
7520  5.66052e-15
7530  5.64104e-15
7540  5.63287e-15
7550  5.63688e-15
7560  5.63167e-15
7570  5.59302e-15
7580  5.52264e-15
7590  5.45155e-15
7600  5.41629e-15
7610  5.4258e-15
7620  5.45925e-15
7630  5.48429e-15
7640  5.48538e-15
7650  5.47303e-15
7660  5.4649e-15
7670  5.46905e-15
7680  5.47872e-15
7690  5.48049e-15
7700  5.46718e-15
7710  5.44359e-15
7720  5.42414e-15
7730  5.4207e-15
7740  5.42647e-15
7750  5.41604e-15
7760  5.36356e-15
7770  5.26611e-15
7780  5.15788e-15
7790  5.08775e-15
7800  5.08249e-15
7810  5.11812e-15
7820  5.14069e-15
7830  5.11111e-15
7840  5.03462e-15
7850  4.96097e-15
7860  4.93459e-15
7870  4.9551e-15
7880  4.98137e-15
7890  4.96743e-15
7900  4.90212e-15
7910  4.81119e-15
7920  4.73717e-15
7930  4.70861e-15
7940  4.71796e-15
7950  4.73954e-15
7960  4.74938e-15
7970  4.74829e-15
7980  4.7599e-15
7990  4.80479e-15
8000  4.87776e-15
8010  4.94586e-15
8020  4.973e-15
8030  4.95255e-15
8040  4.90377e-15
8050  4.8634e-15
8060  4.8583e-15
8070  4.88966e-15
8080  4.93765e-15
8090  4.97877e-15
8100  5.00127e-15
8110  5.00215e-15
8120  4.98082e-15
8130  4.93088e-15
8140  4.85632e-15
8150  4.77281e-15
8160  4.70118e-15
8170  4.64953e-15
8180  4.60725e-15
8190  4.55585e-15
8200  4.48524e-15
8210  4.40513e-15
8220  4.33992e-15
8230  4.31055e-15
8240  4.32029e-15
8250  4.34238e-15
8260  4.34016e-15
8270  4.29397e-15
8280  4.21607e-15
8290  4.13729e-15
8300  4.08193e-15
8310  4.05478e-15
8320  4.04037e-15
8330  4.02269e-15
8340  3.99517e-15
8350  3.96251e-15
8360  3.93327e-15
8370  3.90883e-15
8380  3.88173e-15
8390  3.84693e-15
8400  3.81224e-15
8410  3.79239e-15
8420  3.79181e-15
8430  3.79228e-15
8440  3.76932e-15
8450  3.71613e-15
8460  3.65003e-15
8470  3.59972e-15
8480  3.58236e-15
8490  3.5935e-15
8500  3.60799e-15
8510  3.5995e-15
8520  3.5633e-15
8530  3.51653e-15
8540  3.48643e-15
8550  3.48697e-15
8560  3.50844e-15
8570  3.5284e-15
8580  3.52952e-15
8590  3.51265e-15
8600  3.4935e-15
8610  3.49065e-15
8620  3.50909e-15
8630  3.52906e-15
8640  3.52119e-15
8650  3.47506e-15
8660  3.41401e-15
8670  3.3795e-15
8680  3.39243e-15
8690  3.43706e-15
8700  3.47318e-15
8710  3.47336e-15
8720  3.44496e-15
8730  3.41118e-15
8740  3.3913e-15
8750  3.38967e-15
8760  3.40002e-15
8770  3.41082e-15
8780  3.40614e-15
8790  3.37344e-15
8800  3.314e-15
8810  3.25752e-15
8820  3.2437e-15
8830  3.28525e-15
8840  3.3541e-15
8850  3.39737e-15
8860  3.38379e-15
8870  3.32725e-15
8880  3.27134e-15
8890  3.24528e-15
8900  3.23846e-15
8910  3.22173e-15
8920  3.18018e-15
8930  3.12443e-15
8940  3.07657e-15
8950  3.04799e-15
8960  3.03755e-15
8970  3.04281e-15
8980  3.06808e-15
8990  3.11104e-15
9000  3.15407e-15
9010  3.16733e-15
9020  3.12582e-15
9030  3.03385e-15
9040  2.92116e-15
9050  2.83095e-15
9060  2.7973e-15
9070  2.83383e-15
9080  2.92142e-15
9090  3.02688e-15
9100  3.1143e-15
9110  3.16271e-15
9120  3.17243e-15
9130  3.1493e-15
9140  3.10018e-15
9150  3.03389e-15
9160  2.96751e-15
9170  2.92194e-15
9180  2.90929e-15
9190  2.91789e-15
9200  2.92652e-15