3270  4.77385e-16
3280  3.46221e-16
3290  3.64124e-16
3300  5.52943e-16
3310  8.13453e-16
3320  9.88661e-16
3330  9.90456e-16
3340  8.5507e-16
3350  7.10204e-16
3360  6.68468e-16
3370  7.40854e-16
3380  8.60036e-16
3390  9.4348e-16
3400  9.62454e-16
3410  9.56964e-16
3420  9.73657e-16
3430  1.01592e-15
3440  1.04615e-15
3450  1.03353e-15
3460  9.95286e-16
3470  9.91457e-16
3480  1.07012e-15
3490  1.22119e-15
3500  1.38712e-15
3510  1.5077e-15
3520  1.56627e-15
3530  1.59038e-15
3540  1.62299e-15
3550  1.68843e-15
3560  1.77404e-15
3570  1.83926e-15
3580  1.84352e-15
3590  1.76848e-15
3600  1.65348e-15
3610  1.5697e-15
3620  1.57723e-15
3630  1.69505e-15
3640  1.87914e-15
3650  2.07052e-15
3660  2.21967e-15
3670  2.29507e-15
3680  2.27672e-15
3690  2.15593e-15
3700  1.95946e-15
3710  1.75578e-15
3720  1.624e-15
3730  1.58998e-15
3740  1.60732e-15
3750  1.59326e-15
3760  1.50388e-15
3770  1.38087e-15
3780  1.30916e-15
3790  1.33818e-15
3800  1.46341e-15
3810  1.63467e-15
3820  1.82996e-15
3830  2.06106e-15
3840  2.34986e-15
3850  2.68381e-15
3860  3.01837e-15
3870  3.29977e-15
3880  3.49372e-15
3890  3.59869e-15
3900  3.64898e-15
3910  3.71024e-15
3920  3.84813e-15
3930  4.08382e-15
3940  4.35185e-15
3950  4.52923e-15
3960  4.52608e-15
3970  4.32141e-15
3980  3.99917e-15
3990  3.65222e-15
4000  3.35359e-15
4010  3.15287e-15
4020  3.07609e-15
4030  3.13145e-15
4040  3.25766e-15
4050  3.34883e-15
4060  3.31893e-15
4070  3.17435e-15
4080  3.01099e-15
4090  2.9148e-15
4100  2.87791e-15
4110  2.81261e-15
4120  2.65795e-15
4130  2.47465e-15
4140  2.41268e-15
4150  2.56115e-15
4160  2.86864e-15
4170  3.14232e-15
4180  3.20472e-15
4190  3.05831e-15
4200  2.83566e-15
4210  2.69868e-15
4220  2.69732e-15
4230  2.74732e-15
4240  2.74843e-15
4250  2.68834e-15
4260  2.65096e-15
4270  2.73119e-15
4280  2.93615e-15
4290  3.1674e-15
4300  3.29236e-15
4310  3.22776e-15
4320  3.00356e-15
4330  2.71891e-15
4340  2.47723e-15
4350  2.31719e-15
4360  2.19233e-15
4370  2.03658e-15
4380  1.83697e-15
4390  1.65104e-15
4400  1.55781e-15
4410  1.59131e-15
4420  1.69742e-15
4430  1.79522e-15
4440  1.84006e-15
4450  1.85126e-15
4460  1.87845e-15
4470  1.94903e-15
4480  2.06374e-15
4490  2.23369e-15
4500  2.51264e-15
4510  2.9535e-15
4520  3.55235e-15
4530  4.19147e-15
4540  4.69841e-15
4550  4.97806e-15
4560  5.0617e-15
4570  5.13423e-15
4580  5.38498e-15
4590  5.85164e-15
4600  6.39296e-15
4610  6.73867e-15
4620  6.65387e-15
4630  6.11065e-15
4640  5.26741e-15
4650  4.39149e-15
4660  3.68598e-15
4670  3.22534e-15
4680  2.97764e-15
4690  2.88443e-15
4700  2.87945e-15
4710  2.88453e-15
4720  2.81399e-15
4730  2.62227e-15
4740  2.37561e-15
4750  2.22223e-15
4760  2.27904e-15
4770  2.56257e-15
4780  2.92343e-15
4790  3.16825e-15
4800  3.18273e-15
4810  2.98666e-15
4820  2.73328e-15
4830  2.58301e-15
4840  2.60718e-15
4850  2.76151e-15
4860  2.94044e-15
4870  3.07165e-15
4880  3.15929e-15
4890  3.25908e-15
4900  3.41276e-15
4910  3.59848e-15
4920  3.74312e-15
4930  3.77758e-15
4940  3.66499e-15
4950  3.44394e-15
4960  3.17569e-15
4970  2.92822e-15
4980  2.74106e-15
4990  2.61196e-15
5000  2.51636e-15
5010  2.42087e-15
5020  2.30817e-15
5030  2.18723e-15
5040  2.08726e-15
5050  2.03938e-15
5060  2.05266e-15
5070  2.10558e-15
5080  2.15601e-15
5090  2.16858e-15
5100  2.14296e-15
5110  2.11088e-15
5120  2.11192e-15
5130  2.16818e-15
5140  2.27e-15
5150  2.41272e-15
5160  2.60572e-15
5170  2.87401e-15
5180  3.20597e-15
5190  3.54469e-15
5200  3.81151e-15
5210  3.96862e-15
5220  4.05984e-15
5230  4.16855e-15
5240  4.34626e-15
5250  4.5649e-15
5260  4.74369e-15
5270  4.82224e-15
5280  4.79384e-15
5290  4.69722e-15
5300  4.56099e-15
5310  4.39724e-15
5320  4.22045e-15
5330  4.07432e-15
5340  4.01958e-15
5350  4.06933e-15
5360  4.18597e-15
5370  4.2917e-15
5380  4.33485e-15
5390  4.32139e-15
5400  4.28616e-15
5410  4.25399e-15
5420  4.21757e-15
5430  4.1576e-15
5440  4.07393e-15
5450  3.99205e-15
5460  3.93778e-15
5470  3.91005e-15
5480  3.87591e-15
5490  3.796e-15
5500  3.66183e-15
5510  3.49625e-15
5520  3.33945e-15
5530  3.21601e-15
5540  3.11654e-15
5550  3.01652e-15
5560  2.89776e-15
5570  2.76241e-15
5580  2.62961e-15
5590  2.51688e-15
5600  2.42689e-15
5610  2.34882e-15
5620  2.26798e-15
5630  2.17947e-15
5640  2.0923e-15
5650  2.02118e-15
5660  1.97481e-15
5670  1.94778e-15
5680  1.92894e-15
5690  1.91104e-15
5700  1.89712e-15
5710  1.89419e-15
5720  1.90598e-15
5730  1.92702e-15
5740  1.95451e-15
5750  1.99742e-15
5760  2.08058e-15
5770  2.22334e-15
5780  2.42491e-15
5790  2.65124e-15
5800  2.86019e-15
5810  3.0294e-15
5820  3.169e-15
5830  3.30329e-15
5840  6.75963e-15
5850  6.91313e-15
5860  6.99079e-15
5870  6.95968e-15
5880  6.82583e-15
5890  6.60564e-15
5900  6.31157e-15
5910  5.95603e-15
5920  5.59147e-15
5930  5.31119e-15
5940  5.19107e-15
5950  5.24749e-15
5960  5.37829e-15
5970  5.43212e-15
5980  5.2905e-15
5990  4.93252e-15
6000  4.46045e-15
6010  4.03882e-15
6020  3.81968e-15
6030  3.85904e-15
6040  4.1219e-15
6050  4.47505e-15
6060  4.75914e-15
6070  4.84505e-15
6080  4.6573e-15
6090  4.23686e-15
6100  3.69281e-15
6110  3.17842e-15
6120  2.80787e-15
6130  2.62297e-15
6140  2.60621e-15
6150  2.71409e-15
6160  2.89451e-15
6170  3.08595e-15
6180  3.21991e-15
6190  3.24826e-15
6200  3.18332e-15
6210  3.10203e-15
6220  3.1003e-15
6230  3.22653e-15
6240  3.45555e-15
6250  3.70615e-15
6260  3.90169e-15
6270  4.01656e-15
6280  4.07792e-15
6290  4.13392e-15
6300  4.22096e-15
6310  4.34249e-15
6320  4.46901e-15
6330  4.56061e-15
6340  4.59345e-15
6350  4.56946e-15
6360  4.52313e-15
6370  4.49627e-15
6380  4.51511e-15
6390  4.57828e-15
6400  4.66015e-15
6410  4.73032e-15
6420  4.76953e-15
6430  4.77756e-15
6440  4.76354e-15
6450  4.73919e-15
6460  4.71172e-15
6470  4.68608e-15
6480  4.66573e-15
6490  4.65086e-15
6500  4.63737e-15
6510  4.61543e-15
6520  4.57246e-15
6530  4.50075e-15
6540  4.40209e-15
6550  4.28987e-15
6560  4.18031e-15
6570  4.0782e-15
6580  3.97667e-15
6590  3.86565e-15
6600  3.74564e-15
6610  3.62767e-15
6620  3.52082e-15
6630  3.42283e-15
6640  3.32203e-15
6650  3.21191e-15
6660  3.09905e-15
6670  2.99205e-15
6680  2.89126e-15
6690  2.78528e-15
6700  2.66388e-15
6710  2.5305e-15
6720  2.40216e-15
6730  2.29662e-15
6740  2.22134e-15
6750  2.1762e-15
6760  2.15258e-15
6770  2.13851e-15
6780  2.12078e-15
6790  2.0936e-15
6800  2.06152e-15
6810  2.03437e-15
6820  2.01733e-15
6830  2.00603e-15
6840  1.99414e-15
6850  1.98233e-15
6860  1.97967e-15
6870  1.99272e-15
6880  2.01927e-15
6890  2.04468e-15
6900  2.05316e-15
6910  2.03905e-15
6920  2.00744e-15
6930  1.97068e-15
6940  1.94011e-15
6950  1.92115e-15
6960  1.91519e-15
6970  1.92217e-15
6980  1.9354e-15
6990  1.94299e-15
7000  1.93322e-15
7010  1.90562e-15
7020  1.87338e-15
7030  1.85341e-15
7040  1.85158e-15
7050  1.86023e-15
7060  1.87316e-15
7070  1.88959e-15
7080  1.91256e-15
7090  1.93814e-15
7100  1.95391e-15
7110  1.951e-15
7120  1.93404e-15
7130  1.91503e-15
7140  1.90174e-15
7150  1.8917e-15
7160  1.8798e-15
7170  1.86847e-15
7180  1.86659e-15
7190  1.87986e-15
7200  1.9032e-15
7210  1.92512e-15
7220  1.93806e-15
7230  1.94406e-15
7240  1.9492e-15
7250  1.9563e-15
7260  9.8406e-16
7270  9.82432e-16
7280  9.72494e-16
7290  9.61559e-16
7300  9.59562e-16
7310  9.68871e-16
7320  9.79194e-16
7330  9.74888e-16
7340  9.52133e-16
7350  9.26359e-16
7360  9.23087e-16
7370  9.56471e-16
7380  1.00844e-15
7390  1.04392e-15
7400  1.03806e-15
7410  9.95197e-16
7420  9.42324e-16
7430  9.03845e-16
7440  8.84276e-16
7450  8.7019e-16
7460  8.49628e-16
7470  8.24366e-16
7480  8.05592e-16
7490  8.00959e-16
7500  8.07722e-16
7510  8.15853e-16
7520  8.18507e-16
7530  8.17011e-16
7540  8.17481e-16
7550  8.23712e-16
7560  8.33342e-16
7570  8.41692e-16
7580  8.46296e-16
7590  8.48145e-16
7600  8.49731e-16
7610  8.51952e-16
7620  8.53674e-16
7630  8.53497e-16
7640  8.51354e-16
7650  8.48722e-16
7660  8.46859e-16
7670  8.45227e-16
7680  8.41635e-16
7690  8.3431e-16
7700  8.23519e-16
7710  8.11877e-16
7720  8.02148e-16
7730  7.95329e-16
7740  7.90487e-16
7750  7.86826e-16
7760  7.84525e-16
7770  7.84255e-16
7780  7.85116e-16
7790  7.8485e-16
7800  7.81749e-16
7810  7.76471e-16
7820  7.71745e-16
7830  7.698e-16
7840  7.70406e-16
7850  7.70825e-16
7860  7.67921e-16
7870  7.60744e-16
7880  7.50263e-16
7890  7.39199e-16
7900  7.30001e-16
7910  7.23488e-16
7920  7.18328e-16
7930  7.11759e-16
7940  7.01647e-16
7950  6.87981e-16
7960  6.73396e-16
7970  6.6049e-16
7980  6.49408e-16
7990  6.38184e-16
8000  6.25088e-16
8010  6.10684e-16
8020  5.97398e-16
8030  5.87202e-16
8040  5.80235e-16
8050  5.74709e-16
8060  5.6875e-16
8070  5.61898e-16
8080  5.55663e-16
8090  5.52096e-16
8100  5.51e-16
8110  5.47614e-16
8120  5.34149e-16
8130  5.04128e-16
8140  4.57775e-16
8150  4.00743e-16
8160  3.42917e-16
8170  2.93404e-16
8180  2.57307e-16
8190  2.37887e-16
8200  2.34669e-16
8210  2.45898e-16
8220  2.67644e-16
8230  2.94987e-16
8240  3.24198e-16
8250  3.53606e-16
8260  3.82398e-16
8270  4.07368e-16
8280  4.20603e-16
8290  4.15454e-16
8300  3.915e-16
8310  3.60353e-16
8320  3.39125e-16
8330  3.39801e-16
8340  3.6028e-16
8350  3.88997e-16
8360  4.14264e-16
8370  4.34925e-16
8380  4.60697e-16
8390  5.02894e-16
8400  5.6262e-16
8410  6.30531e-16
8420  6.93174e-16
8430  7.43317e-16
8440  7.82889e-16
8450  8.19209e-16
8460  8.56552e-16
8470  8.93242e-16
8480  9.24369e-16
8490  9.48381e-16
8500  9.69225e-16
8510  9.94486e-16
8520  1.02888e-15
8530  1.06974e-15
8540  1.10846e-15
8550  1.13714e-15
8560  1.15569e-15
8570  1.17001e-15
8580  1.18793e-15
8590  1.21271e-15
8600  1.24035e-15
8610  1.26252e-15
8620  1.27238e-15
8630  1.27065e-15
8640  1.26663e-15
8650  1.27161e-15
8660  1.28953e-15
8670  1.31117e-15
8680  1.32368e-15
8690  1.32379e-15
8700  1.32016e-15
8710  1.32478e-15
8720  1.33959e-15
8730  1.35409e-15
8740  1.35578e-15
8750  1.34025e-15
8760  1.31411e-15
8770  1.28461e-15
8780  1.2553e-15
8790  1.22708e-15
8800  1.20298e-15
8810  1.18785e-15
8820  1.18169e-15
8830  1.17654e-15
8840  1.16194e-15
8850  1.13521e-15
8860  1.103e-15
8870  1.07504e-15
8880  1.05443e-15
8890  1.0355e-15
8900  1.01195e-15
8910  9.83534e-16
8920  9.55219e-16
8930  9.31605e-16
8940  9.13063e-16
8950  8.9791e-16
8960  8.85262e-16
8970  8.75852e-16
8980  8.68316e-16
8990  8.58381e-16
9000  8.41878e-16
9010  8.192e-16
9020  7.98073e-16
9030  7.90384e-16
9040  8.06109e-16
9050  8.44544e-16
9060  8.93488e-16
9070  9.30666e-16
9080  9.33319e-16
9090  8.96567e-16
9100  8.32348e-16
9110  7.68457e-16
9120  7.29735e-16
9130  7.23841e-16
9140  7.38332e-16
9150  7.52774e-16
9160  7.52863e-16
9170  7.36092e-16
9180  7.1135e-16
9190  6.8734e-16
9200  6.68474e-16