3692.97  1.50255e-15
3694.46  1.51668e-15
3695.95  1.53772e-15
3697.44  1.56204e-15
3698.93  1.58452e-15
3700.42  1.5993e-15
3701.91  1.60092e-15
3703.4   1.58549e-15
3704.89  1.55191e-15
3706.38  1.50267e-15
3707.87  1.44418e-15
3709.35  1.38638e-15
3710.84  1.34166e-15
3712.33  1.32316e-15
3713.82  1.34261e-15
3715.31  1.40819e-15
3716.8   1.52264e-15
3718.29  1.6821e-15
3719.78  1.87584e-15
3721.27  2.08718e-15
3722.76  2.29538e-15
3724.25  2.47829e-15
3725.74  2.61542e-15
3727.22  2.69089e-15
3728.71  2.69571e-15
3730.2   2.62909e-15
3731.69  2.49853e-15
3733.18  2.31866e-15
3734.67  2.10904e-15
3736.16  1.89137e-15
3737.65  1.6865e-15
3739.14  1.51176e-15
3740.63  1.37908e-15
3742.12  1.29395e-15
3743.6   1.25558e-15
3745.09  1.25777e-15
3746.58  1.29063e-15
3748.07  1.34246e-15
3749.56  1.40168e-15
3751.05  1.45841e-15
3752.54  1.50549e-15
3754.03  1.53897e-15
3755.52  1.55796e-15
3757.01  1.5641e-15
3758.5   1.5607e-15
3759.98  1.5519e-15
3761.47  1.54184e-15
3762.96  1.53411e-15
3764.45  1.53135e-15
3765.94  1.53523e-15
3767.43  1.54643e-15
3768.92  1.5649e-15
3770.41  1.59001e-15
3771.9   1.62077e-15
3773.39  1.65589e-15
3774.88  1.69388e-15
3776.36  1.73305e-15
3777.85  1.77154e-15
3779.34  1.80741e-15
3780.83  1.8387e-15
3782.32  1.86364e-15
3783.81  1.8808e-15
3785.3   1.88935e-15
3786.79  1.88914e-15
3788.28  1.88085e-15
3789.77  1.86593e-15
3791.26  1.84658e-15
3792.74  1.82549e-15
3794.23  1.8056e-15
3795.72  1.78989e-15
3797.21  1.78101e-15
3798.7   1.78112e-15
3800.19  1.7917e-15
3801.68  1.81342e-15
3803.17  1.84615e-15
3804.66  1.88903e-15
3806.15  1.94049e-15
3807.64  1.99849e-15
3809.12  2.06059e-15
3810.61  2.12411e-15
3812.1   2.18636e-15
3813.59  2.24468e-15
3815.08  2.29669e-15
3816.57  2.34039e-15
3818.06  2.37429e-15
3819.55  2.3976e-15
3821.04  2.41028e-15
3822.53  2.41311e-15
3824.02  2.40769e-15
3825.5   2.39639e-15
3826.99  2.38214e-15
3828.48  2.36827e-15
3829.97  2.35817e-15
3831.46  2.35509e-15
3832.95  2.36176e-15
3834.44  2.38022e-15
3835.93  2.41163e-15
3837.42  2.45619e-15
3838.91  2.51315e-15
3840.4   2.58092e-15
3841.89  2.65725e-15
3843.37  2.73948e-15
3844.86  2.82474e-15
3846.35  2.91025e-15
3847.84  2.99352e-15
3849.33  3.07254e-15
3850.82  3.14589e-15
3852.31  3.21279e-15
3853.8   3.27311e-15
3855.29  3.32728e-15
3856.78  3.37614e-15
3858.27  3.42078e-15
3859.75  3.46234e-15
3861.24  3.50179e-15
3862.73  3.53978e-15
3864.22  3.57653e-15
3865.71  3.61178e-15
3867.2   3.64482e-15
3868.69  3.67462e-15
3870.18  3.70005e-15
3871.67  3.72004e-15
3873.16  3.73386e-15
3874.65  3.7413e-15
3876.13  3.74277e-15
3877.62  3.73934e-15
3879.11  3.73265e-15
3880.6   3.72478e-15
3882.09  3.71798e-15
3883.58  3.71441e-15
3885.07  3.7159e-15
3886.56  3.7237e-15
3888.05  3.73836e-15
3889.54  3.75969e-15
3891.03  3.78683e-15
3892.51  3.81843e-15
3894     3.85284e-15
3895.49  3.88846e-15
3896.98  3.92393e-15
3898.47  3.95836e-15
3899.96  3.99147e-15
3901.45  4.02357e-15
3902.94  4.05549e-15
3904.43  4.08834e-15
3905.92  4.12331e-15
3907.41  4.1613e-15
3908.89  4.20267e-15
3910.38  4.24702e-15
3911.87  4.29304e-15
3913.36  4.33847e-15
3914.85  4.38029e-15
3916.34  4.4149e-15
3917.83  4.43852e-15
3919.32  4.44761e-15
3920.81  4.4394e-15
3922.3   4.41231e-15
3923.79  4.36637e-15
3925.27  4.30339e-15
3926.76  4.22707e-15
3928.25  4.1427e-15
3929.74  4.05681e-15
3931.23  3.97644e-15
3932.72  3.90848e-15
3934.21  3.85878e-15
3935.7   3.83151e-15
3937.19  3.8286e-15
3938.68  3.84947e-15
3940.17  3.89105e-15
3941.65  3.94809e-15
3943.14  4.01376e-15
3944.63  4.08037e-15
3946.12  4.14018e-15
3947.61  4.18619e-15
3949.1   4.21276e-15
3950.59  4.21613e-15
3952.08  4.19464e-15
3953.57  4.14877e-15
3955.06  4.08098e-15
3956.55  3.99535e-15
3958.04  3.89719e-15
3959.52  3.7925e-15
3961.01  3.68746e-15
3962.5   3.58796e-15
3963.99  3.49918e-15
3965.48  3.42523e-15
3966.97  3.36893e-15
3968.46  3.3317e-15
3969.95  3.31358e-15
3971.44  3.31329e-15
3972.93  3.32849e-15
3974.42  3.356e-15
3975.9   3.39213e-15
3977.39  3.43299e-15
3978.88  3.47478e-15
3980.37  3.51408e-15
3981.86  3.54805e-15
3983.35  3.57461e-15
3984.84  3.59254e-15
3986.33  3.60151e-15
3987.82  3.60209e-15
3989.31  3.5956e-15
3990.8   3.58401e-15
3992.28  3.56968e-15
3993.77  3.55517e-15
3995.26  3.54293e-15
3996.75  3.53509e-15
3998.24  3.53321e-15
3999.73  3.53819e-15
4001.22  3.55019e-15
4002.71  3.56863e-15
4004.2   3.59238e-15
4005.69  3.61986e-15
4007.18  3.64933e-15
4008.66  3.67905e-15
4010.15  3.70751e-15
4011.64  3.73356e-15
4013.13  3.75648e-15
4014.62  3.77599e-15
4016.11  3.79218e-15
4017.6   3.80545e-15
4019.09  3.81635e-15
4020.58  3.82547e-15
4022.07  3.83335e-15
4023.56  3.84044e-15
4025.04  3.84707e-15
4026.53  3.85348e-15
4028.02  3.85989e-15
4029.51  3.86657e-15
4031     3.87391e-15
4032.49  3.88242e-15
4033.98  3.89273e-15
4035.47  3.90553e-15
4036.96  3.9214e-15
4038.45  3.9407e-15
4039.94  3.96341e-15
4041.42  3.98903e-15
4042.91  4.01655e-15
4044.4   4.0445e-15
4045.89  4.07112e-15
4047.38  4.09458e-15
4048.87  4.11328e-15
4050.36  4.12611e-15
4051.85  4.13264e-15
4053.34  4.13328e-15
4054.83  4.12921e-15
4056.32  4.12224e-15
4057.8   4.11457e-15
4059.29  4.10843e-15
4060.78  4.1058e-15
4062.27  4.10809e-15
4063.76  4.11598e-15
4065.25  4.12938e-15
4066.74  4.14744e-15
4068.23  4.16878e-15
4069.72  4.19166e-15
4071.21  4.21428e-15
4072.7   4.23494e-15
4074.19  4.25228e-15
4075.67  4.2653e-15
4077.16  4.27342e-15
4078.65  4.27644e-15
4080.14  4.27447e-15
4081.63  4.26784e-15
4083.12  4.25705e-15
4084.61  4.24269e-15
4086.1   4.22548e-15
4087.59  4.20618e-15
4089.08  4.18566e-15
4090.57  4.16481e-15
4092.05  4.14461e-15
4093.54  4.12603e-15
4095.03  4.10997e-15
4096.52  4.09727e-15
4098.01  4.0886e-15
4099.5   4.0844e-15
4100.99  4.08491e-15
4102.48  4.0901e-15
4103.97  4.09967e-15
4105.46  4.11306e-15
4106.95  4.1295e-15
4108.43  4.14801e-15
4109.92  4.16747e-15
4111.41  4.18671e-15
4112.9   4.20455e-15
4114.39  4.21994e-15
4115.88  4.23203e-15
4117.37  4.24022e-15
4118.86  4.24429e-15
4120.35  4.24434e-15
4121.84  4.2408e-15
4123.33  4.23436e-15
4124.81  4.22585e-15
4126.3   4.2161e-15
4127.79  4.20585e-15
4129.28  4.19563e-15
4130.77  4.18572e-15
4132.26  4.17614e-15
4133.75  4.16672e-15
4135.24  4.15717e-15
4136.73  4.14723e-15
4138.22  4.13676e-15
4139.71  4.12582e-15
4141.19  4.11473e-15
4142.68  4.10401e-15
4144.17  4.09437e-15
4145.66  4.0866e-15
4147.15  4.0814e-15
4148.64  4.07931e-15
4150.13  4.08062e-15
4151.62  4.08524e-15
4153.11  4.09271e-15
4154.6   4.10225e-15
4156.09  4.11276e-15
4157.57  4.12298e-15
4159.06  4.13155e-15
4160.55  4.13719e-15
4162.04  4.13881e-15
4163.53  4.13564e-15
4165.02  4.1273e-15
4166.51  4.11387e-15
4168     4.09592e-15
4169.49  4.07449e-15
4170.98  4.05097e-15
4172.47  4.02702e-15
4173.95  4.00439e-15
4175.44  3.98472e-15
4176.93  3.96935e-15
4178.42  3.95913e-15
4179.91  3.95434e-15
4181.4   3.95458e-15
4182.89  3.95889e-15
4184.38  3.96583e-15
4185.87  3.97372e-15
4187.36  3.98091e-15
4188.85  3.98599e-15
4190.34  3.98804e-15
4191.82  3.98671e-15
4193.31  3.98221e-15
4194.8   3.97526e-15
4196.29  3.96683e-15
4197.78  3.95791e-15
4199.27  3.94929e-15
4200.76  3.94131e-15
4202.25  3.93379e-15
4203.74  3.92601e-15
4205.23  3.91684e-15
4206.72  3.90493e-15
4208.2   3.889e-15
4209.69  3.86807e-15
4211.18  3.84171e-15
4212.67  3.81014e-15
4214.16  3.77431e-15
4215.65  3.73574e-15
4217.14  3.69641e-15
4218.63  3.65846e-15
4220.12  3.62391e-15
4221.61  3.59443e-15
4223.1   3.57109e-15
4224.58  3.55426e-15
4226.07  3.5436e-15
4227.56  3.53813e-15
4229.05  3.53643e-15
4230.54  3.53682e-15
4232.03  3.53765e-15
4233.52  3.53751e-15
4235.01  3.53536e-15
4236.5   3.53065e-15
4237.99  3.52331e-15
4239.48  3.51368e-15
4240.96  3.50236e-15
4242.45  3.49009e-15
4243.94  3.47752e-15
4245.43  3.46514e-15
4246.92  3.45317e-15
4248.41  3.4415e-15
4249.9   3.42973e-15
4251.39  3.41724e-15
4252.88  3.40327e-15
4254.37  3.38706e-15
4255.86  3.36798e-15
4257.34  3.34559e-15
4258.83  3.31978e-15
4260.32  3.29073e-15
4261.81  3.259e-15
4263.3   3.2254e-15
4264.79  3.19094e-15
4266.28  3.15676e-15
4267.77  3.12393e-15
4269.26  3.09344e-15
4270.75  3.06601e-15
4272.24  3.04208e-15
4273.72  3.02175e-15
4275.21  3.00484e-15
4276.7   2.99087e-15
4278.19  2.97915e-15
4279.68  2.96889e-15
4281.17  2.95919e-15
4282.66  2.94919e-15
4284.15  2.93808e-15
4285.64  2.92514e-15
4287.13  2.90982e-15
4288.62  2.89173e-15
4290.11  2.87078e-15
4291.59  2.84717e-15
4293.08  2.82149e-15
4294.57  2.79472e-15
4296.06  2.76827e-15
4297.55  2.74384e-15
4299.04  2.72334e-15
4300.53  2.7086e-15
4302.02  2.70119e-15
4303.51  2.70209e-15
4305     2.71145e-15
4306.49  2.72847e-15
4307.97  2.75137e-15
4309.46  2.77749e-15
4310.95  2.8036e-15
4312.44  2.82634e-15
4313.93  2.8426e-15
4315.42  2.85012e-15
4316.91  2.84777e-15
4318.4   2.83586e-15
4319.89  2.81612e-15
4321.38  2.79152e-15
4322.87  2.76583e-15
4324.35  2.74311e-15
4325.84  2.72702e-15
4327.33  2.72031e-15
4328.82  2.72431e-15
4330.31  2.73872e-15
4331.8   2.76162e-15
4333.29  2.78979e-15
4334.78  2.81922e-15
4336.27  2.8457e-15
4337.76  2.86555e-15
4339.25  2.87617e-15
4340.73  2.87645e-15
4342.22  2.8669e-15
4343.71  2.84951e-15
4345.2   2.82742e-15
4346.69  2.80432e-15
4348.18  2.78389e-15
4349.67  2.76919e-15
4351.16  2.76228e-15
4352.65  2.76394e-15
4354.14  2.77372e-15
4355.63  2.79013e-15
4357.11  2.81101e-15
4358.6   2.83399e-15
4360.09  2.8569e-15
4361.58  2.87812e-15
4363.07  2.89673e-15
4364.56  2.91256e-15
4366.05  2.92607e-15
4367.54  2.9381e-15
4369.03  2.94958e-15
4370.52  2.9613e-15
4372.01  2.97366e-15
4373.49  2.98664e-15
4374.98  2.99981e-15
4376.47  3.01245e-15
4377.96  3.02376e-15
4379.45  3.03308e-15
4380.94  3.04007e-15
4382.43  3.04485e-15
4383.92  3.04803e-15
4385.41  3.0506e-15
4386.9   3.05384e-15
4388.39  3.05902e-15
4389.87  3.06729e-15
4391.36  3.07938e-15
4392.85  3.09556e-15
4394.34  3.11552e-15
4395.83  3.13847e-15
4397.32  3.16323e-15
4398.81  3.18841e-15
4400.3   3.21259e-15
4401.79  3.23447e-15
4403.28  3.25303e-15
4404.77  3.26757e-15
4406.26  3.27774e-15
4407.74  3.28349e-15
4409.23  3.28504e-15
4410.72  3.28277e-15
4412.21  3.27722e-15
4413.7   3.26898e-15
4415.19  3.25873e-15
4416.68  3.24718e-15
4418.17  3.2351e-15
4419.66  3.2233e-15
4421.15  3.2126e-15
4422.64  3.20377e-15
4424.12  3.1975e-15
4425.61  3.19425e-15
4427.1   3.19426e-15
4428.59  3.19745e-15
4430.08  3.20345e-15
4431.57  3.21158e-15
4433.06  3.22103e-15
4434.55  3.23086e-15
4436.04  3.24023e-15
4437.53  3.2485e-15
4439.02  3.25535e-15
4440.5   3.26079e-15
4441.99  3.26526e-15
4443.48  3.26949e-15
4444.97  3.27447e-15
4446.46  3.28126e-15
4447.95  3.2909e-15
4449.44  3.30423e-15
4450.93  3.32182e-15
4452.42  3.34385e-15
4453.91  3.37009e-15
4455.4   3.39993e-15
4456.88  3.43244e-15
4458.37  3.46646e-15
4459.86  3.50074e-15
4461.35  3.5341e-15
4462.84  3.56559e-15
4464.33  3.59461e-15
4465.82  3.621e-15
4467.31  3.64506e-15
4468.8   3.66753e-15
4470.29  3.68946e-15
4471.78  3.71204e-15
4473.26  3.73637e-15
4474.75  3.76328e-15
4476.24  3.79315e-15
4477.73  3.82579e-15
4479.22  3.86046e-15
4480.71  3.8959e-15
4482.2   3.93057e-15
4483.69  3.96283e-15
4485.18  3.99125e-15
4486.67  4.01478e-15
4488.16  4.03301e-15
4489.64  4.04615e-15
4491.13  4.05504e-15
4492.62  4.06101e-15
4494.11  4.06566e-15
4495.6   4.07056e-15
4497.09  4.07707e-15
4498.58  4.08606e-15
4500.07  4.09786e-15
4501.56  4.11221e-15
4503.05  4.12837e-15
4504.54  4.14526e-15
4506.02  4.16172e-15
4507.51  4.17666e-15
4509     4.18929e-15
4510.49  4.19917e-15
4511.98  4.20627e-15
4513.47  4.2109e-15
4514.96  4.21357e-15
4516.45  4.21489e-15
4517.94  4.21538e-15
4519.43  4.21538e-15
4520.92  4.21499e-15
4522.41  4.21407e-15
4523.89  4.21229e-15
4525.38  4.20925e-15
4526.87  4.20454e-15
4528.36  4.19789e-15
4529.85  4.1892e-15
4531.34  4.1786e-15
4532.83  4.16641e-15
4534.32  4.15316e-15
4535.81  4.13947e-15
4537.3   4.12601e-15
4538.79  4.11341e-15
4540.27  4.10223e-15
4541.76  4.0929e-15
4543.25  4.08569e-15
4544.74  4.08073e-15
4546.23  4.07796e-15
4547.72  4.07722e-15
4549.21  4.07819e-15
4550.7   4.08048e-15
4552.19  4.08366e-15
4553.68  4.08728e-15
4555.17  4.09096e-15
4556.65  4.09439e-15
4558.14  4.09741e-15
4559.63  4.09995e-15
4561.12  4.10212e-15
4562.61  4.10408e-15
4564.1   4.10605e-15
4565.59  4.1082e-15
4567.08  4.11063e-15
4568.57  4.11328e-15
4570.06  4.11594e-15
4571.55  4.11828e-15
4573.03  4.11983e-15
4574.52  4.12014e-15
4576.01  4.11881e-15
4577.5   4.11556e-15
4578.99  4.11033e-15
4580.48  4.10329e-15
4581.97  4.0948e-15
4583.46  4.08539e-15
4584.95  4.07567e-15
4586.44  4.06623e-15
4587.93  4.05757e-15
4589.41  4.05002e-15
4590.9   4.0437e-15
4592.39  4.03852e-15
4593.88  4.03423e-15
4595.37  4.03046e-15
4596.86  4.02676e-15
4598.35  4.02273e-15
4599.84  4.01801e-15
4601.33  4.01235e-15
4602.82  4.00563e-15
4604.31  3.99781e-15
4605.79  3.98895e-15
4607.28  3.97916e-15
4608.77  3.96859e-15
4610.26  3.95736e-15
4611.75  3.94556e-15
4613.24  3.93324e-15
4614.73  3.92038e-15
4616.22  3.90691e-15
4617.71  3.89272e-15
4619.2   3.8777e-15
4620.69  3.86172e-15
4622.17  3.84473e-15
4623.66  3.82673e-15
4625.15  3.80781e-15
4626.64  3.78816e-15
4628.13  3.76801e-15
4629.62  3.74764e-15
4631.11  3.7273e-15
4632.6   3.7072e-15
4634.09  3.68741e-15
4635.58  3.66787e-15
4637.07  3.6484e-15
4638.56  3.62871e-15
4640.04  3.60848e-15
4641.53  3.58743e-15
4643.02  3.5654e-15
4644.51  3.54244e-15
4646     3.51883e-15
4647.49  3.49505e-15
4648.98  3.4718e-15
4650.47  3.44984e-15
4651.96  3.42991e-15
4653.45  3.4126e-15
4654.94  3.39828e-15
4656.42  3.387e-15
4657.91  3.37849e-15
4659.4   3.37221e-15
4660.89  3.3674e-15
4662.38  3.36325e-15
4663.87  3.35894e-15
4665.36  3.35381e-15
4666.85  3.34743e-15
4668.34  3.33963e-15
4669.83  3.33047e-15
4671.32  3.32026e-15
4672.8   3.3094e-15
4674.29  3.29836e-15
4675.78  3.28755e-15
4677.27  3.27722e-15
4678.76  3.26745e-15
4680.25  3.25813e-15
4681.74  3.24892e-15
4683.23  3.23938e-15
4684.72  3.22896e-15
4686.21  3.21715e-15
4687.7   3.20351e-15
4689.18  3.18779e-15
4690.67  3.16998e-15
4692.16  3.15032e-15
4693.65  3.12935e-15
4695.14  3.10781e-15
4696.63  3.08668e-15
4698.12  3.06699e-15
4699.61  3.0498e-15
4701.1   3.03604e-15
4702.59  3.02643e-15
4704.08  3.02136e-15
4705.56  3.02084e-15
4707.05  3.02444e-15
4708.54  3.03137e-15
4710.03  3.04046e-15
4711.52  3.05032e-15
4713.01  3.05947e-15
4714.5   3.06649e-15
4715.99  3.07018e-15
4717.48  3.06971e-15
4718.97  3.06471e-15
4720.46  3.05533e-15
4721.94  3.0422e-15
4723.43  3.02639e-15
4724.92  3.00925e-15
4726.41  2.99228e-15
4727.9   2.9769e-15
4729.39  2.96433e-15
4730.88  2.95542e-15
4732.37  2.95055e-15
4733.86  2.94961e-15
4735.35  2.95202e-15
4736.84  2.95685e-15
4738.32  2.96294e-15
4739.81  2.96906e-15
4741.3   2.97409e-15
4742.79  2.97718e-15
4744.28  2.9778e-15
4745.77  2.97583e-15
4747.26  2.9715e-15
4748.75  2.96529e-15
4750.24  2.95787e-15
4751.73  2.94989e-15
4753.22  2.94191e-15
4754.71  2.93431e-15
4756.19  2.9272e-15
4757.68  2.92049e-15
4759.17  2.91393e-15
4760.66  2.9072e-15
4762.15  2.90005e-15
4763.64  2.89232e-15
4765.13  2.88406e-15
4766.62  2.87552e-15
4768.11  2.86714e-15
4769.6   2.85941e-15
4771.09  2.85287e-15
4772.57  2.84793e-15
4774.06  2.84484e-15
4775.55  2.84364e-15
4777.04  2.8441e-15
4778.53  2.84585e-15
4780.02  2.84838e-15
4781.51  2.85114e-15
4783     2.85366e-15
4784.49  2.8556e-15
4785.98  2.85676e-15
4787.47  2.85713e-15
4788.95  2.85681e-15
4790.44  2.85596e-15
4791.93  2.85474e-15
4793.42  2.85323e-15
4794.91  2.8514e-15
4796.4   2.84911e-15
4797.89  2.84611e-15
4799.38  2.84209e-15
4800.87  2.83676e-15
4802.36  2.82991e-15
4803.85  2.82141e-15
4805.33  2.81128e-15
4806.82  2.79963e-15
4808.31  2.78666e-15
4809.8   2.77262e-15
4811.29  2.75776e-15
4812.78  2.74231e-15
4814.27  2.72655e-15
4815.76  2.71077e-15
4817.25  2.69536e-15
4818.74  2.6808e-15
4820.23  2.66769e-15
4821.71  2.65668e-15
4823.2   2.64838e-15
4824.69  2.64317e-15
4826.18  2.64108e-15
4827.67  2.64161e-15
4829.16  2.64364e-15
4830.65  2.64547e-15
4832.14  2.64497e-15
4833.63  2.63986e-15
4835.12  2.62809e-15
4836.61  2.60834e-15
4838.09  2.58041e-15
4839.58  2.54555e-15
4841.07  2.50658e-15
4842.56  2.46771e-15
4844.05  2.43418e-15
4845.54  2.4115e-15
4847.03  2.40467e-15
4848.52  2.41729e-15
4850.01  2.45074e-15
4851.5   2.50377e-15
4852.99  2.57229e-15
4854.47  2.64975e-15
4855.96  2.72785e-15
4857.45  2.79767e-15
4858.94  2.85086e-15
4860.43  2.88095e-15
4861.92  2.88426e-15
4863.41  2.86051e-15
4864.9   2.81292e-15
4866.39  2.74773e-15
4867.88  2.67329e-15
4869.37  2.59888e-15
4870.86  2.53339e-15
4872.34  2.48415e-15
4873.83  2.456e-15
4875.32  2.45085e-15
4876.81  2.46763e-15
4878.3   2.50273e-15
4879.79  2.55072e-15
4881.28  2.60529e-15
4882.77  2.66024e-15
4884.26  2.71031e-15
4885.75  2.75179e-15
4887.24  2.78285e-15
4888.72  2.80352e-15
4890.21  2.81541e-15
4891.7   2.82119e-15
4893.19  2.82406e-15
4894.68  2.82705e-15
4896.17  2.83256e-15
4897.66  2.84197e-15
4899.15  2.85546e-15
4900.64  2.87208e-15
4902.13  2.88995e-15
4903.62  2.90662e-15
4905.1   2.91951e-15
4906.59  2.92635e-15
4908.08  2.92556e-15
4909.57  2.91649e-15
4911.06  2.89954e-15
4912.55  2.87612e-15
4914.04  2.84844e-15
4915.53  2.81921e-15
4917.02  2.79126e-15
4918.51  2.76719e-15
4920     2.74896e-15
4921.48  2.73774e-15
4922.97  2.73372e-15
4924.46  2.73615e-15
4925.95  2.74349e-15
4927.44  2.75368e-15
4928.93  2.76441e-15
4930.42  2.77349e-15
4931.91  2.77914e-15
4933.4   2.78025e-15
4934.89  2.7765e-15
4936.38  2.76842e-15
4937.86  2.7573e-15
4939.35  2.74499e-15
4940.84  2.73367e-15
4942.33  2.72548e-15
4943.82  2.72226e-15
4945.31  2.72522e-15
4946.8   2.73478e-15
4948.29  2.75041e-15
4949.78  2.77071e-15
4951.27  2.79357e-15
4952.76  2.81636e-15
4954.24  2.83638e-15
4955.73  2.85115e-15
4957.22  2.85883e-15
4958.71  2.85845e-15
4960.2   2.85007e-15
4961.69  2.83482e-15
4963.18  2.81471e-15
4964.67  2.79237e-15
4966.16  2.77065e-15
4967.65  2.75227e-15
4969.14  2.73933e-15
4970.62  2.73307e-15
4972.11  2.73367e-15
4973.6   2.74019e-15
4975.09  2.75075e-15
4976.58  2.76279e-15
4978.07  2.77347e-15
4979.56  2.78019e-15
4981.05  2.78096e-15
4982.54  2.77491e-15
4984.03  2.76245e-15
4985.52  2.7454e-15
4987.01  2.72687e-15
4988.49  2.71088e-15
4989.98  2.70184e-15
4991.47  2.70393e-15
4992.96  2.72038e-15
4994.45  2.75287e-15
4995.94  2.80112e-15
4997.43  2.86266e-15
4998.92  2.93299e-15
5000.41  3.00606e-15
5001.9   3.07495e-15
5003.39  3.13281e-15
5004.87  3.17382e-15
5006.36  3.19398e-15
5007.85  3.19175e-15
5009.34  3.16827e-15
5010.83  3.12717e-15
5012.32  3.07408e-15
5013.81  3.01577e-15
5015.3   2.95921e-15
5016.79  2.91061e-15
5018.28  2.87461e-15
5019.77  2.85379e-15
5021.25  2.84848e-15
5022.74  2.857e-15
5024.23  2.87605e-15
5025.72  2.90147e-15
5027.21  2.92889e-15
5028.7   2.95446e-15
5030.19  2.97532e-15
5031.68  2.98991e-15
5033.17  2.99805e-15
5034.66  3.00069e-15
5036.15  2.99968e-15
5037.63  2.99728e-15
5039.12  2.99579e-15
5040.61  2.99713e-15
5042.1   3.00268e-15
5043.59  3.01304e-15
5045.08  3.02814e-15
5046.57  3.04725e-15
5048.06  3.06925e-15
5049.55  3.09278e-15
5051.04  3.11645e-15
5052.53  3.13903e-15
5054.01  3.15959e-15
5055.5   3.17749e-15
5056.99  3.19249e-15
5058.48  3.20464e-15
5059.97  3.21424e-15
5061.46  3.22179e-15
5062.95  3.22787e-15
5064.44  3.23311e-15
5065.93  3.23815e-15
5067.42  3.24356e-15
5068.91  3.24988e-15
5070.39  3.25759e-15
5071.88  3.26708e-15
5073.37  3.2787e-15
5074.86  3.29265e-15
5076.35  3.30903e-15
5077.84  3.32775e-15
5079.33  3.34852e-15
5080.82  3.37087e-15
5082.31  3.3941e-15
5083.8   3.41737e-15
5085.29  3.43977e-15
5086.77  3.46042e-15
5088.26  3.47858e-15
5089.75  3.49375e-15
5091.24  3.50575e-15
5092.73  3.51479e-15
5094.22  3.52136e-15
5095.71  3.52626e-15
5097.2   3.53038e-15
5098.69  3.53461e-15
5100.18  3.53966e-15
5101.67  3.54598e-15
5103.16  3.55361e-15
5104.64  3.56227e-15
5106.13  3.57135e-15
5107.62  3.5801e-15
5109.11  3.58774e-15
5110.6   3.59368e-15
5112.09  3.59765e-15
5113.58  3.59973e-15
5115.07  3.60043e-15
5116.56  3.60056e-15
5118.05  3.60106e-15
5119.54  3.60282e-15
5121.02  3.60647e-15
5122.51  3.61221e-15
5124     3.61968e-15
5125.49  3.62804e-15
5126.98  3.63599e-15
5128.47  3.64204e-15
5129.96  3.64478e-15
5131.45  3.64309e-15
5132.94  3.63649e-15
5134.43  3.6252e-15
5135.92  3.61021e-15
5137.4   3.59324e-15
5138.89  3.57641e-15
5140.38  3.56206e-15
5141.87  3.55226e-15
5143.36  3.54857e-15
5144.85  3.5517e-15
5146.34  3.56132e-15
5147.83  3.57608e-15
5149.32  3.59373e-15
5150.81  3.61138e-15
5152.3   3.62592e-15
5153.78  3.63449e-15
5155.27  3.63489e-15
5156.76  3.626e-15
5158.25  3.60798e-15
5159.74  3.58237e-15
5161.23  3.55187e-15
5162.72  3.52005e-15
5164.21  3.49083e-15
5165.7   3.46793e-15
5167.19  3.45433e-15
5168.68  3.45178e-15
5170.16  3.46063e-15
5171.65  3.47971e-15
5173.14  3.50655e-15
5174.63  3.53781e-15
5176.12  3.56976e-15
5177.61  3.59886e-15
5179.1   3.62232e-15
5180.59  3.63842e-15
5182.08  3.64668e-15
5183.57  3.64787e-15
5185.06  3.64372e-15
5186.54  3.63652e-15
5188.03  3.62868e-15
5189.52  3.6223e-15
5191.01  3.61877e-15
5192.5   3.61864e-15
5193.99  3.62156e-15
5195.48  3.62648e-15
5196.97  3.63186e-15
5198.46  3.63609e-15
5199.95  3.63773e-15
5201.44  3.6358e-15
5202.92  3.62996e-15
5204.41  3.62041e-15
5205.9   3.60788e-15
5207.39  3.59333e-15
5208.88  3.57779e-15
5210.37  3.56206e-15
5211.86  3.54656e-15
5213.35  3.5313e-15
5214.84  3.51585e-15
5216.33  3.4995e-15
5217.82  3.48148e-15
5219.31  3.4611e-15
5220.79  3.43799e-15
5222.28  3.41218e-15
5223.77  3.38417e-15
5225.26  3.35484e-15
5226.75  3.32533e-15
5228.24  3.29682e-15
5229.73  3.27035e-15
5231.22  3.24661e-15
5232.71  3.22587e-15
5234.2   3.20792e-15
5235.69  3.19214e-15
5237.17  3.17762e-15
5238.66  3.16333e-15
5240.15  3.14831e-15
5241.64  3.13183e-15
5243.13  3.11346e-15
5244.62  3.09313e-15
5246.11  3.07106e-15
5247.6   3.04767e-15
5249.09  3.02348e-15
5250.58  2.99895e-15
5252.07  2.97443e-15
5253.55  2.95011e-15
5255.04  2.92602e-15
5256.53  2.90213e-15
5258.02  2.87842e-15
5259.51  2.85496e-15
5261     2.83203e-15
5262.49  2.81007e-15
5263.98  2.78971e-15
5265.47  2.77167e-15
5266.96  2.75663e-15
5268.45  2.74515e-15
5269.93  2.73754e-15
5271.42  2.73378e-15
5272.91  2.73353e-15
5274.4   2.73616e-15
5275.89  2.74082e-15
5277.38  2.74657e-15
5278.87  2.75251e-15
5280.36  2.75787e-15
5281.85  2.76211e-15
5283.34  2.76496e-15
5284.83  2.76639e-15
5286.31  2.76665e-15
5287.8   2.76609e-15
5289.29  2.76521e-15
5290.78  2.76451e-15
5292.27  2.76444e-15
5293.76  2.76538e-15
5295.25  2.7676e-15
5296.74  2.77129e-15
5298.23  2.77648e-15
5299.72  2.78313e-15
5301.21  2.79111e-15
5302.69  2.80017e-15
5304.18  2.81003e-15
5305.67  2.82029e-15
5307.16  2.83056e-15
5308.65  2.8404e-15
5310.14  2.84939e-15
5311.63  2.85723e-15
5313.12  2.86369e-15
5314.61  2.86876e-15
5316.1   2.87261e-15
5317.59  2.87558e-15
5319.08  2.8782e-15
5320.56  2.88106e-15
5322.05  2.88478e-15
5323.54  2.88984e-15
5325.03  2.89655e-15
5326.52  2.90498e-15
5328.01  2.9149e-15
5329.5   2.92583e-15
5330.99  2.93712e-15
5332.48  2.94804e-15
5333.97  2.95792e-15
5335.46  2.9663e-15
5336.94  2.97297e-15
5338.43  2.97807e-15
5339.92  2.98206e-15
5341.41  2.98565e-15
5342.9   2.98968e-15
5344.39  2.99497e-15
5345.88  3.00217e-15
5347.37  3.01161e-15
5348.86  3.02324e-15
5350.35  3.03662e-15
5351.84  3.05096e-15
5353.32  3.06524e-15
5354.81  3.07838e-15
5356.3   3.08942e-15
5357.79  3.09767e-15
5359.28  3.10282e-15
5360.77  3.10498e-15
5362.26  3.10465e-15
5363.75  3.10263e-15
5365.24  3.09985e-15
5366.73  3.09724e-15
5368.22  3.09552e-15
5369.7   3.09514e-15
5371.19  3.09619e-15
5372.68  3.09843e-15
5374.17  3.10135e-15
5375.66  3.10426e-15
5377.15  3.10649e-15
5378.64  3.10742e-15
5380.13  3.10669e-15
5381.62  3.10414e-15
5383.11  3.09987e-15
5384.6   3.09418e-15
5386.08  3.08746e-15
5387.57  3.0801e-15
5389.06  3.07238e-15
5390.55  3.06444e-15
5392.04  3.05623e-15
5393.53  3.04755e-15
5395.02  3.03813e-15
5396.51  3.02771e-15
5398     3.01613e-15
5399.49  3.00343e-15
5400.98  2.98986e-15
5402.46  2.97589e-15
5403.95  2.96213e-15
5405.44  2.94921e-15
5406.93  2.93769e-15
5408.42  2.92789e-15
5409.91  2.91981e-15
5411.4   2.91311e-15
5412.89  2.90711e-15
5414.38  2.9009e-15
5415.87  2.89348e-15
5417.36  2.88391e-15
5418.84  2.87152e-15
5420.33  2.856e-15
5421.82  2.83749e-15
5423.31  2.8166e-15
5424.8   2.79431e-15
5426.29  2.77181e-15
5427.78  2.75037e-15
5429.27  2.73109e-15
5430.76  2.71478e-15
5432.25  2.70184e-15
5433.74  2.69219e-15
5435.23  2.68533e-15
5436.71  2.68042e-15
5438.2   2.67642e-15
5439.69  2.67231e-15
5441.18  2.66717e-15
5442.67  2.6604e-15
5444.16  2.65175e-15
5445.65  2.64134e-15
5447.14  2.62966e-15
5448.63  2.61748e-15
5450.12  2.60567e-15
5451.61  2.59514e-15
5453.09  2.58667e-15
5454.58  2.58081e-15
5456.07  2.57781e-15
5457.56  2.57762e-15
5459.05  2.57989e-15
5460.54  2.58404e-15
5462.03  2.5894e-15
5463.52  2.59528e-15
5465.01  2.60109e-15
5466.5   2.60645e-15
5467.99  2.61125e-15
5469.47  2.61568e-15
5470.96  2.62017e-15
5472.45  2.62535e-15
5473.94  2.63195e-15
5475.43  2.64068e-15
5476.92  2.6521e-15
5478.41  2.66651e-15
5479.9   2.68395e-15
5481.39  2.70409e-15
5482.88  2.72635e-15
5484.37  2.74993e-15
5485.85  2.77391e-15
5487.34  2.79743e-15
5488.83  2.81977e-15
5490.32  2.84045e-15
5491.81  2.85931e-15
5493.3   2.87652e-15
5494.79  2.89254e-15
5496.28  2.90803e-15
5497.77  2.92376e-15
5499.26  2.9405e-15
5500.75  2.95889e-15
5502.23  2.97934e-15
5503.72  3.00198e-15
5505.21  3.02667e-15
5506.7   3.05296e-15
5508.19  3.08017e-15
5509.68  3.1075e-15
5511.17  3.13411e-15
5512.66  3.15923e-15
5514.15  3.18228e-15
5515.64  3.20296e-15
5517.13  3.22128e-15
5518.61  3.23756e-15
5520.1   3.25243e-15
5521.59  3.2667e-15
5523.08  3.28125e-15
5524.57  3.2969e-15
5526.06  3.31426e-15
5527.55  3.3336e-15
5529.04  3.35484e-15
5530.53  3.37749e-15
5532.02  3.40075e-15
5533.51  3.42364e-15
5534.99  3.44513e-15
5536.48  3.46437e-15
5537.97  3.48078e-15
5539.46  3.49423e-15
5540.95  3.50501e-15
5542.44  3.5138e-15
5543.93  3.52156e-15
5545.42  3.52937e-15
5546.91  3.5382e-15
5548.4   3.54876e-15
5549.89  3.56135e-15
5551.38  3.57582e-15
5552.86  3.59158e-15
5554.35  3.60769e-15
5555.84  3.62305e-15
5557.33  3.63652e-15
5558.82  3.64715e-15
5560.31  3.65433e-15
5561.8   3.65783e-15
5563.29  3.65784e-15
5564.78  3.65493e-15
5566.27  3.64993e-15
5567.76  3.64379e-15
5569.24  3.63742e-15
5570.73  3.63156e-15
5572.22  3.6267e-15
5573.71  3.623e-15
5575.2   3.62031e-15
5576.69  3.61822e-15
5578.18  3.6162e-15
5579.67  3.61366e-15
5581.16  3.61009e-15
5582.65  3.60521e-15
5584.14  3.59896e-15
5585.62  3.59157e-15
5587.11  3.58353e-15
5588.6   3.5755e-15
5590.09  3.56822e-15
5591.58  3.56241e-15
5593.07  3.55866e-15
5594.56  3.55734e-15
5596.05  3.55859e-15
5597.54  3.56227e-15
5599.03  3.56802e-15
5600.52  3.57535e-15
5602     3.58366e-15
5603.49  3.59235e-15
5604.98  3.60092e-15
5606.47  3.60898e-15
5607.96  3.61629e-15
5609.45  3.62277e-15
5610.94  3.62845e-15
5612.43  3.6334e-15
5613.92  3.63775e-15
5615.41  3.64156e-15
5616.9   3.64483e-15
5618.38  3.64749e-15
5619.87  3.64937e-15
5621.36  3.65027e-15
5622.85  3.64999e-15
5624.34  3.64837e-15
5625.83  3.64536e-15
5627.32  3.64103e-15
5628.81  3.63563e-15
5630.3   3.62951e-15
5631.79  3.62319e-15
5633.28  3.61721e-15
5634.76  3.61215e-15
5636.25  3.60851e-15
5637.74  3.60667e-15
5639.23  3.60682e-15
5640.72  3.60894e-15
5642.21  3.61275e-15
5643.7   3.61779e-15
5645.19  3.62339e-15
5646.68  3.62882e-15
5648.17  3.63331e-15
5649.66  3.6362e-15
5651.14  3.63703e-15
5652.63  3.63557e-15
5654.12  3.63187e-15
5655.61  3.62628e-15
5657.1   3.61937e-15
5658.59  3.61187e-15
5660.08  3.60457e-15
5661.57  3.59819e-15
5663.06  3.59328e-15
5664.55  3.5902e-15
5666.04  3.589e-15
5667.53  3.58946e-15
5669.01  3.59117e-15
5670.5   3.59352e-15
5671.99  3.59584e-15
5673.48  3.59749e-15
5674.97  3.59792e-15
5676.46  3.59675e-15
5677.95  3.59377e-15
5679.44  3.58898e-15
5680.93  3.58254e-15
5682.42  3.5747e-15
5683.91  3.5658e-15
5685.39  3.55618e-15
5686.88  3.54611e-15
5688.37  3.5358e-15
5689.86  3.52534e-15
5691.35  3.51473e-15
5692.84  3.50387e-15
5694.33  3.49261e-15
5695.82  3.48079e-15
5697.31  3.46828e-15
5698.8   3.45502e-15
5700.29  3.44108e-15
5701.77  3.42664e-15
5703.26  3.41204e-15
5704.75  3.39773e-15
5706.24  3.38422e-15
5707.73  3.37205e-15
5709.22  3.36171e-15
5710.71  3.35356e-15
5712.2   3.34779e-15
5713.69  3.34438e-15
5715.18  3.34307e-15
5716.67  3.34339e-15
5718.15  3.34469e-15
5719.64  3.34624e-15
5721.13  3.34727e-15
5722.62  3.34709e-15
5724.11  3.34516e-15
5725.6   3.34116e-15
5727.09  3.33506e-15
5728.58  3.32711e-15
5730.07  3.31783e-15
5731.56  3.30794e-15
5733.05  3.29829e-15
5734.53  3.28972e-15
5736.02  3.28295e-15
5737.51  3.27844e-15
5739     3.27637e-15
5740.49  3.2765e-15
5741.98  3.27829e-15
5743.47  3.2809e-15
5744.96  3.28337e-15
5746.45  3.28472e-15
5747.94  3.28417e-15
5749.43  3.28124e-15
5750.91  3.27584e-15
5752.4   3.2683e-15
5753.89  3.25932e-15
5755.38  3.24987e-15
5756.87  3.24099e-15
5758.36  3.23365e-15
5759.85  3.22856e-15
5761.34  3.22603e-15
5762.83  3.22592e-15
5764.32  3.22767e-15
5765.81  3.23037e-15
5767.29  3.23294e-15
5768.78  3.23433e-15
5770.27  3.2337e-15
5771.76  3.2306e-15
5773.25  3.22507e-15
5774.74  3.21766e-15
5776.23  3.20934e-15
5777.72  3.20139e-15
5779.21  3.19517e-15
5780.7   3.19194e-15
5782.19  3.1926e-15
5783.68  3.19761e-15
5785.16  3.2069e-15
5786.65  3.2199e-15
5788.14  3.23559e-15
5789.63  3.25276e-15
5791.12  3.27008e-15
5792.61  3.2864e-15
5794.1   3.30083e-15
5795.59  3.31283e-15
5797.08  3.32231e-15
5798.57  3.32951e-15
5800.06  3.33494e-15
5801.54  3.33928e-15
5803.03  3.34321e-15
5804.52  3.3473e-15
5806.01  3.35196e-15
5807.5   3.35737e-15
5808.99  3.36352e-15
5810.48  3.37023e-15
5811.97  3.37725e-15
5813.46  3.38434e-15
5814.95  3.39131e-15
5816.44  3.39814e-15
5817.92  3.40491e-15
5819.41  3.41182e-15
5820.9   3.41908e-15
5822.39  3.42683e-15
5823.88  3.43504e-15
5825.37  3.44339e-15
5826.86  3.45125e-15
5828.35  3.45766e-15
5829.84  3.46141e-15
5831.33  3.46122e-15
5832.82  3.45588e-15
5834.3   3.44454e-15
5835.79  3.42689e-15
5837.28  3.40332e-15
5838.77  3.37499e-15
5840.26  3.34377e-15
5841.75  3.3121e-15
5843.24  3.28266e-15
5844.73  3.25803e-15
5846.22  3.24039e-15
5847.71  3.23113e-15
5849.2   3.23072e-15
5850.68  3.23864e-15
5852.17  3.25351e-15
5853.66  3.27333e-15
5855.15  3.29587e-15
5856.64  3.31904e-15
5858.13  3.34122e-15
5859.62  3.36152e-15
5861.11  3.37983e-15
5862.6   3.39673e-15
5864.09  3.41325e-15
5865.58  3.43045e-15
5867.06  3.44913e-15
5868.55  3.46942e-15
5870.04  3.49059e-15
5871.53  3.51106e-15
5873.02  3.52847e-15
5874.51  3.54009e-15
5876     3.54322e-15
5877.49  3.53568e-15
5878.98  3.51628e-15
5880.47  3.48513e-15
5881.96  3.44379e-15
5883.44  3.39519e-15
5884.93  3.34335e-15
5886.42  3.29295e-15
5887.91  3.2487e-15
5889.4   3.21482e-15
5890.89  3.19447e-15
5892.38  3.18933e-15
5893.87  3.19948e-15
5895.36  3.22336e-15
5896.85  3.25806e-15
5898.34  3.29971e-15
5899.83  3.34405e-15
5901.31  3.38693e-15
5902.8   3.42486e-15
5904.29  3.45537e-15
5905.78  3.47719e-15
5907.27  3.49028e-15
5908.76  3.49565e-15
5910.25  3.49505e-15
5911.74  3.49062e-15
5913.23  3.48449e-15
5914.72  3.47846e-15
5916.21  3.47377e-15
5917.69  3.47101e-15
5919.18  3.47015e-15
5920.67  3.47066e-15
5922.16  3.47171e-15
5923.65  3.47242e-15
5925.14  3.47198e-15
5926.63  3.46988e-15
5928.12  3.46589e-15
5929.61  3.46012e-15
5931.1   3.45292e-15
5932.59  3.44478e-15
5934.07  3.43624e-15
5935.56  3.42779e-15
5937.05  3.41977e-15
5938.54  3.41242e-15
5940.03  3.40583e-15
5941.52  3.40002e-15
5943.01  3.39497e-15
5944.5   3.39071e-15
5945.99  3.3873e-15
5947.48  3.38488e-15
5948.97  3.38363e-15
5950.45  3.38376e-15
5951.94  3.38544e-15
5953.43  3.38871e-15
5954.92  3.39351e-15
5956.41  3.3996e-15
5957.9   3.40657e-15
5959.39  3.41388e-15
5960.88  3.4209e-15
5962.37  3.42698e-15
5963.86  3.43159e-15
5965.35  3.43434e-15
5966.83  3.43507e-15
5968.32  3.43392e-15
5969.81  3.4313e-15
5971.3   3.42788e-15
5972.79  3.42444e-15
5974.28  3.42184e-15
5975.77  3.42081e-15
5977.26  3.42187e-15
5978.75  3.42521e-15
5980.24  3.43059e-15
5981.73  3.43742e-15
5983.21  3.44474e-15
5984.7   3.4514e-15
5986.19  3.45619e-15
5987.68  3.45805e-15
5989.17  3.45615e-15
5990.66  3.45013e-15
5992.15  3.44003e-15
5993.64  3.4264e-15
5995.13  3.41013e-15
5996.62  3.39238e-15
5998.11  3.37439e-15
5999.59  3.35732e-15
6001.08  3.3421e-15
6002.57  3.32933e-15
6004.06  3.3192e-15
6005.55  3.31155e-15
6007.04  3.30584e-15
6008.53  3.30131e-15
6010.02  3.29705e-15
6011.51  3.29209e-15
6013     3.28554e-15
6014.49  3.27662e-15
6015.98  3.26472e-15
6017.46  3.2494e-15
6018.95  3.23041e-15
6020.44  3.20766e-15
6021.93  3.18122e-15
6023.42  3.1513e-15
6024.91  3.11826e-15
6026.4   3.08255e-15
6027.89  3.04475e-15
6029.38  3.00549e-15
6030.87  2.9654e-15
6032.36  2.92509e-15
6033.84  2.88503e-15
6035.33  2.84553e-15
6036.82  2.80668e-15
6038.31  2.76834e-15
6039.8   2.7302e-15
6041.29  2.69185e-15
6042.78  2.65284e-15
6044.27  2.61286e-15
6045.76  2.57176e-15
6047.25  2.52968e-15
6048.74  2.48706e-15
6050.22  2.44456e-15
6051.71  2.40302e-15
6053.2   2.36331e-15
6054.69  2.32618e-15
6056.18  2.29213e-15
6057.67  2.26134e-15
6059.16  2.23358e-15
6060.65  2.20825e-15
6062.14  2.18446e-15
6063.63  2.16115e-15
6065.12  2.13726e-15
6066.6   2.11188e-15
6068.09  2.08439e-15
6069.58  2.05457e-15
6071.07  2.02263e-15
6072.56  1.98921e-15
6074.05  1.9553e-15
6075.54  1.92212e-15
6077.03  1.89094e-15
6078.52  1.86293e-15
6080.01  1.83899e-15
6081.5   1.81959e-15
6082.98  1.80477e-15
6084.47  1.79403e-15
6085.96  1.78646e-15
6087.45  1.78086e-15
6088.94  1.77586e-15
6090.43  1.77014e-15
6091.92  1.76264e-15
6093.41  1.75262e-15
6094.9   1.73985e-15
6096.39  1.72456e-15
6097.88  1.70738e-15
6099.36  1.68927e-15
6100.85  1.6713e-15
6102.34  1.65449e-15
6103.83  1.63966e-15
6105.32  1.62731e-15
6106.81  1.61754e-15
6108.3   1.61011e-15
6109.79  1.60448e-15
6111.28  1.59997e-15
6112.77  1.5959e-15
6114.26  1.59173e-15
6115.74  1.58715e-15
6117.23  1.58218e-15
6118.72  1.5771e-15
6120.21  1.57245e-15
6121.7   1.56884e-15
6123.19  1.56689e-15
6124.68  1.56707e-15
6126.17  1.56963e-15
6127.66  1.57451e-15
6129.15  1.58142e-15
6130.64  1.58983e-15
6132.13  1.59914e-15
6133.61  1.60874e-15
6135.1   1.61816e-15
6136.59  1.62716e-15
6138.08  1.63577e-15
6139.57  1.64427e-15
6141.06  1.65315e-15
6142.55  1.66298e-15
6144.04  1.67432e-15
6145.53  1.68757e-15
6147.02  1.70286e-15
6148.51  1.72004e-15
6149.99  1.73863e-15
6151.48  1.75786e-15
6152.97  1.77683e-15
6154.46  1.79462e-15
6155.95  1.81041e-15
6157.44  1.82366e-15
6158.93  1.83418e-15
6160.42  1.84222e-15
6161.91  1.84842e-15
6163.4   1.85379e-15
6164.89  1.85956e-15
6166.37  1.86705e-15
6167.86  1.87751e-15
6169.35  1.89193e-15
6170.84  1.91092e-15
6172.33  1.93463e-15
6173.82  1.96273e-15
6175.31  1.9944e-15
6176.8   2.02845e-15
6178.29  2.06347e-15
6179.78  2.09797e-15
6181.27  2.13059e-15
6182.75  2.16024e-15
6184.24  2.18621e-15
6185.73  2.20829e-15
6187.22  2.22672e-15
6188.71  2.2422e-15
6190.2   2.25574e-15
6191.69  2.26855e-15
6193.18  2.28185e-15
6194.67  2.29677e-15
6196.16  2.31415e-15
6197.65  2.3345e-15
6199.13  2.35793e-15
6200.62  2.38419e-15
6202.11  2.41268e-15
6203.6   2.44262e-15
6205.09  2.47308e-15
6206.58  2.50319e-15
6208.07  2.5322e-15
6209.56  2.55957e-15
6211.05  2.58502e-15
6212.54  2.60855e-15
6214.03  2.63037e-15
6215.51  2.65088e-15
6217     2.67051e-15
6218.49  2.68972e-15
6219.98  2.70885e-15
6221.47  2.72807e-15
6222.96  2.74739e-15
6224.45  2.76663e-15
6225.94  2.78548e-15
6227.43  2.80356e-15
6228.92  2.8205e-15
6230.41  2.83604e-15
6231.89  2.85007e-15
6233.38  2.86268e-15
6234.87  2.87417e-15
6236.36  2.88503e-15
6237.85  2.89582e-15
6239.34  2.90715e-15
6240.83  2.91952e-15
6242.32  2.93326e-15
6243.81  2.94846e-15
6245.3   2.96495e-15
6246.79  2.98232e-15
6248.28  2.99999e-15
6249.76  3.01733e-15
6251.25  3.03375e-15
6252.74  3.04885e-15
6254.23  3.0625e-15
6255.72  3.07484e-15
6257.21  3.08629e-15
6258.7   3.09744e-15
6260.19  3.10894e-15
6261.68  3.12133e-15
6263.17  3.13493e-15
6264.66  3.1497e-15
6266.14  3.16522e-15
6267.63  3.18074e-15
6269.12  3.19528e-15
6270.61  3.20776e-15
6272.1   3.21725e-15
6273.59  3.22312e-15
6275.08  3.22519e-15
6276.57  3.22384e-15
6278.06  3.21994e-15
6279.55  3.21484e-15
6281.04  3.21013e-15
6282.52  3.20746e-15
6284.01  3.20829e-15
6285.5   3.21372e-15
6286.99  3.22427e-15
6288.48  3.23986e-15
6289.97  3.25981e-15
6291.46  3.28294e-15
6292.95  3.30774e-15
6294.44  3.33256e-15
6295.93  3.35585e-15
6297.42  3.3763e-15
6298.9   3.39299e-15
6300.39  3.40542e-15
6301.88  3.41354e-15
6303.37  3.41765e-15
6304.86  3.41828e-15
6306.35  3.41609e-15
6307.84  3.41176e-15
6309.33  3.40586e-15
6310.82  3.39887e-15
6312.31  3.39108e-15
6313.8   3.38271e-15
6315.28  3.3739e-15
6316.77  3.36483e-15
6318.26  3.35568e-15
6319.75  3.34679e-15
6321.24  3.33853e-15
6322.73  3.33139e-15
6324.22  3.32583e-15
6325.71  3.32228e-15
6327.2   3.32099e-15
6328.69  3.32204e-15
6330.18  3.32525e-15
6331.66  3.33017e-15
6333.15  3.33614e-15
6334.64  3.34234e-15
6336.13  3.34789e-15
6337.62  3.35194e-15
6339.11  3.35381e-15
6340.6   3.35306e-15
6342.09  3.34953e-15
6343.58  3.34341e-15
6345.07  3.33516e-15
6346.56  3.32549e-15
6348.05  3.31527e-15
6349.53  3.30544e-15
6351.02  3.29687e-15
6352.51  3.29031e-15
6354     3.28629e-15
6355.49  3.28505e-15
6356.98  3.28655e-15
6358.47  3.29045e-15
6359.96  3.29614e-15
6361.45  3.30286e-15
6362.94  3.30971e-15
6364.43  3.31581e-15
6365.91  3.32038e-15
6367.4   3.32286e-15
6368.89  3.32294e-15
6370.38  3.32063e-15
6371.87  3.31624e-15
6373.36  3.31034e-15
6374.85  3.30366e-15
6376.34  3.29698e-15
6377.83  3.29103e-15
6379.32  3.28635e-15
6380.81  3.28322e-15
6382.29  3.2816e-15
6383.78  3.28114e-15
6385.27  3.28125e-15
6386.76  3.28115e-15
6388.25  3.28006e-15
6389.74  3.27728e-15
6391.23  3.27233e-15
6392.72  3.26505e-15
6394.21  3.25562e-15
6395.7   3.24455e-15
6397.19  3.23263e-15
6398.67  3.2208e-15
6400.16  3.21e-15
6401.65  3.20108e-15
6403.14  3.19463e-15
6404.63  3.1909e-15
6406.12  3.18981e-15
6407.61  3.19093e-15
6409.1   3.19356e-15
6410.59  3.19685e-15
6412.08  3.19989e-15
6413.57  3.20188e-15
6415.05  3.20216e-15
6416.54  3.20034e-15
6418.03  3.19627e-15
6419.52  3.19009e-15
6421.01  3.18212e-15
6422.5   3.17282e-15
6423.99  3.16273e-15
6425.48  3.15236e-15
6426.97  3.14219e-15
6428.46  3.13255e-15
6429.95  3.12369e-15
6431.43  3.11573e-15
6432.92  3.10872e-15
6434.41  3.10263e-15
6435.9   3.09741e-15
6437.39  3.09299e-15
6438.88  3.08931e-15
6440.37  3.08628e-15
6441.86  3.08381e-15
6443.35  3.08176e-15
6444.84  3.07994e-15
6446.33  3.07809e-15
6447.81  3.07587e-15
6449.3   3.07294e-15
6450.79  3.06896e-15
6452.28  3.06363e-15
6453.77  3.05681e-15
6455.26  3.04853e-15
6456.75  3.039e-15
6458.24  3.02867e-15
6459.73  3.01813e-15
6461.22  3.00807e-15
6462.71  2.9992e-15
6464.2   2.99212e-15
6465.68  2.98724e-15
6467.17  2.98472e-15
6468.66  2.98441e-15
6470.15  2.98588e-15
6471.64  2.9885e-15
6473.13  2.99146e-15
6474.62  2.99397e-15
6476.11  2.99531e-15
6477.6   2.99496e-15
6479.09  2.99266e-15
6480.58  2.98842e-15
6482.06  2.98252e-15
6483.55  2.97541e-15
6485.04  2.96759e-15
6486.53  2.95957e-15
6488.02  2.95169e-15
6489.51  2.94411e-15
6491     2.93676e-15
6492.49  2.92944e-15
6493.98  2.92185e-15
6495.47  2.91379e-15
6496.96  2.90524e-15
6498.44  2.89653e-15
6499.93  2.8883e-15
6501.42  2.88154e-15
6502.91  2.87735e-15
6504.4   2.87679e-15
6505.89  2.88055e-15
6507.38  2.88867e-15
6508.87  2.90037e-15
6510.36  2.91395e-15
6511.85  2.92693e-15
6513.34  2.93633e-15
6514.82  2.93915e-15
6516.31  2.93299e-15
6517.8   2.91664e-15
6519.29  2.89057e-15
6520.78  2.85717e-15
6522.27  2.82068e-15
6523.76  2.7867e-15
6525.25  2.76137e-15
6526.74  2.75024e-15
6528.23  2.75713e-15
6529.72  2.783e-15
6531.2   2.82537e-15
6532.69  2.87814e-15
6534.18  2.93228e-15
6535.67  2.97716e-15
6537.16  3.00252e-15
6538.65  3.00065e-15
6540.14  2.96859e-15
6541.63  2.90965e-15
6543.12  2.83414e-15
6544.61  2.75864e-15
6546.1   2.7041e-15
6547.58  2.69272e-15
6549.07  2.74401e-15
6550.56  2.87079e-15
6552.05  3.07589e-15
6553.54  3.35006e-15
6555.03  3.67189e-15
6556.52  4.00984e-15
6558.01  4.32619e-15
6559.5   4.5825e-15
6560.99  4.74556e-15
6562.48  4.79288e-15
6563.96  4.71669e-15
6565.45  4.52564e-15
6566.94  4.24381e-15
6568.43  3.90721e-15
6569.92  3.55827e-15
6571.41  3.23927e-15
6572.9   2.98594e-15
6574.39  2.82222e-15
6575.88  2.75714e-15
6577.37  2.78425e-15
6578.86  2.88358e-15
6580.35  3.02576e-15
6581.83  3.17736e-15
6583.32  3.30655e-15
6584.81  3.3881e-15
6586.3   3.40689e-15
6587.79  3.35942e-15
6589.28  3.25328e-15
6590.77  3.1049e-15
6592.26  2.93595e-15
6593.75  2.76935e-15
6595.24  2.62537e-15
6596.73  2.51874e-15
6598.21  2.45687e-15
6599.7   2.43957e-15
6601.19  2.46001e-15
6602.68  2.50669e-15
6604.17  2.5659e-15
6605.66  2.62424e-15
6607.15  2.67074e-15
6608.64  2.69832e-15
6610.13  2.70431e-15
6611.62  2.69028e-15
6613.11  2.6611e-15
6614.59  2.62359e-15
6616.08  2.58503e-15
6617.57  2.55187e-15
6619.06  2.52866e-15
6620.55  2.51759e-15
6622.04  2.51837e-15
6623.53  2.52867e-15
6625.02  2.54478e-15
6626.51  2.56243e-15
6628     2.57763e-15
6629.49  2.58726e-15
6630.97  2.58958e-15
6632.46  2.58423e-15
6633.95  2.57222e-15
6635.44  2.55548e-15
6636.93  2.53648e-15
6638.42  2.51771e-15
6639.91  2.50128e-15
6641.4   2.48859e-15
6642.89  2.4802e-15
6644.38  2.47588e-15
6645.87  2.47473e-15
6647.35  2.47547e-15
6648.84  2.47673e-15
6650.33  2.4773e-15
6651.82  2.47638e-15
6653.31  2.4737e-15
6654.8   2.46951e-15
6656.29  2.4645e-15
6657.78  2.45963e-15
6659.27  2.45592e-15
6660.76  2.45421e-15
6662.25  2.455e-15
6663.73  2.45835e-15
6665.22  2.4638e-15
6666.71  2.47052e-15
6668.2   2.47741e-15
6669.69  2.48332e-15
6671.18  2.48727e-15
6672.67  2.48862e-15
6674.16  2.48723e-15
6675.65  2.48347e-15
6677.14  2.47811e-15
6678.63  2.47222e-15
6680.11  2.46687e-15
6681.6   2.4629e-15
6683.09  2.46066e-15
6684.58  2.45994e-15
6686.07  2.45986e-15
6687.56  2.45907e-15
6689.05  2.45603e-15
6690.54  2.4493e-15
6692.03  2.43799e-15
6693.52  2.42212e-15
6695.01  2.40276e-15
6696.5   2.38215e-15
6697.98  2.36341e-15
6699.47  2.3502e-15
6700.96  2.34609e-15
6702.45  2.35401e-15
6703.94  2.37555e-15
6705.43  2.41068e-15
6706.92  2.45747e-15
6708.41  2.51235e-15
6709.9   2.5705e-15
6711.39  2.62658e-15
6712.88  2.67552e-15
6714.36  2.71326e-15
6715.85  2.73737e-15
6717.34  2.74733e-15
6718.83  2.74441e-15
6720.32  2.73135e-15
6721.81  2.71162e-15
6723.3   2.68877e-15
6724.79  2.66564e-15
6726.28  2.64396e-15
6727.77  2.62409e-15
6729.26  2.60514e-15
6730.74  2.5854e-15
6732.23  2.56289e-15
6733.72  2.53596e-15
6735.21  2.50379e-15
6736.7   2.4667e-15
6738.19  2.42612e-15
6739.68  2.38445e-15
6741.17  2.34455e-15
6742.66  2.30925e-15
6744.15  2.28086e-15
6745.64  2.26074e-15
6747.12  2.24911e-15
6748.61  2.24506e-15
6750.1   2.24677e-15
6751.59  2.25185e-15
6753.08  2.2578e-15
6754.57  2.26239e-15
6756.06  2.26406e-15
6757.55  2.26205e-15
6759.04  2.25651e-15
6760.53  2.24832e-15
6762.02  2.23888e-15
6763.5   2.22982e-15
6764.99  2.22268e-15
6766.48  2.21862e-15
6767.97  2.21823e-15
6769.46  2.22146e-15
6770.95  2.22763e-15
6772.44  2.2356e-15
6773.93  2.2439e-15
6775.42  2.25101e-15
6776.91  2.25561e-15
6778.4   2.25673e-15
6779.88  2.25393e-15
6781.37  2.24732e-15
6782.86  2.23758e-15
6784.35  2.2258e-15
6785.84  2.2134e-15
6787.33  2.20188e-15
6788.82  2.19264e-15
6790.31  2.18683e-15
6791.8   2.18519e-15
6793.29  2.18794e-15
6794.78  2.1948e-15
6796.26  2.20499e-15
6797.75  2.21737e-15
6799.24  2.23051e-15
6800.73  2.24294e-15
6802.22  2.25329e-15
6803.71  2.26044e-15
6805.2   2.26369e-15
6806.69  2.26282e-15
6808.18  2.25811e-15
6809.67  2.2503e-15
6811.16  2.24048e-15
6812.65  2.22993e-15
6814.13  2.21992e-15
6815.62  2.21153e-15
6817.11  2.2055e-15
6818.6   2.20212e-15
6820.09  2.20123e-15
6821.58  2.20225e-15
6823.07  2.20434e-15
6824.56  2.20659e-15
6826.05  2.20815e-15
6827.54  2.20847e-15
6829.03  2.20735e-15
6830.51  2.205e-15
6832     2.20194e-15
6833.49  2.1989e-15
6834.98  2.19664e-15
6836.47  2.19573e-15
6837.96  2.19645e-15
6839.45  2.19866e-15
6840.94  2.20184e-15
6842.43  2.20515e-15
6843.92  2.20758e-15
6845.41  2.20819e-15
6846.89  2.20628e-15
6848.38  2.20154e-15
6849.87  2.19417e-15
6851.36  2.18489e-15
6852.85  2.1748e-15
6854.34  2.16524e-15
6855.83  2.15758e-15
6857.32  2.15296e-15
6858.81  2.15211e-15
6860.3   2.15521e-15
6861.79  2.16185e-15
6863.27  2.17104e-15
6864.76  2.18139e-15
6866.25  2.19129e-15
6867.74  2.19913e-15
6869.23  2.20353e-15
6870.72  2.20356e-15
6872.21  2.19884e-15
6873.7   2.18962e-15
6875.19  2.17671e-15
6876.68  2.16137e-15
6878.17  2.14518e-15
6879.65  2.12977e-15
6881.14  2.11668e-15
6882.63  2.10712e-15
6884.12  2.10188e-15
6885.61  2.10123e-15
6887.1   2.10493e-15
6888.59  2.11226e-15
6890.08  2.12217e-15
6891.57  2.13339e-15
6893.06  2.14456e-15
6894.55  2.15444e-15
6896.03  2.16198e-15
6897.52  2.16644e-15
6899.01  2.16743e-15
6900.5   2.16495e-15
6901.99  2.15937e-15
6903.48  2.15136e-15
6904.97  2.1418e-15
6906.46  2.13175e-15
6907.95  2.12223e-15
6909.44  2.11421e-15
6910.93  2.10842e-15
6912.41  2.10533e-15
6913.9   2.10503e-15
6915.39  2.10727e-15
6916.88  2.11143e-15
6918.37  2.11666e-15
6919.86  2.12191e-15
6921.35  2.12612e-15
6922.84  2.12833e-15
6924.33  2.12779e-15
6925.82  2.12406e-15
6927.31  2.11708e-15
6928.8   2.10714e-15
6930.28  2.09486e-15
6931.77  2.08108e-15
6933.26  2.06674e-15
6934.75  2.0528e-15
6936.24  2.04006e-15
6937.73  2.02915e-15
6939.22  2.02042e-15
6940.71  2.01394e-15
6942.2   2.00959e-15
6943.69  2.00702e-15
6945.18  2.0058e-15
6946.66  2.0055e-15
6948.15  2.00569e-15
6949.64  2.00606e-15
6951.13  2.00643e-15
6952.62  2.00671e-15
6954.11  2.00696e-15
6955.6   2.00729e-15
6957.09  2.00785e-15
6958.58  2.0088e-15
6960.07  2.01025e-15
6961.56  2.01223e-15
6963.04  2.01469e-15
6964.53  2.01746e-15
6966.02  2.0203e-15
6967.51  2.02289e-15
6969     2.02488e-15
6970.49  2.02593e-15
6971.98  2.02578e-15
6973.47  2.02427e-15
6974.96  2.02139e-15
6976.45  2.01731e-15
6977.94  2.01232e-15
6979.42  2.00688e-15
6980.91  2.00152e-15
6982.4   1.9968e-15
6983.89  1.99321e-15
6985.38  1.99116e-15
6986.87  1.99085e-15
6988.36  1.99228e-15
6989.85  1.99522e-15
6991.34  1.9992e-15
6992.83  2.0036e-15
6994.32  2.00767e-15
6995.8   2.0106e-15
6997.29  2.01167e-15
6998.78  2.01029e-15
7000.27  2.00612e-15
7001.76  1.99908e-15
7003.25  1.98947e-15
7004.74  1.97788e-15
7006.23  1.96519e-15
7007.72  1.95249e-15
7009.21  1.94095e-15
7010.7   1.9317e-15
7012.18  1.92568e-15
7013.67  1.92354e-15
7015.16  1.92552e-15
7016.65  1.93143e-15
7018.14  1.94064e-15
7019.63  1.95216e-15
7021.12  1.96473e-15
7022.61  1.97702e-15
7024.1   1.98774e-15
7025.59  1.99587e-15
7027.08  2.00072e-15
7028.56  2.00207e-15
7030.05  2.00011e-15
7031.54  1.99546e-15
7033.03  1.98899e-15
7034.52  1.98169e-15
7036.01  1.97451e-15
7037.5   1.96822e-15
7038.99  1.96329e-15
7040.48  1.95981e-15
7041.97  1.95759e-15
7043.46  1.95617e-15
7044.95  1.95495e-15
7046.43  1.95335e-15
7047.92  1.95093e-15
7049.41  1.94748e-15
7050.9   1.94305e-15
7052.39  1.93799e-15
7053.88  1.93282e-15
7055.37  1.92817e-15
7056.86  1.92467e-15
7058.35  1.92278e-15
7059.84  1.92278e-15
7061.33  1.92467e-15
7062.81  1.92816e-15
7064.3   1.93278e-15
7065.79  1.9379e-15
7067.28  1.94284e-15
7068.77  1.94698e-15
7070.26  1.94982e-15
7071.75  1.95103e-15
7073.24  1.95049e-15
7074.73  1.94825e-15
7076.22  1.9445e-15
7077.71  1.93957e-15
7079.19  1.93381e-15
7080.68  1.92759e-15
7082.17  1.92128e-15
7083.66  1.91521e-15
7085.15  1.90969e-15
7086.64  1.90497e-15
7088.13  1.90129e-15
7089.62  1.89881e-15
7091.11  1.89766e-15
7092.6   1.89789e-15
7094.09  1.89946e-15
7095.57  1.90222e-15
7097.06  1.90592e-15
7098.55  1.91024e-15
7100.04  1.91477e-15
7101.53  1.9191e-15
7103.02  1.9228e-15
7104.51  1.92552e-15
7106     1.92699e-15
7107.49  1.92706e-15
7108.98  1.92574e-15
7110.47  1.92315e-15
7111.95  1.91956e-15
7113.44  1.91535e-15
7114.93  1.91094e-15
7116.42  1.9068e-15
7117.91  1.90337e-15
7119.4   1.90102e-15
7120.89  1.89998e-15
7122.38  1.90036e-15
7123.87  1.90209e-15
7125.36  1.90496e-15
7126.85  1.9086e-15
7128.33  1.91257e-15
7129.82  1.91639e-15
7131.31  1.91959e-15
7132.8   1.92174e-15
7134.29  1.92254e-15
7135.78  1.92179e-15
7137.27  1.91942e-15
7138.76  1.9155e-15
7140.25  1.91018e-15
7141.74  1.9037e-15
7143.23  1.89633e-15
7144.71  1.88839e-15
7146.2   1.88019e-15
7147.69  1.87203e-15
7149.18  1.86422e-15
7150.67  1.85702e-15
7152.16  1.85065e-15
7153.65  1.84528e-15
7155.14  1.84098e-15
7156.63  1.83774e-15
7158.12  1.83543e-15
7159.61  1.83386e-15
7161.1   1.83272e-15
7162.58  1.83174e-15
7164.07  1.83065e-15
7165.56  1.82929e-15
7167.05  1.82763e-15
7168.54  1.82583e-15
7170.03  1.82415e-15
7171.52  1.82297e-15
7173.01  1.82269e-15
7174.5   1.82362e-15
7175.99  1.82593e-15
7177.48  1.82956e-15
7178.96  1.83422e-15
7180.45  1.83939e-15
7181.94  1.8444e-15
7183.43  1.84855e-15
7184.92  1.85118e-15
7186.41  1.85183e-15
7187.9   1.85026e-15
7189.39  1.84654e-15
7190.88  1.841e-15
7192.37  1.83419e-15
7193.86  1.82677e-15
7195.34  1.81945e-15
7196.83  1.81284e-15
7198.32  1.80741e-15
7199.81  1.80343e-15
7201.3   1.80094e-15
7202.79  1.79978e-15
7204.28  1.79966e-15
7205.77  1.80018e-15
7207.26  1.80091e-15
7208.75  1.80143e-15
7210.24  1.8014e-15
7211.72  1.80056e-15
7213.21  1.79878e-15
7214.7   1.79604e-15
7216.19  1.79241e-15
7217.68  1.78809e-15
7219.17  1.78335e-15
7220.66  1.77852e-15
7222.15  1.77394e-15
7223.64  1.76997e-15
7225.13  1.76692e-15
7226.62  1.76503e-15
7228.1   1.76442e-15
7229.59  1.76513e-15
7231.08  1.76707e-15
7232.57  1.77004e-15
7234.06  1.77377e-15
7235.55  1.77796e-15
7237.04  1.7823e-15
7238.53  1.7865e-15
7240.02  1.7903e-15
7241.51  1.79352e-15
7243     1.79598e-15
7244.48  1.79756e-15
7245.97  1.79813e-15
7247.46  1.79756e-15
7248.95  1.79574e-15
7250.44  1.79257e-15
7251.93  1.788e-15
7253.42  1.78206e-15
7254.91  1.77491e-15
7256.4   1.76684e-15
7257.89  1.75828e-15
7259.38  1.7498e-15
7260.86  1.74202e-15
7262.35  1.73555e-15
7263.84  1.73095e-15
7265.33  1.72857e-15
7266.82  1.72855e-15
7268.31  1.73078e-15
7269.8   1.73489e-15
7271.29  1.74032e-15
7272.78  1.74638e-15
7274.27  1.75237e-15
7275.76  1.75766e-15
7277.25  1.7618e-15
7278.73  1.76451e-15
7280.22  1.76576e-15
7281.71  1.76568e-15
7283.2   1.76451e-15
7284.69  1.76255e-15
7286.18  1.76004e-15
7287.67  1.75711e-15
7289.16  1.75376e-15
7290.65  1.74988e-15
7292.14  1.74527e-15
7293.63  1.73973e-15
7295.11  1.73314e-15
7296.6   1.72555e-15
7298.09  1.71722e-15
7299.58  1.70859e-15
7301.07  1.70031e-15
7302.56  1.69308e-15
7304.05  1.68759e-15
7305.54  1.68435e-15
7307.03  1.6836e-15
7308.52  1.68522e-15
7310.01  1.68876e-15
7311.49  1.6934e-15
7312.98  1.69815e-15
7314.47  1.70192e-15
7315.96  1.70374e-15
7317.45  1.70288e-15
7318.94  1.69898e-15
7320.43  1.69209e-15
7321.92  1.68267e-15
7323.41  1.67153e-15
7324.9   1.65965e-15
7326.39  1.64811e-15
7327.87  1.63785e-15
7329.36  1.6296e-15
7330.85  1.6238e-15
7332.34  1.62054e-15
7333.83  1.61959e-15
7335.32  1.62048e-15
7336.81  1.62255e-15
7338.3   1.6251e-15
7339.79  1.62743e-15
7341.28  1.62893e-15
7342.77  1.62913e-15
7344.25  1.62769e-15
7345.74  1.62443e-15
7347.23  1.61929e-15
7348.72  1.61237e-15
7350.21  1.60387e-15
7351.7   1.59412e-15
7353.19  1.58359e-15
7354.68  1.57285e-15
7356.17  1.5626e-15
7357.66  1.5536e-15
7359.15  1.54661e-15
7360.63  1.54231e-15
7362.12  1.54121e-15
7363.61  1.54357e-15
7365.1   1.54933e-15
7366.59  1.55803e-15
7368.08  1.56892e-15
7369.57  1.58089e-15
7371.06  1.59266e-15
7372.55  1.6029e-15
7374.04  1.61033e-15
7375.53  1.6139e-15
7377.02  1.61294e-15
7378.5   1.60719e-15
7379.99  1.59687e-15
7381.48  1.58264e-15
7382.97  1.56554e-15
7384.46  1.54687e-15
7385.95  1.52804e-15
7387.44  1.51043e-15
7388.93  1.49522e-15
7390.42  1.4833e-15
7391.91  1.47517e-15
7393.4   1.47091e-15
7394.88  1.47021e-15
7396.37  1.47242e-15
7397.86  1.47661e-15
7399.35  1.48173e-15
7400.84  1.48671e-15
7402.33  1.49056e-15
7403.82  1.4925e-15
7405.31  1.49199e-15
7406.8   1.48879e-15
7408.29  1.48294e-15
7409.78  1.47476e-15
7411.26  1.46473e-15
7412.75  1.45345e-15
7414.24  1.44157e-15
7415.73  1.42967e-15
7417.22  1.4182e-15
7418.71  1.40751e-15
7420.2   1.39775e-15
7421.69  1.38898e-15
7423.18  1.38114e-15
7424.67  1.37417e-15
7426.16  1.36801e-15
7427.64  1.36269e-15
7429.13  1.35833e-15
7430.62  1.35513e-15
7432.11  1.35336e-15
7433.6   1.35328e-15
7435.09  1.35506e-15
7436.58  1.35876e-15
7438.07  1.36418e-15
7439.56  1.37092e-15
7441.05  1.37833e-15
7442.54  1.3856e-15
7444.02  1.39182e-15
7445.51  1.39617e-15
7447     1.39797e-15
7448.49  1.39686e-15
7449.98  1.39284e-15
7451.47  1.3863e-15
7452.96  1.37795e-15
7454.45  1.36874e-15
7455.94  1.35971e-15
7457.43  1.35179e-15
7458.92  1.3457e-15
7460.4   1.34183e-15
7461.89  1.34023e-15
7463.38  1.34063e-15
7464.87  1.34251e-15
7466.36  1.34525e-15
7467.85  1.34828e-15
7469.34  1.35111e-15
7470.83  1.35344e-15
7472.32  1.35515e-15
7473.81  1.35628e-15
7475.3   1.35693e-15
7476.78  1.35727e-15
7478.27  1.35741e-15
7479.76  1.35747e-15
7481.25  1.35748e-15
7482.74  1.35748e-15
7484.23  1.35749e-15
7485.72  1.35749e-15