3708.9   2.13105e-16
3710.4   2.19464e-16
3711.89  2.26191e-16
3713.39  2.32717e-16
3714.89  2.38473e-16
3716.38  2.4296e-16
3717.88  2.45826e-16
3719.37  2.46905e-16
3720.87  2.46239e-16
3722.36  2.44064e-16
3723.86  2.40769e-16
3725.35  2.36832e-16
3726.85  2.32751e-16
3728.34  2.28969e-16
3729.84  2.25823e-16
3731.34  2.23505e-16
3732.83  2.22054e-16
3734.33  2.2137e-16
3735.82  2.21247e-16
3737.32  2.21424e-16
3738.81  2.21632e-16
3740.31  2.21644e-16
3741.8   2.213e-16
3743.3   2.20533e-16
3744.8   2.19356e-16
3746.29  2.17851e-16
3747.79  2.16137e-16
3749.28  2.14332e-16
3750.78  2.12518e-16
3752.27  2.1072e-16
3753.77  2.0889e-16
3755.26  2.06913e-16
3756.76  2.04623e-16
3758.26  2.01841e-16
3759.75  1.98406e-16
3761.25  1.94219e-16
3762.74  1.89268e-16
3764.24  1.83642e-16
3765.73  1.77528e-16
3767.23  1.71191e-16
3768.72  1.64934e-16
3770.22  1.59057e-16
3771.72  1.53811e-16
3773.21  1.49361e-16
3774.71  1.45768e-16
3776.2   1.42979e-16
3777.7   1.4085e-16
3779.19  1.39166e-16
3780.69  1.37688e-16
3782.18  1.36187e-16
3783.68  1.34483e-16
3785.17  1.32463e-16
3786.67  1.30093e-16
3788.17  1.27414e-16
3789.66  1.24521e-16
3791.16  1.21542e-16
3792.65  1.18614e-16
3794.15  1.15856e-16
3795.64  1.13362e-16
3797.14  1.11188e-16
3798.63  1.09363e-16
3800.13  1.0789e-16
3801.63  1.06762e-16
3803.12  1.05964e-16
3804.62  1.05479e-16
3806.11  1.05286e-16
3807.61  1.05351e-16
3809.1   1.05625e-16
3810.6   1.06036e-16
3812.09  1.06491e-16
3813.59  1.06893e-16
3815.09  1.07153e-16
3816.58  1.07213e-16
3818.08  1.07073e-16
3819.57  1.06802e-16
3821.07  1.06541e-16
3822.56  1.06493e-16
3824.06  1.069e-16
3825.55  1.08001e-16
3827.05  1.09993e-16
3828.54  1.12995e-16
3830.04  1.17017e-16
3831.54  1.21956e-16
3833.03  1.27604e-16
3834.53  1.33679e-16
3836.02  1.39872e-16
3837.52  1.45892e-16
3839.01  1.51519e-16
3840.51  1.56635e-16
3842     1.61236e-16
3843.5   1.65432e-16
3845     1.69414e-16
3846.49  1.73411e-16
3847.99  1.77645e-16
3849.48  1.82281e-16
3850.98  1.87395e-16
3852.47  1.92958e-16
3853.97  1.9885e-16
3855.46  2.04877e-16
3856.96  2.10822e-16
3858.46  2.16484e-16
3859.95  2.21721e-16
3861.45  2.26476e-16
3862.94  2.30785e-16
3864.44  2.34763e-16
3865.93  2.38579e-16
3867.43  2.42412e-16
3868.92  2.46414e-16
3870.42  2.50677e-16
3871.92  2.55215e-16
3873.41  2.59964e-16
3874.91  2.64799e-16
3876.4   2.69561e-16
3877.9   2.74099e-16
3879.39  2.78297e-16
3880.89  2.82106e-16
3882.38  2.85553e-16
3883.88  2.8874e-16
3885.37  2.91827e-16
3886.87  2.95002e-16
3888.37  2.98452e-16
3889.86  3.02325e-16
3891.36  3.06706e-16
3892.85  3.11603e-16
3894.35  3.16939e-16
3895.84  3.22564e-16
3897.34  3.28276e-16
3898.83  3.33843e-16
3900.33  3.3904e-16
3901.83  3.43676e-16
3903.32  3.47616e-16
3904.82  3.50799e-16
3906.31  3.53244e-16
3907.81  3.55041e-16
3909.3   3.56341e-16
3910.8   3.57331e-16
3912.29  3.5821e-16
3913.79  3.59163e-16
3915.29  3.60342e-16
3916.78  3.61853e-16
3918.28  3.6375e-16
3919.77  3.66039e-16
3921.27  3.68695e-16
3922.76  3.71671e-16
3924.26  3.74923e-16
3925.75  3.78418e-16
3927.25  3.82141e-16
3928.75  3.86095e-16
3930.24  3.9029e-16
3931.74  3.94728e-16
3933.23  3.99386e-16
3934.73  4.04203e-16
3936.22  4.09072e-16
3937.72  4.13844e-16
3939.21  4.18344e-16
3940.71  4.22394e-16
3942.2   4.25839e-16
3943.7   4.28579e-16
3945.2   4.30589e-16
3946.69  4.31936e-16
3948.19  4.32775e-16
3949.68  4.33337e-16
3951.18  4.33899e-16
3952.67  4.34752e-16
3954.17  4.36153e-16
3955.66  4.38293e-16
3957.16  4.4126e-16
3958.66  4.4502e-16
3960.15  4.49417e-16
3961.65  4.54179e-16
3963.14  4.58953e-16
3964.64  4.63343e-16
3966.13  4.66962e-16
3967.63  4.69483e-16
3969.12  4.7068e-16
3970.62  4.70465e-16
3972.12  4.68897e-16
3973.61  4.6618e-16
3975.11  4.6263e-16
3976.6   4.58636e-16
3978.1   4.546e-16
3979.59  4.50884e-16
3981.09  4.47759e-16
3982.58  4.45372e-16
3984.08  4.4373e-16
3985.58  4.42707e-16
3987.07  4.42072e-16
3988.57  4.41536e-16
3990.06  4.4079e-16
3991.56  4.39563e-16
3993.05  4.37653e-16
3994.55  4.34955e-16
3996.04  4.31462e-16
3997.54  4.27263e-16
3999.03  4.22512e-16
4000.53  4.17405e-16
4002.03  4.12144e-16
4003.52  4.06905e-16
4005.02  4.01822e-16
4006.51  3.96971e-16
4008.01  3.92368e-16
4009.5   3.87978e-16
4011     3.83729e-16
4012.49  3.79529e-16
4013.99  3.75291e-16
4015.49  3.70944e-16
4016.98  3.66455e-16
4018.48  3.61832e-16
4019.97  3.5713e-16
4021.47  3.52441e-16
4022.96  3.47893e-16
4024.46  3.43623e-16
4025.95  3.39769e-16
4027.45  3.36443e-16
4028.95  3.33718e-16
4030.44  3.31615e-16
4031.94  3.30098e-16
4033.43  3.29076e-16
4034.93  3.28418e-16
4036.42  3.27973e-16
4037.92  3.2759e-16
4039.41  3.27151e-16
4040.91  3.26585e-16
4042.41  3.25881e-16
4043.9   3.25091e-16
4045.4   3.24314e-16
4046.89  3.23672e-16
4048.39  3.23282e-16
4049.88  3.23223e-16
4051.38  3.23515e-16
4052.87  3.24099e-16
4054.37  3.24845e-16
4055.86  3.25572e-16
4057.36  3.26071e-16
4058.86  3.26153e-16
4060.35  3.25677e-16
4061.85  3.24587e-16
4063.34  3.22917e-16
4064.84  3.20793e-16
4066.33  3.18411e-16
4067.83  3.15995e-16
4069.32  3.13765e-16
4070.82  3.11889e-16
4072.32  3.1046e-16
4073.81  3.09481e-16
4075.31  3.0887e-16
4076.8   3.08483e-16
4078.3   3.08143e-16
4079.79  3.07684e-16
4081.29  3.06978e-16
4082.78  3.05961e-16
4084.28  3.04644e-16
4085.78  3.03101e-16
4087.27  3.01453e-16
4088.77  2.9984e-16
4090.26  2.98394e-16
4091.76  2.97211e-16
4093.25  2.96339e-16
4094.75  2.95771e-16
4096.24  2.95453e-16
4097.74  2.95293e-16
4099.24  2.95185e-16
4100.73  2.9502e-16
4102.23  2.94705e-16
4103.72  2.9417e-16
4105.22  2.93373e-16
4106.71  2.92303e-16
4108.21  2.90972e-16
4109.7   2.89415e-16
4111.2   2.8769e-16
4112.69  2.85871e-16
4114.19  2.8405e-16
4115.69  2.82334e-16
4117.18  2.80837e-16
4118.68  2.79674e-16
4120.17  2.78947e-16
4121.67  2.78731e-16
4123.16  2.79057e-16
4124.66  2.79903e-16
4126.15  2.81192e-16
4127.65  2.82791e-16
4129.15  2.84531e-16
4130.64  2.86227e-16
4132.14  2.87701e-16
4133.63  2.88809e-16
4135.13  2.89458e-16
4136.62  2.89622e-16
4138.12  2.89337e-16
4139.61  2.88697e-16
4141.11  2.87833e-16
4142.61  2.86898e-16
4144.1   2.8604e-16
4145.6   2.85391e-16
4147.09  2.85048e-16
4148.59  2.85075e-16
4150.08  2.85496e-16
4151.58  2.86305e-16
4153.07  2.87467e-16
4154.57  2.88933e-16
4156.07  2.90644e-16
4157.56  2.92539e-16
4159.06  2.94559e-16
4160.55  2.96655e-16
4162.05  2.98786e-16
4163.54  3.00924e-16
4165.04  3.03056e-16
4166.53  3.05177e-16
4168.03  3.07299e-16
4169.52  3.09439e-16
4171.02  3.11622e-16
4172.52  3.13871e-16
4174.01  3.16206e-16
4175.51  3.18631e-16
4177     3.21134e-16
4178.5   3.23676e-16
4179.99  3.26196e-16
4181.49  3.28603e-16
4182.98  3.30793e-16
4184.48  3.32652e-16
4185.98  3.34071e-16
4187.47  3.34962e-16
4188.97  3.35272e-16
4190.46  3.34995e-16
4191.96  3.34174e-16
4193.45  3.32909e-16
4194.95  3.31345e-16
4196.44  3.2966e-16
4197.94  3.28052e-16
4199.44  3.26715e-16
4200.93  3.25819e-16
4202.43  3.25493e-16
4203.92  3.25806e-16
4205.42  3.26763e-16
4206.91  3.283e-16
4208.41  3.30294e-16
4209.9   3.32582e-16
4211.4   3.34981e-16
4212.9   3.37315e-16
4214.39  3.3944e-16
4215.89  3.4126e-16
4217.38  3.42741e-16
4218.88  3.43907e-16
4220.37  3.44826e-16
4221.87  3.45592e-16
4223.36  3.46293e-16
4224.86  3.46996e-16
4226.35  3.47719e-16
4227.85  3.48431e-16
4229.35  3.49054e-16
4230.84  3.49485e-16
4232.34  3.49621e-16
4233.83  3.49392e-16
4235.33  3.48787e-16
4236.82  3.4787e-16
4238.32  3.46787e-16
4239.81  3.45743e-16
4241.31  3.44982e-16
4242.81  3.44738e-16
4244.3   3.45195e-16
4245.8   3.46452e-16
4247.29  3.48491e-16
4248.79  3.51177e-16
4250.28  3.5427e-16
4251.78  3.57456e-16
4253.27  3.604e-16
4254.77  3.62792e-16
4256.27  3.64399e-16
4257.76  3.65102e-16
4259.26  3.64913e-16
4260.75  3.63974e-16
4262.25  3.62537e-16
4263.74  3.60923e-16
4265.24  3.59475e-16
4266.73  3.58515e-16
4268.23  3.58295e-16
4269.72  3.58973e-16
4271.22  3.60595e-16
4272.72  3.631e-16
4274.21  3.66334e-16
4275.71  3.7008e-16
4277.2   3.74093e-16
4278.7   3.7813e-16
4280.19  3.81982e-16
4281.69  3.85496e-16
4283.18  3.88588e-16
4284.68  3.9124e-16
4286.18  3.93498e-16
4287.67  3.95451e-16
4289.17  3.97218e-16
4290.66  3.98923e-16
4292.16  4.0068e-16
4293.65  4.02574e-16
4295.15  4.04656e-16
4296.64  4.06941e-16
4298.14  4.09408e-16
4299.64  4.12015e-16
4301.13  4.14703e-16
4302.63  4.17416e-16
4304.12  4.20104e-16
4305.62  4.22737e-16
4307.11  4.25298e-16
4308.61  4.27786e-16
4310.1   4.30205e-16
4311.6   4.32556e-16
4313.1   4.34823e-16
4314.59  4.36968e-16
4316.09  4.38924e-16
4317.58  4.40598e-16
4319.08  4.41873e-16
4320.57  4.42626e-16
4322.07  4.42738e-16
4323.56  4.42113e-16
4325.06  4.4069e-16
4326.55  4.38461e-16
4328.05  4.35469e-16
4329.55  4.31813e-16
4331.04  4.27634e-16
4332.54  4.231e-16
4334.03  4.18387e-16
4335.53  4.13657e-16
4337.02  4.09037e-16
4338.52  4.04609e-16
4340.01  4.00399e-16
4341.51  3.96384e-16
4343.01  3.92504e-16
4344.5   3.88676e-16
4346     3.84818e-16
4347.49  3.80866e-16
4348.99  3.76787e-16
4350.48  3.72585e-16
4351.98  3.6829e-16
4353.47  3.63955e-16
4354.97  3.59627e-16
4356.47  3.5534e-16
4357.96  3.51093e-16
4359.46  3.46849e-16
4360.95  3.4254e-16
4362.45  3.38076e-16
4363.94  3.33372e-16
4365.44  3.28362e-16
4366.93  3.23027e-16
4368.43  3.17402e-16
4369.93  3.11581e-16
4371.42  3.05707e-16
4372.92  2.99952e-16
4374.41  2.94493e-16
4375.91  2.89478e-16
4377.4   2.85011e-16
4378.9   2.81129e-16
4380.39  2.77798e-16
4381.89  2.74926e-16
4383.38  2.72375e-16
4384.88  2.6999e-16
4386.38  2.67627e-16
4387.87  2.65174e-16
4389.37  2.6257e-16
4390.86  2.59815e-16
4392.36  2.56958e-16
4393.85  2.54089e-16
4395.35  2.51314e-16
4396.84  2.48732e-16
4398.34  2.46414e-16
4399.84  2.44388e-16
4401.33  2.42634e-16
4402.83  2.41089e-16
4404.32  2.39662e-16
4405.82  2.38258e-16
4407.31  2.36794e-16
4408.81  2.35225e-16
4410.3   2.33551e-16
4411.8   2.31822e-16
4413.3   2.30127e-16
4414.79  2.28581e-16
4416.29  2.27297e-16
4417.78  2.26371e-16
4419.28  2.25858e-16
4420.77  2.25766e-16
4422.27  2.26055e-16
4423.76  2.26649e-16
4425.26  2.27456e-16
4426.76  2.28389e-16
4428.25  2.29389e-16
4429.75  2.3044e-16
4431.24  2.3157e-16
4432.74  2.32851e-16
4434.23  2.34373e-16
4435.73  2.36229e-16
4437.22  2.3848e-16
4438.72  2.41143e-16
4440.21  2.44174e-16
4441.71  2.47469e-16
4443.21  2.50882e-16
4444.7   2.54239e-16
4446.2   2.57377e-16
4447.69  2.60157e-16
4449.19  2.62498e-16
4450.68  2.64375e-16
4452.18  2.65822e-16
4453.67  2.66922e-16
4455.17  2.67779e-16
4456.67  2.68507e-16
4458.16  2.69203e-16
4459.66  2.69945e-16
4461.15  2.70783e-16
4462.65  2.71752e-16
4464.14  2.72879e-16
4465.64  2.74202e-16
4467.13  2.75773e-16
4468.63  2.77667e-16
4470.13  2.79972e-16
4471.62  2.82776e-16
4473.12  2.8615e-16
4474.61  2.90124e-16
4476.11  2.94678e-16
4477.6   2.99729e-16
4479.1   3.05139e-16
4480.59  3.10732e-16
4482.09  3.16314e-16
4483.59  3.21707e-16
4485.08  3.26775e-16
4486.58  3.31449e-16
4488.07  3.35741e-16
4489.57  3.39736e-16
4491.06  3.43589e-16
4492.56  3.47491e-16
4494.05  3.5164e-16
4495.55  3.56208e-16
4497.04  3.61309e-16
4498.54  3.66979e-16
4500.04  3.73161e-16
4501.53  3.79717e-16
4503.03  3.86438e-16
4504.52  3.93077e-16
4506.02  3.99382e-16
4507.51  4.05132e-16
4509.01  4.10175e-16
4510.5   4.14453e-16
4512     4.18018e-16
4513.5   4.21033e-16
4514.99  4.23762e-16
4516.49  4.26543e-16
4517.98  4.2975e-16
4519.48  4.33758e-16
4520.97  4.38891e-16
4522.47  4.45387e-16
4523.96  4.5337e-16
4525.46  4.62829e-16
4526.96  4.73619e-16
4528.45  4.85477e-16
4529.95  4.98052e-16
4531.44  5.10949e-16
4532.94  5.2377e-16
4534.43  5.36167e-16
4535.93  5.47876e-16
4537.42  5.58743e-16
4538.92  5.68737e-16
4540.42  5.77938e-16
4541.91  5.86518e-16
4543.41  5.94704e-16
4544.9   6.02742e-16
4546.4   6.10852e-16
4547.89  6.19206e-16
4549.39  6.27901e-16
4550.88  6.36957e-16
4552.38  6.46326e-16
4553.87  6.55906e-16
4555.37  6.65573e-16
4556.87  6.75204e-16
4558.36  6.84699e-16
4559.86  6.94e-16
4561.35  7.03097e-16
4562.85  7.1202e-16
4564.34  7.20828e-16
4565.84  7.2959e-16
4567.33  7.38361e-16
4568.83  7.47166e-16
4570.33  7.55983e-16
4571.82  7.64738e-16
4573.32  7.73309e-16
4574.81  7.8154e-16
4576.31  7.8926e-16
4577.8   7.96311e-16
4579.3   8.02572e-16
4580.79  8.0798e-16
4582.29  8.12547e-16
4583.79  8.16364e-16
4585.28  8.19592e-16
4586.78  8.22444e-16
4588.27  8.25158e-16
4589.77  8.27964e-16
4591.26  8.31055e-16
4592.76  8.34558e-16
4594.25  8.38515e-16
4595.75  8.42882e-16
4597.25  8.47532e-16
4598.74  8.52276e-16
4600.24  8.56893e-16
4601.73  8.61161e-16
4603.23  8.64895e-16
4604.72  8.67971e-16
4606.22  8.70352e-16
4607.71  8.7209e-16
4609.21  8.73326e-16
4610.7   8.74269e-16
4612.2   8.75166e-16
4613.7   8.76275e-16
4615.19  8.77823e-16
4616.69  8.7998e-16
4618.18  8.82834e-16
4619.68  8.86384e-16
4621.17  8.90538e-16
4622.67  8.95135e-16
4624.16  8.99959e-16
4625.66  9.04778e-16
4627.16  9.09365e-16
4628.65  9.13527e-16
4630.15  9.17119e-16
4631.64  9.20043e-16
4633.14  9.2225e-16
4634.63  9.23715e-16
4636.13  9.24422e-16
4637.62  9.24341e-16
4639.12  9.2341e-16
4640.62  9.21531e-16
4642.11  9.18574e-16
4643.61  9.14387e-16
4645.1   9.08828e-16
4646.6   9.01787e-16
4648.09  8.93219e-16
4649.59  8.83161e-16
4651.08  8.71749e-16
4652.58  8.59214e-16
4654.08  8.45865e-16
4655.57  8.32062e-16
4657.07  8.18176e-16
4658.56  8.0455e-16
4660.06  7.91455e-16
4661.55  7.79063e-16
4663.05  7.67423e-16
4664.54  7.56463e-16
4666.04  7.45995e-16
4667.53  7.35751e-16
4669.03  7.25419e-16
4670.53  7.14687e-16
4672.02  7.03295e-16
4673.52  6.91066e-16
4675.01  6.7794e-16
4676.51  6.63977e-16
4678     6.49357e-16
4679.5   6.34351e-16
4680.99  6.19283e-16
4682.49  6.04493e-16
4683.99  5.90289e-16
4685.48  5.7691e-16
4686.98  5.64511e-16
4688.47  5.53144e-16
4689.97  5.42775e-16
4691.46  5.33298e-16
4692.96  5.24568e-16
4694.45  5.16426e-16
4695.95  5.08733e-16
4697.45  5.0138e-16
4698.94  4.94301e-16
4700.44  4.87468e-16
4701.93  4.80875e-16
4703.43  4.74527e-16
4704.92  4.68421e-16
4706.42  4.62532e-16
4707.91  4.56814e-16
4709.41  4.51201e-16
4710.9   4.45621e-16
4712.4   4.40011e-16
4713.9   4.34336e-16
4715.39  4.28599e-16
4716.89  4.22848e-16
4718.38  4.17175e-16
4719.88  4.11696e-16
4721.37  4.06541e-16
4722.87  4.01823e-16
4724.36  3.97622e-16
4725.86  3.9397e-16
4727.36  3.90847e-16
4728.85  3.88182e-16
4730.35  3.85869e-16
4731.84  3.83787e-16
4733.34  3.81821e-16
4734.83  3.79877e-16
4736.33  3.77898e-16
4737.82  3.75868e-16
4739.32  3.7381e-16
4740.82  3.7177e-16
4742.31  3.69812e-16
4743.81  3.67998e-16
4745.3   3.66377e-16
4746.8   3.64983e-16
4748.29  3.63826e-16
4749.79  3.62898e-16
4751.28  3.6218e-16
4752.78  3.61644e-16
4754.28  3.61266e-16
4755.77  3.61027e-16
4757.27  3.6092e-16
4758.76  3.60948e-16
4760.26  3.6113e-16
4761.75  3.61499e-16
4763.25  3.62106e-16
4764.74  3.63015e-16
4766.24  3.64308e-16
4767.73  3.66081e-16
4769.23  3.68432e-16
4770.73  3.71458e-16
4772.22  3.75242e-16
4773.72  3.79834e-16
4775.21  3.85246e-16
4776.71  3.91438e-16
4778.2   3.98315e-16
4779.7   4.05734e-16
4781.19  4.13516e-16
4782.69  4.21464e-16
4784.19  4.29385e-16
4785.68  4.37115e-16
4787.18  4.44538e-16
4788.67  4.51601e-16
4790.17  4.58315e-16
4791.66  4.64748e-16
4793.16  4.71014e-16
4794.65  4.77245e-16
4796.15  4.83567e-16
4797.65  4.90077e-16
4799.14  4.96817e-16
4800.64  5.03765e-16
4802.13  5.10826e-16
4803.63  5.17839e-16
4805.12  5.2459e-16
4806.62  5.30833e-16
4808.11  5.36312e-16
4809.61  5.40795e-16
4811.11  5.44097e-16
4812.6   5.46101e-16
4814.1   5.46774e-16
4815.59  5.46175e-16
4817.09  5.44449e-16
4818.58  5.41814e-16
4820.08  5.38537e-16
4821.57  5.34906e-16
4823.07  5.31198e-16
4824.56  5.27651e-16
4826.06  5.24438e-16
4827.56  5.21651e-16
4829.05  5.19302e-16
4830.55  5.17327e-16
4832.04  5.15601e-16
4833.54  5.13968e-16
4835.03  5.12257e-16
4836.53  5.10316e-16
4838.02  5.08027e-16
4839.52  5.05319e-16
4841.02  5.02175e-16
4842.51  4.98628e-16
4844.01  4.94753e-16
4845.5   4.90654e-16
4847     4.86453e-16
4848.49  4.82279e-16
4849.99  4.78261e-16
4851.48  4.7452e-16
4852.98  4.71174e-16
4854.48  4.68333e-16
4855.97  4.66106e-16
4857.47  4.64595e-16
4858.96  4.63895e-16
4860.46  4.64087e-16
4861.95  4.65232e-16
4863.45  4.6736e-16
4864.94  4.70464e-16
4866.44  4.74499e-16
4867.94  4.79383e-16
4869.43  4.85007e-16
4870.93  4.91242e-16
4872.42  4.97959e-16
4873.92  5.05039e-16
4875.41  5.12386e-16
4876.91  5.19931e-16
4878.4   5.27636e-16
4879.9   5.35488e-16
4881.39  5.43492e-16
4882.89  5.51663e-16
4884.39  5.6002e-16
4885.88  5.68578e-16
4887.38  5.77354e-16
4888.87  5.86368e-16
4890.37  5.95646e-16
4891.86  6.05229e-16
4893.36  6.15171e-16
4894.85  6.25538e-16
4896.35  6.36397e-16
4897.85  6.47802e-16
4899.34  6.59778e-16
4900.84  6.72306e-16
4902.33  6.85308e-16
4903.83  6.98652e-16
4905.32  7.12151e-16
4906.82  7.25592e-16
4908.31  7.38754e-16
4909.81  7.51439e-16
4911.31  7.63505e-16
4912.8   7.74884e-16
4914.3   7.85589e-16
4915.79  7.95715e-16
4917.29  8.05415e-16
4918.78  8.14876e-16
4920.28  8.24276e-16
4921.77  8.33757e-16
4923.27  8.43389e-16
4924.77  8.53154e-16
4926.26  8.62944e-16
4927.76  8.72574e-16
4929.25  8.81804e-16
4930.75  8.90378e-16
4932.24  8.9806e-16
4933.74  9.04669e-16
4935.23  9.10101e-16
4936.73  9.1434e-16
4938.22  9.17455e-16
4939.72  9.19579e-16
4941.22  9.20875e-16
4942.71  9.21503e-16
4944.21  9.21583e-16
4945.7   9.21163e-16
4947.2   9.20207e-16
4948.69  9.18596e-16
4950.19  9.16138e-16
4951.68  9.12603e-16
4953.18  9.0776e-16
4954.68  9.0142e-16
4956.17  8.93474e-16
4957.67  8.83917e-16
4959.16  8.72863e-16
4960.66  8.60535e-16
4962.15  8.47242e-16
4963.65  8.33343e-16
4965.14  8.19204e-16
4966.64  8.05149e-16
4968.14  7.91428e-16
4969.63  7.78191e-16
4971.13  7.6548e-16
4972.62  7.53236e-16
4974.12  7.41323e-16
4975.61  7.2956e-16
4977.11  7.17756e-16
4978.6   7.05743e-16
4980.1   6.93406e-16
4981.6   6.80699e-16
4983.09  6.67648e-16
4984.59  6.54353e-16
4986.08  6.40969e-16
4987.58  6.27686e-16
4989.07  6.14712e-16
4990.57  6.02249e-16
4992.06  5.90472e-16
4993.56  5.79515e-16
4995.05  5.69463e-16
4996.55  5.60341e-16
4998.05  5.52118e-16
4999.54  5.44713e-16
5001.04  5.38001e-16
5002.53  5.3183e-16
5004.03  5.26035e-16
5005.52  5.2046e-16
5007.02  5.14976e-16
5008.51  5.09493e-16
5010.01  5.03977e-16
5011.51  4.9845e-16
5013     4.92988e-16
5014.5   4.87711e-16
5015.99  4.82761e-16
5017.49  4.78288e-16
5018.98  4.74418e-16
5020.48  4.71238e-16
5021.97  4.68784e-16
5023.47  4.67028e-16
5024.97  4.65889e-16
5026.46  4.65241e-16
5027.96  4.64931e-16
5029.45  4.64802e-16
5030.95  4.6471e-16
5032.44  4.64547e-16
5033.94  4.64248e-16
5035.43  4.63794e-16
5036.93  4.63216e-16
5038.43  4.62576e-16
5039.92  4.61958e-16
5041.42  4.61446e-16
5042.91  4.61111e-16
5044.41  4.60991e-16
5045.9   4.61085e-16
5047.4   4.61348e-16
5048.89  4.61696e-16
5050.39  4.6202e-16
5051.88  4.62204e-16
5053.38  4.62147e-16
5054.88  4.61782e-16
5056.37  4.61094e-16
5057.87  4.60127e-16
5059.36  4.58981e-16
5060.86  4.57801e-16
5062.35  4.56751e-16
5063.85  4.5599e-16
5065.34  4.55636e-16
5066.84  4.55747e-16
5068.34  4.56303e-16
5069.83  4.57203e-16
5071.33  4.58277e-16
5072.82  4.59312e-16
5074.32  4.60085e-16
5075.81  4.60402e-16
5077.31  4.60135e-16
5078.8   4.59247e-16
5080.3   4.57804e-16
5081.8   4.55969e-16
5083.29  4.53982e-16
5084.79  4.52117e-16
5086.28  4.50644e-16
5087.78  4.49779e-16
5089.27  4.49646e-16
5090.77  4.50255e-16
5092.26  4.51496e-16
5093.76  4.53156e-16
5095.25  4.54954e-16
5096.75  4.56583e-16
5098.25  4.5776e-16
5099.74  4.58274e-16
5101.24  4.58016e-16
5102.73  4.56993e-16
5104.23  4.55323e-16
5105.72  4.53214e-16
5107.22  4.50923e-16
5108.71  4.48718e-16
5110.21  4.46829e-16
5111.71  4.45424e-16
5113.2   4.4458e-16
5114.7   4.44285e-16
5116.19  4.44445e-16
5117.69  4.44909e-16
5119.18  4.45497e-16
5120.68  4.46033e-16
5122.17  4.46372e-16
5123.67  4.46423e-16
5125.17  4.46158e-16
5126.66  4.45613e-16
5128.16  4.44882e-16
5129.65  4.44102e-16
5131.15  4.43429e-16
5132.64  4.43024e-16
5134.14  4.43028e-16
5135.63  4.43546e-16
5137.13  4.44636e-16
5138.63  4.46304e-16
5140.12  4.48501e-16
5141.62  4.51131e-16
5143.11  4.54063e-16
5144.61  4.57148e-16
5146.1   4.60237e-16
5147.6   4.63199e-16
5149.09  4.65939e-16
5150.59  4.68412e-16
5152.08  4.70627e-16
5153.58  4.72643e-16
5155.08  4.74562e-16
5156.57  4.7651e-16
5158.07  4.7862e-16
5159.56  4.81005e-16
5161.06  4.83746e-16
5162.55  4.86876e-16
5164.05  4.90377e-16
5165.54  4.94187e-16
5167.04  4.98206e-16
5168.54  5.02322e-16
5170.03  5.06427e-16
5171.53  5.10436e-16
5173.02  5.14302e-16
5174.52  5.18022e-16
5176.01  5.21635e-16
5177.51  5.25212e-16
5179     5.28838e-16
5180.5   5.32595e-16
5182     5.36545e-16
5183.49  5.40718e-16
5184.99  5.45105e-16
5186.48  5.49669e-16
5187.98  5.54352e-16
5189.47  5.5909e-16
5190.97  5.6384e-16
5192.46  5.68585e-16
5193.96  5.7335e-16
5195.46  5.78197e-16
5196.95  5.83218e-16
5198.45  5.88522e-16
5199.94  5.94208e-16
5201.44  6.00355e-16
5202.93  6.06994e-16
5204.43  6.14112e-16
5205.92  6.2164e-16
5207.42  6.29469e-16
5208.91  6.37457e-16
5210.41  6.45452e-16
5211.91  6.53303e-16
5213.4   6.60882e-16
5214.9   6.68086e-16
5216.39  6.74848e-16
5217.89  6.8113e-16
5219.38  6.86925e-16
5220.88  6.92246e-16
5222.37  6.97119e-16
5223.87  7.01577e-16
5225.37  7.05659e-16
5226.86  7.09405e-16
5228.36  7.12863e-16
5229.85  7.16086e-16
5231.35  7.19145e-16
5232.84  7.22125e-16
5234.34  7.25129e-16
5235.83  7.28272e-16
5237.33  7.31676e-16
5238.83  7.35455e-16
5240.32  7.397e-16
5241.82  7.44469e-16
5243.31  7.49771e-16
5244.81  7.55565e-16
5246.3   7.61757e-16
5247.8   7.68217e-16
5249.29  7.74791e-16
5250.79  7.81322e-16
5252.29  7.87673e-16
5253.78  7.93746e-16
5255.28  7.99491e-16
5256.77  8.04916e-16
5258.27  8.1008e-16
5259.76  8.15089e-16
5261.26  8.20074e-16
5262.75  8.25186e-16
5264.25  8.30568e-16
5265.74  8.36351e-16
5267.24  8.4263e-16
5268.74  8.49464e-16
5270.23  8.56861e-16
5271.73  8.64778e-16
5273.22  8.73118e-16
5274.72  8.81733e-16
5276.21  8.90435e-16
5277.71  8.99006e-16
5279.2   9.07221e-16
5280.7   9.14865e-16
5282.2   9.21756e-16
5283.69  9.27769e-16
5285.19  9.32846e-16
5286.68  9.37003e-16
5288.18  9.40327e-16
5289.67  9.42964e-16
5291.17  9.45095e-16
5292.66  9.46912e-16
5294.16  9.4859e-16
5295.66  9.50265e-16
5297.15  9.5202e-16
5298.65  9.53877e-16
5300.14  9.55804e-16
5301.64  9.57726e-16
5303.13  9.59549e-16
5304.63  9.61175e-16
5306.12  9.62524e-16
5307.62  9.6355e-16
5309.12  9.64244e-16
5310.61  9.64637e-16
5312.11  9.64789e-16
5313.6   9.64778e-16
5315.1   9.64687e-16
5316.59  9.64586e-16
5318.09  9.64523e-16
5319.58  9.64519e-16
5321.08  9.64562e-16
5322.57  9.64615e-16
5324.07  9.64623e-16
5325.57  9.64523e-16
5327.06  9.64257e-16
5328.56  9.6378e-16
5330.05  9.63069e-16
5331.55  9.62127e-16
5333.04  9.6098e-16
5334.54  9.59677e-16
5336.03  9.58281e-16
5337.53  9.56863e-16
5339.03  9.55495e-16
5340.52  9.54245e-16
5342.02  9.53175e-16
5343.51  9.52337e-16
5345.01  9.51777e-16
5346.5   9.51537e-16
5348     9.51655e-16
5349.49  9.52169e-16
5350.99  9.53115e-16
5352.49  9.54522e-16
5353.98  9.56413e-16
5355.48  9.58795e-16
5356.97  9.61657e-16
5358.47  9.64966e-16
5359.96  9.68665e-16
5361.46  9.72681e-16
5362.95  9.76925e-16
5364.45  9.81303e-16
5365.95  9.85728e-16
5367.44  9.90123e-16
5368.94  9.94435e-16
5370.43  9.98632e-16
5371.93  1.0027e-15
5373.42  1.00665e-15
5374.92  1.01049e-15
5376.41  1.01422e-15
5377.91  1.01781e-15
5379.4   1.02124e-15
5380.9   1.02441e-15
5382.4   1.02723e-15
5383.89  1.0296e-15
5385.39  1.03138e-15
5386.88  1.03252e-15
5388.38  1.03296e-15
5389.87  1.03274e-15
5391.37  1.03196e-15
5392.86  1.0308e-15
5394.36  1.0295e-15
5395.86  1.02832e-15
5397.35  1.02756e-15
5398.85  1.02744e-15
5400.34  1.02818e-15
5401.84  1.02986e-15
5403.33  1.03253e-15
5404.83  1.03611e-15
5406.32  1.04049e-15
5407.82  1.04549e-15
5409.32  1.05095e-15
5410.81  1.05672e-15
5412.31  1.06268e-15
5413.8   1.06881e-15
5415.3   1.0751e-15
5416.79  1.08164e-15
5418.29  1.08851e-15
5419.78  1.09584e-15
5421.28  1.1037e-15
5422.78  1.11215e-15
5424.27  1.12117e-15
5425.77  1.13072e-15
5427.26  1.14068e-15
5428.76  1.15089e-15
5430.25  1.1612e-15
5431.75  1.17144e-15
5433.24  1.18148e-15
5434.74  1.19124e-15
5436.23  1.20068e-15
5437.73  1.20982e-15
5439.23  1.21873e-15
5440.72  1.22753e-15
5442.22  1.23635e-15
5443.71  1.24531e-15
5445.21  1.25452e-15
5446.7   1.26408e-15
5448.2   1.27404e-15
5449.69  1.28442e-15
5451.19  1.29518e-15
5452.69  1.30629e-15
5454.18  1.31766e-15
5455.68  1.32917e-15
5457.17  1.34071e-15
5458.67  1.35215e-15
5460.16  1.36336e-15
5461.66  1.37419e-15
5463.15  1.38455e-15
5464.65  1.39433e-15
5466.15  1.40348e-15
5467.64  1.41197e-15
5469.14  1.41985e-15
5470.63  1.42717e-15
5472.13  1.43406e-15
5473.62  1.44067e-15
5475.12  1.44714e-15
5476.61  1.45365e-15
5478.11  1.46034e-15
5479.61  1.46731e-15
5481.1   1.4746e-15
5482.6   1.48219e-15
5484.09  1.48999e-15
5485.59  1.49785e-15
5487.08  1.50558e-15
5488.58  1.51295e-15
5490.07  1.51976e-15
5491.57  1.52582e-15
5493.06  1.531e-15
5494.56  1.53524e-15
5496.06  1.53855e-15
5497.55  1.54101e-15
5499.05  1.54275e-15
5500.54  1.54394e-15
5502.04  1.54474e-15
5503.53  1.54529e-15
5505.03  1.54569e-15
5506.52  1.546e-15
5508.02  1.54622e-15
5509.52  1.54633e-15
5511.01  1.54626e-15
5512.51  1.54595e-15
5514     1.54536e-15
5515.5   1.54448e-15
5516.99  1.5433e-15
5518.49  1.54189e-15
5519.98  1.54029e-15
5521.48  1.53858e-15
5522.98  1.53683e-15
5524.47  1.53508e-15
5525.97  1.53334e-15
5527.46  1.53161e-15
5528.96  1.52985e-15
5530.45  1.52798e-15
5531.95  1.52595e-15
5533.44  1.52368e-15
5534.94  1.52109e-15
5536.43  1.51814e-15
5537.93  1.51478e-15
5539.43  1.51098e-15
5540.92  1.50672e-15
5542.42  1.50199e-15
5543.91  1.4968e-15
5545.41  1.49114e-15
5546.9   1.48504e-15
5548.4   1.47854e-15
5549.89  1.4717e-15
5551.39  1.46459e-15
5552.89  1.4573e-15
5554.38  1.44991e-15
5555.88  1.44254e-15
5557.37  1.43526e-15
5558.87  1.42814e-15
5560.36  1.42123e-15
5561.86  1.41453e-15
5563.35  1.40801e-15
5564.85  1.40161e-15
5566.35  1.39523e-15
5567.84  1.38877e-15
5569.34  1.38211e-15
5570.83  1.37514e-15
5572.33  1.36778e-15
5573.82  1.35999e-15
5575.32  1.35176e-15
5576.81  1.34315e-15
5578.31  1.33423e-15
5579.81  1.32512e-15
5581.3   1.31598e-15
5582.8   1.30692e-15
5584.29  1.29809e-15
5585.79  1.28955e-15
5587.28  1.28135e-15
5588.78  1.27348e-15
5590.27  1.26587e-15
5591.77  1.25841e-15
5593.26  1.25095e-15
5594.76  1.24337e-15
5596.26  1.23553e-15
5597.75  1.22732e-15
5599.25  1.21868e-15
5600.74  1.20961e-15
5602.24  1.20013e-15
5603.73  1.1903e-15
5605.23  1.1802e-15
5606.72  1.16993e-15
5608.22  1.15955e-15
5609.72  1.14913e-15
5611.21  1.1387e-15
5612.71  1.12825e-15
5614.2   1.11777e-15
5615.7   1.10721e-15
5617.19  1.09652e-15
5618.69  1.08562e-15
5620.18  1.07445e-15
5621.68  1.06293e-15
5623.18  1.051e-15
5624.67  1.0386e-15
5626.17  1.02569e-15
5627.66  1.01226e-15
5629.16  9.98315e-16
5630.65  9.83904e-16
5632.15  9.6911e-16
5633.64  9.54057e-16
5635.14  9.38902e-16
5636.64  9.23834e-16
5638.13  9.09054e-16
5639.63  8.94771e-16
5641.12  8.81175e-16
5642.62  8.68428e-16
5644.11  8.56645e-16
5645.61  8.45882e-16
5647.1   8.36133e-16
5648.6   8.2733e-16
5650.09  8.19348e-16
5651.59  8.12024e-16
5653.09  8.05172e-16
5654.58  7.98606e-16
5656.08  7.92162e-16
5657.57  7.85715e-16
5659.07  7.79189e-16
5660.56  7.72565e-16
5662.06  7.65874e-16
5663.55  7.59185e-16
5665.05  7.52586e-16
5666.55  7.46165e-16
5668.04  7.39986e-16
5669.54  7.34078e-16
5671.03  7.28424e-16
5672.53  7.22963e-16
5674.02  7.17603e-16
5675.52  7.12237e-16
5677.01  7.06773e-16
5678.51  7.01152e-16
5680.01  6.95374e-16
5681.5   6.89509e-16
5683     6.83695e-16
5684.49  6.7813e-16
5685.99  6.73048e-16
5687.48  6.68689e-16
5688.98  6.65265e-16
5690.47  6.62928e-16
5691.97  6.6175e-16
5693.47  6.61709e-16
5694.96  6.62694e-16
5696.46  6.64523e-16
5697.95  6.66967e-16
5699.45  6.69793e-16
5700.94  6.72792e-16
5702.44  6.75816e-16
5703.93  6.78795e-16
5705.43  6.81747e-16
5706.92  6.84766e-16
5708.42  6.88003e-16
5709.92  6.91641e-16
5711.41  6.95858e-16
5712.91  7.008e-16
5714.4   7.06553e-16
5715.9   7.13139e-16
5717.39  7.2051e-16
5718.89  7.28563e-16
5720.38  7.37161e-16
5721.88  7.46158e-16
5723.38  7.55426e-16
5724.87  7.64873e-16
5726.37  7.74457e-16
5727.86  7.84187e-16
5729.36  7.94114e-16
5730.85  8.04314e-16
5732.35  8.14865e-16
5733.84  8.25831e-16
5735.34  8.37238e-16
5736.84  8.49068e-16
5738.33  8.61258e-16
5739.83  8.73708e-16
5741.32  8.86297e-16
5742.82  8.98905e-16
5744.31  9.11432e-16
5745.81  9.23818e-16
5747.3   9.3605e-16
5748.8   9.48165e-16
5750.3   9.60241e-16
5751.79  9.7238e-16
5753.29  9.84689e-16
5754.78  9.97255e-16
5756.28  1.01012e-15
5757.77  1.02329e-15
5759.27  1.03669e-15
5760.76  1.0502e-15
5762.26  1.06366e-15
5763.75  1.07688e-15
5765.25  1.08969e-15
5766.75  1.10194e-15
5768.24  1.11356e-15
5769.74  1.12451e-15
5771.23  1.13488e-15
5772.73  1.14481e-15
5774.22  1.15448e-15
5775.72  1.16412e-15
5777.21  1.17395e-15
5778.71  1.18415e-15
5780.21  1.19483e-15
5781.7   1.20603e-15
5783.2   1.21766e-15
5784.69  1.22958e-15
5786.19  1.24156e-15
5787.68  1.25333e-15
5789.18  1.26461e-15
5790.67  1.27513e-15
5792.17  1.28468e-15
5793.67  1.29314e-15
5795.16  1.30043e-15
5796.66  1.30659e-15
5798.15  1.31171e-15
5799.65  1.31594e-15
5801.14  1.31949e-15
5802.64  1.32256e-15
5804.13  1.32536e-15
5805.63  1.32806e-15
5807.13  1.33081e-15
5808.62  1.3337e-15
5810.12  1.33676e-15
5811.61  1.33998e-15
5813.11  1.34329e-15
5814.6   1.34659e-15
5816.1   1.34976e-15
5817.59  1.35265e-15
5819.09  1.35513e-15
5820.58  1.35709e-15
5822.08  1.35844e-15
5823.58  1.35913e-15
5825.07  1.35915e-15
5826.57  1.3585e-15
5828.06  1.35722e-15
5829.56  1.35538e-15
5831.05  1.35304e-15
5832.55  1.35028e-15
5834.04  1.34717e-15
5835.54  1.34377e-15
5837.04  1.34014e-15
5838.53  1.33632e-15
5840.03  1.33237e-15
5841.52  1.32829e-15
5843.02  1.32413e-15
5844.51  1.31987e-15
5846.01  1.3155e-15
5847.5   1.31098e-15
5849     1.30624e-15
5850.5   1.3012e-15
5851.99  1.29572e-15
5853.49  1.28968e-15
5854.98  1.28295e-15
5856.48  1.27542e-15
5857.97  1.26703e-15
5859.47  1.25777e-15
5860.96  1.2477e-15
5862.46  1.23695e-15
5863.96  1.22572e-15
5865.45  1.21426e-15
5866.95  1.20282e-15
5868.44  1.19163e-15
5869.94  1.18091e-15
5871.43  1.17081e-15
5872.93  1.1614e-15
5874.42  1.15271e-15
5875.92  1.14471e-15
5877.41  1.13736e-15
5878.91  1.13061e-15
5880.41  1.12446e-15
5881.9   1.11892e-15
5883.4   1.11406e-15
5884.89  1.10996e-15
5886.39  1.10671e-15
5887.88  1.10438e-15
5889.38  1.103e-15
5890.87  1.10255e-15
5892.37  1.10295e-15
5893.87  1.1041e-15
5895.36  1.10584e-15
5896.86  1.10802e-15
5898.35  1.1105e-15
5899.85  1.11315e-15
5901.34  1.11584e-15
5902.84  1.11845e-15
5904.33  1.12081e-15
5905.83  1.12273e-15
5907.33  1.124e-15
5908.82  1.12435e-15
5910.32  1.12351e-15
5911.81  1.12124e-15
5913.31  1.11737e-15
5914.8   1.11186e-15
5916.3   1.10479e-15
5917.79  1.09639e-15
5919.29  1.08703e-15
5920.79  1.07717e-15
5922.28  1.06728e-15
5923.78  1.05782e-15
5925.27  1.04912e-15
5926.77  1.04137e-15
5928.26  1.03458e-15
5929.76  1.02857e-15
5931.25  1.023e-15
5932.75  1.01745e-15
5934.24  1.01147e-15
5935.74  1.00464e-15
5937.24  9.96683e-16
5938.73  9.87443e-16
5940.23  9.76955e-16
5941.72  9.65418e-16
5943.22  9.53166e-16
5944.71  9.40617e-16
5946.21  9.28207e-16
5947.7   9.16334e-16
5949.2   9.05304e-16
5950.7   8.95298e-16
5952.19  8.86353e-16
5953.69  8.78379e-16
5955.18  8.7118e-16
5956.68  8.645e-16
5958.17  8.58067e-16
5959.67  8.51642e-16
5961.16  8.45057e-16
5962.66  8.38233e-16
5964.16  8.31189e-16
5965.65  8.24031e-16
5967.15  8.16922e-16
5968.64  8.10051e-16
5970.14  8.0359e-16
5971.63  7.97663e-16
5973.13  7.92318e-16
5974.62  7.87519e-16
5976.12  7.83147e-16
5977.61  7.79024e-16
5979.11  7.74938e-16
5980.61  7.70682e-16
5982.1   7.66089e-16
5983.6   7.61059e-16
5985.09  7.55578e-16
5986.59  7.49721e-16
5988.08  7.4364e-16
5989.58  7.37542e-16
5991.07  7.31658e-16
5992.57  7.26211e-16
5994.07  7.2139e-16
5995.56  7.17326e-16
5997.06  7.14087e-16
5998.55  7.11672e-16
6000.05  7.10029e-16
6001.54  7.09065e-16
6003.04  7.0867e-16
6004.53  7.08732e-16
6006.03  7.0915e-16
6007.53  7.09843e-16
6009.02  7.10752e-16
6010.52  7.1183e-16
6012.01  7.13042e-16
6013.51  7.14349e-16
6015     7.15703e-16
6016.5   7.17044e-16
6017.99  7.18301e-16
6019.49  7.19394e-16
6020.99  7.20244e-16
6022.48  7.20783e-16
6023.98  7.20965e-16
6025.47  7.20773e-16
6026.97  7.20221e-16
6028.46  7.1936e-16
6029.96  7.18263e-16
6031.45  7.17025e-16
6032.95  7.15745e-16
6034.44  7.14514e-16
6035.94  7.13405e-16
6037.44  7.12462e-16
6038.93  7.11695e-16
6040.43  7.11082e-16
6041.92  7.10573e-16
6043.42  7.10101e-16
6044.91  7.09597e-16
6046.41  7.09005e-16
6047.9   7.08292e-16
6049.4   7.07466e-16
6050.9   7.06575e-16
6052.39  7.05704e-16
6053.89  7.0497e-16
6055.38  7.04502e-16
6056.88  7.04423e-16
6058.37  7.04828e-16
6059.87  7.05767e-16
6061.36  7.07234e-16
6062.86  7.09159e-16
6064.36  7.11421e-16
6065.85  7.13857e-16
6067.35  7.16288e-16
6068.84  7.18543e-16
6070.34  7.2048e-16
6071.83  7.22013e-16
6073.33  7.23117e-16
6074.82  7.23831e-16
6076.32  7.24252e-16
6077.82  7.24511e-16
6079.31  7.24755e-16
6080.81  7.25121e-16
6082.3   7.25718e-16
6083.8   7.26608e-16
6085.29  7.27808e-16
6086.79  7.29291e-16
6088.28  7.31001e-16
6089.78  7.32869e-16
6091.27  7.34831e-16
6092.77  7.36841e-16
6094.27  7.38883e-16
6095.76  7.40965e-16
6097.26  7.43122e-16
6098.75  7.45398e-16
6100.25  7.47836e-16
6101.74  7.50463e-16
6103.24  7.53286e-16
6104.73  7.5628e-16
6106.23  7.59395e-16
6107.73  7.62554e-16
6109.22  7.65665e-16
6110.72  7.68629e-16
6112.21  7.71346e-16
6113.71  7.73724e-16
6115.2   7.75684e-16
6116.7   7.77163e-16
6118.19  7.78116e-16
6119.69  7.78517e-16
6121.19  7.78359e-16
6122.68  7.77659e-16
6124.18  7.76453e-16
6125.67  7.74801e-16
6127.17  7.72787e-16
6128.66  7.70513e-16
6130.16  7.68095e-16
6131.65  7.65655e-16
6133.15  7.6331e-16
6134.65  7.61158e-16
6136.14  7.59274e-16
6137.64  7.57699e-16
6139.13  7.56436e-16
6140.63  7.55461e-16
6142.12  7.54726e-16
6143.62  7.54174e-16
6145.11  7.53756e-16
6146.61  7.5344e-16
6148.1   7.53225e-16
6149.6   7.53142e-16
6151.1   7.53253e-16
6152.59  7.53641e-16
6154.09  7.54401e-16
6155.58  7.55627e-16
6157.08  7.57396e-16
6158.57  7.59763e-16
6160.07  7.62755e-16
6161.56  7.66372e-16
6163.06  7.70595e-16
6164.56  7.75387e-16
6166.05  7.80708e-16
6167.55  7.86518e-16
6169.04  7.92781e-16
6170.54  7.99467e-16
6172.03  8.06546e-16
6173.53  8.13986e-16
6175.02  8.21745e-16
6176.52  8.2977e-16
6178.02  8.37989e-16
6179.51  8.46319e-16
6181.01  8.54667e-16
6182.5   8.62942e-16
6184     8.71057e-16
6185.49  8.7894e-16
6186.99  8.86539e-16
6188.48  8.93821e-16
6189.98  9.00768e-16
6191.48  9.07369e-16
6192.97  9.13611e-16
6194.47  9.19464e-16
6195.96  9.24877e-16
6197.46  9.2977e-16
6198.95  9.34037e-16
6200.45  9.37553e-16
6201.94  9.4019e-16
6203.44  9.41834e-16
6204.93  9.42404e-16
6206.43  9.41868e-16
6207.93  9.40259e-16
6209.42  9.37674e-16
6210.92  9.3427e-16
6212.41  9.30248e-16
6213.91  9.25834e-16
6215.4   9.21244e-16
6216.9   9.16664e-16
6218.39  9.12219e-16
6219.89  9.07964e-16
6221.39  9.03875e-16
6222.88  8.99857e-16
6224.38  8.95766e-16
6225.87  8.91433e-16
6227.37  8.867e-16
6228.86  8.81442e-16
6230.36  8.756e-16
6231.85  8.69185e-16
6233.35  8.62283e-16
6234.85  8.55038e-16
6236.34  8.4763e-16
6237.84  8.40241e-16
6239.33  8.33026e-16
6240.83  8.26084e-16
6242.32  8.19448e-16
6243.82  8.13075e-16
6245.31  8.06866e-16
6246.81  8.00687e-16
6248.31  7.94399e-16
6249.8   7.87894e-16
6251.3   7.81119e-16
6252.79  7.74095e-16
6254.29  7.66917e-16
6255.78  7.59747e-16
6257.28  7.5278e-16
6258.77  7.46226e-16
6260.27  7.40264e-16
6261.76  7.35028e-16
6263.26  7.30578e-16
6264.76  7.26899e-16
6266.25  7.23907e-16
6267.75  7.21466e-16
6269.24  7.19406e-16
6270.74  7.17551e-16
6272.23  7.15743e-16
6273.73  7.13855e-16
6275.22  7.11806e-16
6276.72  7.09562e-16
6278.22  7.07139e-16
6279.71  7.04589e-16
6281.21  7.01996e-16
6282.7   6.99461e-16
6284.2   6.97091e-16
6285.69  6.94988e-16
6287.19  6.93238e-16
6288.68  6.91906e-16
6290.18  6.91031e-16
6291.68  6.90625e-16
6293.17  6.90677e-16
6294.67  6.9116e-16
6296.16  6.92036e-16
6297.66  6.93271e-16
6299.15  6.94836e-16
6300.65  6.96718e-16
6302.14  6.98923e-16
6303.64  7.01471e-16
6305.14  7.04393e-16
6306.63  7.07723e-16
6308.13  7.11485e-16
6309.62  7.15688e-16
6311.12  7.20312e-16
6312.61  7.25304e-16
6314.11  7.30583e-16
6315.6   7.36039e-16
6317.1   7.41546e-16
6318.59  7.46979e-16
6320.09  7.52228e-16
6321.59  7.57216e-16
6323.08  7.61912e-16
6324.58  7.66335e-16
6326.07  7.70555e-16
6327.57  7.74681e-16
6329.06  7.78843e-16
6330.56  7.83171e-16
6332.05  7.87769e-16
6333.55  7.92701e-16
6335.05  7.97978e-16
6336.54  8.03552e-16
6338.04  8.09336e-16
6339.53  8.15214e-16
6341.03  8.21074e-16
6342.52  8.26826e-16
6344.02  8.32429e-16
6345.51  8.37904e-16
6347.01  8.43326e-16
6348.51  8.48821e-16
6350     8.54538e-16
6351.5   8.60622e-16
6352.99  8.67188e-16
6354.49  8.7429e-16
6355.98  8.81917e-16
6357.48  8.89986e-16
6358.97  8.98355e-16
6360.47  9.06852e-16
6361.97  9.15296e-16
6363.46  9.23536e-16
6364.96  9.31469e-16
6366.45  9.39061e-16
6367.95  9.46349e-16
6369.44  9.5343e-16
6370.94  9.60444e-16
6372.43  9.67548e-16
6373.93  9.74886e-16
6375.42  9.82571e-16
6376.92  9.90666e-16
6378.42  9.99182e-16
6379.91  1.00808e-15
6381.41  1.01729e-15
6382.9   1.02672e-15
6384.4   1.03628e-15
6385.89  1.04592e-15
6387.39  1.05558e-15
6388.88  1.06526e-15
6390.38  1.07497e-15
6391.88  1.08473e-15
6393.37  1.09457e-15
6394.87  1.1045e-15
6396.36  1.11451e-15
6397.86  1.12457e-15
6399.35  1.1346e-15
6400.85  1.14455e-15
6402.34  1.15434e-15
6403.84  1.16388e-15
6405.34  1.17315e-15
6406.83  1.18212e-15
6408.33  1.19083e-15
6409.82  1.19933e-15
6411.32  1.2077e-15
6412.81  1.21603e-15
6414.31  1.22442e-15
6415.8   1.23293e-15
6417.3   1.24159e-15
6418.79  1.25041e-15
6420.29  1.25933e-15
6421.79  1.26827e-15
6423.28  1.27714e-15
6424.78  1.28582e-15
6426.27  1.29422e-15
6427.77  1.30229e-15
6429.26  1.31001e-15
6430.76  1.31737e-15
6432.25  1.32442e-15
6433.75  1.33121e-15
6435.25  1.33779e-15
6436.74  1.34416e-15
6438.24  1.35031e-15
6439.73  1.35618e-15
6441.23  1.36166e-15
6442.72  1.36665e-15
6444.22  1.37102e-15
6445.71  1.37469e-15
6447.21  1.37766e-15
6448.71  1.37997e-15
6450.2   1.38176e-15
6451.7   1.38324e-15
6453.19  1.38466e-15
6454.69  1.38627e-15
6456.18  1.38831e-15
6457.68  1.39097e-15
6459.17  1.39434e-15
6460.67  1.39842e-15
6462.17  1.40313e-15
6463.66  1.40835e-15
6465.16  1.41391e-15
6466.65  1.41963e-15
6468.15  1.42538e-15
6469.64  1.43105e-15
6471.14  1.43659e-15
6472.63  1.44195e-15
6474.13  1.44709e-15
6475.62  1.45195e-15
6477.12  1.45642e-15
6478.62  1.46032e-15
6480.11  1.46345e-15
6481.61  1.46559e-15
6483.1   1.46653e-15
6484.6   1.46617e-15
6486.09  1.46449e-15
6487.59  1.46163e-15
6489.08  1.45787e-15
6490.58  1.45361e-15
6492.08  1.44932e-15
6493.57  1.44548e-15
6495.07  1.44251e-15
6496.56  1.44068e-15
6498.06  1.44012e-15
6499.55  1.44073e-15
6501.05  1.44227e-15
6502.54  1.44433e-15
6504.04  1.44647e-15
6505.54  1.44822e-15
6507.03  1.44919e-15
6508.53  1.44911e-15
6510.02  1.44788e-15
6511.52  1.44554e-15
6513.01  1.44224e-15
6514.51  1.43825e-15
6516     1.43385e-15
6517.5   1.4293e-15
6519     1.42482e-15
6520.49  1.42053e-15
6521.99  1.41645e-15
6523.48  1.41254e-15
6524.98  1.40869e-15
6526.47  1.40477e-15
6527.97  1.40064e-15
6529.46  1.39619e-15
6530.96  1.39137e-15
6532.45  1.38617e-15
6533.95  1.38062e-15
6535.45  1.3748e-15
6536.94  1.3688e-15
6538.44  1.36274e-15
6539.93  1.35671e-15
6541.43  1.3508e-15
6542.92  1.34507e-15
6544.42  1.33957e-15
6545.91  1.33428e-15
6547.41  1.32921e-15
6548.91  1.3243e-15
6550.4   1.31948e-15
6551.9   1.31468e-15
6553.39  1.3098e-15
6554.89  1.30475e-15
6556.38  1.29942e-15
6557.88  1.29373e-15
6559.37  1.28762e-15
6560.87  1.28104e-15
6562.37  1.27399e-15
6563.86  1.26647e-15
6565.36  1.25854e-15
6566.85  1.25026e-15
6568.35  1.24173e-15
6569.84  1.23305e-15
6571.34  1.22432e-15
6572.83  1.21564e-15
6574.33  1.20709e-15
6575.83  1.19874e-15
6577.32  1.19064e-15
6578.82  1.1828e-15
6580.31  1.1752e-15
6581.81  1.16778e-15
6583.3   1.16047e-15
6584.8   1.15315e-15
6586.29  1.1457e-15
6587.79  1.13797e-15
6589.28  1.12985e-15
6590.78  1.12123e-15
6592.28  1.11205e-15
6593.77  1.10229e-15
6595.27  1.092e-15
6596.76  1.08129e-15
6598.26  1.07032e-15
6599.75  1.05929e-15
6601.25  1.04842e-15
6602.74  1.03792e-15
6604.24  1.02797e-15
6605.74  1.01867e-15
6607.23  1.01007e-15
6608.73  1.00211e-15
6610.22  9.9465e-16
6611.72  9.8747e-16
6613.21  9.80311e-16
6614.71  9.72899e-16
6616.2   9.64986e-16
6617.7   9.56388e-16
6619.2   9.47014e-16
6620.69  9.36877e-16
6622.19  9.26098e-16
6623.68  9.14885e-16
6625.18  9.03505e-16
6626.67  8.9224e-16
6628.17  8.8135e-16
6629.66  8.71033e-16
6631.16  8.61398e-16
6632.66  8.52453e-16
6634.15  8.44113e-16
6635.65  8.36218e-16
6637.14  8.28561e-16
6638.64  8.20928e-16
6640.13  8.13128e-16
6641.63  8.05022e-16
6643.12  7.96539e-16
6644.62  7.87682e-16
6646.11  7.78518e-16
6647.61  7.69166e-16
6649.11  7.59769e-16
6650.6   7.50478e-16
6652.1   7.41427e-16
6653.59  7.32722e-16
6655.09  7.24436e-16
6656.58  7.16601e-16
6658.08  7.0922e-16
6659.57  7.02271e-16
6661.07  6.95711e-16
6662.57  6.89487e-16
6664.06  6.83536e-16
6665.56  6.77787e-16
6667.05  6.72161e-16
6668.55  6.66574e-16
6670.04  6.60941e-16
6671.54  6.55175e-16
6673.03  6.49204e-16
6674.53  6.42971e-16
6676.03  6.3645e-16
6677.52  6.29652e-16
6679.02  6.22625e-16
6680.51  6.15455e-16
6682.01  6.0826e-16
6683.5   6.01172e-16
6685     5.94328e-16
6686.49  5.8785e-16
6687.99  5.81831e-16
6689.49  5.76327e-16
6690.98  5.71348e-16
6692.48  5.66863e-16
6693.97  5.62808e-16
6695.47  5.59096e-16
6696.96  5.55636e-16
6698.46  5.52342e-16
6699.95  5.49147e-16
6701.45  5.4601e-16
6702.94  5.42913e-16
6704.44  5.39859e-16
6705.94  5.36858e-16
6707.43  5.33923e-16
6708.93  5.31053e-16
6710.42  5.2823e-16
6711.92  5.25418e-16
6713.41  5.22567e-16
6714.91  5.19619e-16
6716.4   5.16528e-16
6717.9   5.13264e-16
6719.4   5.0983e-16
6720.89  5.06261e-16
6722.39  5.02628e-16
6723.88  4.99027e-16
6725.38  4.95566e-16
6726.87  4.92349e-16
6728.37  4.89458e-16
6729.86  4.86943e-16
6731.36  4.84811e-16
6732.86  4.83027e-16
6734.35  4.81521e-16
6735.85  4.80201e-16
6737.34  4.78968e-16
6738.84  4.77736e-16
6740.33  4.76444e-16
6741.83  4.75067e-16
6743.32  4.73614e-16
6744.82  4.72126e-16
6746.32  4.70662e-16
6747.81  4.69285e-16
6749.31  4.68046e-16
6750.8   4.66975e-16
6752.3   4.6607e-16
6753.79  4.65302e-16
6755.29  4.6462e-16
6756.78  4.63965e-16
6758.28  4.63288e-16
6759.77  4.62556e-16
6761.27  4.61768e-16
6762.77  4.60954e-16
6764.26  4.60168e-16
6765.76  4.59479e-16
6767.25  4.58948e-16
6768.75  4.5862e-16
6770.24  4.58501e-16
6771.74  4.5856e-16
6773.23  4.58724e-16
6774.73  4.58892e-16
6776.23  4.58956e-16
6777.72  4.58818e-16
6779.22  4.58412e-16
6780.71  4.57725e-16
6782.21  4.56797e-16
6783.7   4.55722e-16
6785.2   4.54635e-16
6786.69  4.53683e-16
6788.19  4.53004e-16
6789.69  4.52693e-16
6791.18  4.52789e-16
6792.68  4.53253e-16
6794.17  4.53978e-16
6795.67  4.54796e-16
6797.16  4.5551e-16
6798.66  4.55922e-16
6800.15  4.5587e-16
6801.65  4.55263e-16
6803.14  4.54096e-16
6804.64  4.5246e-16
6806.14  4.50535e-16
6807.63  4.48563e-16
6809.13  4.46812e-16
6810.62  4.45535e-16
6812.12  4.44929e-16
6813.61  4.45099e-16
6815.11  4.46042e-16
6816.6   4.47642e-16
6818.1   4.49693e-16
6819.6   4.51926e-16
6821.09  4.54057e-16
6822.59  4.55829e-16
6824.08  4.57061e-16
6825.58  4.57671e-16
6827.07  4.57693e-16
6828.57  4.57267e-16
6830.06  4.56617e-16
6831.56  4.56013e-16
6833.06  4.55722e-16
6834.55  4.55963e-16
6836.05  4.56875e-16
6837.54  4.58486e-16
6839.04  4.60717e-16
6840.53  4.63388e-16
6842.03  4.6625e-16
6843.52  4.69023e-16
6845.02  4.7144e-16
6846.52  4.73288e-16
6848.01  4.74435e-16
6849.51  4.74853e-16
6851     4.74614e-16
6852.5   4.73877e-16
6853.99  4.72865e-16
6855.49  4.71827e-16
6856.98  4.71005e-16
6858.48  4.70601e-16
6859.97  4.70749e-16
6861.47  4.71507e-16
6862.97  4.72849e-16
6864.46  4.74684e-16
6865.96  4.76865e-16
6867.45  4.79222e-16
6868.95  4.81585e-16
6870.44  4.83804e-16
6871.94  4.85772e-16
6873.43  4.87426e-16
6874.93  4.88755e-16
6876.43  4.89788e-16
6877.92  4.90583e-16
6879.42  4.91215e-16
6880.91  4.9176e-16
6882.41  4.92289e-16
6883.9   4.92856e-16
6885.4   4.93505e-16
6886.89  4.94266e-16
6888.39  4.95163e-16
6889.89  4.96218e-16
6891.38  4.97458e-16
6892.88  4.9891e-16
6894.37  5.00603e-16
6895.87  5.02563e-16
6897.36  5.04805e-16
6898.86  5.07326e-16
6900.35  5.10099e-16
6901.85  5.13067e-16
6903.35  5.16143e-16
6904.84  5.19216e-16
6906.34  5.22153e-16
6907.83  5.24814e-16
6909.33  5.27061e-16
6910.82  5.28776e-16
6912.32  5.29874e-16
6913.81  5.30315e-16
6915.31  5.30111e-16
6916.8   5.29331e-16
6918.3   5.28092e-16
6919.8   5.26554e-16
6921.29  5.24899e-16
6922.79  5.23312e-16
6924.28  5.21957e-16
6925.78  5.20958e-16
6927.27  5.20375e-16
6928.77  5.20201e-16
6930.26  5.20361e-16
6931.76  5.20714e-16
6933.26  5.21082e-16
6934.75  5.2127e-16
6936.25  5.21097e-16
6937.74  5.20423e-16
6939.24  5.19171e-16
6940.73  5.17342e-16
6942.23  5.15014e-16
6943.72  5.12333e-16
6945.22  5.09493e-16
6946.72  5.06709e-16
6948.21  5.04187e-16
6949.71  5.02096e-16
6951.2   5.00542e-16
6952.7   4.99562e-16
6954.19  4.99113e-16
6955.69  4.99081e-16
6957.18  4.99301e-16
6958.68  4.99573e-16
6960.18  4.99693e-16
6961.67  4.99477e-16
6963.17  4.98783e-16
6964.66  4.9753e-16
6966.16  4.95704e-16
6967.65  4.93361e-16
6969.15  4.90615e-16
6970.64  4.87631e-16
6972.14  4.84596e-16
6973.63  4.81706e-16
6975.13  4.79138e-16
6976.63  4.77034e-16
6978.12  4.75482e-16
6979.62  4.74508e-16
6981.11  4.74069e-16
6982.61  4.74062e-16
6984.1   4.74331e-16
6985.6   4.74687e-16
6987.09  4.74928e-16
6988.59  4.74868e-16
6990.09  4.74359e-16
6991.58  4.73311e-16
6993.08  4.71711e-16
6994.57  4.69621e-16
6996.07  4.6718e-16
6997.56  4.64583e-16
6999.06  4.6206e-16
7000.55  4.59849e-16
7002.05  4.58163e-16
7003.55  4.57167e-16
7005.04  4.56953e-16
7006.54  4.57537e-16
7008.03  4.5885e-16
7009.53  4.60755e-16
7011.02  4.63058e-16
7012.52  4.65537e-16
7014.01  4.67963e-16
7015.51  4.70128e-16
7017.01  4.71861e-16
7018.5   4.7305e-16
7020     4.73641e-16
7021.49  4.73645e-16
7022.99  4.73127e-16
7024.48  4.72199e-16
7025.98  4.70999e-16
7027.47  4.69684e-16
7028.97  4.68408e-16
7030.46  4.67312e-16
7031.96  4.66514e-16
7033.46  4.66104e-16
7034.95  4.66136e-16
7036.45  4.6663e-16
7037.94  4.67575e-16
7039.44  4.68928e-16
7040.93  4.70621e-16
7042.43  4.72567e-16
7043.92  4.7467e-16
7045.42  4.7683e-16
7046.92  4.78956e-16
7048.41  4.80971e-16
7049.91  4.8282e-16
7051.4   4.84475e-16
7052.9   4.85933e-16
7054.39  4.87215e-16
7055.89  4.88356e-16
7057.38  4.89402e-16
7058.88  4.90396e-16
7060.38  4.91371e-16
7061.87  4.92342e-16
7063.37  4.93306e-16
7064.86  4.94242e-16
7066.36  4.95113e-16
7067.85  4.95881e-16
7069.35  4.96512e-16
7070.84  4.96992e-16
7072.34  4.97333e-16
7073.84  4.9758e-16
7075.33  4.97814e-16
7076.83  4.98143e-16
7078.32  4.98696e-16
7079.82  4.99606e-16
7081.31  5.00987e-16
7082.81  5.0292e-16
7084.3   5.05433e-16
7085.8   5.08485e-16
7087.29  5.11969e-16
7088.79  5.15714e-16
7090.29  5.19503e-16
7091.78  5.23102e-16
7093.28  5.26299e-16
7094.77  5.28931e-16
7096.27  5.30927e-16
7097.76  5.32321e-16
7099.26  5.33261e-16
7100.75  5.33993e-16
7102.25  5.34828e-16
7103.75  5.36095e-16
7105.24  5.38088e-16
7106.74  5.41007e-16
7108.23  5.44924e-16
7109.73  5.49759e-16
7111.22  5.55283e-16
7112.72  5.61151e-16
7114.21  5.66952e-16
7115.71  5.72269e-16
7117.21  5.76747e-16
7118.7   5.80147e-16
7120.2   5.82378e-16
7121.69  5.83514e-16
7123.19  5.83769e-16
7124.68  5.83463e-16
7126.18  5.82963e-16
7127.67  5.82628e-16
7129.17  5.82752e-16
7130.67  5.8353e-16
7132.16  5.85039e-16
7133.66  5.87253e-16
7135.15  5.90065e-16
7136.65  5.9333e-16
7138.14  5.96912e-16
7139.64  6.00723e-16
7141.13  6.04741e-16
7142.63  6.09018e-16
7144.12  6.13662e-16
7145.62  6.18802e-16
7147.12  6.24544e-16
7148.61  6.30935e-16
7150.11  6.37925e-16
7151.6   6.45357e-16
7153.1   6.52972e-16
7154.59  6.60439e-16
7156.09  6.67396e-16
7157.58  6.73499e-16
7159.08  6.78474e-16
7160.58  6.82155e-16
7162.07  6.84505e-16
7163.57  6.85619e-16
7165.06  6.85711e-16
7166.56  6.85077e-16
7168.05  6.84057e-16
7169.55  6.8299e-16
7171.04  6.82169e-16
7172.54  6.81812e-16
7174.04  6.82044e-16
7175.53  6.82884e-16
7177.03  6.84261e-16
7178.52  6.86029e-16
7180.02  6.87998e-16
7181.51  6.89965e-16
7183.01  6.91744e-16
7184.5   6.93199e-16
7186     6.9426e-16
7187.5   6.94932e-16
7188.99  6.953e-16
7190.49  6.9551e-16
7191.98  6.95749e-16
7193.48  6.9622e-16
7194.97  6.97104e-16
7196.47  6.9854e-16
7197.96  7.00597e-16
7199.46  7.03264e-16
7200.95  7.06449e-16
7202.45  7.09988e-16
7203.95  7.13668e-16
7205.44  7.17253e-16
7206.94  7.20518e-16
7208.43  7.23272e-16
7209.93  7.25381e-16
7211.42  7.26783e-16
7212.92  7.27485e-16
7214.41  7.27555e-16
7215.91  7.27103e-16
7217.41  7.26261e-16
7218.9   7.25156e-16
7220.4   7.23895e-16
7221.89  7.22556e-16
7223.39  7.2118e-16
7224.88  7.19784e-16
7226.38  7.18366e-16
7227.87  7.16925e-16
7229.37  7.15467e-16
7230.87  7.14014e-16
7232.36  7.12606e-16
7233.86  7.11292e-16
7235.35  7.1012e-16
7236.85  7.09124e-16
7238.34  7.08314e-16
7239.84  7.07672e-16
7241.33  7.07153e-16
7242.83  7.06693e-16
7244.32  7.06227e-16
7245.82  7.05703e-16
7247.32  7.05095e-16
7248.81  7.04416e-16
7250.31  7.03712e-16
7251.8   7.03057e-16
7253.3   7.02528e-16
7254.79  7.02184e-16
7256.29  7.02038e-16
7257.78  7.02044e-16
7259.28  7.02079e-16
7260.78  7.01958e-16
7262.27  7.01447e-16
7263.77  7.00302e-16
7265.26  6.98309e-16
7266.76  6.95327e-16
7268.25  6.91324e-16
7269.75  6.86397e-16
7271.24  6.80775e-16
7272.74  6.74793e-16
7274.24  6.6885e-16
7275.73  6.63358e-16
7277.23  6.58674e-16
7278.72  6.55047e-16
7280.22  6.52578e-16
7281.71  6.51203e-16
7283.21  6.50705e-16
7284.7   6.50747e-16
7286.2   6.5093e-16
7287.7   6.5086e-16
7289.19  6.50217e-16
7290.69  6.48803e-16
7292.18  6.46586e-16
7293.68  6.43701e-16
7295.17  6.40436e-16
7296.67  6.37185e-16
7298.16  6.34395e-16
7299.66  6.32493e-16
7301.15  6.31829e-16
7302.65  6.32616e-16
7304.15  6.34906e-16
7305.64  6.38573e-16
7307.14  6.43332e-16
7308.63  6.48772e-16
7310.13  6.54408e-16
7311.62  6.59738e-16
7313.12  6.64304e-16
7314.61  6.67745e-16
7316.11  6.69829e-16
7317.61  6.7048e-16
7319.1   6.69775e-16
7320.6   6.67931e-16
7322.09  6.65272e-16
7323.59  6.62194e-16
7325.08  6.59114e-16
7326.58  6.56432e-16
7328.07  6.54488e-16
7329.57  6.53535e-16
7331.07  6.53716e-16
7332.56  6.55056e-16
7334.06  6.57472e-16
7335.55  6.60778e-16
7337.05  6.6472e-16
7338.54  6.68998e-16
7340.04  6.73307e-16
7341.53  6.77368e-16
7343.03  6.80959e-16
7344.53  6.8394e-16
7346.02  6.86265e-16
7347.52  6.87985e-16
7349.01  6.89239e-16
7350.51  6.90232e-16
7352     6.91205e-16
7353.5   6.92406e-16
7354.99  6.94052e-16
7356.49  6.96309e-16
7357.98  6.99267e-16
7359.48  7.02942e-16
7360.98  7.07271e-16
7362.47  7.12138e-16
7363.97  7.17388e-16
7365.46  7.22851e-16
7366.96  7.28369e-16
7368.45  7.33804e-16
7369.95  7.3905e-16
7371.44  7.44031e-16
7372.94  7.48694e-16
7374.44  7.52996e-16
7375.93  7.56897e-16
7377.43  7.60348e-16
7378.92  7.63294e-16
7380.42  7.65671e-16
7381.91  7.67427e-16
7383.41  7.68527e-16
7384.9   7.68973e-16
7386.4   7.68818e-16
7387.9   7.6817e-16
7389.39  7.67189e-16
7390.89  7.66079e-16
7392.38  7.65068e-16
7393.88  7.64379e-16
7395.37  7.64206e-16
7396.87  7.64687e-16
7398.36  7.65886e-16
7399.86  7.67781e-16
7401.36  7.70269e-16
7402.85  7.73176e-16
7404.35  7.76287e-16
7405.84  7.79368e-16
7407.34  7.82209e-16
7408.83  7.84643e-16
7410.33  7.86576e-16
7411.82  7.87989e-16
7413.32  7.88941e-16
7414.81  7.89544e-16
7416.31  7.89946e-16
7417.81  7.90296e-16
7419.3   7.90712e-16
7420.8   7.91264e-16
7422.29  7.91959e-16
7423.79  7.92743e-16
7425.28  7.93513e-16
7426.78  7.94142e-16
7428.27  7.94502e-16
7429.77  7.94492e-16
7431.27  7.94054e-16
7432.76  7.93184e-16
7434.26  7.91924e-16
7435.75  7.90346e-16
7437.25  7.88536e-16
7438.74  7.86563e-16
7440.24  7.84464e-16
7441.73  7.82227e-16
7443.23  7.79794e-16
7444.73  7.77066e-16
7446.22  7.73925e-16
7447.72  7.70259e-16
7449.21  7.65983e-16
7450.71  7.6106e-16
7452.2   7.55511e-16
7453.7   7.49413e-16
7455.19  7.4289e-16
7456.69  7.36093e-16
7458.19  7.29178e-16
7459.68  7.22283e-16
7461.18  7.15515e-16
7462.67  7.08939e-16
7464.17  7.02579e-16
7465.66  6.96428e-16
7467.16  6.90457e-16
7468.65  6.84633e-16
7470.15  6.78929e-16
7471.64  6.73335e-16
7473.14  6.67857e-16
7474.64  6.62515e-16
7476.13  6.57336e-16
7477.63  6.52342e-16
7479.12  6.47542e-16
7480.62  6.4293e-16
7482.11  6.3848e-16
7483.61  6.34159e-16
7485.1   6.29928e-16
7486.6   6.2576e-16
7488.1   6.21647e-16
7489.59  6.17608e-16
7491.09  6.13689e-16
7492.58  6.09961e-16
7494.08  6.06508e-16
7495.57  6.03413e-16
7497.07  6.00743e-16
7498.56  5.9854e-16
7500.06  5.96811e-16
7501.56  5.95528e-16
7503.05  5.94637e-16
7504.55  5.9406e-16
7506.04  5.93717e-16
7507.54  5.93533e-16
7509.03  5.93445e-16
7510.53  5.93408e-16
7512.02  5.93395e-16
7513.52  5.93392e-16
7515.02  5.93391e-16
7516.51  5.93391e-16
7518.01  5.93391e-16