3483.18  1.96622e-16
3484.67  2.10825e-16
3486.15  2.1983e-16
3487.64  2.22793e-16
3489.12  2.19683e-16
3490.6   2.11291e-16
3492.09  1.9911e-16
3493.57  1.85097e-16
3495.06  1.71357e-16
3496.54  1.59815e-16
3498.03  1.51915e-16
3499.51  1.48414e-16
3500.99  1.49289e-16
3502.48  1.53783e-16
3503.96  1.60573e-16
3505.45  1.68019e-16
3506.93  1.74466e-16
3508.42  1.78532e-16
3509.9   1.79342e-16
3511.38  1.76656e-16
3512.87  1.70892e-16
3514.35  1.63026e-16
3515.84  1.54395e-16
3517.32  1.46449e-16
3518.81  1.4049e-16
3520.29  1.37441e-16
3521.77  1.37703e-16
3523.26  1.41101e-16
3524.74  1.46954e-16
3526.23  1.54213e-16
3527.71  1.61681e-16
3529.2   1.68232e-16
3530.68  1.73008e-16
3532.17  1.75557e-16
3533.65  1.75874e-16
3535.13  1.74356e-16
3536.62  1.71692e-16
3538.1   1.6869e-16
3539.59  1.66118e-16
3541.07  1.64555e-16
3542.56  1.64305e-16
3544.04  1.65382e-16
3545.52  1.67552e-16
3547.01  1.70425e-16
3548.49  1.73565e-16
3549.98  1.76591e-16
3551.46  1.79246e-16
3552.95  1.81426e-16
3554.43  1.83151e-16
3555.91  1.84514e-16
3557.4   1.85608e-16
3558.88  1.86467e-16
3560.37  1.87032e-16
3561.85  1.87155e-16
3563.34  1.86643e-16
3564.82  1.85333e-16
3566.3   1.8317e-16
3567.79  1.80274e-16
3569.27  1.76972e-16
3570.76  1.73783e-16
3572.24  1.71354e-16
3573.73  1.70357e-16
3575.21  1.71365e-16
3576.69  1.74737e-16
3578.18  1.80538e-16
3579.66  1.88498e-16
3581.15  1.9804e-16
3582.63  2.08366e-16
3584.12  2.1857e-16
3585.6   2.27785e-16
3587.08  2.35308e-16
3588.57  2.40697e-16
3590.05  2.43817e-16
3591.54  2.44832e-16
3593.02  2.44149e-16
3594.51  2.42319e-16
3595.99  2.39934e-16
3597.47  2.37527e-16
3598.96  2.35494e-16
3600.44  2.3405e-16
3601.93  2.33231e-16
3603.41  2.32914e-16
3604.9   2.32876e-16
3606.38  2.32845e-16
3607.86  2.32564e-16
3609.35  2.31833e-16
3610.83  2.30533e-16
3612.32  2.28637e-16
3613.8   2.26203e-16
3615.29  2.23352e-16
3616.77  2.20245e-16
3618.26  2.17062e-16
3619.74  2.13982e-16
3621.22  2.11168e-16
3622.71  2.08761e-16
3624.19  2.06884e-16
3625.68  2.05633e-16
3627.16  2.05085e-16
3628.65  2.05297e-16
3630.13  2.063e-16
3631.61  2.08096e-16
3633.1   2.10657e-16
3634.58  2.13917e-16
3636.07  2.17775e-16
3637.55  2.22105e-16
3639.04  2.2676e-16
3640.52  2.31594e-16
3642     2.36475e-16
3643.49  2.413e-16
3644.97  2.46009e-16
3646.46  2.50585e-16
3647.94  2.55055e-16
3649.43  2.59484e-16
3650.91  2.6395e-16
3652.39  2.68536e-16
3653.88  2.73307e-16
3655.36  2.78291e-16
3656.85  2.83472e-16
3658.33  2.88775e-16
3659.82  2.94075e-16
3661.3   2.992e-16
3662.78  3.03952e-16
3664.27  3.08129e-16
3665.75  3.11556e-16
3667.24  3.14111e-16
3668.72  3.15753e-16
3670.21  3.1654e-16
3671.69  3.16633e-16
3673.17  3.16285e-16
3674.66  3.15815e-16
3676.14  3.15572e-16
3677.63  3.1588e-16
3679.11  3.16993e-16
3680.6   3.19049e-16
3682.08  3.22036e-16
3683.56  3.25783e-16
3685.05  3.29974e-16
3686.53  3.34184e-16
3688.02  3.37937e-16
3689.5   3.40773e-16
3690.99  3.42316e-16
3692.47  3.42327e-16
3693.95  3.40745e-16
3695.44  3.37689e-16
3696.92  3.33438e-16
3698.41  3.28388e-16
3699.89  3.22987e-16
3701.38  3.17671e-16
3702.86  3.12804e-16
3704.35  3.08639e-16
3705.83  3.05299e-16
3707.31  3.02785e-16
3708.8   3.01003e-16
3710.28  2.99796e-16
3711.77  2.98989e-16
3713.25  2.98415e-16
3714.74  2.97932e-16
3716.22  2.97425e-16
3717.7   2.96791e-16
3719.19  2.95919e-16
3720.67  2.94675e-16
3722.16  2.92891e-16
3723.64  2.90369e-16
3725.13  2.8691e-16
3726.61  2.82341e-16
3728.09  2.76558e-16
3729.58  2.69566e-16
3731.06  2.61499e-16
3732.55  2.52629e-16
3734.03  2.43348e-16
3735.52  2.34129e-16
3737     2.25473e-16
3738.48  2.1785e-16
3739.97  2.1164e-16
3741.45  2.0709e-16
3742.94  2.04287e-16
3744.42  2.0316e-16
3745.91  2.035e-16
3747.39  2.04992e-16
3748.87  2.07271e-16
3750.36  2.09963e-16
3751.84  2.12731e-16
3753.33  2.15299e-16
3754.81  2.17472e-16
3756.3   2.19131e-16
3757.78  2.20219e-16
3759.26  2.20726e-16
3760.75  2.2067e-16
3762.23  2.20076e-16
3763.72  2.18975e-16
3765.2   2.17401e-16
3766.69  2.15395e-16
3768.17  2.13018e-16
3769.65  2.10354e-16
3771.14  2.07519e-16
3772.62  2.04654e-16
3774.11  2.01913e-16
3775.59  1.99447e-16
3777.08  1.97381e-16
3778.56  1.95794e-16
3780.04  1.947e-16
3781.53  1.94047e-16
3783.01  1.93718e-16
3784.5   1.93548e-16
3785.98  1.93355e-16
3787.47  1.92963e-16
3788.95  1.92242e-16
3790.44  1.91128e-16
3791.92  1.89639e-16
3793.4   1.87872e-16
3794.89  1.8599e-16
3796.37  1.84192e-16
3797.86  1.82685e-16
3799.34  1.81645e-16
3800.83  1.812e-16
3802.31  1.81407e-16
3803.79  1.82261e-16
3805.28  1.83709e-16
3806.76  1.85671e-16
3808.25  1.88068e-16
3809.73  1.90845e-16
3811.22  1.93979e-16
3812.7   1.97476e-16
3814.18  2.01357e-16
3815.67  2.05628e-16
3817.15  2.10258e-16
3818.64  2.15151e-16
3820.12  2.20147e-16
3821.61  2.25025e-16
3823.09  2.29537e-16
3824.57  2.33449e-16
3826.06  2.3659e-16
3827.54  2.38892e-16
3829.03  2.40426e-16
3830.51  2.41404e-16
3832     2.42164e-16
3833.48  2.4313e-16
3834.96  2.44748e-16
3836.45  2.47423e-16
3837.93  2.51453e-16
3839.42  2.5698e-16
3840.9   2.63966e-16
3842.39  2.72197e-16
3843.87  2.81317e-16
3845.35  2.90887e-16
3846.84  3.00453e-16
3848.32  3.09619e-16
3849.81  3.18112e-16
3851.29  3.25819e-16
3852.78  3.328e-16
3854.26  3.39269e-16
3855.74  3.45548e-16
3857.23  3.51998e-16
3858.71  3.58953e-16
3860.2   3.66642e-16
3861.68  3.75147e-16
3863.17  3.84371e-16
3864.65  3.94047e-16
3866.13  4.03772e-16
3867.62  4.13065e-16
3869.1   4.21443e-16
3870.59  4.28498e-16
3872.07  4.33961e-16
3873.56  4.37752e-16
3875.04  4.39995e-16
3876.53  4.41006e-16
3878.01  4.4125e-16
3879.49  4.4127e-16
3880.98  4.41607e-16
3882.46  4.42719e-16
3883.95  4.44906e-16
3885.43  4.48267e-16
3886.92  4.52683e-16
3888.4   4.5784e-16
3889.88  4.63284e-16
3891.37  4.68502e-16
3892.85  4.73014e-16
3894.34  4.76468e-16
3895.82  4.78707e-16
3897.31  4.79819e-16
3898.79  4.80129e-16
3900.27  4.80161e-16
3901.76  4.80562e-16
3903.24  4.81993e-16
3904.73  4.85014e-16
3906.21  4.89979e-16
3907.7   4.96955e-16
3909.18  5.05678e-16
3910.66  5.15568e-16
3912.15  5.2578e-16
3913.63  5.35311e-16
3915.12  5.4313e-16
3916.6   5.48329e-16
3918.09  5.50255e-16
3919.57  5.48624e-16
3921.05  5.43584e-16
3922.54  5.35719e-16
3924.02  5.2599e-16
3925.51  5.15632e-16
3926.99  5.05992e-16
3928.48  4.98366e-16
3929.96  4.93828e-16
3931.44  4.93098e-16
3932.93  4.96462e-16
3934.41  5.03752e-16
3935.9   5.14386e-16
3937.38  5.27478e-16
3938.87  5.41962e-16
3940.35  5.56746e-16
3941.83  5.70839e-16
3943.32  5.83455e-16
3944.8   5.94062e-16
3946.29  6.02389e-16
3947.77  6.08391e-16
3949.26  6.12184e-16
3950.74  6.13979e-16
3952.22  6.14013e-16
3953.71  6.12511e-16
3955.19  6.09669e-16
3956.68  6.05663e-16
3958.16  6.00677e-16
3959.65  5.94932e-16
3961.13  5.88713e-16
3962.62  5.82377e-16
3964.1   5.76339e-16
3965.58  5.71038e-16
3967.07  5.66882e-16
3968.55  5.64197e-16
3970.04  5.63165e-16
3971.52  5.63791e-16
3973.01  5.65887e-16
3974.49  5.69087e-16
3975.97  5.72881e-16
3977.46  5.76679e-16
3978.94  5.79884e-16
3980.43  5.81967e-16
3981.91  5.82534e-16
3983.4   5.81373e-16
3984.88  5.7848e-16
3986.36  5.74052e-16
3987.85  5.68453e-16
3989.33  5.62158e-16
3990.82  5.55681e-16
3992.3   5.49498e-16
3993.79  5.43981e-16
3995.27  5.39343e-16
3996.75  5.3562e-16
3998.24  5.32666e-16
3999.72  5.30197e-16
4001.21  5.27837e-16
4002.69  5.25193e-16
4004.18  5.21922e-16
4005.66  5.1779e-16
4007.14  5.12711e-16
4008.63  5.06762e-16
4010.11  5.00165e-16
4011.6   4.93255e-16
4013.08  4.86424e-16
4014.57  4.80062e-16
4016.05  4.74504e-16
4017.53  4.69984e-16
4019.02  4.6661e-16
4020.5   4.64357e-16
4021.99  4.63087e-16
4023.47  4.62574e-16
4024.96  4.62549e-16
4026.44  4.6274e-16
4027.92  4.62918e-16
4029.41  4.62926e-16
4030.89  4.62701e-16
4032.38  4.62275e-16
4033.86  4.61769e-16
4035.35  4.61364e-16
4036.83  4.61269e-16
4038.32  4.61685e-16
4039.8   4.62756e-16
4041.28  4.64547e-16
4042.77  4.67016e-16
4044.25  4.70012e-16
4045.74  4.73283e-16
4047.22  4.7651e-16
4048.71  4.79349e-16
4050.19  4.81474e-16
4051.67  4.82632e-16
4053.16  4.82677e-16
4054.64  4.81595e-16
4056.13  4.79506e-16
4057.61  4.76648e-16
4059.1   4.73338e-16
4060.58  4.69924e-16
4062.06  4.66726e-16
4063.55  4.63992e-16
4065.03  4.61852e-16
4066.52  4.603e-16
4068     4.59198e-16
4069.49  4.58297e-16
4070.97  4.57282e-16
4072.45  4.55827e-16
4073.94  4.5365e-16
4075.42  4.50565e-16
4076.91  4.46516e-16
4078.39  4.41591e-16
4079.88  4.36011e-16
4081.36  4.30097e-16
4082.84  4.24223e-16
4084.33  4.18756e-16
4085.81  4.14008e-16
4087.3   4.1019e-16
4088.78  4.07394e-16
4090.27  4.05588e-16
4091.75  4.04641e-16
4093.23  4.04356e-16
4094.72  4.04512e-16
4096.2   4.04912e-16
4097.69  4.05406e-16
4099.17  4.05918e-16
4100.66  4.06438e-16
4102.14  4.07007e-16
4103.62  4.07691e-16
4105.11  4.08549e-16
4106.59  4.09598e-16
4108.08  4.10802e-16
4109.56  4.12061e-16
4111.05  4.13225e-16
4112.53  4.14113e-16
4114.01  4.14548e-16
4115.5   4.14385e-16
4116.98  4.13543e-16
4118.47  4.12017e-16
4119.95  4.09883e-16
4121.44  4.07288e-16
4122.92  4.04431e-16
4124.41  4.0153e-16
4125.89  3.988e-16
4127.37  3.96423e-16
4128.86  3.94533e-16
4130.34  3.93203e-16
4131.83  3.9245e-16
4133.31  3.92236e-16
4134.8   3.9248e-16
4136.28  3.93073e-16
4137.76  3.93887e-16
4139.25  3.94793e-16
4140.73  3.95671e-16
4142.22  3.96424e-16
4143.7   3.96987e-16
4145.19  3.97343e-16
4146.67  3.97526e-16
4148.15  3.97628e-16
4149.64  3.97788e-16
4151.12  3.98185e-16
4152.61  3.99013e-16
4154.09  4.00449e-16
4155.58  4.02627e-16
4157.06  4.05607e-16
4158.54  4.09358e-16
4160.03  4.13753e-16
4161.51  4.18581e-16
4163     4.23574e-16
4164.48  4.28444e-16
4165.97  4.32927e-16
4167.45  4.36818e-16
4168.93  4.40003e-16
4170.42  4.42466e-16
4171.9   4.44283e-16
4173.39  4.45599e-16
4174.87  4.46593e-16
4176.36  4.47444e-16
4177.84  4.48294e-16
4179.32  4.49226e-16
4180.81  4.50255e-16
4182.29  4.51332e-16
4183.78  4.52361e-16
4185.26  4.53224e-16
4186.75  4.53805e-16
4188.23  4.54011e-16
4189.71  4.53791e-16
4191.2   4.53137e-16
4192.68  4.52085e-16
4194.17  4.50702e-16
4195.65  4.49079e-16
4197.14  4.47318e-16
4198.62  4.45523e-16
4200.1   4.43796e-16
4201.59  4.42236e-16
4203.07  4.40936e-16
4204.56  4.39988e-16
4206.04  4.39475e-16
4207.53  4.39462e-16
4209.01  4.3999e-16
4210.5   4.41057e-16
4211.98  4.4261e-16
4213.46  4.44534e-16
4214.95  4.46652e-16
4216.43  4.48742e-16
4217.92  4.50553e-16
4219.4   4.51839e-16
4220.89  4.52395e-16
4222.37  4.52093e-16
4223.85  4.50905e-16
4225.34  4.48921e-16
4226.82  4.46339e-16
4228.31  4.4345e-16
4229.79  4.40594e-16
4231.28  4.38115e-16
4232.76  4.36312e-16
4234.24  4.35398e-16
4235.73  4.35462e-16
4237.21  4.3647e-16
4238.7   4.38267e-16
4240.18  4.40607e-16
4241.67  4.43199e-16
4243.15  4.4575e-16
4244.63  4.48015e-16
4246.12  4.49822e-16
4247.6   4.51096e-16
4249.09  4.51853e-16
4250.57  4.52181e-16
4252.06  4.52214e-16
4253.54  4.52092e-16
4255.02  4.51936e-16
4256.51  4.51825e-16
4257.99  4.51794e-16
4259.48  4.51839e-16
4260.96  4.51935e-16
4262.45  4.52066e-16
4263.93  4.52245e-16
4265.41  4.52527e-16
4266.9   4.53017e-16
4268.38  4.53855e-16
4269.87  4.55192e-16
4271.35  4.57163e-16
4272.84  4.5985e-16
4274.32  4.63257e-16
4275.8   4.67294e-16
4277.29  4.71776e-16
4278.77  4.76445e-16
4280.26  4.81e-16
4281.74  4.8514e-16
4283.23  4.8861e-16
4284.71  4.91247e-16
4286.19  4.93003e-16
4287.68  4.93958e-16
4289.16  4.94316e-16
4290.65  4.9437e-16
4292.13  4.94464e-16
4293.62  4.94941e-16
4295.1   4.96089e-16
4296.59  4.98102e-16
4298.07  5.01049e-16
4299.55  5.04868e-16
4301.04  5.09376e-16
4302.52  5.14298e-16
4304.01  5.19306e-16
4305.49  5.24069e-16
4306.98  5.28292e-16
4308.46  5.31753e-16
4309.94  5.34325e-16
4311.43  5.35979e-16
4312.91  5.3678e-16
4314.4   5.3686e-16
4315.88  5.36392e-16
4317.37  5.35556e-16
4318.85  5.34507e-16
4320.33  5.33349e-16
4321.82  5.32118e-16
4323.3   5.30777e-16
4324.79  5.29223e-16
4326.27  5.27305e-16
4327.76  5.24846e-16
4329.24  5.21683e-16
4330.72  5.17693e-16
4332.21  5.12823e-16
4333.69  5.07111e-16
4335.18  5.0069e-16
4336.66  4.93783e-16
4338.15  4.86676e-16
4339.63  4.79691e-16
4341.11  4.73141e-16
4342.6   4.67296e-16
4344.08  4.62342e-16
4345.57  4.58364e-16
4347.05  4.55335e-16
4348.54  4.53122e-16
4350.02  4.51509e-16
4351.5   4.50227e-16
4352.99  4.48992e-16
4354.47  4.47539e-16
4355.96  4.45654e-16
4357.44  4.43194e-16
4358.93  4.40093e-16
4360.41  4.36361e-16
4361.89  4.32064e-16
4363.38  4.27308e-16
4364.86  4.22212e-16
4366.35  4.1689e-16
4367.83  4.11434e-16
4369.32  4.05913e-16
4370.8   4.00368e-16
4372.28  3.94832e-16
4373.77  3.89332e-16
4375.25  3.83912e-16
4376.74  3.78637e-16
4378.22  3.736e-16
4379.71  3.68914e-16
4381.19  3.647e-16
4382.68  3.61074e-16
4384.16  3.58119e-16
4385.64  3.55878e-16
4387.13  3.5433e-16
4388.61  3.53396e-16
4390.1   3.52941e-16
4391.58  3.52785e-16
4393.07  3.52729e-16
4394.55  3.52575e-16
4396.03  3.52152e-16
4397.52  3.51337e-16
4399     3.50064e-16
4400.49  3.48334e-16
4401.97  3.46205e-16
4403.46  3.43783e-16
4404.94  3.41202e-16
4406.42  3.38607e-16
4407.91  3.36132e-16
4409.39  3.3389e-16
4410.88  3.3196e-16
4412.36  3.30389e-16
4413.85  3.29195e-16
4415.33  3.28372e-16
4416.81  3.27902e-16
4418.3   3.27757e-16
4419.78  3.27909e-16
4421.27  3.28328e-16
4422.75  3.28982e-16
4424.24  3.29836e-16
4425.72  3.30853e-16
4427.2   3.31999e-16
4428.69  3.33245e-16
4430.17  3.34578e-16
4431.66  3.36003e-16
4433.14  3.37548e-16
4434.63  3.39259e-16
4436.11  3.4119e-16
4437.59  3.43383e-16
4439.08  3.45853e-16
4440.56  3.48569e-16
4442.05  3.51448e-16
4443.53  3.54347e-16
4445.02  3.5709e-16
4446.5   3.59485e-16
4447.98  3.61363e-16
4449.47  3.62616e-16
4450.95  3.63224e-16
4452.44  3.63275e-16
4453.92  3.62962e-16
4455.41  3.6256e-16
4456.89  3.62387e-16
4458.37  3.62755e-16
4459.86  3.63911e-16
4461.34  3.66001e-16
4462.83  3.69036e-16
4464.31  3.72891e-16
4465.8   3.77325e-16
4467.28  3.82023e-16
4468.77  3.86649e-16
4470.25  3.90906e-16
4471.73  3.94587e-16
4473.22  3.97601e-16
4474.7   3.99985e-16
4476.19  4.01888e-16
4477.67  4.03535e-16
4479.16  4.05174e-16
4480.64  4.0703e-16
4482.12  4.09258e-16
4483.61  4.11922e-16
4485.09  4.14987e-16
4486.58  4.18336e-16
4488.06  4.21807e-16
4489.55  4.25232e-16
4491.03  4.28482e-16
4492.51  4.31501e-16
4494     4.34317e-16
4495.48  4.37045e-16
4496.97  4.39863e-16
4498.45  4.42976e-16
4499.94  4.46579e-16
4501.42  4.50817e-16
4502.9   4.55757e-16
4504.39  4.61381e-16
4505.87  4.67594e-16
4507.36  4.74246e-16
4508.84  4.81176e-16
4510.33  4.88244e-16
4511.81  4.95377e-16
4513.29  5.02582e-16
4514.78  5.09962e-16
4516.26  5.17694e-16
4517.75  5.26002e-16
4519.23  5.3511e-16
4520.72  5.45198e-16
4522.2   5.56359e-16
4523.68  5.68574e-16
4525.17  5.81703e-16
4526.65  5.95504e-16
4528.14  6.09665e-16
4529.62  6.2385e-16
4531.11  6.37751e-16
4532.59  6.51136e-16
4534.07  6.63875e-16
4535.56  6.75955e-16
4537.04  6.87467e-16
4538.53  6.98585e-16
4540.01  7.09522e-16
4541.5   7.2049e-16
4542.98  7.31665e-16
4544.47  7.43158e-16
4545.95  7.55003e-16
4547.43  7.67162e-16
4548.92  7.79535e-16
4550.4   7.91982e-16
4551.89  8.04343e-16
4553.37  8.16455e-16
4554.86  8.28164e-16
4556.34  8.39328e-16
4557.82  8.49819e-16
4559.31  8.59524e-16
4560.79  8.68346e-16
4562.28  8.7621e-16
4563.76  8.8308e-16
4565.25  8.8897e-16
4566.73  8.93959e-16
4568.21  8.98193e-16
4569.7   9.01886e-16
4571.18  9.05289e-16
4572.67  9.08668e-16
4574.15  9.12257e-16
4575.64  9.16224e-16
4577.12  9.2064e-16
4578.6   9.25468e-16
4580.09  9.30572e-16
4581.57  9.35749e-16
4583.06  9.40773e-16
4584.54  9.45447e-16
4586.03  9.49654e-16
4587.51  9.53386e-16
4588.99  9.56753e-16
4590.48  9.59974e-16
4591.96  9.63328e-16
4593.45  9.67113e-16
4594.93  9.7158e-16
4596.42  9.76886e-16
4597.9   9.83063e-16
4599.38  9.90008e-16
4600.87  9.97502e-16
4602.35  1.00525e-15
4603.84  1.01292e-15
4605.32  1.02023e-15
4606.81  1.02698e-15
4608.29  1.03309e-15
4609.77  1.03859e-15
4611.26  1.04367e-15
4612.74  1.04861e-15
4614.23  1.05372e-15
4615.71  1.05936e-15
4617.2   1.0658e-15
4618.68  1.07325e-15
4620.16  1.08178e-15
4621.65  1.0913e-15
4623.13  1.1016e-15
4624.62  1.11231e-15
4626.1   1.12292e-15
4627.59  1.13285e-15
4629.07  1.14146e-15
4630.56  1.14813e-15
4632.04  1.15225e-15
4633.52  1.15335e-15
4635.01  1.15108e-15
4636.49  1.14527e-15
4637.98  1.13595e-15
4639.46  1.12335e-15
4640.95  1.10789e-15
4642.43  1.09013e-15
4643.91  1.07074e-15
4645.4   1.05041e-15
4646.88  1.02985e-15
4648.37  1.00963e-15
4649.85  9.90233e-16
4651.34  9.71948e-16
4652.82  9.54889e-16
4654.3   9.38991e-16
4655.79  9.2404e-16
4657.27  9.09715e-16
4658.76  8.95641e-16
4660.24  8.81458e-16
4661.73  8.66869e-16
4663.21  8.5169e-16
4664.69  8.35882e-16
4666.18  8.19558e-16
4667.66  8.02971e-16
4669.15  7.86481e-16
4670.63  7.70504e-16
4672.12  7.55453e-16
4673.6   7.41677e-16
4675.08  7.29408e-16
4676.57  7.18721e-16
4678.05  7.09521e-16
4679.54  7.01542e-16
4681.02  6.94388e-16
4682.51  6.87575e-16
4683.99  6.80599e-16
4685.47  6.73e-16
4686.96  6.64427e-16
4688.44  6.54678e-16
4689.93  6.43731e-16
4691.41  6.31741e-16
4692.9   6.19018e-16
4694.38  6.05987e-16
4695.86  5.93132e-16
4697.35  5.80936e-16
4698.83  5.69829e-16
4700.32  5.60142e-16
4701.8   5.52077e-16
4703.29  5.45701e-16
4704.77  5.40942e-16
4706.25  5.3762e-16
4707.74  5.35469e-16
4709.22  5.34175e-16
4710.71  5.33412e-16
4712.19  5.32868e-16
4713.68  5.32277e-16
4715.16  5.31432e-16
4716.65  5.30193e-16
4718.13  5.28488e-16
4719.61  5.26308e-16
4721.1   5.23694e-16
4722.58  5.20723e-16
4724.07  5.17489e-16
4725.55  5.14086e-16
4727.04  5.10592e-16
4728.52  5.07062e-16
4730     5.03513e-16
4731.49  4.99932e-16
4732.97  4.96281e-16
4734.46  4.92507e-16
4735.94  4.88565e-16
4737.43  4.84436e-16
4738.91  4.80146e-16
4740.39  4.75777e-16
4741.88  4.71469e-16
4743.36  4.67416e-16
4744.85  4.63844e-16
4746.33  4.60981e-16
4747.82  4.59027e-16
4749.3   4.58119e-16
4750.78  4.58306e-16
4752.27  4.59535e-16
4753.75  4.61654e-16
4755.24  4.64428e-16
4756.72  4.67583e-16
4758.21  4.70837e-16
4759.69  4.73958e-16
4761.17  4.76795e-16
4762.66  4.79311e-16
4764.14  4.81586e-16
4765.63  4.83803e-16
4767.11  4.8622e-16
4768.6   4.89118e-16
4770.08  4.92749e-16
4771.56  4.97292e-16
4773.05  5.02812e-16
4774.53  5.09248e-16
4776.02  5.16417e-16
4777.5   5.24049e-16
4778.99  5.31829e-16
4780.47  5.39454e-16
4781.95  5.46686e-16
4783.44  5.53398e-16
4784.92  5.59596e-16
4786.41  5.65419e-16
4787.89  5.71118e-16
4789.38  5.77016e-16
4790.86  5.83448e-16
4792.34  5.90708e-16
4793.83  5.98993e-16
4795.31  6.08363e-16
4796.8   6.18723e-16
4798.28  6.29821e-16
4799.77  6.41271e-16
4801.25  6.52595e-16
4802.74  6.63271e-16
4804.22  6.72791e-16
4805.7   6.80711e-16
4807.19  6.86697e-16
4808.67  6.9055e-16
4810.16  6.92221e-16
4811.64  6.91804e-16
4813.13  6.89516e-16
4814.61  6.85662e-16
4816.09  6.806e-16
4817.58  6.74701e-16
4819.06  6.68309e-16
4820.55  6.6172e-16
4822.03  6.55157e-16
4823.52  6.48775e-16
4825     6.42659e-16
4826.48  6.36845e-16
4827.97  6.31337e-16
4829.45  6.26128e-16
4830.94  6.21221e-16
4832.42  6.1664e-16
4833.91  6.12431e-16
4835.39  6.08661e-16
4836.87  6.05404e-16
4838.36  6.02726e-16
4839.84  6.00667e-16
4841.33  5.9923e-16
4842.81  5.98369e-16
4844.3   5.97996e-16
4845.78  5.97986e-16
4847.26  5.98195e-16
4848.75  5.98484e-16
4850.23  5.98739e-16
4851.72  5.98894e-16
4853.2   5.98937e-16
4854.69  5.98923e-16
4856.17  5.98959e-16
4857.65  5.99197e-16
4859.14  5.99808e-16
4860.62  6.00964e-16
4862.11  6.02816e-16
4863.59  6.05481e-16
4865.08  6.0903e-16
4866.56  6.13488e-16
4868.04  6.1884e-16
4869.53  6.25039e-16
4871.01  6.32017e-16
4872.5   6.39697e-16
4873.98  6.47999e-16
4875.47  6.56846e-16
4876.95  6.66166e-16
4878.43  6.7589e-16
4879.92  6.85956e-16
4881.4   6.96298e-16
4882.89  7.06856e-16
4884.37  7.17575e-16
4885.86  7.28406e-16
4887.34  7.39317e-16
4888.83  7.50293e-16
4890.31  7.61344e-16
4891.79  7.72501e-16
4893.28  7.83813e-16
4894.76  7.95337e-16
4896.25  8.07126e-16
4897.73  8.19212e-16
4899.22  8.31589e-16
4900.7   8.44195e-16
4902.18  8.56908e-16
4903.67  8.69544e-16
4905.15  8.81867e-16
4906.64  8.93612e-16
4908.12  9.04516e-16
4909.61  9.14356e-16
4911.09  9.22986e-16
4912.57  9.30367e-16
4914.06  9.36588e-16
4915.54  9.41859e-16
4917.03  9.46503e-16
4918.51  9.50906e-16
4920     9.55475e-16
4921.48  9.60574e-16
4922.96  9.6647e-16
4924.45  9.7329e-16
4925.93  9.80995e-16
4927.42  9.89378e-16
4928.9   9.98093e-16
4930.39  1.00669e-15
4931.87  1.0147e-15
4933.35  1.02164e-15
4934.84  1.02714e-15
4936.32  1.03095e-15
4937.81  1.03294e-15
4939.29  1.03315e-15
4940.78  1.0317e-15
4942.26  1.02881e-15
4943.74  1.02471e-15
4945.23  1.01962e-15
4946.71  1.01369e-15
4948.2   1.00699e-15
4949.68  9.99543e-16
4951.17  9.91284e-16
4952.65  9.82139e-16
4954.13  9.72039e-16
4955.62  9.60957e-16
4957.1   9.48925e-16
4958.59  9.36046e-16
4960.07  9.22483e-16
4961.56  9.08436e-16
4963.04  8.94114e-16
4964.52  8.79706e-16
4966.01  8.65351e-16
4967.49  8.51126e-16
4968.98  8.37043e-16
4970.46  8.23057e-16
4971.95  8.09093e-16
4973.43  7.95074e-16
4974.92  7.8095e-16
4976.4   7.66722e-16
4977.88  7.52458e-16
4979.37  7.38297e-16
4980.85  7.24435e-16
4982.34  7.11105e-16
4983.82  6.98546e-16
4985.31  6.86975e-16
4986.79  6.76558e-16
4988.27  6.6739e-16
4989.76  6.59487e-16
4991.24  6.52785e-16
4992.73  6.47153e-16
4994.21  6.42407e-16
4995.7   6.38336e-16
4997.18  6.34715e-16
4998.66  6.31323e-16
5000.15  6.27962e-16
5001.63  6.24456e-16
5003.12  6.20666e-16
5004.6   6.16486e-16
5006.09  6.11853e-16
5007.57  6.06744e-16
5009.05  6.01182e-16
5010.54  5.95234e-16
5012.02  5.8901e-16
5013.51  5.82656e-16
5014.99  5.7634e-16
5016.48  5.70248e-16
5017.96  5.64557e-16
5019.44  5.5943e-16
5020.93  5.54996e-16
5022.41  5.51344e-16
5023.9   5.48511e-16
5025.38  5.46485e-16
5026.87  5.45196e-16
5028.35  5.44528e-16
5029.83  5.44311e-16
5031.32  5.44341e-16
5032.8   5.44376e-16
5034.29  5.4416e-16
5035.77  5.43438e-16
5037.26  5.41974e-16
5038.74  5.39582e-16
5040.22  5.36149e-16
5041.71  5.31654e-16
5043.19  5.26185e-16
5044.68  5.19941e-16
5046.16  5.13218e-16
5047.65  5.06387e-16
5049.13  4.99853e-16
5050.61  4.94009e-16
5052.1   4.89192e-16
5053.58  4.85634e-16
5055.07  4.83436e-16
5056.55  4.82549e-16
5058.04  4.82789e-16
5059.52  4.83854e-16
5061.01  4.85373e-16
5062.49  4.86958e-16
5063.97  4.88257e-16
5065.46  4.88999e-16
5066.94  4.89029e-16
5068.43  4.8832e-16
5069.91  4.86964e-16
5071.4   4.85148e-16
5072.88  4.83111e-16
5074.36  4.81098e-16
5075.85  4.7932e-16
5077.33  4.77916e-16
5078.82  4.76936e-16
5080.3   4.7634e-16
5081.79  4.76006e-16
5083.27  4.75767e-16
5084.75  4.7544e-16
5086.24  4.74863e-16
5087.72  4.7393e-16
5089.21  4.72605e-16
5090.69  4.70934e-16
5092.18  4.69035e-16
5093.66  4.67079e-16
5095.14  4.65263e-16
5096.63  4.63777e-16
5098.11  4.62778e-16
5099.6   4.62366e-16
5101.08  4.62568e-16
5102.57  4.63339e-16
5104.05  4.6456e-16
5105.53  4.66059e-16
5107.02  4.67626e-16
5108.5   4.69031e-16
5109.99  4.70051e-16
5111.47  4.70489e-16
5112.96  4.70188e-16
5114.44  4.69055e-16
5115.92  4.67068e-16
5117.41  4.64288e-16
5118.89  4.60858e-16
5120.38  4.57005e-16
5121.86  4.53017e-16
5123.35  4.49231e-16
5124.83  4.45994e-16
5126.31  4.4363e-16
5127.8   4.42403e-16
5129.28  4.42474e-16
5130.77  4.43887e-16
5132.25  4.46547e-16
5133.74  4.50233e-16
5135.22  4.54621e-16
5136.71  4.59325e-16
5138.19  4.63948e-16
5139.67  4.68135e-16
5141.16  4.71625e-16
5142.64  4.7428e-16
5144.13  4.76108e-16
5145.61  4.77248e-16
5147.1   4.7795e-16
5148.58  4.78523e-16
5150.06  4.79287e-16
5151.55  4.80519e-16
5153.03  4.82409e-16
5154.52  4.85026e-16
5156     4.8832e-16
5157.49  4.92125e-16
5158.97  4.96194e-16
5160.45  5.00239e-16
5161.94  5.03978e-16
5163.42  5.07182e-16
5164.91  5.09703e-16
5166.39  5.115e-16
5167.88  5.1264e-16
5169.36  5.13284e-16
5170.84  5.13668e-16
5172.33  5.14067e-16
5173.81  5.14761e-16
5175.3   5.16003e-16
5176.78  5.17993e-16
5178.27  5.20856e-16
5179.75  5.2464e-16
5181.23  5.29314e-16
5182.72  5.34784e-16
5184.2   5.40909e-16
5185.69  5.47526e-16
5187.17  5.54478e-16
5188.66  5.61633e-16
5190.14  5.68904e-16
5191.62  5.76257e-16
5193.11  5.83715e-16
5194.59  5.91341e-16
5196.08  5.99225e-16
5197.56  6.07454e-16
5199.05  6.16082e-16
5200.53  6.2511e-16
5202.01  6.34462e-16
5203.5   6.43981e-16
5204.98  6.5344e-16
5206.47  6.62557e-16
5207.95  6.71036e-16
5209.44  6.78604e-16
5210.92  6.85055e-16
5212.4   6.90284e-16
5213.89  6.94312e-16
5215.37  6.97286e-16
5216.86  6.99469e-16
5218.34  7.01208e-16
5219.83  7.0289e-16
5221.31  7.04888e-16
5222.8   7.07518e-16
5224.28  7.10994e-16
5225.76  7.15411e-16
5227.25  7.20733e-16
5228.73  7.26814e-16
5230.22  7.33418e-16
5231.7   7.40268e-16
5233.19  7.47082e-16
5234.67  7.53618e-16
5236.15  7.59702e-16
5237.64  7.65253e-16
5239.12  7.70287e-16
5240.61  7.74911e-16
5242.09  7.79306e-16
5243.58  7.83699e-16
5245.06  7.88336e-16
5246.54  7.93446e-16
5248.03  7.99214e-16
5249.51  8.05763e-16
5251     8.13137e-16
5252.48  8.21303e-16
5253.97  8.30159e-16
5255.45  8.39552e-16
5256.93  8.49307e-16
5258.42  8.59249e-16
5259.9   8.69235e-16
5261.39  8.79172e-16
5262.87  8.89025e-16
5264.36  8.98819e-16
5265.84  9.0862e-16
5267.32  9.18515e-16
5268.81  9.28584e-16
5270.29  9.38862e-16
5271.78  9.49324e-16
5273.26  9.59863e-16
5274.75  9.70287e-16
5276.23  9.8034e-16
5277.71  9.89721e-16
5279.2   9.98122e-16
5280.68  1.00527e-15
5282.17  1.01097e-15
5283.65  1.01513e-15
5285.14  1.01779e-15
5286.62  1.01911e-15
5288.1   1.01937e-15
5289.59  1.01893e-15
5291.07  1.0182e-15
5292.56  1.01758e-15
5294.04  1.01742e-15
5295.53  1.01797e-15
5297.01  1.01935e-15
5298.49  1.02155e-15
5299.98  1.02444e-15
5301.46  1.02774e-15
5302.95  1.03111e-15
5304.43  1.03416e-15
5305.92  1.0365e-15
5307.4   1.0378e-15
5308.89  1.03779e-15
5310.37  1.03633e-15
5311.85  1.03338e-15
5313.34  1.02906e-15
5314.82  1.02355e-15
5316.31  1.01716e-15
5317.79  1.01024e-15
5319.28  1.00317e-15
5320.76  9.96338e-16
5322.24  9.90088e-16
5323.73  9.84704e-16
5325.21  9.80392e-16
5326.7   9.77258e-16
5328.18  9.7531e-16
5329.67  9.74454e-16
5331.15  9.74513e-16
5332.63  9.75238e-16
5334.12  9.76347e-16
5335.6   9.77545e-16
5337.09  9.78566e-16
5338.57  9.792e-16
5340.06  9.79316e-16
5341.54  9.7888e-16
5343.02  9.77954e-16
5344.51  9.76688e-16
5345.99  9.75301e-16
5347.48  9.74046e-16
5348.96  9.73185e-16
5350.45  9.72952e-16
5351.93  9.73528e-16
5353.41  9.75024e-16
5354.9   9.77472e-16
5356.38  9.80827e-16
5357.87  9.8498e-16
5359.35  9.89771e-16
5360.84  9.95008e-16
5362.32  1.00049e-15
5363.8   1.00601e-15
5365.29  1.01139e-15
5366.77  1.01647e-15
5368.26  1.02113e-15
5369.74  1.02529e-15
5371.23  1.02891e-15
5372.71  1.03201e-15
5374.19  1.03465e-15
5375.68  1.03695e-15
5377.16  1.03908e-15
5378.65  1.04125e-15
5380.13  1.04368e-15
5381.62  1.04662e-15
5383.1   1.05027e-15
5384.58  1.05481e-15
5386.07  1.06035e-15
5387.55  1.06692e-15
5389.04  1.07445e-15
5390.52  1.08283e-15
5392.01  1.09183e-15
5393.49  1.1012e-15
5394.98  1.11069e-15
5396.46  1.12004e-15
5397.94  1.12903e-15
5399.43  1.13754e-15
5400.91  1.14551e-15
5402.4   1.15295e-15
5403.88  1.15998e-15
5405.37  1.16676e-15
5406.85  1.17345e-15
5408.33  1.18026e-15
5409.82  1.18732e-15
5411.3   1.19474e-15
5412.79  1.20256e-15
5414.27  1.21074e-15
5415.76  1.2192e-15
5417.24  1.2278e-15
5418.72  1.23639e-15
5420.21  1.24484e-15
5421.69  1.25304e-15
5423.18  1.26092e-15
5424.66  1.26848e-15
5426.15  1.27573e-15
5427.63  1.28275e-15
5429.11  1.28959e-15
5430.6   1.2963e-15
5432.08  1.30293e-15
5433.57  1.30947e-15
5435.05  1.3159e-15
5436.54  1.32219e-15
5438.02  1.32831e-15
5439.5   1.33427e-15
5440.99  1.34011e-15
5442.47  1.34594e-15
5443.96  1.35187e-15
5445.44  1.35803e-15
5446.93  1.36455e-15
5448.41  1.37145e-15
5449.89  1.37872e-15
5451.38  1.38619e-15
5452.86  1.39364e-15
5454.35  1.40076e-15
5455.83  1.40722e-15
5457.32  1.41273e-15
5458.8   1.41706e-15
5460.28  1.42016e-15
5461.77  1.4221e-15
5463.25  1.42311e-15
5464.74  1.42356e-15
5466.22  1.42388e-15
5467.71  1.42449e-15
5469.19  1.42577e-15
5470.67  1.42792e-15
5472.16  1.43101e-15
5473.64  1.43488e-15
5475.13  1.43925e-15
5476.61  1.44368e-15
5478.1   1.44772e-15
5479.58  1.45094e-15
5481.07  1.45303e-15
5482.55  1.45383e-15
5484.03  1.45335e-15
5485.52  1.4518e-15
5487     1.44953e-15
5488.49  1.44695e-15
5489.97  1.44448e-15
5491.46  1.44249e-15
5492.94  1.44122e-15
5494.42  1.44076e-15
5495.91  1.44103e-15
5497.39  1.44184e-15
5498.88  1.44286e-15
5500.36  1.44377e-15
5501.85  1.44426e-15
5503.33  1.44409e-15
5504.81  1.44313e-15
5506.3   1.4414e-15
5507.78  1.43899e-15
5509.27  1.4361e-15
5510.75  1.43297e-15
5512.24  1.4298e-15
5513.72  1.42678e-15
5515.2   1.42401e-15
5516.69  1.42151e-15
5518.17  1.41922e-15
5519.66  1.41704e-15
5521.14  1.41482e-15
5522.63  1.41245e-15
5524.11  1.4098e-15
5525.59  1.4068e-15
5527.08  1.40343e-15
5528.56  1.39968e-15
5530.05  1.39558e-15
5531.53  1.39115e-15
5533.02  1.38645e-15
5534.5   1.38148e-15
5535.98  1.37629e-15
5537.47  1.37091e-15
5538.95  1.36536e-15
5540.44  1.35972e-15
5541.92  1.35403e-15
5543.41  1.34839e-15
5544.89  1.34286e-15
5546.37  1.33752e-15
5547.86  1.33239e-15
5549.34  1.32747e-15
5550.83  1.32273e-15
5552.31  1.31808e-15
5553.8   1.31342e-15
5555.28  1.30865e-15
5556.76  1.30365e-15
5558.25  1.29837e-15
5559.73  1.29278e-15
5561.22  1.28692e-15
5562.7   1.28086e-15
5564.19  1.27469e-15
5565.67  1.26853e-15
5567.16  1.26246e-15
5568.64  1.25654e-15
5570.12  1.25078e-15
5571.61  1.2451e-15
5573.09  1.23943e-15
5574.58  1.23362e-15
5576.06  1.22756e-15
5577.55  1.22117e-15
5579.03  1.2144e-15
5580.51  1.20728e-15
5582     1.19991e-15
5583.48  1.19245e-15
5584.97  1.18506e-15
5586.45  1.17793e-15
5587.94  1.17121e-15
5589.42  1.16498e-15
5590.9   1.15929e-15
5592.39  1.15408e-15
5593.87  1.14927e-15
5595.36  1.14471e-15
5596.84  1.14026e-15
5598.33  1.13576e-15
5599.81  1.13111e-15
5601.29  1.12622e-15
5602.78  1.12102e-15
5604.26  1.11552e-15
5605.75  1.1097e-15
5607.23  1.10359e-15
5608.72  1.09721e-15
5610.2   1.09059e-15
5611.68  1.08376e-15
5613.17  1.07676e-15
5614.65  1.06965e-15
5616.14  1.06249e-15
5617.62  1.05538e-15
5619.11  1.04843e-15
5620.59  1.04172e-15
5622.07  1.03535e-15
5623.56  1.02937e-15
5625.04  1.02378e-15
5626.53  1.01853e-15
5628.01  1.01351e-15
5629.5   1.00856e-15
5630.98  1.00349e-15
5632.46  9.98119e-16
5633.95  9.92295e-16
5635.43  9.85921e-16
5636.92  9.78982e-16
5638.4   9.7155e-16
5639.89  9.63781e-16
5641.37  9.55892e-16
5642.86  9.48132e-16
5644.34  9.40741e-16
5645.82  9.33914e-16
5647.31  9.27767e-16
5648.79  9.22316e-16
5650.28  9.17475e-16
5651.76  9.13065e-16
5653.25  9.08845e-16
5654.73  9.04548e-16
5656.21  8.99921e-16
5657.7   8.9477e-16
5659.18  8.8899e-16
5660.67  8.82577e-16
5662.15  8.75634e-16
5663.64  8.68349e-16
5665.12  8.60963e-16
5666.6   8.53734e-16
5668.09  8.46892e-16
5669.57  8.40599e-16
5671.06  8.3493e-16
5672.54  8.29854e-16
5674.03  8.25246e-16
5675.51  8.20906e-16
5676.99  8.16592e-16
5678.48  8.12067e-16
5679.96  8.0713e-16
5681.45  8.01658e-16
5682.93  7.95627e-16
5684.42  7.89115e-16
5685.9   7.82299e-16
5687.38  7.75426e-16
5688.87  7.68778e-16
5690.35  7.62633e-16
5691.84  7.57223e-16
5693.32  7.527e-16
5694.81  7.49117e-16
5696.29  7.46417e-16
5697.77  7.4445e-16
5699.26  7.42995e-16
5700.74  7.418e-16
5702.23  7.40622e-16
5703.71  7.39271e-16
5705.2   7.37639e-16
5706.68  7.35726e-16
5708.16  7.33636e-16
5709.65  7.31563e-16
5711.13  7.29757e-16
5712.62  7.28484e-16
5714.1   7.27977e-16
5715.59  7.2839e-16
5717.07  7.29775e-16
5718.55  7.32061e-16
5720.04  7.35064e-16
5721.52  7.38517e-16
5723.01  7.42105e-16
5724.49  7.45522e-16
5725.98  7.48517e-16
5727.46  7.50938e-16
5728.95  7.52757e-16
5730.43  7.54079e-16
5731.91  7.55124e-16
5733.4   7.56197e-16
5734.88  7.57638e-16
5736.37  7.59767e-16
5737.85  7.62837e-16
5739.34  7.66993e-16
5740.82  7.72246e-16
5742.3   7.78472e-16
5743.79  7.85431e-16
5745.27  7.92805e-16
5746.76  8.00246e-16
5748.24  8.07432e-16
5749.73  8.14119e-16
5751.21  8.20179e-16
5752.69  8.2562e-16
5754.18  8.3059e-16
5755.66  8.35352e-16
5757.15  8.40242e-16
5758.63  8.45617e-16
5760.12  8.51796e-16
5761.6   8.59e-16
5763.08  8.67314e-16
5764.57  8.7666e-16
5766.05  8.86799e-16
5767.54  8.97354e-16
5769.02  9.07861e-16
5770.51  9.17826e-16
5771.99  9.26796e-16
5773.47  9.34424e-16
5774.96  9.40519e-16
5776.44  9.45076e-16
5777.93  9.48279e-16
5779.41  9.50478e-16
5780.9   9.52146e-16
5782.38  9.53814e-16
5783.86  9.56003e-16
5785.35  9.5916e-16
5786.83  9.63601e-16
5788.32  9.69475e-16
5789.8   9.7676e-16
5791.29  9.85268e-16
5792.77  9.94682e-16
5794.25  1.00461e-15
5795.74  1.01464e-15
5797.22  1.02439e-15
5798.71  1.03357e-15
5800.19  1.04201e-15
5801.68  1.04968e-15
5803.16  1.05666e-15
5804.64  1.06314e-15
5806.13  1.06936e-15
5807.61  1.07557e-15
5809.1   1.08199e-15
5810.58  1.08877e-15
5812.07  1.09594e-15
5813.55  1.10343e-15
5815.04  1.11108e-15
5816.52  1.11867e-15
5818     1.12593e-15
5819.49  1.13261e-15
5820.97  1.13855e-15
5822.46  1.14366e-15
5823.94  1.14794e-15
5825.43  1.15156e-15
5826.91  1.15475e-15
5828.39  1.15782e-15
5829.88  1.16113e-15
5831.36  1.16502e-15
5832.85  1.16979e-15
5834.33  1.17564e-15
5835.82  1.18268e-15
5837.3   1.1909e-15
5838.78  1.20015e-15
5840.27  1.2102e-15
5841.75  1.2207e-15
5843.24  1.23124e-15
5844.72  1.24139e-15
5846.21  1.25068e-15
5847.69  1.25873e-15
5849.17  1.26516e-15
5850.66  1.26976e-15
5852.14  1.27242e-15
5853.63  1.2732e-15
5855.11  1.27234e-15
5856.6   1.27024e-15
5858.08  1.26746e-15
5859.56  1.26465e-15
5861.05  1.26249e-15
5862.53  1.2616e-15
5864.02  1.26246e-15
5865.5   1.26531e-15
5866.99  1.27006e-15
5868.47  1.27626e-15
5869.95  1.28312e-15
5871.44  1.28951e-15
5872.92  1.29411e-15
5874.41  1.29552e-15
5875.89  1.29249e-15
5877.38  1.28407e-15
5878.86  1.26982e-15
5880.34  1.24992e-15
5881.83  1.22525e-15
5883.31  1.19732e-15
5884.8   1.16815e-15
5886.28  1.14009e-15
5887.77  1.11553e-15
5889.25  1.09657e-15
5890.73  1.0848e-15
5892.22  1.08104e-15
5893.7   1.08528e-15
5895.19  1.09662e-15
5896.67  1.11341e-15
5898.16  1.1335e-15
5899.64  1.15445e-15
5901.13  1.17394e-15
5902.61  1.18995e-15
5904.09  1.20106e-15
5905.58  1.20655e-15
5907.06  1.20638e-15
5908.55  1.2012e-15
5910.03  1.19209e-15
5911.52  1.18039e-15
5913     1.16749e-15
5914.48  1.15458e-15
5915.97  1.14252e-15
5917.45  1.13179e-15
5918.94  1.12243e-15
5920.42  1.11413e-15
5921.91  1.10632e-15
5923.39  1.09835e-15
5924.87  1.08954e-15
5926.36  1.07939e-15
5927.84  1.06759e-15
5929.33  1.05409e-15
5930.81  1.03907e-15
5932.3   1.02292e-15
5933.78  1.00613e-15
5935.26  9.89245e-16
5936.75  9.72771e-16
5938.23  9.57112e-16
5939.72  9.42534e-16
5941.2   9.29144e-16
5942.69  9.16906e-16
5944.17  9.05671e-16
5945.65  8.95216e-16
5947.14  8.853e-16
5948.62  8.75705e-16
5950.11  8.66276e-16
5951.59  8.56939e-16
5953.08  8.4771e-16
5954.56  8.38675e-16
5956.04  8.29971e-16
5957.53  8.21745e-16
5959.01  8.14123e-16
5960.5   8.07174e-16
5961.98  8.00894e-16
5963.47  7.95199e-16
5964.95  7.89938e-16
5966.43  7.84912e-16
5967.92  7.79917e-16
5969.4   7.74774e-16
5970.89  7.6937e-16
5972.37  7.63681e-16
5973.86  7.57782e-16
5975.34  7.51847e-16
5976.82  7.46121e-16
5978.31  7.40892e-16
5979.79  7.36446e-16
5981.28  7.33023e-16
5982.76  7.30779e-16
5984.25  7.29761e-16
5985.73  7.29895e-16
5987.22  7.30994e-16
5988.7   7.3278e-16
5990.18  7.34924e-16
5991.67  7.37084e-16
5993.15  7.38955e-16
5994.64  7.40305e-16
5996.12  7.41002e-16
5997.61  7.41022e-16
5999.09  7.40451e-16
6000.57  7.39459e-16
6002.06  7.3827e-16
6003.54  7.37123e-16
6005.03  7.36229e-16
6006.51  7.35743e-16
6008     7.3573e-16
6009.48  7.36154e-16
6010.96  7.36881e-16
6012.45  7.37689e-16
6013.93  7.38299e-16
6015.42  7.38402e-16
6016.9   7.37705e-16
6018.39  7.35961e-16
6019.87  7.3301e-16
6021.35  7.28796e-16
6022.84  7.23384e-16
6024.32  7.16959e-16
6025.81  7.09812e-16
6027.29  7.02312e-16
6028.78  6.94876e-16
6030.26  6.87926e-16
6031.74  6.81845e-16
6033.23  6.76942e-16
6034.71  6.7342e-16
6036.2   6.71354e-16
6037.68  6.70689e-16
6039.17  6.71246e-16
6040.65  6.72745e-16
6042.13  6.74844e-16
6043.62  6.77176e-16
6045.1   6.79399e-16
6046.59  6.81234e-16
6048.07  6.82494e-16
6049.56  6.83105e-16
6051.04  6.83103e-16
6052.52  6.82619e-16
6054.01  6.81847e-16
6055.49  6.81013e-16
6056.98  6.8033e-16
6058.46  6.79972e-16
6059.95  6.80048e-16
6061.43  6.80597e-16
6062.91  6.81595e-16
6064.4   6.82972e-16
6065.88  6.84637e-16
6067.37  6.86506e-16
6068.85  6.88521e-16
6070.34  6.90661e-16
6071.82  6.92944e-16
6073.31  6.95416e-16
6074.79  6.98127e-16
6076.27  7.01117e-16
6077.76  7.04394e-16
6079.24  7.07919e-16
6080.73  7.11612e-16
6082.21  7.15357e-16
6083.7   7.19026e-16
6085.18  7.22499e-16
6086.66  7.25686e-16
6088.15  7.2854e-16
6089.63  7.31064e-16
6091.12  7.33294e-16
6092.6   7.35285e-16
6094.09  7.37073e-16
6095.57  7.38657e-16
6097.05  7.3997e-16
6098.54  7.40873e-16
6100.02  7.41166e-16
6101.51  7.4061e-16
6102.99  7.38968e-16
6104.48  7.36046e-16
6105.96  7.31737e-16
6107.44  7.2605e-16
6108.93  7.19124e-16
6110.41  7.11222e-16
6111.9   7.027e-16
6113.38  6.93963e-16
6114.87  6.85413e-16
6116.35  6.7739e-16
6117.83  6.70134e-16
6119.32  6.63752e-16
6120.8   6.58217e-16
6122.29  6.53381e-16
6123.77  6.49016e-16
6125.26  6.44857e-16
6126.74  6.40662e-16
6128.22  6.36254e-16
6129.71  6.31556e-16
6131.19  6.26607e-16
6132.68  6.21553e-16
6134.16  6.16621e-16
6135.65  6.12076e-16
6137.13  6.08179e-16
6138.61  6.05132e-16
6140.1   6.03053e-16
6141.58  6.01949e-16
6143.07  6.01716e-16
6144.55  6.02165e-16
6146.04  6.03051e-16
6147.52  6.04123e-16
6149.01  6.05168e-16
6150.49  6.06058e-16
6151.97  6.06776e-16
6153.46  6.07428e-16
6154.94  6.08236e-16
6156.43  6.09509e-16
6157.91  6.11598e-16
6159.4   6.14851e-16
6160.88  6.1955e-16
6162.36  6.25874e-16
6163.85  6.33864e-16
6165.33  6.43407e-16
6166.82  6.54248e-16
6168.3   6.66015e-16
6169.79  6.78259e-16
6171.27  6.9051e-16
6172.75  7.02323e-16
6174.24  7.13333e-16
6175.72  7.23285e-16
6177.21  7.32056e-16
6178.69  7.39657e-16
6180.18  7.4622e-16
6181.66  7.51964e-16
6183.14  7.57154e-16
6184.63  7.62061e-16
6186.11  7.66912e-16
6187.6   7.71855e-16
6189.08  7.76929e-16
6190.57  7.82055e-16
6192.05  7.87038e-16
6193.53  7.91584e-16
6195.02  7.95343e-16
6196.5   7.97948e-16
6197.99  7.99071e-16
6199.47  7.98478e-16
6200.96  7.9607e-16
6202.44  7.91921e-16
6203.92  7.86281e-16
6205.41  7.79571e-16
6206.89  7.7234e-16
6208.38  7.65207e-16
6209.86  7.5878e-16
6211.35  7.53579e-16
6212.83  7.49951e-16
6214.31  7.48016e-16
6215.8   7.47635e-16
6217.28  7.48417e-16
6218.77  7.49759e-16
6220.25  7.5093e-16
6221.74  7.5117e-16
6223.22  7.49799e-16
6224.7   7.46323e-16
6226.19  7.40512e-16
6227.67  7.3244e-16
6229.16  7.22488e-16
6230.64  7.11291e-16
6232.13  6.99661e-16
6233.61  6.88474e-16
6235.1   6.78553e-16
6236.58  6.70562e-16
6238.06  6.64922e-16
6239.55  6.61765e-16
6241.03  6.60933e-16
6242.52  6.62012e-16
6244     6.64412e-16
6245.49  6.67456e-16
6246.97  6.70484e-16
6248.45  6.72948e-16
6249.94  6.74479e-16
6251.42  6.7492e-16
6252.91  6.74329e-16
6254.39  6.72943e-16
6255.88  6.7111e-16
6257.36  6.69218e-16
6258.84  6.67618e-16
6260.33  6.6656e-16
6261.81  6.66155e-16
6263.3   6.6637e-16
6264.78  6.67048e-16
6266.27  6.67955e-16
6267.75  6.68838e-16
6269.23  6.6949e-16
6270.72  6.69793e-16
6272.2   6.69753e-16
6273.69  6.69498e-16
6275.17  6.69253e-16
6276.66  6.69294e-16
6278.14  6.6989e-16
6279.62  6.71237e-16
6281.11  6.73417e-16
6282.59  6.76364e-16
6284.08  6.79866e-16
6285.56  6.83596e-16
6287.05  6.8716e-16
6288.53  6.90164e-16
6290.01  6.92285e-16
6291.5   6.93323e-16
6292.98  6.93242e-16
6294.47  6.92179e-16
6295.95  6.90423e-16
6297.44  6.88366e-16
6298.92  6.8645e-16
6300.4   6.85093e-16
6301.89  6.84628e-16
6303.37  6.85266e-16
6304.86  6.87065e-16
6306.34  6.89945e-16
6307.83  6.93708e-16
6309.31  6.98086e-16
6310.79  7.0279e-16
6312.28  7.07567e-16
6313.76  7.12231e-16
6315.25  7.16695e-16
6316.73  7.20969e-16
6318.22  7.25146e-16
6319.7   7.29376e-16
6321.19  7.33824e-16
6322.67  7.38636e-16
6324.15  7.43903e-16
6325.64  7.49641e-16
6327.12  7.55788e-16
6328.61  7.62211e-16
6330.09  7.6873e-16
6331.58  7.75151e-16
6333.06  7.81303e-16
6334.54  7.87067e-16
6336.03  7.92403e-16
6337.51  7.97364e-16
6339     8.0209e-16
6340.48  8.06791e-16
6341.97  8.11721e-16
6343.45  8.17135e-16
6344.93  8.23249e-16
6346.42  8.30201e-16
6347.9   8.38027e-16
6349.39  8.46641e-16
6350.87  8.55843e-16
6352.36  8.65344e-16
6353.84  8.74798e-16
6355.32  8.83854e-16
6356.81  8.92206e-16
6358.29  8.9964e-16
6359.78  9.06061e-16
6361.26  9.11512e-16
6362.75  9.16159e-16
6364.23  9.20272e-16
6365.71  9.24171e-16
6367.2   9.28187e-16
6368.68  9.32604e-16
6370.17  9.37625e-16
6371.65  9.43345e-16
6373.14  9.49754e-16
6374.62  9.56745e-16
6376.1   9.64146e-16
6377.59  9.71764e-16
6379.07  9.79413e-16
6380.56  9.86957e-16
6382.04  9.94316e-16
6383.53  1.00148e-15
6385.01  1.00849e-15
6386.49  1.0154e-15
6387.98  1.02228e-15
6389.46  1.02916e-15
6390.95  1.03599e-15
6392.43  1.0427e-15
6393.92  1.04912e-15
6395.4   1.05507e-15
6396.88  1.06036e-15
6398.37  1.06485e-15
6399.85  1.06847e-15
6401.34  1.07124e-15
6402.82  1.0733e-15
6404.31  1.07489e-15
6405.79  1.07632e-15
6407.28  1.07791e-15
6408.76  1.07996e-15
6410.24  1.0827e-15
6411.73  1.08622e-15
6413.21  1.09049e-15
6414.7   1.09535e-15
6416.18  1.10053e-15
6417.67  1.10569e-15
6419.15  1.11051e-15
6420.63  1.1147e-15
6422.12  1.11809e-15
6423.6   1.12066e-15
6425.09  1.12252e-15
6426.57  1.12391e-15
6428.06  1.12514e-15
6429.54  1.12656e-15
6431.02  1.12846e-15
6432.51  1.13104e-15
6433.99  1.13437e-15
6435.48  1.13835e-15
6436.96  1.14277e-15
6438.45  1.14731e-15
6439.93  1.1516e-15
6441.41  1.15533e-15
6442.9   1.15823e-15
6444.38  1.1602e-15
6445.87  1.16126e-15
6447.35  1.16155e-15
6448.84  1.16135e-15
6450.32  1.16095e-15
6451.8   1.16067e-15
6453.29  1.16075e-15
6454.77  1.16135e-15
6456.26  1.16252e-15
6457.74  1.16418e-15
6459.23  1.16621e-15
6460.71  1.16842e-15
6462.19  1.17062e-15
6463.68  1.17267e-15
6465.16  1.17448e-15
6466.65  1.17606e-15
6468.13  1.17746e-15
6469.62  1.17881e-15
6471.1   1.18023e-15
6472.58  1.18184e-15
6474.07  1.18371e-15
6475.55  1.18588e-15
6477.04  1.18829e-15
6478.52  1.19085e-15
6480.01  1.19342e-15
6481.49  1.19586e-15
6482.97  1.19803e-15
6484.46  1.1998e-15
6485.94  1.2011e-15
6487.43  1.2019e-15
6488.91  1.20219e-15
6490.4   1.20203e-15
6491.88  1.20148e-15
6493.37  1.20062e-15
6494.85  1.19954e-15
6496.33  1.19835e-15
6497.82  1.19716e-15
6499.3   1.19608e-15
6500.79  1.19524e-15
6502.27  1.19477e-15
6503.76  1.19479e-15
6505.24  1.1954e-15
6506.72  1.19664e-15
6508.21  1.19849e-15
6509.69  1.20088e-15
6511.18  1.20362e-15
6512.66  1.20647e-15
6514.15  1.20914e-15
6515.63  1.21133e-15
6517.11  1.21278e-15
6518.6   1.2133e-15
6520.08  1.21282e-15
6521.57  1.21141e-15
6523.05  1.20924e-15
6524.54  1.2066e-15
6526.02  1.20385e-15
6527.5   1.20132e-15
6528.99  1.1993e-15
6530.47  1.19796e-15
6531.96  1.19732e-15
6533.44  1.19728e-15
6534.93  1.19759e-15
6536.41  1.19796e-15
6537.89  1.19809e-15
6539.38  1.19771e-15
6540.86  1.1967e-15
6542.35  1.19506e-15
6543.83  1.19296e-15
6545.32  1.19065e-15
6546.8   1.18847e-15
6548.28  1.18675e-15
6549.77  1.18574e-15
6551.25  1.18553e-15
6552.74  1.18607e-15
6554.22  1.18711e-15
6555.71  1.18825e-15
6557.19  1.18905e-15
6558.67  1.18901e-15
6560.16  1.18775e-15
6561.64  1.18503e-15
6563.13  1.1808e-15
6564.61  1.1752e-15
6566.1   1.16858e-15
6567.58  1.16136e-15
6569.06  1.15405e-15
6570.55  1.14707e-15
6572.03  1.14076e-15
6573.52  1.13528e-15
6575     1.13062e-15
6576.49  1.1266e-15
6577.97  1.12294e-15
6579.46  1.11931e-15
6580.94  1.11543e-15
6582.42  1.11106e-15
6583.91  1.10611e-15
6585.39  1.10061e-15
6586.88  1.09469e-15
6588.36  1.08855e-15
6589.85  1.0824e-15
6591.33  1.07641e-15
6592.81  1.07065e-15
6594.3   1.06512e-15
6595.78  1.05971e-15
6597.27  1.05422e-15
6598.75  1.04846e-15
6600.24  1.04223e-15
6601.72  1.03541e-15
6603.2   1.02796e-15
6604.69  1.01996e-15
6606.17  1.01155e-15
6607.66  1.00299e-15
6609.14  9.94529e-16
6610.63  9.86419e-16
6612.11  9.78863e-16
6613.59  9.71979e-16
6615.08  9.65789e-16
6616.56  9.60214e-16
6618.05  9.55087e-16
6619.53  9.5018e-16
6621.02  9.45227e-16
6622.5   9.39968e-16
6623.98  9.34171e-16
6625.47  9.27672e-16
6626.95  9.20387e-16
6628.44  9.12335e-16
6629.92  9.03637e-16
6631.41  8.94507e-16
6632.89  8.85237e-16
6634.37  8.7616e-16
6635.86  8.67617e-16
6637.34  8.59908e-16
6638.83  8.5325e-16
6640.31  8.47743e-16
6641.8   8.43342e-16
6643.28  8.3986e-16
6644.76  8.36978e-16
6646.25  8.3429e-16
6647.73  8.31353e-16
6649.22  8.27752e-16
6650.7   8.23164e-16
6652.19  8.1741e-16
6653.67  8.10489e-16
6655.16  8.02586e-16
6656.64  7.9405e-16
6658.12  7.85348e-16
6659.61  7.77002e-16
6661.09  7.69511e-16
6662.58  7.63277e-16
6664.06  7.58552e-16
6665.55  7.55394e-16
6667.03  7.53666e-16
6668.51  7.53048e-16
6670     7.5309e-16
6671.48  7.53271e-16
6672.97  7.53071e-16
6674.45  7.52038e-16
6675.94  7.49847e-16
6677.42  7.46331e-16
6678.9   7.41494e-16
6680.39  7.35498e-16
6681.87  7.28629e-16
6683.36  7.2125e-16
6684.84  7.13746e-16
6686.33  7.06473e-16
6687.81  6.99717e-16
6689.29  6.93665e-16
6690.78  6.88395e-16
6692.26  6.83882e-16
6693.75  6.80023e-16
6695.23  6.76659e-16
6696.72  6.73616e-16
6698.2   6.70729e-16
6699.68  6.67872e-16
6701.17  6.64968e-16
6702.65  6.62e-16
6704.14  6.59e-16
6705.62  6.56041e-16
6707.11  6.53214e-16
6708.59  6.50609e-16
6710.07  6.48297e-16
6711.56  6.46308e-16
6713.04  6.44622e-16
6714.53  6.43163e-16
6716.01  6.41803e-16
6717.5   6.40372e-16
6718.98  6.38677e-16
6720.46  6.36529e-16
6721.95  6.33769e-16
6723.43  6.30297e-16
6724.92  6.26093e-16
6726.4   6.21231e-16
6727.89  6.1588e-16
6729.37  6.10286e-16
6730.85  6.04743e-16
6732.34  5.9956e-16
6733.82  5.9501e-16
6735.31  5.91291e-16
6736.79  5.88496e-16
6738.28  5.86596e-16
6739.76  5.85444e-16
6741.25  5.84803e-16
6742.73  5.84378e-16
6744.21  5.83868e-16
6745.7   5.83013e-16
6747.18  5.81625e-16
6748.67  5.79619e-16
6750.15  5.77006e-16
6751.64  5.73884e-16
6753.12  5.70405e-16
6754.6   5.66737e-16
6756.09  5.63032e-16
6757.57  5.594e-16
6759.06  5.559e-16
6760.54  5.52547e-16
6762.03  5.49332e-16
6763.51  5.46257e-16
6764.99  5.43358e-16
6766.48  5.40732e-16
6767.96  5.38536e-16
6769.45  5.36975e-16
6770.93  5.36267e-16
6772.42  5.36593e-16
6773.9   5.38047e-16
6775.38  5.40586e-16
6776.87  5.44012e-16
6778.35  5.47961e-16
6779.84  5.51939e-16
6781.32  5.55378e-16
6782.81  5.57716e-16
6784.29  5.58475e-16
6785.77  5.57348e-16
6787.26  5.54249e-16
6788.74  5.49341e-16
6790.23  5.43025e-16
6791.71  5.35883e-16
6793.2   5.2861e-16
6794.68  5.21911e-16
6796.16  5.16408e-16
6797.65  5.12557e-16
6799.13  5.1059e-16
6800.62  5.10497e-16
6802.1   5.12035e-16
6803.59  5.14776e-16
6805.07  5.1818e-16
6806.55  5.2167e-16
6808.04  5.2472e-16
6809.52  5.26918e-16
6811.01  5.2802e-16
6812.49  5.27964e-16
6813.98  5.26864e-16
6815.46  5.24984e-16
6816.94  5.22676e-16
6818.43  5.20328e-16
6819.91  5.18292e-16
6821.4   5.16836e-16
6822.88  5.16098e-16
6824.37  5.16069e-16
6825.85  5.16602e-16
6827.34  5.17434e-16
6828.82  5.18236e-16
6830.3   5.1867e-16
6831.79  5.1845e-16
6833.27  5.174e-16
6834.76  5.15486e-16
6836.24  5.1284e-16
6837.73  5.09745e-16
6839.21  5.06596e-16
6840.69  5.0385e-16
6842.18  5.01948e-16
6843.66  5.01246e-16
6845.15  5.01952e-16
6846.63  5.04091e-16
6848.12  5.07488e-16
6849.6   5.11796e-16
6851.08  5.16541e-16
6852.57  5.21199e-16
6854.05  5.25273e-16
6855.54  5.28369e-16
6857.02  5.30258e-16
6858.51  5.309e-16
6859.99  5.30445e-16
6861.47  5.29197e-16
6862.96  5.27554e-16
6864.44  5.25936e-16
6865.93  5.24704e-16
6867.41  5.24104e-16
6868.9   5.24219e-16
6870.38  5.24964e-16
6871.86  5.26101e-16
6873.35  5.2729e-16
6874.83  5.2815e-16
6876.32  5.28333e-16
6877.8   5.27592e-16
6879.29  5.25826e-16
6880.77  5.23112e-16
6882.25  5.1969e-16
6883.74  5.15939e-16
6885.22  5.12316e-16
6886.71  5.09285e-16
6888.19  5.0725e-16
6889.68  5.0649e-16
6891.16  5.07117e-16
6892.64  5.09059e-16
6894.13  5.12077e-16
6895.61  5.15797e-16
6897.1   5.19776e-16
6898.58  5.23564e-16
6900.07  5.26779e-16
6901.55  5.29153e-16
6903.03  5.30575e-16
6904.52  5.31093e-16
6906     5.30898e-16
6907.49  5.3028e-16
6908.97  5.29565e-16
6910.46  5.29053e-16
6911.94  5.28958e-16
6913.43  5.29361e-16
6914.91  5.30195e-16
6916.39  5.31251e-16
6917.88  5.32218e-16
6919.36  5.32738e-16
6920.85  5.32484e-16
6922.33  5.31221e-16
6923.82  5.28867e-16
6925.3   5.25518e-16
6926.78  5.21447e-16
6928.27  5.17067e-16
6929.75  5.12864e-16
6931.24  5.0932e-16
6932.72  5.06823e-16
6934.21  5.056e-16
6935.69  5.05669e-16
6937.17  5.0683e-16
6938.66  5.08696e-16
6940.14  5.10753e-16
6941.63  5.12448e-16
6943.11  5.13286e-16
6944.6   5.12914e-16
6946.08  5.11183e-16
6947.56  5.08172e-16
6949.05  5.04176e-16
6950.53  4.99652e-16
6952.02  4.9514e-16
6953.5   4.91165e-16
6954.99  4.88153e-16
6956.47  4.86355e-16
6957.95  4.85812e-16
6959.44  4.86351e-16
6960.92  4.87622e-16
6962.41  4.89157e-16
6963.89  4.90458e-16
6965.38  4.91074e-16
6966.86  4.90678e-16
6968.34  4.89112e-16
6969.83  4.86411e-16
6971.31  4.82783e-16
6972.8   4.78574e-16
6974.28  4.74206e-16
6975.77  4.70107e-16
6977.25  4.66642e-16
6978.73  4.6406e-16
6980.22  4.62462e-16
6981.7   4.61789e-16
6983.19  4.61837e-16
6984.67  4.62299e-16
6986.16  4.62811e-16
6987.64  4.63012e-16
6989.12  4.62602e-16
6990.61  4.61382e-16
6992.09  4.59289e-16
6993.58  4.56394e-16
6995.06  4.52896e-16
6996.55  4.49089e-16
6998.03  4.45313e-16
6999.52  4.41908e-16
7001     4.39164e-16
7002.48  4.37284e-16
7003.97  4.36355e-16
7005.45  4.36345e-16
7006.94  4.37109e-16
7008.42  4.38417e-16
7009.91  4.39988e-16
7011.39  4.41531e-16
7012.87  4.42784e-16
7014.36  4.43548e-16
7015.84  4.43704e-16
7017.33  4.43227e-16
7018.81  4.42174e-16
7020.3   4.40675e-16
7021.78  4.38901e-16
7023.26  4.37042e-16
7024.75  4.35276e-16
7026.23  4.33747e-16
7027.72  4.32548e-16
7029.2   4.3172e-16
7030.69  4.31247e-16
7032.17  4.31077e-16
7033.65  4.3113e-16
7035.14  4.3132e-16
7036.62  4.31572e-16
7038.11  4.31835e-16
7039.59  4.32089e-16
7041.08  4.32342e-16
7042.56  4.32626e-16
7044.04  4.32978e-16
7045.53  4.33429e-16
7047.01  4.33986e-16
7048.5   4.34624e-16
7049.98  4.35273e-16
7051.47  4.35831e-16
7052.95  4.36168e-16
7054.43  4.36146e-16
7055.92  4.35642e-16
7057.4   4.3457e-16
7058.89  4.329e-16
7060.37  4.30668e-16
7061.86  4.27978e-16
7063.34  4.24993e-16
7064.82  4.2192e-16
7066.31  4.18978e-16
7067.79  4.16378e-16
7069.28  4.14294e-16
7070.76  4.12846e-16
7072.25  4.1209e-16
7073.73  4.12024e-16
7075.21  4.12596e-16
7076.7   4.13724e-16
7078.18  4.15314e-16
7079.67  4.17281e-16
7081.15  4.19555e-16
7082.64  4.22088e-16
7084.12  4.24846e-16
7085.61  4.27799e-16
7087.09  4.30907e-16
7088.57  4.34114e-16
7090.06  4.37342e-16
7091.54  4.40496e-16
7093.03  4.43477e-16
7094.51  4.46199e-16
7096     4.48609e-16
7097.48  4.507e-16
7098.96  4.5252e-16
7100.45  4.54163e-16
7101.93  4.55759e-16
7103.42  4.57448e-16
7104.9   4.59354e-16
7106.39  4.6156e-16
7107.87  4.6409e-16
7109.35  4.66903e-16
7110.84  4.699e-16
7112.32  4.72941e-16
7113.81  4.75875e-16
7115.29  4.78567e-16
7116.78  4.80922e-16
7118.26  4.82899e-16
7119.74  4.84515e-16
7121.23  4.85829e-16
7122.71  4.8692e-16
7124.2   4.8786e-16
7125.68  4.88682e-16
7127.17  4.8937e-16
7128.65  4.89844e-16
7130.13  4.89985e-16
7131.62  4.89658e-16
7133.1   4.88753e-16
7134.59  4.87233e-16
7136.07  4.85169e-16
7137.56  4.82761e-16
7139.04  4.80336e-16
7140.52  4.78319e-16
7142.01  4.77179e-16
7143.49  4.77356e-16
7144.98  4.79188e-16
7146.46  4.82837e-16
7147.95  4.88246e-16
7149.43  4.95126e-16
7150.91  5.0298e-16
7152.4   5.11169e-16
7153.88  5.18994e-16
7155.37  5.25802e-16
7156.85  5.31082e-16
7158.34  5.34531e-16
7159.82  5.36101e-16
7161.31  5.35983e-16
7162.79  5.34567e-16
7164.27  5.3236e-16
7165.76  5.29893e-16
7167.24  5.27631e-16
7168.73  5.259e-16
7170.21  5.24846e-16
7171.7   5.24437e-16
7173.18  5.24496e-16
7174.66  5.24761e-16
7176.15  5.24965e-16
7177.63  5.24902e-16
7179.12  5.24485e-16
7180.6   5.23763e-16
7182.09  5.22921e-16
7183.57  5.22232e-16
7185.05  5.22003e-16
7186.54  5.22498e-16
7188.02  5.23878e-16
7189.51  5.26148e-16
7190.99  5.29141e-16
7192.48  5.32527e-16
7193.96  5.35854e-16
7195.44  5.38618e-16
7196.93  5.40338e-16
7198.41  5.40641e-16
7199.9   5.39328e-16
7201.38  5.36415e-16
7202.87  5.32141e-16
7204.35  5.26943e-16
7205.83  5.21394e-16
7207.32  5.16121e-16
7208.8   5.11711e-16
7210.29  5.08623e-16
7211.77  5.07124e-16
7213.26  5.07253e-16
7214.74  5.08825e-16
7216.22  5.11468e-16
7217.71  5.14687e-16
7219.19  5.17951e-16
7220.68  5.2077e-16
7222.16  5.22762e-16
7223.65  5.23702e-16
7225.13  5.23536e-16
7226.61  5.22365e-16
7228.1   5.20415e-16
7229.58  5.17982e-16
7231.07  5.1538e-16
7232.55  5.12893e-16
7234.04  5.10737e-16
7235.52  5.09043e-16
7237     5.07853e-16
7238.49  5.07138e-16
7239.97  5.06813e-16
7241.46  5.0677e-16
7242.94  5.06896e-16
7244.43  5.07099e-16
7245.91  5.07309e-16
7247.4   5.07487e-16
7248.88  5.07616e-16
7250.36  5.07699e-16
7251.85  5.07746e-16
7253.33  5.07769e-16
7254.82  5.07779e-16
7256.3   5.07782e-16
7257.79  5.07783e-16
7259.27  5.07784e-16
7260.75  5.07784e-16
7262.24  5.07784e-16