#5.397496984921018
3553  8.13164e-16
3554  8.08073e-16
3555  8.02944e-16
3556  7.97783e-16
3557  7.92592e-16
3558  7.87376e-16
3559  7.82138e-16
3560  7.76883e-16
3561  7.71613e-16
3562  7.66334e-16
3563  7.61049e-16
3564  7.55761e-16
3565  7.50475e-16
3566  7.45195e-16
3567  7.39923e-16
3568  7.34665e-16
3569  7.29423e-16
3570  7.24201e-16
3571  7.19002e-16
3572  7.13831e-16
3573  7.0869e-16
3574  7.03583e-16
3575  6.98512e-16
3576  6.93482e-16
3577  6.88495e-16
3578  6.83554e-16
3579  6.78662e-16
3580  6.73821e-16
3581  6.69034e-16
3582  6.64304e-16
3583  6.59633e-16
3584  6.55023e-16
3585  6.50476e-16
3586  6.45995e-16
3587  6.4158e-16
3588  6.37234e-16
3589  6.32958e-16
3590  6.28753e-16
3591  6.24622e-16
3592  6.20564e-16
3593  6.16581e-16
3594  6.12674e-16
3595  6.08843e-16
3596  6.0509e-16
3597  6.01413e-16
3598  5.97814e-16
3599  5.94293e-16
3600  5.90849e-16
3601  5.87482e-16
3602  5.84193e-16
3603  5.8098e-16
3604  5.77843e-16
3605  5.74782e-16
3606  5.71795e-16
3607  5.68881e-16
3608  5.6604e-16
3609  5.6327e-16
3610  5.6057e-16
3611  5.57938e-16
3612  5.55373e-16
3613  5.52873e-16
3614  5.50437e-16
3615  5.48062e-16
3616  5.45747e-16
3617  5.4349e-16
3618  5.41288e-16
3619  5.3914e-16
3620  5.37044e-16
3621  5.34996e-16
3622  5.32995e-16
3623  5.31039e-16
3624  5.29124e-16
3625  5.27249e-16
3626  5.25411e-16
3627  5.23608e-16
3628  5.21837e-16
3629  5.20095e-16
3630  5.1838e-16
3631  5.16689e-16
3632  5.15021e-16
3633  5.13372e-16
3634  5.11739e-16
3635  5.10121e-16
3636  5.08515e-16
3637  5.06918e-16
3638  5.05329e-16
3639  5.03744e-16
3640  5.02161e-16
3641  5.00579e-16
3642  4.98994e-16
3643  4.97406e-16
3644  4.95811e-16
3645  4.94207e-16
3646  4.92594e-16
3647  4.90968e-16
3648  4.89329e-16
3649  4.87674e-16
3650  4.86002e-16
3651  4.84311e-16
3652  4.826e-16
3653  4.80868e-16
3654  4.79113e-16
3655  4.77334e-16
3656  4.7553e-16
3657  4.737e-16
3658  4.71844e-16
3659  4.6996e-16
3660  4.68048e-16
3661  4.66108e-16
3662  4.64138e-16
3663  4.6214e-16
3664  4.60111e-16
3665  4.58053e-16
3666  4.55965e-16
3667  4.53848e-16
3668  4.51701e-16
3669  4.49525e-16
3670  4.4732e-16
3671  4.45087e-16
3672  4.42826e-16
3673  4.40537e-16
3674  4.38223e-16
3675  4.35882e-16
3676  4.33517e-16
3677  4.31128e-16
3678  4.28717e-16
3679  4.26283e-16
3680  4.2383e-16
3681  4.21357e-16
3682  4.18866e-16
3683  4.16359e-16
3684  4.13836e-16
3685  4.113e-16
3686  4.08752e-16
3687  4.06193e-16
3688  4.03625e-16
3689  4.01049e-16
3690  3.98468e-16
3691  3.95882e-16
3692  3.93294e-16
3693  3.90705e-16
3694  3.88117e-16
3695  3.85531e-16
3696  3.8295e-16
3697  3.80374e-16
3698  3.77806e-16
3699  3.75247e-16
3700  3.72699e-16
3701  3.70164e-16
3702  3.67642e-16
3703  3.65136e-16
3704  3.62648e-16
3705  3.60178e-16
3706  3.57728e-16
3707  3.55299e-16
3708  3.52894e-16
3709  3.50513e-16
3710  3.48157e-16
3711  3.45829e-16
3712  3.43528e-16
3713  3.41256e-16
3714  3.39015e-16
3715  3.36804e-16
3716  3.34626e-16
3717  3.32481e-16
3718  3.30369e-16
3719  3.28292e-16
3720  3.2625e-16
3721  3.24245e-16
3722  3.22275e-16
3723  3.20343e-16
3724  3.18447e-16
3725  3.1659e-16
3726  3.14771e-16
3727  3.12989e-16
3728  3.11247e-16
3729  3.09543e-16
3730  3.07878e-16
3731  3.06251e-16
3732  3.04663e-16
3733  3.03114e-16
3734  3.01604e-16
3735  3.00131e-16
3736  2.98697e-16
3737  2.97301e-16
3738  2.95942e-16
3739  2.94621e-16
3740  2.93337e-16
3741  2.92089e-16
3742  2.90877e-16
3743  2.89701e-16
3744  2.8856e-16
3745  2.87455e-16
3746  2.86383e-16
3747  2.85346e-16
3748  2.84342e-16
3749  2.83371e-16
3750  2.82433e-16
3751  2.81527e-16
3752  2.80652e-16
3753  2.79809e-16
3754  2.78997e-16
3755  2.78216e-16
3756  2.77465e-16
3757  2.76743e-16
3758  2.76052e-16
3759  2.7539e-16
3760  2.74757e-16
3761  2.74153e-16
3762  2.73579e-16
3763  2.73033e-16
3764  2.72516e-16
3765  2.72029e-16
3766  2.71571e-16
3767  2.71142e-16
3768  2.70742e-16
3769  2.70373e-16
3770  2.70034e-16
3771  2.69726e-16
3772  2.69449e-16
3773  2.69204e-16
3774  2.68991e-16
3775  2.68811e-16
3776  2.68666e-16
3777  2.68555e-16
3778  2.6848e-16
3779  2.68441e-16
3780  2.6844e-16
3781  2.68478e-16
3782  2.68556e-16
3783  2.68674e-16
3784  2.68836e-16
3785  2.69041e-16
3786  2.69291e-16
3787  2.69588e-16
3788  2.69933e-16
3789  2.70327e-16
3790  2.70773e-16
3791  2.71271e-16
3792  2.71824e-16
3793  2.72434e-16
3794  2.73101e-16
3795  2.73828e-16
3796  2.74616e-16
3797  2.75468e-16
3798  2.76384e-16
3799  2.77368e-16
3800  2.7842e-16
3801  2.79542e-16
3802  2.80737e-16
3803  2.82006e-16
3804  2.83351e-16
3805  2.84774e-16
3806  2.86276e-16
3807  2.87859e-16
3808  2.89525e-16
3809  2.91275e-16
3810  2.93111e-16
3811  2.95035e-16
3812  2.97047e-16
3813  2.9915e-16
3814  3.01345e-16
3815  3.03632e-16
3816  3.06014e-16
3817  3.08491e-16
3818  3.11065e-16
3819  3.13736e-16
3820  3.16505e-16
3821  3.19373e-16
3822  3.22341e-16
3823  3.25408e-16
3824  3.28577e-16
3825  3.31846e-16
3826  3.35216e-16
3827  3.38688e-16
3828  3.42261e-16
3829  3.45934e-16
3830  3.49709e-16
3831  3.53584e-16
3832  3.57559e-16
3833  3.61633e-16
3834  3.65805e-16
3835  3.70074e-16
3836  3.7444e-16
3837  3.78901e-16
3838  3.83456e-16
3839  3.88103e-16
3840  3.92841e-16
3841  3.97667e-16
3842  4.02581e-16
3843  4.07579e-16
3844  4.1266e-16
3845  4.17822e-16
3846  4.23061e-16
3847  4.28376e-16
3848  4.33763e-16
3849  4.39221e-16
3850  4.44745e-16
3851  4.50333e-16
3852  4.55981e-16
3853  4.61687e-16
3854  4.67447e-16
3855  4.73257e-16
3856  4.79113e-16
3857  4.85013e-16
3858  4.90951e-16
3859  4.96925e-16
3860  5.0293e-16
3861  5.08962e-16
3862  5.15017e-16
3863  5.21091e-16
3864  5.27179e-16
3865  5.33277e-16
3866  5.3938e-16
3867  5.45485e-16
3868  5.51586e-16
3869  5.57679e-16
3870  5.6376e-16
3871  5.69824e-16
3872  5.75865e-16
3873  5.81881e-16
3874  5.87865e-16
3875  5.93814e-16
3876  5.99722e-16
3877  6.05586e-16
3878  6.114e-16
3879  6.1716e-16
3880  6.22861e-16
3881  6.28499e-16
3882  6.3407e-16
3883  6.39568e-16
3884  6.44991e-16
3885  6.50332e-16
3886  6.55589e-16
3887  6.60757e-16
3888  6.65832e-16
3889  6.70811e-16
3890  6.75688e-16
3891  6.80461e-16
3892  6.85125e-16
3893  6.89678e-16
3894  6.94115e-16
3895  6.98434e-16
3896  7.02632e-16
3897  7.06704e-16
3898  7.10649e-16
3899  7.14463e-16
3900  7.18145e-16
3901  7.2169e-16
3902  7.25098e-16
3903  7.28365e-16
3904  7.3149e-16
3905  7.34471e-16
3906  7.37306e-16
3907  7.39994e-16
3908  7.42533e-16
3909  7.44922e-16
3910  7.4716e-16
3911  7.49247e-16
3912  7.5118e-16
3913  7.5296e-16
3914  7.54587e-16
3915  7.56061e-16
3916  7.5738e-16
3917  7.58546e-16
3918  7.59559e-16
3919  7.60419e-16
3920  7.61128e-16
3921  7.61685e-16
3922  7.62093e-16
3923  7.62351e-16
3924  7.62463e-16
3925  7.62428e-16
3926  7.6225e-16
3927  7.61929e-16
3928  7.61468e-16
3929  7.60869e-16
3930  7.60135e-16
3931  7.59268e-16
3932  7.5827e-16
3933  7.57145e-16
3934  7.55895e-16
3935  7.54524e-16
3936  7.53034e-16
3937  7.51429e-16
3938  7.49713e-16
3939  7.47889e-16
3940  7.45961e-16
3941  7.43932e-16
3942  7.41807e-16
3943  7.39589e-16
3944  7.37283e-16
3945  7.34893e-16
3946  7.32423e-16
3947  7.29877e-16
3948  7.27259e-16
3949  7.24575e-16
3950  7.21829e-16
3951  7.19025e-16
3952  7.16168e-16
3953  7.13262e-16
3954  7.10313e-16
3955  7.07324e-16
3956  7.04301e-16
3957  7.01248e-16
3958  6.9817e-16
3959  6.95072e-16
3960  6.91958e-16
3961  6.88833e-16
3962  6.85702e-16
3963  6.82569e-16
3964  6.79439e-16
3965  6.76316e-16
3966  6.73205e-16
3967  6.70111e-16
3968  6.67037e-16
3969  6.63988e-16
3970  6.60969e-16
3971  6.57983e-16
3972  6.55034e-16
3973  6.52126e-16
3974  6.49264e-16
3975  6.46451e-16
3976  6.4369e-16
3977  6.40986e-16
3978  6.38341e-16
3979  6.35759e-16
3980  6.33243e-16
3981  6.30796e-16
3982  6.28421e-16
3983  6.26122e-16
3984  6.23899e-16
3985  6.21757e-16
3986  6.19697e-16
3987  6.17721e-16
3988  6.15832e-16
3989  6.14031e-16
3990  6.12321e-16
3991  6.10702e-16
3992  6.09177e-16
3993  6.07746e-16
3994  6.06411e-16
3995  6.05172e-16
3996  6.04031e-16
3997  6.02988e-16
3998  6.02043e-16
3999  6.01197e-16
4000  6.00449e-16
4001  5.99801e-16
4002  5.99251e-16
4003  5.988e-16
4004  5.98447e-16
4005  5.98191e-16
4006  5.98032e-16
4007  5.97969e-16
4008  5.98e-16
4009  5.98125e-16
4010  5.98342e-16
4011  5.9865e-16
4012  5.99047e-16
4013  5.99532e-16
4014  6.00102e-16
4015  6.00756e-16
4016  6.01492e-16
4017  6.02307e-16
4018  6.032e-16
4019  6.04168e-16
4020  6.05208e-16
4021  6.06319e-16
4022  6.07497e-16
4023  6.0874e-16
4024  6.10045e-16
4025  6.1141e-16
4026  6.12832e-16
4027  6.14307e-16
4028  6.15833e-16
4029  6.17407e-16
4030  6.19026e-16
4031  6.20686e-16
4032  6.22386e-16
4033  6.24121e-16
4034  6.2589e-16
4035  6.27688e-16
4036  6.29512e-16
4037  6.31361e-16
4038  6.3323e-16
4039  6.35117e-16
4040  6.37019e-16
4041  6.38932e-16
4042  6.40855e-16
4043  6.42783e-16
4044  6.44715e-16
4045  6.46648e-16
4046  6.48579e-16
4047  6.50505e-16
4048  6.52423e-16
4049  6.54333e-16
4050  6.5623e-16
4051  6.58113e-16
4052  6.59979e-16
4053  6.61827e-16
4054  6.63654e-16
4055  6.65458e-16
4056  6.67238e-16
4057  6.68991e-16
4058  6.70717e-16
4059  6.72413e-16
4060  6.74078e-16
4061  6.75711e-16
4062  6.7731e-16
4063  6.78874e-16
4064  6.80403e-16
4065  6.81895e-16
4066  6.8335e-16
4067  6.84767e-16
4068  6.86145e-16
4069  6.87483e-16
4070  6.88783e-16
4071  6.90042e-16
4072  6.91261e-16
4073  6.9244e-16
4074  6.93578e-16
4075  6.94677e-16
4076  6.95736e-16
4077  6.96755e-16
4078  6.97736e-16
4079  6.98677e-16
4080  6.99581e-16
4081  7.00447e-16
4082  7.01276e-16
4083  7.0207e-16
4084  7.02828e-16
4085  7.03552e-16
4086  7.04243e-16
4087  7.04902e-16
4088  7.0553e-16
4089  7.06128e-16
4090  7.06698e-16
4091  7.0724e-16
4092  7.07756e-16
4093  7.08247e-16
4094  7.08715e-16
4095  7.0916e-16
4096  7.09585e-16
4097  7.0999e-16
4098  7.10378e-16
4099  7.10749e-16
4100  7.11105e-16
4101  7.11447e-16
4102  7.11776e-16
4103  7.12095e-16
4104  7.12404e-16
4105  7.12705e-16
4106  7.12999e-16
4107  7.13287e-16
4108  7.13571e-16
4109  7.13852e-16
4110  7.14131e-16
4111  7.14409e-16
4112  7.14687e-16
4113  7.14967e-16
4114  7.15249e-16
4115  7.15534e-16
4116  7.15824e-16
4117  7.16119e-16
4118  7.16419e-16
4119  7.16726e-16
4120  7.1704e-16
4121  7.17362e-16
4122  7.17693e-16
4123  7.18032e-16
4124  7.1838e-16
4125  7.18737e-16
4126  7.19104e-16
4127  7.19481e-16
4128  7.19868e-16
4129  7.20264e-16
4130  7.20671e-16
4131  7.21087e-16
4132  7.21513e-16
4133  7.21948e-16
4134  7.22392e-16
4135  7.22844e-16
4136  7.23304e-16
4137  7.23772e-16
4138  7.24247e-16
4139  7.24728e-16
4140  7.25214e-16
4141  7.25706e-16
4142  7.26201e-16
4143  7.26699e-16
4144  7.27198e-16
4145  7.27699e-16
4146  7.282e-16
4147  7.287e-16
4148  7.29197e-16
4149  7.29691e-16
4150  7.30181e-16
4151  7.30664e-16
4152  7.3114e-16
4153  7.31608e-16
4154  7.32065e-16
4155  7.32512e-16
4156  7.32946e-16
4157  7.33365e-16
4158  7.3377e-16
4159  7.34158e-16
4160  7.34527e-16
4161  7.34877e-16
4162  7.35206e-16
4163  7.35512e-16
4164  7.35794e-16
4165  7.36051e-16
4166  7.36282e-16
4167  7.36484e-16
4168  7.36657e-16
4169  7.36799e-16
4170  7.36909e-16
4171  7.36986e-16
4172  7.37028e-16
4173  7.37035e-16
4174  7.37004e-16
4175  7.36935e-16
4176  7.36827e-16
4177  7.36679e-16
4178  7.36489e-16
4179  7.36256e-16
4180  7.35981e-16
4181  7.35661e-16
4182  7.35296e-16
4183  7.34885e-16
4184  7.34427e-16
4185  7.33922e-16
4186  7.33369e-16
4187  7.32768e-16
4188  7.32117e-16
4189  7.31417e-16
4190  7.30666e-16
4191  7.29866e-16
4192  7.29014e-16
4193  7.28112e-16
4194  7.27159e-16
4195  7.26154e-16
4196  7.25098e-16
4197  7.23991e-16
4198  7.22833e-16
4199  7.21623e-16
4200  7.20362e-16
4201  7.19051e-16
4202  7.17689e-16
4203  7.16277e-16
4204  7.14815e-16
4205  7.13304e-16
4206  7.11744e-16
4207  7.10136e-16
4208  7.0848e-16
4209  7.06777e-16
4210  7.05028e-16
4211  7.03233e-16
4212  7.01393e-16
4213  6.9951e-16
4214  6.97583e-16
4215  6.95614e-16
4216  6.93605e-16
4217  6.91555e-16
4218  6.89466e-16
4219  6.87338e-16
4220  6.85174e-16
4221  6.82975e-16
4222  6.80741e-16
4223  6.78473e-16
4224  6.76173e-16
4225  6.73843e-16
4226  6.71483e-16
4227  6.69095e-16
4228  6.6668e-16
4229  6.64239e-16
4230  6.61775e-16
4231  6.59288e-16
4232  6.56779e-16
4233  6.54251e-16
4234  6.51704e-16
4235  6.49141e-16
4236  6.46562e-16
4237  6.43969e-16
4238  6.41363e-16
4239  6.38747e-16
4240  6.3612e-16
4241  6.33486e-16
4242  6.30845e-16
4243  6.28199e-16
4244  6.2555e-16
4245  6.22898e-16
4246  6.20246e-16
4247  6.17595e-16
4248  6.14945e-16
4249  6.123e-16
4250  6.09659e-16
4251  6.07025e-16
4252  6.044e-16
4253  6.01783e-16
4254  5.99177e-16
4255  5.96583e-16
4256  5.94003e-16
4257  5.91437e-16
4258  5.88888e-16
4259  5.86356e-16
4260  5.83842e-16
4261  5.81348e-16
4262  5.78875e-16
4263  5.76424e-16
4264  5.73997e-16
4265  5.71594e-16
4266  5.69216e-16
4267  5.66865e-16
4268  5.64542e-16
4269  5.62247e-16
4270  5.59982e-16
4271  5.57748e-16
4272  5.55544e-16
4273  5.53374e-16
4274  5.51236e-16
4275  5.49133e-16
4276  5.47064e-16
4277  5.45031e-16
4278  5.43033e-16
4279  5.41073e-16
4280  5.3915e-16
4281  5.37266e-16
4282  5.3542e-16
4283  5.33613e-16
4284  5.31846e-16
4285  5.30118e-16
4286  5.28432e-16
4287  5.26786e-16
4288  5.25182e-16
4289  5.23619e-16
4290  5.22097e-16
4291  5.20618e-16
4292  5.19181e-16
4293  5.17787e-16
4294  5.16435e-16
4295  5.15125e-16
4296  5.13858e-16
4297  5.12634e-16
4298  5.11452e-16
4299  5.10313e-16
4300  5.09216e-16
4301  5.08161e-16
4302  5.07149e-16
4303  5.06179e-16
4304  5.05251e-16
4305  5.04364e-16
4306  5.03518e-16
4307  5.02714e-16
4308  5.0195e-16
4309  5.01226e-16
4310  5.00543e-16
4311  4.99898e-16
4312  4.99294e-16
4313  4.98727e-16
4314  4.98199e-16
4315  4.97709e-16
4316  4.97256e-16
4317  4.96839e-16
4318  4.96459e-16
4319  4.96114e-16
4320  4.95804e-16
4321  4.95529e-16
4322  4.95287e-16
4323  4.95079e-16
4324  4.94904e-16
4325  4.9476e-16
4326  4.94648e-16
4327  4.94566e-16
4328  4.94515e-16
4329  4.94493e-16
4330  4.945e-16
4331  4.94535e-16
4332  4.94598e-16
4333  4.94687e-16
4334  4.94803e-16
4335  4.94945e-16
4336  4.95111e-16
4337  4.95302e-16
4338  4.95517e-16
4339  4.95755e-16
4340  4.96016e-16
4341  4.96299e-16
4342  4.96603e-16
4343  4.96929e-16
4344  4.97274e-16
4345  4.9764e-16
4346  4.98025e-16
4347  4.9843e-16
4348  4.98853e-16
4349  4.99294e-16
4350  4.99753e-16
4351  5.00229e-16
4352  5.00722e-16
4353  5.01232e-16
4354  5.01759e-16
4355  5.02301e-16
4356  5.0286e-16
4357  5.03434e-16
4358  5.04024e-16
4359  5.04629e-16
4360  5.05249e-16
4361  5.05884e-16
4362  5.06535e-16
4363  5.072e-16
4364  5.07881e-16
4365  5.08576e-16
4366  5.09287e-16
4367  5.10013e-16
4368  5.10754e-16
4369  5.1151e-16
4370  5.12282e-16
4371  5.1307e-16
4372  5.13875e-16
4373  5.14695e-16
4374  5.15532e-16
4375  5.16386e-16
4376  5.17258e-16
4377  5.18147e-16
4378  5.19054e-16
4379  5.1998e-16
4380  5.20925e-16
4381  5.2189e-16
4382  5.22875e-16
4383  5.2388e-16
4384  5.24906e-16
4385  5.25955e-16
4386  5.27025e-16
4387  5.28119e-16
4388  5.29236e-16
4389  5.30378e-16
4390  5.31544e-16
4391  5.32736e-16
4392  5.33955e-16
4393  5.352e-16
4394  5.36473e-16
4395  5.37775e-16
4396  5.39106e-16
4397  5.40466e-16
4398  5.41858e-16
4399  5.4328e-16
4400  5.44735e-16
4401  5.46223e-16
4402  5.47744e-16
4403  5.49299e-16
4404  5.50889e-16
4405  5.52515e-16
4406  5.54177e-16
4407  5.55876e-16
4408  5.57612e-16
4409  5.59387e-16
4410  5.612e-16
4411  5.63053e-16
4412  5.64945e-16
4413  5.66878e-16
4414  5.68852e-16
4415  5.70867e-16
4416  5.72924e-16
4417  5.75022e-16
4418  5.77164e-16
4419  5.79348e-16
4420  5.81575e-16
4421  5.83845e-16
4422  5.86159e-16
4423  5.88516e-16
4424  5.90917e-16
4425  5.93361e-16
4426  5.9585e-16
4427  5.98381e-16
4428  6.00957e-16
4429  6.03575e-16
4430  6.06237e-16
4431  6.08941e-16
4432  6.11688e-16
4433  6.14477e-16
4434  6.17307e-16
4435  6.20179e-16
4436  6.23091e-16
4437  6.26043e-16
4438  6.29034e-16
4439  6.32063e-16
4440  6.3513e-16
4441  6.38233e-16
4442  6.41372e-16
4443  6.44546e-16
4444  6.47754e-16
4445  6.50994e-16
4446  6.54265e-16
4447  6.57567e-16
4448  6.60897e-16
4449  6.64254e-16
4450  6.67638e-16
4451  6.71046e-16
4452  6.74477e-16
4453  6.7793e-16
4454  6.81402e-16
4455  6.84893e-16
4456  6.884e-16
4457  6.91921e-16
4458  6.95455e-16
4459  6.99001e-16
4460  7.02555e-16
4461  7.06117e-16
4462  7.09684e-16
4463  7.13254e-16
4464  7.16825e-16
4465  7.20396e-16
4466  7.23964e-16
4467  7.27526e-16
4468  7.31082e-16
4469  7.34629e-16
4470  7.38164e-16
4471  7.41686e-16
4472  7.45192e-16
4473  7.48681e-16
4474  7.5215e-16
4475  7.55597e-16
4476  7.5902e-16
4477  7.62417e-16
4478  7.65785e-16
4479  7.69123e-16
4480  7.72429e-16
4481  7.75701e-16
4482  7.78936e-16
4483  7.82133e-16
4484  7.85289e-16
4485  7.88403e-16
4486  7.91474e-16
4487  7.94498e-16
4488  7.97475e-16
4489  8.00403e-16
4490  8.03279e-16
4491  8.06103e-16
4492  8.08874e-16
4493  8.11588e-16
4494  8.14246e-16
4495  8.16845e-16
4496  8.19385e-16
4497  8.21864e-16
4498  8.24281e-16
4499  8.26635e-16
4500  8.28925e-16
4501  8.31151e-16
4502  8.33311e-16
4503  8.35404e-16
4504  8.3743e-16
4505  8.39389e-16
4506  8.41279e-16
4507  8.43101e-16
4508  8.44855e-16
4509  8.46539e-16
4510  8.48154e-16
4511  8.49699e-16
4512  8.51176e-16
4513  8.52583e-16
4514  8.53921e-16
4515  8.55191e-16
4516  8.56392e-16
4517  8.57526e-16
4518  8.58592e-16
4519  8.59592e-16
4520  8.60525e-16
4521  8.61394e-16
4522  8.62198e-16
4523  8.62938e-16
4524  8.63616e-16
4525  8.64233e-16
4526  8.64789e-16
4527  8.65286e-16
4528  8.65725e-16
4529  8.66108e-16
4530  8.66436e-16
4531  8.66709e-16
4532  8.66931e-16
4533  8.67101e-16
4534  8.67222e-16
4535  8.67296e-16
4536  8.67323e-16
4537  8.67307e-16
4538  8.67247e-16
4539  8.67146e-16
4540  8.67007e-16
4541  8.66829e-16
4542  8.66616e-16
4543  8.66369e-16
4544  8.66089e-16
4545  8.65779e-16
4546  8.6544e-16
4547  8.65075e-16
4548  8.64684e-16
4549  8.64269e-16
4550  8.63833e-16
4551  8.63376e-16
4552  8.62901e-16
4553  8.6241e-16
4554  8.61903e-16
4555  8.61382e-16
4556  8.60849e-16
4557  8.60305e-16
4558  8.59752e-16
4559  8.59191e-16
4560  8.58623e-16
4561  8.5805e-16
4562  8.57473e-16
4563  8.56892e-16
4564  8.56309e-16
4565  8.55726e-16
4566  8.55142e-16
4567  8.54558e-16
4568  8.53976e-16
4569  8.53396e-16
4570  8.52819e-16
4571  8.52244e-16
4572  8.51674e-16
4573  8.51107e-16
4574  8.50545e-16
4575  8.49987e-16
4576  8.49433e-16
4577  8.48884e-16
4578  8.4834e-16
4579  8.478e-16
4580  8.47264e-16
4581  8.46732e-16
4582  8.46203e-16
4583  8.45677e-16
4584  8.45154e-16
4585  8.44632e-16
4586  8.44111e-16
4587  8.4359e-16
4588  8.43069e-16
4589  8.42546e-16
4590  8.42021e-16
4591  8.41492e-16
4592  8.40958e-16
4593  8.40418e-16
4594  8.39871e-16
4595  8.39315e-16
4596  8.3875e-16
4597  8.38173e-16
4598  8.37583e-16
4599  8.36979e-16
4600  8.3636e-16
4601  8.35723e-16
4602  8.35067e-16
4603  8.34391e-16
4604  8.33693e-16
4605  8.3297e-16
4606  8.32223e-16
4607  8.31448e-16
4608  8.30645e-16
4609  8.29811e-16
4610  8.28946e-16
4611  8.28046e-16
4612  8.27112e-16
4613  8.2614e-16
4614  8.2513e-16
4615  8.2408e-16
4616  8.22989e-16
4617  8.21854e-16
4618  8.20675e-16
4619  8.19451e-16
4620  8.18179e-16
4621  8.16859e-16
4622  8.15489e-16
4623  8.14069e-16
4624  8.12597e-16
4625  8.11071e-16
4626  8.09493e-16
4627  8.07859e-16
4628  8.0617e-16
4629  8.04425e-16
4630  8.02623e-16
4631  8.00764e-16
4632  7.98847e-16
4633  7.96872e-16
4634  7.94839e-16
4635  7.92747e-16
4636  7.90597e-16
4637  7.88388e-16
4638  7.86121e-16
4639  7.83796e-16
4640  7.81413e-16
4641  7.78974e-16
4642  7.76477e-16
4643  7.73925e-16
4644  7.71317e-16
4645  7.68655e-16
4646  7.65939e-16
4647  7.63172e-16
4648  7.60353e-16
4649  7.57485e-16
4650  7.54568e-16
4651  7.51604e-16
4652  7.48595e-16
4653  7.45542e-16
4654  7.42448e-16
4655  7.39314e-16
4656  7.36141e-16
4657  7.32932e-16
4658  7.2969e-16
4659  7.26416e-16
4660  7.23112e-16
4661  7.19782e-16
4662  7.16426e-16
4663  7.13049e-16
4664  7.09651e-16
4665  7.06237e-16
4666  7.02808e-16
4667  6.99367e-16
4668  6.95917e-16
4669  6.9246e-16
4670  6.89e-16
4671  6.85539e-16
4672  6.82081e-16
4673  6.78627e-16
4674  6.75181e-16
4675  6.71745e-16
4676  6.68323e-16
4677  6.64918e-16
4678  6.61532e-16
4679  6.58167e-16
4680  6.54828e-16
4681  6.51517e-16
4682  6.48236e-16
4683  6.44988e-16
4684  6.41777e-16
4685  6.38604e-16
4686  6.35472e-16
4687  6.32384e-16
4688  6.29343e-16
4689  6.2635e-16
4690  6.23409e-16
4691  6.20521e-16
4692  6.17688e-16
4693  6.14914e-16
4694  6.122e-16
4695  6.09547e-16
4696  6.06958e-16
4697  6.04435e-16
4698  6.01979e-16
4699  5.99592e-16
4700  5.97276e-16
4701  5.95031e-16
4702  5.92859e-16
4703  5.90762e-16
4704  5.88739e-16
4705  5.86793e-16
4706  5.84924e-16
4707  5.83132e-16
4708  5.81418e-16
4709  5.79783e-16
4710  5.78227e-16
4711  5.7675e-16
4712  5.75352e-16
4713  5.74033e-16
4714  5.72793e-16
4715  5.71631e-16
4716  5.70548e-16
4717  5.69542e-16
4718  5.68612e-16
4719  5.67759e-16
4720  5.66981e-16
4721  5.66276e-16
4722  5.65644e-16
4723  5.65084e-16
4724  5.64593e-16
4725  5.64171e-16
4726  5.63816e-16
4727  5.63526e-16
4728  5.63299e-16
4729  5.63133e-16
4730  5.63026e-16
4731  5.62976e-16
4732  5.62981e-16
4733  5.63038e-16
4734  5.63145e-16
4735  5.633e-16
4736  5.63499e-16
4737  5.63741e-16
4738  5.64022e-16
4739  5.6434e-16
4740  5.64692e-16
4741  5.65076e-16
4742  5.65487e-16
4743  5.65924e-16
4744  5.66383e-16
4745  5.66861e-16
4746  5.67356e-16
4747  5.67864e-16
4748  5.68382e-16
4749  5.68908e-16
4750  5.69437e-16
4751  5.69968e-16
4752  5.70496e-16
4753  5.7102e-16
4754  5.71536e-16
4755  5.72041e-16
4756  5.72532e-16
4757  5.73007e-16
4758  5.73462e-16
4759  5.73894e-16
4760  5.74302e-16
4761  5.74683e-16
4762  5.75033e-16
4763  5.7535e-16
4764  5.75632e-16
4765  5.75877e-16
4766  5.76082e-16
4767  5.76246e-16
4768  5.76365e-16
4769  5.76439e-16
4770  5.76465e-16
4771  5.76441e-16
4772  5.76367e-16
4773  5.7624e-16
4774  5.76059e-16
4775  5.75823e-16
4776  5.75531e-16
4777  5.75181e-16
4778  5.74774e-16
4779  5.74307e-16
4780  5.73781e-16
4781  5.73195e-16
4782  5.72549e-16
4783  5.71842e-16
4784  5.71075e-16
4785  5.70247e-16
4786  5.6936e-16
4787  5.68412e-16
4788  5.67406e-16
4789  5.66341e-16
4790  5.65218e-16
4791  5.64038e-16
4792  5.62803e-16
4793  5.61513e-16
4794  5.6017e-16
4795  5.58775e-16
4796  5.5733e-16
4797  5.55837e-16
4798  5.54298e-16
4799  5.52714e-16
4800  5.51087e-16
4801  5.4942e-16
4802  5.47716e-16
4803  5.45976e-16
4804  5.44203e-16
4805  5.42399e-16
4806  5.40568e-16
4807  5.38712e-16
4808  5.36834e-16
4809  5.34937e-16
4810  5.33024e-16
4811  5.31098e-16
4812  5.29162e-16
4813  5.27219e-16
4814  5.25273e-16
4815  5.23326e-16
4816  5.21382e-16
4817  5.19445e-16
4818  5.17517e-16
4819  5.15602e-16
4820  5.13704e-16
4821  5.11825e-16
4822  5.09969e-16
4823  5.0814e-16
4824  5.06339e-16
4825  5.04572e-16
4826  5.02841e-16
4827  5.01149e-16
4828  4.995e-16
4829  4.97896e-16
4830  4.9634e-16
4831  4.94836e-16
4832  4.93386e-16
4833  4.91994e-16
4834  4.90661e-16
4835  4.89391e-16
4836  4.88186e-16
4837  4.87048e-16
4838  4.8598e-16
4839  4.84984e-16
4840  4.84062e-16
4841  4.83216e-16
4842  4.82448e-16
4843  4.8176e-16
4844  4.81152e-16
4845  4.80628e-16
4846  4.80187e-16
4847  4.79832e-16
4848  4.79563e-16
4849  4.7938e-16
4850  4.79286e-16
4851  4.7928e-16
4852  4.79362e-16
4853  4.79534e-16
4854  4.79795e-16
4855  4.80145e-16
4856  4.80584e-16
4857  4.81111e-16
4858  4.81727e-16
4859  4.8243e-16
4860  4.83219e-16
4861  4.84095e-16
4862  4.85054e-16
4863  4.86097e-16
4864  4.87222e-16
4865  4.88428e-16
4866  4.89711e-16
4867  4.91072e-16
4868  4.92508e-16
4869  4.94016e-16
4870  4.95595e-16
4871  4.97242e-16
4872  4.98955e-16
4873  5.00731e-16
4874  5.02567e-16
4875  5.04461e-16
4876  5.0641e-16
4877  5.08412e-16
4878  5.10461e-16
4879  5.12557e-16
4880  5.14695e-16
4881  5.16872e-16
4882  5.19086e-16
4883  5.21331e-16
4884  5.23606e-16
4885  5.25906e-16
4886  5.28229e-16
4887  5.3057e-16
4888  5.32926e-16
4889  5.35293e-16
4890  5.37668e-16
4891  5.40047e-16
4892  5.42427e-16
4893  5.44804e-16
4894  5.47174e-16
4895  5.49534e-16
4896  5.51881e-16
4897  5.5421e-16
4898  5.56519e-16
4899  5.58805e-16
4900  5.61063e-16
4901  5.6329e-16
4902  5.65484e-16
4903  5.67642e-16
4904  5.69759e-16
4905  5.71834e-16
4906  5.73864e-16
4907  5.75845e-16
4908  5.77775e-16
4909  5.79652e-16
4910  5.81473e-16
4911  5.83236e-16
4912  5.84939e-16
4913  5.86579e-16
4914  5.88154e-16
4915  5.89664e-16
4916  5.91105e-16
4917  5.92477e-16
4918  5.93778e-16
4919  5.95007e-16
4920  5.96162e-16
4921  5.97243e-16
4922  5.98249e-16
4923  5.99179e-16
4924  6.00032e-16
4925  6.00808e-16
4926  6.01507e-16
4927  6.02129e-16
4928  6.02673e-16
4929  6.03141e-16
4930  6.03531e-16
4931  6.03844e-16
4932  6.04082e-16
4933  6.04244e-16
4934  6.04332e-16
4935  6.04347e-16
4936  6.04289e-16
4937  6.0416e-16
4938  6.03962e-16
4939  6.03695e-16
4940  6.03361e-16
4941  6.02963e-16
4942  6.02501e-16
4943  6.01978e-16
4944  6.01396e-16
4945  6.00757e-16
4946  6.00063e-16
4947  5.99316e-16
4948  5.9852e-16
4949  5.97676e-16
4950  5.96786e-16
4951  5.95855e-16
4952  5.94883e-16
4953  5.93875e-16
4954  5.92832e-16
4955  5.91758e-16
4956  5.90656e-16
4957  5.89529e-16
4958  5.88378e-16
4959  5.87209e-16
4960  5.86023e-16
4961  5.84823e-16
4962  5.83614e-16
4963  5.82397e-16
4964  5.81176e-16
4965  5.79954e-16
4966  5.78734e-16
4967  5.77518e-16
4968  5.76311e-16
4969  5.75116e-16
4970  5.73934e-16
4971  5.72769e-16
4972  5.71624e-16
4973  5.70502e-16
4974  5.69406e-16
4975  5.68338e-16
4976  5.67301e-16
4977  5.66299e-16
4978  5.65333e-16
4979  5.64405e-16
4980  5.6352e-16
4981  5.62678e-16
4982  5.61883e-16
4983  5.61136e-16
4984  5.6044e-16
4985  5.59796e-16
4986  5.59208e-16
4987  5.58676e-16
4988  5.58203e-16
4989  5.5779e-16
4990  5.57439e-16
4991  5.57152e-16
4992  5.5693e-16
4993  5.56774e-16
4994  5.56686e-16
4995  5.56666e-16
4996  5.56717e-16
4997  5.56838e-16
4998  5.57031e-16
4999  5.57296e-16
5000  5.57634e-16
5001  5.58047e-16
5002  5.58533e-16
5003  5.59093e-16
5004  5.59729e-16
5005  5.60439e-16
5006  5.61224e-16
5007  5.62084e-16
5008  5.63019e-16
5009  5.64028e-16
5010  5.65112e-16
5011  5.66269e-16
5012  5.67499e-16
5013  5.68802e-16
5014  5.70177e-16
5015  5.71623e-16
5016  5.73139e-16
5017  5.74724e-16
5018  5.76378e-16
5019  5.78099e-16
5020  5.79886e-16
5021  5.81738e-16
5022  5.83653e-16
5023  5.8563e-16
5024  5.87668e-16
5025  5.89764e-16
5026  5.91919e-16
5027  5.94128e-16
5028  5.96393e-16
5029  5.98709e-16
5030  6.01076e-16
5031  6.03492e-16
5032  6.05954e-16
5033  6.08462e-16
5034  6.11013e-16
5035  6.13604e-16
5036  6.16235e-16
5037  6.18902e-16
5038  6.21604e-16
5039  6.24339e-16
5040  6.27105e-16
5041  6.29899e-16
5042  6.3272e-16
5043  6.35565e-16
5044  6.38431e-16
5045  6.41318e-16
5046  6.44223e-16
5047  6.47143e-16
5048  6.50076e-16
5049  6.53021e-16
5050  6.55975e-16
5051  6.58936e-16
5052  6.61902e-16
5053  6.64871e-16
5054  6.6784e-16
5055  6.70809e-16
5056  6.73774e-16
5057  6.76734e-16
5058  6.79687e-16
5059  6.82631e-16
5060  6.85563e-16
5061  6.88484e-16
5062  6.91389e-16
5063  6.94279e-16
5064  6.9715e-16
5065  7.00002e-16
5066  7.02833e-16
5067  7.05641e-16
5068  7.08425e-16
5069  7.11183e-16
5070  7.13914e-16
5071  7.16617e-16
5072  7.19291e-16
5073  7.21933e-16
5074  7.24544e-16
5075  7.27122e-16
5076  7.29666e-16
5077  7.32176e-16
5078  7.3465e-16
5079  7.37087e-16
5080  7.39487e-16
5081  7.4185e-16
5082  7.44174e-16
5083  7.46459e-16
5084  7.48705e-16
5085  7.50912e-16
5086  7.53078e-16
5087  7.55205e-16
5088  7.57291e-16
5089  7.59337e-16
5090  7.61342e-16
5091  7.63308e-16
5092  7.65233e-16
5093  7.67118e-16
5094  7.68964e-16
5095  7.70771e-16
5096  7.72539e-16
5097  7.74268e-16
5098  7.75959e-16
5099  7.77614e-16
5100  7.79231e-16
5101  7.80813e-16
5102  7.8236e-16
5103  7.83872e-16
5104  7.85351e-16
5105  7.86797e-16
5106  7.88212e-16
5107  7.89597e-16
5108  7.90952e-16
5109  7.92278e-16
5110  7.93577e-16
5111  7.9485e-16
5112  7.96098e-16
5113  7.97322e-16
5114  7.98524e-16
5115  7.99704e-16
5116  8.00865e-16
5117  8.02006e-16
5118  8.03131e-16
5119  8.04239e-16
5120  8.05332e-16
5121  8.06411e-16
5122  8.07479e-16
5123  8.08535e-16
5124  8.09581e-16
5125  8.10619e-16
5126  8.1165e-16
5127  8.12675e-16
5128  8.13695e-16
5129  8.14711e-16
5130  8.15724e-16
5131  8.16736e-16
5132  8.17748e-16
5133  8.1876e-16
5134  8.19774e-16
5135  8.20789e-16
5136  8.21809e-16
5137  8.22832e-16
5138  8.2386e-16
5139  8.24893e-16
5140  8.25932e-16
5141  8.26978e-16
5142  8.28031e-16
5143  8.29091e-16
5144  8.30159e-16
5145  8.31235e-16
5146  8.32319e-16
5147  8.33411e-16
5148  8.34511e-16
5149  8.35619e-16
5150  8.36736e-16
5151  8.3786e-16
5152  8.38991e-16
5153  8.4013e-16
5154  8.41274e-16
5155  8.42425e-16
5156  8.43581e-16
5157  8.44741e-16
5158  8.45904e-16
5159  8.4707e-16
5160  8.48237e-16
5161  8.49405e-16
5162  8.50572e-16
5163  8.51737e-16
5164  8.52898e-16
5165  8.54055e-16
5166  8.55205e-16
5167  8.56347e-16
5168  8.57479e-16
5169  8.586e-16
5170  8.59708e-16
5171  8.608e-16
5172  8.61876e-16
5173  8.62933e-16
5174  8.63968e-16
5175  8.64981e-16
5176  8.65969e-16
5177  8.66929e-16
5178  8.6786e-16
5179  8.68759e-16
5180  8.69624e-16
5181  8.70453e-16
5182  8.71244e-16
5183  8.71993e-16
5184  8.727e-16
5185  8.73361e-16
5186  8.73975e-16
5187  8.74539e-16
5188  8.7505e-16
5189  8.75507e-16
5190  8.75907e-16
5191  8.76248e-16
5192  8.76528e-16
5193  8.76745e-16
5194  8.76896e-16
5195  8.7698e-16
5196  8.76995e-16
5197  8.76938e-16
5198  8.76808e-16
5199  8.76603e-16
5200  8.76321e-16
5201  8.75961e-16
5202  8.75521e-16
5203  8.75e-16
5204  8.74396e-16
5205  8.73708e-16
5206  8.72934e-16
5207  8.72075e-16
5208  8.71128e-16
5209  8.70092e-16
5210  8.68968e-16
5211  8.67754e-16
5212  8.66451e-16
5213  8.65056e-16
5214  8.63571e-16
5215  8.61995e-16
5216  8.60328e-16
5217  8.5857e-16
5218  8.56722e-16
5219  8.54783e-16
5220  8.52754e-16
5221  8.50637e-16
5222  8.48431e-16
5223  8.46137e-16
5224  8.43757e-16
5225  8.41292e-16
5226  8.38743e-16
5227  8.36111e-16
5228  8.33398e-16
5229  8.30606e-16
5230  8.27736e-16
5231  8.2479e-16
5232  8.21771e-16
5233  8.18681e-16
5234  8.15521e-16
5235  8.12295e-16
5236  8.09004e-16
5237  8.05651e-16
5238  8.0224e-16
5239  7.98772e-16
5240  7.95251e-16
5241  7.9168e-16
5242  7.88062e-16
5243  7.84399e-16
5244  7.80696e-16
5245  7.76955e-16
5246  7.7318e-16
5247  7.69374e-16
5248  7.65541e-16
5249  7.61684e-16
5250  7.57807e-16
5251  7.53913e-16
5252  7.50007e-16
5253  7.46091e-16
5254  7.4217e-16
5255  7.38247e-16
5256  7.34325e-16
5257  7.3041e-16
5258  7.26503e-16
5259  7.2261e-16
5260  7.18734e-16
5261  7.14878e-16
5262  7.11046e-16
5263  7.07243e-16
5264  7.0347e-16
5265  6.99732e-16
5266  6.96033e-16
5267  6.92376e-16
5268  6.88764e-16
5269  6.85201e-16
5270  6.8169e-16
5271  6.78234e-16
5272  6.74836e-16
5273  6.71499e-16
5274  6.68227e-16
5275  6.65022e-16
5276  6.61887e-16
5277  6.58825e-16
5278  6.55837e-16
5279  6.52928e-16
5280  6.50098e-16
5281  6.47351e-16
5282  6.44688e-16
5283  6.42112e-16
5284  6.39624e-16
5285  6.37226e-16
5286  6.34919e-16
5287  6.32707e-16
5288  6.30588e-16
5289  6.28566e-16
5290  6.26641e-16
5291  6.24814e-16
5292  6.23086e-16
5293  6.21458e-16
5294  6.1993e-16
5295  6.18503e-16
5296  6.17177e-16
5297  6.15952e-16
5298  6.14829e-16
5299  6.13807e-16
5300  6.12886e-16
5301  6.12066e-16
5302  6.11347e-16
5303  6.10727e-16
5304  6.10206e-16
5305  6.09784e-16
5306  6.09458e-16
5307  6.09229e-16
5308  6.09095e-16
5309  6.09054e-16
5310  6.09105e-16
5311  6.09247e-16
5312  6.09478e-16
5313  6.09796e-16
5314  6.102e-16
5315  6.10686e-16
5316  6.11254e-16
5317  6.11901e-16
5318  6.12624e-16
5319  6.13422e-16
5320  6.14292e-16
5321  6.15232e-16
5322  6.16238e-16
5323  6.17308e-16
5324  6.1844e-16
5325  6.1963e-16
5326  6.20876e-16
5327  6.22175e-16
5328  6.23523e-16
5329  6.24919e-16
5330  6.26358e-16
5331  6.27837e-16
5332  6.29354e-16
5333  6.30905e-16
5334  6.32488e-16
5335  6.34098e-16
5336  6.35732e-16
5337  6.37388e-16
5338  6.39062e-16
5339  6.4075e-16
5340  6.4245e-16
5341  6.44158e-16
5342  6.4587e-16
5343  6.47584e-16
5344  6.49296e-16
5345  6.51003e-16
5346  6.52701e-16
5347  6.54388e-16
5348  6.5606e-16
5349  6.57715e-16
5350  6.59348e-16
5351  6.60957e-16
5352  6.62539e-16
5353  6.64091e-16
5354  6.6561e-16
5355  6.67093e-16
5356  6.68537e-16
5357  6.69939e-16
5358  6.71298e-16
5359  6.72609e-16
5360  6.73871e-16
5361  6.75081e-16
5362  6.76236e-16
5363  6.77335e-16
5364  6.78375e-16
5365  6.79353e-16
5366  6.80269e-16
5367  6.81119e-16
5368  6.81902e-16
5369  6.82616e-16
5370  6.8326e-16
5371  6.83831e-16
5372  6.84329e-16
5373  6.84751e-16
5374  6.85097e-16
5375  6.85365e-16
5376  6.85555e-16
5377  6.85665e-16
5378  6.85694e-16
5379  6.85642e-16
5380  6.85508e-16
5381  6.85291e-16
5382  6.84992e-16
5383  6.84609e-16
5384  6.84143e-16
5385  6.83593e-16
5386  6.8296e-16
5387  6.82244e-16
5388  6.81445e-16
5389  6.80563e-16
5390  6.796e-16
5391  6.78555e-16
5392  6.77429e-16
5393  6.76224e-16
5394  6.7494e-16
5395  6.73579e-16
5396  6.72141e-16
5397  6.70628e-16
5398  6.69042e-16
5399  6.67383e-16
5400  6.65655e-16
5401  6.63858e-16
5402  6.61994e-16
5403  6.60065e-16
5404  6.58074e-16
5405  6.56023e-16
5406  6.53914e-16
5407  6.51749e-16
5408  6.49531e-16
5409  6.47262e-16
5410  6.44945e-16
5411  6.42583e-16
5412  6.40178e-16
5413  6.37734e-16
5414  6.35253e-16
5415  6.32739e-16
5416  6.30195e-16
5417  6.27623e-16
5418  6.25027e-16
5419  6.2241e-16
5420  6.19776e-16
5421  6.17128e-16
5422  6.14469e-16
5423  6.11803e-16
5424  6.09133e-16
5425  6.06463e-16
5426  6.03797e-16
5427  6.01137e-16
5428  5.98488e-16
5429  5.95852e-16
5430  5.93235e-16
5431  5.90638e-16
5432  5.88067e-16
5433  5.85524e-16
5434  5.83012e-16
5435  5.80537e-16
5436  5.781e-16
5437  5.75706e-16
5438  5.73357e-16
5439  5.71058e-16
5440  5.68812e-16
5441  5.66621e-16
5442  5.6449e-16
5443  5.62422e-16
5444  5.60419e-16
5445  5.58485e-16
5446  5.56622e-16
5447  5.54835e-16
5448  5.53125e-16
5449  5.51495e-16
5450  5.49948e-16
5451  5.48486e-16
5452  5.47113e-16
5453  5.4583e-16
5454  5.4464e-16
5455  5.43544e-16
5456  5.42546e-16
5457  5.41647e-16
5458  5.40848e-16
5459  5.40152e-16
5460  5.3956e-16
5461  5.39073e-16
5462  5.38694e-16
5463  5.38422e-16
5464  5.3826e-16
5465  5.38208e-16
5466  5.38267e-16
5467  5.38438e-16
5468  5.38722e-16
5469  5.39118e-16
5470  5.39627e-16
5471  5.40249e-16
5472  5.40985e-16
5473  5.41833e-16
5474  5.42795e-16
5475  5.43869e-16
5476  5.45055e-16
5477  5.46352e-16
5478  5.4776e-16
5479  5.49278e-16
5480  5.50904e-16
5481  5.52638e-16
5482  5.54478e-16
5483  5.56422e-16
5484  5.5847e-16
5485  5.60619e-16
5486  5.62869e-16
5487  5.65216e-16
5488  5.67658e-16
5489  5.70195e-16
5490  5.72824e-16
5491  5.75541e-16
5492  5.78346e-16
5493  5.81235e-16
5494  5.84206e-16
5495  5.87256e-16
5496  5.90383e-16
5497  5.93583e-16
5498  5.96854e-16
5499  6.00193e-16
5500  6.03597e-16
5501  6.07063e-16
5502  6.10588e-16
5503  6.14168e-16
5504  6.178e-16
5505  6.21482e-16
5506  6.25209e-16
5507  6.28979e-16
5508  6.32789e-16
5509  6.36634e-16
5510  6.40512e-16
5511  6.44419e-16
5512  6.48352e-16
5513  6.52307e-16
5514  6.56282e-16
5515  6.60273e-16
5516  6.64276e-16
5517  6.68289e-16
5518  6.72307e-16
5519  6.76328e-16
5520  6.80349e-16
5521  6.84366e-16
5522  6.88377e-16
5523  6.92378e-16
5524  6.96366e-16
5525  7.00338e-16
5526  7.04291e-16
5527  7.08223e-16
5528  7.1213e-16
5529  7.16011e-16
5530  7.19862e-16
5531  7.2368e-16
5532  7.27464e-16
5533  7.3121e-16
5534  7.34917e-16
5535  7.38583e-16
5536  7.42204e-16
5537  7.45779e-16
5538  7.49306e-16
5539  7.52784e-16
5540  7.56209e-16
5541  7.59581e-16
5542  7.62898e-16
5543  7.66159e-16
5544  7.69361e-16
5545  7.72504e-16
5546  7.75586e-16
5547  7.78607e-16
5548  7.81564e-16
5549  7.84458e-16
5550  7.87288e-16
5551  7.90052e-16
5552  7.92749e-16
5553  7.9538e-16
5554  7.97944e-16
5555  8.00441e-16
5556  8.02869e-16
5557  8.0523e-16
5558  8.07522e-16
5559  8.09746e-16
5560  8.11902e-16
5561  8.1399e-16
5562  8.1601e-16
5563  8.17962e-16
5564  8.19848e-16
5565  8.21666e-16
5566  8.23418e-16
5567  8.25104e-16
5568  8.26725e-16
5569  8.28281e-16
5570  8.29774e-16
5571  8.31204e-16
5572  8.32572e-16
5573  8.33878e-16
5574  8.35125e-16
5575  8.36312e-16
5576  8.37441e-16
5577  8.38513e-16
5578  8.3953e-16
5579  8.40491e-16
5580  8.41399e-16
5581  8.42255e-16
5582  8.43059e-16
5583  8.43814e-16
5584  8.4452e-16
5585  8.45178e-16
5586  8.45791e-16
5587  8.46359e-16
5588  8.46884e-16
5589  8.47367e-16
5590  8.4781e-16
5591  8.48213e-16
5592  8.48578e-16
5593  8.48907e-16
5594  8.492e-16
5595  8.4946e-16
5596  8.49687e-16
5597  8.49882e-16
5598  8.50047e-16
5599  8.50184e-16
5600  8.50293e-16
5601  8.50375e-16
5602  8.50433e-16
5603  8.50466e-16
5604  8.50476e-16
5605  8.50465e-16
5606  8.50433e-16
5607  8.50381e-16
5608  8.5031e-16
5609  8.50222e-16
5610  8.50117e-16
5611  8.49996e-16
5612  8.4986e-16
5613  8.4971e-16
5614  8.49547e-16
5615  8.4937e-16
5616  8.49182e-16
5617  8.48983e-16
5618  8.48772e-16
5619  8.48552e-16
5620  8.48322e-16
5621  8.48083e-16
5622  8.47836e-16
5623  8.4758e-16
5624  8.47316e-16
5625  8.47045e-16
5626  8.46767e-16
5627  8.46481e-16
5628  8.46189e-16
5629  8.45891e-16
5630  8.45586e-16
5631  8.45274e-16
5632  8.44957e-16
5633  8.44633e-16
5634  8.44303e-16
5635  8.43966e-16
5636  8.43623e-16
5637  8.43274e-16
5638  8.42918e-16
5639  8.42555e-16
5640  8.42186e-16
5641  8.41809e-16
5642  8.41425e-16
5643  8.41033e-16
5644  8.40633e-16
5645  8.40224e-16
5646  8.39807e-16
5647  8.39381e-16
5648  8.38946e-16
5649  8.38501e-16
5650  8.38046e-16
5651  8.3758e-16
5652  8.37104e-16
5653  8.36616e-16
5654  8.36116e-16
5655  8.35604e-16
5656  8.35079e-16
5657  8.34541e-16
5658  8.3399e-16
5659  8.33425e-16
5660  8.32845e-16
5661  8.3225e-16
5662  8.31641e-16
5663  8.31015e-16
5664  8.30374e-16
5665  8.29716e-16
5666  8.29041e-16
5667  8.28349e-16
5668  8.27639e-16
5669  8.26911e-16
5670  8.26166e-16
5671  8.25401e-16
5672  8.24618e-16
5673  8.23816e-16
5674  8.22995e-16
5675  8.22154e-16
5676  8.21293e-16
5677  8.20413e-16
5678  8.19513e-16
5679  8.18592e-16
5680  8.17652e-16
5681  8.16691e-16
5682  8.15711e-16
5683  8.1471e-16
5684  8.13689e-16
5685  8.12648e-16
5686  8.11587e-16
5687  8.10506e-16
5688  8.09406e-16
5689  8.08287e-16
5690  8.07148e-16
5691  8.05991e-16
5692  8.04816e-16
5693  8.03622e-16
5694  8.02411e-16
5695  8.01182e-16
5696  7.99937e-16
5697  7.98675e-16
5698  7.97398e-16
5699  7.96106e-16
5700  7.94799e-16
5701  7.93478e-16
5702  7.92144e-16
5703  7.90798e-16
5704  7.8944e-16
5705  7.88071e-16
5706  7.86691e-16
5707  7.85302e-16
5708  7.83905e-16
5709  7.825e-16
5710  7.81089e-16
5711  7.79672e-16
5712  7.7825e-16
5713  7.76824e-16
5714  7.75395e-16
5715  7.73965e-16
5716  7.72534e-16
5717  7.71103e-16
5718  7.69674e-16
5719  7.68248e-16
5720  7.66825e-16
5721  7.65407e-16
5722  7.63995e-16
5723  7.6259e-16
5724  7.61194e-16
5725  7.59807e-16
5726  7.5843e-16
5727  7.57066e-16
5728  7.55715e-16
5729  7.54378e-16
5730  7.53056e-16
5731  7.51751e-16
5732  7.50464e-16
5733  7.49196e-16
5734  7.47948e-16
5735  7.46722e-16
5736  7.45518e-16
5737  7.44338e-16
5738  7.43183e-16
5739  7.42053e-16
5740  7.40951e-16
5741  7.39877e-16
5742  7.38832e-16
5743  7.37817e-16
5744  7.36834e-16
5745  7.35883e-16
5746  7.34966e-16
5747  7.34082e-16
5748  7.33234e-16
5749  7.32422e-16
5750  7.31647e-16
5751  7.3091e-16
5752  7.30212e-16
5753  7.29552e-16
5754  7.28933e-16
5755  7.28355e-16
5756  7.27819e-16
5757  7.27324e-16
5758  7.26873e-16
5759  7.26465e-16
5760  7.261e-16
5761  7.2578e-16
5762  7.25505e-16
5763  7.25275e-16
5764  7.2509e-16
5765  7.24952e-16
5766  7.24859e-16
5767  7.24813e-16
5768  7.24813e-16
5769  7.2486e-16
5770  7.24954e-16
5771  7.25094e-16
5772  7.25281e-16
5773  7.25515e-16
5774  7.25796e-16
5775  7.26123e-16
5776  7.26497e-16
5777  7.26917e-16
5778  7.27383e-16
5779  7.27894e-16
5780  7.28451e-16
5781  7.29052e-16
5782  7.29698e-16
5783  7.30388e-16
5784  7.31121e-16
5785  7.31897e-16
5786  7.32715e-16
5787  7.33576e-16
5788  7.34477e-16
5789  7.35418e-16
5790  7.36399e-16
5791  7.37418e-16
5792  7.38476e-16
5793  7.3957e-16
5794  7.40701e-16
5795  7.41867e-16
5796  7.43068e-16
5797  7.44301e-16
5798  7.45567e-16
5799  7.46865e-16
5800  7.48192e-16
5801  7.49549e-16
5802  7.50934e-16
5803  7.52346e-16
5804  7.53783e-16
5805  7.55245e-16
5806  7.56731e-16
5807  7.58239e-16
5808  7.59768e-16
5809  7.61316e-16
5810  7.62884e-16
5811  7.64468e-16
5812  7.66068e-16
5813  7.67684e-16
5814  7.69312e-16
5815  7.70953e-16
5816  7.72605e-16
5817  7.74266e-16
5818  7.75936e-16
5819  7.77612e-16
5820  7.79295e-16
5821  7.80981e-16
5822  7.82671e-16
5823  7.84363e-16
5824  7.86055e-16
5825  7.87746e-16
5826  7.89436e-16
5827  7.91122e-16
5828  7.92804e-16
5829  7.9448e-16
5830  7.9615e-16
5831  7.97811e-16
5832  7.99463e-16
5833  8.01104e-16
5834  8.02734e-16
5835  8.04352e-16
5836  8.05956e-16
5837  8.07544e-16
5838  8.09117e-16
5839  8.10674e-16
5840  8.12212e-16
5841  8.13731e-16
5842  8.15231e-16
5843  8.1671e-16
5844  8.18167e-16
5845  8.19602e-16
5846  8.21013e-16
5847  8.22401e-16
5848  8.23764e-16
5849  8.25101e-16
5850  8.26412e-16
5851  8.27695e-16
5852  8.28952e-16
5853  8.3018e-16
5854  8.3138e-16
5855  8.3255e-16
5856  8.33691e-16
5857  8.34802e-16
5858  8.35882e-16
5859  8.36931e-16
5860  8.37949e-16
5861  8.38936e-16
5862  8.3989e-16
5863  8.40813e-16
5864  8.41704e-16
5865  8.42563e-16
5866  8.43389e-16
5867  8.44182e-16
5868  8.44944e-16
5869  8.45673e-16
5870  8.46369e-16
5871  8.47034e-16
5872  8.47666e-16
5873  8.48266e-16
5874  8.48835e-16
5875  8.49372e-16
5876  8.49878e-16
5877  8.50353e-16
5878  8.50798e-16
5879  8.51213e-16
5880  8.51598e-16
5881  8.51954e-16
5882  8.52282e-16
5883  8.52581e-16
5884  8.52853e-16
5885  8.53098e-16
5886  8.53317e-16
5887  8.5351e-16
5888  8.53678e-16
5889  8.53822e-16
5890  8.53943e-16
5891  8.54041e-16
5892  8.54117e-16
5893  8.54173e-16
5894  8.54208e-16
5895  8.54224e-16
5896  8.54222e-16
5897  8.54202e-16
5898  8.54166e-16
5899  8.54114e-16
5900  8.54048e-16
5901  8.53968e-16
5902  8.53875e-16
5903  8.53771e-16
5904  8.53657e-16
5905  8.53533e-16
5906  8.534e-16
5907  8.5326e-16
5908  8.53114e-16
5909  8.52962e-16
5910  8.52806e-16
5911  8.52646e-16
5912  8.52485e-16
5913  8.52322e-16
5914  8.52159e-16
5915  8.51996e-16
5916  8.51836e-16
5917  8.51678e-16
5918  8.51523e-16
5919  8.51374e-16
5920  8.51229e-16
5921  8.51092e-16
5922  8.50961e-16
5923  8.50839e-16
5924  8.50725e-16
5925  8.50622e-16
5926  8.50528e-16
5927  8.50446e-16
5928  8.50376e-16
5929  8.50318e-16
5930  8.50273e-16
5931  8.50241e-16
5932  8.50224e-16
5933  8.50221e-16
5934  8.50233e-16
5935  8.5026e-16
5936  8.50302e-16
5937  8.5036e-16
5938  8.50434e-16
5939  8.50524e-16
5940  8.5063e-16
5941  8.50751e-16
5942  8.50889e-16
5943  8.51042e-16
5944  8.51211e-16
5945  8.51395e-16
5946  8.51593e-16
5947  8.51807e-16
5948  8.52033e-16
5949  8.52274e-16
5950  8.52527e-16
5951  8.52792e-16
5952  8.53067e-16
5953  8.53354e-16
5954  8.53649e-16
5955  8.53953e-16
5956  8.54264e-16
5957  8.54581e-16
5958  8.54902e-16
5959  8.55227e-16
5960  8.55555e-16
5961  8.55882e-16
5962  8.56209e-16
5963  8.56533e-16
5964  8.56853e-16
5965  8.57166e-16
5966  8.57472e-16
5967  8.57769e-16
5968  8.58053e-16
5969  8.58324e-16
5970  8.58579e-16
5971  8.58816e-16
5972  8.59034e-16
5973  8.59229e-16
5974  8.594e-16
5975  8.59544e-16
5976  8.59658e-16
5977  8.59742e-16
5978  8.59791e-16
5979  8.59804e-16
5980  8.59778e-16
5981  8.59711e-16
5982  8.59599e-16
5983  8.59442e-16
5984  8.59235e-16
5985  8.58977e-16
5986  8.58665e-16
5987  8.58296e-16
5988  8.57867e-16
5989  8.57377e-16
5990  8.56823e-16
5991  8.56202e-16
5992  8.55511e-16
5993  8.54749e-16
5994  8.53912e-16
5995  8.52998e-16
5996  8.52006e-16
5997  8.50932e-16
5998  8.49775e-16
5999  8.48532e-16
6000  8.472e-16
6001  8.45779e-16
6002  8.44266e-16
6003  8.42658e-16
6004  8.40955e-16
6005  8.39154e-16
6006  8.37253e-16
6007  8.35252e-16
6008  8.33148e-16
6009  8.3094e-16
6010  8.28627e-16
6011  8.26207e-16
6012  8.23679e-16
6013  8.21043e-16
6014  8.18297e-16
6015  8.15441e-16
6016  8.12473e-16
6017  8.09395e-16
6018  8.06204e-16
6019  8.02901e-16
6020  7.99485e-16
6021  7.95957e-16
6022  7.92316e-16
6023  7.88563e-16
6024  7.84698e-16
6025  7.80722e-16
6026  7.76635e-16
6027  7.72438e-16
6028  7.68132e-16
6029  7.63718e-16
6030  7.59197e-16
6031  7.5457e-16
6032  7.49838e-16
6033  7.45004e-16
6034  7.40069e-16
6035  7.35035e-16
6036  7.29903e-16
6037  7.24676e-16
6038  7.19356e-16
6039  7.13945e-16
6040  7.08445e-16
6041  7.0286e-16
6042  6.97191e-16
6043  6.91442e-16
6044  6.85616e-16
6045  6.79714e-16
6046  6.73741e-16
6047  6.677e-16
6048  6.61594e-16
6049  6.55426e-16
6050  6.49199e-16
6051  6.42917e-16
6052  6.36585e-16
6053  6.30204e-16
6054  6.2378e-16
6055  6.17315e-16
6056  6.10814e-16
6057  6.04281e-16
6058  5.97719e-16
6059  5.91133e-16
6060  5.84526e-16
6061  5.77903e-16
6062  5.71267e-16
6063  5.64623e-16
6064  5.57975e-16
6065  5.51327e-16
6066  5.44683e-16
6067  5.38047e-16
6068  5.31424e-16
6069  5.24817e-16
6070  5.18231e-16
6071  5.11669e-16
6072  5.05136e-16
6073  4.98637e-16
6074  4.92173e-16
6075  4.85751e-16
6076  4.79374e-16
6077  4.73045e-16
6078  4.66769e-16
6079  4.60549e-16
6080  4.54389e-16
6081  4.48293e-16
6082  4.42265e-16
6083  4.36307e-16
6084  4.30424e-16
6085  4.24618e-16
6086  4.18894e-16
6087  4.13254e-16
6088  4.07702e-16
6089  4.0224e-16
6090  3.96872e-16
6091  3.916e-16
6092  3.86428e-16
6093  3.81358e-16
6094  3.76393e-16
6095  3.71534e-16
6096  3.66786e-16
6097  3.6215e-16
6098  3.57627e-16
6099  3.53221e-16
6100  3.48934e-16
6101  3.44767e-16
6102  3.40722e-16
6103  3.36801e-16
6104  3.33005e-16
6105  3.29336e-16
6106  3.25796e-16
6107  3.22385e-16
6108  3.19105e-16
6109  3.15957e-16
6110  3.12943e-16
6111  3.10062e-16
6112  3.07315e-16
6113  3.04704e-16
6114  3.02229e-16
6115  2.9989e-16
6116  2.97689e-16
6117  2.95624e-16
6118  2.93697e-16
6119  2.91907e-16
6120  2.90255e-16
6121  2.8874e-16
6122  2.87362e-16
6123  2.86122e-16
6124  2.85018e-16
6125  2.84051e-16
6126  2.8322e-16
6127  2.82524e-16
6128  2.81963e-16
6129  2.81536e-16
6130  2.81242e-16
6131  2.81081e-16
6132  2.81051e-16
6133  2.81152e-16
6134  2.81382e-16
6135  2.81741e-16
6136  2.82227e-16
6137  2.82839e-16
6138  2.83576e-16
6139  2.84436e-16
6140  2.85419e-16
6141  2.86522e-16
6142  2.87745e-16
6143  2.89085e-16
6144  2.90541e-16
6145  2.92112e-16
6146  2.93796e-16
6147  2.95592e-16
6148  2.97496e-16
6149  2.99509e-16
6150  3.01627e-16
6151  3.0385e-16
6152  3.06175e-16
6153  3.08601e-16
6154  3.11125e-16
6155  3.13746e-16
6156  3.16461e-16
6157  3.19269e-16
6158  3.22168e-16
6159  3.25156e-16
6160  3.2823e-16
6161  3.31389e-16
6162  3.34631e-16
6163  3.37953e-16
6164  3.41353e-16
6165  3.4483e-16
6166  3.48381e-16
6167  3.52004e-16
6168  3.55697e-16
6169  3.59457e-16
6170  3.63283e-16
6171  3.67173e-16
6172  3.71123e-16
6173  3.75133e-16
6174  3.79199e-16
6175  3.83321e-16
6176  3.87494e-16
6177  3.91718e-16
6178  3.9599e-16
6179  4.00308e-16
6180  4.0467e-16
6181  4.09074e-16
6182  4.13516e-16
6183  4.17996e-16
6184  4.22511e-16
6185  4.27058e-16
6186  4.31637e-16
6187  4.36244e-16
6188  4.40877e-16
6189  4.45534e-16
6190  4.50214e-16
6191  4.54913e-16
6192  4.5963e-16
6193  4.64363e-16
6194  4.6911e-16
6195  4.73869e-16
6196  4.78636e-16
6197  4.83412e-16
6198  4.88193e-16
6199  4.92977e-16
6200  4.97763e-16
6201  5.02549e-16
6202  5.07332e-16
6203  5.12111e-16
6204  5.16884e-16
6205  5.21648e-16
6206  5.26403e-16
6207  5.31146e-16
6208  5.35875e-16
6209  5.40589e-16
6210  5.45286e-16
6211  5.49964e-16
6212  5.54622e-16
6213  5.59257e-16
6214  5.63869e-16
6215  5.68456e-16
6216  5.73015e-16
6217  5.77546e-16
6218  5.82047e-16
6219  5.86517e-16
6220  5.90954e-16
6221  5.95357e-16
6222  5.99725e-16
6223  6.04055e-16
6224  6.08348e-16
6225  6.12601e-16
6226  6.16813e-16
6227  6.20984e-16
6228  6.25113e-16
6229  6.29197e-16
6230  6.33237e-16
6231  6.3723e-16
6232  6.41178e-16
6233  6.45077e-16
6234  6.48928e-16
6235  6.52729e-16
6236  6.56481e-16
6237  6.60181e-16
6238  6.6383e-16
6239  6.67427e-16
6240  6.70972e-16
6241  6.74463e-16
6242  6.779e-16
6243  6.81283e-16
6244  6.84611e-16
6245  6.87885e-16
6246  6.91103e-16
6247  6.94265e-16
6248  6.97371e-16
6249  7.00421e-16
6250  7.03415e-16
6251  7.06352e-16
6252  7.09233e-16
6253  7.12057e-16
6254  7.14825e-16
6255  7.17536e-16
6256  7.2019e-16
6257  7.22788e-16
6258  7.25329e-16
6259  7.27815e-16
6260  7.30244e-16
6261  7.32617e-16
6262  7.34935e-16
6263  7.37198e-16
6264  7.39405e-16
6265  7.41558e-16
6266  7.43657e-16
6267  7.45702e-16
6268  7.47693e-16
6269  7.49631e-16
6270  7.51517e-16
6271  7.5335e-16
6272  7.55132e-16
6273  7.56862e-16
6274  7.58543e-16
6275  7.60172e-16
6276  7.61753e-16
6277  7.63284e-16
6278  7.64768e-16
6279  7.66203e-16
6280  7.67591e-16
6281  7.68933e-16
6282  7.70229e-16
6283  7.7148e-16
6284  7.72686e-16
6285  7.73848e-16
6286  7.74967e-16
6287  7.76043e-16
6288  7.77077e-16
6289  7.78069e-16
6290  7.79021e-16
6291  7.79933e-16
6292  7.80805e-16
6293  7.81639e-16
6294  7.82435e-16
6295  7.83193e-16
6296  7.83914e-16
6297  7.84599e-16
6298  7.85249e-16
6299  7.85864e-16
6300  7.86444e-16
6301  7.86991e-16
6302  7.87505e-16
6303  7.87986e-16
6304  7.88435e-16
6305  7.88853e-16
6306  7.8924e-16
6307  7.89597e-16
6308  7.89925e-16
6309  7.90223e-16
6310  7.90493e-16
6311  7.90735e-16
6312  7.90949e-16
6313  7.91136e-16
6314  7.91297e-16
6315  7.91432e-16
6316  7.91541e-16
6317  7.91626e-16
6318  7.91685e-16
6319  7.91721e-16
6320  7.91733e-16
6321  7.91722e-16
6322  7.91688e-16
6323  7.91631e-16
6324  7.91553e-16
6325  7.91453e-16
6326  7.91332e-16
6327  7.9119e-16
6328  7.91028e-16
6329  7.90846e-16
6330  7.90644e-16
6331  7.90423e-16
6332  7.90183e-16
6333  7.89925e-16
6334  7.89648e-16
6335  7.89354e-16
6336  7.89042e-16
6337  7.88713e-16
6338  7.88368e-16
6339  7.88006e-16
6340  7.87628e-16
6341  7.87234e-16
6342  7.86825e-16
6343  7.86401e-16
6344  7.85963e-16
6345  7.8551e-16
6346  7.85042e-16
6347  7.84562e-16
6348  7.84068e-16
6349  7.83561e-16
6350  7.83041e-16
6351  7.82509e-16
6352  7.81965e-16
6353  7.81409e-16
6354  7.80842e-16
6355  7.80264e-16
6356  7.79676e-16
6357  7.79077e-16
6358  7.78468e-16
6359  7.77849e-16
6360  7.77222e-16
6361  7.76585e-16
6362  7.7594e-16
6363  7.75286e-16
6364  7.74625e-16
6365  7.73956e-16
6366  7.7328e-16
6367  7.72597e-16
6368  7.71907e-16
6369  7.71211e-16
6370  7.70509e-16
6371  7.69802e-16
6372  7.69089e-16
6373  7.68372e-16
6374  7.67649e-16
6375  7.66923e-16
6376  7.66192e-16
6377  7.65458e-16
6378  7.64721e-16
6379  7.6398e-16
6380  7.63236e-16
6381  7.6249e-16
6382  7.61742e-16
6383  7.60991e-16
6384  7.60239e-16
6385  7.59485e-16
6386  7.5873e-16
6387  7.57974e-16
6388  7.57218e-16
6389  7.5646e-16
6390  7.55702e-16
6391  7.54944e-16
6392  7.54186e-16
6393  7.53428e-16
6394  7.5267e-16
6395  7.51913e-16
6396  7.51156e-16
6397  7.504e-16
6398  7.49645e-16
6399  7.4889e-16
6400  7.48137e-16
6401  7.47384e-16
6402  7.46633e-16
6403  7.45883e-16
6404  7.45135e-16
6405  7.44387e-16
6406  7.43641e-16
6407  7.42896e-16
6408  7.42152e-16
6409  7.4141e-16
6410  7.40669e-16
6411  7.39929e-16
6412  7.3919e-16
6413  7.38452e-16
6414  7.37716e-16
6415  7.3698e-16
6416  7.36245e-16
6417  7.35511e-16
6418  7.34777e-16
6419  7.34044e-16
6420  7.33312e-16
6421  7.3258e-16
6422  7.31848e-16
6423  7.31115e-16
6424  7.30383e-16
6425  7.29651e-16
6426  7.28918e-16
6427  7.28184e-16
6428  7.2745e-16
6429  7.26715e-16
6430  7.25979e-16
6431  7.25241e-16
6432  7.24502e-16
6433  7.23762e-16
6434  7.2302e-16
6435  7.22276e-16
6436  7.2153e-16
6437  7.20781e-16
6438  7.20031e-16
6439  7.19277e-16
6440  7.18521e-16
6441  7.17763e-16
6442  7.17001e-16
6443  7.16236e-16
6444  7.15468e-16
6445  7.14697e-16
6446  7.13922e-16
6447  7.13144e-16
6448  7.12362e-16
6449  7.11577e-16
6450  7.10788e-16
6451  7.09995e-16
6452  7.09198e-16
6453  7.08397e-16
6454  7.07593e-16
6455  7.06784e-16
6456  7.05972e-16
6457  7.05155e-16
6458  7.04335e-16
6459  7.03511e-16
6460  7.02683e-16
6461  7.01852e-16
6462  7.01016e-16
6463  7.00178e-16
6464  6.99335e-16
6465  6.98489e-16
6466  6.97641e-16
6467  6.96788e-16
6468  6.95933e-16
6469  6.95076e-16
6470  6.94215e-16
6471  6.93352e-16
6472  6.92487e-16
6473  6.9162e-16
6474  6.90751e-16
6475  6.8988e-16
6476  6.89008e-16
6477  6.88135e-16
6478  6.87261e-16
6479  6.86386e-16
6480  6.85511e-16
6481  6.84636e-16
6482  6.83761e-16
6483  6.82886e-16
6484  6.82013e-16
6485  6.8114e-16
6486  6.80268e-16
6487  6.79399e-16
6488  6.78531e-16
6489  6.77665e-16
6490  6.76802e-16
6491  6.75942e-16
6492  6.75084e-16
6493  6.74231e-16
6494  6.7338e-16
6495  6.72534e-16
6496  6.71692e-16
6497  6.70855e-16
6498  6.70023e-16
6499  6.69195e-16
6500  6.68373e-16
6501  6.67557e-16
6502  6.66746e-16
6503  6.65941e-16
6504  6.65143e-16
6505  6.64351e-16
6506  6.63566e-16
6507  6.62788e-16
6508  6.62016e-16
6509  6.61252e-16
6510  6.60496e-16
6511  6.59746e-16
6512  6.59005e-16
6513  6.58271e-16
6514  6.57544e-16
6515  6.56826e-16
6516  6.56115e-16
6517  6.55413e-16
6518  6.54718e-16
6519  6.54032e-16
6520  6.53353e-16
6521  6.52682e-16
6522  6.52019e-16
6523  6.51364e-16
6524  6.50717e-16
6525  6.50077e-16
6526  6.49444e-16
6527  6.48819e-16
6528  6.48202e-16
6529  6.47591e-16
6530  6.46987e-16
6531  6.4639e-16
6532  6.45799e-16
6533  6.45215e-16
6534  6.44636e-16
6535  6.44064e-16
6536  6.43496e-16
6537  6.42934e-16
6538  6.42377e-16
6539  6.41824e-16
6540  6.41276e-16
6541  6.40731e-16
6542  6.40191e-16
6543  6.39653e-16
6544  6.39118e-16
6545  6.38586e-16
6546  6.38056e-16
6547  6.37528e-16
6548  6.37002e-16
6549  6.36476e-16
6550  6.35951e-16
6551  6.35426e-16
6552  6.34902e-16
6553  6.34377e-16
6554  6.33851e-16
6555  6.33323e-16
6556  6.32794e-16
6557  6.32264e-16
6558  6.31731e-16
6559  6.31195e-16
6560  6.30656e-16
6561  6.30114e-16
6562  6.29568e-16
6563  6.29017e-16
6564  6.28463e-16
6565  6.27904e-16
6566  6.2734e-16
6567  6.2677e-16
6568  6.26196e-16
6569  6.25615e-16
6570  6.25028e-16
6571  6.24435e-16
6572  6.23836e-16
6573  6.2323e-16
6574  6.22617e-16
6575  6.21997e-16
6576  6.2137e-16
6577  6.20736e-16
6578  6.20095e-16
6579  6.19446e-16
6580  6.1879e-16
6581  6.18126e-16
6582  6.17455e-16
6583  6.16776e-16
6584  6.1609e-16
6585  6.15396e-16
6586  6.14695e-16
6587  6.13986e-16
6588  6.1327e-16
6589  6.12547e-16
6590  6.11817e-16
6591  6.11081e-16
6592  6.10337e-16
6593  6.09588e-16
6594  6.08831e-16
6595  6.08069e-16
6596  6.07301e-16
6597  6.06528e-16
6598  6.05749e-16
6599  6.04966e-16
6600  6.04177e-16
6601  6.03385e-16
6602  6.02588e-16
6603  6.01787e-16
6604  6.00984e-16
6605  6.00177e-16
6606  5.99368e-16
6607  5.98556e-16
6608  5.97742e-16
6609  5.96927e-16
6610  5.96111e-16
6611  5.95295e-16
6612  5.94478e-16
6613  5.93661e-16
6614  5.92844e-16
6615  5.92029e-16
6616  5.91215e-16
6617  5.90402e-16
6618  5.89592e-16
6619  5.88784e-16
6620  5.87979e-16
6621  5.87177e-16
6622  5.86379e-16
6623  5.85584e-16
6624  5.84794e-16
6625  5.84009e-16
6626  5.83229e-16
6627  5.82454e-16
6628  5.81685e-16
6629  5.80921e-16
6630  5.80164e-16
6631  5.79413e-16
6632  5.78669e-16
6633  5.77932e-16
6634  5.77202e-16
6635  5.76479e-16
6636  5.75764e-16
6637  5.75057e-16
6638  5.74357e-16
6639  5.73665e-16
6640  5.72981e-16
6641  5.72306e-16
6642  5.71638e-16
6643  5.70978e-16
6644  5.70327e-16
6645  5.69684e-16
6646  5.69049e-16
6647  5.68423e-16
6648  5.67804e-16
6649  5.67193e-16
6650  5.6659e-16
6651  5.65995e-16
6652  5.65408e-16
6653  5.64828e-16
6654  5.64255e-16
6655  5.63689e-16
6656  5.6313e-16
6657  5.62578e-16
6658  5.62032e-16
6659  5.61492e-16
6660  5.60958e-16
6661  5.6043e-16
6662  5.59906e-16
6663  5.59388e-16
6664  5.58874e-16
6665  5.58364e-16
6666  5.57859e-16
6667  5.57356e-16
6668  5.56857e-16
6669  5.56361e-16
6670  5.55867e-16
6671  5.55375e-16
6672  5.54885e-16
6673  5.54396e-16
6674  5.53907e-16
6675  5.53419e-16
6676  5.52932e-16
6677  5.52443e-16
6678  5.51955e-16
6679  5.51465e-16
6680  5.50973e-16
6681  5.5048e-16
6682  5.49984e-16
6683  5.49486e-16
6684  5.48985e-16
6685  5.48481e-16
6686  5.47973e-16
6687  5.47461e-16
6688  5.46945e-16
6689  5.46424e-16
6690  5.45899e-16
6691  5.45368e-16
6692  5.44833e-16
6693  5.44292e-16
6694  5.43745e-16
6695  5.43192e-16
6696  5.42633e-16
6697  5.42068e-16
6698  5.41497e-16
6699  5.40919e-16
6700  5.40334e-16
6701  5.39743e-16
6702  5.39145e-16
6703  5.38541e-16
6704  5.37929e-16
6705  5.37311e-16
6706  5.36687e-16
6707  5.36055e-16
6708  5.35417e-16
6709  5.34773e-16
6710  5.34122e-16
6711  5.33465e-16
6712  5.32802e-16
6713  5.32134e-16
6714  5.31459e-16
6715  5.30779e-16
6716  5.30094e-16
6717  5.29404e-16
6718  5.28709e-16
6719  5.2801e-16
6720  5.27306e-16
6721  5.26599e-16
6722  5.25888e-16
6723  5.25175e-16
6724  5.24458e-16
6725  5.23739e-16
6726  5.23018e-16
6727  5.22296e-16
6728  5.21572e-16
6729  5.20847e-16
6730  5.20122e-16
6731  5.19397e-16
6732  5.18673e-16
6733  5.17949e-16
6734  5.17227e-16
6735  5.16506e-16
6736  5.15788e-16
6737  5.15072e-16
6738  5.1436e-16
6739  5.1365e-16
6740  5.12945e-16
6741  5.12244e-16
6742  5.11548e-16
6743  5.10857e-16
6744  5.10171e-16
6745  5.09491e-16
6746  5.08818e-16
6747  5.08151e-16
6748  5.07492e-16
6749  5.06839e-16
6750  5.06195e-16
6751  5.05558e-16
6752  5.0493e-16
6753  5.04311e-16
6754  5.037e-16
6755  5.03098e-16
6756  5.02506e-16
6757  5.01924e-16
6758  5.01351e-16
6759  5.00788e-16
6760  5.00236e-16
6761  4.99693e-16
6762  4.99161e-16
6763  4.9864e-16
6764  4.98129e-16
6765  4.97629e-16
6766  4.97139e-16
6767  4.96661e-16
6768  4.96193e-16
6769  4.95735e-16
6770  4.95289e-16
6771  4.94853e-16
6772  4.94427e-16
6773  4.94012e-16
6774  4.93607e-16
6775  4.93213e-16
6776  4.92828e-16
6777  4.92454e-16
6778  4.92089e-16
6779  4.91733e-16
6780  4.91387e-16
6781  4.9105e-16
6782  4.90722e-16
6783  4.90402e-16
6784  4.90091e-16
6785  4.89788e-16
6786  4.89492e-16
6787  4.89204e-16
6788  4.88923e-16
6789  4.88649e-16
6790  4.88382e-16
6791  4.8812e-16
6792  4.87865e-16
6793  4.87615e-16
6794  4.87371e-16
6795  4.87131e-16
6796  4.86896e-16
6797  4.86665e-16
6798  4.86438e-16
6799  4.86214e-16
6800  4.85994e-16
6801  4.85777e-16
6802  4.85562e-16
6803  4.85349e-16
6804  4.85139e-16
6805  4.8493e-16
6806  4.84723e-16
6807  4.84516e-16
6808  4.84311e-16
6809  4.84106e-16
6810  4.83901e-16
6811  4.83697e-16
6812  4.83492e-16
6813  4.83287e-16
6814  4.83082e-16
6815  4.82876e-16
6816  4.82668e-16
6817  4.8246e-16
6818  4.82251e-16
6819  4.8204e-16
6820  4.81827e-16
6821  4.81614e-16
6822  4.81398e-16
6823  4.81181e-16
6824  4.80962e-16
6825  4.80741e-16
6826  4.80518e-16
6827  4.80294e-16
6828  4.80068e-16
6829  4.79839e-16
6830  4.7961e-16
6831  4.79378e-16
6832  4.79145e-16
6833  4.7891e-16
6834  4.78673e-16
6835  4.78435e-16
6836  4.78196e-16
6837  4.77956e-16
6838  4.77714e-16
6839  4.77472e-16
6840  4.77229e-16
6841  4.76985e-16
6842  4.7674e-16
6843  4.76496e-16
6844  4.76251e-16
6845  4.76007e-16
6846  4.75762e-16
6847  4.75518e-16
6848  4.75275e-16
6849  4.75033e-16
6850  4.74791e-16
6851  4.74551e-16
6852  4.74313e-16
6853  4.74075e-16
6854  4.7384e-16
6855  4.73607e-16
6856  4.73376e-16
6857  4.73147e-16
6858  4.72921e-16
6859  4.72698e-16
6860  4.72478e-16
6861  4.72261e-16
6862  4.72047e-16
6863  4.71837e-16
6864  4.7163e-16
6865  4.71427e-16
6866  4.71228e-16
6867  4.71033e-16
6868  4.70842e-16
6869  4.70655e-16
6870  4.70473e-16
6871  4.70295e-16
6872  4.70122e-16
6873  4.69953e-16
6874  4.69789e-16
6875  4.6963e-16
6876  4.69475e-16
6877  4.69325e-16
6878  4.6918e-16
6879  4.6904e-16
6880  4.68904e-16
6881  4.68774e-16
6882  4.68648e-16
6883  4.68527e-16
6884  4.68411e-16
6885  4.68299e-16
6886  4.68192e-16
6887  4.6809e-16
6888  4.67992e-16
6889  4.67899e-16
6890  4.6781e-16
6891  4.67726e-16
6892  4.67646e-16
6893  4.67569e-16
6894  4.67497e-16
6895  4.67429e-16
6896  4.67364e-16
6897  4.67304e-16
6898  4.67246e-16
6899  4.67193e-16
6900  4.67142e-16
6901  4.67095e-16
6902  4.67051e-16
6903  4.6701e-16
6904  4.66971e-16
6905  4.66936e-16
6906  4.66903e-16
6907  4.66872e-16
6908  4.66844e-16
6909  4.66818e-16
6910  4.66794e-16
6911  4.66772e-16
6912  4.66752e-16
6913  4.66733e-16
6914  4.66716e-16
6915  4.66701e-16
6916  4.66687e-16
6917  4.66675e-16
6918  4.66664e-16
6919  4.66653e-16
6920  4.66644e-16
6921  4.66636e-16
6922  4.66629e-16
6923  4.66623e-16
6924  4.66617e-16
6925  4.66612e-16
6926  4.66608e-16
6927  4.66604e-16
6928  4.666e-16
6929  4.66598e-16
6930  4.66595e-16
6931  4.66593e-16
6932  4.66591e-16
6933  4.66589e-16
6934  4.66588e-16
6935  4.66587e-16
6936  4.66586e-16
6937  4.66585e-16
6938  4.66585e-16
6939  4.66584e-16
6940  4.66584e-16
6941  4.66583e-16
6942  4.66583e-16
6943  4.66583e-16
6944  4.66583e-16
6945  4.66582e-16
6946  4.66582e-16
6947  4.66582e-16
6948  4.66582e-16
6949  4.66582e-16
6950  4.66582e-16
6951  4.66582e-16
6952  4.66582e-16
6953  4.66582e-16
6954  4.66582e-16
6955  4.66582e-16
6956  4.66582e-16
6957  4.66582e-16
6958  4.66582e-16
6959  4.66582e-16
6960  4.66582e-16
6961  4.66582e-16
6962  4.66582e-16
6963  4.66582e-16
6964  4.66582e-16
6965  4.66582e-16
6966  4.66582e-16
6967  4.66582e-16
6968  4.66582e-16
6969  4.66582e-16
6970  4.66582e-16
6971  4.66582e-16
6972  4.66582e-16