#8.702900271321894
3378  9.14201e-15
3379  9.18057e-15
3380  9.21928e-15
3381  9.25809e-15
3382  9.29696e-15
3383  9.33584e-15
3384  9.37468e-15
3385  9.41345e-15
3386  9.4521e-15
3387  9.49059e-15
3388  9.52887e-15
3389  9.56691e-15
3390  9.60466e-15
3391  9.64209e-15
3392  9.67916e-15
3393  9.71583e-15
3394  9.75207e-15
3395  9.78784e-15
3396  9.82311e-15
3397  9.85785e-15
3398  9.89204e-15
3399  9.92564e-15
3400  9.95864e-15
3401  9.991e-15
3402  1.00227e-14
3403  1.00538e-14
3404  1.00841e-14
3405  1.01138e-14
3406  1.01428e-14
3407  1.01711e-14
3408  1.01986e-14
3409  1.02255e-14
3410  1.02516e-14
3411  1.0277e-14
3412  1.03017e-14
3413  1.03258e-14
3414  1.03491e-14
3415  1.03718e-14
3416  1.03939e-14
3417  1.04153e-14
3418  1.04362e-14
3419  1.04565e-14
3420  1.04762e-14
3421  1.04955e-14
3422  1.05143e-14
3423  1.05327e-14
3424  1.05507e-14
3425  1.05684e-14
3426  1.05858e-14
3427  1.0603e-14
3428  1.062e-14
3429  1.06369e-14
3430  1.06538e-14
3431  1.06706e-14
3432  1.06876e-14
3433  1.07046e-14
3434  1.07219e-14
3435  1.07395e-14
3436  1.07574e-14
3437  1.07757e-14
3438  1.07945e-14
3439  1.0814e-14
3440  1.0834e-14
3441  1.08548e-14
3442  1.08764e-14
3443  1.08988e-14
3444  1.09223e-14
3445  1.09468e-14
3446  1.09724e-14
3447  1.09992e-14
3448  1.10273e-14
3449  1.10567e-14
3450  1.10876e-14
3451  1.112e-14
3452  1.11541e-14
3453  1.11897e-14
3454  1.12271e-14
3455  1.12664e-14
3456  1.13075e-14
3457  1.13506e-14
3458  1.13956e-14
3459  1.14428e-14
3460  1.14921e-14
3461  1.15436e-14
3462  1.15973e-14
3463  1.16534e-14
3464  1.17118e-14
3465  1.17726e-14
3466  1.18358e-14
3467  1.19015e-14
3468  1.19697e-14
3469  1.20404e-14
3470  1.21137e-14
3471  1.21896e-14
3472  1.2268e-14
3473  1.23491e-14
3474  1.24328e-14
3475  1.25191e-14
3476  1.2608e-14
3477  1.26995e-14
3478  1.27937e-14
3479  1.28904e-14
3480  1.29896e-14
3481  1.30914e-14
3482  1.31957e-14
3483  1.33025e-14
3484  1.34117e-14
3485  1.35232e-14
3486  1.36371e-14
3487  1.37533e-14
3488  1.38717e-14
3489  1.39922e-14
3490  1.41148e-14
3491  1.42394e-14
3492  1.4366e-14
3493  1.44944e-14
3494  1.46245e-14
3495  1.47564e-14
3496  1.48898e-14
3497  1.50247e-14
3498  1.51609e-14
3499  1.52985e-14
3500  1.54372e-14
3501  1.5577e-14
3502  1.57177e-14
3503  1.58593e-14
3504  1.60016e-14
3505  1.61444e-14
3506  1.62878e-14
3507  1.64315e-14
3508  1.65754e-14
3509  1.67195e-14
3510  1.68635e-14
3511  1.70074e-14
3512  1.7151e-14
3513  1.72942e-14
3514  1.74369e-14
3515  1.75789e-14
3516  1.77202e-14
3517  1.78605e-14
3518  1.79999e-14
3519  1.81381e-14
3520  1.8275e-14
3521  1.84106e-14
3522  1.85447e-14
3523  1.86772e-14
3524  1.88079e-14
3525  1.89369e-14
3526  1.90639e-14
3527  1.91889e-14
3528  1.93118e-14
3529  1.94325e-14
3530  1.95509e-14
3531  1.96669e-14
3532  1.97805e-14
3533  1.98915e-14
3534  2e-14
3535  2.01057e-14
3536  2.02088e-14
3537  2.03091e-14
3538  2.04066e-14
3539  2.05012e-14
3540  2.05929e-14
3541  2.06817e-14
3542  2.07675e-14
3543  2.08504e-14
3544  2.09302e-14
3545  2.10071e-14
3546  2.1081e-14
3547  2.11519e-14
3548  2.12198e-14
3549  2.12848e-14
3550  2.13468e-14
3551  2.14058e-14
3552  2.14621e-14
3553  2.15154e-14
3554  2.1566e-14
3555  2.16138e-14
3556  2.16589e-14
3557  2.17014e-14
3558  2.17413e-14
3559  2.17787e-14
3560  2.18137e-14
3561  2.18463e-14
3562  2.18767e-14
3563  2.19049e-14
3564  2.1931e-14
3565  2.19551e-14
3566  2.19774e-14
3567  2.19978e-14
3568  2.20165e-14
3569  2.20337e-14
3570  2.20493e-14
3571  2.20636e-14
3572  2.20766e-14
3573  2.20885e-14
3574  2.20994e-14
3575  2.21093e-14
3576  2.21184e-14
3577  2.21268e-14
3578  2.21347e-14
3579  2.21421e-14
3580  2.21491e-14
3581  2.21559e-14
3582  2.21626e-14
3583  2.21693e-14
3584  2.2176e-14
3585  2.2183e-14
3586  2.21902e-14
3587  2.21978e-14
3588  2.22059e-14
3589  2.22146e-14
3590  2.2224e-14
3591  2.22341e-14
3592  2.22451e-14
3593  2.2257e-14
3594  2.22698e-14
3595  2.22837e-14
3596  2.22987e-14
3597  2.23149e-14
3598  2.23323e-14
3599  2.2351e-14
3600  2.2371e-14
3601  2.23923e-14
3602  2.2415e-14
3603  2.2439e-14
3604  2.24645e-14
3605  2.24913e-14
3606  2.25196e-14
3607  2.25493e-14
3608  2.25804e-14
3609  2.26129e-14
3610  2.26467e-14
3611  2.26819e-14
3612  2.27184e-14
3613  2.27561e-14
3614  2.2795e-14
3615  2.28351e-14
3616  2.28763e-14
3617  2.29185e-14
3618  2.29616e-14
3619  2.30056e-14
3620  2.30504e-14
3621  2.30959e-14
3622  2.31421e-14
3623  2.31887e-14
3624  2.32357e-14
3625  2.32831e-14
3626  2.33306e-14
3627  2.33781e-14
3628  2.34257e-14
3629  2.3473e-14
3630  2.35201e-14
3631  2.35667e-14
3632  2.36127e-14
3633  2.3658e-14
3634  2.37025e-14
3635  2.3746e-14
3636  2.37884e-14
3637  2.38295e-14
3638  2.38692e-14
3639  2.39074e-14
3640  2.39438e-14
3641  2.39784e-14
3642  2.40111e-14
3643  2.40416e-14
3644  2.40698e-14
3645  2.40956e-14
3646  2.41189e-14
3647  2.41395e-14
3648  2.41573e-14
3649  2.41721e-14
3650  2.41839e-14
3651  2.41925e-14
3652  2.41977e-14
3653  2.41995e-14
3654  2.41977e-14
3655  2.41923e-14
3656  2.41832e-14
3657  2.41701e-14
3658  2.41531e-14
3659  2.41321e-14
3660  2.41069e-14
3661  2.40775e-14
3662  2.40438e-14
3663  2.40058e-14
3664  2.39634e-14
3665  2.39166e-14
3666  2.38652e-14
3667  2.38093e-14
3668  2.37488e-14
3669  2.36837e-14
3670  2.36141e-14
3671  2.35398e-14
3672  2.34608e-14
3673  2.33773e-14
3674  2.32891e-14
3675  2.31963e-14
3676  2.3099e-14
3677  2.29971e-14
3678  2.28907e-14
3679  2.27799e-14
3680  2.26646e-14
3681  2.2545e-14
3682  2.24212e-14
3683  2.22931e-14
3684  2.21609e-14
3685  2.20247e-14
3686  2.18845e-14
3687  2.17405e-14
3688  2.15928e-14
3689  2.14414e-14
3690  2.12866e-14
3691  2.11283e-14
3692  2.09668e-14
3693  2.08021e-14
3694  2.06345e-14
3695  2.0464e-14
3696  2.02907e-14
3697  2.0115e-14
3698  1.99368e-14
3699  1.97564e-14
3700  1.95739e-14
3701  1.93894e-14
3702  1.92032e-14
3703  1.90154e-14
3704  1.88262e-14
3705  1.86357e-14
3706  1.84441e-14
3707  1.82517e-14
3708  1.80585e-14
3709  1.78647e-14
3710  1.76705e-14
3711  1.74762e-14
3712  1.72818e-14
3713  1.70876e-14
3714  1.68937e-14
3715  1.67003e-14
3716  1.65075e-14
3717  1.63156e-14
3718  1.61247e-14
3719  1.5935e-14
3720  1.57466e-14
3721  1.55597e-14
3722  1.53745e-14
3723  1.51911e-14
3724  1.50096e-14
3725  1.48303e-14
3726  1.46533e-14
3727  1.44787e-14
3728  1.43066e-14
3729  1.41373e-14
3730  1.39707e-14
3731  1.38072e-14
3732  1.36466e-14
3733  1.34893e-14
3734  1.33354e-14
3735  1.31848e-14
3736  1.30377e-14
3737  1.28943e-14
3738  1.27547e-14
3739  1.26188e-14
3740  1.24868e-14
3741  1.23589e-14
3742  1.2235e-14
3743  1.21152e-14
3744  1.19996e-14
3745  1.18884e-14
3746  1.17814e-14
3747  1.16788e-14
3748  1.15806e-14
3749  1.14869e-14
3750  1.13977e-14
3751  1.13131e-14
3752  1.1233e-14
3753  1.11576e-14
3754  1.10867e-14
3755  1.10205e-14
3756  1.09589e-14
3757  1.0902e-14
3758  1.08498e-14
3759  1.08022e-14
3760  1.07594e-14
3761  1.07211e-14
3762  1.06876e-14
3763  1.06586e-14
3764  1.06343e-14
3765  1.06147e-14
3766  1.05996e-14
3767  1.05891e-14
3768  1.05831e-14
3769  1.05817e-14
3770  1.05847e-14
3771  1.05922e-14
3772  1.06042e-14
3773  1.06206e-14
3774  1.06413e-14
3775  1.06663e-14
3776  1.06957e-14
3777  1.07293e-14
3778  1.07671e-14
3779  1.08091e-14
3780  1.08552e-14
3781  1.09054e-14
3782  1.09597e-14
3783  1.1018e-14
3784  1.10803e-14
3785  1.11465e-14
3786  1.12165e-14
3787  1.12905e-14
3788  1.13682e-14
3789  1.14498e-14
3790  1.1535e-14
3791  1.1624e-14
3792  1.17166e-14
3793  1.18128e-14
3794  1.19126e-14
3795  1.20159e-14
3796  1.21228e-14
3797  1.22331e-14
3798  1.23469e-14
3799  1.24641e-14
3800  1.25846e-14
3801  1.27086e-14
3802  1.28358e-14
3803  1.29663e-14
3804  1.31001e-14
3805  1.32371e-14
3806  1.33773e-14
3807  1.35207e-14
3808  1.36672e-14
3809  1.38169e-14
3810  1.39697e-14
3811  1.41256e-14
3812  1.42845e-14
3813  1.44465e-14
3814  1.46114e-14
3815  1.47794e-14
3816  1.49503e-14
3817  1.51242e-14
3818  1.5301e-14
3819  1.54807e-14
3820  1.56633e-14
3821  1.58488e-14
3822  1.6037e-14
3823  1.62281e-14
3824  1.6422e-14
3825  1.66186e-14
3826  1.68179e-14
3827  1.702e-14
3828  1.72247e-14
3829  1.74321e-14
3830  1.76421e-14
3831  1.78546e-14
3832  1.80697e-14
3833  1.82873e-14
3834  1.85074e-14
3835  1.87299e-14
3836  1.89548e-14
3837  1.91821e-14
3838  1.94116e-14
3839  1.96434e-14
3840  1.98773e-14
3841  2.01135e-14
3842  2.03517e-14
3843  2.05919e-14
3844  2.08341e-14
3845  2.10782e-14
3846  2.13241e-14
3847  2.15718e-14
3848  2.18212e-14
3849  2.20722e-14
3850  2.23247e-14
3851  2.25787e-14
3852  2.28341e-14
3853  2.30907e-14
3854  2.33486e-14
3855  2.36075e-14
3856  2.38674e-14
3857  2.41283e-14
3858  2.43899e-14
3859  2.46522e-14
3860  2.49151e-14
3861  2.51785e-14
3862  2.54422e-14
3863  2.57061e-14
3864  2.59702e-14
3865  2.62342e-14
3866  2.64981e-14
3867  2.67617e-14
3868  2.7025e-14
3869  2.72877e-14
3870  2.75497e-14
3871  2.78109e-14
3872  2.80712e-14
3873  2.83304e-14
3874  2.85883e-14
3875  2.88449e-14
3876  2.91e-14
3877  2.93533e-14
3878  2.96049e-14
3879  2.98544e-14
3880  3.01018e-14
3881  3.0347e-14
3882  3.05897e-14
3883  3.08298e-14
3884  3.10671e-14
3885  3.13016e-14
3886  3.1533e-14
3887  3.17612e-14
3888  3.19861e-14
3889  3.22074e-14
3890  3.2425e-14
3891  3.26389e-14
3892  3.28488e-14
3893  3.30546e-14
3894  3.32561e-14
3895  3.34532e-14
3896  3.36458e-14
3897  3.38337e-14
3898  3.40168e-14
3899  3.41949e-14
3900  3.4368e-14
3901  3.45359e-14
3902  3.46984e-14
3903  3.48555e-14
3904  3.50071e-14
3905  3.5153e-14
3906  3.52931e-14
3907  3.54273e-14
3908  3.55556e-14
3909  3.56778e-14
3910  3.57938e-14
3911  3.59036e-14
3912  3.60071e-14
3913  3.61042e-14
3914  3.61949e-14
3915  3.62791e-14
3916  3.63567e-14
3917  3.64278e-14
3918  3.64922e-14
3919  3.65499e-14
3920  3.6601e-14
3921  3.66453e-14
3922  3.66829e-14
3923  3.67138e-14
3924  3.67379e-14
3925  3.67554e-14
3926  3.67661e-14
3927  3.67702e-14
3928  3.67677e-14
3929  3.67585e-14
3930  3.67428e-14
3931  3.67206e-14
3932  3.6692e-14
3933  3.6657e-14
3934  3.66157e-14
3935  3.65682e-14
3936  3.65146e-14
3937  3.6455e-14
3938  3.63895e-14
3939  3.63182e-14
3940  3.62412e-14
3941  3.61587e-14
3942  3.60707e-14
3943  3.59775e-14
3944  3.58792e-14
3945  3.57759e-14
3946  3.56678e-14
3947  3.55551e-14
3948  3.54378e-14
3949  3.53163e-14
3950  3.51907e-14
3951  3.50611e-14
3952  3.49279e-14
3953  3.4791e-14
3954  3.46509e-14
3955  3.45076e-14
3956  3.43613e-14
3957  3.42124e-14
3958  3.4061e-14
3959  3.39073e-14
3960  3.37515e-14
3961  3.35939e-14
3962  3.34347e-14
3963  3.32741e-14
3964  3.31123e-14
3965  3.29496e-14
3966  3.27862e-14
3967  3.26223e-14
3968  3.24581e-14
3969  3.2294e-14
3970  3.213e-14
3971  3.19665e-14
3972  3.18036e-14
3973  3.16416e-14
3974  3.14806e-14
3975  3.1321e-14
3976  3.11629e-14
3977  3.10065e-14
3978  3.08521e-14
3979  3.06997e-14
3980  3.05497e-14
3981  3.04022e-14
3982  3.02574e-14
3983  3.01155e-14
3984  2.99767e-14
3985  2.9841e-14
3986  2.97088e-14
3987  2.95801e-14
3988  2.94551e-14
3989  2.93339e-14
3990  2.92167e-14
3991  2.91036e-14
3992  2.89947e-14
3993  2.88901e-14
3994  2.879e-14
3995  2.86944e-14
3996  2.86033e-14
3997  2.8517e-14
3998  2.84354e-14
3999  2.83586e-14
4000  2.82867e-14
4001  2.82197e-14
4002  2.81576e-14
4003  2.81005e-14
4004  2.80484e-14
4005  2.80012e-14
4006  2.7959e-14
4007  2.79218e-14
4008  2.78896e-14
4009  2.78622e-14
4010  2.78398e-14
4011  2.78222e-14
4012  2.78093e-14
4013  2.78012e-14
4014  2.77977e-14
4015  2.77987e-14
4016  2.78043e-14
4017  2.78142e-14
4018  2.78284e-14
4019  2.78468e-14
4020  2.78693e-14
4021  2.78956e-14
4022  2.79258e-14
4023  2.79596e-14
4024  2.7997e-14
4025  2.80378e-14
4026  2.80818e-14
4027  2.81288e-14
4028  2.81788e-14
4029  2.82316e-14
4030  2.82869e-14
4031  2.83447e-14
4032  2.84047e-14
4033  2.84668e-14
4034  2.85308e-14
4035  2.85965e-14
4036  2.86637e-14
4037  2.87323e-14
4038  2.8802e-14
4039  2.88728e-14
4040  2.89444e-14
4041  2.90165e-14
4042  2.90892e-14
4043  2.91621e-14
4044  2.92351e-14
4045  2.9308e-14
4046  2.93806e-14
4047  2.94528e-14
4048  2.95245e-14
4049  2.95953e-14
4050  2.96653e-14
4051  2.97342e-14
4052  2.98018e-14
4053  2.98681e-14
4054  2.99329e-14
4055  2.99961e-14
4056  3.00575e-14
4057  3.0117e-14
4058  3.01744e-14
4059  3.02297e-14
4060  3.02828e-14
4061  3.03336e-14
4062  3.0382e-14
4063  3.04278e-14
4064  3.0471e-14
4065  3.05116e-14
4066  3.05495e-14
4067  3.05846e-14
4068  3.06168e-14
4069  3.06462e-14
4070  3.06726e-14
4071  3.06962e-14
4072  3.07167e-14
4073  3.07343e-14
4074  3.0749e-14
4075  3.07607e-14
4076  3.07694e-14
4077  3.07751e-14
4078  3.0778e-14
4079  3.07779e-14
4080  3.07751e-14
4081  3.07694e-14
4082  3.07609e-14
4083  3.07498e-14
4084  3.0736e-14
4085  3.07197e-14
4086  3.07008e-14
4087  3.06796e-14
4088  3.0656e-14
4089  3.06302e-14
4090  3.06022e-14
4091  3.05722e-14
4092  3.05403e-14
4093  3.05065e-14
4094  3.0471e-14
4095  3.04339e-14
4096  3.03953e-14
4097  3.03554e-14
4098  3.03141e-14
4099  3.02718e-14
4100  3.02284e-14
4101  3.01841e-14
4102  3.01391e-14
4103  3.00935e-14
4104  3.00474e-14
4105  3.00008e-14
4106  2.99541e-14
4107  2.99072e-14
4108  2.98603e-14
4109  2.98135e-14
4110  2.9767e-14
4111  2.97209e-14
4112  2.96752e-14
4113  2.96301e-14
4114  2.95857e-14
4115  2.95422e-14
4116  2.94996e-14
4117  2.9458e-14
4118  2.94175e-14
4119  2.93782e-14
4120  2.93402e-14
4121  2.93036e-14
4122  2.92685e-14
4123  2.92349e-14
4124  2.9203e-14
4125  2.91727e-14
4126  2.91441e-14
4127  2.91173e-14
4128  2.90924e-14
4129  2.90693e-14
4130  2.90482e-14
4131  2.90289e-14
4132  2.90117e-14
4133  2.89964e-14
4134  2.89831e-14
4135  2.89718e-14
4136  2.89625e-14
4137  2.89552e-14
4138  2.89499e-14
4139  2.89465e-14
4140  2.89451e-14
4141  2.89456e-14
4142  2.89479e-14
4143  2.89521e-14
4144  2.89581e-14
4145  2.89657e-14
4146  2.89751e-14
4147  2.8986e-14
4148  2.89985e-14
4149  2.90125e-14
4150  2.90278e-14
4151  2.90445e-14
4152  2.90623e-14
4153  2.90813e-14
4154  2.91013e-14
4155  2.91223e-14
4156  2.91441e-14
4157  2.91667e-14
4158  2.91898e-14
4159  2.92135e-14
4160  2.92376e-14
4161  2.9262e-14
4162  2.92866e-14
4163  2.93113e-14
4164  2.93359e-14
4165  2.93603e-14
4166  2.93845e-14
4167  2.94082e-14
4168  2.94314e-14
4169  2.9454e-14
4170  2.94758e-14
4171  2.94967e-14
4172  2.95167e-14
4173  2.95355e-14
4174  2.95531e-14
4175  2.95694e-14
4176  2.95842e-14
4177  2.95975e-14
4178  2.96091e-14
4179  2.96189e-14
4180  2.96269e-14
4181  2.9633e-14
4182  2.96369e-14
4183  2.96388e-14
4184  2.96384e-14
4185  2.96358e-14
4186  2.96307e-14
4187  2.96232e-14
4188  2.96132e-14
4189  2.96006e-14
4190  2.95853e-14
4191  2.95674e-14
4192  2.95467e-14
4193  2.95232e-14
4194  2.94968e-14
4195  2.94676e-14
4196  2.94355e-14
4197  2.94005e-14
4198  2.93625e-14
4199  2.93216e-14
4200  2.92777e-14
4201  2.92309e-14
4202  2.9181e-14
4203  2.91282e-14
4204  2.90725e-14
4205  2.90138e-14
4206  2.89523e-14
4207  2.88878e-14
4208  2.88205e-14
4209  2.87504e-14
4210  2.86775e-14
4211  2.86018e-14
4212  2.85235e-14
4213  2.84426e-14
4214  2.8359e-14
4215  2.8273e-14
4216  2.81846e-14
4217  2.80937e-14
4218  2.80006e-14
4219  2.79052e-14
4220  2.78077e-14
4221  2.77082e-14
4222  2.76066e-14
4223  2.75032e-14
4224  2.73979e-14
4225  2.72909e-14
4226  2.71824e-14
4227  2.70723e-14
4228  2.69607e-14
4229  2.68479e-14
4230  2.67338e-14
4231  2.66185e-14
4232  2.65023e-14
4233  2.63851e-14
4234  2.62671e-14
4235  2.61483e-14
4236  2.60289e-14
4237  2.5909e-14
4238  2.57887e-14
4239  2.5668e-14
4240  2.55471e-14
4241  2.5426e-14
4242  2.53049e-14
4243  2.51838e-14
4244  2.50629e-14
4245  2.49422e-14
4246  2.48219e-14
4247  2.47019e-14
4248  2.45825e-14
4249  2.44636e-14
4250  2.43453e-14
4251  2.42278e-14
4252  2.41111e-14
4253  2.39952e-14
4254  2.38803e-14
4255  2.37664e-14
4256  2.36535e-14
4257  2.35417e-14
4258  2.34312e-14
4259  2.33218e-14
4260  2.32137e-14
4261  2.3107e-14
4262  2.30016e-14
4263  2.28976e-14
4264  2.2795e-14
4265  2.26939e-14
4266  2.25942e-14
4267  2.24961e-14
4268  2.23995e-14
4269  2.23045e-14
4270  2.2211e-14
4271  2.21191e-14
4272  2.20288e-14
4273  2.194e-14
4274  2.18529e-14
4275  2.17673e-14
4276  2.16833e-14
4277  2.16008e-14
4278  2.152e-14
4279  2.14406e-14
4280  2.13628e-14
4281  2.12866e-14
4282  2.12118e-14
4283  2.11384e-14
4284  2.10665e-14
4285  2.09961e-14
4286  2.0927e-14
4287  2.08592e-14
4288  2.07928e-14
4289  2.07277e-14
4290  2.06638e-14
4291  2.06012e-14
4292  2.05397e-14
4293  2.04794e-14
4294  2.04202e-14
4295  2.0362e-14
4296  2.03049e-14
4297  2.02487e-14
4298  2.01935e-14
4299  2.01392e-14
4300  2.00858e-14
4301  2.00332e-14
4302  1.99813e-14
4303  1.99302e-14
4304  1.98798e-14
4305  1.98301e-14
4306  1.9781e-14
4307  1.97325e-14
4308  1.96846e-14
4309  1.96372e-14
4310  1.95903e-14
4311  1.95438e-14
4312  1.94978e-14
4313  1.94522e-14
4314  1.94069e-14
4315  1.9362e-14
4316  1.93175e-14
4317  1.92732e-14
4318  1.92293e-14
4319  1.91856e-14
4320  1.91421e-14
4321  1.90989e-14
4322  1.9056e-14
4323  1.90133e-14
4324  1.89708e-14
4325  1.89285e-14
4326  1.88864e-14
4327  1.88445e-14
4328  1.88029e-14
4329  1.87615e-14
4330  1.87203e-14
4331  1.86794e-14
4332  1.86387e-14
4333  1.85982e-14
4334  1.85581e-14
4335  1.85182e-14
4336  1.84787e-14
4337  1.84396e-14
4338  1.84007e-14
4339  1.83623e-14
4340  1.83244e-14
4341  1.82868e-14
4342  1.82498e-14
4343  1.82132e-14
4344  1.81773e-14
4345  1.81419e-14
4346  1.81071e-14
4347  1.80731e-14
4348  1.80397e-14
4349  1.80071e-14
4350  1.79752e-14
4351  1.79442e-14
4352  1.79141e-14
4353  1.7885e-14
4354  1.78568e-14
4355  1.78296e-14
4356  1.78035e-14
4357  1.77785e-14
4358  1.77546e-14
4359  1.7732e-14
4360  1.77106e-14
4361  1.76906e-14
4362  1.76718e-14
4363  1.76545e-14
4364  1.76387e-14
4365  1.76243e-14
4366  1.76115e-14
4367  1.76002e-14
4368  1.75906e-14
4369  1.75826e-14
4370  1.75764e-14
4371  1.75719e-14
4372  1.75692e-14
4373  1.75683e-14
4374  1.75693e-14
4375  1.75722e-14
4376  1.7577e-14
4377  1.75838e-14
4378  1.75925e-14
4379  1.76033e-14
4380  1.76162e-14
4381  1.76311e-14
4382  1.76481e-14
4383  1.76673e-14
4384  1.76885e-14
4385  1.7712e-14
4386  1.77376e-14
4387  1.77653e-14
4388  1.77953e-14
4389  1.78274e-14
4390  1.78618e-14
4391  1.78983e-14
4392  1.79371e-14
4393  1.7978e-14
4394  1.80212e-14
4395  1.80666e-14
4396  1.81141e-14
4397  1.81638e-14
4398  1.82156e-14
4399  1.82697e-14
4400  1.83258e-14
4401  1.8384e-14
4402  1.84443e-14
4403  1.85067e-14
4404  1.85711e-14
4405  1.86375e-14
4406  1.87059e-14
4407  1.87762e-14
4408  1.88484e-14
4409  1.89225e-14
4410  1.89984e-14
4411  1.90761e-14
4412  1.91555e-14
4413  1.92367e-14
4414  1.93195e-14
4415  1.94039e-14
4416  1.94899e-14
4417  1.95773e-14
4418  1.96663e-14
4419  1.97566e-14
4420  1.98483e-14
4421  1.99413e-14
4422  2.00355e-14
4423  2.01309e-14
4424  2.02275e-14
4425  2.03251e-14
4426  2.04237e-14
4427  2.05233e-14
4428  2.06237e-14
4429  2.0725e-14
4430  2.0827e-14
4431  2.09298e-14
4432  2.10332e-14
4433  2.11372e-14
4434  2.12416e-14
4435  2.13466e-14
4436  2.14519e-14
4437  2.15576e-14
4438  2.16635e-14
4439  2.17697e-14
4440  2.1876e-14
4441  2.19823e-14
4442  2.20887e-14
4443  2.21951e-14
4444  2.23014e-14
4445  2.24075e-14
4446  2.25134e-14
4447  2.2619e-14
4448  2.27243e-14
4449  2.28293e-14
4450  2.29338e-14
4451  2.30378e-14
4452  2.31413e-14
4453  2.32442e-14
4454  2.33464e-14
4455  2.3448e-14
4456  2.35488e-14
4457  2.36488e-14
4458  2.37481e-14
4459  2.38464e-14
4460  2.39439e-14
4461  2.40403e-14
4462  2.41358e-14
4463  2.42303e-14
4464  2.43237e-14
4465  2.4416e-14
4466  2.45072e-14
4467  2.45971e-14
4468  2.46859e-14
4469  2.47735e-14
4470  2.48598e-14
4471  2.49449e-14
4472  2.50286e-14
4473  2.5111e-14
4474  2.51921e-14
4475  2.52718e-14
4476  2.53501e-14
4477  2.5427e-14
4478  2.55025e-14
4479  2.55765e-14
4480  2.56491e-14
4481  2.57203e-14
4482  2.579e-14
4483  2.58582e-14
4484  2.5925e-14
4485  2.59902e-14
4486  2.6054e-14
4487  2.61163e-14
4488  2.61771e-14
4489  2.62364e-14
4490  2.62943e-14
4491  2.63506e-14
4492  2.64055e-14
4493  2.64589e-14
4494  2.65108e-14
4495  2.65613e-14
4496  2.66103e-14
4497  2.66579e-14
4498  2.67041e-14
4499  2.67488e-14
4500  2.67922e-14
4501  2.68341e-14
4502  2.68747e-14
4503  2.69139e-14
4504  2.69518e-14
4505  2.69883e-14
4506  2.70236e-14
4507  2.70575e-14
4508  2.70902e-14
4509  2.71216e-14
4510  2.71518e-14
4511  2.71808e-14
4512  2.72086e-14
4513  2.72352e-14
4514  2.72607e-14
4515  2.7285e-14
4516  2.73082e-14
4517  2.73304e-14
4518  2.73515e-14
4519  2.73716e-14
4520  2.73906e-14
4521  2.74086e-14
4522  2.74257e-14
4523  2.74418e-14
4524  2.7457e-14
4525  2.74713e-14
4526  2.74848e-14
4527  2.74973e-14
4528  2.7509e-14
4529  2.75199e-14
4530  2.753e-14
4531  2.75393e-14
4532  2.75479e-14
4533  2.75557e-14
4534  2.75628e-14
4535  2.75691e-14
4536  2.75748e-14
4537  2.75798e-14
4538  2.75842e-14
4539  2.75879e-14
4540  2.7591e-14
4541  2.75935e-14
4542  2.75954e-14
4543  2.75967e-14
4544  2.75974e-14
4545  2.75975e-14
4546  2.75971e-14
4547  2.75961e-14
4548  2.75946e-14
4549  2.75925e-14
4550  2.75899e-14
4551  2.75868e-14
4552  2.75831e-14
4553  2.75789e-14
4554  2.75742e-14
4555  2.75689e-14
4556  2.75632e-14
4557  2.75569e-14
4558  2.755e-14
4559  2.75427e-14
4560  2.75347e-14
4561  2.75263e-14
4562  2.75173e-14
4563  2.75077e-14
4564  2.74975e-14
4565  2.74868e-14
4566  2.74754e-14
4567  2.74635e-14
4568  2.74509e-14
4569  2.74377e-14
4570  2.74239e-14
4571  2.74094e-14
4572  2.73942e-14
4573  2.73783e-14
4574  2.73617e-14
4575  2.73444e-14
4576  2.73263e-14
4577  2.73075e-14
4578  2.72878e-14
4579  2.72674e-14
4580  2.72461e-14
4581  2.7224e-14
4582  2.7201e-14
4583  2.71771e-14
4584  2.71523e-14
4585  2.71265e-14
4586  2.70998e-14
4587  2.70721e-14
4588  2.70434e-14
4589  2.70137e-14
4590  2.69829e-14
4591  2.69511e-14
4592  2.69181e-14
4593  2.68841e-14
4594  2.68489e-14
4595  2.68125e-14
4596  2.6775e-14
4597  2.67363e-14
4598  2.66964e-14
4599  2.66552e-14
4600  2.66127e-14
4601  2.6569e-14
4602  2.65241e-14
4603  2.64778e-14
4604  2.64301e-14
4605  2.63812e-14
4606  2.63309e-14
4607  2.62792e-14
4608  2.62262e-14
4609  2.61718e-14
4610  2.6116e-14
4611  2.60588e-14
4612  2.60002e-14
4613  2.59402e-14
4614  2.58788e-14
4615  2.58159e-14
4616  2.57517e-14
4617  2.5686e-14
4618  2.56189e-14
4619  2.55504e-14
4620  2.54805e-14
4621  2.54091e-14
4622  2.53364e-14
4623  2.52623e-14
4624  2.51868e-14
4625  2.51099e-14
4626  2.50316e-14
4627  2.4952e-14
4628  2.48711e-14
4629  2.47889e-14
4630  2.47054e-14
4631  2.46206e-14
4632  2.45345e-14
4633  2.44472e-14
4634  2.43587e-14
4635  2.4269e-14
4636  2.41782e-14
4637  2.40862e-14
4638  2.39932e-14
4639  2.3899e-14
4640  2.38039e-14
4641  2.37077e-14
4642  2.36105e-14
4643  2.35125e-14
4644  2.34135e-14
4645  2.33137e-14
4646  2.3213e-14
4647  2.31116e-14
4648  2.30094e-14
4649  2.29065e-14
4650  2.2803e-14
4651  2.26989e-14
4652  2.25942e-14
4653  2.24889e-14
4654  2.23832e-14
4655  2.22771e-14
4656  2.21705e-14
4657  2.20636e-14
4658  2.19565e-14
4659  2.18491e-14
4660  2.17415e-14
4661  2.16337e-14
4662  2.15258e-14
4663  2.14179e-14
4664  2.131e-14
4665  2.12022e-14
4666  2.10944e-14
4667  2.09868e-14
4668  2.08794e-14
4669  2.07722e-14
4670  2.06653e-14
4671  2.05588e-14
4672  2.04526e-14
4673  2.03469e-14
4674  2.02416e-14
4675  2.01369e-14
4676  2.00327e-14
4677  1.99292e-14
4678  1.98263e-14
4679  1.97241e-14
4680  1.96227e-14
4681  1.95221e-14
4682  1.94223e-14
4683  1.93234e-14
4684  1.92253e-14
4685  1.91283e-14
4686  1.90322e-14
4687  1.89371e-14
4688  1.88431e-14
4689  1.87502e-14
4690  1.86584e-14
4691  1.85677e-14
4692  1.84783e-14
4693  1.839e-14
4694  1.8303e-14
4695  1.82173e-14
4696  1.81328e-14
4697  1.80496e-14
4698  1.79678e-14
4699  1.78874e-14
4700  1.78083e-14
4701  1.77306e-14
4702  1.76543e-14
4703  1.75794e-14
4704  1.75059e-14
4705  1.74339e-14
4706  1.73634e-14
4707  1.72942e-14
4708  1.72266e-14
4709  1.71604e-14
4710  1.70957e-14
4711  1.70325e-14
4712  1.69707e-14
4713  1.69104e-14
4714  1.68516e-14
4715  1.67942e-14
4716  1.67383e-14
4717  1.66838e-14
4718  1.66307e-14
4719  1.65791e-14
4720  1.65289e-14
4721  1.64801e-14
4722  1.64326e-14
4723  1.63865e-14
4724  1.63418e-14
4725  1.62984e-14
4726  1.62562e-14
4727  1.62154e-14
4728  1.61758e-14
4729  1.61374e-14
4730  1.61003e-14
4731  1.60643e-14
4732  1.60294e-14
4733  1.59957e-14
4734  1.5963e-14
4735  1.59314e-14
4736  1.59008e-14
4737  1.58712e-14
4738  1.58426e-14
4739  1.58149e-14
4740  1.5788e-14
4741  1.5762e-14
4742  1.57368e-14
4743  1.57123e-14
4744  1.56886e-14
4745  1.56656e-14
4746  1.56433e-14
4747  1.56215e-14
4748  1.56003e-14
4749  1.55797e-14
4750  1.55595e-14
4751  1.55398e-14
4752  1.55205e-14
4753  1.55016e-14
4754  1.54831e-14
4755  1.54648e-14
4756  1.54468e-14
4757  1.5429e-14
4758  1.54114e-14
4759  1.53939e-14
4760  1.53766e-14
4761  1.53593e-14
4762  1.53421e-14
4763  1.53249e-14
4764  1.53076e-14
4765  1.52903e-14
4766  1.52729e-14
4767  1.52554e-14
4768  1.52378e-14
4769  1.52199e-14
4770  1.52019e-14
4771  1.51836e-14
4772  1.51651e-14
4773  1.51463e-14
4774  1.51272e-14
4775  1.51079e-14
4776  1.50881e-14
4777  1.50681e-14
4778  1.50477e-14
4779  1.50269e-14
4780  1.50057e-14
4781  1.49841e-14
4782  1.49621e-14
4783  1.49398e-14
4784  1.4917e-14
4785  1.48938e-14
4786  1.48702e-14
4787  1.48462e-14
4788  1.48218e-14
4789  1.4797e-14
4790  1.47719e-14
4791  1.47463e-14
4792  1.47204e-14
4793  1.46941e-14
4794  1.46675e-14
4795  1.46406e-14
4796  1.46133e-14
4797  1.45858e-14
4798  1.45581e-14
4799  1.45301e-14
4800  1.45019e-14
4801  1.44735e-14
4802  1.4445e-14
4803  1.44163e-14
4804  1.43876e-14
4805  1.43588e-14
4806  1.433e-14
4807  1.43012e-14
4808  1.42725e-14
4809  1.42439e-14
4810  1.42154e-14
4811  1.41871e-14
4812  1.4159e-14
4813  1.41312e-14
4814  1.41036e-14
4815  1.40764e-14
4816  1.40496e-14
4817  1.40233e-14
4818  1.39974e-14
4819  1.3972e-14
4820  1.39472e-14
4821  1.3923e-14
4822  1.38995e-14
4823  1.38767e-14
4824  1.38546e-14
4825  1.38333e-14
4826  1.38129e-14
4827  1.37933e-14
4828  1.37747e-14
4829  1.3757e-14
4830  1.37403e-14
4831  1.37246e-14
4832  1.37101e-14
4833  1.36966e-14
4834  1.36843e-14
4835  1.36732e-14
4836  1.36633e-14
4837  1.36546e-14
4838  1.36472e-14
4839  1.36411e-14
4840  1.36363e-14
4841  1.36328e-14
4842  1.36308e-14
4843  1.36301e-14
4844  1.36308e-14
4845  1.36329e-14
4846  1.36364e-14
4847  1.36414e-14
4848  1.36478e-14
4849  1.36556e-14
4850  1.36649e-14
4851  1.36756e-14
4852  1.36877e-14
4853  1.37013e-14
4854  1.37163e-14
4855  1.37327e-14
4856  1.37504e-14
4857  1.37696e-14
4858  1.379e-14
4859  1.38118e-14
4860  1.38349e-14
4861  1.38593e-14
4862  1.38849e-14
4863  1.39116e-14
4864  1.39396e-14
4865  1.39686e-14
4866  1.39988e-14
4867  1.40299e-14
4868  1.40621e-14
4869  1.40951e-14
4870  1.41291e-14
4871  1.41639e-14
4872  1.41994e-14
4873  1.42357e-14
4874  1.42726e-14
4875  1.43101e-14
4876  1.43482e-14
4877  1.43867e-14
4878  1.44255e-14
4879  1.44647e-14
4880  1.45042e-14
4881  1.45439e-14
4882  1.45836e-14
4883  1.46234e-14
4884  1.46632e-14
4885  1.47029e-14
4886  1.47424e-14
4887  1.47817e-14
4888  1.48206e-14
4889  1.48591e-14
4890  1.48972e-14
4891  1.49347e-14
4892  1.49716e-14
4893  1.50078e-14
4894  1.50432e-14
4895  1.50778e-14
4896  1.51115e-14
4897  1.51443e-14
4898  1.5176e-14
4899  1.52066e-14
4900  1.5236e-14
4901  1.52642e-14
4902  1.52911e-14
4903  1.53166e-14
4904  1.53408e-14
4905  1.53635e-14
4906  1.53847e-14
4907  1.54043e-14
4908  1.54223e-14
4909  1.54387e-14
4910  1.54533e-14
4911  1.54663e-14
4912  1.54774e-14
4913  1.54868e-14
4914  1.54943e-14
4915  1.55e-14
4916  1.55038e-14
4917  1.55057e-14
4918  1.55056e-14
4919  1.55037e-14
4920  1.54998e-14
4921  1.54939e-14
4922  1.54861e-14
4923  1.54763e-14
4924  1.54646e-14
4925  1.54509e-14
4926  1.54353e-14
4927  1.54177e-14
4928  1.53983e-14
4929  1.53769e-14
4930  1.53537e-14
4931  1.53286e-14
4932  1.53018e-14
4933  1.52731e-14
4934  1.52427e-14
4935  1.52106e-14
4936  1.51768e-14
4937  1.51414e-14
4938  1.51044e-14
4939  1.50658e-14
4940  1.50258e-14
4941  1.49844e-14
4942  1.49416e-14
4943  1.48975e-14
4944  1.48521e-14
4945  1.48056e-14
4946  1.47579e-14
4947  1.47092e-14
4948  1.46595e-14
4949  1.46088e-14
4950  1.45574e-14
4951  1.45051e-14
4952  1.44522e-14
4953  1.43986e-14
4954  1.43444e-14
4955  1.42898e-14
4956  1.42348e-14
4957  1.41795e-14
4958  1.4124e-14
4959  1.40682e-14
4960  1.40124e-14
4961  1.39566e-14
4962  1.39009e-14
4963  1.38453e-14
4964  1.37899e-14
4965  1.37348e-14
4966  1.36802e-14
4967  1.36259e-14
4968  1.35723e-14
4969  1.35192e-14
4970  1.34668e-14
4971  1.34152e-14
4972  1.33643e-14
4973  1.33144e-14
4974  1.32655e-14
4975  1.32175e-14
4976  1.31707e-14
4977  1.3125e-14
4978  1.30805e-14
4979  1.30373e-14
4980  1.29955e-14
4981  1.2955e-14
4982  1.2916e-14
4983  1.28784e-14
4984  1.28424e-14
4985  1.2808e-14
4986  1.27753e-14
4987  1.27442e-14
4988  1.27148e-14
4989  1.26872e-14
4990  1.26613e-14
4991  1.26373e-14
4992  1.26151e-14
4993  1.25949e-14
4994  1.25765e-14
4995  1.256e-14
4996  1.25455e-14
4997  1.25329e-14
4998  1.25224e-14
4999  1.25138e-14
5000  1.25072e-14
5001  1.25027e-14
5002  1.25001e-14
5003  1.24996e-14
5004  1.25011e-14
5005  1.25047e-14
5006  1.25102e-14
5007  1.25178e-14
5008  1.25273e-14
5009  1.25389e-14
5010  1.25524e-14
5011  1.25679e-14
5012  1.25854e-14
5013  1.26048e-14
5014  1.26261e-14
5015  1.26493e-14
5016  1.26744e-14
5017  1.27014e-14
5018  1.27301e-14
5019  1.27607e-14
5020  1.2793e-14
5021  1.2827e-14
5022  1.28628e-14
5023  1.29002e-14
5024  1.29393e-14
5025  1.29799e-14
5026  1.30221e-14
5027  1.30659e-14
5028  1.31111e-14
5029  1.31578e-14
5030  1.32059e-14
5031  1.32553e-14
5032  1.33061e-14
5033  1.33581e-14
5034  1.34114e-14
5035  1.34659e-14
5036  1.35215e-14
5037  1.35782e-14
5038  1.3636e-14
5039  1.36948e-14
5040  1.37546e-14
5041  1.38153e-14
5042  1.38769e-14
5043  1.39393e-14
5044  1.40026e-14
5045  1.40665e-14
5046  1.41312e-14
5047  1.41965e-14
5048  1.42625e-14
5049  1.4329e-14
5050  1.4396e-14
5051  1.44635e-14
5052  1.45315e-14
5053  1.45999e-14
5054  1.46686e-14
5055  1.47376e-14
5056  1.48069e-14
5057  1.48764e-14
5058  1.49461e-14
5059  1.5016e-14
5060  1.5086e-14
5061  1.5156e-14
5062  1.52261e-14
5063  1.52962e-14
5064  1.53663e-14
5065  1.54363e-14
5066  1.55062e-14
5067  1.5576e-14
5068  1.56456e-14
5069  1.5715e-14
5070  1.57842e-14
5071  1.58531e-14
5072  1.59217e-14
5073  1.599e-14
5074  1.6058e-14
5075  1.61256e-14
5076  1.61929e-14
5077  1.62597e-14
5078  1.6326e-14
5079  1.63919e-14
5080  1.64574e-14
5081  1.65223e-14
5082  1.65867e-14
5083  1.66506e-14
5084  1.67139e-14
5085  1.67766e-14
5086  1.68388e-14
5087  1.69004e-14
5088  1.69613e-14
5089  1.70217e-14
5090  1.70814e-14
5091  1.71404e-14
5092  1.71988e-14
5093  1.72565e-14
5094  1.73136e-14
5095  1.737e-14
5096  1.74257e-14
5097  1.74807e-14
5098  1.7535e-14
5099  1.75886e-14
5100  1.76416e-14
5101  1.76938e-14
5102  1.77454e-14
5103  1.77962e-14
5104  1.78463e-14
5105  1.78958e-14
5106  1.79446e-14
5107  1.79926e-14
5108  1.804e-14
5109  1.80867e-14
5110  1.81328e-14
5111  1.81781e-14
5112  1.82228e-14
5113  1.82668e-14
5114  1.83102e-14
5115  1.8353e-14
5116  1.83951e-14
5117  1.84366e-14
5118  1.84774e-14
5119  1.85177e-14
5120  1.85573e-14
5121  1.85964e-14
5122  1.86349e-14
5123  1.86728e-14
5124  1.87102e-14
5125  1.8747e-14
5126  1.87832e-14
5127  1.8819e-14
5128  1.88542e-14
5129  1.88888e-14
5130  1.8923e-14
5131  1.89567e-14
5132  1.89899e-14
5133  1.90227e-14
5134  1.9055e-14
5135  1.90868e-14
5136  1.91181e-14
5137  1.9149e-14
5138  1.91795e-14
5139  1.92096e-14
5140  1.92392e-14
5141  1.92684e-14
5142  1.92972e-14
5143  1.93255e-14
5144  1.93535e-14
5145  1.9381e-14
5146  1.94082e-14
5147  1.94349e-14
5148  1.94613e-14
5149  1.94872e-14
5150  1.95127e-14
5151  1.95378e-14
5152  1.95625e-14
5153  1.95868e-14
5154  1.96106e-14
5155  1.9634e-14
5156  1.9657e-14
5157  1.96795e-14
5158  1.97016e-14
5159  1.97232e-14
5160  1.97443e-14
5161  1.97649e-14
5162  1.9785e-14
5163  1.98045e-14
5164  1.98236e-14
5165  1.98421e-14
5166  1.986e-14
5167  1.98773e-14
5168  1.98939e-14
5169  1.991e-14
5170  1.99254e-14
5171  1.99401e-14
5172  1.99541e-14
5173  1.99674e-14
5174  1.99799e-14
5175  1.99917e-14
5176  2.00026e-14
5177  2.00127e-14
5178  2.0022e-14
5179  2.00304e-14
5180  2.00378e-14
5181  2.00443e-14
5182  2.00499e-14
5183  2.00544e-14
5184  2.00579e-14
5185  2.00603e-14
5186  2.00616e-14
5187  2.00618e-14
5188  2.00609e-14
5189  2.00588e-14
5190  2.00554e-14
5191  2.00508e-14
5192  2.0045e-14
5193  2.00378e-14
5194  2.00293e-14
5195  2.00195e-14
5196  2.00082e-14
5197  1.99956e-14
5198  1.99815e-14
5199  1.99659e-14
5200  1.99489e-14
5201  1.99303e-14
5202  1.99103e-14
5203  1.98886e-14
5204  1.98655e-14
5205  1.98407e-14
5206  1.98143e-14
5207  1.97863e-14
5208  1.97566e-14
5209  1.97253e-14
5210  1.96924e-14
5211  1.96578e-14
5212  1.96215e-14
5213  1.95836e-14
5214  1.95439e-14
5215  1.95026e-14
5216  1.94596e-14
5217  1.94149e-14
5218  1.93686e-14
5219  1.93206e-14
5220  1.92709e-14
5221  1.92196e-14
5222  1.91666e-14
5223  1.9112e-14
5224  1.90558e-14
5225  1.8998e-14
5226  1.89387e-14
5227  1.88778e-14
5228  1.88153e-14
5229  1.87514e-14
5230  1.86861e-14
5231  1.86193e-14
5232  1.85511e-14
5233  1.84815e-14
5234  1.84107e-14
5235  1.83385e-14
5236  1.82651e-14
5237  1.81905e-14
5238  1.81147e-14
5239  1.80379e-14
5240  1.79599e-14
5241  1.7881e-14
5242  1.78011e-14
5243  1.77203e-14
5244  1.76387e-14
5245  1.75563e-14
5246  1.74731e-14
5247  1.73893e-14
5248  1.73048e-14
5249  1.72198e-14
5250  1.71343e-14
5251  1.70483e-14
5252  1.6962e-14
5253  1.68754e-14
5254  1.67886e-14
5255  1.67016e-14
5256  1.66145e-14
5257  1.65273e-14
5258  1.64402e-14
5259  1.63531e-14
5260  1.62663e-14
5261  1.61796e-14
5262  1.60933e-14
5263  1.60073e-14
5264  1.59217e-14
5265  1.58366e-14
5266  1.57521e-14
5267  1.56682e-14
5268  1.5585e-14
5269  1.55026e-14
5270  1.54209e-14
5271  1.53402e-14
5272  1.52603e-14
5273  1.51815e-14
5274  1.51037e-14
5275  1.5027e-14
5276  1.49515e-14
5277  1.48772e-14
5278  1.48041e-14
5279  1.47324e-14
5280  1.4662e-14
5281  1.4593e-14
5282  1.45255e-14
5283  1.44595e-14
5284  1.43951e-14
5285  1.43322e-14
5286  1.42709e-14
5287  1.42113e-14
5288  1.41534e-14
5289  1.40972e-14
5290  1.40427e-14
5291  1.399e-14
5292  1.39391e-14
5293  1.389e-14
5294  1.38428e-14
5295  1.37974e-14
5296  1.37539e-14
5297  1.37123e-14
5298  1.36725e-14
5299  1.36347e-14
5300  1.35988e-14
5301  1.35647e-14
5302  1.35326e-14
5303  1.35024e-14
5304  1.34741e-14
5305  1.34478e-14
5306  1.34233e-14
5307  1.34007e-14
5308  1.33799e-14
5309  1.33611e-14
5310  1.3344e-14
5311  1.33288e-14
5312  1.33154e-14
5313  1.33037e-14
5314  1.32939e-14
5315  1.32857e-14
5316  1.32792e-14
5317  1.32745e-14
5318  1.32713e-14
5319  1.32697e-14
5320  1.32697e-14
5321  1.32713e-14
5322  1.32743e-14
5323  1.32788e-14
5324  1.32847e-14
5325  1.32919e-14
5326  1.33004e-14
5327  1.33103e-14
5328  1.33213e-14
5329  1.33335e-14
5330  1.33469e-14
5331  1.33613e-14
5332  1.33768e-14
5333  1.33932e-14
5334  1.34105e-14
5335  1.34287e-14
5336  1.34477e-14
5337  1.34674e-14
5338  1.34879e-14
5339  1.3509e-14
5340  1.35307e-14
5341  1.35528e-14
5342  1.35755e-14
5343  1.35986e-14
5344  1.3622e-14
5345  1.36457e-14
5346  1.36696e-14
5347  1.36938e-14
5348  1.3718e-14
5349  1.37423e-14
5350  1.37666e-14
5351  1.37908e-14
5352  1.3815e-14
5353  1.38389e-14
5354  1.38627e-14
5355  1.38861e-14
5356  1.39093e-14
5357  1.3932e-14
5358  1.39543e-14
5359  1.39761e-14
5360  1.39973e-14
5361  1.4018e-14
5362  1.4038e-14
5363  1.40573e-14
5364  1.40758e-14
5365  1.40936e-14
5366  1.41105e-14
5367  1.41265e-14
5368  1.41417e-14
5369  1.41558e-14
5370  1.4169e-14
5371  1.41811e-14
5372  1.41921e-14
5373  1.4202e-14
5374  1.42108e-14
5375  1.42183e-14
5376  1.42247e-14
5377  1.42298e-14
5378  1.42337e-14
5379  1.42362e-14
5380  1.42375e-14
5381  1.42374e-14
5382  1.42359e-14
5383  1.42331e-14
5384  1.42289e-14
5385  1.42233e-14
5386  1.42162e-14
5387  1.42078e-14
5388  1.41979e-14
5389  1.41865e-14
5390  1.41737e-14
5391  1.41595e-14
5392  1.41438e-14
5393  1.41267e-14
5394  1.41082e-14
5395  1.40882e-14
5396  1.40668e-14
5397  1.40441e-14
5398  1.40199e-14
5399  1.39943e-14
5400  1.39674e-14
5401  1.39391e-14
5402  1.39096e-14
5403  1.38787e-14
5404  1.38466e-14
5405  1.38132e-14
5406  1.37786e-14
5407  1.37429e-14
5408  1.3706e-14
5409  1.3668e-14
5410  1.36289e-14
5411  1.35888e-14
5412  1.35478e-14
5413  1.35057e-14
5414  1.34628e-14
5415  1.3419e-14
5416  1.33744e-14
5417  1.33291e-14
5418  1.3283e-14
5419  1.32363e-14
5420  1.3189e-14
5421  1.31412e-14
5422  1.30928e-14
5423  1.30441e-14
5424  1.29949e-14
5425  1.29454e-14
5426  1.28957e-14
5427  1.28458e-14
5428  1.27957e-14
5429  1.27455e-14
5430  1.26954e-14
5431  1.26452e-14
5432  1.25952e-14
5433  1.25454e-14
5434  1.24958e-14
5435  1.24464e-14
5436  1.23975e-14
5437  1.23489e-14
5438  1.23009e-14
5439  1.22534e-14
5440  1.22064e-14
5441  1.21602e-14
5442  1.21147e-14
5443  1.20699e-14
5444  1.2026e-14
5445  1.1983e-14
5446  1.1941e-14
5447  1.18999e-14
5448  1.186e-14
5449  1.18211e-14
5450  1.17834e-14
5451  1.1747e-14
5452  1.17118e-14
5453  1.16779e-14
5454  1.16453e-14
5455  1.16142e-14
5456  1.15845e-14
5457  1.15563e-14
5458  1.15296e-14
5459  1.15045e-14
5460  1.1481e-14
5461  1.1459e-14
5462  1.14388e-14
5463  1.14202e-14
5464  1.14033e-14
5465  1.13881e-14
5466  1.13746e-14
5467  1.1363e-14
5468  1.13531e-14
5469  1.1345e-14
5470  1.13386e-14
5471  1.13341e-14
5472  1.13314e-14
5473  1.13305e-14
5474  1.13314e-14
5475  1.13342e-14
5476  1.13387e-14
5477  1.13451e-14
5478  1.13532e-14
5479  1.13631e-14
5480  1.13747e-14
5481  1.13882e-14
5482  1.14033e-14
5483  1.14201e-14
5484  1.14387e-14
5485  1.14588e-14
5486  1.14807e-14
5487  1.15041e-14
5488  1.1529e-14
5489  1.15555e-14
5490  1.15835e-14
5491  1.1613e-14
5492  1.16439e-14
5493  1.16761e-14
5494  1.17097e-14
5495  1.17446e-14
5496  1.17807e-14
5497  1.18181e-14
5498  1.18565e-14
5499  1.18961e-14
5500  1.19367e-14
5501  1.19783e-14
5502  1.20209e-14
5503  1.20643e-14
5504  1.21086e-14
5505  1.21536e-14
5506  1.21994e-14
5507  1.22458e-14
5508  1.22929e-14
5509  1.23405e-14
5510  1.23886e-14
5511  1.24371e-14
5512  1.2486e-14
5513  1.25353e-14
5514  1.25848e-14
5515  1.26345e-14
5516  1.26844e-14
5517  1.27343e-14
5518  1.27843e-14
5519  1.28343e-14
5520  1.28843e-14
5521  1.29341e-14
5522  1.29837e-14
5523  1.30331e-14
5524  1.30823e-14
5525  1.31311e-14
5526  1.31795e-14
5527  1.32275e-14
5528  1.32751e-14
5529  1.33221e-14
5530  1.33686e-14
5531  1.34145e-14
5532  1.34597e-14
5533  1.35043e-14
5534  1.35481e-14
5535  1.35912e-14
5536  1.36336e-14
5537  1.36751e-14
5538  1.37157e-14
5539  1.37555e-14
5540  1.37944e-14
5541  1.38323e-14
5542  1.38693e-14
5543  1.39053e-14
5544  1.39403e-14
5545  1.39743e-14
5546  1.40073e-14
5547  1.40392e-14
5548  1.407e-14
5549  1.40998e-14
5550  1.41285e-14
5551  1.41561e-14
5552  1.41826e-14
5553  1.42079e-14
5554  1.42322e-14
5555  1.42554e-14
5556  1.42774e-14
5557  1.42983e-14
5558  1.43181e-14
5559  1.43368e-14
5560  1.43544e-14
5561  1.43709e-14
5562  1.43863e-14
5563  1.44006e-14
5564  1.44138e-14
5565  1.4426e-14
5566  1.44372e-14
5567  1.44473e-14
5568  1.44563e-14
5569  1.44644e-14
5570  1.44715e-14
5571  1.44776e-14
5572  1.44828e-14
5573  1.4487e-14
5574  1.44903e-14
5575  1.44927e-14
5576  1.44942e-14
5577  1.44948e-14
5578  1.44946e-14
5579  1.44936e-14
5580  1.44918e-14
5581  1.44893e-14
5582  1.44859e-14
5583  1.44819e-14
5584  1.44771e-14
5585  1.44717e-14
5586  1.44655e-14
5587  1.44588e-14
5588  1.44514e-14
5589  1.44434e-14
5590  1.44349e-14
5591  1.44258e-14
5592  1.44161e-14
5593  1.4406e-14
5594  1.43953e-14
5595  1.43842e-14
5596  1.43727e-14
5597  1.43607e-14
5598  1.43483e-14
5599  1.43354e-14
5600  1.43223e-14
5601  1.43087e-14
5602  1.42948e-14
5603  1.42806e-14
5604  1.42661e-14
5605  1.42513e-14
5606  1.42362e-14
5607  1.42209e-14
5608  1.42053e-14
5609  1.41894e-14
5610  1.41733e-14
5611  1.4157e-14
5612  1.41405e-14
5613  1.41238e-14
5614  1.4107e-14
5615  1.40899e-14
5616  1.40727e-14
5617  1.40553e-14
5618  1.40377e-14
5619  1.402e-14
5620  1.40022e-14
5621  1.39843e-14
5622  1.39662e-14
5623  1.39479e-14
5624  1.39296e-14
5625  1.39111e-14
5626  1.38926e-14
5627  1.38739e-14
5628  1.38551e-14
5629  1.38362e-14
5630  1.38172e-14
5631  1.37981e-14
5632  1.37788e-14
5633  1.37595e-14
5634  1.37401e-14
5635  1.37205e-14
5636  1.37009e-14
5637  1.36812e-14
5638  1.36613e-14
5639  1.36414e-14
5640  1.36213e-14
5641  1.36012e-14
5642  1.35809e-14
5643  1.35605e-14
5644  1.35401e-14
5645  1.35195e-14
5646  1.34988e-14
5647  1.3478e-14
5648  1.34571e-14
5649  1.3436e-14
5650  1.34149e-14
5651  1.33937e-14
5652  1.33723e-14
5653  1.33509e-14
5654  1.33293e-14
5655  1.33077e-14
5656  1.32859e-14
5657  1.3264e-14
5658  1.32421e-14
5659  1.322e-14
5660  1.31979e-14
5661  1.31756e-14
5662  1.31533e-14
5663  1.31309e-14
5664  1.31084e-14
5665  1.30858e-14
5666  1.30632e-14
5667  1.30405e-14
5668  1.30177e-14
5669  1.29949e-14
5670  1.29721e-14
5671  1.29492e-14
5672  1.29263e-14
5673  1.29034e-14
5674  1.28804e-14
5675  1.28575e-14
5676  1.28346e-14
5677  1.28116e-14
5678  1.27887e-14
5679  1.27659e-14
5680  1.27431e-14
5681  1.27203e-14
5682  1.26977e-14
5683  1.26751e-14
5684  1.26526e-14
5685  1.26302e-14
5686  1.2608e-14
5687  1.25858e-14
5688  1.25638e-14
5689  1.2542e-14
5690  1.25204e-14
5691  1.24989e-14
5692  1.24777e-14
5693  1.24567e-14
5694  1.24359e-14
5695  1.24153e-14
5696  1.2395e-14
5697  1.2375e-14
5698  1.23553e-14
5699  1.23359e-14
5700  1.23168e-14
5701  1.22981e-14
5702  1.22797e-14
5703  1.22616e-14
5704  1.2244e-14
5705  1.22268e-14
5706  1.22099e-14
5707  1.21935e-14
5708  1.21775e-14
5709  1.2162e-14
5710  1.2147e-14
5711  1.21324e-14
5712  1.21184e-14
5713  1.21048e-14
5714  1.20918e-14
5715  1.20793e-14
5716  1.20673e-14
5717  1.20559e-14
5718  1.20451e-14
5719  1.20349e-14
5720  1.20252e-14
5721  1.20162e-14
5722  1.20077e-14
5723  1.19999e-14
5724  1.19927e-14
5725  1.19862e-14
5726  1.19803e-14
5727  1.1975e-14
5728  1.19704e-14
5729  1.19665e-14
5730  1.19632e-14
5731  1.19607e-14
5732  1.19588e-14
5733  1.19576e-14
5734  1.1957e-14
5735  1.19572e-14
5736  1.19581e-14
5737  1.19596e-14
5738  1.19619e-14
5739  1.19648e-14
5740  1.19685e-14
5741  1.19728e-14
5742  1.19779e-14
5743  1.19836e-14
5744  1.199e-14
5745  1.19971e-14
5746  1.20049e-14
5747  1.20133e-14
5748  1.20225e-14
5749  1.20323e-14
5750  1.20427e-14
5751  1.20538e-14
5752  1.20656e-14
5753  1.20779e-14
5754  1.20909e-14
5755  1.21046e-14
5756  1.21188e-14
5757  1.21336e-14
5758  1.2149e-14
5759  1.2165e-14
5760  1.21816e-14
5761  1.21987e-14
5762  1.22163e-14
5763  1.22345e-14
5764  1.22532e-14
5765  1.22723e-14
5766  1.2292e-14
5767  1.23121e-14
5768  1.23327e-14
5769  1.23537e-14
5770  1.23751e-14
5771  1.23969e-14
5772  1.24192e-14
5773  1.24418e-14
5774  1.24647e-14
5775  1.2488e-14
5776  1.25116e-14
5777  1.25355e-14
5778  1.25597e-14
5779  1.25842e-14
5780  1.26089e-14
5781  1.26338e-14
5782  1.2659e-14
5783  1.26843e-14
5784  1.27099e-14
5785  1.27356e-14
5786  1.27614e-14
5787  1.27874e-14
5788  1.28134e-14
5789  1.28396e-14
5790  1.28658e-14
5791  1.28921e-14
5792  1.29184e-14
5793  1.29447e-14
5794  1.2971e-14
5795  1.29973e-14
5796  1.30236e-14
5797  1.30498e-14
5798  1.3076e-14
5799  1.31021e-14
5800  1.31281e-14
5801  1.31539e-14
5802  1.31796e-14
5803  1.32052e-14
5804  1.32307e-14
5805  1.32559e-14
5806  1.3281e-14
5807  1.33058e-14
5808  1.33305e-14
5809  1.33549e-14
5810  1.33791e-14
5811  1.3403e-14
5812  1.34267e-14
5813  1.34501e-14
5814  1.34732e-14
5815  1.3496e-14
5816  1.35184e-14
5817  1.35406e-14
5818  1.35625e-14
5819  1.3584e-14
5820  1.36051e-14
5821  1.36259e-14
5822  1.36463e-14
5823  1.36664e-14
5824  1.36861e-14
5825  1.37054e-14
5826  1.37243e-14
5827  1.37428e-14
5828  1.37609e-14
5829  1.37786e-14
5830  1.37959e-14
5831  1.38127e-14
5832  1.38291e-14
5833  1.38451e-14
5834  1.38607e-14
5835  1.38758e-14
5836  1.38905e-14
5837  1.39048e-14
5838  1.39186e-14
5839  1.39319e-14
5840  1.39448e-14
5841  1.39572e-14
5842  1.39692e-14
5843  1.39808e-14
5844  1.39918e-14
5845  1.40024e-14
5846  1.40126e-14
5847  1.40223e-14
5848  1.40315e-14
5849  1.40403e-14
5850  1.40486e-14
5851  1.40564e-14
5852  1.40637e-14
5853  1.40707e-14
5854  1.40771e-14
5855  1.40831e-14
5856  1.40886e-14
5857  1.40936e-14
5858  1.40982e-14
5859  1.41023e-14
5860  1.4106e-14
5861  1.41092e-14
5862  1.41119e-14
5863  1.41142e-14
5864  1.4116e-14
5865  1.41173e-14
5866  1.41182e-14
5867  1.41186e-14
5868  1.41186e-14
5869  1.41181e-14
5870  1.41172e-14
5871  1.41158e-14
5872  1.4114e-14
5873  1.41117e-14
5874  1.4109e-14
5875  1.41058e-14
5876  1.41021e-14
5877  1.40981e-14
5878  1.40935e-14
5879  1.40886e-14
5880  1.40832e-14
5881  1.40773e-14
5882  1.40711e-14
5883  1.40643e-14
5884  1.40572e-14
5885  1.40496e-14
5886  1.40416e-14
5887  1.40332e-14
5888  1.40244e-14
5889  1.40151e-14
5890  1.40054e-14
5891  1.39953e-14
5892  1.39849e-14
5893  1.3974e-14
5894  1.39627e-14
5895  1.3951e-14
5896  1.39389e-14
5897  1.39265e-14
5898  1.39137e-14
5899  1.39005e-14
5900  1.38869e-14
5901  1.3873e-14
5902  1.38587e-14
5903  1.38441e-14
5904  1.38292e-14
5905  1.38139e-14
5906  1.37983e-14
5907  1.37824e-14
5908  1.37662e-14
5909  1.37497e-14
5910  1.37329e-14
5911  1.37158e-14
5912  1.36985e-14
5913  1.36809e-14
5914  1.36631e-14
5915  1.3645e-14
5916  1.36268e-14
5917  1.36083e-14
5918  1.35897e-14
5919  1.35708e-14
5920  1.35518e-14
5921  1.35327e-14
5922  1.35134e-14
5923  1.3494e-14
5924  1.34745e-14
5925  1.34549e-14
5926  1.34352e-14
5927  1.34154e-14
5928  1.33956e-14
5929  1.33758e-14
5930  1.3356e-14
5931  1.33361e-14
5932  1.33163e-14
5933  1.32965e-14
5934  1.32768e-14
5935  1.32571e-14
5936  1.32375e-14
5937  1.32181e-14
5938  1.31987e-14
5939  1.31795e-14
5940  1.31604e-14
5941  1.31414e-14
5942  1.31227e-14
5943  1.31041e-14
5944  1.30858e-14
5945  1.30677e-14
5946  1.30498e-14
5947  1.30322e-14
5948  1.30148e-14
5949  1.29977e-14
5950  1.29809e-14
5951  1.29645e-14
5952  1.29483e-14
5953  1.29324e-14
5954  1.29169e-14
5955  1.29017e-14
5956  1.28869e-14
5957  1.28725e-14
5958  1.28584e-14
5959  1.28446e-14
5960  1.28313e-14
5961  1.28183e-14
5962  1.28057e-14
5963  1.27935e-14
5964  1.27817e-14
5965  1.27703e-14
5966  1.27592e-14
5967  1.27486e-14
5968  1.27383e-14
5969  1.27284e-14
5970  1.27188e-14
5971  1.27096e-14
5972  1.27008e-14
5973  1.26923e-14
5974  1.26841e-14
5975  1.26762e-14
5976  1.26687e-14
5977  1.26614e-14
5978  1.26544e-14
5979  1.26476e-14
5980  1.26411e-14
5981  1.26348e-14
5982  1.26287e-14
5983  1.26228e-14
5984  1.2617e-14
5985  1.26113e-14
5986  1.26057e-14
5987  1.26002e-14
5988  1.25947e-14
5989  1.25892e-14
5990  1.25837e-14
5991  1.25782e-14
5992  1.25726e-14
5993  1.25668e-14
5994  1.25609e-14
5995  1.25548e-14
5996  1.25484e-14
5997  1.25418e-14
5998  1.25349e-14
5999  1.25276e-14
6000  1.252e-14
6001  1.25119e-14
6002  1.25034e-14
6003  1.24944e-14
6004  1.24848e-14
6005  1.24746e-14
6006  1.24638e-14
6007  1.24523e-14
6008  1.24401e-14
6009  1.24271e-14
6010  1.24134e-14
6011  1.23988e-14
6012  1.23833e-14
6013  1.23669e-14
6014  1.23495e-14
6015  1.23311e-14
6016  1.23117e-14
6017  1.22912e-14
6018  1.22695e-14
6019  1.22467e-14
6020  1.22227e-14
6021  1.21974e-14
6022  1.21709e-14
6023  1.2143e-14
6024  1.21138e-14
6025  1.20832e-14
6026  1.20513e-14
6027  1.20179e-14
6028  1.1983e-14
6029  1.19466e-14
6030  1.19087e-14
6031  1.18693e-14
6032  1.18283e-14
6033  1.17858e-14
6034  1.17416e-14
6035  1.16958e-14
6036  1.16484e-14
6037  1.15993e-14
6038  1.15486e-14
6039  1.14963e-14
6040  1.14422e-14
6041  1.13865e-14
6042  1.13291e-14
6043  1.127e-14
6044  1.12093e-14
6045  1.11469e-14
6046  1.10828e-14
6047  1.10171e-14
6048  1.09497e-14
6049  1.08807e-14
6050  1.081e-14
6051  1.07378e-14
6052  1.0664e-14
6053  1.05887e-14
6054  1.05118e-14
6055  1.04334e-14
6056  1.03536e-14
6057  1.02723e-14
6058  1.01896e-14
6059  1.01055e-14
6060  1.00201e-14
6061  9.93339e-15
6062  9.84544e-15
6063  9.75627e-15
6064  9.66594e-15
6065  9.5745e-15
6066  9.48198e-15
6067  9.38846e-15
6068  9.29398e-15
6069  9.19858e-15
6070  9.10234e-15
6071  9.00531e-15
6072  8.90754e-15
6073  8.80911e-15
6074  8.71006e-15
6075  8.61047e-15
6076  8.5104e-15
6077  8.40991e-15
6078  8.30907e-15
6079  8.20795e-15
6080  8.10662e-15
6081  8.00515e-15
6082  7.9036e-15
6083  7.80205e-15
6084  7.70056e-15
6085  7.59922e-15
6086  7.49809e-15
6087  7.39724e-15
6088  7.29674e-15
6089  7.19667e-15
6090  7.0971e-15
6091  6.9981e-15
6092  6.89975e-15
6093  6.8021e-15
6094  6.70525e-15
6095  6.60924e-15
6096  6.51416e-15
6097  6.42008e-15
6098  6.32706e-15
6099  6.23516e-15
6100  6.14447e-15
6101  6.05503e-15
6102  5.96692e-15
6103  5.8802e-15
6104  5.79494e-15
6105  5.71118e-15
6106  5.629e-15
6107  5.54845e-15
6108  5.46958e-15
6109  5.39246e-15
6110  5.31713e-15
6111  5.24364e-15
6112  5.17205e-15
6113  5.1024e-15
6114  5.03475e-15
6115  4.96912e-15
6116  4.90557e-15
6117  4.84414e-15
6118  4.78486e-15
6119  4.72777e-15
6120  4.6729e-15
6121  4.62029e-15
6122  4.56996e-15
6123  4.52195e-15
6124  4.47627e-15
6125  4.43295e-15
6126  4.39201e-15
6127  4.35347e-15
6128  4.31735e-15
6129  4.28365e-15
6130  4.2524e-15
6131  4.22359e-15
6132  4.19723e-15
6133  4.17334e-15
6134  4.15191e-15
6135  4.13295e-15
6136  4.11644e-15
6137  4.10239e-15
6138  4.09079e-15
6139  4.08163e-15
6140  4.0749e-15
6141  4.07058e-15
6142  4.06867e-15
6143  4.06914e-15
6144  4.07197e-15
6145  4.07715e-15
6146  4.08464e-15
6147  4.09443e-15
6148  4.10649e-15
6149  4.12078e-15
6150  4.13729e-15
6151  4.15596e-15
6152  4.17678e-15
6153  4.1997e-15
6154  4.22469e-15
6155  4.25171e-15
6156  4.28071e-15
6157  4.31166e-15
6158  4.34452e-15
6159  4.37923e-15
6160  4.41575e-15
6161  4.45405e-15
6162  4.49406e-15
6163  4.53573e-15
6164  4.57903e-15
6165  4.6239e-15
6166  4.67028e-15
6167  4.71813e-15
6168  4.76739e-15
6169  4.81801e-15
6170  4.86993e-15
6171  4.9231e-15
6172  4.97747e-15
6173  5.03297e-15
6174  5.08955e-15
6175  5.14716e-15
6176  5.20574e-15
6177  5.26524e-15
6178  5.32559e-15
6179  5.38674e-15
6180  5.44863e-15
6181  5.51121e-15
6182  5.57443e-15
6183  5.63822e-15
6184  5.70254e-15
6185  5.76731e-15
6186  5.83251e-15
6187  5.89805e-15
6188  5.96391e-15
6189  6.03001e-15
6190  6.09632e-15
6191  6.16277e-15
6192  6.22931e-15
6193  6.29591e-15
6194  6.3625e-15
6195  6.42905e-15
6196  6.49549e-15
6197  6.56179e-15
6198  6.6279e-15
6199  6.69378e-15
6200  6.75938e-15
6201  6.82466e-15
6202  6.88958e-15
6203  6.95411e-15
6204  7.01819e-15
6205  7.08179e-15
6206  7.14489e-15
6207  7.20744e-15
6208  7.2694e-15
6209  7.33075e-15
6210  7.39146e-15
6211  7.4515e-15
6212  7.51083e-15
6213  7.56943e-15
6214  7.62727e-15
6215  7.68433e-15
6216  7.74059e-15
6217  7.79602e-15
6218  7.85061e-15
6219  7.90433e-15
6220  7.95717e-15
6221  8.0091e-15
6222  8.06012e-15
6223  8.11021e-15
6224  8.15936e-15
6225  8.20756e-15
6226  8.25479e-15
6227  8.30105e-15
6228  8.34632e-15
6229  8.39061e-15
6230  8.43391e-15
6231  8.4762e-15
6232  8.5175e-15
6233  8.5578e-15
6234  8.59709e-15
6235  8.63538e-15
6236  8.67267e-15
6237  8.70895e-15
6238  8.74424e-15
6239  8.77854e-15
6240  8.81184e-15
6241  8.84417e-15
6242  8.87552e-15
6243  8.90589e-15
6244  8.93531e-15
6245  8.96378e-15
6246  8.9913e-15
6247  9.01789e-15
6248  9.04356e-15
6249  9.06832e-15
6250  9.09218e-15
6251  9.11515e-15
6252  9.13725e-15
6253  9.15849e-15
6254  9.17889e-15
6255  9.19845e-15
6256  9.21719e-15
6257  9.23514e-15
6258  9.25229e-15
6259  9.26867e-15
6260  9.28429e-15
6261  9.29917e-15
6262  9.31333e-15
6263  9.32677e-15
6264  9.33953e-15
6265  9.3516e-15
6266  9.36301e-15
6267  9.37377e-15
6268  9.3839e-15
6269  9.39342e-15
6270  9.40234e-15
6271  9.41068e-15
6272  9.41845e-15
6273  9.42566e-15
6274  9.43234e-15
6275  9.43849e-15
6276  9.44414e-15
6277  9.4493e-15
6278  9.45397e-15
6279  9.45818e-15
6280  9.46194e-15
6281  9.46526e-15
6282  9.46815e-15
6283  9.47064e-15
6284  9.47272e-15
6285  9.47441e-15
6286  9.47573e-15
6287  9.47668e-15
6288  9.47728e-15
6289  9.47753e-15
6290  9.47745e-15
6291  9.47704e-15
6292  9.47632e-15
6293  9.4753e-15
6294  9.47398e-15
6295  9.47236e-15
6296  9.47047e-15
6297  9.46831e-15
6298  9.46587e-15
6299  9.46318e-15
6300  9.46023e-15
6301  9.45704e-15
6302  9.45361e-15
6303  9.44994e-15
6304  9.44603e-15
6305  9.44191e-15
6306  9.43756e-15
6307  9.43299e-15
6308  9.4282e-15
6309  9.42321e-15
6310  9.41801e-15
6311  9.41261e-15
6312  9.407e-15
6313  9.40119e-15
6314  9.39519e-15
6315  9.389e-15
6316  9.38261e-15
6317  9.37603e-15
6318  9.36927e-15
6319  9.36231e-15
6320  9.35517e-15
6321  9.34785e-15
6322  9.34035e-15
6323  9.33266e-15
6324  9.32479e-15
6325  9.31675e-15
6326  9.30852e-15
6327  9.30012e-15
6328  9.29154e-15
6329  9.28279e-15
6330  9.27387e-15
6331  9.26477e-15
6332  9.2555e-15
6333  9.24606e-15
6334  9.23645e-15
6335  9.22668e-15
6336  9.21673e-15
6337  9.20663e-15
6338  9.19636e-15
6339  9.18593e-15
6340  9.17534e-15
6341  9.1646e-15
6342  9.1537e-15
6343  9.14265e-15
6344  9.13146e-15
6345  9.12011e-15
6346  9.10862e-15
6347  9.09699e-15
6348  9.08523e-15
6349  9.07333e-15
6350  9.0613e-15
6351  9.04914e-15
6352  9.03686e-15
6353  9.02446e-15
6354  9.01195e-15
6355  8.99933e-15
6356  8.98661e-15
6357  8.97378e-15
6358  8.96086e-15
6359  8.94785e-15
6360  8.93476e-15
6361  8.92158e-15
6362  8.90833e-15
6363  8.89502e-15
6364  8.88164e-15
6365  8.86821e-15
6366  8.85472e-15
6367  8.84119e-15
6368  8.82763e-15
6369  8.81403e-15
6370  8.80041e-15
6371  8.78677e-15
6372  8.77312e-15
6373  8.75946e-15
6374  8.74581e-15
6375  8.73216e-15
6376  8.71853e-15
6377  8.70492e-15
6378  8.69134e-15
6379  8.6778e-15
6380  8.66429e-15
6381  8.65083e-15
6382  8.63743e-15
6383  8.62409e-15
6384  8.61082e-15
6385  8.59762e-15
6386  8.5845e-15
6387  8.57147e-15
6388  8.55853e-15
6389  8.54569e-15
6390  8.53295e-15
6391  8.52032e-15
6392  8.5078e-15
6393  8.4954e-15
6394  8.48313e-15
6395  8.47099e-15
6396  8.45898e-15
6397  8.44711e-15
6398  8.43538e-15
6399  8.42379e-15
6400  8.41236e-15
6401  8.40107e-15
6402  8.38995e-15
6403  8.37898e-15
6404  8.36817e-15
6405  8.35753e-15
6406  8.34705e-15
6407  8.33674e-15
6408  8.3266e-15
6409  8.31663e-15
6410  8.30683e-15
6411  8.2972e-15
6412  8.28775e-15
6413  8.27846e-15
6414  8.26935e-15
6415  8.26041e-15
6416  8.25164e-15
6417  8.24303e-15
6418  8.2346e-15
6419  8.22633e-15
6420  8.21822e-15
6421  8.21028e-15
6422  8.20249e-15
6423  8.19486e-15
6424  8.18739e-15
6425  8.18006e-15
6426  8.17288e-15
6427  8.16584e-15
6428  8.15894e-15
6429  8.15218e-15
6430  8.14554e-15
6431  8.13903e-15
6432  8.13264e-15
6433  8.12637e-15
6434  8.1202e-15
6435  8.11414e-15
6436  8.10818e-15
6437  8.10231e-15
6438  8.09652e-15
6439  8.09082e-15
6440  8.08519e-15
6441  8.07963e-15
6442  8.07413e-15
6443  8.06869e-15
6444  8.0633e-15
6445  8.05795e-15
6446  8.05263e-15
6447  8.04735e-15
6448  8.04209e-15
6449  8.03684e-15
6450  8.0316e-15
6451  8.02637e-15
6452  8.02113e-15
6453  8.01589e-15
6454  8.01062e-15
6455  8.00534e-15
6456  8.00002e-15
6457  7.99467e-15
6458  7.98927e-15
6459  7.98383e-15
6460  7.97834e-15
6461  7.97278e-15
6462  7.96716e-15
6463  7.96147e-15
6464  7.95571e-15
6465  7.94986e-15
6466  7.94392e-15
6467  7.9379e-15
6468  7.93178e-15
6469  7.92556e-15
6470  7.91924e-15
6471  7.9128e-15
6472  7.90626e-15
6473  7.8996e-15
6474  7.89283e-15
6475  7.88593e-15
6476  7.87891e-15
6477  7.87176e-15
6478  7.86448e-15
6479  7.85708e-15
6480  7.84954e-15
6481  7.84186e-15
6482  7.83405e-15
6483  7.82611e-15
6484  7.81803e-15
6485  7.80981e-15
6486  7.80145e-15
6487  7.79296e-15
6488  7.78433e-15
6489  7.77557e-15
6490  7.76666e-15
6491  7.75763e-15
6492  7.74846e-15
6493  7.73916e-15
6494  7.72973e-15
6495  7.72018e-15
6496  7.71049e-15
6497  7.70069e-15
6498  7.69077e-15
6499  7.68072e-15
6500  7.67057e-15
6501  7.6603e-15
6502  7.64993e-15
6503  7.63945e-15
6504  7.62887e-15
6505  7.6182e-15
6506  7.60744e-15
6507  7.59658e-15
6508  7.58565e-15
6509  7.57463e-15
6510  7.56355e-15
6511  7.55239e-15
6512  7.54116e-15
6513  7.52988e-15
6514  7.51854e-15
6515  7.50715e-15
6516  7.49571e-15
6517  7.48424e-15
6518  7.47272e-15
6519  7.46118e-15
6520  7.44961e-15
6521  7.43802e-15
6522  7.42641e-15
6523  7.4148e-15
6524  7.40317e-15
6525  7.39154e-15
6526  7.37992e-15
6527  7.36831e-15
6528  7.3567e-15
6529  7.34511e-15
6530  7.33355e-15
6531  7.322e-15
6532  7.31049e-15
6533  7.29901e-15
6534  7.28756e-15
6535  7.27616e-15
6536  7.2648e-15
6537  7.25348e-15
6538  7.24222e-15
6539  7.231e-15
6540  7.21985e-15
6541  7.20875e-15
6542  7.19771e-15
6543  7.18673e-15
6544  7.17582e-15
6545  7.16497e-15
6546  7.15419e-15
6547  7.14348e-15
6548  7.13284e-15
6549  7.12227e-15
6550  7.11177e-15
6551  7.10134e-15
6552  7.09099e-15
6553  7.08071e-15
6554  7.0705e-15
6555  7.06036e-15
6556  7.0503e-15
6557  7.0403e-15
6558  7.03038e-15
6559  7.02052e-15
6560  7.01073e-15
6561  7.001e-15
6562  6.99134e-15
6563  6.98175e-15
6564  6.97221e-15
6565  6.96273e-15
6566  6.9533e-15
6567  6.94393e-15
6568  6.93461e-15
6569  6.92534e-15
6570  6.91611e-15
6571  6.90692e-15
6572  6.89777e-15
6573  6.88866e-15
6574  6.87958e-15
6575  6.87053e-15
6576  6.8615e-15
6577  6.8525e-15
6578  6.84352e-15
6579  6.83455e-15
6580  6.82559e-15
6581  6.81664e-15
6582  6.80769e-15
6583  6.79875e-15
6584  6.7898e-15
6585  6.78085e-15
6586  6.77189e-15
6587  6.76291e-15
6588  6.75392e-15
6589  6.7449e-15
6590  6.73587e-15
6591  6.72681e-15
6592  6.71771e-15
6593  6.70859e-15
6594  6.69943e-15
6595  6.69023e-15
6596  6.681e-15
6597  6.67172e-15
6598  6.66239e-15
6599  6.65302e-15
6600  6.6436e-15
6601  6.63412e-15
6602  6.6246e-15
6603  6.61502e-15
6604  6.60538e-15
6605  6.59569e-15
6606  6.58594e-15
6607  6.57613e-15
6608  6.56626e-15
6609  6.55633e-15
6610  6.54635e-15
6611  6.5363e-15
6612  6.5262e-15
6613  6.51603e-15
6614  6.50581e-15
6615  6.49553e-15
6616  6.48519e-15
6617  6.4748e-15
6618  6.46436e-15
6619  6.45386e-15
6620  6.44331e-15
6621  6.43272e-15
6622  6.42208e-15
6623  6.4114e-15
6624  6.40067e-15
6625  6.38991e-15
6626  6.37911e-15
6627  6.36828e-15
6628  6.35742e-15
6629  6.34654e-15
6630  6.33563e-15
6631  6.3247e-15
6632  6.31376e-15
6633  6.30281e-15
6634  6.29185e-15
6635  6.28088e-15
6636  6.26992e-15
6637  6.25896e-15
6638  6.24801e-15
6639  6.23708e-15
6640  6.22616e-15
6641  6.21526e-15
6642  6.20439e-15
6643  6.19355e-15
6644  6.18274e-15
6645  6.17198e-15
6646  6.16126e-15
6647  6.15058e-15
6648  6.13996e-15
6649  6.12939e-15
6650  6.11888e-15
6651  6.10844e-15
6652  6.09807e-15
6653  6.08777e-15
6654  6.07754e-15
6655  6.06739e-15
6656  6.05733e-15
6657  6.04735e-15
6658  6.03746e-15
6659  6.02767e-15
6660  6.01797e-15
6661  6.00837e-15
6662  5.99887e-15
6663  5.98948e-15
6664  5.98019e-15
6665  5.97101e-15
6666  5.96194e-15
6667  5.95299e-15
6668  5.94414e-15
6669  5.93541e-15
6670  5.9268e-15
6671  5.91831e-15
6672  5.90993e-15
6673  5.90167e-15
6674  5.89354e-15
6675  5.88552e-15
6676  5.87762e-15
6677  5.86984e-15
6678  5.86218e-15
6679  5.85463e-15
6680  5.8472e-15
6681  5.83989e-15
6682  5.8327e-15
6683  5.82562e-15
6684  5.81865e-15
6685  5.81179e-15
6686  5.80504e-15
6687  5.79839e-15
6688  5.79185e-15
6689  5.78541e-15
6690  5.77908e-15
6691  5.77283e-15
6692  5.76668e-15
6693  5.76063e-15
6694  5.75466e-15
6695  5.74877e-15
6696  5.74297e-15
6697  5.73724e-15
6698  5.73159e-15
6699  5.72601e-15
6700  5.7205e-15
6701  5.71505e-15
6702  5.70966e-15
6703  5.70433e-15
6704  5.69906e-15
6705  5.69383e-15
6706  5.68864e-15
6707  5.6835e-15
6708  5.6784e-15
6709  5.67333e-15
6710  5.66829e-15
6711  5.66328e-15
6712  5.6583e-15
6713  5.65333e-15
6714  5.64838e-15
6715  5.64344e-15
6716  5.63852e-15
6717  5.6336e-15
6718  5.62868e-15
6719  5.62377e-15
6720  5.61885e-15
6721  5.61393e-15
6722  5.609e-15
6723  5.60406e-15
6724  5.5991e-15
6725  5.59414e-15
6726  5.58915e-15
6727  5.58415e-15
6728  5.57912e-15
6729  5.57408e-15
6730  5.56901e-15
6731  5.56391e-15
6732  5.55879e-15
6733  5.55364e-15
6734  5.54846e-15
6735  5.54325e-15
6736  5.53801e-15
6737  5.53274e-15
6738  5.52744e-15
6739  5.52211e-15
6740  5.51675e-15
6741  5.51135e-15
6742  5.50593e-15
6743  5.50047e-15
6744  5.49499e-15
6745  5.48948e-15
6746  5.48393e-15
6747  5.47836e-15
6748  5.47277e-15
6749  5.46715e-15
6750  5.4615e-15
6751  5.45583e-15
6752  5.45014e-15
6753  5.44443e-15
6754  5.4387e-15
6755  5.43295e-15
6756  5.42719e-15
6757  5.42141e-15
6758  5.41562e-15
6759  5.40982e-15
6760  5.40401e-15
6761  5.3982e-15
6762  5.39238e-15
6763  5.38656e-15
6764  5.38073e-15
6765  5.3749e-15
6766  5.36908e-15
6767  5.36326e-15
6768  5.35745e-15
6769  5.35164e-15
6770  5.34584e-15
6771  5.34005e-15
6772  5.33427e-15
6773  5.32851e-15
6774  5.32276e-15
6775  5.31702e-15
6776  5.3113e-15
6777  5.3056e-15
6778  5.29992e-15
6779  5.29426e-15
6780  5.28861e-15
6781  5.28299e-15
6782  5.27739e-15
6783  5.27181e-15
6784  5.26625e-15
6785  5.26071e-15
6786  5.25519e-15
6787  5.2497e-15
6788  5.24423e-15
6789  5.23877e-15
6790  5.23334e-15
6791  5.22793e-15
6792  5.22254e-15
6793  5.21716e-15
6794  5.21181e-15
6795  5.20647e-15
6796  5.20114e-15
6797  5.19583e-15
6798  5.19053e-15
6799  5.18524e-15
6800  5.17996e-15
6801  5.17469e-15
6802  5.16942e-15
6803  5.16416e-15
6804  5.1589e-15
6805  5.15364e-15
6806  5.14838e-15
6807  5.14311e-15
6808  5.13783e-15
6809  5.13255e-15
6810  5.12725e-15
6811  5.12195e-15
6812  5.11662e-15
6813  5.11128e-15
6814  5.10592e-15
6815  5.10054e-15
6816  5.09513e-15
6817  5.08969e-15
6818  5.08422e-15
6819  5.07873e-15
6820  5.0732e-15
6821  5.06763e-15
6822  5.06203e-15
6823  5.05638e-15
6824  5.0507e-15
6825  5.04497e-15
6826  5.03919e-15
6827  5.03338e-15
6828  5.02751e-15
6829  5.02159e-15
6830  5.01562e-15
6831  5.0096e-15
6832  5.00353e-15
6833  4.99741e-15
6834  4.99123e-15
6835  4.985e-15
6836  4.97871e-15
6837  4.97237e-15
6838  4.96597e-15
6839  4.95952e-15
6840  4.95301e-15
6841  4.94645e-15
6842  4.93984e-15
6843  4.93317e-15
6844  4.92645e-15
6845  4.91969e-15
6846  4.91287e-15
6847  4.906e-15
6848  4.89909e-15
6849  4.89214e-15
6850  4.88514e-15
6851  4.87811e-15
6852  4.87103e-15
6853  4.86392e-15
6854  4.85678e-15
6855  4.84961e-15
6856  4.84241e-15
6857  4.83519e-15
6858  4.82795e-15
6859  4.82069e-15
6860  4.81342e-15
6861  4.80614e-15
6862  4.79885e-15
6863  4.79156e-15
6864  4.78427e-15
6865  4.77698e-15
6866  4.7697e-15
6867  4.76244e-15
6868  4.75519e-15
6869  4.74797e-15
6870  4.74077e-15
6871  4.73359e-15
6872  4.72645e-15
6873  4.71935e-15
6874  4.71229e-15
6875  4.70528e-15
6876  4.69832e-15
6877  4.69141e-15
6878  4.68456e-15
6879  4.67777e-15
6880  4.67104e-15
6881  4.66439e-15
6882  4.65781e-15
6883  4.65131e-15
6884  4.64488e-15
6885  4.63855e-15
6886  4.6323e-15
6887  4.62614e-15
6888  4.62007e-15
6889  4.6141e-15
6890  4.60823e-15
6891  4.60247e-15
6892  4.59681e-15
6893  4.59125e-15
6894  4.58581e-15
6895  4.58048e-15
6896  4.57526e-15
6897  4.57016e-15
6898  4.56517e-15
6899  4.5603e-15
6900  4.55555e-15
6901  4.55092e-15
6902  4.54642e-15
6903  4.54203e-15
6904  4.53777e-15
6905  4.53363e-15
6906  4.52961e-15
6907  4.52572e-15
6908  4.52194e-15
6909  4.5183e-15
6910  4.51477e-15
6911  4.51136e-15
6912  4.50807e-15
6913  4.5049e-15
6914  4.50185e-15
6915  4.49892e-15
6916  4.4961e-15
6917  4.49339e-15
6918  4.4908e-15
6919  4.48831e-15
6920  4.48593e-15
6921  4.48366e-15
6922  4.48149e-15
6923  4.47943e-15
6924  4.47746e-15
6925  4.47558e-15
6926  4.47381e-15
6927  4.47212e-15
6928  4.47052e-15
6929  4.46901e-15
6930  4.46758e-15
6931  4.46623e-15
6932  4.46496e-15
6933  4.46377e-15
6934  4.46264e-15
6935  4.46159e-15
6936  4.4606e-15
6937  4.45968e-15
6938  4.45882e-15
6939  4.45801e-15
6940  4.45727e-15
6941  4.45657e-15
6942  4.45593e-15
6943  4.45533e-15
6944  4.45478e-15
6945  4.45427e-15
6946  4.4538e-15
6947  4.45337e-15
6948  4.45298e-15
6949  4.45262e-15
6950  4.45229e-15
6951  4.45199e-15
6952  4.45172e-15
6953  4.45147e-15
6954  4.45125e-15
6955  4.45105e-15
6956  4.45087e-15
6957  4.4507e-15
6958  4.45056e-15
6959  4.45043e-15
6960  4.45031e-15
6961  4.45021e-15
6962  4.45012e-15
6963  4.45004e-15
6964  4.44997e-15
6965  4.44991e-15
6966  4.44986e-15
6967  4.44981e-15
6968  4.44977e-15
6969  4.44974e-15
6970  4.44971e-15
6971  4.44968e-15
6972  4.44966e-15
6973  4.44964e-15
6974  4.44963e-15
6975  4.44962e-15
6976  4.44961e-15
6977  4.4496e-15
6978  4.44959e-15
6979  4.44958e-15
6980  4.44958e-15
6981  4.44958e-15
6982  4.44957e-15
6983  4.44957e-15
6984  4.44957e-15
6985  4.44957e-15
6986  4.44957e-15
6987  4.44957e-15
6988  4.44957e-15
6989  4.44956e-15
6990  4.44956e-15
6991  4.44956e-15
6992  4.44956e-15
6993  4.44956e-15
6994  4.44956e-15
6995  4.44956e-15
6996  4.44956e-15
6997  4.44956e-15
6998  4.44956e-15
6999  4.44956e-15
7000  4.44956e-15
7001  4.44956e-15
7002  4.44956e-15
7003  4.44956e-15
7004  4.44956e-15
7005  4.44956e-15
7006  4.44956e-15
7007  4.44956e-15
7008  4.44956e-15
7009  4.44956e-15
7010  4.44956e-15
7011  4.44956e-15