3708.9   1.8219e-16
3710.4   1.82284e-16
3711.89  1.82365e-16
3713.39  1.82395e-16
3714.89  1.82326e-16
3716.38  1.82103e-16
3717.88  1.81668e-16
3719.37  1.80975e-16
3720.87  1.79995e-16
3722.36  1.78729e-16
3723.86  1.7721e-16
3725.35  1.75505e-16
3726.85  1.73709e-16
3728.34  1.71934e-16
3729.84  1.70292e-16
3731.34  1.68879e-16
3732.83  1.67755e-16
3734.33  1.6694e-16
3735.82  1.66401e-16
3737.32  1.6606e-16
3738.81  1.65802e-16
3740.31  1.65493e-16
3741.8   1.64998e-16
3743.3   1.642e-16
3744.8   1.63019e-16
3746.29  1.61418e-16
3747.79  1.59407e-16
3749.28  1.57038e-16
3750.78  1.54395e-16
3752.27  1.51574e-16
3753.77  1.48672e-16
3755.26  1.45769e-16
3756.76  1.42917e-16
3758.26  1.40139e-16
3759.75  1.3743e-16
3761.25  1.34764e-16
3762.74  1.32107e-16
3764.24  1.29431e-16
3765.73  1.2672e-16
3767.23  1.23983e-16
3768.72  1.21248e-16
3770.22  1.18562e-16
3771.72  1.15975e-16
3773.21  1.13534e-16
3774.71  1.11267e-16
3776.2   1.09175e-16
3777.7   1.07231e-16
3779.19  1.0538e-16
3780.69  1.03553e-16
3782.18  1.01676e-16
3783.68  9.9689e-17
3785.17  9.75578e-17
3786.67  9.52829e-17
3788.17  9.29029e-17
3789.66  9.04898e-17
3791.16  8.81381e-17
3792.65  8.59493e-17
3794.15  8.40147e-17
3795.64  8.24005e-17
3797.14  8.11365e-17
3798.63  8.02133e-17
3800.13  7.9586e-17
3801.63  7.91852e-17
3803.12  7.89332e-17
3804.62  7.87616e-17
3806.11  7.86265e-17
3807.61  7.85192e-17
3809.1   7.84688e-17
3810.6   7.85363e-17
3812.09  7.88018e-17
3813.59  7.93466e-17
3815.09  8.02344e-17
3816.58  8.14949e-17
3818.08  8.31146e-17
3819.57  8.50352e-17
3821.07  8.71623e-17
3822.56  8.93814e-17
3824.06  9.1579e-17
3825.55  9.36644e-17
3827.05  9.55876e-17
3828.54  9.73515e-17
3830.04  9.90124e-17
3831.54  1.00673e-16
3833.03  1.02466e-16
3834.53  1.04529e-16
3836.02  1.06987e-16
3837.52  1.09923e-16
3839.01  1.13369e-16
3840.51  1.17296e-16
3842     1.2162e-16
3843.5   1.26209e-16
3845     1.30905e-16
3846.49  1.35547e-16
3847.99  1.39991e-16
3849.48  1.44128e-16
3850.98  1.47905e-16
3852.47  1.5132e-16
3853.97  1.54425e-16
3855.46  1.57314e-16
3856.96  1.60103e-16
3858.46  1.62913e-16
3859.95  1.65847e-16
3861.45  1.68975e-16
3862.94  1.72323e-16
3864.44  1.75868e-16
3865.93  1.79543e-16
3867.43  1.8325e-16
3868.92  1.86872e-16
3870.42  1.903e-16
3871.92  1.93442e-16
3873.41  1.96243e-16
3874.91  1.98694e-16
3876.4   2.00829e-16
3877.9   2.0272e-16
3879.39  2.04466e-16
3880.89  2.06178e-16
3882.38  2.07956e-16
3883.88  2.09883e-16
3885.37  2.12008e-16
3886.87  2.14346e-16
3888.37  2.16878e-16
3889.86  2.1956e-16
3891.36  2.2233e-16
3892.85  2.2512e-16
3894.35  2.2787e-16
3895.84  2.3053e-16
3897.34  2.33067e-16
3898.83  2.35461e-16
3900.33  2.37711e-16
3901.83  2.39824e-16
3903.32  2.41816e-16
3904.82  2.43707e-16
3906.31  2.45524e-16
3907.81  2.47295e-16
3909.3   2.49053e-16
3910.8   2.50833e-16
3912.29  2.52669e-16
3913.79  2.54591e-16
3915.29  2.56622e-16
3916.78  2.58775e-16
3918.28  2.61049e-16
3919.77  2.63436e-16
3921.27  2.65916e-16
3922.76  2.68471e-16
3924.26  2.71086e-16
3925.75  2.73757e-16
3927.25  2.76495e-16
3928.75  2.79319e-16
3930.24  2.82258e-16
3931.74  2.85333e-16
3933.23  2.88551e-16
3934.73  2.91891e-16
3936.22  2.95299e-16
3937.72  2.98684e-16
3939.21  3.01925e-16
3940.71  3.04888e-16
3942.2   3.07442e-16
3943.7   3.09486e-16
3945.2   3.10966e-16
3946.69  3.11891e-16
3948.19  3.12341e-16
3949.68  3.12456e-16
3951.18  3.12425e-16
3952.67  3.12454e-16
3954.17  3.1274e-16
3955.66  3.13436e-16
3957.16  3.14628e-16
3958.66  3.16318e-16
3960.15  3.18426e-16
3961.65  3.20791e-16
3963.14  3.23203e-16
3964.64  3.25422e-16
3966.13  3.27215e-16
3967.63  3.28386e-16
3969.12  3.28794e-16
3970.62  3.28376e-16
3972.12  3.27148e-16
3973.61  3.25199e-16
3975.11  3.22682e-16
3976.6   3.1979e-16
3978.1   3.16736e-16
3979.59  3.13726e-16
3981.09  3.10937e-16
3982.58  3.085e-16
3984.08  3.06488e-16
3985.58  3.04908e-16
3987.07  3.0371e-16
3988.57  3.02787e-16
3990.06  3.02001e-16
3991.56  3.01194e-16
3993.05  3.00213e-16
3994.55  2.98928e-16
3996.04  2.97249e-16
3997.54  2.95133e-16
3999.03  2.92589e-16
4000.53  2.89674e-16
4002.03  2.86481e-16
4003.52  2.83122e-16
4005.02  2.79714e-16
4006.51  2.76362e-16
4008.01  2.73145e-16
4009.5   2.7011e-16
4011     2.67268e-16
4012.49  2.64602e-16
4013.99  2.62071e-16
4015.49  2.59625e-16
4016.98  2.57213e-16
4018.48  2.548e-16
4019.97  2.52365e-16
4021.47  2.49914e-16
4022.96  2.47471e-16
4024.46  2.45077e-16
4025.95  2.42785e-16
4027.45  2.40646e-16
4028.95  2.38709e-16
4030.44  2.37009e-16
4031.94  2.35568e-16
4033.43  2.34398e-16
4034.93  2.33495e-16
4036.42  2.32852e-16
4037.92  2.32457e-16
4039.41  2.323e-16
4040.91  2.32368e-16
4042.41  2.32651e-16
4043.9   2.3313e-16
4045.4   2.33779e-16
4046.89  2.34555e-16
4048.39  2.35403e-16
4049.88  2.36249e-16
4051.38  2.37009e-16
4052.87  2.37597e-16
4054.37  2.37931e-16
4055.86  2.37948e-16
4057.36  2.37608e-16
4058.86  2.36908e-16
4060.35  2.35874e-16
4061.85  2.34564e-16
4063.34  2.33059e-16
4064.84  2.31449e-16
4066.33  2.29821e-16
4067.83  2.28247e-16
4069.32  2.26775e-16
4070.82  2.25425e-16
4072.32  2.24187e-16
4073.81  2.23027e-16
4075.31  2.21898e-16
4076.8   2.20746e-16
4078.3   2.19527e-16
4079.79  2.18208e-16
4081.29  2.16778e-16
4082.78  2.15248e-16
4084.28  2.13646e-16
4085.78  2.12017e-16
4087.27  2.10412e-16
4088.77  2.08888e-16
4090.26  2.07495e-16
4091.76  2.06275e-16
4093.25  2.0526e-16
4094.75  2.04469e-16
4096.24  2.0391e-16
4097.74  2.03577e-16
4099.24  2.03455e-16
4100.73  2.03517e-16
4102.23  2.03726e-16
4103.72  2.04037e-16
4105.22  2.04398e-16
4106.71  2.04751e-16
4108.21  2.0504e-16
4109.7   2.05213e-16
4111.2   2.05228e-16
4112.69  2.05063e-16
4114.19  2.04719e-16
4115.69  2.0422e-16
4117.18  2.03617e-16
4118.68  2.02982e-16
4120.17  2.02397e-16
4121.67  2.01948e-16
4123.16  2.01709e-16
4124.66  2.01729e-16
4126.15  2.02028e-16
4127.65  2.02587e-16
4129.15  2.0335e-16
4130.64  2.04235e-16
4132.14  2.0514e-16
4133.63  2.0596e-16
4135.13  2.06605e-16
4136.62  2.07013e-16
4138.12  2.07158e-16
4139.61  2.07058e-16
4141.11  2.06772e-16
4142.61  2.06387e-16
4144.1   2.06008e-16
4145.6   2.05738e-16
4147.09  2.05662e-16
4148.59  2.05837e-16
4150.08  2.06277e-16
4151.58  2.06958e-16
4153.07  2.07822e-16
4154.57  2.08789e-16
4156.07  2.09775e-16
4157.56  2.10706e-16
4159.06  2.11531e-16
4160.55  2.12237e-16
4162.05  2.12845e-16
4163.54  2.13408e-16
4165.04  2.13998e-16
4166.53  2.14694e-16
4168.03  2.15563e-16
4169.52  2.1665e-16
4171.02  2.17965e-16
4172.52  2.19487e-16
4174.01  2.21163e-16
4175.51  2.22921e-16
4177     2.24681e-16
4178.5   2.26365e-16
4179.99  2.27913e-16
4181.49  2.29283e-16
4182.98  2.30457e-16
4184.48  2.31435e-16
4185.98  2.32231e-16
4187.47  2.32867e-16
4188.97  2.33363e-16
4190.46  2.33742e-16
4191.96  2.34021e-16
4193.45  2.34216e-16
4194.95  2.34347e-16
4196.44  2.34436e-16
4197.94  2.34515e-16
4199.44  2.34618e-16
4200.93  2.34786e-16
4202.43  2.35053e-16
4203.92  2.35447e-16
4205.42  2.3598e-16
4206.91  2.36646e-16
4208.41  2.37417e-16
4209.9   2.38248e-16
4211.4   2.39079e-16
4212.9   2.39845e-16
4214.39  2.40482e-16
4215.89  2.40936e-16
4217.38  2.41171e-16
4218.88  2.41173e-16
4220.37  2.4095e-16
4221.87  2.40537e-16
4223.36  2.39982e-16
4224.86  2.39348e-16
4226.35  2.38703e-16
4227.85  2.38107e-16
4229.35  2.37615e-16
4230.84  2.37263e-16
4232.34  2.3707e-16
4233.83  2.37041e-16
4235.33  2.37164e-16
4236.82  2.37419e-16
4238.32  2.37782e-16
4239.81  2.38232e-16
4241.31  2.3875e-16
4242.81  2.39327e-16
4244.3   2.39956e-16
4245.8   2.40636e-16
4247.29  2.4136e-16
4248.79  2.42116e-16
4250.28  2.42882e-16
4251.78  2.43623e-16
4253.27  2.44293e-16
4254.77  2.44843e-16
4256.27  2.45228e-16
4257.76  2.45417e-16
4259.26  2.45403e-16
4260.75  2.45208e-16
4262.25  2.44892e-16
4263.74  2.44549e-16
4265.24  2.44295e-16
4266.73  2.44264e-16
4268.23  2.44583e-16
4269.72  2.45362e-16
4271.22  2.46676e-16
4272.72  2.4855e-16
4274.21  2.50962e-16
4275.71  2.53838e-16
4277.2   2.57067e-16
4278.7   2.60511e-16
4280.19  2.64025e-16
4281.69  2.67473e-16
4283.18  2.70745e-16
4284.68  2.73762e-16
4286.18  2.76485e-16
4287.67  2.78909e-16
4289.17  2.81055e-16
4290.66  2.82964e-16
4292.16  2.84683e-16
4293.65  2.86258e-16
4295.15  2.87727e-16
4296.64  2.89118e-16
4298.14  2.9045e-16
4299.64  2.91735e-16
4301.13  2.92981e-16
4302.63  2.94196e-16
4304.12  2.95387e-16
4305.62  2.96561e-16
4307.11  2.97721e-16
4308.61  2.98864e-16
4310.1   2.99974e-16
4311.6   3.01024e-16
4313.1   3.01973e-16
4314.59  3.02766e-16
4316.09  3.0334e-16
4317.58  3.03631e-16
4319.08  3.03574e-16
4320.57  3.03116e-16
4322.07  3.0222e-16
4323.56  3.00871e-16
4325.06  2.99077e-16
4326.55  2.96872e-16
4328.05  2.94314e-16
4329.55  2.9148e-16
4331.04  2.8846e-16
4332.54  2.85348e-16
4334.03  2.82232e-16
4335.53  2.79186e-16
4337.02  2.7626e-16
4338.52  2.73475e-16
4340.01  2.70823e-16
4341.51  2.68265e-16
4343.01  2.65742e-16
4344.5   2.63183e-16
4346     2.60515e-16
4347.49  2.57682e-16
4348.99  2.54645e-16
4350.48  2.51399e-16
4351.98  2.47968e-16
4353.47  2.44406e-16
4354.97  2.40785e-16
4356.47  2.37186e-16
4357.96  2.33685e-16
4359.46  2.30342e-16
4360.95  2.27192e-16
4362.45  2.24241e-16
4363.94  2.21469e-16
4365.44  2.18835e-16
4366.93  2.16288e-16
4368.43  2.13774e-16
4369.93  2.11253e-16
4371.42  2.087e-16
4372.92  2.06112e-16
4374.41  2.03503e-16
4375.91  2.00906e-16
4377.4   1.9836e-16
4378.9   1.959e-16
4380.39  1.93558e-16
4381.89  1.91347e-16
4383.38  1.8927e-16
4384.88  1.8731e-16
4386.38  1.85443e-16
4387.87  1.83636e-16
4389.37  1.81859e-16
4390.86  1.80086e-16
4392.36  1.78298e-16
4393.85  1.76491e-16
4395.35  1.74672e-16
4396.84  1.72857e-16
4398.34  1.71074e-16
4399.84  1.69356e-16
4401.33  1.67739e-16
4402.83  1.66259e-16
4404.32  1.6495e-16
4405.82  1.63839e-16
4407.31  1.62941e-16
4408.81  1.62263e-16
4410.3   1.61799e-16
4411.8   1.6153e-16
4413.3   1.61426e-16
4414.79  1.61452e-16
4416.29  1.61566e-16
4417.78  1.6173e-16
4419.28  1.61912e-16
4420.77  1.62087e-16
4422.27  1.62246e-16
4423.76  1.62391e-16
4425.26  1.62537e-16
4426.76  1.62708e-16
4428.25  1.62935e-16
4429.75  1.63254e-16
4431.24  1.63698e-16
4432.74  1.643e-16
4434.23  1.65084e-16
4435.73  1.66072e-16
4437.22  1.67273e-16
4438.72  1.68689e-16
4440.21  1.70305e-16
4441.71  1.72095e-16
4443.21  1.74016e-16
4444.7   1.76007e-16
4446.2   1.77995e-16
4447.69  1.79899e-16
4449.19  1.81637e-16
4450.68  1.83138e-16
4452.18  1.84352e-16
4453.67  1.85262e-16
4455.17  1.85891e-16
4456.67  1.863e-16
4458.16  1.86589e-16
4459.66  1.86883e-16
4461.15  1.8732e-16
4462.65  1.88029e-16
4464.14  1.89115e-16
4465.64  1.90642e-16
4467.13  1.92623e-16
4468.63  1.95022e-16
4470.13  1.97755e-16
4471.62  2.00708e-16
4473.12  2.03752e-16
4474.61  2.06762e-16
4476.11  2.09639e-16
4477.6   2.12319e-16
4479.1   2.14784e-16
4480.59  2.17056e-16
4482.09  2.19195e-16
4483.59  2.21284e-16
4485.08  2.23412e-16
4486.58  2.25659e-16
4488.07  2.2808e-16
4489.57  2.30701e-16
4491.06  2.3351e-16
4492.56  2.36467e-16
4494.05  2.39506e-16
4495.55  2.42556e-16
4497.04  2.45546e-16
4498.54  2.48429e-16
4500.04  2.51185e-16
4501.53  2.53828e-16
4503.03  2.5641e-16
4504.52  2.5901e-16
4506.02  2.61727e-16
4507.51  2.64663e-16
4509.01  2.67913e-16
4510.5   2.71547e-16
4512     2.75605e-16
4513.5   2.80092e-16
4514.99  2.8498e-16
4516.49  2.90215e-16
4517.98  2.95729e-16
4519.48  3.0145e-16
4520.97  3.07315e-16
4522.47  3.1328e-16
4523.96  3.19322e-16
4525.46  3.25442e-16
4526.96  3.31655e-16
4528.45  3.37987e-16
4529.95  3.44466e-16
4531.44  3.5111e-16
4532.94  3.57927e-16
4534.43  3.64912e-16
4535.93  3.72047e-16
4537.42  3.79309e-16
4538.92  3.86672e-16
4540.42  3.94113e-16
4541.91  4.01614e-16
4543.41  4.09161e-16
4544.9   4.16739e-16
4546.4   4.24327e-16
4547.89  4.31895e-16
4549.39  4.39395e-16
4550.88  4.46766e-16
4552.38  4.53937e-16
4553.87  4.60833e-16
4555.37  4.67388e-16
4556.87  4.73557e-16
4558.36  4.79321e-16
4559.86  4.84699e-16
4561.35  4.89737e-16
4562.85  4.94511e-16
4564.34  4.99106e-16
4565.84  5.03602e-16
4567.33  5.08061e-16
4568.83  5.12508e-16
4570.33  5.16928e-16
4571.82  5.21266e-16
4573.32  5.25432e-16
4574.81  5.29317e-16
4576.31  5.32818e-16
4577.8   5.35849e-16
4579.3   5.38368e-16
4580.79  5.4038e-16
4582.29  5.41951e-16
4583.79  5.43196e-16
4585.28  5.44265e-16
4586.78  5.45329e-16
4588.27  5.46553e-16
4589.77  5.48077e-16
4591.26  5.49992e-16
4592.76  5.52334e-16
4594.25  5.55081e-16
4595.75  5.58153e-16
4597.25  5.6143e-16
4598.74  5.6477e-16
4600.24  5.68028e-16
4601.73  5.71077e-16
4603.23  5.73823e-16
4604.72  5.76216e-16
4606.22  5.78248e-16
4607.71  5.79957e-16
4609.21  5.81408e-16
4610.7   5.82689e-16
4612.2   5.83889e-16
4613.7   5.85094e-16
4615.19  5.8637e-16
4616.69  5.87761e-16
4618.18  5.89288e-16
4619.68  5.9095e-16
4621.17  5.92726e-16
4622.67  5.94584e-16
4624.16  5.96482e-16
4625.66  5.98372e-16
4627.16  6.00205e-16
4628.65  6.01927e-16
4630.15  6.0348e-16
4631.64  6.04798e-16
4633.14  6.05806e-16
4634.63  6.0642e-16
4636.13  6.06544e-16
4637.62  6.06078e-16
4639.12  6.04923e-16
4640.62  6.02985e-16
4642.11  6.00188e-16
4643.61  5.96482e-16
4645.1   5.91852e-16
4646.6   5.86325e-16
4648.09  5.79967e-16
4649.59  5.72884e-16
4651.08  5.65216e-16
4652.58  5.57118e-16
4654.08  5.48752e-16
4655.57  5.40267e-16
4657.07  5.31784e-16
4658.56  5.2339e-16
4660.06  5.15124e-16
4661.55  5.06983e-16
4663.05  4.98924e-16
4664.54  4.9088e-16
4666.04  4.8277e-16
4667.53  4.7452e-16
4669.03  4.66072e-16
4670.53  4.57403e-16
4672.02  4.48525e-16
4673.52  4.39489e-16
4675.01  4.30376e-16
4676.51  4.21292e-16
4678     4.1235e-16
4679.5   4.03659e-16
4680.99  3.95311e-16
4682.49  3.87369e-16
4683.99  3.79867e-16
4685.48  3.72804e-16
4686.98  3.66157e-16
4688.47  3.59883e-16
4689.97  3.5393e-16
4691.46  3.48253e-16
4692.96  3.42815e-16
4694.45  3.37599e-16
4695.95  3.32607e-16
4697.45  3.27858e-16
4698.94  3.23381e-16
4700.44  3.19207e-16
4701.93  3.15362e-16
4703.43  3.11855e-16
4704.92  3.08677e-16
4706.42  3.05794e-16
4707.91  3.03154e-16
4709.41  3.00689e-16
4710.9   2.98321e-16
4712.4   2.95978e-16
4713.9   2.93596e-16
4715.39  2.91129e-16
4716.89  2.88555e-16
4718.38  2.85872e-16
4719.88  2.831e-16
4721.37  2.80278e-16
4722.87  2.77449e-16
4724.36  2.74664e-16
4725.86  2.71967e-16
4727.36  2.69396e-16
4728.85  2.66978e-16
4730.35  2.64725e-16
4731.84  2.62641e-16
4733.34  2.6072e-16
4734.83  2.58951e-16
4736.33  2.57318e-16
4737.82  2.55808e-16
4739.32  2.54409e-16
4740.82  2.53113e-16
4742.31  2.51916e-16
4743.81  2.5082e-16
4745.3   2.49826e-16
4746.8   2.48941e-16
4748.29  2.48171e-16
4749.79  2.47522e-16
4751.28  2.47005e-16
4752.78  2.46629e-16
4754.28  2.4641e-16
4755.77  2.46369e-16
4757.27  2.46533e-16
4758.76  2.46931e-16
4760.26  2.47601e-16
4761.75  2.48578e-16
4763.25  2.49895e-16
4764.74  2.51575e-16
4766.24  2.5363e-16
4767.73  2.5606e-16
4769.23  2.58847e-16
4770.73  2.61959e-16
4772.22  2.65356e-16
4773.72  2.6899e-16
4775.21  2.72814e-16
4776.71  2.76787e-16
4778.2   2.80878e-16
4779.7   2.85074e-16
4781.19  2.89374e-16
4782.69  2.93796e-16
4784.19  2.98369e-16
4785.68  3.03131e-16
4787.18  3.0812e-16
4788.67  3.13367e-16
4790.17  3.18887e-16
4791.66  3.2467e-16
4793.16  3.30676e-16
4794.65  3.36825e-16
4796.15  3.43004e-16
4797.65  3.49066e-16
4799.14  3.54834e-16
4800.64  3.60125e-16
4802.13  3.64755e-16
4803.63  3.68566e-16
4805.12  3.71444e-16
4806.62  3.73333e-16
4808.11  3.74246e-16
4809.61  3.74273e-16
4811.11  3.73566e-16
4812.6   3.72334e-16
4814.1   3.70811e-16
4815.59  3.69237e-16
4817.09  3.67822e-16
4818.58  3.66723e-16
4820.08  3.66029e-16
4821.57  3.65744e-16
4823.07  3.65795e-16
4824.56  3.66043e-16
4826.06  3.66302e-16
4827.56  3.66367e-16
4829.05  3.66044e-16
4830.55  3.65173e-16
4832.04  3.6365e-16
4833.54  3.61441e-16
4835.03  3.58578e-16
4836.53  3.55161e-16
4838.02  3.51337e-16
4839.52  3.47287e-16
4841.02  3.43206e-16
4842.51  3.39281e-16
4844.01  3.35679e-16
4845.5   3.32534e-16
4847     3.29938e-16
4848.49  3.27945e-16
4849.99  3.26567e-16
4851.48  3.25784e-16
4852.98  3.25547e-16
4854.48  3.25791e-16
4855.97  3.26444e-16
4857.47  3.27433e-16
4858.96  3.28696e-16
4860.46  3.3019e-16
4861.95  3.3189e-16
4863.45  3.33798e-16
4864.94  3.35937e-16
4866.44  3.38352e-16
4867.94  3.41099e-16
4869.43  3.44238e-16
4870.93  3.47827e-16
4872.42  3.51908e-16
4873.92  3.56504e-16
4875.41  3.61614e-16
4876.91  3.67211e-16
4878.4   3.73246e-16
4879.9   3.79652e-16
4881.39  3.86357e-16
4882.89  3.93288e-16
4884.39  4.00381e-16
4885.88  4.07591e-16
4887.38  4.14894e-16
4888.87  4.22289e-16
4890.37  4.29792e-16
4891.86  4.37437e-16
4893.36  4.45258e-16
4894.85  4.5329e-16
4896.35  4.61553e-16
4897.85  4.70048e-16
4899.34  4.78753e-16
4900.84  4.87624e-16
4902.33  4.96593e-16
4903.83  5.05577e-16
4905.32  5.14485e-16
4906.82  5.23228e-16
4908.31  5.3173e-16
4909.81  5.3993e-16
4911.31  5.47796e-16
4912.8   5.55319e-16
4914.3   5.62519e-16
4915.79  5.69433e-16
4917.29  5.76113e-16
4918.78  5.82613e-16
4920.28  5.8898e-16
4921.77  5.95243e-16
4923.27  6.0141e-16
4924.77  6.07461e-16
4926.26  6.13348e-16
4927.76  6.18999e-16
4929.25  6.24322e-16
4930.75  6.29207e-16
4932.24  6.33544e-16
4933.74  6.37221e-16
4935.23  6.40134e-16
4936.73  6.42197e-16
4938.22  6.43344e-16
4939.72  6.43534e-16
4941.22  6.42757e-16
4942.71  6.4103e-16
4944.21  6.38397e-16
4945.7   6.34931e-16
4947.2   6.30719e-16
4948.69  6.25862e-16
4950.19  6.20464e-16
4951.68  6.14623e-16
4953.18  6.08425e-16
4954.68  6.01936e-16
4956.17  5.95204e-16
4957.67  5.88251e-16
4959.16  5.81084e-16
4960.66  5.73695e-16
4962.15  5.6607e-16
4963.65  5.58196e-16
4965.14  5.50066e-16
4966.64  5.41688e-16
4968.14  5.33084e-16
4969.63  5.24297e-16
4971.13  5.15383e-16
4972.62  5.06411e-16
4974.12  4.97453e-16
4975.61  4.88581e-16
4977.11  4.79854e-16
4978.6   4.71315e-16
4980.1   4.62987e-16
4981.6   4.54872e-16
4983.09  4.4695e-16
4984.59  4.39189e-16
4986.08  4.31553e-16
4987.58  4.24007e-16
4989.07  4.16532e-16
4990.57  4.09129e-16
4992.06  4.01827e-16
4993.56  3.94677e-16
4995.05  3.87755e-16
4996.55  3.81152e-16
4998.05  3.7496e-16
4999.54  3.69264e-16
5001.04  3.64126e-16
5002.53  3.59581e-16
5004.03  3.55624e-16
5005.52  3.52214e-16
5007.02  3.49278e-16
5008.51  3.46715e-16
5010.01  3.44416e-16
5011.51  3.4227e-16
5013     3.40181e-16
5014.5   3.38084e-16
5015.99  3.35943e-16
5017.49  3.33765e-16
5018.98  3.31587e-16
5020.48  3.29478e-16
5021.97  3.27519e-16
5023.47  3.25793e-16
5024.97  3.24372e-16
5026.46  3.23302e-16
5027.96  3.22595e-16
5029.45  3.22229e-16
5030.95  3.22143e-16
5032.44  3.22253e-16
5033.94  3.22454e-16
5035.43  3.22639e-16
5036.93  3.22711e-16
5038.43  3.22594e-16
5039.92  3.22239e-16
5041.42  3.21632e-16
5042.91  3.20788e-16
5044.41  3.19748e-16
5045.9   3.18571e-16
5047.4   3.17318e-16
5048.89  3.16053e-16
5050.39  3.14823e-16
5051.88  3.13661e-16
5053.38  3.12583e-16
5054.88  3.11587e-16
5056.37  3.1066e-16
5057.87  3.09786e-16
5059.36  3.08946e-16
5060.86  3.08132e-16
5062.35  3.07342e-16
5063.85  3.06588e-16
5065.34  3.05889e-16
5066.84  3.05271e-16
5068.34  3.04758e-16
5069.83  3.04366e-16
5071.33  3.04102e-16
5072.82  3.03953e-16
5074.32  3.03892e-16
5075.81  3.03876e-16
5077.31  3.03851e-16
5078.8   3.03764e-16
5080.3   3.03565e-16
5081.8   3.03222e-16
5083.29  3.02721e-16
5084.79  3.02074e-16
5086.28  3.01318e-16
5087.78  3.00508e-16
5089.27  2.99713e-16
5090.77  2.99004e-16
5092.26  2.98445e-16
5093.76  2.98081e-16
5095.25  2.97934e-16
5096.75  2.97999e-16
5098.25  2.98242e-16
5099.74  2.98607e-16
5101.24  2.99025e-16
5102.73  2.99421e-16
5104.23  2.99728e-16
5105.72  2.99893e-16
5107.22  2.99885e-16
5108.71  2.99699e-16
5110.21  2.99356e-16
5111.71  2.98895e-16
5113.2   2.98372e-16
5114.7   2.97848e-16
5116.19  2.97377e-16
5117.69  2.97004e-16
5119.18  2.96757e-16
5120.68  2.96641e-16
5122.17  2.96644e-16
5123.67  2.96738e-16
5125.17  2.96887e-16
5126.66  2.97058e-16
5128.16  2.97224e-16
5129.65  2.97375e-16
5131.15  2.97522e-16
5132.64  2.97692e-16
5134.14  2.97929e-16
5135.63  2.98286e-16
5137.13  2.98811e-16
5138.63  2.99545e-16
5140.12  3.00507e-16
5141.62  3.01697e-16
5143.11  3.0309e-16
5144.61  3.04641e-16
5146.1   3.06298e-16
5147.6   3.08006e-16
5149.09  3.09719e-16
5150.59  3.11408e-16
5152.08  3.13066e-16
5153.58  3.14708e-16
5155.08  3.16366e-16
5156.57  3.18083e-16
5158.07  3.19902e-16
5159.56  3.21856e-16
5161.06  3.23964e-16
5162.55  3.2622e-16
5164.05  3.28599e-16
5165.54  3.31061e-16
5167.04  3.33554e-16
5168.54  3.36026e-16
5170.03  3.38436e-16
5171.53  3.4076e-16
5173.02  3.42996e-16
5174.52  3.45168e-16
5176.01  3.47322e-16
5177.51  3.49518e-16
5179     3.51826e-16
5180.5   3.54315e-16
5182     3.57044e-16
5183.49  3.60054e-16
5184.99  3.63365e-16
5186.48  3.66972e-16
5187.98  3.70849e-16
5189.47  3.74952e-16
5190.97  3.79224e-16
5192.46  3.83606e-16
5193.96  3.88044e-16
5195.46  3.92494e-16
5196.95  3.96928e-16
5198.45  4.01339e-16
5199.94  4.05739e-16
5201.44  4.10154e-16
5202.93  4.1462e-16
5204.43  4.19179e-16
5205.92  4.23861e-16
5207.42  4.28688e-16
5208.91  4.33657e-16
5210.41  4.38743e-16
5211.91  4.43895e-16
5213.4   4.49039e-16
5214.9   4.54087e-16
5216.39  4.58945e-16
5217.89  4.63525e-16
5219.38  4.67756e-16
5220.88  4.71597e-16
5222.37  4.75039e-16
5223.87  4.78113e-16
5225.37  4.80881e-16
5226.86  4.83429e-16
5228.36  4.85852e-16
5229.85  4.88245e-16
5231.35  4.90681e-16
5232.84  4.93203e-16
5234.34  4.95821e-16
5235.83  4.98509e-16
5237.33  5.01215e-16
5238.83  5.03872e-16
5240.32  5.06412e-16
5241.82  5.08788e-16
5243.31  5.10979e-16
5244.81  5.13006e-16
5246.3   5.14928e-16
5247.8   5.1684e-16
5249.29  5.18862e-16
5250.79  5.21124e-16
5252.29  5.23748e-16
5253.78  5.26831e-16
5255.28  5.30436e-16
5256.77  5.34584e-16
5258.27  5.39249e-16
5259.76  5.44369e-16
5261.26  5.49852e-16
5262.75  5.5559e-16
5264.25  5.61473e-16
5265.74  5.67399e-16
5267.24  5.73283e-16
5268.74  5.79062e-16
5270.23  5.84691e-16
5271.73  5.90138e-16
5273.22  5.95384e-16
5274.72  6.00408e-16
5276.21  6.0519e-16
5277.71  6.09704e-16
5279.2   6.13923e-16
5280.7   6.17821e-16
5282.2   6.21378e-16
5283.69  6.24586e-16
5285.19  6.27453e-16
5286.68  6.30002e-16
5288.18  6.32274e-16
5289.67  6.34316e-16
5291.17  6.36182e-16
5292.66  6.37918e-16
5294.16  6.39558e-16
5295.66  6.4112e-16
5297.15  6.42602e-16
5298.65  6.43983e-16
5300.14  6.4523e-16
5301.64  6.46299e-16
5303.13  6.47149e-16
5304.63  6.47742e-16
5306.12  6.48054e-16
5307.62  6.48077e-16
5309.12  6.47822e-16
5310.61  6.47312e-16
5312.11  6.46586e-16
5313.6   6.45689e-16
5315.1   6.44669e-16
5316.59  6.43573e-16
5318.09  6.4244e-16
5319.58  6.41299e-16
5321.08  6.40168e-16
5322.57  6.39052e-16
5324.07  6.37947e-16
5325.57  6.36838e-16
5327.06  6.35704e-16
5328.56  6.34523e-16
5330.05  6.33272e-16
5331.55  6.31934e-16
5333.04  6.30499e-16
5334.54  6.2897e-16
5336.03  6.27363e-16
5337.53  6.25707e-16
5339.03  6.24045e-16
5340.52  6.22429e-16
5342.02  6.20922e-16
5343.51  6.19588e-16
5345.01  6.18489e-16
5346.5   6.17682e-16
5348     6.1721e-16
5349.49  6.17106e-16
5350.99  6.17385e-16
5352.49  6.18046e-16
5353.98  6.19076e-16
5355.48  6.20453e-16
5356.97  6.22145e-16
5358.47  6.24122e-16
5359.96  6.26353e-16
5361.46  6.2881e-16
5362.95  6.31471e-16
5364.45  6.34319e-16
5365.95  6.37339e-16
5367.44  6.40515e-16
5368.94  6.43832e-16
5370.43  6.47269e-16
5371.93  6.50799e-16
5373.42  6.54392e-16
5374.92  6.58007e-16
5376.41  6.61601e-16
5377.91  6.65131e-16
5379.4   6.68552e-16
5380.9   6.71824e-16
5382.4   6.74917e-16
5383.89  6.77809e-16
5385.39  6.80496e-16
5386.88  6.82988e-16
5388.38  6.85315e-16
5389.87  6.87526e-16
5391.37  6.89684e-16
5392.86  6.91871e-16
5394.36  6.94177e-16
5395.86  6.96695e-16
5397.35  6.99518e-16
5398.85  7.02727e-16
5400.34  7.06383e-16
5401.84  7.10525e-16
5403.33  7.15162e-16
5404.83  7.20274e-16
5406.32  7.25815e-16
5407.82  7.31718e-16
5409.32  7.37907e-16
5410.81  7.44306e-16
5412.31  7.50848e-16
5413.8   7.57486e-16
5415.3   7.64199e-16
5416.79  7.70986e-16
5418.29  7.77871e-16
5419.78  7.84887e-16
5421.28  7.9207e-16
5422.78  7.99449e-16
5424.27  8.07035e-16
5425.77  8.14814e-16
5427.26  8.22751e-16
5428.76  8.30791e-16
5430.25  8.38866e-16
5431.75  8.46909e-16
5433.24  8.54858e-16
5434.74  8.62671e-16
5436.23  8.70332e-16
5437.73  8.7785e-16
5439.23  8.85259e-16
5440.72  8.92613e-16
5442.22  8.99978e-16
5443.71  9.07424e-16
5445.21  9.1501e-16
5446.7   9.22782e-16
5448.2   9.30763e-16
5449.69  9.38951e-16
5451.19  9.47316e-16
5452.69  9.55805e-16
5454.18  9.64345e-16
5455.68  9.72854e-16
5457.17  9.81246e-16
5458.67  9.89447e-16
5460.16  9.97397e-16
5461.66  1.00506e-15
5463.15  1.01243e-15
5464.65  1.01954e-15
5466.15  1.02641e-15
5467.64  1.03311e-15
5469.14  1.03969e-15
5470.63  1.0462e-15
5472.13  1.05266e-15
5473.62  1.05909e-15
5475.12  1.06544e-15
5476.61  1.07168e-15
5478.11  1.07773e-15
5479.61  1.08351e-15
5481.1   1.08897e-15
5482.6   1.09405e-15
5484.09  1.09871e-15
5485.59  1.10295e-15
5487.08  1.10679e-15
5488.58  1.11026e-15
5490.07  1.1134e-15
5491.57  1.11627e-15
5493.06  1.11889e-15
5494.56  1.12129e-15
5496.06  1.12349e-15
5497.55  1.12547e-15
5499.05  1.12723e-15
5500.54  1.12874e-15
5502.04  1.13e-15
5503.53  1.131e-15
5505.03  1.13176e-15
5506.52  1.1323e-15
5508.02  1.13266e-15
5509.52  1.1329e-15
5511.01  1.13307e-15
5512.51  1.13319e-15
5514     1.13329e-15
5515.5   1.13337e-15
5516.99  1.13339e-15
5518.49  1.13329e-15
5519.98  1.13302e-15
5521.48  1.13249e-15
5522.98  1.13163e-15
5524.47  1.1304e-15
5525.97  1.12878e-15
5527.46  1.1268e-15
5528.96  1.12451e-15
5530.45  1.12201e-15
5531.95  1.11939e-15
5533.44  1.11679e-15
5534.94  1.11428e-15
5536.43  1.11194e-15
5537.93  1.10979e-15
5539.43  1.10782e-15
5540.92  1.10598e-15
5542.42  1.10417e-15
5543.91  1.10229e-15
5545.41  1.10025e-15
5546.9   1.09795e-15
5548.4   1.09535e-15
5549.89  1.09243e-15
5551.39  1.08921e-15
5552.89  1.08575e-15
5554.38  1.08214e-15
5555.88  1.07845e-15
5557.37  1.07478e-15
5558.87  1.07116e-15
5560.36  1.06764e-15
5561.86  1.06419e-15
5563.35  1.06076e-15
5564.85  1.05731e-15
5566.35  1.05374e-15
5567.84  1.04998e-15
5569.34  1.04599e-15
5570.83  1.04175e-15
5572.33  1.03726e-15
5573.82  1.03257e-15
5575.32  1.02775e-15
5576.81  1.02287e-15
5578.31  1.01802e-15
5579.81  1.01324e-15
5581.3   1.00857e-15
5582.8   1.00401e-15
5584.29  9.99518e-16
5585.79  9.95051e-16
5587.28  9.90533e-16
5588.78  9.8589e-16
5590.27  9.81054e-16
5591.77  9.75969e-16
5593.26  9.70604e-16
5594.76  9.64947e-16
5596.26  9.59009e-16
5597.75  9.52816e-16
5599.25  9.46408e-16
5600.74  9.39831e-16
5602.24  9.33133e-16
5603.73  9.26356e-16
5605.23  9.19541e-16
5606.72  9.12716e-16
5608.22  9.05901e-16
5609.72  8.99106e-16
5611.21  8.92327e-16
5612.71  8.8555e-16
5614.2   8.78748e-16
5615.7   8.71881e-16
5617.19  8.64901e-16
5618.69  8.57749e-16
5620.18  8.50368e-16
5621.68  8.427e-16
5623.18  8.347e-16
5624.67  8.26336e-16
5626.17  8.17602e-16
5627.66  8.08511e-16
5629.16  7.99107e-16
5630.65  7.89453e-16
5632.15  7.7963e-16
5633.64  7.69729e-16
5635.14  7.59847e-16
5636.64  7.50071e-16
5638.13  7.40485e-16
5639.63  7.31159e-16
5641.12  7.22152e-16
5642.62  7.13514e-16
5644.11  7.05288e-16
5645.61  6.97511e-16
5647.1   6.90215e-16
5648.6   6.83421e-16
5650.09  6.77138e-16
5651.59  6.71354e-16
5653.09  6.66031e-16
5654.58  6.61101e-16
5656.08  6.56466e-16
5657.57  6.52006e-16
5659.07  6.47589e-16
5660.56  6.43085e-16
5662.06  6.38381e-16
5663.55  6.33403e-16
5665.05  6.28122e-16
5666.55  6.22563e-16
5668.04  6.16804e-16
5669.54  6.10968e-16
5671.03  6.05203e-16
5672.53  5.99666e-16
5674.02  5.94501e-16
5675.52  5.89814e-16
5677.01  5.85669e-16
5678.51  5.82068e-16
5680.01  5.78965e-16
5681.5   5.76268e-16
5683     5.73856e-16
5684.49  5.71604e-16
5685.99  5.69398e-16
5687.48  5.67157e-16
5688.98  5.64843e-16
5690.47  5.62471e-16
5691.97  5.60102e-16
5693.47  5.57835e-16
5694.96  5.55795e-16
5696.46  5.54113e-16
5697.95  5.52909e-16
5699.45  5.52277e-16
5700.94  5.52272e-16
5702.44  5.52907e-16
5703.93  5.54153e-16
5705.43  5.55942e-16
5706.92  5.58185e-16
5708.42  5.60776e-16
5709.92  5.63616e-16
5711.41  5.6662e-16
5712.91  5.69733e-16
5714.4   5.72933e-16
5715.9   5.76234e-16
5717.39  5.7968e-16
5718.89  5.83341e-16
5720.38  5.87297e-16
5721.88  5.91626e-16
5723.38  5.96392e-16
5724.87  6.01632e-16
5726.37  6.07352e-16
5727.86  6.13524e-16
5729.36  6.20092e-16
5730.85  6.26974e-16
5732.35  6.34079e-16
5733.84  6.41314e-16
5735.34  6.48598e-16
5736.84  6.55868e-16
5738.33  6.63085e-16
5739.83  6.70234e-16
5741.32  6.77324e-16
5742.82  6.84376e-16
5744.31  6.91421e-16
5745.81  6.98485e-16
5747.3   7.0559e-16
5748.8   7.1274e-16
5750.3   7.19923e-16
5751.79  7.2711e-16
5753.29  7.34257e-16
5754.78  7.41312e-16
5756.28  7.48218e-16
5757.77  7.54926e-16
5759.27  7.61398e-16
5760.76  7.67613e-16
5762.26  7.73578e-16
5763.75  7.79322e-16
5765.25  7.849e-16
5766.75  7.90391e-16
5768.24  7.95884e-16
5769.74  8.01473e-16
5771.23  8.0724e-16
5772.73  8.13247e-16
5774.22  8.1952e-16
5775.72  8.26045e-16
5777.21  8.32761e-16
5778.71  8.39564e-16
5780.21  8.4632e-16
5781.7   8.52879e-16
5783.2   8.5909e-16
5784.69  8.64825e-16
5786.19  8.69995e-16
5787.68  8.74556e-16
5789.18  8.78518e-16
5790.67  8.81936e-16
5792.17  8.84899e-16
5793.67  8.87511e-16
5795.16  8.89877e-16
5796.66  8.9208e-16
5798.15  8.94176e-16
5799.65  8.96185e-16
5801.14  8.98095e-16
5802.64  8.99869e-16
5804.13  9.0146e-16
5805.63  9.02821e-16
5807.13  9.03918e-16
5808.62  9.04736e-16
5810.12  9.05285e-16
5811.61  9.05591e-16
5813.11  9.05696e-16
5814.6   9.05647e-16
5816.1   9.05487e-16
5817.59  9.05249e-16
5819.09  9.04948e-16
5820.58  9.04585e-16
5822.08  9.04142e-16
5823.58  9.03587e-16
5825.07  9.02876e-16
5826.57  9.01959e-16
5828.06  9.00782e-16
5829.56  8.99295e-16
5831.05  8.97453e-16
5832.55  8.95226e-16
5834.04  8.92601e-16
5835.54  8.89588e-16
5837.04  8.86227e-16
5838.53  8.82588e-16
5840.03  8.78769e-16
5841.52  8.74885e-16
5843.02  8.71059e-16
5844.51  8.67402e-16
5846.01  8.63992e-16
5847.5   8.60854e-16
5849     8.57944e-16
5850.5   8.55148e-16
5851.99  8.5228e-16
5853.49  8.49105e-16
5854.98  8.45369e-16
5856.48  8.40836e-16
5857.97  8.35331e-16
5859.47  8.28773e-16
5860.96  8.21203e-16
5862.46  8.12791e-16
5863.96  8.03823e-16
5865.45  7.94669e-16
5866.95  7.85736e-16
5868.44  7.77415e-16
5869.94  7.70026e-16
5871.43  7.63775e-16
5872.93  7.58731e-16
5874.42  7.54821e-16
5875.92  7.51856e-16
5877.41  7.49567e-16
5878.91  7.47655e-16
5880.41  7.45851e-16
5881.9   7.43954e-16
5883.4   7.41866e-16
5884.89  7.396e-16
5886.39  7.37267e-16
5887.88  7.35054e-16
5889.38  7.33177e-16
5890.87  7.31846e-16
5892.37  7.31225e-16
5893.87  7.31405e-16
5895.36  7.32392e-16
5896.86  7.34111e-16
5898.35  7.36415e-16
5899.85  7.39104e-16
5901.34  7.41951e-16
5902.84  7.44719e-16
5904.33  7.47175e-16
5905.83  7.49102e-16
5907.33  7.50306e-16
5908.82  7.50622e-16
5910.32  7.49916e-16
5911.81  7.48098e-16
5913.31  7.45127e-16
5914.8   7.41028e-16
5916.3   7.3589e-16
5917.79  7.29878e-16
5919.29  7.23223e-16
5920.79  7.16203e-16
5922.28  7.09123e-16
5923.78  7.02283e-16
5925.27  6.95938e-16
5926.77  6.90271e-16
5928.26  6.85371e-16
5929.76  6.81215e-16
5931.25  6.77677e-16
5932.75  6.74544e-16
5934.24  6.71545e-16
5935.74  6.68387e-16
5937.24  6.648e-16
5938.73  6.60565e-16
5940.23  6.55547e-16
5941.72  6.49707e-16
5943.22  6.43103e-16
5944.71  6.35878e-16
5946.21  6.28236e-16
5947.7   6.20412e-16
5949.2   6.12644e-16
5950.7   6.0514e-16
5952.19  5.98061e-16
5953.69  5.91502e-16
5955.18  5.855e-16
5956.68  5.8003e-16
5958.17  5.7503e-16
5959.67  5.70415e-16
5961.16  5.66096e-16
5962.66  5.62e-16
5964.16  5.58076e-16
5965.65  5.54303e-16
5967.15  5.50683e-16
5968.64  5.47237e-16
5970.14  5.43989e-16
5971.63  5.4096e-16
5973.13  5.38156e-16
5974.62  5.35562e-16
5976.12  5.33147e-16
5977.61  5.30869e-16
5979.11  5.28678e-16
5980.61  5.26532e-16
5982.1   5.24402e-16
5983.6   5.22278e-16
5985.09  5.20173e-16
5986.59  5.18116e-16
5988.08  5.16149e-16
5989.58  5.14322e-16
5991.07  5.1268e-16
5992.57  5.11263e-16
5994.07  5.10098e-16
5995.56  5.09199e-16
5997.06  5.08567e-16
5998.55  5.08193e-16
6000.05  5.0806e-16
6001.54  5.08142e-16
6003.04  5.08407e-16
6004.53  5.0882e-16
6006.03  5.09338e-16
6007.53  5.09912e-16
6009.02  5.10493e-16
6010.52  5.1103e-16
6012.01  5.11476e-16
6013.51  5.11798e-16
6015     5.11972e-16
6016.5   5.11997e-16
6017.99  5.11889e-16
6019.49  5.11678e-16
6020.99  5.11406e-16
6022.48  5.11117e-16
6023.98  5.10849e-16
6025.47  5.10624e-16
6026.97  5.10446e-16
6028.46  5.10297e-16
6029.96  5.1014e-16
6031.45  5.09929e-16
6032.95  5.09614e-16
6034.44  5.09156e-16
6035.94  5.08529e-16
6037.44  5.07734e-16
6038.93  5.06795e-16
6040.43  5.05755e-16
6041.92  5.04673e-16
6043.42  5.03612e-16
6044.91  5.0263e-16
6046.41  5.0177e-16
6047.9   5.0106e-16
6049.4   5.00508e-16
6050.9   5.00106e-16
6052.39  4.99839e-16
6053.89  4.99689e-16
6055.38  4.99646e-16
6056.88  4.99708e-16
6058.37  4.99889e-16
6059.87  5.00209e-16
6061.36  5.00696e-16
6062.86  5.01371e-16
6064.36  5.02246e-16
6065.85  5.03314e-16
6067.35  5.04548e-16
6068.84  5.05898e-16
6070.34  5.07299e-16
6071.83  5.0868e-16
6073.33  5.09972e-16
6074.82  5.1112e-16
6076.32  5.12091e-16
6077.82  5.12882e-16
6079.31  5.13522e-16
6080.81  5.14065e-16
6082.3   5.14585e-16
6083.8   5.15167e-16
6085.29  5.15889e-16
6086.79  5.16816e-16
6088.28  5.17984e-16
6089.78  5.19398e-16
6091.27  5.21028e-16
6092.77  5.22814e-16
6094.27  5.2467e-16
6095.76  5.265e-16
6097.26  5.28208e-16
6098.75  5.29709e-16
6100.25  5.30943e-16
6101.74  5.31876e-16
6103.24  5.32503e-16
6104.73  5.32846e-16
6106.23  5.32942e-16
6107.73  5.32832e-16
6109.22  5.32553e-16
6110.72  5.32125e-16
6112.21  5.31543e-16
6113.71  5.30782e-16
6115.2   5.29797e-16
6116.7   5.2853e-16
6118.19  5.26931e-16
6119.69  5.24961e-16
6121.19  5.22615e-16
6122.68  5.19918e-16
6124.18  5.16938e-16
6125.67  5.13776e-16
6127.17  5.10556e-16
6128.66  5.07412e-16
6130.16  5.04472e-16
6131.65  5.0184e-16
6133.15  4.99582e-16
6134.65  4.97721e-16
6136.14  4.96232e-16
6137.64  4.9505e-16
6139.13  4.9408e-16
6140.63  4.93211e-16
6142.12  4.92339e-16
6143.62  4.9138e-16
6145.11  4.90284e-16
6146.61  4.89049e-16
6148.1   4.87719e-16
6149.6   4.86383e-16
6151.1   4.85164e-16
6152.59  4.84205e-16
6154.09  4.83648e-16
6155.58  4.8362e-16
6157.08  4.84217e-16
6158.57  4.85489e-16
6160.07  4.87439e-16
6161.56  4.90025e-16
6163.06  4.93165e-16
6164.56  4.96756e-16
6166.05  5.00683e-16
6167.55  5.04845e-16
6169.04  5.0916e-16
6170.54  5.1358e-16
6172.03  5.18094e-16
6173.53  5.22724e-16
6175.02  5.27514e-16
6176.52  5.32521e-16
6178.02  5.37799e-16
6179.51  5.43382e-16
6181.01  5.49277e-16
6182.5   5.55459e-16
6184     5.61864e-16
6185.49  5.68404e-16
6186.99  5.74967e-16
6188.48  5.81435e-16
6189.98  5.87692e-16
6191.48  5.93637e-16
6192.97  5.99189e-16
6194.47  6.04288e-16
6195.96  6.08896e-16
6197.46  6.12989e-16
6198.95  6.1655e-16
6200.45  6.19563e-16
6201.94  6.22007e-16
6203.44  6.23856e-16
6204.93  6.25082e-16
6206.43  6.2566e-16
6207.93  6.25578e-16
6209.42  6.24845e-16
6210.92  6.23497e-16
6212.41  6.216e-16
6213.91  6.19248e-16
6215.4   6.16552e-16
6216.9   6.1363e-16
6218.39  6.10589e-16
6219.89  6.07516e-16
6221.39  6.04462e-16
6222.88  6.01438e-16
6224.38  5.98421e-16
6225.87  5.95358e-16
6227.37  5.92182e-16
6228.86  5.88831e-16
6230.36  5.85264e-16
6231.85  5.81474e-16
6233.35  5.77493e-16
6234.85  5.73392e-16
6236.34  5.6927e-16
6237.84  5.65234e-16
6239.33  5.61381e-16
6240.83  5.57777e-16
6242.32  5.54442e-16
6243.82  5.51344e-16
6245.31  5.48403e-16
6246.81  5.45505e-16
6248.31  5.42526e-16
6249.8   5.39361e-16
6251.3   5.35948e-16
6252.79  5.32287e-16
6254.29  5.28454e-16
6255.78  5.24592e-16
6257.28  5.20895e-16
6258.77  5.17583e-16
6260.27  5.14862e-16
6261.76  5.12896e-16
6263.26  5.1177e-16
6264.76  5.11481e-16
6266.25  5.11929e-16
6267.75  5.12932e-16
6269.24  5.1425e-16
6270.74  5.1562e-16
6272.23  5.16794e-16
6273.73  5.17571e-16
6275.22  5.17827e-16
6276.72  5.17529e-16
6278.22  5.16732e-16
6279.71  5.15568e-16
6281.21  5.14222e-16
6282.7   5.12906e-16
6284.2   5.11825e-16
6285.69  5.11151e-16
6287.19  5.11008e-16
6288.68  5.11455e-16
6290.18  5.12493e-16
6291.68  5.14072e-16
6293.17  5.16102e-16
6294.67  5.18473e-16
6296.16  5.21072e-16
6297.66  5.23796e-16
6299.15  5.26564e-16
6300.65  5.29316e-16
6302.14  5.3202e-16
6303.64  5.34666e-16
6305.14  5.37261e-16
6306.63  5.39828e-16
6308.13  5.42398e-16
6309.62  5.45011e-16
6311.12  5.47713e-16
6312.61  5.50551e-16
6314.11  5.53572e-16
6315.6   5.56819e-16
6317.1   5.60324e-16
6318.59  5.64102e-16
6320.09  5.68149e-16
6321.59  5.7244e-16
6323.08  5.76924e-16
6324.58  5.81532e-16
6326.07  5.86183e-16
6327.57  5.90791e-16
6329.06  5.95277e-16
6330.56  5.99579e-16
6332.05  6.0366e-16
6333.55  6.07514e-16
6335.05  6.11168e-16
6336.54  6.14677e-16
6338.04  6.18121e-16
6339.53  6.21593e-16
6341.03  6.25185e-16
6342.52  6.28978e-16
6344.02  6.33029e-16
6345.51  6.37361e-16
6347.01  6.41965e-16
6348.51  6.46794e-16
6350     6.51777e-16
6351.5   6.56827e-16
6352.99  6.61856e-16
6354.49  6.66793e-16
6355.98  6.71593e-16
6357.48  6.76251e-16
6358.97  6.80801e-16
6360.47  6.85315e-16
6361.97  6.89891e-16
6363.46  6.94639e-16
6364.96  6.99663e-16
6366.45  7.05044e-16
6367.95  7.10826e-16
6369.44  7.1701e-16
6370.94  7.23549e-16
6372.43  7.30358e-16
6373.93  7.37326e-16
6375.42  7.44333e-16
6376.92  7.51272e-16
6378.42  7.5806e-16
6379.91  7.6466e-16
6381.41  7.7108e-16
6382.9   7.77375e-16
6384.4   7.83639e-16
6385.89  7.89986e-16
6387.39  7.96533e-16
6388.88  8.03382e-16
6390.38  8.10596e-16
6391.88  8.18193e-16
6393.37  8.26138e-16
6394.87  8.34347e-16
6396.36  8.42695e-16
6397.86  8.51036e-16
6399.35  8.59221e-16
6400.85  8.67118e-16
6402.34  8.74632e-16
6403.84  8.81714e-16
6405.34  8.88367e-16
6406.83  8.94643e-16
6408.33  9.00632e-16
6409.82  9.06446e-16
6411.32  9.122e-16
6412.81  9.17992e-16
6414.31  9.2389e-16
6415.8   9.2992e-16
6417.3   9.36064e-16
6418.79  9.42268e-16
6420.29  9.48449e-16
6421.79  9.54513e-16
6423.28  9.60372e-16
6424.78  9.65953e-16
6426.27  9.71212e-16
6427.77  9.76138e-16
6429.26  9.80748e-16
6430.76  9.85077e-16
6432.25  9.89171e-16
6433.75  9.9307e-16
6435.25  9.96797e-16
6436.74  1.00035e-15
6438.24  1.00372e-15
6439.73  1.00684e-15
6441.23  1.00968e-15
6442.72  1.01218e-15
6444.22  1.01433e-15
6445.71  1.01612e-15
6447.21  1.0176e-15
6448.71  1.01886e-15
6450.2   1.02e-15
6451.7   1.02114e-15
6453.19  1.0224e-15
6454.69  1.02386e-15
6456.18  1.02559e-15
6457.68  1.02759e-15
6459.17  1.02984e-15
6460.67  1.0323e-15
6462.17  1.03492e-15
6463.66  1.03767e-15
6465.16  1.04057e-15
6466.65  1.04367e-15
6468.15  1.04705e-15
6469.64  1.05083e-15
6471.14  1.05509e-15
6472.63  1.05987e-15
6474.13  1.06514e-15
6475.62  1.07075e-15
6477.12  1.07644e-15
6478.62  1.08187e-15
6480.11  1.08662e-15
6481.61  1.09028e-15
6483.1   1.09252e-15
6484.6   1.09308e-15
6486.09  1.09193e-15
6487.59  1.08921e-15
6489.08  1.08523e-15
6490.58  1.08051e-15
6492.08  1.07564e-15
6493.57  1.07126e-15
6495.07  1.06792e-15
6496.56  1.06605e-15
6498.06  1.0659e-15
6499.55  1.06747e-15
6501.05  1.07057e-15
6502.54  1.07479e-15
6504.04  1.07961e-15
6505.54  1.08446e-15
6507.03  1.08878e-15
6508.53  1.0921e-15
6510.02  1.09408e-15
6511.52  1.09456e-15
6513.01  1.09353e-15
6514.51  1.09114e-15
6516     1.08766e-15
6517.5   1.08343e-15
6519     1.07883e-15
6520.49  1.07421e-15
6521.99  1.06991e-15
6523.48  1.06617e-15
6524.98  1.06314e-15
6526.47  1.0609e-15
6527.97  1.05942e-15
6529.46  1.0586e-15
6530.96  1.05827e-15
6532.45  1.05823e-15
6533.95  1.05825e-15
6535.45  1.05812e-15
6536.94  1.05765e-15
6538.44  1.05671e-15
6539.93  1.05524e-15
6541.43  1.05323e-15
6542.92  1.05074e-15
6544.42  1.04789e-15
6545.91  1.04483e-15
6547.41  1.04169e-15
6548.91  1.03863e-15
6550.4   1.03573e-15
6551.9   1.03304e-15
6553.39  1.03054e-15
6554.89  1.02815e-15
6556.38  1.02575e-15
6557.88  1.02322e-15
6559.37  1.02041e-15
6560.87  1.01721e-15
6562.37  1.01357e-15
6563.86  1.00948e-15
6565.36  1.00498e-15
6566.85  1.00018e-15
6568.35  9.95192e-16
6569.84  9.90164e-16
6571.34  9.85212e-16
6572.83  9.80421e-16
6574.33  9.75829e-16
6575.83  9.71423e-16
6577.32  9.67143e-16
6578.82  9.62897e-16
6580.31  9.58579e-16
6581.81  9.54088e-16
6583.3   9.49346e-16
6584.8   9.44309e-16
6586.29  9.38976e-16
6587.79  9.33381e-16
6589.28  9.2759e-16
6590.78  9.21684e-16
6592.28  9.15749e-16
6593.77  9.09853e-16
6595.27  9.04047e-16
6596.76  8.98348e-16
6598.26  8.92745e-16
6599.75  8.87197e-16
6601.25  8.81642e-16
6602.74  8.76007e-16
6604.24  8.70217e-16
6605.74  8.64203e-16
6607.23  8.57912e-16
6608.73  8.51315e-16
6610.22  8.44406e-16
6611.72  8.37207e-16
6613.21  8.29762e-16
6614.71  8.22134e-16
6616.2   8.144e-16
6617.7   8.06639e-16
6619.2   7.98924e-16
6620.69  7.91314e-16
6622.19  7.8385e-16
6623.68  7.76546e-16
6625.18  7.69394e-16
6626.67  7.62363e-16
6628.17  7.55405e-16
6629.66  7.48468e-16
6631.16  7.41501e-16
6632.66  7.34467e-16
6634.15  7.27348e-16
6635.65  7.20147e-16
6637.14  7.12894e-16
6638.64  7.05637e-16
6640.13  6.98439e-16
6641.63  6.91365e-16
6643.12  6.84471e-16
6644.62  6.778e-16
6646.11  6.71371e-16
6647.61  6.65178e-16
6649.11  6.59192e-16
6650.6   6.53365e-16
6652.1   6.47639e-16
6653.59  6.4196e-16
6655.09  6.36279e-16
6656.58  6.30569e-16
6658.08  6.24822e-16
6659.57  6.19052e-16
6661.07  6.13289e-16
6662.57  6.07575e-16
6664.06  6.01953e-16
6665.56  5.96459e-16
6667.05  5.91119e-16
6668.55  5.85938e-16
6670.04  5.80909e-16
6671.54  5.76007e-16
6673.03  5.71202e-16
6674.53  5.66462e-16
6676.03  5.61762e-16
6677.52  5.57093e-16
6679.02  5.52463e-16
6680.51  5.47901e-16
6682.01  5.43453e-16
6683.5   5.39178e-16
6685     5.35139e-16
6686.49  5.31391e-16
6687.99  5.27975e-16
6689.49  5.24904e-16
6690.98  5.22164e-16
6692.48  5.19707e-16
6693.97  5.1746e-16
6695.47  5.15329e-16
6696.96  5.13214e-16
6698.46  5.1102e-16
6699.95  5.08671e-16
6701.45  5.06118e-16
6702.94  5.03349e-16
6704.44  5.00386e-16
6705.94  4.9728e-16
6707.43  4.94108e-16
6708.93  4.90952e-16
6710.42  4.87897e-16
6711.92  4.8501e-16
6713.41  4.82339e-16
6714.91  4.79904e-16
6716.4   4.77701e-16
6717.9   4.75703e-16
6719.4   4.73869e-16
6720.89  4.72153e-16
6722.39  4.7051e-16
6723.88  4.68908e-16
6725.38  4.67329e-16
6726.87  4.6577e-16
6728.37  4.64246e-16
6729.86  4.62779e-16
6731.36  4.61396e-16
6732.86  4.60123e-16
6734.35  4.58976e-16
6735.85  4.57959e-16
6737.34  4.57061e-16
6738.84  4.56259e-16
6740.33  4.55522e-16
6741.83  4.54814e-16
6743.32  4.54103e-16
6744.82  4.53363e-16
6746.32  4.5258e-16
6747.81  4.51753e-16
6749.31  4.50891e-16
6750.8   4.5001e-16
6752.3   4.49129e-16
6753.79  4.48265e-16
6755.29  4.47431e-16
6756.78  4.46628e-16
6758.28  4.45856e-16
6759.77  4.45108e-16
6761.27  4.44377e-16
6762.77  4.43661e-16
6764.26  4.42961e-16
6765.76  4.42288e-16
6767.25  4.41652e-16
6768.75  4.41066e-16
6770.24  4.40538e-16
6771.74  4.40063e-16
6773.23  4.39626e-16
6774.73  4.39199e-16
6776.23  4.38744e-16
6777.72  4.38224e-16
6779.22  4.37606e-16
6780.71  4.36876e-16
6782.21  4.36041e-16
6783.7   4.35135e-16
6785.2   4.34217e-16
6786.69  4.33361e-16
6788.19  4.32648e-16
6789.69  4.32147e-16
6791.18  4.31903e-16
6792.68  4.31927e-16
6794.17  4.32185e-16
6795.67  4.32603e-16
6797.16  4.33075e-16
6798.66  4.33477e-16
6800.15  4.33687e-16
6801.65  4.33607e-16
6803.14  4.33178e-16
6804.64  4.32396e-16
6806.14  4.31315e-16
6807.63  4.3004e-16
6809.13  4.2871e-16
6810.62  4.27483e-16
6812.12  4.26503e-16
6813.61  4.25881e-16
6815.11  4.25675e-16
6816.6   4.2588e-16
6818.1   4.26427e-16
6819.6   4.27198e-16
6821.09  4.28043e-16
6822.59  4.28808e-16
6824.08  4.29356e-16
6825.58  4.29594e-16
6827.07  4.2948e-16
6828.57  4.29032e-16
6830.06  4.28316e-16
6831.56  4.27429e-16
6833.06  4.26484e-16
6834.55  4.25583e-16
6836.05  4.248e-16
6837.54  4.24175e-16
6839.04  4.23707e-16
6840.53  4.23362e-16
6842.03  4.23092e-16
6843.52  4.22844e-16
6845.02  4.22579e-16
6846.52  4.22285e-16
6848.01  4.21978e-16
6849.51  4.21699e-16
6851     4.21505e-16
6852.5   4.21452e-16
6853.99  4.21583e-16
6855.49  4.21915e-16
6856.98  4.2243e-16
6858.48  4.2308e-16
6859.97  4.23793e-16
6861.47  4.24487e-16
6862.97  4.25087e-16
6864.46  4.25538e-16
6865.96  4.2582e-16
6867.45  4.25948e-16
6868.95  4.25973e-16
6870.44  4.25966e-16
6871.94  4.2601e-16
6873.43  4.26177e-16
6874.93  4.26513e-16
6876.43  4.27028e-16
6877.92  4.27694e-16
6879.42  4.28445e-16
6880.91  4.29193e-16
6882.41  4.29841e-16
6883.9   4.30305e-16
6885.4   4.30528e-16
6886.89  4.30494e-16
6888.39  4.30228e-16
6889.89  4.29801e-16
6891.38  4.2931e-16
6892.88  4.2887e-16
6894.37  4.28592e-16
6895.87  4.28569e-16
6897.36  4.28859e-16
6898.86  4.29476e-16
6900.35  4.30393e-16
6901.85  4.31541e-16
6903.35  4.32825e-16
6904.84  4.34129e-16
6906.34  4.35339e-16
6907.83  4.36355e-16
6909.33  4.37101e-16
6910.82  4.37535e-16
6912.32  4.37655e-16
6913.81  4.37493e-16
6915.31  4.37114e-16
6916.8   4.36605e-16
6918.3   4.36063e-16
6919.8   4.35581e-16
6921.29  4.35235e-16
6922.79  4.35076e-16
6924.28  4.3512e-16
6925.78  4.35347e-16
6927.27  4.357e-16
6928.77  4.36098e-16
6930.26  4.36441e-16
6931.76  4.3663e-16
6933.26  4.36578e-16
6934.75  4.36228e-16
6936.25  4.35559e-16
6937.74  4.34596e-16
6939.24  4.33405e-16
6940.73  4.32087e-16
6942.23  4.3076e-16
6943.72  4.29544e-16
6945.22  4.2854e-16
6946.72  4.27812e-16
6948.21  4.27374e-16
6949.71  4.27187e-16
6951.2   4.27158e-16
6952.7   4.27159e-16
6954.19  4.27037e-16
6955.69  4.26645e-16
6957.18  4.25859e-16
6958.68  4.24597e-16
6960.18  4.22835e-16
6961.67  4.20605e-16
6963.17  4.17993e-16
6964.66  4.15122e-16
6966.16  4.12135e-16
6967.65  4.09176e-16
6969.15  4.06368e-16
6970.64  4.03798e-16
6972.14  4.01515e-16
6973.63  3.99528e-16
6975.13  3.97811e-16
6976.63  3.96314e-16
6978.12  3.94981e-16
6979.62  3.93751e-16
6981.11  3.92574e-16
6982.61  3.91412e-16
6984.1   3.90238e-16
6985.6   3.89032e-16
6987.09  3.8778e-16
6988.59  3.86469e-16
6990.09  3.85088e-16
6991.58  3.83627e-16
6993.08  3.82081e-16
6994.57  3.80459e-16
6996.07  3.78783e-16
6997.56  3.77093e-16
6999.06  3.75447e-16
7000.55  3.73916e-16
7002.05  3.72577e-16
7003.55  3.71503e-16
7005.04  3.70757e-16
7006.54  3.70374e-16
7008.03  3.70366e-16
7009.53  3.70705e-16
7011.02  3.71335e-16
7012.52  3.72169e-16
7014.01  3.73103e-16
7015.51  3.74022e-16
7017.01  3.74815e-16
7018.5   3.75386e-16
7020     3.75666e-16
7021.49  3.75616e-16
7022.99  3.75236e-16
7024.48  3.74559e-16
7025.98  3.73654e-16
7027.47  3.72612e-16
7028.97  3.71539e-16
7030.46  3.70543e-16
7031.96  3.69722e-16
7033.46  3.69151e-16
7034.95  3.68876e-16
7036.45  3.68906e-16
7037.94  3.69214e-16
7039.44  3.69745e-16
7040.93  3.70417e-16
7042.43  3.71143e-16
7043.92  3.71839e-16
7045.42  3.72436e-16
7046.92  3.72893e-16
7048.41  3.73201e-16
7049.91  3.73376e-16
7051.4   3.73461e-16
7052.9   3.7351e-16
7054.39  3.73576e-16
7055.89  3.73701e-16
7057.38  3.73909e-16
7058.88  3.74196e-16
7060.38  3.74537e-16
7061.87  3.74887e-16
7063.37  3.75192e-16
7064.86  3.754e-16
7066.36  3.7547e-16
7067.85  3.75381e-16
7069.35  3.75139e-16
7070.84  3.74774e-16
7072.34  3.74344e-16
7073.84  3.73925e-16
7075.33  3.73602e-16
7076.83  3.73466e-16
7078.32  3.73599e-16
7079.82  3.74068e-16
7081.31  3.74918e-16
7082.81  3.76162e-16
7084.3   3.77783e-16
7085.8   3.79728e-16
7087.29  3.81911e-16
7088.79  3.8422e-16
7090.29  3.86525e-16
7091.78  3.88694e-16
7093.28  3.90605e-16
7094.77  3.92169e-16
7096.27  3.93341e-16
7097.76  3.94137e-16
7099.26  3.9463e-16
7100.75  3.94953e-16
7102.25  3.95279e-16
7103.75  3.95798e-16
7105.24  3.96692e-16
7106.74  3.98099e-16
7108.23  4.00096e-16
7109.73  4.02678e-16
7111.22  4.05756e-16
7112.72  4.09167e-16
7114.21  4.12701e-16
7115.71  4.16128e-16
7117.21  4.19237e-16
7118.7   4.2187e-16
7120.2   4.23944e-16
7121.69  4.25465e-16
7123.19  4.26519e-16
7124.68  4.2726e-16
7126.18  4.27875e-16
7127.67  4.28546e-16
7129.17  4.29423e-16
7130.67  4.30587e-16
7132.16  4.32044e-16
7133.66  4.33726e-16
7135.15  4.35508e-16
7136.65  4.37241e-16
7138.14  4.3879e-16
7139.64  4.40068e-16
7141.13  4.41062e-16
7142.63  4.41847e-16
7144.12  4.42578e-16
7145.62  4.43461e-16
7147.12  4.4472e-16
7148.61  4.46549e-16
7150.11  4.49074e-16
7151.6   4.52319e-16
7153.1   4.562e-16
7154.59  4.60529e-16
7156.09  4.65042e-16
7157.58  4.69439e-16
7159.08  4.73433e-16
7160.58  4.76792e-16
7162.07  4.79371e-16
7163.57  4.81129e-16
7165.06  4.8213e-16
7166.56  4.82518e-16
7168.05  4.82496e-16
7169.55  4.82284e-16
7171.04  4.82089e-16
7172.54  4.82078e-16
7174.04  4.82366e-16
7175.53  4.83008e-16
7177.03  4.84011e-16
7178.52  4.85347e-16
7180.02  4.86967e-16
7181.51  4.88822e-16
7183.01  4.90865e-16
7184.5   4.93059e-16
7186     4.95374e-16
7187.5   4.97776e-16
7188.99  5.00223e-16
7190.49  5.02653e-16
7191.98  5.04986e-16
7193.48  5.07124e-16
7194.97  5.08967e-16
7196.47  5.10425e-16
7197.96  5.11438e-16
7199.46  5.11994e-16
7200.95  5.12137e-16
7202.45  5.11971e-16
7203.95  5.11643e-16
7205.44  5.11326e-16
7206.94  5.11186e-16
7208.43  5.11345e-16
7209.93  5.11857e-16
7211.42  5.1268e-16
7212.92  5.1368e-16
7214.41  5.14642e-16
7215.91  5.15306e-16
7217.41  5.15418e-16
7218.9   5.14777e-16
7220.4   5.13293e-16
7221.89  5.11015e-16
7223.39  5.08146e-16
7224.88  5.05022e-16
7226.38  5.02077e-16
7227.87  4.99766e-16
7229.37  4.98497e-16
7230.87  4.98547e-16
7232.36  5.00008e-16
7233.86  5.02754e-16
7235.35  5.06441e-16
7236.85  5.10549e-16
7238.34  5.14453e-16
7239.84  5.17522e-16
7241.33  5.19211e-16
7242.83  5.19152e-16
7244.32  5.17219e-16
7245.82  5.13546e-16
7247.32  5.08514e-16
7248.81  5.02687e-16
7250.31  4.96728e-16
7251.8   4.91293e-16
7253.3   4.8693e-16
7254.79  4.83994e-16
7256.29  4.82599e-16
7257.78  4.8261e-16
7259.28  4.83669e-16
7260.78  4.85268e-16
7262.27  4.86833e-16
7263.77  4.87821e-16
7265.26  4.87808e-16
7266.76  4.86555e-16
7268.25  4.84035e-16
7269.75  4.80434e-16
7271.24  4.76115e-16
7272.74  4.71546e-16
7274.24  4.67232e-16
7275.73  4.63626e-16
7277.23  4.61067e-16
7278.72  4.5973e-16
7280.22  4.59605e-16
7281.71  4.60513e-16
7283.21  4.62136e-16
7284.7   4.64079e-16
7286.2   4.65933e-16
7287.7   4.67341e-16
7289.19  4.68052e-16
7290.69  4.67955e-16
7292.18  4.67093e-16
7293.68  4.65647e-16
7295.17  4.63909e-16
7296.67  4.62232e-16
7298.16  4.60977e-16
7299.66  4.60463e-16
7301.15  4.6092e-16
7302.65  4.62461e-16
7304.15  4.6507e-16
7305.64  4.68603e-16
7307.14  4.72815e-16
7308.63  4.77385e-16
7310.13  4.81961e-16
7311.62  4.862e-16
7313.12  4.89812e-16
7314.61  4.92585e-16
7316.11  4.94411e-16
7317.61  4.95291e-16
7319.1   4.95331e-16
7320.6   4.94723e-16
7322.09  4.93718e-16
7323.59  4.92594e-16
7325.08  4.91621e-16
7326.58  4.91031e-16
7328.07  4.90994e-16
7329.57  4.916e-16
7331.07  4.92861e-16
7332.56  4.94713e-16
7334.06  4.97034e-16
7335.55  4.99665e-16
7337.05  5.02436e-16
7338.54  5.05186e-16
7340.04  5.07785e-16
7341.53  5.10146e-16
7343.03  5.12231e-16
7344.53  5.14051e-16
7346.02  5.15655e-16
7347.52  5.17122e-16
7349.01  5.18545e-16
7350.51  5.20019e-16
7352     5.2163e-16
7353.5   5.23446e-16
7354.99  5.25515e-16
7356.49  5.27871e-16
7357.98  5.30531e-16
7359.48  5.33511e-16
7360.98  5.36828e-16
7362.47  5.40505e-16
7363.97  5.44577e-16
7365.46  5.49078e-16
7366.96  5.54037e-16
7368.45  5.59461e-16
7369.95  5.65317e-16
7371.44  5.71516e-16
7372.94  5.77905e-16
7374.44  5.84267e-16
7375.93  5.90333e-16
7377.43  5.95807e-16
7378.92  6.00399e-16
7380.42  6.03867e-16
7381.91  6.06054e-16
7383.41  6.06919e-16
7384.9   6.06553e-16
7386.4   6.05175e-16
7387.9   6.03111e-16
7389.39  6.00752e-16
7390.89  5.98502e-16
7392.38  5.96728e-16
7393.88  5.95709e-16
7395.37  5.95601e-16
7396.87  5.96427e-16
7398.36  5.98076e-16
7399.86  6.00337e-16
7401.36  6.02933e-16
7402.85  6.05571e-16
7404.35  6.07986e-16
7405.84  6.09978e-16
7407.34  6.11436e-16
7408.83  6.12345e-16
7410.33  6.12772e-16
7411.82  6.12846e-16
7413.32  6.12724e-16
7414.81  6.12558e-16
7416.31  6.12465e-16
7417.81  6.12508e-16
7419.3   6.12688e-16
7420.8   6.12948e-16
7422.29  6.13189e-16
7423.79  6.13293e-16
7425.28  6.13147e-16
7426.78  6.12665e-16
7428.27  6.11807e-16
7429.77  6.10579e-16
7431.27  6.09033e-16
7432.76  6.07254e-16
7434.26  6.05339e-16
7435.75  6.03377e-16
7437.25  6.01435e-16
7438.74  5.99538e-16
7440.24  5.9767e-16
7441.73  5.95771e-16
7443.23  5.93758e-16
7444.73  5.91529e-16
7446.22  5.88988e-16
7447.72  5.86061e-16
7449.21  5.82702e-16
7450.71  5.78907e-16
7452.2   5.74702e-16
7453.7   5.70145e-16
7455.19  5.65309e-16
7456.69  5.60271e-16
7458.19  5.55101e-16
7459.68  5.49851e-16
7461.18  5.44555e-16
7462.67  5.39226e-16
7464.17  5.33871e-16
7465.66  5.28491e-16
7467.16  5.23093e-16
7468.65  5.17701e-16
7470.15  5.12353e-16
7471.64  5.07103e-16
7473.14  5.02016e-16
7474.64  4.97153e-16
7476.13  4.92569e-16
7477.63  4.88293e-16
7479.12  4.8433e-16
7480.62  4.80657e-16
7482.11  4.77224e-16
7483.61  4.73969e-16
7485.1   4.70825e-16
7486.6   4.67738e-16
7488.1   4.64675e-16
7489.59  4.61632e-16
7491.09  4.58637e-16
7492.58  4.55745e-16
7494.08  4.53028e-16
7495.57  4.50562e-16
7497.07  4.48411e-16
7498.56  4.4662e-16
7500.06  4.45205e-16
7501.56  4.44149e-16
7503.05  4.43411e-16
7504.55  4.42932e-16
7506.04  4.42647e-16
7507.54  4.42493e-16
7509.03  4.42419e-16
7510.53  4.42389e-16
7512.02  4.42378e-16
7513.52  4.42375e-16
7515.02  4.42374e-16
7516.51  4.42374e-16
7518.01  4.42374e-16