3667.45  9.25562e-16
3668.92  9.27424e-16
3670.4   9.30273e-16
3671.88  9.3359e-16
3673.36  9.36768e-16
3674.84  9.39239e-16
3676.32  9.40607e-16
3677.8   9.40762e-16
3679.28  9.3993e-16
3680.75  9.38667e-16
3682.23  9.37767e-16
3683.71  9.38112e-16
3685.19  9.40485e-16
3686.67  9.4538e-16
3688.15  9.5285e-16
3689.63  9.62423e-16
3691.11  9.73116e-16
3692.59  9.83532e-16
3694.06  9.92053e-16
3695.54  9.97085e-16
3697.02  9.97308e-16
3698.5   9.91912e-16
3699.98  9.80756e-16
3701.46  9.64431e-16
3702.94  9.44218e-16
3704.42  9.21933e-16
3705.89  8.99702e-16
3707.37  8.79671e-16
3708.85  8.6373e-16
3710.33  8.53257e-16
3711.81  8.48949e-16
3713.29  8.50744e-16
3714.77  8.57841e-16
3716.25  8.68832e-16
3717.73  8.81898e-16
3719.2   8.9506e-16
3720.68  9.06442e-16
3722.16  9.14507e-16
3723.64  9.18244e-16
3725.12  9.17268e-16
3726.6   9.11836e-16
3728.08  9.02766e-16
3729.56  8.91286e-16
3731.03  8.78824e-16
3732.51  8.6679e-16
3733.99  8.56378e-16
3735.47  8.48425e-16
3736.95  8.43339e-16
3738.43  8.41123e-16
3739.91  8.41461e-16
3741.39  8.43851e-16
3742.86  8.47755e-16
3744.34  8.52713e-16
3745.82  8.5841e-16
3747.3   8.64672e-16
3748.78  8.71399e-16
3750.26  8.78451e-16
3751.74  8.85533e-16
3753.22  8.92096e-16
3754.7   8.9731e-16
3756.17  9.00112e-16
3757.65  8.99339e-16
3759.13  8.93925e-16
3760.61  8.83126e-16
3762.09  8.66734e-16
3763.57  8.45222e-16
3765.05  8.19785e-16
3766.53  7.92266e-16
3768     7.64951e-16
3769.48  7.40272e-16
3770.96  7.20457e-16
3772.44  7.07181e-16
3773.92  7.01291e-16
3775.4   7.02638e-16
3776.88  7.10067e-16
3778.36  7.21563e-16
3779.83  7.34535e-16
3781.31  7.46198e-16
3782.79  7.53995e-16
3784.27  7.55986e-16
3785.75  7.5114e-16
3787.23  7.39497e-16
3788.71  7.22158e-16
3790.19  7.01108e-16
3791.67  6.7892e-16
3793.14  6.5836e-16
3794.62  6.41987e-16
3796.1   6.31786e-16
3797.58  6.28906e-16
3799.06  6.3353e-16
3800.54  6.449e-16
3802.02  6.61477e-16
3803.5   6.81207e-16
3804.97  7.01842e-16
3806.45  7.2127e-16
3807.93  7.37784e-16
3809.41  7.50269e-16
3810.89  7.5827e-16
3812.37  7.6195e-16
3813.85  7.61948e-16
3815.33  7.59182e-16
3816.81  7.54638e-16
3818.28  7.49184e-16
3819.76  7.43457e-16
3821.24  7.37829e-16
3822.72  7.32455e-16
3824.2   7.27391e-16
3825.68  7.22734e-16
3827.16  7.1876e-16
3828.64  7.16003e-16
3830.11  7.15262e-16
3831.59  7.17526e-16
3833.07  7.23819e-16
3834.55  7.34998e-16
3836.03  7.51555e-16
3837.51  7.73454e-16
3838.99  8.00052e-16
3840.47  8.30133e-16
3841.94  8.6204e-16
3843.42  8.93915e-16
3844.9   9.23977e-16
3846.38  9.50809e-16
3847.86  9.73585e-16
3849.34  9.92201e-16
3850.82  1.00727e-15
3852.3   1.01998e-15
3853.78  1.03186e-15
3855.25  1.04448e-15
3856.73  1.05907e-15
3858.21  1.07633e-15
3859.69  1.09621e-15
3861.17  1.11788e-15
3862.65  1.13989e-15
3864.13  1.16033e-15
3865.61  1.17723e-15
3867.08  1.18884e-15
3868.56  1.19398e-15
3870.04  1.19223e-15
3871.52  1.18408e-15
3873     1.17086e-15
3874.48  1.15456e-15
3875.96  1.1376e-15
3877.44  1.12247e-15
3878.92  1.11143e-15
3880.39  1.10616e-15
3881.87  1.10763e-15
3883.35  1.11595e-15
3884.83  1.13043e-15
3886.31  1.14965e-15
3887.79  1.17177e-15
3889.27  1.19472e-15
3890.75  1.21654e-15
3892.22  1.2356e-15
3893.7   1.25083e-15
3895.18  1.2618e-15
3896.66  1.26878e-15
3898.14  1.27259e-15
3899.62  1.27449e-15
3901.1   1.27596e-15
3902.58  1.27842e-15
3904.05  1.28302e-15
3905.53  1.29045e-15
3907.01  1.30081e-15
3908.49  1.31357e-15
3909.97  1.32766e-15
3911.45  1.34161e-15
3912.93  1.35372e-15
3914.41  1.3624e-15
3915.89  1.36636e-15
3917.36  1.36486e-15
3918.84  1.35784e-15
3920.32  1.34602e-15
3921.8   1.33078e-15
3923.28  1.31405e-15
3924.76  1.29803e-15
3926.24  1.28494e-15
3927.72  1.27667e-15
3929.19  1.2746e-15
3930.67  1.2794e-15
3932.15  1.29095e-15
3933.63  1.30848e-15
3935.11  1.33064e-15
3936.59  1.35577e-15
3938.07  1.38213e-15
3939.55  1.40814e-15
3941.03  1.43251e-15
3942.5   1.45436e-15
3943.98  1.47316e-15
3945.46  1.48866e-15
3946.94  1.50075e-15
3948.42  1.50933e-15
3949.9   1.51418e-15
3951.38  1.51493e-15
3952.86  1.51112e-15
3954.33  1.5023e-15
3955.81  1.48821e-15
3957.29  1.46896e-15
3958.77  1.44512e-15
3960.25  1.41785e-15
3961.73  1.38881e-15
3963.21  1.36e-15
3964.69  1.3336e-15
3966.16  1.31162e-15
3967.64  1.2957e-15
3969.12  1.28687e-15
3970.6   1.28543e-15
3972.08  1.29096e-15
3973.56  1.3024e-15
3975.04  1.31821e-15
3976.52  1.33664e-15
3978     1.35598e-15
3979.47  1.37467e-15
3980.95  1.39155e-15
3982.43  1.40582e-15
3983.91  1.41707e-15
3985.39  1.4252e-15
3986.87  1.43029e-15
3988.35  1.43251e-15
3989.83  1.43204e-15
3991.3   1.42901e-15
3992.78  1.42355e-15
3994.26  1.41583e-15
3995.74  1.40608e-15
3997.22  1.39473e-15
3998.7   1.38236e-15
4000.18  1.36976e-15
4001.66  1.3578e-15
4003.14  1.34736e-15
4004.61  1.33916e-15
4006.09  1.33368e-15
4007.57  1.331e-15
4009.05  1.3308e-15
4010.53  1.33234e-15
4012.01  1.3346e-15
4013.49  1.3364e-15
4014.97  1.33661e-15
4016.44  1.33432e-15
4017.92  1.329e-15
4019.4   1.32062e-15
4020.88  1.30963e-15
4022.36  1.29694e-15
4023.84  1.28375e-15
4025.32  1.2714e-15
4026.8   1.26114e-15
4028.27  1.25398e-15
4029.75  1.25052e-15
4031.23  1.25088e-15
4032.71  1.25475e-15
4034.19  1.26137e-15
4035.67  1.26975e-15
4037.15  1.27876e-15
4038.63  1.28732e-15
4040.11  1.29454e-15
4041.58  1.29982e-15
4043.06  1.3029e-15
4044.54  1.30387e-15
4046.02  1.30313e-15
4047.5   1.30124e-15
4048.98  1.29891e-15
4050.46  1.29678e-15
4051.94  1.29539e-15
4053.41  1.29504e-15
4054.89  1.29578e-15
4056.37  1.29736e-15
4057.85  1.29932e-15
4059.33  1.30102e-15
4060.81  1.30178e-15
4062.29  1.30096e-15
4063.77  1.29813e-15
4065.25  1.29313e-15
4066.72  1.28613e-15
4068.2   1.27759e-15
4069.68  1.26827e-15
4071.16  1.25903e-15
4072.64  1.25075e-15
4074.12  1.24413e-15
4075.6   1.23958e-15
4077.08  1.23711e-15
4078.55  1.23632e-15
4080.03  1.23645e-15
4081.51  1.23649e-15
4082.99  1.23539e-15
4084.47  1.23221e-15
4085.95  1.22636e-15
4087.43  1.21767e-15
4088.91  1.2065e-15
4090.38  1.19372e-15
4091.86  1.18055e-15
4093.34  1.16842e-15
4094.82  1.15876e-15
4096.3   1.1527e-15
4097.78  1.15098e-15
4099.26  1.15374e-15
4100.74  1.16053e-15
4102.22  1.17033e-15
4103.69  1.18176e-15
4105.17  1.1932e-15
4106.65  1.20311e-15
4108.13  1.21021e-15
4109.61  1.21367e-15
4111.09  1.21323e-15
4112.57  1.2092e-15
4114.05  1.2024e-15
4115.52  1.19402e-15
4117     1.1854e-15
4118.48  1.17783e-15
4119.96  1.17234e-15
4121.44  1.1696e-15
4122.92  1.16978e-15
4124.4   1.17263e-15
4125.88  1.1775e-15
4127.36  1.1835e-15
4128.83  1.18965e-15
4130.31  1.19504e-15
4131.79  1.19896e-15
4133.27  1.201e-15
4134.75  1.20106e-15
4136.23  1.19938e-15
4137.71  1.1964e-15
4139.19  1.19275e-15
4140.66  1.18907e-15
4142.14  1.18598e-15
4143.62  1.18396e-15
4145.1   1.18332e-15
4146.58  1.18419e-15
4148.06  1.18658e-15
4149.54  1.19035e-15
4151.02  1.19532e-15
4152.49  1.20125e-15
4153.97  1.20795e-15
4155.45  1.2152e-15
4156.93  1.22285e-15
4158.41  1.23071e-15
4159.89  1.23863e-15
4161.37  1.24645e-15
4162.85  1.25402e-15
4164.33  1.26117e-15
4165.8   1.26781e-15
4167.28  1.27385e-15
4168.76  1.27927e-15
4170.24  1.28408e-15
4171.72  1.28832e-15
4173.2   1.29202e-15
4174.68  1.29517e-15
4176.16  1.29773e-15
4177.63  1.29957e-15
4179.11  1.30055e-15
4180.59  1.30049e-15
4182.07  1.29925e-15
4183.55  1.2968e-15
4185.03  1.29323e-15
4186.51  1.28879e-15
4187.99  1.28391e-15
4189.46  1.27912e-15
4190.94  1.27503e-15
4192.42  1.27222e-15
4193.9   1.27115e-15
4195.38  1.27208e-15
4196.86  1.27502e-15
4198.34  1.27972e-15
4199.82  1.28569e-15
4201.3   1.29229e-15
4202.77  1.29879e-15
4204.25  1.30452e-15
4205.73  1.30895e-15
4207.21  1.31171e-15
4208.69  1.3127e-15
4210.17  1.31203e-15
4211.65  1.30997e-15
4213.13  1.30691e-15
4214.6   1.30327e-15
4216.08  1.29947e-15
4217.56  1.29583e-15
4219.04  1.29264e-15
4220.52  1.29007e-15
4222     1.2883e-15
4223.48  1.28744e-15
4224.96  1.28761e-15
4226.44  1.28891e-15
4227.91  1.29138e-15
4229.39  1.29501e-15
4230.87  1.29966e-15
4232.35  1.30508e-15
4233.83  1.31084e-15
4235.31  1.31643e-15
4236.79  1.32127e-15
4238.27  1.32478e-15
4239.74  1.3265e-15
4241.22  1.32614e-15
4242.7   1.32365e-15
4244.18  1.31923e-15
4245.66  1.31335e-15
4247.14  1.30663e-15
4248.62  1.2998e-15
4250.1   1.29355e-15
4251.57  1.2885e-15
4253.05  1.28503e-15
4254.53  1.28331e-15
4256.01  1.28329e-15
4257.49  1.28471e-15
4258.97  1.28723e-15
4260.45  1.29048e-15
4261.93  1.29417e-15
4263.41  1.29814e-15
4264.88  1.30241e-15
4266.36  1.30715e-15
4267.84  1.31259e-15
4269.32  1.31901e-15
4270.8   1.32657e-15
4272.28  1.33532e-15
4273.76  1.34507e-15
4275.24  1.35543e-15
4276.71  1.36584e-15
4278.19  1.37564e-15
4279.67  1.38416e-15
4281.15  1.39082e-15
4282.63  1.39521e-15
4284.11  1.39714e-15
4285.59  1.39663e-15
4287.07  1.39395e-15
4288.55  1.38951e-15
4290.02  1.38384e-15
4291.5   1.37751e-15
4292.98  1.37108e-15
4294.46  1.36504e-15
4295.94  1.35985e-15
4297.42  1.35588e-15
4298.9   1.35342e-15
4300.38  1.35273e-15
4301.85  1.35398e-15
4303.33  1.35725e-15
4304.81  1.36255e-15
4306.29  1.36974e-15
4307.77  1.37854e-15
4309.25  1.38853e-15
4310.73  1.39914e-15
4312.21  1.40974e-15
4313.68  1.41963e-15
4315.16  1.42816e-15
4316.64  1.43474e-15
4318.12  1.43896e-15
4319.6   1.44056e-15
4321.08  1.43948e-15
4322.56  1.4358e-15
4324.04  1.42973e-15
4325.52  1.42153e-15
4326.99  1.41149e-15
4328.47  1.39991e-15
4329.95  1.38704e-15
4331.43  1.37311e-15
4332.91  1.35838e-15
4334.39  1.3431e-15
4335.87  1.32761e-15
4337.35  1.31228e-15
4338.82  1.29753e-15
4340.3   1.2838e-15
4341.78  1.27149e-15
4343.26  1.2609e-15
4344.74  1.25225e-15
4346.22  1.24555e-15
4347.7   1.2407e-15
4349.18  1.23747e-15
4350.66  1.23555e-15
4352.13  1.23463e-15
4353.61  1.23445e-15
4355.09  1.23484e-15
4356.57  1.23574e-15
4358.05  1.23718e-15
4359.53  1.23923e-15
4361.01  1.24188e-15
4362.49  1.24505e-15
4363.96  1.24845e-15
4365.44  1.25158e-15
4366.92  1.25374e-15
4368.4   1.25414e-15
4369.88  1.25194e-15
4371.36  1.24647e-15
4372.84  1.23728e-15
4374.32  1.22434e-15
4375.79  1.20802e-15
4377.27  1.18909e-15
4378.75  1.16868e-15
4380.23  1.14808e-15
4381.71  1.12861e-15
4383.19  1.11139e-15
4384.67  1.09723e-15
4386.15  1.08651e-15
4387.63  1.07916e-15
4389.1   1.07473e-15
4390.58  1.07248e-15
4392.06  1.07155e-15
4393.54  1.07111e-15
4395.02  1.07054e-15
4396.5   1.06949e-15
4397.98  1.06792e-15
4399.46  1.06611e-15
4400.93  1.06454e-15
4402.41  1.06379e-15
4403.89  1.06439e-15
4405.37  1.06673e-15
4406.85  1.07096e-15
4408.33  1.07693e-15
4409.81  1.0842e-15
4411.29  1.09214e-15
4412.77  1.09996e-15
4414.24  1.10687e-15
4415.72  1.11221e-15
4417.2   1.11552e-15
4418.68  1.11662e-15
4420.16  1.11567e-15
4421.64  1.11314e-15
4423.12  1.10972e-15
4424.6   1.10626e-15
4426.07  1.10362e-15
4427.55  1.10257e-15
4429.03  1.10365e-15
4430.51  1.10713e-15
4431.99  1.11292e-15
4433.47  1.12063e-15
4434.95  1.12956e-15
4436.43  1.13887e-15
4437.9   1.14761e-15
4439.38  1.15487e-15
4440.86  1.15991e-15
4442.34  1.16223e-15
4443.82  1.1616e-15
4445.3   1.15814e-15
4446.78  1.15226e-15
4448.26  1.14465e-15
4449.74  1.13618e-15
4451.21  1.12782e-15
4452.69  1.12059e-15
4454.17  1.11541e-15
4455.65  1.11305e-15
4457.13  1.11406e-15
4458.61  1.11872e-15
4460.09  1.12698e-15
4461.57  1.13852e-15
4463.04  1.15276e-15
4464.52  1.1689e-15
4466     1.186e-15
4467.48  1.20312e-15
4468.96  1.21937e-15
4470.44  1.23403e-15
4471.92  1.24661e-15
4473.4   1.25691e-15
4474.88  1.26497e-15
4476.35  1.27112e-15
4477.83  1.27585e-15
4479.31  1.27979e-15
4480.79  1.28357e-15
4482.27  1.28779e-15
4483.75  1.29294e-15
4485.23  1.29935e-15
4486.71  1.30723e-15
4488.18  1.31662e-15
4489.66  1.32747e-15
4491.14  1.33963e-15
4492.62  1.35291e-15
4494.1   1.36711e-15
4495.58  1.38198e-15
4497.06  1.39731e-15
4498.54  1.41284e-15
4500.01  1.42832e-15
4501.49  1.44351e-15
4502.97  1.45814e-15
4504.45  1.47197e-15
4505.93  1.48481e-15
4507.41  1.49653e-15
4508.89  1.50707e-15
4510.37  1.51653e-15
4511.85  1.52511e-15
4513.32  1.53317e-15
4514.8   1.54118e-15
4516.28  1.54975e-15
4517.76  1.5595e-15
4519.24  1.57109e-15
4520.72  1.58507e-15
4522.2   1.60185e-15
4523.68  1.6216e-15
4525.15  1.64423e-15
4526.63  1.66936e-15
4528.11  1.69633e-15
4529.59  1.72428e-15
4531.07  1.75226e-15
4532.55  1.77935e-15
4534.03  1.80479e-15
4535.51  1.82813e-15
4536.99  1.84928e-15
4538.46  1.86854e-15
4539.94  1.88656e-15
4541.42  1.90423e-15
4542.9   1.92252e-15
4544.38  1.94233e-15
4545.86  1.96428e-15
4547.34  1.98864e-15
4548.82  2.0152e-15
4550.29  2.04336e-15
4551.77  2.07216e-15
4553.25  2.10047e-15
4554.73  2.12713e-15
4556.21  2.15114e-15
4557.69  2.17182e-15
4559.17  2.18888e-15
4560.65  2.20248e-15
4562.12  2.21314e-15
4563.6   2.22166e-15
4565.08  2.22897e-15
4566.56  2.23598e-15
4568.04  2.24346e-15
4569.52  2.25189e-15
4571     2.26143e-15
4572.48  2.27195e-15
4573.96  2.28302e-15
4575.43  2.29405e-15
4576.91  2.30437e-15
4578.39  2.31337e-15
4579.87  2.3206e-15
4581.35  2.32581e-15
4582.83  2.32903e-15
4584.31  2.33055e-15
4585.79  2.33089e-15
4587.26  2.33075e-15
4588.74  2.33095e-15
4590.22  2.33233e-15
4591.7   2.33568e-15
4593.18  2.34165e-15
4594.66  2.35072e-15
4596.14  2.36308e-15
4597.62  2.37867e-15
4599.09  2.39712e-15
4600.57  2.4178e-15
4602.05  2.43986e-15
4603.53  2.46236e-15
4605.01  2.48431e-15
4606.49  2.50489e-15
4607.97  2.52352e-15
4609.45  2.53996e-15
4610.93  2.55441e-15
4612.4   2.5674e-15
4613.88  2.57982e-15
4615.36  2.59267e-15
4616.84  2.60694e-15
4618.32  2.62339e-15
4619.8   2.64234e-15
4621.28  2.66354e-15
4622.76  2.68615e-15
4624.23  2.70871e-15
4625.71  2.72933e-15
4627.19  2.74582e-15
4628.67  2.75601e-15
4630.15  2.75796e-15
4631.63  2.75027e-15
4633.11  2.7322e-15
4634.59  2.70385e-15
4636.07  2.66613e-15
4637.54  2.62067e-15
4639.02  2.56969e-15
4640.5   2.5157e-15
4641.98  2.46126e-15
4643.46  2.40866e-15
4644.94  2.35977e-15
4646.42  2.31577e-15
4647.9   2.27717e-15
4649.37  2.24375e-15
4650.85  2.21473e-15
4652.33  2.18893e-15
4653.81  2.16496e-15
4655.29  2.14148e-15
4656.77  2.1174e-15
4658.25  2.09201e-15
4659.73  2.06505e-15
4661.2   2.03677e-15
4662.68  2.00778e-15
4664.16  1.97899e-15
4665.64  1.95142e-15
4667.12  1.92602e-15
4668.6   1.90356e-15
4670.08  1.88445e-15
4671.56  1.86871e-15
4673.04  1.85596e-15
4674.51  1.84548e-15
4675.99  1.83628e-15
4677.47  1.82726e-15
4678.95  1.81735e-15
4680.43  1.80561e-15
4681.91  1.7914e-15
4683.39  1.77439e-15
4684.87  1.7546e-15
4686.34  1.73238e-15
4687.82  1.70836e-15
4689.3   1.68329e-15
4690.78  1.65801e-15
4692.26  1.63331e-15
4693.74  1.60985e-15
4695.22  1.58816e-15
4696.7   1.56856e-15
4698.18  1.55127e-15
4699.65  1.53637e-15
4701.13  1.52392e-15
4702.61  1.51396e-15
4704.09  1.50653e-15
4705.57  1.50167e-15
4707.05  1.49937e-15
4708.53  1.49949e-15
4710.01  1.50169e-15
4711.48  1.50541e-15
4712.96  1.50984e-15
4714.44  1.51396e-15
4715.92  1.51662e-15
4717.4   1.51673e-15
4718.88  1.51335e-15
4720.36  1.50593e-15
4721.84  1.49439e-15
4723.31  1.47917e-15
4724.79  1.46125e-15
4726.27  1.44203e-15
4727.75  1.42312e-15
4729.23  1.40615e-15
4730.71  1.39253e-15
4732.19  1.38323e-15
4733.67  1.37863e-15
4735.15  1.37851e-15
4736.62  1.38206e-15
4738.1   1.38803e-15
4739.58  1.39494e-15
4741.06  1.40128e-15
4742.54  1.40577e-15
4744.02  1.40751e-15
4745.5   1.40614e-15
4746.98  1.40181e-15
4748.45  1.39516e-15
4749.93  1.38719e-15
4751.41  1.37913e-15
4752.89  1.37219e-15
4754.37  1.36745e-15
4755.85  1.36574e-15
4757.33  1.36752e-15
4758.81  1.37291e-15
4760.29  1.3817e-15
4761.76  1.39344e-15
4763.24  1.4075e-15
4764.72  1.42322e-15
4766.2   1.43994e-15
4767.68  1.4571e-15
4769.16  1.47426e-15
4770.64  1.49112e-15
4772.12  1.50753e-15
4773.59  1.52344e-15
4775.07  1.53889e-15
4776.55  1.55398e-15
4778.03  1.56884e-15
4779.51  1.58358e-15
4780.99  1.59829e-15
4782.47  1.61298e-15
4783.95  1.62762e-15
4785.42  1.64206e-15
4786.9   1.65608e-15
4788.38  1.66942e-15
4789.86  1.68177e-15
4791.34  1.69284e-15
4792.82  1.70242e-15
4794.3   1.71038e-15
4795.78  1.71672e-15
4797.26  1.72155e-15
4798.73  1.72511e-15
4800.21  1.72765e-15
4801.69  1.72944e-15
4803.17  1.73067e-15
4804.65  1.7314e-15
4806.13  1.73153e-15
4807.61  1.7308e-15
4809.09  1.72885e-15
4810.56  1.72527e-15
4812.04  1.7197e-15
4813.52  1.71191e-15
4815     1.70189e-15
4816.48  1.68988e-15
4817.96  1.67638e-15
4819.44  1.66211e-15
4820.92  1.64792e-15
4822.4   1.63468e-15
4823.87  1.62315e-15
4825.35  1.61385e-15
4826.83  1.607e-15
4828.31  1.60245e-15
4829.79  1.59971e-15
4831.27  1.59803e-15
4832.75  1.59651e-15
4834.23  1.59427e-15
4835.7   1.59065e-15
4837.18  1.58533e-15
4838.66  1.57846e-15
4840.14  1.57071e-15
4841.62  1.56319e-15
4843.1   1.55736e-15
4844.58  1.55476e-15
4846.06  1.55682e-15
4847.53  1.56456e-15
4849.01  1.57839e-15
4850.49  1.59796e-15
4851.97  1.62212e-15
4853.45  1.64908e-15
4854.93  1.67656e-15
4856.41  1.70216e-15
4857.89  1.7237e-15
4859.37  1.73954e-15
4860.84  1.74885e-15
4862.32  1.75175e-15
4863.8   1.74929e-15
4865.28  1.74328e-15
4866.76  1.73602e-15
4868.24  1.72995e-15
4869.72  1.72728e-15
4871.2   1.72968e-15
4872.67  1.73812e-15
4874.15  1.75269e-15
4875.63  1.77276e-15
4877.11  1.7971e-15
4878.59  1.82411e-15
4880.07  1.85215e-15
4881.55  1.87979e-15
4883.03  1.90598e-15
4884.51  1.93024e-15
4885.98  1.95264e-15
4887.46  1.97369e-15
4888.94  1.99427e-15
4890.42  2.01534e-15
4891.9   2.0378e-15
4893.38  2.06223e-15
4894.86  2.08884e-15
4896.34  2.11734e-15
4897.81  2.147e-15
4899.29  2.17673e-15
4900.77  2.20526e-15
4902.25  2.23132e-15
4903.73  2.25384e-15
4905.21  2.27213e-15
4906.69  2.28596e-15
4908.17  2.29567e-15
4909.64  2.30207e-15
4911.12  2.30633e-15
4912.6   2.30986e-15
4914.08  2.31405e-15
4915.56  2.32011e-15
4917.04  2.32886e-15
4918.52  2.34065e-15
4920     2.35531e-15
4921.48  2.37217e-15
4922.95  2.39018e-15
4924.43  2.40807e-15
4925.91  2.42455e-15
4927.39  2.43841e-15
4928.87  2.44873e-15
4930.35  2.45491e-15
4931.83  2.45671e-15
4933.31  2.45421e-15
4934.78  2.44774e-15
4936.26  2.43777e-15
4937.74  2.4248e-15
4939.22  2.40931e-15
4940.7   2.3917e-15
4942.18  2.37226e-15
4943.66  2.35121e-15
4945.14  2.32871e-15
4946.62  2.30492e-15
4948.09  2.28003e-15
4949.57  2.25426e-15
4951.05  2.22787e-15
4952.53  2.20116e-15
4954.01  2.1744e-15
4955.49  2.14783e-15
4956.97  2.12161e-15
4958.45  2.09583e-15
4959.92  2.07049e-15
4961.4   2.04553e-15
4962.88  2.02085e-15
4964.36  1.99635e-15
4965.84  1.97197e-15
4967.32  1.94771e-15
4968.8   1.92367e-15
4970.28  1.90003e-15
4971.75  1.87705e-15
4973.23  1.85502e-15
4974.71  1.83427e-15
4976.19  1.81506e-15
4977.67  1.79758e-15
4979.15  1.78194e-15
4980.63  1.7681e-15
4982.11  1.75592e-15
4983.59  1.74518e-15
4985.06  1.7356e-15
4986.54  1.72691e-15
4988.02  1.71883e-15
4989.5   1.71115e-15
4990.98  1.70369e-15
4992.46  1.69629e-15
4993.94  1.6888e-15
4995.42  1.68104e-15
4996.89  1.67278e-15
4998.37  1.66376e-15
4999.85  1.65371e-15
5001.33  1.64242e-15
5002.81  1.62977e-15
5004.29  1.61583e-15
5005.77  1.60089e-15
5007.25  1.58544e-15
5008.72  1.57019e-15
5010.2   1.55597e-15
5011.68  1.54359e-15
5013.16  1.53373e-15
5014.64  1.52683e-15
5016.12  1.52295e-15
5017.6   1.52176e-15
5019.08  1.52254e-15
5020.56  1.52426e-15
5022.03  1.52575e-15
5023.51  1.52585e-15
5024.99  1.52361e-15
5026.47  1.51845e-15
5027.95  1.51023e-15
5029.43  1.49932e-15
5030.91  1.48654e-15
5032.39  1.47299e-15
5033.86  1.45991e-15
5035.34  1.44846e-15
5036.82  1.43953e-15
5038.3   1.43361e-15
5039.78  1.43069e-15
5041.26  1.43031e-15
5042.74  1.4316e-15
5044.22  1.4335e-15
5045.7   1.43491e-15
5047.17  1.43488e-15
5048.65  1.43277e-15
5050.13  1.42837e-15
5051.61  1.42189e-15
5053.09  1.41394e-15
5054.57  1.40535e-15
5056.05  1.3971e-15
5057.53  1.39006e-15
5059     1.38488e-15
5060.48  1.38185e-15
5061.96  1.3809e-15
5063.44  1.38159e-15
5064.92  1.38323e-15
5066.4   1.38498e-15
5067.88  1.38607e-15
5069.36  1.3859e-15
5070.83  1.38417e-15
5072.31  1.38091e-15
5073.79  1.37649e-15
5075.27  1.37152e-15
5076.75  1.36673e-15
5078.23  1.36281e-15
5079.71  1.36031e-15
5081.19  1.35947e-15
5082.67  1.36022e-15
5084.14  1.36216e-15
5085.62  1.36464e-15
5087.1   1.36687e-15
5088.58  1.36808e-15
5090.06  1.36765e-15
5091.54  1.36522e-15
5093.02  1.36077e-15
5094.5   1.35464e-15
5095.97  1.34744e-15
5097.45  1.33999e-15
5098.93  1.33317e-15
5100.41  1.32779e-15
5101.89  1.32441e-15
5103.37  1.32332e-15
5104.85  1.32444e-15
5106.33  1.32736e-15
5107.81  1.33137e-15
5109.28  1.33563e-15
5110.76  1.33929e-15
5112.24  1.34159e-15
5113.72  1.34203e-15
5115.2   1.34044e-15
5116.68  1.33697e-15
5118.16  1.33211e-15
5119.64  1.32657e-15
5121.11  1.32117e-15
5122.59  1.31671e-15
5124.07  1.31385e-15
5125.55  1.31301e-15
5127.03  1.3143e-15
5128.51  1.31757e-15
5129.99  1.3224e-15
5131.47  1.32825e-15
5132.94  1.33453e-15
5134.42  1.34073e-15
5135.9   1.34648e-15
5137.38  1.35166e-15
5138.86  1.35635e-15
5140.34  1.36078e-15
5141.82  1.36533e-15
5143.3   1.37033e-15
5144.78  1.37602e-15
5146.25  1.38247e-15
5147.73  1.38951e-15
5149.21  1.39674e-15
5150.69  1.40358e-15
5152.17  1.40939e-15
5153.65  1.41353e-15
5155.13  1.41556e-15
5156.61  1.41527e-15
5158.08  1.41279e-15
5159.56  1.4086e-15
5161.04  1.40347e-15
5162.52  1.39837e-15
5164     1.39433e-15
5165.48  1.39231e-15
5166.96  1.39306e-15
5168.44  1.39699e-15
5169.92  1.40419e-15
5171.39  1.41439e-15
5172.87  1.42707e-15
5174.35  1.44156e-15
5175.83  1.45718e-15
5177.31  1.47333e-15
5178.79  1.48964e-15
5180.27  1.50594e-15
5181.75  1.52228e-15
5183.22  1.53887e-15
5184.7   1.55598e-15
5186.18  1.57383e-15
5187.66  1.59247e-15
5189.14  1.61181e-15
5190.62  1.63152e-15
5192.1   1.65112e-15
5193.58  1.67005e-15
5195.05  1.68779e-15
5196.53  1.70395e-15
5198.01  1.71836e-15
5199.49  1.73111e-15
5200.97  1.74255e-15
5202.45  1.75318e-15
5203.93  1.76359e-15
5205.41  1.77433e-15
5206.89  1.78578e-15
5208.36  1.79808e-15
5209.84  1.81109e-15
5211.32  1.82444e-15
5212.8   1.8376e-15
5214.28  1.85001e-15
5215.76  1.86118e-15
5217.24  1.87081e-15
5218.72  1.87889e-15
5220.19  1.88567e-15
5221.67  1.89164e-15
5223.15  1.89745e-15
5224.63  1.90375e-15
5226.11  1.91111e-15
5227.59  1.91989e-15
5229.07  1.93023e-15
5230.55  1.94198e-15
5232.03  1.95485e-15
5233.5   1.96845e-15
5234.98  1.98241e-15
5236.46  1.99651e-15
5237.94  2.01074e-15
5239.42  2.02529e-15
5240.9   2.04052e-15
5242.38  2.05684e-15
5243.86  2.0746e-15
5245.33  2.0939e-15
5246.81  2.11457e-15
5248.29  2.13605e-15
5249.77  2.15747e-15
5251.25  2.17776e-15
5252.73  2.19579e-15
5254.21  2.21064e-15
5255.69  2.22173e-15
5257.16  2.22899e-15
5258.64  2.23294e-15
5260.12  2.23462e-15
5261.6   2.23549e-15
5263.08  2.2372e-15
5264.56  2.2413e-15
5266.04  2.24906e-15
5267.52  2.26119e-15
5269     2.27779e-15
5270.47  2.29826e-15
5271.95  2.32145e-15
5273.43  2.34583e-15
5274.91  2.36969e-15
5276.39  2.39145e-15
5277.87  2.40985e-15
5279.35  2.42414e-15
5280.83  2.43411e-15
5282.3   2.44011e-15
5283.78  2.44297e-15
5285.26  2.44376e-15
5286.74  2.44367e-15
5288.22  2.44381e-15
5289.7   2.44503e-15
5291.18  2.44785e-15
5292.66  2.45242e-15
5294.14  2.45858e-15
5295.61  2.46587e-15
5297.09  2.47369e-15
5298.57  2.48139e-15
5300.05  2.48835e-15
5301.53  2.49407e-15
5303.01  2.4982e-15
5304.49  2.50054e-15
5305.97  2.50102e-15
5307.44  2.49967e-15
5308.92  2.49657e-15
5310.4   2.49187e-15
5311.88  2.4857e-15
5313.36  2.47823e-15
5314.84  2.46963e-15
5316.32  2.46011e-15
5317.8   2.44992e-15
5319.27  2.43935e-15
5320.75  2.42871e-15
5322.23  2.4183e-15
5323.71  2.40842e-15
5325.19  2.39929e-15
5326.67  2.39109e-15
5328.15  2.3839e-15
5329.63  2.37775e-15
5331.11  2.37264e-15
5332.58  2.36855e-15
5334.06  2.36551e-15
5335.54  2.36362e-15
5337.02  2.36301e-15
5338.5   2.36388e-15
5339.98  2.36642e-15
5341.46  2.37075e-15
5342.94  2.37687e-15
5344.41  2.38457e-15
5345.89  2.39344e-15
5347.37  2.40285e-15
5348.85  2.41203e-15
5350.33  2.42013e-15
5351.81  2.4264e-15
5353.29  2.43028e-15
5354.77  2.43158e-15
5356.25  2.43047e-15
5357.72  2.42759e-15
5359.2   2.42389e-15
5360.68  2.4206e-15
5362.16  2.41899e-15
5363.64  2.42018e-15
5365.12  2.42497e-15
5366.6   2.4337e-15
5368.08  2.44616e-15
5369.55  2.46164e-15
5371.03  2.479e-15
5372.51  2.4969e-15
5373.99  2.51391e-15
5375.47  2.52882e-15
5376.95  2.54075e-15
5378.43  2.54927e-15
5379.91  2.55451e-15
5381.38  2.55702e-15
5382.86  2.55775e-15
5384.34  2.55784e-15
5385.82  2.5585e-15
5387.3   2.56077e-15
5388.78  2.56547e-15
5390.26  2.57307e-15
5391.74  2.58368e-15
5393.22  2.59711e-15
5394.69  2.61294e-15
5396.17  2.6306e-15
5397.65  2.64954e-15
5399.13  2.66928e-15
5400.61  2.68948e-15
5402.09  2.70998e-15
5403.57  2.73074e-15
5405.05  2.7518e-15
5406.52  2.77323e-15
5408     2.79504e-15
5409.48  2.8171e-15
5410.96  2.83917e-15
5412.44  2.86091e-15
5413.92  2.88187e-15
5415.4   2.90164e-15
5416.88  2.91988e-15
5418.35  2.93639e-15
5419.83  2.95119e-15
5421.31  2.96447e-15
5422.79  2.9766e-15
5424.27  2.98807e-15
5425.75  2.99937e-15
5427.23  3.01092e-15
5428.71  3.02299e-15
5430.19  3.03568e-15
5431.66  3.04886e-15
5433.14  3.06225e-15
5434.62  3.07546e-15
5436.1   3.08807e-15
5437.58  3.09974e-15
5439.06  3.11021e-15
5440.54  3.11942e-15
5442.02  3.12746e-15
5443.49  3.13455e-15
5444.97  3.14099e-15
5446.45  3.14709e-15
5447.93  3.15312e-15
5449.41  3.15923e-15
5450.89  3.16546e-15
5452.37  3.17175e-15
5453.85  3.17795e-15
5455.33  3.18389e-15
5456.8   3.18941e-15
5458.28  3.19445e-15
5459.76  3.199e-15
5461.24  3.20313e-15
5462.72  3.20697e-15
5464.2   3.21064e-15
5465.68  3.21419e-15
5467.16  3.2176e-15
5468.63  3.22075e-15
5470.11  3.22343e-15
5471.59  3.22541e-15
5473.07  3.22651e-15
5474.55  3.22663e-15
5476.03  3.22591e-15
5477.51  3.22465e-15
5478.99  3.22336e-15
5480.46  3.22268e-15
5481.94  3.22323e-15
5483.42  3.22551e-15
5484.9   3.22977e-15
5486.38  3.23588e-15
5487.86  3.24331e-15
5489.34  3.25117e-15
5490.82  3.25829e-15
5492.3   3.26342e-15
5493.77  3.26542e-15
5495.25  3.26345e-15
5496.73  3.25717e-15
5498.21  3.24682e-15
5499.69  3.23319e-15
5501.17  3.21756e-15
5502.65  3.20154e-15
5504.13  3.18676e-15
5505.6   3.17471e-15
5507.08  3.16646e-15
5508.56  3.1625e-15
5510.04  3.16269e-15
5511.52  3.16626e-15
5513     3.17194e-15
5514.48  3.17814e-15
5515.96  3.1832e-15
5517.44  3.18564e-15
5518.91  3.18436e-15
5520.39  3.17881e-15
5521.87  3.16905e-15
5523.35  3.1557e-15
5524.83  3.13989e-15
5526.31  3.12301e-15
5527.79  3.10655e-15
5529.27  3.09186e-15
5530.74  3.07996e-15
5532.22  3.07144e-15
5533.7   3.06635e-15
5535.18  3.0643e-15
5536.66  3.06446e-15
5538.14  3.06578e-15
5539.62  3.06713e-15
5541.1   3.06744e-15
5542.57  3.06588e-15
5544.05  3.0619e-15
5545.53  3.0553e-15
5547.01  3.0462e-15
5548.49  3.03496e-15
5549.97  3.02212e-15
5551.45  3.00831e-15
5552.93  2.99412e-15
5554.41  2.98011e-15
5555.88  2.9667e-15
5557.36  2.95423e-15
5558.84  2.94287e-15
5560.32  2.93274e-15
5561.8   2.9238e-15
5563.28  2.91595e-15
5564.76  2.909e-15
5566.24  2.90268e-15
5567.71  2.89665e-15
5569.19  2.89051e-15
5570.67  2.88385e-15
5572.15  2.8763e-15
5573.63  2.86753e-15
5575.11  2.85735e-15
5576.59  2.8457e-15
5578.07  2.83263e-15
5579.55  2.81836e-15
5581.02  2.80319e-15
5582.5   2.78748e-15
5583.98  2.77159e-15
5585.46  2.75588e-15
5586.94  2.74064e-15
5588.42  2.72612e-15
5589.9   2.71248e-15
5591.38  2.69987e-15
5592.85  2.68834e-15
5594.33  2.67793e-15
5595.81  2.66856e-15
5597.29  2.66012e-15
5598.77  2.65235e-15
5600.25  2.6449e-15
5601.73  2.63734e-15
5603.21  2.62916e-15
5604.68  2.61988e-15
5606.16  2.60907e-15
5607.64  2.59645e-15
5609.12  2.58194e-15
5610.6   2.56571e-15
5612.08  2.54814e-15
5613.56  2.52981e-15
5615.04  2.5114e-15
5616.52  2.49361e-15
5617.99  2.47708e-15
5619.47  2.46226e-15
5620.95  2.44936e-15
5622.43  2.43835e-15
5623.91  2.42896e-15
5625.39  2.42074e-15
5626.87  2.41312e-15
5628.35  2.40554e-15
5629.82  2.39753e-15
5631.3   2.38876e-15
5632.78  2.37911e-15
5634.26  2.36864e-15
5635.74  2.3576e-15
5637.22  2.34633e-15
5638.7   2.33521e-15
5640.18  2.32456e-15
5641.66  2.31458e-15
5643.13  2.30532e-15
5644.61  2.29664e-15
5646.09  2.28825e-15
5647.57  2.27978e-15
5649.05  2.2708e-15
5650.53  2.26094e-15
5652.01  2.24994e-15
5653.49  2.23771e-15
5654.96  2.22432e-15
5656.44  2.21005e-15
5657.92  2.19529e-15
5659.4   2.18053e-15
5660.88  2.16628e-15
5662.36  2.153e-15
5663.84  2.14106e-15
5665.32  2.13067e-15
5666.79  2.12191e-15
5668.27  2.11467e-15
5669.75  2.10873e-15
5671.23  2.10378e-15
5672.71  2.09942e-15
5674.19  2.0953e-15
5675.67  2.09107e-15
5677.15  2.08645e-15
5678.63  2.08126e-15
5680.1   2.07538e-15
5681.58  2.06878e-15
5683.06  2.06149e-15
5684.54  2.05357e-15
5686.02  2.0451e-15
5687.5   2.03618e-15
5688.98  2.02694e-15
5690.46  2.01751e-15
5691.93  2.00805e-15
5693.41  1.99879e-15
5694.89  1.99e-15
5696.37  1.98198e-15
5697.85  1.97506e-15
5699.33  1.96956e-15
5700.81  1.96576e-15
5702.29  1.96382e-15
5703.77  1.96383e-15
5705.24  1.96572e-15
5706.72  1.96928e-15
5708.2   1.97422e-15
5709.68  1.98016e-15
5711.16  1.9867e-15
5712.64  1.99349e-15
5714.12  2.00025e-15
5715.6   2.00682e-15
5717.07  2.01317e-15
5718.55  2.01937e-15
5720.03  2.0256e-15
5721.51  2.0321e-15
5722.99  2.03908e-15
5724.47  2.04673e-15
5725.95  2.05513e-15
5727.43  2.06427e-15
5728.9   2.07401e-15
5730.38  2.08413e-15
5731.86  2.09432e-15
5733.34  2.1043e-15
5734.82  2.11382e-15
5736.3   2.1227e-15
5737.78  2.13091e-15
5739.26  2.13853e-15
5740.74  2.14576e-15
5742.21  2.1529e-15
5743.69  2.16027e-15
5745.17  2.16819e-15
5746.65  2.17691e-15
5748.13  2.18655e-15
5749.61  2.19715e-15
5751.09  2.20862e-15
5752.57  2.22079e-15
5754.04  2.23343e-15
5755.52  2.2463e-15
5757     2.25919e-15
5758.48  2.27189e-15
5759.96  2.28427e-15
5761.44  2.29618e-15
5762.92  2.30751e-15
5764.4   2.31814e-15
5765.88  2.32794e-15
5767.35  2.33679e-15
5768.83  2.34463e-15
5770.31  2.35145e-15
5771.79  2.35734e-15
5773.27  2.36258e-15
5774.75  2.36753e-15
5776.23  2.37271e-15
5777.71  2.37871e-15
5779.18  2.38613e-15
5780.66  2.39548e-15
5782.14  2.4071e-15
5783.62  2.42112e-15
5785.1   2.43735e-15
5786.58  2.45536e-15
5788.06  2.47442e-15
5789.54  2.49361e-15
5791.01  2.51191e-15
5792.49  2.52832e-15
5793.97  2.54197e-15
5795.45  2.55221e-15
5796.93  2.55876e-15
5798.41  2.56173e-15
5799.89  2.56165e-15
5801.37  2.55944e-15
5802.85  2.55634e-15
5804.32  2.55379e-15
5805.8   2.55325e-15
5807.28  2.55607e-15
5808.76  2.56327e-15
5810.24  2.57544e-15
5811.72  2.59263e-15
5813.2   2.61434e-15
5814.68  2.63956e-15
5816.15  2.66686e-15
5817.63  2.69462e-15
5819.11  2.72121e-15
5820.59  2.74518e-15
5822.07  2.76547e-15
5823.55  2.78155e-15
5825.03  2.79342e-15
5826.51  2.80162e-15
5827.98  2.80712e-15
5829.46  2.81112e-15
5830.94  2.8149e-15
5832.42  2.81961e-15
5833.9   2.82609e-15
5835.38  2.83479e-15
5836.86  2.84572e-15
5838.34  2.85848e-15
5839.82  2.87234e-15
5841.29  2.88635e-15
5842.77  2.89946e-15
5844.25  2.91071e-15
5845.73  2.91922e-15
5847.21  2.9244e-15
5848.69  2.92589e-15
5850.17  2.92364e-15
5851.65  2.9179e-15
5853.12  2.90919e-15
5854.6   2.89829e-15
5856.08  2.88619e-15
5857.56  2.87402e-15
5859.04  2.863e-15
5860.52  2.8543e-15
5862     2.84893e-15
5863.48  2.84762e-15
5864.96  2.85066e-15
5866.43  2.85781e-15
5867.91  2.86822e-15
5869.39  2.88048e-15
5870.87  2.89264e-15
5872.35  2.90246e-15
5873.83  2.90757e-15
5875.31  2.90586e-15
5876.79  2.8957e-15
5878.26  2.87627e-15
5879.74  2.84773e-15
5881.22  2.81134e-15
5882.7   2.76937e-15
5884.18  2.72491e-15
5885.66  2.68157e-15
5887.14  2.643e-15
5888.62  2.61251e-15
5890.09  2.5926e-15
5891.57  2.58464e-15
5893.05  2.58868e-15
5894.53  2.60344e-15
5896.01  2.62647e-15
5897.49  2.65445e-15
5898.97  2.68364e-15
5900.45  2.71033e-15
5901.93  2.73128e-15
5903.4   2.74413e-15
5904.88  2.74755e-15
5906.36  2.74136e-15
5907.84  2.7264e-15
5909.32  2.70433e-15
5910.8   2.67722e-15
5912.28  2.64729e-15
5913.76  2.6165e-15
5915.23  2.58634e-15
5916.71  2.55766e-15
5918.19  2.53065e-15
5919.67  2.50498e-15
5921.15  2.47993e-15
5922.63  2.45467e-15
5924.11  2.42848e-15
5925.59  2.40092e-15
5927.07  2.372e-15
5928.54  2.34218e-15
5930.02  2.31227e-15
5931.5   2.28336e-15
5932.98  2.25655e-15
5934.46  2.23282e-15
5935.94  2.2128e-15
5937.42  2.19668e-15
5938.9   2.18416e-15
5940.37  2.17449e-15
5941.85  2.16654e-15
5943.33  2.15906e-15
5944.81  2.1508e-15
5946.29  2.14074e-15
5947.77  2.12826e-15
5949.25  2.11326e-15
5950.73  2.09611e-15
5952.2   2.07769e-15
5953.68  2.05917e-15
5955.16  2.04186e-15
5956.64  2.02698e-15
5958.12  2.01545e-15
5959.6   2.0077e-15
5961.08  2.00365e-15
5962.56  2.00263e-15
5964.04  2.0035e-15
5965.51  2.00487e-15
5966.99  2.00525e-15
5968.47  2.00336e-15
5969.95  1.9983e-15
5971.43  1.98974e-15
5972.91  1.97799e-15
5974.39  1.96395e-15
5975.87  1.94899e-15
5977.34  1.93472e-15
5978.82  1.92278e-15
5980.3   1.91457e-15
5981.78  1.91104e-15
5983.26  1.91254e-15
5984.74  1.91881e-15
5986.22  1.92898e-15
5987.7   1.94176e-15
5989.18  1.95559e-15
5990.65  1.96886e-15
5992.13  1.98013e-15
5993.61  1.98831e-15
5995.09  1.99272e-15
5996.57  1.99315e-15
5998.05  1.98982e-15
5999.53  1.9833e-15
6001.01  1.9744e-15
6002.48  1.964e-15
6003.96  1.95296e-15
6005.44  1.94205e-15
6006.92  1.93181e-15
6008.4   1.9226e-15
6009.88  1.91456e-15
6011.36  1.90766e-15
6012.84  1.90169e-15
6014.31  1.89638e-15
6015.79  1.89138e-15
6017.27  1.88632e-15
6018.75  1.88088e-15
6020.23  1.87477e-15
6021.71  1.86783e-15
6023.19  1.86e-15
6024.67  1.85139e-15
6026.15  1.84227e-15
6027.62  1.83308e-15
6029.1   1.82441e-15
6030.58  1.8169e-15
6032.06  1.81123e-15
6033.54  1.80798e-15
6035.02  1.80755e-15
6036.5   1.81005e-15
6037.98  1.81533e-15
6039.45  1.82285e-15
6040.93  1.83184e-15
6042.41  1.84133e-15
6043.89  1.85029e-15
6045.37  1.8578e-15
6046.85  1.86317e-15
6048.33  1.86607e-15
6049.81  1.86658e-15
6051.29  1.86519e-15
6052.76  1.86274e-15
6054.24  1.86024e-15
6055.72  1.85879e-15
6057.2   1.85932e-15
6058.68  1.86248e-15
6060.16  1.86853e-15
6061.64  1.87729e-15
6063.12  1.88817e-15
6064.59  1.90023e-15
6066.07  1.91238e-15
6067.55  1.92349e-15
6069.03  1.93262e-15
6070.51  1.9391e-15
6071.99  1.94265e-15
6073.47  1.94341e-15
6074.95  1.94191e-15
6076.42  1.93892e-15
6077.9   1.93537e-15
6079.38  1.93217e-15
6080.86  1.93009e-15
6082.34  1.92959e-15
6083.82  1.9308e-15
6085.3   1.93351e-15
6086.78  1.93719e-15
6088.26  1.9411e-15
6089.73  1.94443e-15
6091.21  1.9464e-15
6092.69  1.94639e-15
6094.17  1.94401e-15
6095.65  1.93919e-15
6097.13  1.93209e-15
6098.61  1.92311e-15
6100.09  1.91279e-15
6101.56  1.90169e-15
6103.04  1.89032e-15
6104.52  1.87905e-15
6106     1.8681e-15
6107.48  1.85752e-15
6108.96  1.84726e-15
6110.44  1.83715e-15
6111.92  1.82704e-15
6113.4   1.81683e-15
6114.87  1.80645e-15
6116.35  1.79597e-15
6117.83  1.78552e-15
6119.31  1.77526e-15
6120.79  1.7654e-15
6122.27  1.75612e-15
6123.75  1.74755e-15
6125.23  1.73981e-15
6126.7   1.73295e-15
6128.18  1.72701e-15
6129.66  1.72204e-15
6131.14  1.71809e-15
6132.62  1.71528e-15
6134.1   1.71375e-15
6135.58  1.71366e-15
6137.06  1.71521e-15
6138.53  1.71855e-15
6140.01  1.72379e-15
6141.49  1.73095e-15
6142.97  1.73996e-15
6144.45  1.75063e-15
6145.93  1.76269e-15
6147.41  1.77581e-15
6148.89  1.78964e-15
6150.37  1.80384e-15
6151.84  1.81816e-15
6153.32  1.83241e-15
6154.8   1.84653e-15
6156.28  1.86054e-15
6157.76  1.87455e-15
6159.24  1.88869e-15
6160.72  1.90309e-15
6162.2   1.91782e-15
6163.67  1.93289e-15
6165.15  1.94821e-15
6166.63  1.9636e-15
6168.11  1.97883e-15
6169.59  1.99362e-15
6171.07  2.00769e-15
6172.55  2.02075e-15
6174.03  2.03254e-15
6175.51  2.04282e-15
6176.98  2.0514e-15
6178.46  2.05808e-15
6179.94  2.06271e-15
6181.42  2.06523e-15
6182.9   2.06564e-15
6184.38  2.06406e-15
6185.86  2.06079e-15
6187.34  2.05627e-15
6188.81  2.0511e-15
6190.29  2.04593e-15
6191.77  2.04144e-15
6193.25  2.03819e-15
6194.73  2.03652e-15
6196.21  2.03647e-15
6197.69  2.03777e-15
6199.17  2.03978e-15
6200.64  2.04166e-15
6202.12  2.04238e-15
6203.6   2.04098e-15
6205.08  2.03662e-15
6206.56  2.0288e-15
6208.04  2.01738e-15
6209.52  2.00264e-15
6211     1.98523e-15
6212.48  1.96609e-15
6213.95  1.9463e-15
6215.43  1.92697e-15
6216.91  1.90911e-15
6218.39  1.8935e-15
6219.87  1.88067e-15
6221.35  1.87081e-15
6222.83  1.86384e-15
6224.31  1.8594e-15
6225.78  1.85696e-15
6227.26  1.85584e-15
6228.74  1.8553e-15
6230.22  1.85464e-15
6231.7   1.85323e-15
6233.18  1.85057e-15
6234.66  1.84638e-15
6236.14  1.84057e-15
6237.61  1.83331e-15
6239.09  1.82496e-15
6240.57  1.81609e-15
6242.05  1.80737e-15
6243.53  1.79949e-15
6245.01  1.7931e-15
6246.49  1.78868e-15
6247.97  1.78649e-15
6249.45  1.78654e-15
6250.92  1.78856e-15
6252.4   1.7921e-15
6253.88  1.79655e-15
6255.36  1.80128e-15
6256.84  1.80571e-15
6258.32  1.80943e-15
6259.8   1.81226e-15
6261.28  1.8142e-15
6262.75  1.8155e-15
6264.23  1.81649e-15
6265.71  1.81754e-15
6267.19  1.81896e-15
6268.67  1.8209e-15
6270.15  1.8233e-15
6271.63  1.82593e-15
6273.11  1.8284e-15
6274.59  1.83027e-15
6276.06  1.83118e-15
6277.54  1.83091e-15
6279.02  1.82953e-15
6280.5   1.82738e-15
6281.98  1.82508e-15
6283.46  1.82343e-15
6284.94  1.82331e-15
6286.42  1.82552e-15
6287.89  1.83064e-15
6289.37  1.83889e-15
6290.85  1.85007e-15
6292.33  1.86357e-15
6293.81  1.87845e-15
6295.29  1.89352e-15
6296.77  1.90758e-15
6298.25  1.91953e-15
6299.72  1.92859e-15
6301.2   1.9344e-15
6302.68  1.93711e-15
6304.16  1.93731e-15
6305.64  1.93603e-15
6307.12  1.93454e-15
6308.6   1.9342e-15
6310.08  1.93624e-15
6311.56  1.94161e-15
6313.03  1.95084e-15
6314.51  1.96393e-15
6315.99  1.98034e-15
6317.47  1.99908e-15
6318.95  2.01884e-15
6320.43  2.03815e-15
6321.91  2.05562e-15
6323.39  2.07012e-15
6324.86  2.08102e-15
6326.34  2.08822e-15
6327.82  2.09225e-15
6329.3   2.09416e-15
6330.78  2.0954e-15
6332.26  2.0976e-15
6333.74  2.10229e-15
6335.22  2.11069e-15
6336.7   2.12348e-15
6338.17  2.14071e-15
6339.65  2.16177e-15
6341.13  2.18548e-15
6342.61  2.21032e-15
6344.09  2.23461e-15
6345.57  2.25682e-15
6347.05  2.27584e-15
6348.53  2.29109e-15
6350     2.30261e-15
6351.48  2.31107e-15
6352.96  2.31757e-15
6354.44  2.32348e-15
6355.92  2.33017e-15
6357.4   2.3388e-15
6358.88  2.35009e-15
6360.36  2.36428e-15
6361.83  2.38111e-15
6363.31  2.39987e-15
6364.79  2.41958e-15
6366.27  2.43918e-15
6367.75  2.45772e-15
6369.23  2.47448e-15
6370.71  2.48905e-15
6372.19  2.5014e-15
6373.67  2.51175e-15
6375.14  2.52051e-15
6376.62  2.52814e-15
6378.1   2.53507e-15
6379.58  2.54159e-15
6381.06  2.54784e-15
6382.54  2.55382e-15
6384.02  2.55948e-15
6385.5   2.5648e-15
6386.97  2.56984e-15
6388.45  2.57484e-15
6389.93  2.5802e-15
6391.41  2.58643e-15
6392.89  2.59407e-15
6394.37  2.60356e-15
6395.85  2.61511e-15
6397.33  2.62858e-15
6398.81  2.64345e-15
6400.28  2.65884e-15
6401.76  2.67355e-15
6403.24  2.68627e-15
6404.72  2.69576e-15
6406.2   2.70106e-15
6407.68  2.70168e-15
6409.16  2.69778e-15
6410.64  2.69013e-15
6412.11  2.68011e-15
6413.59  2.66951e-15
6415.07  2.66033e-15
6416.55  2.65447e-15
6418.03  2.65344e-15
6419.51  2.65821e-15
6420.99  2.669e-15
6422.47  2.68529e-15
6423.94  2.70595e-15
6425.42  2.72936e-15
6426.9   2.7537e-15
6428.38  2.77723e-15
6429.86  2.79847e-15
6431.34  2.81645e-15
6432.82  2.83071e-15
6434.3   2.84139e-15
6435.78  2.84902e-15
6437.25  2.85447e-15
6438.73  2.85869e-15
6440.21  2.86254e-15
6441.69  2.86665e-15
6443.17  2.87137e-15
6444.65  2.87667e-15
6446.13  2.88226e-15
6447.61  2.88763e-15
6449.08  2.89225e-15
6450.56  2.8956e-15
6452.04  2.89737e-15
6453.52  2.8975e-15
6455     2.89616e-15
6456.48  2.8938e-15
6457.96  2.89102e-15
6459.44  2.8885e-15
6460.92  2.88688e-15
6462.39  2.8867e-15
6463.87  2.88828e-15
6465.35  2.8917e-15
6466.83  2.89681e-15
6468.31  2.90321e-15
6469.79  2.91033e-15
6471.27  2.91752e-15
6472.75  2.92408e-15
6474.22  2.92937e-15
6475.7   2.93292e-15
6477.18  2.93441e-15
6478.66  2.93378e-15
6480.14  2.93119e-15
6481.62  2.92703e-15
6483.1   2.92185e-15
6484.58  2.91633e-15
6486.05  2.91113e-15
6487.53  2.90689e-15
6489.01  2.90412e-15
6490.49  2.90316e-15
6491.97  2.90419e-15
6493.45  2.90721e-15
6494.93  2.9121e-15
6496.41  2.91866e-15
6497.89  2.92664e-15
6499.36  2.93581e-15
6500.84  2.94591e-15
6502.32  2.95665e-15
6503.8   2.96765e-15
6505.28  2.9784e-15
6506.76  2.98818e-15
6508.24  2.99608e-15
6509.72  3.00103e-15
6511.19  3.00196e-15
6512.67  2.99794e-15
6514.15  2.98845e-15
6515.63  2.97358e-15
6517.11  2.95418e-15
6518.59  2.93199e-15
6520.07  2.9095e-15
6521.55  2.88972e-15
6523.03  2.87576e-15
6524.5   2.87033e-15
6525.98  2.87513e-15
6527.46  2.89043e-15
6528.94  2.91473e-15
6530.42  2.94475e-15
6531.9   2.97574e-15
6533.38  3.00215e-15
6534.86  3.01857e-15
6536.33  3.0208e-15
6537.81  3.00692e-15
6539.29  2.97809e-15
6540.77  2.93885e-15
6542.25  2.89697e-15
6543.73  2.86247e-15
6545.21  2.84619e-15
6546.69  2.85797e-15
6548.16  2.90463e-15
6549.64  2.98837e-15
6551.12  3.10566e-15
6552.6   3.24709e-15
6554.08  3.39821e-15
6555.56  3.54132e-15
6557.04  3.65806e-15
6558.52  3.73226e-15
6560     3.75263e-15
6561.47  3.7148e-15
6562.95  3.62231e-15
6564.43  3.48622e-15
6565.91  3.32361e-15
6567.39  3.15492e-15
6568.87  3.00078e-15
6570.35  2.87888e-15
6571.83  2.80122e-15
6573.3   2.77251e-15
6574.78  2.78971e-15
6576.26  2.84292e-15
6577.74  2.91731e-15
6579.22  2.99578e-15
6580.7   3.06184e-15
6582.18  3.10216e-15
6583.66  3.10847e-15
6585.14  3.07845e-15
6586.61  3.0156e-15
6588.09  2.92815e-15
6589.57  2.82731e-15
6591.05  2.72523e-15
6592.53  2.633e-15
6594.01  2.55906e-15
6595.49  2.50823e-15
6596.97  2.48137e-15
6598.44  2.47583e-15
6599.92  2.4863e-15
6601.4   2.50601e-15
6602.88  2.52798e-15
6604.36  2.54614e-15
6605.84  2.5561e-15
6607.32  2.55559e-15
6608.8   2.54445e-15
6610.27  2.5243e-15
6611.75  2.498e-15
6613.23  2.46898e-15
6614.71  2.44059e-15
6616.19  2.41558e-15
6617.67  2.39572e-15
6619.15  2.38171e-15
6620.63  2.37315e-15
6622.11  2.36884e-15
6623.58  2.36703e-15
6625.06  2.36579e-15
6626.54  2.36335e-15
6628.02  2.35835e-15
6629.5   2.35001e-15
6630.98  2.33821e-15
6632.46  2.32339e-15
6633.94  2.30646e-15
6635.41  2.28856e-15
6636.89  2.27089e-15
6638.37  2.25451e-15
6639.85  2.24017e-15
6641.33  2.22822e-15
6642.81  2.21862e-15
6644.29  2.21099e-15
6645.77  2.2047e-15
6647.24  2.19902e-15
6648.72  2.19325e-15
6650.2   2.18687e-15
6651.68  2.17956e-15
6653.16  2.17129e-15
6654.64  2.16226e-15
6656.12  2.15282e-15
6657.6   2.14341e-15
6659.08  2.13442e-15
6660.55  2.12612e-15
6662.03  2.11859e-15
6663.51  2.11169e-15
6664.99  2.10512e-15
6666.47  2.09842e-15
6667.95  2.09112e-15
6669.43  2.0828e-15
6670.91  2.07318e-15
6672.38  2.06222e-15
6673.86  2.0501e-15
6675.34  2.03722e-15
6676.82  2.02416e-15
6678.3   2.01157e-15
6679.78  2.00007e-15
6681.26  1.99016e-15
6682.74  1.98207e-15
6684.22  1.9758e-15
6685.69  1.97106e-15
6687.17  1.96731e-15
6688.65  1.9639e-15
6690.13  1.96016e-15
6691.61  1.95556e-15
6693.09  1.94979e-15
6694.57  1.94283e-15
6696.05  1.93503e-15
6697.52  1.92698e-15
6699     1.91946e-15
6700.48  1.91329e-15
6701.96  1.90916e-15
6703.44  1.90748e-15
6704.92  1.90834e-15
6706.4   1.91142e-15
6707.88  1.91606e-15
6709.35  1.92142e-15
6710.83  1.92655e-15
6712.31  1.93063e-15
6713.79  1.93305e-15
6715.27  1.93353e-15
6716.75  1.9321e-15
6718.23  1.92907e-15
6719.71  1.92486e-15
6721.19  1.91989e-15
6722.66  1.91443e-15
6724.14  1.90848e-15
6725.62  1.90182e-15
6727.1   1.89399e-15
6728.58  1.88442e-15
6730.06  1.87261e-15
6731.54  1.85825e-15
6733.02  1.84136e-15
6734.49  1.8223e-15
6735.97  1.8018e-15
6737.45  1.78087e-15
6738.93  1.76064e-15
6740.41  1.74219e-15
6741.89  1.72645e-15
6743.37  1.71404e-15
6744.85  1.70522e-15
6746.33  1.69991e-15
6747.8   1.6977e-15
6749.28  1.69799e-15
6750.76  1.70006e-15
6752.24  1.7032e-15
6753.72  1.70676e-15
6755.2   1.71025e-15
6756.68  1.71334e-15
6758.16  1.71581e-15
6759.63  1.71757e-15
6761.11  1.71861e-15
6762.59  1.71891e-15
6764.07  1.71847e-15
6765.55  1.71725e-15
6767.03  1.71521e-15
6768.51  1.71232e-15
6769.99  1.70859e-15
6771.46  1.70409e-15
6772.94  1.69898e-15
6774.42  1.69351e-15
6775.9   1.68802e-15
6777.38  1.68285e-15
6778.86  1.67837e-15
6780.34  1.67484e-15
6781.82  1.67241e-15
6783.3   1.67105e-15
6784.77  1.67056e-15
6786.25  1.67055e-15
6787.73  1.67053e-15
6789.21  1.66991e-15
6790.69  1.66816e-15
6792.17  1.66484e-15
6793.65  1.65968e-15
6795.13  1.65267e-15
6796.6   1.64402e-15
6798.08  1.63421e-15
6799.56  1.62388e-15
6801.04  1.61379e-15
6802.52  1.60471e-15
6804     1.59733e-15
6805.48  1.59217e-15
6806.96  1.5895e-15
6808.44  1.58936e-15
6809.91  1.59148e-15
6811.39  1.59538e-15
6812.87  1.60039e-15
6814.35  1.60575e-15
6815.83  1.61069e-15
6817.31  1.61452e-15
6818.79  1.61669e-15
6820.27  1.61685e-15
6821.74  1.61488e-15
6823.22  1.61089e-15
6824.7   1.60522e-15
6826.18  1.59837e-15
6827.66  1.59099e-15
6829.14  1.58377e-15
6830.62  1.57738e-15
6832.1   1.57241e-15
6833.57  1.56928e-15
6835.05  1.56824e-15
6836.53  1.56927e-15
6838.01  1.57213e-15
6839.49  1.57636e-15
6840.97  1.58133e-15
6842.45  1.58632e-15
6843.93  1.59062e-15
6845.41  1.59361e-15
6846.88  1.59487e-15
6848.36  1.59421e-15
6849.84  1.59172e-15
6851.32  1.58778e-15
6852.8   1.58299e-15
6854.28  1.5781e-15
6855.76  1.57387e-15
6857.24  1.57101e-15
6858.71  1.57006e-15
6860.19  1.57128e-15
6861.67  1.57462e-15
6863.15  1.57976e-15
6864.63  1.58611e-15
6866.11  1.5929e-15
6867.59  1.59934e-15
6869.07  1.60466e-15
6870.55  1.60826e-15
6872.02  1.60978e-15
6873.5   1.60913e-15
6874.98  1.6065e-15
6876.46  1.60231e-15
6877.94  1.59714e-15
6879.42  1.59166e-15
6880.9   1.58652e-15
6882.38  1.58227e-15
6883.85  1.57932e-15
6885.33  1.57788e-15
6886.81  1.578e-15
6888.29  1.5795e-15
6889.77  1.58212e-15
6891.25  1.58545e-15
6892.73  1.58906e-15
6894.21  1.5925e-15
6895.68  1.59536e-15
6897.16  1.59733e-15
6898.64  1.59816e-15
6900.12  1.59775e-15
6901.6   1.59613e-15
6903.08  1.59344e-15
6904.56  1.58993e-15
6906.04  1.58591e-15
6907.52  1.58175e-15
6908.99  1.57778e-15
6910.47  1.57429e-15
6911.95  1.57147e-15
6913.43  1.5694e-15
6914.91  1.56802e-15
6916.39  1.56715e-15
6917.87  1.56656e-15
6919.35  1.56594e-15
6920.82  1.56503e-15
6922.3   1.56361e-15
6923.78  1.5616e-15
6925.26  1.55901e-15
6926.74  1.55599e-15
6928.22  1.55277e-15
6929.7   1.54963e-15
6931.18  1.5468e-15
6932.66  1.54447e-15
6934.13  1.54268e-15
6935.61  1.54137e-15
6937.09  1.54032e-15
6938.57  1.53922e-15
6940.05  1.53776e-15
6941.53  1.53563e-15
6943.01  1.53265e-15
6944.49  1.52875e-15
6945.96  1.52403e-15
6947.44  1.51876e-15
6948.92  1.51329e-15
6950.4   1.50803e-15
6951.88  1.50338e-15
6953.36  1.49965e-15
6954.84  1.49701e-15
6956.32  1.49547e-15
6957.79  1.49488e-15
6959.27  1.49496e-15
6960.75  1.49532e-15
6962.23  1.49556e-15
6963.71  1.49527e-15
6965.19  1.49416e-15
6966.67  1.49207e-15
6968.15  1.48897e-15
6969.63  1.48498e-15
6971.1   1.48035e-15
6972.58  1.47542e-15
6974.06  1.47053e-15
6975.54  1.46602e-15
6977.02  1.46211e-15
6978.5   1.45894e-15
6979.98  1.45651e-15
6981.46  1.4547e-15
6982.93  1.45331e-15
6984.41  1.45209e-15
6985.89  1.45079e-15
6987.37  1.4492e-15
6988.85  1.44722e-15
6990.33  1.44482e-15
6991.81  1.44209e-15
6993.29  1.4392e-15
6994.77  1.43636e-15
6996.24  1.4338e-15
6997.72  1.43172e-15
6999.2   1.43024e-15
7000.68  1.42941e-15
7002.16  1.42914e-15
7003.64  1.42931e-15
7005.12  1.42968e-15
7006.6   1.43002e-15
7008.07  1.43009e-15
7009.55  1.42971e-15
7011.03  1.42877e-15
7012.51  1.42725e-15
7013.99  1.42523e-15
7015.47  1.42283e-15
7016.95  1.42022e-15
7018.43  1.4176e-15
7019.9   1.41514e-15
7021.38  1.41297e-15
7022.86  1.4112e-15
7024.34  1.40989e-15
7025.82  1.40906e-15
7027.3   1.40873e-15
7028.78  1.40889e-15
7030.26  1.40953e-15
7031.74  1.4106e-15
7033.21  1.41204e-15
7034.69  1.41375e-15
7036.17  1.41553e-15
7037.65  1.41718e-15
7039.13  1.41838e-15
7040.61  1.41881e-15
7042.09  1.41815e-15
7043.57  1.41611e-15
7045.04  1.41249e-15
7046.52  1.40722e-15
7048     1.40041e-15
7049.48  1.39235e-15
7050.96  1.38352e-15
7052.44  1.37455e-15
7053.92  1.36616e-15
7055.4   1.35907e-15
7056.87  1.35392e-15
7058.35  1.35118e-15
7059.83  1.35105e-15
7061.31  1.35343e-15
7062.79  1.35789e-15
7064.27  1.36373e-15
7065.75  1.37002e-15
7067.23  1.37578e-15
7068.71  1.38009e-15
7070.18  1.3822e-15
7071.66  1.38169e-15
7073.14  1.3785e-15
7074.62  1.37298e-15
7076.1   1.36578e-15
7077.58  1.35781e-15
7079.06  1.35006e-15
7080.54  1.34344e-15
7082.01  1.33868e-15
7083.49  1.33619e-15
7084.97  1.33601e-15
7086.45  1.33784e-15
7087.93  1.34109e-15
7089.41  1.34501e-15
7090.89  1.34881e-15
7092.37  1.35181e-15
7093.85  1.35356e-15
7095.32  1.35388e-15
7096.8   1.35291e-15
7098.28  1.35105e-15
7099.76  1.34885e-15
7101.24  1.34696e-15
7102.72  1.34595e-15
7104.2   1.34621e-15
7105.68  1.34795e-15
7107.15  1.3511e-15
7108.63  1.3554e-15
7110.11  1.36045e-15
7111.59  1.36582e-15
7113.07  1.37114e-15
7114.55  1.37619e-15
7116.03  1.38095e-15
7117.51  1.38556e-15
7118.98  1.39032e-15
7120.46  1.39557e-15
7121.94  1.40162e-15
7123.42  1.40862e-15
7124.9   1.41654e-15
7126.38  1.42513e-15
7127.86  1.43396e-15
7129.34  1.44253e-15
7130.82  1.45033e-15
7132.29  1.457e-15
7133.77  1.46239e-15
7135.25  1.46661e-15
7136.73  1.47001e-15
7138.21  1.47312e-15
7139.69  1.47648e-15
7141.17  1.48057e-15
7142.65  1.48565e-15
7144.12  1.49166e-15
7145.6   1.49823e-15
7147.08  1.50472e-15
7148.56  1.51029e-15
7150.04  1.51414e-15
7151.52  1.51559e-15
7153     1.5143e-15
7154.48  1.51033e-15
7155.96  1.50417e-15
7157.43  1.49672e-15
7158.91  1.48911e-15
7160.39  1.48255e-15
7161.87  1.47815e-15
7163.35  1.47669e-15
7164.83  1.47852e-15
7166.31  1.48345e-15
7167.79  1.49077e-15
7169.26  1.49939e-15
7170.74  1.50791e-15
7172.22  1.51488e-15
7173.7   1.51903e-15
7175.18  1.51938e-15
7176.66  1.51548e-15
7178.14  1.50741e-15
7179.62  1.49583e-15
7181.09  1.48186e-15
7182.57  1.46696e-15
7184.05  1.45271e-15
7185.53  1.44061e-15
7187.01  1.4319e-15
7188.49  1.42735e-15
7189.97  1.42722e-15
7191.45  1.43122e-15
7192.93  1.43855e-15
7194.4   1.44804e-15
7195.88  1.45831e-15
7197.36  1.46798e-15
7198.84  1.47583e-15
7200.32  1.48097e-15
7201.8   1.48293e-15
7203.28  1.48167e-15
7204.76  1.47759e-15
7206.23  1.47142e-15
7207.71  1.46408e-15
7209.19  1.45658e-15
7210.67  1.44983e-15
7212.15  1.44457e-15
7213.63  1.44129e-15
7215.11  1.44017e-15
7216.59  1.44113e-15
7218.07  1.44384e-15
7219.54  1.44783e-15
7221.02  1.45257e-15
7222.5   1.45751e-15
7223.98  1.4622e-15
7225.46  1.46631e-15
7226.94  1.46962e-15
7228.42  1.47207e-15
7229.9   1.47369e-15
7231.37  1.47457e-15
7232.85  1.47486e-15
7234.33  1.47469e-15
7235.81  1.4742e-15
7237.29  1.4735e-15
7238.77  1.47267e-15
7240.25  1.47176e-15
7241.73  1.47084e-15
7243.2   1.46995e-15
7244.68  1.46916e-15
7246.16  1.46855e-15
7247.64  1.4682e-15
7249.12  1.46823e-15
7250.6   1.46876e-15
7252.08  1.46988e-15
7253.56  1.47168e-15
7255.04  1.47418e-15
7256.51  1.47732e-15
7257.99  1.48094e-15
7259.47  1.4848e-15
7260.95  1.48855e-15
7262.43  1.49179e-15
7263.91  1.49413e-15
7265.39  1.49524e-15
7266.87  1.49492e-15
7268.34  1.49314e-15
7269.82  1.4901e-15
7271.3   1.48621e-15
7272.78  1.48206e-15
7274.26  1.47833e-15
7275.74  1.47576e-15
7277.22  1.47496e-15
7278.7   1.47639e-15
7280.18  1.48026e-15
7281.65  1.48647e-15
7283.13  1.49466e-15
7284.61  1.50422e-15
7286.09  1.51437e-15
7287.57  1.5243e-15
7289.05  1.53323e-15
7290.53  1.54053e-15
7292.01  1.5458e-15
7293.48  1.54885e-15
7294.96  1.54976e-15
7296.44  1.5488e-15
7297.92  1.54636e-15
7299.4   1.54294e-15
7300.88  1.53901e-15
7302.36  1.53502e-15
7303.84  1.53134e-15
7305.31  1.52827e-15
7306.79  1.52603e-15
7308.27  1.52478e-15
7309.75  1.52465e-15
7311.23  1.52572e-15
7312.71  1.52803e-15
7314.19  1.5316e-15
7315.67  1.53637e-15
7317.15  1.54218e-15
7318.62  1.54881e-15
7320.1   1.55593e-15
7321.58  1.56313e-15
7323.06  1.56999e-15
7324.54  1.57606e-15
7326.02  1.58097e-15
7327.5   1.58445e-15
7328.98  1.58637e-15
7330.45  1.58674e-15
7331.93  1.58573e-15
7333.41  1.58365e-15
7334.89  1.58088e-15
7336.37  1.57783e-15
7337.85  1.57492e-15
7339.33  1.57246e-15
7340.81  1.57071e-15
7342.29  1.56977e-15
7343.76  1.56963e-15
7345.24  1.5702e-15
7346.72  1.57129e-15
7348.2   1.57273e-15
7349.68  1.57434e-15
7351.16  1.57601e-15
7352.64  1.57773e-15
7354.12  1.57956e-15
7355.59  1.58168e-15
7357.07  1.58431e-15
7358.55  1.58768e-15
7360.03  1.59198e-15
7361.51  1.59728e-15
7362.99  1.60351e-15
7364.47  1.61044e-15
7365.95  1.61769e-15
7367.42  1.62472e-15
7368.9   1.631e-15
7370.38  1.63598e-15
7371.86  1.63926e-15
7373.34  1.64063e-15
7374.82  1.64011e-15
7376.3   1.63798e-15
7377.78  1.63472e-15
7379.26  1.63092e-15
7380.73  1.62724e-15
7382.21  1.62423e-15
7383.69  1.62228e-15
7385.17  1.62155e-15
7386.65  1.62195e-15
7388.13  1.62315e-15
7389.61  1.62468e-15
7391.09  1.62596e-15
7392.56  1.62647e-15
7394.04  1.62581e-15
7395.52  1.62373e-15
7397     1.6202e-15
7398.48  1.61541e-15
7399.96  1.60967e-15
7401.44  1.60339e-15
7402.92  1.59701e-15
7404.4   1.59092e-15
7405.87  1.58544e-15
7407.35  1.58075e-15
7408.83  1.57695e-15
7410.31  1.574e-15
7411.79  1.57183e-15
7413.27  1.5703e-15
7414.75  1.56927e-15
7416.23  1.5686e-15
7417.7   1.56819e-15
7419.18  1.56794e-15
7420.66  1.56781e-15
7422.14  1.56773e-15
7423.62  1.56769e-15
7425.1   1.56767e-15
7426.58  1.56767e-15
7428.06  1.56766e-15
7429.53  1.56766e-15
7431.01  1.56766e-15
7432.49  1.56766e-15
7433.97  1.56766e-15