3459.89  2.77576e-15
3461.35  2.58767e-15
3462.8   2.45677e-15
3464.25  2.38475e-15
3465.71  2.36297e-15
3467.16  2.37407e-15
3468.61  2.39518e-15
3470.07  2.4023e-15
3471.52  2.37485e-15
3472.97  2.29961e-15
3474.43  2.17326e-15
3475.88  2.00308e-15
3477.33  1.8057e-15
3478.79  1.60425e-15
3480.24  1.42439e-15
3481.69  1.29012e-15
3483.15  1.21996e-15
3484.6   1.22418e-15
3486.05  1.30343e-15
3487.5   1.4488e-15
3488.96  1.64323e-15
3490.41  1.86383e-15
3491.86  2.08478e-15
3493.32  2.28037e-15
3494.77  2.42789e-15
3496.22  2.51001e-15
3497.68  2.51668e-15
3499.13  2.44627e-15
3500.58  2.30597e-15
3502.04  2.11136e-15
3503.49  1.88513e-15
3504.94  1.65491e-15
3506.4   1.45036e-15
3507.85  1.29967e-15
3509.3   1.22592e-15
3510.76  1.24369e-15
3512.21  1.35644e-15
3513.66  1.55538e-15
3515.11  1.81978e-15
3516.57  2.11941e-15
3518.02  2.41836e-15
3519.47  2.68025e-15
3520.93  2.87369e-15
3522.38  2.97734e-15
3523.83  2.98353e-15
3525.29  2.89966e-15
3526.74  2.74724e-15
3528.19  2.5583e-15
3529.65  2.37006e-15
3531.1   2.21841e-15
3532.55  2.13159e-15
3534.01  2.12517e-15
3535.46  2.19916e-15
3536.91  2.33796e-15
3538.37  2.51312e-15
3539.82  2.68839e-15
3541.27  2.82621e-15
3542.73  2.8945e-15
3544.18  2.8724e-15
3545.63  2.75407e-15
3547.08  2.54983e-15
3548.54  2.28449e-15
3549.99  1.9932e-15
3551.44  1.7156e-15
3552.9   1.48936e-15
3554.35  1.34414e-15
3555.8   1.29706e-15
3557.26  1.35037e-15
3558.71  1.49159e-15
3560.16  1.69605e-15
3561.62  1.93124e-15
3563.07  2.16231e-15
3564.52  2.35755e-15
3565.98  2.49324e-15
3567.43  2.55689e-15
3568.88  2.54853e-15
3570.34  2.47993e-15
3571.79  2.37195e-15
3573.24  2.25058e-15
3574.7   2.14233e-15
3576.15  2.06979e-15
3577.6   2.048e-15
3579.05  2.08225e-15
3580.51  2.16761e-15
3581.96  2.29005e-15
3583.41  2.42916e-15
3584.87  2.56167e-15
3586.32  2.66542e-15
3587.77  2.72297e-15
3589.23  2.7243e-15
3590.68  2.66832e-15
3592.13  2.56275e-15
3593.59  2.42266e-15
3595.04  2.2679e-15
3596.49  2.1198e-15
3597.95  1.99783e-15
3599.4   1.91666e-15
3600.85  1.88414e-15
3602.31  1.90052e-15
3603.76  1.95891e-15
3605.21  2.0468e-15
3606.66  2.1485e-15
3608.12  2.24777e-15
3609.57  2.33046e-15
3611.02  2.38641e-15
3612.48  2.41066e-15
3613.93  2.40355e-15
3615.38  2.36997e-15
3616.84  2.3179e-15
3618.29  2.25669e-15
3619.74  2.19526e-15
3621.2   2.14074e-15
3622.65  2.09767e-15
3624.1   2.06786e-15
3625.56  2.05083e-15
3627.01  2.04464e-15
3628.46  2.04694e-15
3629.92  2.05581e-15
3631.37  2.07034e-15
3632.82  2.09078e-15
3634.28  2.1183e-15
3635.73  2.15433e-15
3637.18  2.19994e-15
3638.63  2.25515e-15
3640.09  2.31852e-15
3641.54  2.38717e-15
3642.99  2.45707e-15
3644.45  2.52363e-15
3645.9   2.58247e-15
3647.35  2.63009e-15
3648.81  2.66434e-15
3650.26  2.68466e-15
3651.71  2.69188e-15
3653.17  2.68781e-15
3654.62  2.67471e-15
3656.07  2.65466e-15
3657.53  2.62909e-15
3658.98  2.59854e-15
3660.43  2.56265e-15
3661.89  2.52038e-15
3663.34  2.47037e-15
3664.79  2.41139e-15
3666.24  2.34273e-15
3667.7   2.26451e-15
3669.15  2.17775e-15
3670.6   2.08434e-15
3672.06  1.9869e-15
3673.51  1.88842e-15
3674.96  1.79203e-15
3676.42  1.70063e-15
3677.87  1.61674e-15
3679.32  1.5423e-15
3680.78  1.47862e-15
3682.23  1.42644e-15
3683.68  1.38593e-15
3685.14  1.35685e-15
3686.59  1.33858e-15
3688.04  1.33028e-15
3689.5   1.33087e-15
3690.95  1.3391e-15
3692.4   1.35357e-15
3693.86  1.37269e-15
3695.31  1.3947e-15
3696.76  1.41769e-15
3698.21  1.43963e-15
3699.67  1.45841e-15
3701.12  1.47201e-15
3702.57  1.47855e-15
3704.03  1.47649e-15
3705.48  1.46472e-15
3706.93  1.44265e-15
3708.39  1.41032e-15
3709.84  1.36837e-15
3711.29  1.31803e-15
3712.75  1.26106e-15
3714.2   1.19963e-15
3715.65  1.13621e-15
3717.11  1.0734e-15
3718.56  1.01377e-15
3720.01  9.59753e-16
3721.47  9.13458e-16
3722.92  8.766e-16
3724.37  8.50419e-16
3725.82  8.35649e-16
3727.28  8.32507e-16
3728.73  8.40696e-16
3730.18  8.59397e-16
3731.64  8.87241e-16
3733.09  9.2228e-16
3734.54  9.61949e-16
3736     1.00309e-15
3737.45  1.04205e-15
3738.9   1.0749e-15
3740.36  1.09778e-15
3741.81  1.10735e-15
3743.26  1.10131e-15
3744.72  1.07891e-15
3746.17  1.04129e-15
3747.62  9.9165e-16
3749.08  9.35124e-16
3750.53  8.7837e-16
3751.98  8.28851e-16
3753.44  7.93946e-16
3754.89  7.7997e-16
3756.34  7.91253e-16
3757.79  8.29423e-16
3759.25  8.93003e-16
3760.7   9.7739e-16
3762.15  1.07524e-15
3763.61  1.17722e-15
3765.06  1.27303e-15
3766.51  1.35256e-15
3767.97  1.4071e-15
3769.42  1.43028e-15
3770.87  1.41892e-15
3772.33  1.37331e-15
3773.78  1.29728e-15
3775.23  1.19773e-15
3776.69  1.08387e-15
3778.14  9.66239e-16
3779.59  8.55554e-16
3781.05  7.61577e-16
3782.5   6.9214e-16
3783.95  6.5242e-16
3785.41  6.44541e-16
3786.86  6.67563e-16
3788.31  7.1782e-16
3789.76  7.89557e-16
3791.22  8.75769e-16
3792.67  9.69111e-16
3794.12  1.06275e-15
3795.58  1.15105e-15
3797.03  1.23002e-15
3798.48  1.29744e-15
3799.94  1.35277e-15
3801.39  1.39676e-15
3802.84  1.431e-15
3804.3   1.45733e-15
3805.75  1.47739e-15
3807.2   1.49225e-15
3808.66  1.50225e-15
3810.11  1.50701e-15
3811.56  1.50566e-15
3813.02  1.49727e-15
3814.47  1.48118e-15
3815.92  1.4575e-15
3817.37  1.42741e-15
3818.83  1.39324e-15
3820.28  1.35845e-15
3821.73  1.32733e-15
3823.19  1.30447e-15
3824.64  1.29423e-15
3826.09  1.30011e-15
3827.55  1.32423e-15
3829     1.367e-15
3830.45  1.42701e-15
3831.91  1.50119e-15
3833.36  1.58523e-15
3834.81  1.67409e-15
3836.27  1.76273e-15
3837.72  1.8467e-15
3839.17  1.92266e-15
3840.63  1.98876e-15
3842.08  2.04467e-15
3843.53  2.09153e-15
3844.99  2.13156e-15
3846.44  2.16766e-15
3847.89  2.20291e-15
3849.34  2.2401e-15
3850.8   2.28139e-15
3852.25  2.32808e-15
3853.7   2.38055e-15
3855.16  2.4383e-15
3856.61  2.50012e-15
3858.06  2.56429e-15
3859.52  2.62882e-15
3860.97  2.69157e-15
3862.42  2.7505e-15
3863.88  2.80373e-15
3865.33  2.8497e-15
3866.78  2.88722e-15
3868.24  2.91567e-15
3869.69  2.93506e-15
3871.14  2.9462e-15
3872.6   2.95069e-15
3874.05  2.95096e-15
3875.5   2.95003e-15
3876.95  2.95123e-15
3878.41  2.95778e-15
3879.86  2.97229e-15
3881.31  2.9963e-15
3882.77  3.02996e-15
3884.22  3.07186e-15
3885.67  3.11919e-15
3887.13  3.16807e-15
3888.58  3.21421e-15
3890.03  3.25353e-15
3891.49  3.28295e-15
3892.94  3.30091e-15
3894.39  3.30771e-15
3895.85  3.30558e-15
3897.3   3.29834e-15
3898.75  3.29091e-15
3900.21  3.28854e-15
3901.66  3.29596e-15
3903.11  3.31669e-15
3904.57  3.35238e-15
3906.02  3.40252e-15
3907.47  3.46444e-15
3908.92  3.53357e-15
3910.38  3.60405e-15
3911.83  3.66954e-15
3913.28  3.72403e-15
3914.74  3.76277e-15
3916.19  3.78287e-15
3917.64  3.78378e-15
3919.1   3.76734e-15
3920.55  3.73756e-15
3922     3.70005e-15
3923.46  3.6612e-15
3924.91  3.62732e-15
3926.36  3.60373e-15
3927.82  3.59409e-15
3929.27  3.59993e-15
3930.72  3.62062e-15
3932.18  3.65354e-15
3933.63  3.69463e-15
3935.08  3.73907e-15
3936.53  3.78201e-15
3937.99  3.81921e-15
3939.44  3.8475e-15
3940.89  3.86502e-15
3942.35  3.87118e-15
3943.8   3.86645e-15
3945.25  3.85195e-15
3946.71  3.82911e-15
3948.16  3.79927e-15
3949.61  3.76352e-15
3951.07  3.72261e-15
3952.52  3.677e-15
3953.97  3.62713e-15
3955.43  3.57357e-15
3956.88  3.51729e-15
3958.33  3.45978e-15
3959.79  3.40302e-15
3961.24  3.34935e-15
3962.69  3.30121e-15
3964.15  3.26078e-15
3965.6   3.22955e-15
3967.05  3.20801e-15
3968.5   3.19544e-15
3969.96  3.18975e-15
3971.41  3.18772e-15
3972.86  3.18524e-15
3974.32  3.17789e-15
3975.77  3.16149e-15
3977.22  3.13283e-15
3978.68  3.09013e-15
3980.13  3.03353e-15
3981.58  2.96518e-15
3983.04  2.88913e-15
3984.49  2.81086e-15
3985.94  2.73664e-15
3987.4   2.67272e-15
3988.85  2.62449e-15
3990.3   2.59578e-15
3991.76  2.58835e-15
3993.21  2.60171e-15
3994.66  2.63324e-15
3996.11  2.67859e-15
3997.57  2.73237e-15
3999.02  2.78888e-15
4000.47  2.84287e-15
4001.93  2.89022e-15
4003.38  2.92832e-15
4004.83  2.95633e-15
4006.29  2.97509e-15
4007.74  2.98684e-15
4009.19  2.99475e-15
4010.65  3.00242e-15
4012.1   3.01327e-15
4013.55  3.03007e-15
4015.01  3.05454e-15
4016.46  3.08714e-15
4017.91  3.12699e-15
4019.37  3.17202e-15
4020.82  3.21922e-15
4022.27  3.26509e-15
4023.73  3.30608e-15
4025.18  3.33913e-15
4026.63  3.36217e-15
4028.08  3.37447e-15
4029.54  3.37687e-15
4030.99  3.37177e-15
4032.44  3.36291e-15
4033.9   3.35486e-15
4035.35  3.35241e-15
4036.8   3.35984e-15
4038.26  3.38016e-15
4039.71  3.41458e-15
4041.16  3.46217e-15
4042.62  3.51989e-15
4044.07  3.58292e-15
4045.52  3.64535e-15
4046.98  3.70105e-15
4048.43  3.74458e-15
4049.88  3.7721e-15
4051.34  3.78196e-15
4052.79  3.77495e-15
4054.24  3.75422e-15
4055.7   3.72475e-15
4057.15  3.69259e-15
4058.6   3.66391e-15
4060.05  3.64408e-15
4061.51  3.63694e-15
4062.96  3.6443e-15
4064.41  3.66582e-15
4065.87  3.69926e-15
4067.32  3.74093e-15
4068.77  3.7864e-15
4070.23  3.83113e-15
4071.68  3.87112e-15
4073.13  3.90327e-15
4074.59  3.92558e-15
4076.04  3.93711e-15
4077.49  3.93783e-15
4078.95  3.92832e-15
4080.4   3.90958e-15
4081.85  3.88289e-15
4083.31  3.84979e-15
4084.76  3.81208e-15
4086.21  3.77199e-15
4087.66  3.73217e-15
4089.12  3.69564e-15
4090.57  3.66564e-15
4092.02  3.64524e-15
4093.48  3.63695e-15
4094.93  3.64223e-15
4096.38  3.66113e-15
4097.84  3.69214e-15
4099.29  3.73217e-15
4100.74  3.77693e-15
4102.2   3.82146e-15
4103.65  3.86079e-15
4105.1   3.89073e-15
4106.56  3.90843e-15
4108.01  3.91288e-15
4109.46  3.905e-15
4110.92  3.88746e-15
4112.37  3.86426e-15
4113.82  3.84001e-15
4115.28  3.81916e-15
4116.73  3.80535e-15
4118.18  3.80074e-15
4119.63  3.80578e-15
4121.09  3.8192e-15
4122.54  3.83824e-15
4123.99  3.85921e-15
4125.45  3.87813e-15
4126.9   3.89139e-15
4128.35  3.89631e-15
4129.81  3.89153e-15
4131.26  3.87711e-15
4132.71  3.85448e-15
4134.17  3.82602e-15
4135.62  3.79466e-15
4137.07  3.76334e-15
4138.53  3.73458e-15
4139.98  3.71011e-15
4141.43  3.69082e-15
4142.89  3.67677e-15
4144.34  3.66742e-15
4145.79  3.66196e-15
4147.24  3.65959e-15
4148.7   3.65982e-15
4150.15  3.66253e-15
4151.6   3.66797e-15
4153.06  3.67655e-15
4154.51  3.68857e-15
4155.96  3.70399e-15
4157.42  3.72216e-15
4158.87  3.74178e-15
4160.32  3.76098e-15
4161.78  3.77757e-15
4163.23  3.78944e-15
4164.68  3.79488e-15
4166.14  3.79304e-15
4167.59  3.78406e-15
4169.04  3.76913e-15
4170.5   3.75028e-15
4171.95  3.73005e-15
4173.4   3.71096e-15
4174.86  3.69507e-15
4176.31  3.68354e-15
4177.76  3.67642e-15
4179.21  3.67269e-15
4180.67  3.67046e-15
4182.12  3.66745e-15
4183.57  3.66151e-15
4185.03  3.65112e-15
4186.48  3.63582e-15
4187.93  3.61637e-15
4189.39  3.59466e-15
4190.84  3.57342e-15
4192.29  3.55563e-15
4193.75  3.54393e-15
4195.2   3.54004e-15
4196.65  3.54429e-15
4198.11  3.5554e-15
4199.56  3.57059e-15
4201.01  3.5859e-15
4202.47  3.59681e-15
4203.92  3.59891e-15
4205.37  3.58865e-15
4206.82  3.56391e-15
4208.28  3.52439e-15
4209.73  3.47166e-15
4211.18  3.40903e-15
4212.64  3.341e-15
4214.09  3.27266e-15
4215.54  3.20894e-15
4217     3.15395e-15
4218.45  3.11041e-15
4219.9   3.07936e-15
4221.36  3.06012e-15
4222.81  3.05049e-15
4224.26  3.04718e-15
4225.72  3.04645e-15
4227.17  3.04465e-15
4228.62  3.03888e-15
4230.08  3.02739e-15
4231.53  3.00981e-15
4232.98  2.98714e-15
4234.44  2.96158e-15
4235.89  2.93605e-15
4237.34  2.91373e-15
4238.79  2.89747e-15
4240.25  2.88932e-15
4241.7   2.8902e-15
4243.15  2.89975e-15
4244.61  2.91637e-15
4246.06  2.93752e-15
4247.51  2.96009e-15
4248.97  2.98089e-15
4250.42  2.99709e-15
4251.87  3.00657e-15
4253.33  3.00818e-15
4254.78  3.00171e-15
4256.23  2.98783e-15
4257.69  2.96782e-15
4259.14  2.94328e-15
4260.59  2.91581e-15
4262.05  2.88679e-15
4263.5   2.85719e-15
4264.95  2.82758e-15
4266.41  2.79813e-15
4267.86  2.76878e-15
4269.31  2.73941e-15
4270.76  2.70995e-15
4272.22  2.68054e-15
4273.67  2.65154e-15
4275.12  2.62353e-15
4276.58  2.59719e-15
4278.03  2.5732e-15
4279.48  2.55213e-15
4280.94  2.53438e-15
4282.39  2.52011e-15
4283.84  2.50931e-15
4285.3   2.50189e-15
4286.75  2.49771e-15
4288.2   2.49677e-15
4289.66  2.49915e-15
4291.11  2.50503e-15
4292.56  2.51456e-15
4294.02  2.52778e-15
4295.47  2.54434e-15
4296.92  2.56348e-15
4298.37  2.58387e-15
4299.83  2.6037e-15
4301.28  2.62079e-15
4302.73  2.63289e-15
4304.19  2.63796e-15
4305.64  2.63454e-15
4307.09  2.62202e-15
4308.55  2.60083e-15
4310     2.5725e-15
4311.45  2.53949e-15
4312.91  2.50495e-15
4314.36  2.47228e-15
4315.81  2.44471e-15
4317.27  2.42485e-15
4318.72  2.41434e-15
4320.17  2.41366e-15
4321.63  2.42208e-15
4323.08  2.43788e-15
4324.53  2.45867e-15
4325.99  2.48177e-15
4327.44  2.50469e-15
4328.89  2.52551e-15
4330.34  2.54309e-15
4331.8   2.55721e-15
4333.25  2.56837e-15
4334.7   2.5776e-15
4336.16  2.58608e-15
4337.61  2.59473e-15
4339.06  2.60395e-15
4340.52  2.61344e-15
4341.97  2.62217e-15
4343.42  2.62862e-15
4344.88  2.63108e-15
4346.33  2.62801e-15
4347.78  2.61849e-15
4349.24  2.60246e-15
4350.69  2.58092e-15
4352.14  2.55584e-15
4353.6   2.52998e-15
4355.05  2.50648e-15
4356.5   2.48841e-15
4357.95  2.4783e-15
4359.41  2.47777e-15
4360.86  2.48728e-15
4362.31  2.50605e-15
4363.77  2.53218e-15
4365.22  2.56299e-15
4366.67  2.59535e-15
4368.13  2.62624e-15
4369.58  2.6531e-15
4371.03  2.67421e-15
4372.49  2.68896e-15
4373.94  2.6978e-15
4375.39  2.7022e-15
4376.85  2.70436e-15
4378.3   2.7068e-15
4379.75  2.71201e-15
4381.21  2.72193e-15
4382.66  2.73775e-15
4384.11  2.75958e-15
4385.57  2.78653e-15
4387.02  2.81681e-15
4388.47  2.84805e-15
4389.92  2.87772e-15
4391.38  2.9036e-15
4392.83  2.92415e-15
4394.28  2.93879e-15
4395.74  2.94803e-15
4397.19  2.95334e-15
4398.64  2.95684e-15
4400.1   2.96087e-15
4401.55  2.96753e-15
4403     2.97821e-15
4404.46  2.9933e-15
4405.91  3.01204e-15
4407.36  3.03263e-15
4408.82  3.05254e-15
4410.27  3.06898e-15
4411.72  3.07943e-15
4413.18  3.08213e-15
4414.63  3.07646e-15
4416.08  3.0631e-15
4417.53  3.04402e-15
4418.99  3.02218e-15
4420.44  3.00108e-15
4421.89  2.98419e-15
4423.35  2.97447e-15
4424.8   2.97385e-15
4426.25  2.98297e-15
4427.71  3.00111e-15
4429.16  3.02636e-15
4430.61  3.0559e-15
4432.07  3.08652e-15
4433.52  3.11508e-15
4434.97  3.13898e-15
4436.43  3.15649e-15
4437.88  3.16693e-15
4439.33  3.17072e-15
4440.79  3.16918e-15
4442.24  3.16428e-15
4443.69  3.15833e-15
4445.15  3.15364e-15
4446.6   3.15224e-15
4448.05  3.15568e-15
4449.5   3.16497e-15
4450.96  3.18054e-15
4452.41  3.20238e-15
4453.86  3.23012e-15
4455.32  3.26322e-15
4456.77  3.30107e-15
4458.22  3.3431e-15
4459.68  3.38877e-15
4461.13  3.43753e-15
4462.58  3.48874e-15
4464.04  3.54156e-15
4465.49  3.59479e-15
4466.94  3.64686e-15
4468.4   3.69582e-15
4469.85  3.73942e-15
4471.3   3.77535e-15
4472.76  3.80153e-15
4474.21  3.81642e-15
4475.66  3.81938e-15
4477.12  3.81091e-15
4478.57  3.7928e-15
4480.02  3.76806e-15
4481.47  3.74067e-15
4482.93  3.71514e-15
4484.38  3.69599e-15
4485.83  3.68708e-15
4487.29  3.69111e-15
4488.74  3.70916e-15
4490.19  3.7405e-15
4491.65  3.78266e-15
4493.1   3.83175e-15
4494.55  3.88297e-15
4496.01  3.93135e-15
4497.46  3.97236e-15
4498.91  4.00264e-15
4500.37  4.02041e-15
4501.82  4.02572e-15
4503.27  4.02042e-15
4504.73  4.00779e-15
4506.18  3.99202e-15
4507.63  3.97755e-15
4509.08  3.96831e-15
4510.54  3.96708e-15
4511.99  3.97508e-15
4513.44  3.99171e-15
4514.9   4.01473e-15
4516.35  4.04056e-15
4517.8   4.06495e-15
4519.26  4.08364e-15
4520.71  4.09309e-15
4522.16  4.09105e-15
4523.62  4.07689e-15
4525.07  4.05174e-15
4526.52  4.01823e-15
4527.98  3.98007e-15
4529.43  3.94147e-15
4530.88  3.90654e-15
4532.34  3.87865e-15
4533.79  3.86008e-15
4535.24  3.85177e-15
4536.7   3.8533e-15
4538.15  3.86312e-15
4539.6   3.87885e-15
4541.05  3.89766e-15
4542.51  3.91671e-15
4543.96  3.9334e-15
4545.41  3.94568e-15
4546.87  3.9521e-15
4548.32  3.95185e-15
4549.77  3.94474e-15
4551.23  3.93106e-15
4552.68  3.91152e-15
4554.13  3.88716e-15
4555.59  3.85929e-15
4557.04  3.82939e-15
4558.49  3.79909e-15
4559.95  3.77006e-15
4561.4   3.74389e-15
4562.85  3.72194e-15
4564.31  3.70525e-15
4565.76  3.69436e-15
4567.21  3.68923e-15
4568.66  3.68932e-15
4570.12  3.69358e-15
4571.57  3.70069e-15
4573.02  3.70929e-15
4574.48  3.71822e-15
4575.93  3.72675e-15
4577.38  3.73475e-15
4578.84  3.74274e-15
4580.29  3.75174e-15
4581.74  3.76313e-15
4583.2   3.77827e-15
4584.65  3.79821e-15
4586.1   3.82337e-15
4587.56  3.85338e-15
4589.01  3.88697e-15
4590.46  3.92216e-15
4591.92  3.95646e-15
4593.37  3.98726e-15
4594.82  4.01222e-15
4596.28  4.02958e-15
4597.73  4.03845e-15
4599.18  4.03882e-15
4600.63  4.03152e-15
4602.09  4.01798e-15
4603.54  3.99993e-15
4604.99  3.97905e-15
4606.45  3.95669e-15
4607.9   3.93369e-15
4609.35  3.91031e-15
4610.81  3.88631e-15
4612.26  3.86113e-15
4613.71  3.8341e-15
4615.17  3.8047e-15
4616.62  3.77272e-15
4618.07  3.73839e-15
4619.53  3.70237e-15
4620.98  3.66564e-15
4622.43  3.6294e-15
4623.89  3.59486e-15
4625.34  3.56305e-15
4626.79  3.53469e-15
4628.24  3.51014e-15
4629.7   3.48932e-15
4631.15  3.47176e-15
4632.6   3.45668e-15
4634.06  3.44307e-15
4635.51  3.42979e-15
4636.96  3.4157e-15
4638.42  3.39974e-15
4639.87  3.38108e-15
4641.32  3.35917e-15
4642.78  3.33383e-15
4644.23  3.30531e-15
4645.68  3.27431e-15
4647.14  3.24191e-15
4648.59  3.20948e-15
4650.04  3.17855e-15
4651.5   3.15061e-15
4652.95  3.12687e-15
4654.4   3.10812e-15
4655.86  3.09457e-15
4657.31  3.08581e-15
4658.76  3.08081e-15
4660.21  3.0781e-15
4661.67  3.07595e-15
4663.12  3.07263e-15
4664.57  3.06668e-15
4666.03  3.05712e-15
4667.48  3.04359e-15
4668.93  3.02645e-15
4670.39  3.00666e-15
4671.84  2.98568e-15
4673.29  2.96528e-15
4674.75  2.94721e-15
4676.2   2.93303e-15
4677.65  2.92388e-15
4679.11  2.92027e-15
4680.56  2.92209e-15
4682.01  2.92855e-15
4683.47  2.93832e-15
4684.92  2.94963e-15
4686.37  2.96055e-15
4687.82  2.96917e-15
4689.28  2.97389e-15
4690.73  2.97357e-15
4692.18  2.96775e-15
4693.64  2.95668e-15
4695.09  2.94129e-15
4696.54  2.92314e-15
4698     2.90416e-15
4699.45  2.88642e-15
4700.9   2.87183e-15
4702.36  2.86189e-15
4703.81  2.85745e-15
4705.26  2.85865e-15
4706.72  2.86484e-15
4708.17  2.87473e-15
4709.62  2.88661e-15
4711.08  2.89855e-15
4712.53  2.9087e-15
4713.98  2.91557e-15
4715.44  2.91818e-15
4716.89  2.91615e-15
4718.34  2.90974e-15
4719.79  2.89974e-15
4721.25  2.88732e-15
4722.7   2.87383e-15
4724.15  2.86058e-15
4725.61  2.84869e-15
4727.06  2.83891e-15
4728.51  2.83156e-15
4729.97  2.82649e-15
4731.42  2.82312e-15
4732.87  2.82056e-15
4734.33  2.81767e-15
4735.78  2.81327e-15
4737.23  2.80625e-15
4738.69  2.79573e-15
4740.14  2.78117e-15
4741.59  2.76244e-15
4743.05  2.73989e-15
4744.5   2.7143e-15
4745.95  2.68686e-15
4747.41  2.65903e-15
4748.86  2.63243e-15
4750.31  2.60864e-15
4751.76  2.58901e-15
4753.22  2.57457e-15
4754.67  2.56585e-15
4756.12  2.56286e-15
4757.58  2.56514e-15
4759.03  2.57179e-15
4760.48  2.58166e-15
4761.94  2.59351e-15
4763.39  2.60621e-15
4764.84  2.61889e-15
4766.3   2.63103e-15
4767.75  2.6425e-15
4769.2   2.65347e-15
4770.66  2.66435e-15
4772.11  2.67558e-15
4773.56  2.68749e-15
4775.02  2.70021e-15
4776.47  2.71355e-15
4777.92  2.72702e-15
4779.37  2.73995e-15
4780.83  2.75153e-15
4782.28  2.76105e-15
4783.73  2.76793e-15
4785.19  2.77187e-15
4786.64  2.77286e-15
4788.09  2.7711e-15
4789.55  2.76698e-15
4791     2.7609e-15
4792.45  2.75319e-15
4793.91  2.7441e-15
4795.36  2.73369e-15
4796.81  2.722e-15
4798.27  2.70905e-15
4799.72  2.69502e-15
4801.17  2.68027e-15
4802.63  2.66546e-15
4804.08  2.65141e-15
4805.53  2.63907e-15
4806.99  2.62929e-15
4808.44  2.62263e-15
4809.89  2.61917e-15
4811.34  2.61843e-15
4812.8   2.61931e-15
4814.25  2.62022e-15
4815.7   2.61925e-15
4817.16  2.61451e-15
4818.61  2.60441e-15
4820.06  2.58796e-15
4821.52  2.56493e-15
4822.97  2.53599e-15
4824.42  2.50259e-15
4825.88  2.46682e-15
4827.33  2.43101e-15
4828.78  2.3975e-15
4830.24  2.36821e-15
4831.69  2.34443e-15
4833.14  2.32664e-15
4834.6   2.31451e-15
4836.05  2.30701e-15
4837.5   2.30263e-15
4838.95  2.29965e-15
4840.41  2.29642e-15
4841.86  2.29166e-15
4843.31  2.28454e-15
4844.77  2.27484e-15
4846.22  2.26284e-15
4847.67  2.24925e-15
4849.13  2.23503e-15
4850.58  2.22118e-15
4852.03  2.20855e-15
4853.49  2.19777e-15
4854.94  2.1891e-15
4856.39  2.18252e-15
4857.85  2.17776e-15
4859.3   2.17445e-15
4860.75  2.17227e-15
4862.21  2.17106e-15
4863.66  2.17094e-15
4865.11  2.17231e-15
4866.57  2.17585e-15
4868.02  2.18238e-15
4869.47  2.19271e-15
4870.92  2.20752e-15
4872.38  2.22713e-15
4873.83  2.25145e-15
4875.28  2.27992e-15
4876.74  2.3115e-15
4878.19  2.34481e-15
4879.64  2.37826e-15
4881.1   2.41022e-15
4882.55  2.43923e-15
4884     2.46416e-15
4885.46  2.48432e-15
4886.91  2.49956e-15
4888.36  2.51026e-15
4889.82  2.51727e-15
4891.27  2.5218e-15
4892.72  2.52528e-15
4894.18  2.52913e-15
4895.63  2.53462e-15
4897.08  2.54265e-15
4898.53  2.55369e-15
4899.99  2.56765e-15
4901.44  2.58396e-15
4902.89  2.60162e-15
4904.35  2.61938e-15
4905.8   2.63592e-15
4907.25  2.65009e-15
4908.71  2.66107e-15
4910.16  2.66851e-15
4911.61  2.67262e-15
4913.07  2.67412e-15
4914.52  2.67414e-15
4915.97  2.67401e-15
4917.43  2.67509e-15
4918.88  2.67852e-15
4920.33  2.68499e-15
4921.79  2.6947e-15
4923.24  2.70722e-15
4924.69  2.72163e-15
4926.15  2.73661e-15
4927.6   2.75068e-15
4929.05  2.76238e-15
4930.5   2.77055e-15
4931.96  2.77443e-15
4933.41  2.77378e-15
4934.86  2.7689e-15
4936.32  2.76053e-15
4937.77  2.74972e-15
4939.22  2.73767e-15
4940.68  2.72555e-15
4942.13  2.71438e-15
4943.58  2.70489e-15
4945.04  2.69753e-15
4946.49  2.69237e-15
4947.94  2.68922e-15
4949.4   2.68763e-15
4950.85  2.68696e-15
4952.3   2.68646e-15
4953.76  2.68536e-15
4955.21  2.68288e-15
4956.66  2.67835e-15
4958.12  2.67128e-15
4959.57  2.6614e-15
4961.02  2.64875e-15
4962.47  2.63373e-15
4963.93  2.61713e-15
4965.38  2.60011e-15
4966.83  2.5841e-15
4968.29  2.57073e-15
4969.74  2.56161e-15
4971.19  2.55814e-15
4972.65  2.56127e-15
4974.1   2.57133e-15
4975.55  2.58789e-15
4977.01  2.60976e-15
4978.46  2.63507e-15
4979.91  2.66145e-15
4981.37  2.68639e-15
4982.82  2.70754e-15
4984.27  2.72307e-15
4985.73  2.73194e-15
4987.18  2.73412e-15
4988.63  2.73054e-15
4990.08  2.72298e-15
4991.54  2.71383e-15
4992.99  2.70568e-15
4994.44  2.7009e-15
4995.9   2.70136e-15
4997.35  2.70806e-15
4998.8   2.72105e-15
5000.26  2.73945e-15
5001.71  2.7616e-15
5003.16  2.78542e-15
5004.62  2.80866e-15
5006.07  2.82936e-15
5007.52  2.84609e-15
5008.98  2.85817e-15
5010.43  2.8657e-15
5011.88  2.8695e-15
5013.34  2.87093e-15
5014.79  2.87158e-15
5016.24  2.87302e-15
5017.7   2.87651e-15
5019.15  2.88285e-15
5020.6   2.89224e-15
5022.05  2.90434e-15
5023.51  2.9184e-15
5024.96  2.93344e-15
5026.41  2.94845e-15
5027.87  2.96261e-15
5029.32  2.97542e-15
5030.77  2.98681e-15
5032.23  2.99707e-15
5033.68  3.00679e-15
5035.13  3.01673e-15
5036.59  3.02765e-15
5038.04  3.04014e-15
5039.49  3.05457e-15
5040.95  3.07101e-15
5042.4   3.08929e-15
5043.85  3.10901e-15
5045.31  3.12973e-15
5046.76  3.15101e-15
5048.21  3.17257e-15
5049.66  3.19427e-15
5051.12  3.21618e-15
5052.57  3.23849e-15
5054.02  3.26145e-15
5055.48  3.28524e-15
5056.93  3.30989e-15
5058.38  3.3352e-15
5059.84  3.36065e-15
5061.29  3.38551e-15
5062.74  3.40878e-15
5064.2   3.42939e-15
5065.65  3.4463e-15
5067.1   3.45867e-15
5068.56  3.46598e-15
5070.01  3.4682e-15
5071.46  3.46586e-15
5072.92  3.46001e-15
5074.37  3.45227e-15
5075.82  3.4446e-15
5077.28  3.43918e-15
5078.73  3.43819e-15
5080.18  3.4435e-15
5081.63  3.45647e-15
5083.09  3.47777e-15
5084.54  3.50725e-15
5085.99  3.54391e-15
5087.45  3.58601e-15
5088.9   3.63128e-15
5090.35  3.67713e-15
5091.81  3.72101e-15
5093.26  3.76068e-15
5094.71  3.79447e-15
5096.17  3.82145e-15
5097.62  3.84148e-15
5099.07  3.85518e-15
5100.53  3.86373e-15
5101.98  3.86869e-15
5103.43  3.87173e-15
5104.89  3.87439e-15
5106.34  3.87786e-15
5107.79  3.88286e-15
5109.24  3.88959e-15
5110.7   3.89777e-15
5112.15  3.90673e-15
5113.6   3.91557e-15
5115.06  3.92333e-15
5116.51  3.92914e-15
5117.96  3.93237e-15
5119.42  3.9327e-15
5120.87  3.93018e-15
5122.32  3.92517e-15
5123.78  3.91832e-15
5125.23  3.91041e-15
5126.68  3.90228e-15
5128.14  3.89466e-15
5129.59  3.8881e-15
5131.04  3.88281e-15
5132.5   3.87873e-15
5133.95  3.87541e-15
5135.4   3.87221e-15
5136.86  3.86832e-15
5138.31  3.86294e-15
5139.76  3.85545e-15
5141.21  3.84553e-15
5142.67  3.83326e-15
5144.12  3.8191e-15
5145.57  3.80392e-15
5147.03  3.78878e-15
5148.48  3.77482e-15
5149.93  3.76308e-15
5151.39  3.7543e-15
5152.84  3.74883e-15
5154.29  3.74662e-15
5155.75  3.74723e-15
5157.2   3.74996e-15
5158.65  3.75403e-15
5160.11  3.75874e-15
5161.56  3.7636e-15
5163.01  3.76842e-15
5164.47  3.77333e-15
5165.92  3.77874e-15
5167.37  3.78519e-15
5168.83  3.79324e-15
5170.28  3.80327e-15
5171.73  3.81544e-15
5173.18  3.82957e-15
5174.64  3.84515e-15
5176.09  3.86143e-15
5177.54  3.87752e-15
5179     3.89253e-15
5180.45  3.90572e-15
5181.9   3.91662e-15
5183.36  3.92508e-15
5184.81  3.9313e-15
5186.26  3.93577e-15
5187.72  3.93918e-15
5189.17  3.94225e-15
5190.62  3.94564e-15
5192.08  3.94976e-15
5193.53  3.9547e-15
5194.98  3.96022e-15
5196.44  3.9657e-15
5197.89  3.97028e-15
5199.34  3.97297e-15
5200.79  3.97274e-15
5202.25  3.96874e-15
5203.7   3.96034e-15
5205.15  3.94727e-15
5206.61  3.92963e-15
5208.06  3.90789e-15
5209.51  3.88284e-15
5210.97  3.85551e-15
5212.42  3.82706e-15
5213.87  3.79866e-15
5215.33  3.77135e-15
5216.78  3.74595e-15
5218.23  3.72295e-15
5219.69  3.70243e-15
5221.14  3.68402e-15
5222.59  3.66695e-15
5224.05  3.65012e-15
5225.5   3.63222e-15
5226.95  3.6119e-15
5228.41  3.58801e-15
5229.86  3.55968e-15
5231.31  3.52656e-15
5232.76  3.48879e-15
5234.22  3.44705e-15
5235.67  3.4024e-15
5237.12  3.35616e-15
5238.58  3.30967e-15
5240.03  3.2641e-15
5241.48  3.22034e-15
5242.94  3.17888e-15
5244.39  3.1398e-15
5245.84  3.10291e-15
5247.3   3.06782e-15
5248.75  3.03415e-15
5250.2   3.00163e-15
5251.66  2.9702e-15
5253.11  2.94006e-15
5254.56  2.91158e-15
5256.02  2.88522e-15
5257.47  2.86138e-15
5258.92  2.84024e-15
5260.37  2.82175e-15
5261.83  2.80551e-15
5263.28  2.79089e-15
5264.73  2.77713e-15
5266.19  2.76353e-15
5267.64  2.74958e-15
5269.09  2.73515e-15
5270.55  2.72053e-15
5272     2.70644e-15
5273.45  2.69386e-15
5274.91  2.68393e-15
5276.36  2.67765e-15
5277.81  2.67569e-15
5279.27  2.67826e-15
5280.72  2.68499e-15
5282.17  2.69498e-15
5283.63  2.70691e-15
5285.08  2.71924e-15
5286.53  2.73046e-15
5287.99  2.73928e-15
5289.44  2.74484e-15
5290.89  2.74677e-15
5292.34  2.74524e-15
5293.8   2.7408e-15
5295.25  2.73432e-15
5296.7   2.72672e-15
5298.16  2.71886e-15
5299.61  2.71139e-15
5301.06  2.70465e-15
5302.52  2.69873e-15
5303.97  2.6935e-15
5305.42  2.68872e-15
5306.88  2.6842e-15
5308.33  2.67986e-15
5309.78  2.67585e-15
5311.24  2.67255e-15
5312.69  2.67051e-15
5314.14  2.67037e-15
5315.6   2.67273e-15
5317.05  2.67802e-15
5318.5   2.6864e-15
5319.95  2.69766e-15
5321.41  2.71128e-15
5322.86  2.72644e-15
5324.31  2.74219e-15
5325.77  2.75756e-15
5327.22  2.77178e-15
5328.67  2.7844e-15
5330.13  2.79536e-15
5331.58  2.8051e-15
5333.03  2.81441e-15
5334.49  2.8244e-15
5335.94  2.83623e-15
5337.39  2.85098e-15
5338.85  2.8694e-15
5340.3   2.89172e-15
5341.75  2.91761e-15
5343.21  2.94616e-15
5344.66  2.97592e-15
5346.11  3.00514e-15
5347.57  3.03196e-15
5349.02  3.05467e-15
5350.47  3.07194e-15
5351.92  3.08301e-15
5353.38  3.08774e-15
5354.83  3.08666e-15
5356.28  3.08085e-15
5357.74  3.07177e-15
5359.19  3.06106e-15
5360.64  3.05038e-15
5362.1   3.04113e-15
5363.55  3.03441e-15
5365     3.03086e-15
5366.46  3.03067e-15
5367.91  3.03361e-15
5369.36  3.03907e-15
5370.82  3.04618e-15
5372.27  3.05388e-15
5373.72  3.06105e-15
5375.18  3.06659e-15
5376.63  3.06951e-15
5378.08  3.06904e-15
5379.53  3.06464e-15
5380.99  3.05608e-15
5382.44  3.04349e-15
5383.89  3.0273e-15
5385.35  3.00828e-15
5386.8   2.98746e-15
5388.25  2.96604e-15
5389.71  2.9453e-15
5391.16  2.92645e-15
5392.61  2.91049e-15
5394.07  2.89805e-15
5395.52  2.88933e-15
5396.97  2.88394e-15
5398.43  2.88097e-15
5399.88  2.87904e-15
5401.33  2.87644e-15
5402.79  2.87136e-15
5404.24  2.8622e-15
5405.69  2.8478e-15
5407.15  2.82772e-15
5408.6   2.80238e-15
5410.05  2.7731e-15
5411.5   2.74195e-15
5412.96  2.71156e-15
5414.41  2.6847e-15
5415.86  2.6639e-15
5417.32  2.65099e-15
5418.77  2.64681e-15
5420.22  2.65095e-15
5421.68  2.6618e-15
5423.13  2.67668e-15
5424.58  2.69221e-15
5426.04  2.70479e-15
5427.49  2.71115e-15
5428.94  2.70877e-15
5430.4   2.69631e-15
5431.85  2.6738e-15
5433.3   2.64255e-15
5434.76  2.60502e-15
5436.21  2.56433e-15
5437.66  2.52384e-15
5439.12  2.48662e-15
5440.57  2.45499e-15
5442.02  2.43026e-15
5443.47  2.41259e-15
5444.93  2.40103e-15
5446.38  2.39383e-15
5447.83  2.38877e-15
5449.29  2.3836e-15
5450.74  2.37647e-15
5452.19  2.36628e-15
5453.65  2.35288e-15
5455.1   2.33708e-15
5456.55  2.32056e-15
5458.01  2.30557e-15
5459.46  2.29455e-15
5460.91  2.28972e-15
5462.37  2.29273e-15
5463.82  2.30439e-15
5465.27  2.32448e-15
5466.73  2.35184e-15
5468.18  2.38452e-15
5469.63  2.42003e-15
5471.08  2.45576e-15
5472.54  2.48932e-15
5473.99  2.51884e-15
5475.44  2.54322e-15
5476.9   2.56219e-15
5478.35  2.57631e-15
5479.8   2.58679e-15
5481.26  2.59529e-15
5482.71  2.60363e-15
5484.16  2.6136e-15
5485.62  2.62668e-15
5487.07  2.64395e-15
5488.52  2.66604e-15
5489.98  2.6931e-15
5491.43  2.72488e-15
5492.88  2.76081e-15
5494.34  2.80006e-15
5495.79  2.84166e-15
5497.24  2.8845e-15
5498.7   2.92743e-15
5500.15  2.96924e-15
5501.6   3.00876e-15
5503.05  3.04492e-15
5504.51  3.07681e-15
5505.96  3.10381e-15
5507.41  3.12568e-15
5508.87  3.14267e-15
5510.32  3.1555e-15
5511.77  3.16535e-15
5513.23  3.17377e-15
5514.68  3.18248e-15
5516.13  3.19317e-15
5517.59  3.20728e-15
5519.04  3.22579e-15
5520.49  3.24912e-15
5521.95  3.27703e-15
5523.4   3.3087e-15
5524.85  3.34285e-15
5526.31  3.37793e-15
5527.76  3.41237e-15
5529.21  3.44476e-15
5530.66  3.47409e-15
5532.12  3.49976e-15
5533.57  3.52173e-15
5535.02  3.54038e-15
5536.48  3.55643e-15
5537.93  3.57082e-15
5539.38  3.58447e-15
5540.84  3.59818e-15
5542.29  3.61251e-15
5543.74  3.62766e-15
5545.2   3.64348e-15
5546.65  3.65949e-15
5548.1   3.67495e-15
5549.56  3.68893e-15
5551.01  3.70048e-15
5552.46  3.70869e-15
5553.92  3.71282e-15
5555.37  3.71243e-15
5556.82  3.70738e-15
5558.28  3.69794e-15
5559.73  3.6848e-15
5561.18  3.66899e-15
5562.63  3.65189e-15
5564.09  3.63507e-15
5565.54  3.62017e-15
5566.99  3.60872e-15
5568.45  3.60199e-15
5569.9   3.6008e-15
5571.35  3.60538e-15
5572.81  3.61536e-15
5574.26  3.6297e-15
5575.71  3.64685e-15
5577.17  3.66487e-15
5578.62  3.68172e-15
5580.07  3.6955e-15
5581.53  3.70472e-15
5582.98  3.70851e-15
5584.43  3.70679e-15
5585.89  3.70028e-15
5587.34  3.69039e-15
5588.79  3.67901e-15
5590.24  3.66827e-15
5591.7   3.66013e-15
5593.15  3.65614e-15
5594.6   3.65714e-15
5596.06  3.66315e-15
5597.51  3.67335e-15
5598.96  3.68626e-15
5600.42  3.69996e-15
5601.87  3.71246e-15
5603.32  3.72204e-15
5604.78  3.72755e-15
5606.23  3.72862e-15
5607.68  3.72576e-15
5609.14  3.72023e-15
5610.59  3.71385e-15
5612.04  3.70864e-15
5613.5   3.70651e-15
5614.95  3.70888e-15
5616.4   3.71641e-15
5617.86  3.72889e-15
5619.31  3.74527e-15
5620.76  3.76384e-15
5622.21  3.78249e-15
5623.67  3.79914e-15
5625.12  3.81201e-15
5626.57  3.82e-15
5628.03  3.82275e-15
5629.48  3.82077e-15
5630.93  3.81519e-15
5632.39  3.80757e-15
5633.84  3.79955e-15
5635.29  3.79253e-15
5636.75  3.7874e-15
5638.2   3.78441e-15
5639.65  3.78316e-15
5641.11  3.78269e-15
5642.56  3.78178e-15
5644.01  3.77921e-15
5645.47  3.77402e-15
5646.92  3.76578e-15
5648.37  3.75465e-15
5649.83  3.74143e-15
5651.28  3.72737e-15
5652.73  3.71398e-15
5654.18  3.70275e-15
5655.64  3.69492e-15
5657.09  3.69124e-15
5658.54  3.69187e-15
5660     3.69638e-15
5661.45  3.70379e-15
5662.9   3.7128e-15
5664.36  3.72194e-15
5665.81  3.7298e-15
5667.26  3.7352e-15
5668.72  3.73733e-15
5670.17  3.73583e-15
5671.62  3.73076e-15
5673.08  3.72258e-15
5674.53  3.71209e-15
5675.98  3.70029e-15
5677.44  3.6883e-15
5678.89  3.67721e-15
5680.34  3.66805e-15
5681.79  3.66161e-15
5683.25  3.65841e-15
5684.7   3.6586e-15
5686.15  3.66192e-15
5687.61  3.66771e-15
5689.06  3.67491e-15
5690.51  3.6822e-15
5691.97  3.68805e-15
5693.42  3.691e-15
5694.87  3.68975e-15
5696.33  3.6834e-15
5697.78  3.6716e-15
5699.23  3.6546e-15
5700.69  3.63329e-15
5702.14  3.60906e-15
5703.59  3.58372e-15
5705.05  3.5592e-15
5706.5   3.53738e-15
5707.95  3.51979e-15
5709.41  3.50746e-15
5710.86  3.50078e-15
5712.31  3.49948e-15
5713.76  3.50266e-15
5715.22  3.50894e-15
5716.67  3.5166e-15
5718.12  3.52381e-15
5719.58  3.52883e-15
5721.03  3.53019e-15
5722.48  3.52688e-15
5723.94  3.51837e-15
5725.39  3.50473e-15
5726.84  3.48658e-15
5728.3   3.46501e-15
5729.75  3.44152e-15
5731.2   3.41779e-15
5732.66  3.39556e-15
5734.11  3.37644e-15
5735.56  3.36167e-15
5737.02  3.35205e-15
5738.47  3.3478e-15
5739.92  3.34852e-15
5741.37  3.35325e-15
5742.83  3.36058e-15
5744.28  3.36882e-15
5745.73  3.37622e-15
5747.19  3.38117e-15
5748.64  3.38241e-15
5750.09  3.37918e-15
5751.55  3.37128e-15
5753     3.3591e-15
5754.45  3.3435e-15
5755.91  3.32569e-15
5757.36  3.30705e-15
5758.81  3.28892e-15
5760.27  3.27244e-15
5761.72  3.25841e-15
5763.17  3.24725e-15
5764.63  3.23895e-15
5766.08  3.23316e-15
5767.53  3.2293e-15
5768.99  3.22669e-15
5770.44  3.22465e-15
5771.89  3.22268e-15
5773.34  3.2205e-15
5774.8   3.21813e-15
5776.25  3.21583e-15
5777.7   3.21413e-15
5779.16  3.21364e-15
5780.61  3.21507e-15
5782.06  3.21901e-15
5783.52  3.2259e-15
5784.97  3.23591e-15
5786.42  3.24895e-15
5787.88  3.26457e-15
5789.33  3.28208e-15
5790.78  3.30056e-15
5792.24  3.31895e-15
5793.69  3.33617e-15
5795.14  3.35125e-15
5796.6   3.36337e-15
5798.05  3.37203e-15
5799.5   3.377e-15
5800.95  3.37841e-15
5802.41  3.3767e-15
5803.86  3.37257e-15
5805.31  3.36687e-15
5806.77  3.36055e-15
5808.22  3.35452e-15
5809.67  3.34962e-15
5811.13  3.3465e-15
5812.58  3.34562e-15
5814.03  3.34726e-15
5815.49  3.35152e-15
5816.94  3.35836e-15
5818.39  3.3677e-15
5819.85  3.37941e-15
5821.3   3.39336e-15
5822.75  3.40943e-15
5824.21  3.42747e-15
5825.66  3.44722e-15
5827.11  3.46827e-15
5828.57  3.49003e-15
5830.02  3.51163e-15
5831.47  3.53205e-15
5832.92  3.55013e-15
5834.38  3.56474e-15
5835.83  3.57499e-15
5837.28  3.58036e-15
5838.74  3.58091e-15
5840.19  3.57733e-15
5841.64  3.57095e-15
5843.1   3.56358e-15
5844.55  3.55733e-15
5846     3.55426e-15
5847.46  3.55611e-15
5848.91  3.56399e-15
5850.36  3.57815e-15
5851.82  3.59797e-15
5853.27  3.62198e-15
5854.72  3.64815e-15
5856.18  3.67411e-15
5857.63  3.69761e-15
5859.08  3.71681e-15
5860.54  3.73055e-15
5861.99  3.73846e-15
5863.44  3.74093e-15
5864.89  3.73892e-15
5866.35  3.7337e-15
5867.8   3.72652e-15
5869.25  3.71831e-15
5870.71  3.70951e-15
5872.16  3.7e-15
5873.61  3.68921e-15
5875.07  3.67631e-15
5876.52  3.66056e-15
5877.97  3.64161e-15
5879.43  3.61974e-15
5880.88  3.596e-15
5882.33  3.57222e-15
5883.79  3.5508e-15
5885.24  3.53442e-15
5886.69  3.52568e-15
5888.15  3.52666e-15
5889.6   3.53866e-15
5891.05  3.56191e-15
5892.5   3.59557e-15
5893.96  3.63781e-15
5895.41  3.68598e-15
5896.86  3.73701e-15
5898.32  3.78769e-15
5899.77  3.83508e-15
5901.22  3.8767e-15
5902.68  3.91079e-15
5904.13  3.93636e-15
5905.58  3.95315e-15
5907.04  3.9616e-15
5908.49  3.96265e-15
5909.94  3.95761e-15
5911.4   3.94802e-15
5912.85  3.93549e-15
5914.3   3.92164e-15
5915.76  3.90797e-15
5917.21  3.89582e-15
5918.66  3.88629e-15
5920.12  3.88021e-15
5921.57  3.87804e-15
5923.02  3.87989e-15
5924.47  3.88543e-15
5925.93  3.89397e-15
5927.38  3.90449e-15
5928.83  3.91574e-15
5930.29  3.92644e-15
5931.74  3.93534e-15
5933.19  3.94151e-15
5934.65  3.94435e-15
5936.1   3.94377e-15
5937.55  3.94015e-15
5939.01  3.93428e-15
5940.46  3.92731e-15
5941.91  3.92049e-15
5943.37  3.91503e-15
5944.82  3.91193e-15
5946.27  3.91175e-15
5947.73  3.91459e-15
5949.18  3.92001e-15
5950.63  3.92712e-15
5952.08  3.9347e-15
5953.54  3.94137e-15
5954.99  3.94586e-15
5956.44  3.94718e-15
5957.9   3.94481e-15
5959.35  3.93882e-15
5960.8   3.92984e-15
5962.26  3.91897e-15
5963.71  3.90762e-15
5965.16  3.89724e-15
5966.62  3.88906e-15
5968.07  3.88387e-15
5969.52  3.88187e-15
5970.98  3.88263e-15
5972.43  3.88514e-15
5973.88  3.88804e-15
5975.34  3.88988e-15
5976.79  3.88939e-15
5978.24  3.88577e-15
5979.7   3.87884e-15
5981.15  3.86912e-15
5982.6   3.85775e-15
5984.05  3.84629e-15
5985.51  3.83646e-15
5986.96  3.82981e-15
5988.41  3.82748e-15
5989.87  3.82993e-15
5991.32  3.8369e-15
5992.77  3.84736e-15
5994.23  3.85973e-15
5995.68  3.87203e-15
5997.13  3.8822e-15
5998.59  3.8884e-15
6000.04  3.88918e-15
6001.49  3.88374e-15
6002.95  3.87194e-15
6004.4   3.85432e-15
6005.85  3.83198e-15
6007.31  3.80639e-15
6008.76  3.77925e-15
6010.21  3.75218e-15
6011.66  3.72663e-15
6013.12  3.70365e-15
6014.57  3.68386e-15
6016.02  3.66737e-15
6017.48  3.65381e-15
6018.93  3.64242e-15
6020.38  3.6321e-15
6021.84  3.62156e-15
6023.29  3.60941e-15
6024.74  3.59431e-15
6026.2   3.57504e-15
6027.65  3.5506e-15
6029.1   3.52028e-15
6030.56  3.4837e-15
6032.01  3.44085e-15
6033.46  3.39209e-15
6034.92  3.33811e-15
6036.37  3.2799e-15
6037.82  3.21869e-15
6039.28  3.15581e-15
6040.73  3.09263e-15
6042.18  3.03038e-15
6043.63  2.97007e-15
6045.09  2.91238e-15
6046.54  2.85758e-15
6047.99  2.80552e-15
6049.45  2.75568e-15
6050.9   2.70724e-15
6052.35  2.65927e-15
6053.81  2.61085e-15
6055.26  2.56123e-15
6056.71  2.51003e-15
6058.17  2.45725e-15
6059.62  2.40338e-15
6061.07  2.34926e-15
6062.53  2.29604e-15
6063.98  2.24499e-15
6065.43  2.19728e-15
6066.89  2.15386e-15
6068.34  2.11527e-15
6069.79  2.08157e-15
6071.24  2.05231e-15
6072.7   2.02662e-15
6074.15  2.00329e-15
6075.6   1.98094e-15
6077.06  1.95823e-15
6078.51  1.93402e-15
6079.96  1.9075e-15
6081.42  1.87828e-15
6082.87  1.84645e-15
6084.32  1.81245e-15
6085.78  1.77705e-15
6087.23  1.74117e-15
6088.68  1.70574e-15
6090.14  1.67159e-15
6091.59  1.63933e-15
6093.04  1.60935e-15
6094.5   1.58178e-15
6095.95  1.55655e-15
6097.4   1.5335e-15
6098.86  1.5124e-15
6100.31  1.49301e-15
6101.76  1.47516e-15
6103.21  1.45869e-15
6104.67  1.44348e-15
6106.12  1.4294e-15
6107.57  1.41628e-15
6109.03  1.40396e-15
6110.48  1.39223e-15
6111.93  1.38093e-15
6113.39  1.36997e-15
6114.84  1.3594e-15
6116.29  1.34939e-15
6117.75  1.34022e-15
6119.2   1.33228e-15
6120.65  1.32595e-15
6122.11  1.32152e-15
6123.56  1.31915e-15
6125.01  1.3188e-15
6126.47  1.32021e-15
6127.92  1.32295e-15
6129.37  1.32651e-15
6130.83  1.33036e-15
6132.28  1.33406e-15
6133.73  1.33738e-15
6135.18  1.3403e-15
6136.64  1.34305e-15
6138.09  1.34606e-15
6139.54  1.3499e-15
6141     1.35513e-15
6142.45  1.36225e-15
6143.9   1.37155e-15
6145.36  1.38309e-15
6146.81  1.39667e-15
6148.26  1.41186e-15
6149.72  1.42804e-15
6151.17  1.44457e-15
6152.62  1.46083e-15
6154.08  1.47638e-15
6155.53  1.49105e-15
6156.98  1.50495e-15
6158.44  1.51849e-15
6159.89  1.53234e-15
6161.34  1.54731e-15
6162.79  1.56428e-15
6164.25  1.584e-15
6165.7   1.60704e-15
6167.15  1.63367e-15
6168.61  1.66382e-15
6170.06  1.69709e-15
6171.51  1.73282e-15
6172.97  1.77019e-15
6174.42  1.80831e-15
6175.87  1.84637e-15
6177.33  1.88367e-15
6178.78  1.91975e-15
6180.23  1.95435e-15
6181.69  1.9874e-15
6183.14  2.01899e-15
6184.59  2.04926e-15
6186.05  2.07835e-15
6187.5   2.1064e-15
6188.95  2.13348e-15
6190.41  2.15966e-15
6191.86  2.18502e-15
6193.31  2.20969e-15
6194.76  2.23394e-15
6196.22  2.25819e-15
6197.67  2.283e-15
6199.12  2.30904e-15
6200.58  2.33697e-15
6202.03  2.36739e-15
6203.48  2.40069e-15
6204.94  2.43693e-15
6206.39  2.47581e-15
6207.84  2.51661e-15
6209.3   2.55829e-15
6210.75  2.59953e-15
6212.2   2.63895e-15
6213.66  2.67524e-15
6215.11  2.7074e-15
6216.56  2.73482e-15
6218.02  2.7574e-15
6219.47  2.77558e-15
6220.92  2.79026e-15
6222.37  2.80265e-15
6223.83  2.81418e-15
6225.28  2.8262e-15
6226.73  2.83989e-15
6228.19  2.85606e-15
6229.64  2.87511e-15
6231.09  2.89697e-15
6232.55  2.92122e-15
6234     2.94715e-15
6235.45  2.97395e-15
6236.91  3.00085e-15
6238.36  3.02728e-15
6239.81  3.05295e-15
6241.27  3.07787e-15
6242.72  3.10236e-15
6244.17  3.12689e-15
6245.63  3.152e-15
6247.08  3.17808e-15
6248.53  3.2053e-15
6249.99  3.23345e-15
6251.44  3.26196e-15
6252.89  3.28992e-15
6254.34  3.31622e-15
6255.8   3.33969e-15
6257.25  3.35938e-15
6258.7   3.37464e-15
6260.16  3.38539e-15
6261.61  3.39206e-15
6263.06  3.39568e-15
6264.52  3.39769e-15
6265.97  3.39975e-15
6267.42  3.40352e-15
6268.88  3.41035e-15
6270.33  3.42107e-15
6271.78  3.43582e-15
6273.24  3.45403e-15
6274.69  3.47445e-15
6276.14  3.49533e-15
6277.6   3.51476e-15
6279.05  3.53094e-15
6280.5   3.54252e-15
6281.95  3.54885e-15
6283.41  3.55016e-15
6284.86  3.54748e-15
6286.31  3.54253e-15
6287.77  3.5374e-15
6289.22  3.53418e-15
6290.67  3.5346e-15
6292.13  3.53968e-15
6293.58  3.54953e-15
6295.03  3.56337e-15
6296.49  3.57966e-15
6297.94  3.59638e-15
6299.39  3.61141e-15
6300.85  3.62297e-15
6302.3   3.62991e-15
6303.75  3.63193e-15
6305.21  3.62962e-15
6306.66  3.62434e-15
6308.11  3.61798e-15
6309.57  3.61258e-15
6311.02  3.60997e-15
6312.47  3.61148e-15
6313.92  3.61767e-15
6315.38  3.6283e-15
6316.83  3.64232e-15
6318.28  3.65808e-15
6319.74  3.67355e-15
6321.19  3.68664e-15
6322.64  3.69548e-15
6324.1   3.69866e-15
6325.55  3.69539e-15
6327     3.68559e-15
6328.46  3.66988e-15
6329.91  3.64948e-15
6331.36  3.62606e-15
6332.82  3.60154e-15
6334.27  3.57793e-15
6335.72  3.55705e-15
6337.18  3.5404e-15
6338.63  3.52901e-15
6340.08  3.52334e-15
6341.54  3.52326e-15
6342.99  3.52802e-15
6344.44  3.53643e-15
6345.89  3.54689e-15
6347.35  3.55765e-15
6348.8   3.56695e-15
6350.25  3.57325e-15
6351.71  3.57539e-15
6353.16  3.57272e-15
6354.61  3.56519e-15
6356.07  3.55333e-15
6357.52  3.53823e-15
6358.97  3.52134e-15
6360.43  3.50436e-15
6361.88  3.48897e-15
6363.33  3.47661e-15
6364.79  3.46832e-15
6366.24  3.46457e-15
6367.69  3.46517e-15
6369.15  3.46935e-15
6370.6   3.47581e-15
6372.05  3.48293e-15
6373.5   3.489e-15
6374.96  3.49249e-15
6376.41  3.49226e-15
6377.86  3.48769e-15
6379.32  3.47881e-15
6380.77  3.46626e-15
6382.22  3.45114e-15
6383.68  3.43486e-15
6385.13  3.41889e-15
6386.58  3.40451e-15
6388.04  3.39264e-15
6389.49  3.38368e-15
6390.94  3.3775e-15
6392.4   3.37348e-15
6393.85  3.37066e-15
6395.3   3.3679e-15
6396.76  3.36416e-15
6398.21  3.35864e-15
6399.66  3.35099e-15
6401.12  3.34134e-15
6402.57  3.3303e-15
6404.02  3.31885e-15
6405.47  3.3082e-15
6406.93  3.29953e-15
6408.38  3.29378e-15
6409.83  3.29149e-15
6411.29  3.29266e-15
6412.74  3.29671e-15
6414.19  3.30256e-15
6415.65  3.30876e-15
6417.1   3.31372e-15
6418.55  3.31593e-15
6420.01  3.3142e-15
6421.46  3.30784e-15
6422.91  3.29681e-15
6424.37  3.28167e-15
6425.82  3.26358e-15
6427.27  3.24411e-15
6428.73  3.22503e-15
6430.18  3.20806e-15
6431.63  3.19467e-15
6433.08  3.18584e-15
6434.54  3.18199e-15
6435.99  3.18287e-15
6437.44  3.18766e-15
6438.9   3.19505e-15
6440.35  3.20342e-15
6441.8   3.21102e-15
6443.26  3.21623e-15
6444.71  3.21768e-15
6446.16  3.21448e-15
6447.62  3.20623e-15
6449.07  3.19309e-15
6450.52  3.17576e-15
6451.98  3.15535e-15
6453.43  3.13325e-15
6454.88  3.11098e-15
6456.34  3.09003e-15
6457.79  3.07165e-15
6459.24  3.05679e-15
6460.7   3.04594e-15
6462.15  3.03916e-15
6463.6   3.03607e-15
6465.05  3.03591e-15
6466.51  3.03767e-15
6467.96  3.04018e-15
6469.41  3.0423e-15
6470.87  3.04302e-15
6472.32  3.04158e-15
6473.77  3.03752e-15
6475.23  3.03073e-15
6476.68  3.02145e-15
6478.13  3.01019e-15
6479.59  2.9977e-15
6481.04  2.98481e-15
6482.49  2.97237e-15
6483.95  2.96109e-15
6485.4   2.95149e-15
6486.85  2.94382e-15
6488.31  2.93804e-15
6489.76  2.93381e-15
6491.21  2.93057e-15
6492.66  2.92761e-15
6494.12  2.92419e-15
6495.57  2.91964e-15
6497.02  2.91349e-15
6498.48  2.9055e-15
6499.93  2.89576e-15
6501.38  2.88464e-15
6502.84  2.87275e-15
6504.29  2.8609e-15
6505.74  2.84992e-15
6507.2   2.84061e-15
6508.65  2.8336e-15
6510.1   2.8293e-15
6511.56  2.82779e-15
6513.01  2.8289e-15
6514.46  2.83216e-15
6515.92  2.83692e-15
6517.37  2.84242e-15
6518.82  2.84788e-15
6520.28  2.85261e-15
6521.73  2.85606e-15
6523.18  2.85788e-15
6524.63  2.8579e-15
6526.09  2.85609e-15
6527.54  2.85254e-15
6528.99  2.84738e-15
6530.45  2.84075e-15
6531.9   2.83275e-15
6533.35  2.82349e-15
6534.81  2.81311e-15
6536.26  2.80185e-15
6537.71  2.79014e-15
6539.17  2.77858e-15
6540.62  2.76801e-15
6542.07  2.75939e-15
6543.53  2.7537e-15
6544.98  2.75179e-15
6546.43  2.75417e-15
6547.89  2.76088e-15
6549.34  2.77134e-15
6550.79  2.78438e-15
6552.25  2.79828e-15
6553.7   2.81104e-15
6555.15  2.82056e-15
6556.6   2.82503e-15
6558.06  2.82322e-15
6559.51  2.81465e-15
6560.96  2.7998e-15
6562.42  2.77999e-15
6563.87  2.75724e-15
6565.32  2.73399e-15
6566.78  2.7127e-15
6568.23  2.69548e-15
6569.68  2.68381e-15
6571.14  2.67825e-15
6572.59  2.67846e-15
6574.04  2.68325e-15
6575.5   2.69081e-15
6576.95  2.69901e-15
6578.4   2.70576e-15
6579.86  2.70931e-15
6581.31  2.70848e-15
6582.76  2.70274e-15
6584.21  2.69223e-15
6585.67  2.67765e-15
6587.12  2.66004e-15
6588.57  2.64061e-15
6590.03  2.62053e-15
6591.48  2.6008e-15
6592.93  2.5822e-15
6594.39  2.56527e-15
6595.84  2.55035e-15
6597.29  2.53767e-15
6598.75  2.5274e-15
6600.2   2.51968e-15
6601.65  2.51465e-15
6603.11  2.51233e-15
6604.56  2.51262e-15
6606.01  2.51519e-15
6607.47  2.51948e-15
6608.92  2.52464e-15
6610.37  2.52966e-15
6611.83  2.53345e-15
6613.28  2.53497e-15
6614.73  2.53345e-15
6616.18  2.52847e-15
6617.64  2.52008e-15
6619.09  2.50877e-15
6620.54  2.49548e-15
6622     2.48136e-15
6623.45  2.46769e-15
6624.9   2.4556e-15
6626.36  2.44592e-15
6627.81  2.43905e-15
6629.26  2.4349e-15
6630.72  2.43294e-15
6632.17  2.43225e-15
6633.62  2.43177e-15
6635.08  2.43043e-15
6636.53  2.42734e-15
6637.98  2.42202e-15
6639.44  2.41438e-15
6640.89  2.40484e-15
6642.34  2.39422e-15
6643.79  2.38363e-15
6645.25  2.37428e-15
6646.7   2.36735e-15
6648.15  2.36376e-15
6649.61  2.36408e-15
6651.06  2.36838e-15
6652.51  2.37629e-15
6653.97  2.38698e-15
6655.42  2.39927e-15
6656.87  2.41179e-15
6658.33  2.42313e-15
6659.78  2.43199e-15
6661.23  2.43735e-15
6662.69  2.43854e-15
6664.14  2.43532e-15
6665.59  2.42793e-15
6667.05  2.41698e-15
6668.5   2.40346e-15
6669.95  2.38857e-15
6671.41  2.37365e-15
6672.86  2.35995e-15
6674.31  2.34858e-15
6675.76  2.34032e-15
6677.22  2.33556e-15
6678.67  2.33421e-15
6680.12  2.33573e-15
6681.58  2.33917e-15
6683.03  2.34328e-15
6684.48  2.34668e-15
6685.94  2.34806e-15
6687.39  2.34635e-15
6688.84  2.34094e-15
6690.3   2.33177e-15
6691.75  2.31939e-15
6693.2   2.30492e-15
6694.66  2.28993e-15
6696.11  2.27621e-15
6697.56  2.2655e-15
6699.02  2.25926e-15
6700.47  2.25839e-15
6701.92  2.26309e-15
6703.37  2.27277e-15
6704.83  2.28612e-15
6706.28  2.30128e-15
6707.73  2.31606e-15
6709.19  2.32825e-15
6710.64  2.33595e-15
6712.09  2.33779e-15
6713.55  2.33314e-15
6715     2.32216e-15
6716.45  2.30579e-15
6717.91  2.28557e-15
6719.36  2.26346e-15
6720.81  2.24155e-15
6722.27  2.2218e-15
6723.72  2.2058e-15
6725.17  2.19456e-15
6726.63  2.18845e-15
6728.08  2.18713e-15
6729.53  2.18965e-15
6730.99  2.19456e-15
6732.44  2.20018e-15
6733.89  2.20475e-15
6735.34  2.20675e-15
6736.8   2.20506e-15
6738.25  2.19913e-15
6739.7   2.18906e-15
6741.16  2.17559e-15
6742.61  2.16e-15
6744.06  2.14392e-15
6745.52  2.12908e-15
6746.97  2.11708e-15
6748.42  2.10912e-15
6749.88  2.10584e-15
6751.33  2.10719e-15
6752.78  2.11247e-15
6754.24  2.1204e-15
6755.69  2.12934e-15
6757.14  2.13753e-15
6758.6   2.14338e-15
6760.05  2.14568e-15
6761.5   2.14378e-15
6762.95  2.13768e-15
6764.41  2.12797e-15
6765.86  2.11573e-15
6767.31  2.10229e-15
6768.77  2.08904e-15
6770.22  2.07717e-15
6771.67  2.06756e-15
6773.13  2.06058e-15
6774.58  2.05621e-15
6776.03  2.054e-15
6777.49  2.05326e-15
6778.94  2.05323e-15
6780.39  2.05318e-15
6781.85  2.05258e-15
6783.3   2.05116e-15
6784.75  2.04889e-15
6786.21  2.04596e-15
6787.66  2.0427e-15
6789.11  2.03949e-15
6790.57  2.03666e-15
6792.02  2.03445e-15
6793.47  2.03298e-15
6794.92  2.03226e-15
6796.38  2.03224e-15
6797.83  2.03284e-15
6799.28  2.03402e-15
6800.74  2.03581e-15
6802.19  2.03832e-15
6803.64  2.0417e-15
6805.1   2.04611e-15
6806.55  2.05167e-15
6808     2.05836e-15
6809.46  2.06594e-15
6810.91  2.07394e-15
6812.36  2.08166e-15
6813.82  2.08819e-15
6815.27  2.09251e-15
6816.72  2.09364e-15
6818.18  2.09079e-15
6819.63  2.08352e-15
6821.08  2.07186e-15
6822.54  2.05643e-15
6823.99  2.03836e-15
6825.44  2.01926e-15
6826.89  2.00102e-15
6828.35  1.98557e-15
6829.8   1.97461e-15
6831.25  1.96936e-15
6832.71  1.97036e-15
6834.16  1.97735e-15
6835.61  1.98933e-15
6837.07  2.00461e-15
6838.52  2.02111e-15
6839.97  2.03661e-15
6841.43  2.04906e-15
6842.88  2.05688e-15
6844.33  2.0591e-15
6845.79  2.05552e-15
6847.24  2.04662e-15
6848.69  2.03344e-15
6850.15  2.01743e-15
6851.6   2.00012e-15
6853.05  1.98297e-15
6854.5   1.96716e-15
6855.96  1.95345e-15
6857.41  1.9422e-15
6858.86  1.93338e-15
6860.32  1.92671e-15
6861.77  1.92174e-15
6863.22  1.91799e-15
6864.68  1.91505e-15
6866.13  1.91266e-15
6867.58  1.91065e-15
6869.04  1.90898e-15
6870.49  1.90766e-15
6871.94  1.90671e-15
6873.4   1.9061e-15
6874.85  1.90573e-15
6876.3   1.90544e-15
6877.76  1.90503e-15
6879.21  1.90425e-15
6880.66  1.90289e-15
6882.12  1.90073e-15
6883.57  1.89761e-15
6885.02  1.89343e-15
6886.47  1.88811e-15
6887.93  1.88164e-15
6889.38  1.8741e-15
6890.83  1.8656e-15
6892.29  1.85639e-15
6893.74  1.84678e-15
6895.19  1.83719e-15
6896.65  1.82805e-15
6898.1   1.81985e-15
6899.55  1.81297e-15
6901.01  1.8077e-15
6902.46  1.80414e-15
6903.91  1.8022e-15
6905.37  1.80159e-15
6906.82  1.80187e-15
6908.27  1.8025e-15
6909.73  1.80293e-15
6911.18  1.80267e-15
6912.63  1.80134e-15
6914.08  1.79876e-15
6915.54  1.7949e-15
6916.99  1.78992e-15
6918.44  1.78408e-15
6919.9   1.77774e-15
6921.35  1.77125e-15
6922.8   1.76493e-15
6924.26  1.75905e-15
6925.71  1.75378e-15
6927.16  1.74921e-15
6928.62  1.74538e-15
6930.07  1.74226e-15
6931.52  1.73979e-15
6932.98  1.73789e-15
6934.43  1.7365e-15
6935.88  1.73551e-15
6937.34  1.73487e-15
6938.79  1.73448e-15
6940.24  1.73429e-15
6941.7   1.73423e-15
6943.15  1.73424e-15
6944.6   1.7343e-15
6946.05  1.73436e-15
6947.51  1.73442e-15
6948.96  1.73446e-15
6950.41  1.73449e-15
6951.87  1.7345e-15
6953.32  1.73451e-15
6954.77  1.73451e-15
6956.23  1.73451e-15
6957.68  1.73451e-15
6959.13  1.73451e-15
6960.59  1.73451e-15
6962.04  1.73451e-15
6963.49  1.73451e-15
6964.95  1.73451e-15