#-1.0178340491402282
3573  5.49513e-15
3574  5.49377e-15
3575  5.49379e-15
3576  5.49524e-15
3577  5.49817e-15
3578  5.50265e-15
3579  5.50873e-15
3580  5.51647e-15
3581  5.52591e-15
3582  5.53711e-15
3583  5.55011e-15
3584  5.56497e-15
3585  5.58172e-15
3586  5.6004e-15
3587  5.62107e-15
3588  5.64375e-15
3589  5.66847e-15
3590  5.69528e-15
3591  5.72419e-15
3592  5.75524e-15
3593  5.78844e-15
3594  5.82382e-15
3595  5.8614e-15
3596  5.90118e-15
3597  5.94318e-15
3598  5.9874e-15
3599  6.03385e-15
3600  6.08252e-15
3601  6.13341e-15
3602  6.18652e-15
3603  6.24183e-15
3604  6.29933e-15
3605  6.359e-15
3606  6.42081e-15
3607  6.48474e-15
3608  6.55077e-15
3609  6.61884e-15
3610  6.68894e-15
3611  6.76102e-15
3612  6.83502e-15
3613  6.91091e-15
3614  6.98864e-15
3615  7.06814e-15
3616  7.14936e-15
3617  7.23223e-15
3618  7.3167e-15
3619  7.40268e-15
3620  7.49011e-15
3621  7.57892e-15
3622  7.66902e-15
3623  7.76034e-15
3624  7.85278e-15
3625  7.94627e-15
3626  8.04072e-15
3627  8.13602e-15
3628  8.2321e-15
3629  8.32885e-15
3630  8.42618e-15
3631  8.52398e-15
3632  8.62216e-15
3633  8.72061e-15
3634  8.81923e-15
3635  8.91791e-15
3636  9.01655e-15
3637  9.11504e-15
3638  9.21327e-15
3639  9.31113e-15
3640  9.40852e-15
3641  9.50532e-15
3642  9.60144e-15
3643  9.69674e-15
3644  9.79114e-15
3645  9.88452e-15
3646  9.97678e-15
3647  1.00678e-14
3648  1.01575e-14
3649  1.02457e-14
3650  1.03324e-14
3651  1.04175e-14
3652  1.05008e-14
3653  1.05823e-14
3654  1.06618e-14
3655  1.07393e-14
3656  1.08147e-14
3657  1.08879e-14
3658  1.09588e-14
3659  1.10273e-14
3660  1.10934e-14
3661  1.11569e-14
3662  1.12178e-14
3663  1.1276e-14
3664  1.13315e-14
3665  1.13842e-14
3666  1.1434e-14
3667  1.14809e-14
3668  1.15249e-14
3669  1.15658e-14
3670  1.16036e-14
3671  1.16383e-14
3672  1.16699e-14
3673  1.16983e-14
3674  1.17235e-14
3675  1.17454e-14
3676  1.17641e-14
3677  1.17795e-14
3678  1.17917e-14
3679  1.18005e-14
3680  1.18061e-14
3681  1.18084e-14
3682  1.18074e-14
3683  1.18031e-14
3684  1.17956e-14
3685  1.17848e-14
3686  1.17708e-14
3687  1.17536e-14
3688  1.17333e-14
3689  1.17098e-14
3690  1.16832e-14
3691  1.16536e-14
3692  1.16209e-14
3693  1.15853e-14
3694  1.15468e-14
3695  1.15055e-14
3696  1.14613e-14
3697  1.14145e-14
3698  1.13649e-14
3699  1.13128e-14
3700  1.12582e-14
3701  1.12011e-14
3702  1.11416e-14
3703  1.10798e-14
3704  1.10159e-14
3705  1.09498e-14
3706  1.08816e-14
3707  1.08116e-14
3708  1.07396e-14
3709  1.06659e-14
3710  1.05905e-14
3711  1.05135e-14
3712  1.04351e-14
3713  1.03552e-14
3714  1.02741e-14
3715  1.01918e-14
3716  1.01084e-14
3717  1.0024e-14
3718  9.93868e-15
3719  9.8526e-15
3720  9.76584e-15
3721  9.67849e-15
3722  9.59066e-15
3723  9.50244e-15
3724  9.41394e-15
3725  9.32526e-15
3726  9.23649e-15
3727  9.14774e-15
3728  9.0591e-15
3729  8.97067e-15
3730  8.88255e-15
3731  8.79482e-15
3732  8.70758e-15
3733  8.62092e-15
3734  8.53494e-15
3735  8.44971e-15
3736  8.36533e-15
3737  8.28188e-15
3738  8.19945e-15
3739  8.1181e-15
3740  8.03792e-15
3741  7.95899e-15
3742  7.88139e-15
3743  7.80517e-15
3744  7.73041e-15
3745  7.65718e-15
3746  7.58555e-15
3747  7.51556e-15
3748  7.44729e-15
3749  7.38079e-15
3750  7.31612e-15
3751  7.25331e-15
3752  7.19244e-15
3753  7.13353e-15
3754  7.07663e-15
3755  7.02179e-15
3756  6.96905e-15
3757  6.91843e-15
3758  6.86998e-15
3759  6.82371e-15
3760  6.77967e-15
3761  6.73788e-15
3762  6.69835e-15
3763  6.66112e-15
3764  6.62619e-15
3765  6.59358e-15
3766  6.56332e-15
3767  6.5354e-15
3768  6.50984e-15
3769  6.48665e-15
3770  6.46582e-15
3771  6.44737e-15
3772  6.43129e-15
3773  6.41759e-15
3774  6.40625e-15
3775  6.39728e-15
3776  6.39067e-15
3777  6.38642e-15
3778  6.3845e-15
3779  6.38492e-15
3780  6.38766e-15
3781  6.39272e-15
3782  6.40006e-15
3783  6.40969e-15
3784  6.42158e-15
3785  6.43572e-15
3786  6.4521e-15
3787  6.47068e-15
3788  6.49147e-15
3789  6.51443e-15
3790  6.53955e-15
3791  6.56681e-15
3792  6.59619e-15
3793  6.62767e-15
3794  6.66124e-15
3795  6.69687e-15
3796  6.73454e-15
3797  6.77423e-15
3798  6.81594e-15
3799  6.85963e-15
3800  6.9053e-15
3801  6.95292e-15
3802  7.00249e-15
3803  7.05398e-15
3804  7.10737e-15
3805  7.16267e-15
3806  7.21985e-15
3807  7.2789e-15
3808  7.33982e-15
3809  7.40258e-15
3810  7.46719e-15
3811  7.53364e-15
3812  7.60191e-15
3813  7.67201e-15
3814  7.74393e-15
3815  7.81767e-15
3816  7.89321e-15
3817  7.97058e-15
3818  8.04975e-15
3819  8.13075e-15
3820  8.21356e-15
3821  8.29819e-15
3822  8.38465e-15
3823  8.47294e-15
3824  8.56307e-15
3825  8.65505e-15
3826  8.74888e-15
3827  8.84457e-15
3828  8.94214e-15
3829  9.04159e-15
3830  9.14294e-15
3831  9.24619e-15
3832  9.35136e-15
3833  9.45847e-15
3834  9.56752e-15
3835  9.67853e-15
3836  9.79151e-15
3837  9.90647e-15
3838  1.00234e-14
3839  1.01424e-14
3840  1.02634e-14
3841  1.03864e-14
3842  1.05115e-14
3843  1.06386e-14
3844  1.07678e-14
3845  1.08991e-14
3846  1.10324e-14
3847  1.11678e-14
3848  1.13053e-14
3849  1.14449e-14
3850  1.15867e-14
3851  1.17305e-14
3852  1.18764e-14
3853  1.20244e-14
3854  1.21744e-14
3855  1.23266e-14
3856  1.24808e-14
3857  1.26371e-14
3858  1.27954e-14
3859  1.29557e-14
3860  1.3118e-14
3861  1.32823e-14
3862  1.34486e-14
3863  1.36168e-14
3864  1.37868e-14
3865  1.39587e-14
3866  1.41324e-14
3867  1.43079e-14
3868  1.44851e-14
3869  1.46639e-14
3870  1.48444e-14
3871  1.50264e-14
3872  1.521e-14
3873  1.53949e-14
3874  1.55812e-14
3875  1.57688e-14
3876  1.59576e-14
3877  1.61476e-14
3878  1.63386e-14
3879  1.65305e-14
3880  1.67233e-14
3881  1.69169e-14
3882  1.71112e-14
3883  1.73061e-14
3884  1.75014e-14
3885  1.76971e-14
3886  1.7893e-14
3887  1.80891e-14
3888  1.82852e-14
3889  1.84811e-14
3890  1.86769e-14
3891  1.88723e-14
3892  1.90672e-14
3893  1.92615e-14
3894  1.94551e-14
3895  1.96478e-14
3896  1.98394e-14
3897  2.00299e-14
3898  2.02191e-14
3899  2.04069e-14
3900  2.0593e-14
3901  2.07775e-14
3902  2.096e-14
3903  2.11406e-14
3904  2.1319e-14
3905  2.1495e-14
3906  2.16686e-14
3907  2.18396e-14
3908  2.20079e-14
3909  2.21733e-14
3910  2.23356e-14
3911  2.24948e-14
3912  2.26506e-14
3913  2.28031e-14
3914  2.29519e-14
3915  2.3097e-14
3916  2.32383e-14
3917  2.33756e-14
3918  2.35089e-14
3919  2.36379e-14
3920  2.37626e-14
3921  2.38828e-14
3922  2.39985e-14
3923  2.41096e-14
3924  2.42159e-14
3925  2.43174e-14
3926  2.4414e-14
3927  2.45055e-14
3928  2.4592e-14
3929  2.46733e-14
3930  2.47493e-14
3931  2.48201e-14
3932  2.48856e-14
3933  2.49456e-14
3934  2.50003e-14
3935  2.50494e-14
3936  2.50931e-14
3937  2.51313e-14
3938  2.5164e-14
3939  2.51911e-14
3940  2.52127e-14
3941  2.52288e-14
3942  2.52393e-14
3943  2.52444e-14
3944  2.5244e-14
3945  2.52382e-14
3946  2.52271e-14
3947  2.52106e-14
3948  2.51888e-14
3949  2.51618e-14
3950  2.51298e-14
3951  2.50926e-14
3952  2.50505e-14
3953  2.50035e-14
3954  2.49517e-14
3955  2.48953e-14
3956  2.48343e-14
3957  2.47689e-14
3958  2.46991e-14
3959  2.46252e-14
3960  2.45472e-14
3961  2.44653e-14
3962  2.43796e-14
3963  2.42903e-14
3964  2.41976e-14
3965  2.41015e-14
3966  2.40023e-14
3967  2.39001e-14
3968  2.37952e-14
3969  2.36876e-14
3970  2.35775e-14
3971  2.34652e-14
3972  2.33507e-14
3973  2.32344e-14
3974  2.31163e-14
3975  2.29967e-14
3976  2.28758e-14
3977  2.27537e-14
3978  2.26306e-14
3979  2.25067e-14
3980  2.23822e-14
3981  2.22573e-14
3982  2.21321e-14
3983  2.20069e-14
3984  2.18819e-14
3985  2.17571e-14
3986  2.16329e-14
3987  2.15093e-14
3988  2.13865e-14
3989  2.12648e-14
3990  2.11442e-14
3991  2.1025e-14
3992  2.09072e-14
3993  2.07911e-14
3994  2.06767e-14
3995  2.05643e-14
3996  2.0454e-14
3997  2.03458e-14
3998  2.02399e-14
3999  2.01365e-14
4000  2.00357e-14
4001  1.99374e-14
4002  1.9842e-14
4003  1.97493e-14
4004  1.96596e-14
4005  1.95729e-14
4006  1.94893e-14
4007  1.94088e-14
4008  1.93315e-14
4009  1.92574e-14
4010  1.91867e-14
4011  1.91192e-14
4012  1.90551e-14
4013  1.89943e-14
4014  1.89369e-14
4015  1.88829e-14
4016  1.88322e-14
4017  1.87849e-14
4018  1.87409e-14
4019  1.87002e-14
4020  1.86628e-14
4021  1.86286e-14
4022  1.85976e-14
4023  1.85697e-14
4024  1.85448e-14
4025  1.85229e-14
4026  1.8504e-14
4027  1.84879e-14
4028  1.84745e-14
4029  1.84638e-14
4030  1.84556e-14
4031  1.84498e-14
4032  1.84464e-14
4033  1.84452e-14
4034  1.84462e-14
4035  1.84491e-14
4036  1.84538e-14
4037  1.84603e-14
4038  1.84683e-14
4039  1.84778e-14
4040  1.84887e-14
4041  1.85007e-14
4042  1.85137e-14
4043  1.85276e-14
4044  1.85423e-14
4045  1.85575e-14
4046  1.85732e-14
4047  1.85893e-14
4048  1.86054e-14
4049  1.86216e-14
4050  1.86376e-14
4051  1.86534e-14
4052  1.86687e-14
4053  1.86835e-14
4054  1.86976e-14
4055  1.87108e-14
4056  1.87231e-14
4057  1.87343e-14
4058  1.87442e-14
4059  1.87528e-14
4060  1.87599e-14
4061  1.87654e-14
4062  1.87693e-14
4063  1.87713e-14
4064  1.87715e-14
4065  1.87696e-14
4066  1.87657e-14
4067  1.87596e-14
4068  1.87512e-14
4069  1.87405e-14
4070  1.87275e-14
4071  1.8712e-14
4072  1.8694e-14
4073  1.86734e-14
4074  1.86503e-14
4075  1.86246e-14
4076  1.85962e-14
4077  1.85651e-14
4078  1.85314e-14
4079  1.8495e-14
4080  1.84559e-14
4081  1.84141e-14
4082  1.83696e-14
4083  1.83226e-14
4084  1.82729e-14
4085  1.82206e-14
4086  1.81658e-14
4087  1.81085e-14
4088  1.80488e-14
4089  1.79867e-14
4090  1.79223e-14
4091  1.78556e-14
4092  1.77868e-14
4093  1.7716e-14
4094  1.76431e-14
4095  1.75683e-14
4096  1.74918e-14
4097  1.74136e-14
4098  1.73337e-14
4099  1.72524e-14
4100  1.71698e-14
4101  1.70859e-14
4102  1.70009e-14
4103  1.69149e-14
4104  1.6828e-14
4105  1.67404e-14
4106  1.66523e-14
4107  1.65636e-14
4108  1.64746e-14
4109  1.63854e-14
4110  1.62962e-14
4111  1.62071e-14
4112  1.61181e-14
4113  1.60295e-14
4114  1.59415e-14
4115  1.5854e-14
4116  1.57673e-14
4117  1.56816e-14
4118  1.55968e-14
4119  1.55133e-14
4120  1.5431e-14
4121  1.53501e-14
4122  1.52708e-14
4123  1.51931e-14
4124  1.51172e-14
4125  1.50432e-14
4126  1.49712e-14
4127  1.49013e-14
4128  1.48337e-14
4129  1.47683e-14
4130  1.47053e-14
4131  1.46447e-14
4132  1.45867e-14
4133  1.45314e-14
4134  1.44787e-14
4135  1.44288e-14
4136  1.43818e-14
4137  1.43376e-14
4138  1.42963e-14
4139  1.4258e-14
4140  1.42227e-14
4141  1.41904e-14
4142  1.41611e-14
4143  1.41349e-14
4144  1.41118e-14
4145  1.40917e-14
4146  1.40747e-14
4147  1.40608e-14
4148  1.40499e-14
4149  1.4042e-14
4150  1.40372e-14
4151  1.40353e-14
4152  1.40363e-14
4153  1.40402e-14
4154  1.40469e-14
4155  1.40564e-14
4156  1.40686e-14
4157  1.40835e-14
4158  1.4101e-14
4159  1.41209e-14
4160  1.41433e-14
4161  1.4168e-14
4162  1.4195e-14
4163  1.42241e-14
4164  1.42553e-14
4165  1.42885e-14
4166  1.43235e-14
4167  1.43603e-14
4168  1.43987e-14
4169  1.44387e-14
4170  1.44801e-14
4171  1.45229e-14
4172  1.45668e-14
4173  1.46118e-14
4174  1.46578e-14
4175  1.47047e-14
4176  1.47522e-14
4177  1.48004e-14
4178  1.48491e-14
4179  1.48982e-14
4180  1.49475e-14
4181  1.4997e-14
4182  1.50465e-14
4183  1.50958e-14
4184  1.5145e-14
4185  1.51939e-14
4186  1.52423e-14
4187  1.52902e-14
4188  1.53375e-14
4189  1.5384e-14
4190  1.54297e-14
4191  1.54744e-14
4192  1.55181e-14
4193  1.55607e-14
4194  1.56021e-14
4195  1.56421e-14
4196  1.56808e-14
4197  1.5718e-14
4198  1.57537e-14
4199  1.57878e-14
4200  1.58202e-14
4201  1.5851e-14
4202  1.58799e-14
4203  1.5907e-14
4204  1.59322e-14
4205  1.59556e-14
4206  1.59769e-14
4207  1.59963e-14
4208  1.60137e-14
4209  1.6029e-14
4210  1.60422e-14
4211  1.60534e-14
4212  1.60624e-14
4213  1.60694e-14
4214  1.60743e-14
4215  1.60771e-14
4216  1.60777e-14
4217  1.60763e-14
4218  1.60728e-14
4219  1.60672e-14
4220  1.60596e-14
4221  1.605e-14
4222  1.60384e-14
4223  1.60249e-14
4224  1.60094e-14
4225  1.5992e-14
4226  1.59728e-14
4227  1.59518e-14
4228  1.5929e-14
4229  1.59045e-14
4230  1.58784e-14
4231  1.58506e-14
4232  1.58213e-14
4233  1.57905e-14
4234  1.57582e-14
4235  1.57245e-14
4236  1.56896e-14
4237  1.56533e-14
4238  1.56159e-14
4239  1.55773e-14
4240  1.55376e-14
4241  1.54969e-14
4242  1.54553e-14
4243  1.54128e-14
4244  1.53694e-14
4245  1.53253e-14
4246  1.52806e-14
4247  1.52351e-14
4248  1.51891e-14
4249  1.51426e-14
4250  1.50957e-14
4251  1.50483e-14
4252  1.50007e-14
4253  1.49527e-14
4254  1.49045e-14
4255  1.48562e-14
4256  1.48078e-14
4257  1.47593e-14
4258  1.47108e-14
4259  1.46623e-14
4260  1.46139e-14
4261  1.45656e-14
4262  1.45175e-14
4263  1.44696e-14
4264  1.4422e-14
4265  1.43746e-14
4266  1.43276e-14
4267  1.42809e-14
4268  1.42345e-14
4269  1.41886e-14
4270  1.4143e-14
4271  1.4098e-14
4272  1.40534e-14
4273  1.40092e-14
4274  1.39656e-14
4275  1.39225e-14
4276  1.38799e-14
4277  1.38379e-14
4278  1.37963e-14
4279  1.37554e-14
4280  1.3715e-14
4281  1.36751e-14
4282  1.36358e-14
4283  1.3597e-14
4284  1.35588e-14
4285  1.35212e-14
4286  1.34841e-14
4287  1.34475e-14
4288  1.34114e-14
4289  1.33759e-14
4290  1.33409e-14
4291  1.33064e-14
4292  1.32723e-14
4293  1.32387e-14
4294  1.32056e-14
4295  1.31729e-14
4296  1.31407e-14
4297  1.31089e-14
4298  1.30775e-14
4299  1.30464e-14
4300  1.30158e-14
4301  1.29855e-14
4302  1.29555e-14
4303  1.29259e-14
4304  1.28966e-14
4305  1.28676e-14
4306  1.28389e-14
4307  1.28105e-14
4308  1.27823e-14
4309  1.27544e-14
4310  1.27268e-14
4311  1.26994e-14
4312  1.26722e-14
4313  1.26453e-14
4314  1.26186e-14
4315  1.25921e-14
4316  1.25659e-14
4317  1.25398e-14
4318  1.2514e-14
4319  1.24885e-14
4320  1.24631e-14
4321  1.2438e-14
4322  1.24132e-14
4323  1.23886e-14
4324  1.23642e-14
4325  1.23402e-14
4326  1.23164e-14
4327  1.2293e-14
4328  1.22699e-14
4329  1.22471e-14
4330  1.22247e-14
4331  1.22027e-14
4332  1.21811e-14
4333  1.21599e-14
4334  1.21393e-14
4335  1.21191e-14
4336  1.20994e-14
4337  1.20803e-14
4338  1.20619e-14
4339  1.2044e-14
4340  1.20268e-14
4341  1.20103e-14
4342  1.19945e-14
4343  1.19796e-14
4344  1.19654e-14
4345  1.19521e-14
4346  1.19397e-14
4347  1.19283e-14
4348  1.19178e-14
4349  1.19084e-14
4350  1.19e-14
4351  1.18928e-14
4352  1.18868e-14
4353  1.18819e-14
4354  1.18783e-14
4355  1.1876e-14
4356  1.1875e-14
4357  1.18755e-14
4358  1.18773e-14
4359  1.18807e-14
4360  1.18855e-14
4361  1.18919e-14
4362  1.18999e-14
4363  1.19096e-14
4364  1.19209e-14
4365  1.1934e-14
4366  1.19488e-14
4367  1.19654e-14
4368  1.19838e-14
4369  1.20041e-14
4370  1.20263e-14
4371  1.20504e-14
4372  1.20765e-14
4373  1.21045e-14
4374  1.21345e-14
4375  1.21666e-14
4376  1.22007e-14
4377  1.22368e-14
4378  1.22751e-14
4379  1.23154e-14
4380  1.23579e-14
4381  1.24025e-14
4382  1.24492e-14
4383  1.2498e-14
4384  1.2549e-14
4385  1.26022e-14
4386  1.26575e-14
4387  1.27149e-14
4388  1.27745e-14
4389  1.28362e-14
4390  1.29e-14
4391  1.29659e-14
4392  1.30339e-14
4393  1.31041e-14
4394  1.31763e-14
4395  1.32505e-14
4396  1.33268e-14
4397  1.3405e-14
4398  1.34853e-14
4399  1.35675e-14
4400  1.36516e-14
4401  1.37377e-14
4402  1.38256e-14
4403  1.39153e-14
4404  1.40068e-14
4405  1.41001e-14
4406  1.4195e-14
4407  1.42917e-14
4408  1.439e-14
4409  1.44899e-14
4410  1.45914e-14
4411  1.46944e-14
4412  1.47988e-14
4413  1.49047e-14
4414  1.50119e-14
4415  1.51205e-14
4416  1.52304e-14
4417  1.53414e-14
4418  1.54537e-14
4419  1.55671e-14
4420  1.56817e-14
4421  1.57972e-14
4422  1.59138e-14
4423  1.60313e-14
4424  1.61497e-14
4425  1.62689e-14
4426  1.6389e-14
4427  1.65098e-14
4428  1.66313e-14
4429  1.67535e-14
4430  1.68763e-14
4431  1.69997e-14
4432  1.71237e-14
4433  1.72481e-14
4434  1.73729e-14
4435  1.74982e-14
4436  1.76239e-14
4437  1.77499e-14
4438  1.78761e-14
4439  1.80027e-14
4440  1.81294e-14
4441  1.82563e-14
4442  1.83834e-14
4443  1.85106e-14
4444  1.86379e-14
4445  1.87653e-14
4446  1.88927e-14
4447  1.90201e-14
4448  1.91474e-14
4449  1.92748e-14
4450  1.9402e-14
4451  1.95292e-14
4452  1.96562e-14
4453  1.97831e-14
4454  1.99098e-14
4455  2.00364e-14
4456  2.01628e-14
4457  2.02889e-14
4458  2.04148e-14
4459  2.05405e-14
4460  2.0666e-14
4461  2.07911e-14
4462  2.0916e-14
4463  2.10406e-14
4464  2.11649e-14
4465  2.12888e-14
4466  2.14124e-14
4467  2.15357e-14
4468  2.16587e-14
4469  2.17812e-14
4470  2.19034e-14
4471  2.20253e-14
4472  2.21467e-14
4473  2.22677e-14
4474  2.23883e-14
4475  2.25085e-14
4476  2.26283e-14
4477  2.27476e-14
4478  2.28665e-14
4479  2.29849e-14
4480  2.31028e-14
4481  2.32203e-14
4482  2.33372e-14
4483  2.34536e-14
4484  2.35695e-14
4485  2.36849e-14
4486  2.37997e-14
4487  2.39139e-14
4488  2.40275e-14
4489  2.41405e-14
4490  2.42528e-14
4491  2.43645e-14
4492  2.44756e-14
4493  2.45859e-14
4494  2.46955e-14
4495  2.48044e-14
4496  2.49125e-14
4497  2.50198e-14
4498  2.51263e-14
4499  2.52319e-14
4500  2.53366e-14
4501  2.54405e-14
4502  2.55433e-14
4503  2.56453e-14
4504  2.57462e-14
4505  2.5846e-14
4506  2.59448e-14
4507  2.60425e-14
4508  2.61391e-14
4509  2.62344e-14
4510  2.63286e-14
4511  2.64215e-14
4512  2.65131e-14
4513  2.66033e-14
4514  2.66922e-14
4515  2.67797e-14
4516  2.68658e-14
4517  2.69503e-14
4518  2.70333e-14
4519  2.71148e-14
4520  2.71947e-14
4521  2.72729e-14
4522  2.73494e-14
4523  2.74242e-14
4524  2.74973e-14
4525  2.75686e-14
4526  2.7638e-14
4527  2.77055e-14
4528  2.77712e-14
4529  2.78349e-14
4530  2.78967e-14
4531  2.79564e-14
4532  2.80141e-14
4533  2.80698e-14
4534  2.81233e-14
4535  2.81747e-14
4536  2.8224e-14
4537  2.82711e-14
4538  2.8316e-14
4539  2.83587e-14
4540  2.83991e-14
4541  2.84373e-14
4542  2.84732e-14
4543  2.85068e-14
4544  2.85381e-14
4545  2.85671e-14
4546  2.85937e-14
4547  2.8618e-14
4548  2.864e-14
4549  2.86596e-14
4550  2.86769e-14
4551  2.86918e-14
4552  2.87044e-14
4553  2.87146e-14
4554  2.87225e-14
4555  2.87281e-14
4556  2.87313e-14
4557  2.87322e-14
4558  2.87308e-14
4559  2.87271e-14
4560  2.87212e-14
4561  2.8713e-14
4562  2.87026e-14
4563  2.86899e-14
4564  2.86751e-14
4565  2.86581e-14
4566  2.8639e-14
4567  2.86178e-14
4568  2.85945e-14
4569  2.85692e-14
4570  2.85418e-14
4571  2.85125e-14
4572  2.84812e-14
4573  2.8448e-14
4574  2.8413e-14
4575  2.83761e-14
4576  2.83374e-14
4577  2.8297e-14
4578  2.82549e-14
4579  2.82111e-14
4580  2.81656e-14
4581  2.81186e-14
4582  2.807e-14
4583  2.80199e-14
4584  2.79684e-14
4585  2.79154e-14
4586  2.78611e-14
4587  2.78054e-14
4588  2.77484e-14
4589  2.76902e-14
4590  2.76308e-14
4591  2.75703e-14
4592  2.75086e-14
4593  2.74458e-14
4594  2.7382e-14
4595  2.73172e-14
4596  2.72515e-14
4597  2.71849e-14
4598  2.71173e-14
4599  2.7049e-14
4600  2.69798e-14
4601  2.69099e-14
4602  2.68392e-14
4603  2.67678e-14
4604  2.66958e-14
4605  2.66232e-14
4606  2.65499e-14
4607  2.64761e-14
4608  2.64018e-14
4609  2.63269e-14
4610  2.62516e-14
4611  2.61758e-14
4612  2.60996e-14
4613  2.6023e-14
4614  2.5946e-14
4615  2.58687e-14
4616  2.5791e-14
4617  2.5713e-14
4618  2.56348e-14
4619  2.55562e-14
4620  2.54774e-14
4621  2.53983e-14
4622  2.5319e-14
4623  2.52396e-14
4624  2.51599e-14
4625  2.508e-14
4626  2.5e-14
4627  2.49198e-14
4628  2.48395e-14
4629  2.4759e-14
4630  2.46785e-14
4631  2.45978e-14
4632  2.4517e-14
4633  2.44362e-14
4634  2.43552e-14
4635  2.42743e-14
4636  2.41932e-14
4637  2.41121e-14
4638  2.4031e-14
4639  2.39498e-14
4640  2.38686e-14
4641  2.37875e-14
4642  2.37063e-14
4643  2.36251e-14
4644  2.3544e-14
4645  2.34629e-14
4646  2.33819e-14
4647  2.33009e-14
4648  2.322e-14
4649  2.31392e-14
4650  2.30585e-14
4651  2.29779e-14
4652  2.28974e-14
4653  2.28171e-14
4654  2.27369e-14
4655  2.26569e-14
4656  2.25772e-14
4657  2.24976e-14
4658  2.24183e-14
4659  2.23393e-14
4660  2.22605e-14
4661  2.2182e-14
4662  2.21039e-14
4663  2.20261e-14
4664  2.19487e-14
4665  2.18717e-14
4666  2.17952e-14
4667  2.17191e-14
4668  2.16434e-14
4669  2.15683e-14
4670  2.14938e-14
4671  2.14198e-14
4672  2.13464e-14
4673  2.12737e-14
4674  2.12017e-14
4675  2.11303e-14
4676  2.10597e-14
4677  2.09899e-14
4678  2.09209e-14
4679  2.08528e-14
4680  2.07855e-14
4681  2.07192e-14
4682  2.06538e-14
4683  2.05894e-14
4684  2.05261e-14
4685  2.04638e-14
4686  2.04027e-14
4687  2.03427e-14
4688  2.02838e-14
4689  2.02263e-14
4690  2.01699e-14
4691  2.01149e-14
4692  2.00612e-14
4693  2.00089e-14
4694  1.9958e-14
4695  1.99086e-14
4696  1.98606e-14
4697  1.98142e-14
4698  1.97692e-14
4699  1.97259e-14
4700  1.96842e-14
4701  1.96441e-14
4702  1.96057e-14
4703  1.9569e-14
4704  1.9534e-14
4705  1.95008e-14
4706  1.94694e-14
4707  1.94397e-14
4708  1.94119e-14
4709  1.93859e-14
4710  1.93617e-14
4711  1.93394e-14
4712  1.9319e-14
4713  1.93005e-14
4714  1.92839e-14
4715  1.92692e-14
4716  1.92564e-14
4717  1.92455e-14
4718  1.92366e-14
4719  1.92296e-14
4720  1.92244e-14
4721  1.92212e-14
4722  1.92199e-14
4723  1.92205e-14
4724  1.92229e-14
4725  1.92272e-14
4726  1.92333e-14
4727  1.92412e-14
4728  1.92509e-14
4729  1.92624e-14
4730  1.92756e-14
4731  1.92905e-14
4732  1.9307e-14
4733  1.93252e-14
4734  1.93449e-14
4735  1.93662e-14
4736  1.9389e-14
4737  1.94132e-14
4738  1.94388e-14
4739  1.94657e-14
4740  1.94939e-14
4741  1.95233e-14
4742  1.95539e-14
4743  1.95855e-14
4744  1.96182e-14
4745  1.96518e-14
4746  1.96863e-14
4747  1.97216e-14
4748  1.97576e-14
4749  1.97942e-14
4750  1.98315e-14
4751  1.98692e-14
4752  1.99073e-14
4753  1.99457e-14
4754  1.99843e-14
4755  2.00231e-14
4756  2.00619e-14
4757  2.01007e-14
4758  2.01393e-14
4759  2.01777e-14
4760  2.02158e-14
4761  2.02534e-14
4762  2.02906e-14
4763  2.03271e-14
4764  2.03629e-14
4765  2.03979e-14
4766  2.04319e-14
4767  2.0465e-14
4768  2.0497e-14
4769  2.05278e-14
4770  2.05573e-14
4771  2.05854e-14
4772  2.0612e-14
4773  2.06371e-14
4774  2.06605e-14
4775  2.06822e-14
4776  2.0702e-14
4777  2.07199e-14
4778  2.07359e-14
4779  2.07497e-14
4780  2.07614e-14
4781  2.07708e-14
4782  2.0778e-14
4783  2.07827e-14
4784  2.07851e-14
4785  2.07849e-14
4786  2.07821e-14
4787  2.07767e-14
4788  2.07687e-14
4789  2.07579e-14
4790  2.07444e-14
4791  2.0728e-14
4792  2.07088e-14
4793  2.06867e-14
4794  2.06617e-14
4795  2.06338e-14
4796  2.06029e-14
4797  2.05691e-14
4798  2.05323e-14
4799  2.04925e-14
4800  2.04497e-14
4801  2.0404e-14
4802  2.03553e-14
4803  2.03037e-14
4804  2.02491e-14
4805  2.01917e-14
4806  2.01314e-14
4807  2.00682e-14
4808  2.00023e-14
4809  1.99336e-14
4810  1.98623e-14
4811  1.97883e-14
4812  1.97117e-14
4813  1.96326e-14
4814  1.95511e-14
4815  1.94673e-14
4816  1.93811e-14
4817  1.92928e-14
4818  1.92024e-14
4819  1.91099e-14
4820  1.90156e-14
4821  1.89194e-14
4822  1.88216e-14
4823  1.87221e-14
4824  1.86211e-14
4825  1.85188e-14
4826  1.84153e-14
4827  1.83106e-14
4828  1.82049e-14
4829  1.80983e-14
4830  1.7991e-14
4831  1.78831e-14
4832  1.77746e-14
4833  1.76659e-14
4834  1.75569e-14
4835  1.74478e-14
4836  1.73388e-14
4837  1.723e-14
4838  1.71216e-14
4839  1.70136e-14
4840  1.69062e-14
4841  1.67995e-14
4842  1.66938e-14
4843  1.6589e-14
4844  1.64854e-14
4845  1.63831e-14
4846  1.62822e-14
4847  1.61828e-14
4848  1.60852e-14
4849  1.59892e-14
4850  1.58952e-14
4851  1.58033e-14
4852  1.57134e-14
4853  1.56258e-14
4854  1.55406e-14
4855  1.54578e-14
4856  1.53775e-14
4857  1.52999e-14
4858  1.5225e-14
4859  1.51529e-14
4860  1.50837e-14
4861  1.50175e-14
4862  1.49543e-14
4863  1.48942e-14
4864  1.48372e-14
4865  1.47835e-14
4866  1.47329e-14
4867  1.46857e-14
4868  1.46417e-14
4869  1.46011e-14
4870  1.45638e-14
4871  1.45299e-14
4872  1.44994e-14
4873  1.44722e-14
4874  1.44484e-14
4875  1.4428e-14
4876  1.44109e-14
4877  1.43971e-14
4878  1.43866e-14
4879  1.43793e-14
4880  1.43752e-14
4881  1.43743e-14
4882  1.43765e-14
4883  1.43817e-14
4884  1.43899e-14
4885  1.4401e-14
4886  1.44149e-14
4887  1.44316e-14
4888  1.44509e-14
4889  1.44727e-14
4890  1.44971e-14
4891  1.45238e-14
4892  1.45527e-14
4893  1.45839e-14
4894  1.4617e-14
4895  1.46521e-14
4896  1.4689e-14
4897  1.47275e-14
4898  1.47677e-14
4899  1.48092e-14
4900  1.48521e-14
4901  1.48961e-14
4902  1.49412e-14
4903  1.49872e-14
4904  1.5034e-14
4905  1.50814e-14
4906  1.51294e-14
4907  1.51777e-14
4908  1.52262e-14
4909  1.52748e-14
4910  1.53234e-14
4911  1.53719e-14
4912  1.542e-14
4913  1.54678e-14
4914  1.55149e-14
4915  1.55615e-14
4916  1.56072e-14
4917  1.5652e-14
4918  1.56957e-14
4919  1.57383e-14
4920  1.57797e-14
4921  1.58197e-14
4922  1.58582e-14
4923  1.58952e-14
4924  1.59305e-14
4925  1.59641e-14
4926  1.59958e-14
4927  1.60256e-14
4928  1.60535e-14
4929  1.60793e-14
4930  1.61029e-14
4931  1.61244e-14
4932  1.61437e-14
4933  1.61607e-14
4934  1.61753e-14
4935  1.61876e-14
4936  1.61975e-14
4937  1.6205e-14
4938  1.62101e-14
4939  1.62127e-14
4940  1.62129e-14
4941  1.62106e-14
4942  1.62059e-14
4943  1.61988e-14
4944  1.61892e-14
4945  1.61772e-14
4946  1.61629e-14
4947  1.61462e-14
4948  1.61272e-14
4949  1.6106e-14
4950  1.60826e-14
4951  1.6057e-14
4952  1.60293e-14
4953  1.59996e-14
4954  1.59679e-14
4955  1.59344e-14
4956  1.5899e-14
4957  1.5862e-14
4958  1.58232e-14
4959  1.57829e-14
4960  1.57412e-14
4961  1.56981e-14
4962  1.56537e-14
4963  1.56081e-14
4964  1.55615e-14
4965  1.55139e-14
4966  1.54655e-14
4967  1.54163e-14
4968  1.53665e-14
4969  1.53161e-14
4970  1.52654e-14
4971  1.52143e-14
4972  1.51631e-14
4973  1.51118e-14
4974  1.50605e-14
4975  1.50094e-14
4976  1.49586e-14
4977  1.49081e-14
4978  1.48582e-14
4979  1.48088e-14
4980  1.47602e-14
4981  1.47124e-14
4982  1.46655e-14
4983  1.46197e-14
4984  1.4575e-14
4985  1.45315e-14
4986  1.44893e-14
4987  1.44486e-14
4988  1.44094e-14
4989  1.43717e-14
4990  1.43358e-14
4991  1.43016e-14
4992  1.42692e-14
4993  1.42387e-14
4994  1.42103e-14
4995  1.41838e-14
4996  1.41594e-14
4997  1.41372e-14
4998  1.41172e-14
4999  1.40995e-14
5000  1.4084e-14
5001  1.40709e-14
5002  1.40601e-14
5003  1.40517e-14
5004  1.40457e-14
5005  1.40422e-14
5006  1.4041e-14
5007  1.40424e-14
5008  1.40462e-14
5009  1.40525e-14
5010  1.40612e-14
5011  1.40724e-14
5012  1.4086e-14
5013  1.41021e-14
5014  1.41205e-14
5015  1.41413e-14
5016  1.41644e-14
5017  1.41899e-14
5018  1.42176e-14
5019  1.42476e-14
5020  1.42797e-14
5021  1.4314e-14
5022  1.43503e-14
5023  1.43887e-14
5024  1.4429e-14
5025  1.44712e-14
5026  1.45153e-14
5027  1.45612e-14
5028  1.46087e-14
5029  1.46579e-14
5030  1.47086e-14
5031  1.47608e-14
5032  1.48144e-14
5033  1.48694e-14
5034  1.49255e-14
5035  1.49829e-14
5036  1.50413e-14
5037  1.51007e-14
5038  1.5161e-14
5039  1.52221e-14
5040  1.52839e-14
5041  1.53464e-14
5042  1.54095e-14
5043  1.5473e-14
5044  1.55369e-14
5045  1.56011e-14
5046  1.56656e-14
5047  1.57301e-14
5048  1.57947e-14
5049  1.58593e-14
5050  1.59237e-14
5051  1.5988e-14
5052  1.6052e-14
5053  1.61156e-14
5054  1.61788e-14
5055  1.62415e-14
5056  1.63036e-14
5057  1.63652e-14
5058  1.64259e-14
5059  1.6486e-14
5060  1.65452e-14
5061  1.66035e-14
5062  1.66609e-14
5063  1.67172e-14
5064  1.67726e-14
5065  1.68268e-14
5066  1.68799e-14
5067  1.69318e-14
5068  1.69825e-14
5069  1.70319e-14
5070  1.708e-14
5071  1.71268e-14
5072  1.71723e-14
5073  1.72164e-14
5074  1.72591e-14
5075  1.73003e-14
5076  1.73402e-14
5077  1.73786e-14
5078  1.74156e-14
5079  1.74511e-14
5080  1.74852e-14
5081  1.75178e-14
5082  1.75489e-14
5083  1.75787e-14
5084  1.7607e-14
5085  1.76338e-14
5086  1.76593e-14
5087  1.76834e-14
5088  1.77061e-14
5089  1.77274e-14
5090  1.77475e-14
5091  1.77662e-14
5092  1.77837e-14
5093  1.78e-14
5094  1.78151e-14
5095  1.7829e-14
5096  1.78417e-14
5097  1.78534e-14
5098  1.78641e-14
5099  1.78737e-14
5100  1.78824e-14
5101  1.78902e-14
5102  1.78971e-14
5103  1.79033e-14
5104  1.79086e-14
5105  1.79133e-14
5106  1.79172e-14
5107  1.79206e-14
5108  1.79234e-14
5109  1.79257e-14
5110  1.79275e-14
5111  1.7929e-14
5112  1.79301e-14
5113  1.79309e-14
5114  1.79315e-14
5115  1.79319e-14
5116  1.79321e-14
5117  1.79323e-14
5118  1.79324e-14
5119  1.79326e-14
5120  1.79328e-14
5121  1.79332e-14
5122  1.79338e-14
5123  1.79345e-14
5124  1.79356e-14
5125  1.79369e-14
5126  1.79386e-14
5127  1.79407e-14
5128  1.79433e-14
5129  1.79463e-14
5130  1.79499e-14
5131  1.7954e-14
5132  1.79587e-14
5133  1.79641e-14
5134  1.79701e-14
5135  1.79768e-14
5136  1.79842e-14
5137  1.79923e-14
5138  1.80013e-14
5139  1.8011e-14
5140  1.80215e-14
5141  1.80328e-14
5142  1.8045e-14
5143  1.8058e-14
5144  1.80719e-14
5145  1.80867e-14
5146  1.81023e-14
5147  1.81189e-14
5148  1.81363e-14
5149  1.81545e-14
5150  1.81737e-14
5151  1.81937e-14
5152  1.82146e-14
5153  1.82364e-14
5154  1.8259e-14
5155  1.82824e-14
5156  1.83066e-14
5157  1.83316e-14
5158  1.83574e-14
5159  1.83839e-14
5160  1.84112e-14
5161  1.84391e-14
5162  1.84677e-14
5163  1.84969e-14
5164  1.85268e-14
5165  1.85572e-14
5166  1.85881e-14
5167  1.86195e-14
5168  1.86513e-14
5169  1.86836e-14
5170  1.87162e-14
5171  1.87491e-14
5172  1.87824e-14
5173  1.88158e-14
5174  1.88494e-14
5175  1.88831e-14
5176  1.89169e-14
5177  1.89508e-14
5178  1.89846e-14
5179  1.90183e-14
5180  1.90519e-14
5181  1.90854e-14
5182  1.91185e-14
5183  1.91514e-14
5184  1.91839e-14
5185  1.92161e-14
5186  1.92477e-14
5187  1.92789e-14
5188  1.93094e-14
5189  1.93394e-14
5190  1.93687e-14
5191  1.93972e-14
5192  1.9425e-14
5193  1.94519e-14
5194  1.94779e-14
5195  1.9503e-14
5196  1.95271e-14
5197  1.95502e-14
5198  1.95722e-14
5199  1.95931e-14
5200  1.96127e-14
5201  1.96312e-14
5202  1.96484e-14
5203  1.96643e-14
5204  1.96789e-14
5205  1.96921e-14
5206  1.97038e-14
5207  1.97142e-14
5208  1.9723e-14
5209  1.97304e-14
5210  1.97362e-14
5211  1.97405e-14
5212  1.97431e-14
5213  1.97442e-14
5214  1.97437e-14
5215  1.97415e-14
5216  1.97377e-14
5217  1.97322e-14
5218  1.9725e-14
5219  1.97162e-14
5220  1.97057e-14
5221  1.96935e-14
5222  1.96796e-14
5223  1.9664e-14
5224  1.96468e-14
5225  1.96279e-14
5226  1.96073e-14
5227  1.95851e-14
5228  1.95613e-14
5229  1.95359e-14
5230  1.95089e-14
5231  1.94803e-14
5232  1.94501e-14
5233  1.94184e-14
5234  1.93853e-14
5235  1.93507e-14
5236  1.93146e-14
5237  1.92772e-14
5238  1.92384e-14
5239  1.91983e-14
5240  1.9157e-14
5241  1.91144e-14
5242  1.90705e-14
5243  1.90256e-14
5244  1.89796e-14
5245  1.89325e-14
5246  1.88844e-14
5247  1.88353e-14
5248  1.87854e-14
5249  1.87346e-14
5250  1.8683e-14
5251  1.86307e-14
5252  1.85777e-14
5253  1.8524e-14
5254  1.84698e-14
5255  1.84151e-14
5256  1.83599e-14
5257  1.83043e-14
5258  1.82484e-14
5259  1.81922e-14
5260  1.81358e-14
5261  1.80791e-14
5262  1.80224e-14
5263  1.79656e-14
5264  1.79088e-14
5265  1.78521e-14
5266  1.77955e-14
5267  1.7739e-14
5268  1.76827e-14
5269  1.76268e-14
5270  1.75711e-14
5271  1.75158e-14
5272  1.74609e-14
5273  1.74065e-14
5274  1.73525e-14
5275  1.72992e-14
5276  1.72464e-14
5277  1.71943e-14
5278  1.71429e-14
5279  1.70921e-14
5280  1.70422e-14
5281  1.6993e-14
5282  1.69446e-14
5283  1.68971e-14
5284  1.68505e-14
5285  1.68048e-14
5286  1.67601e-14
5287  1.67163e-14
5288  1.66735e-14
5289  1.66317e-14
5290  1.6591e-14
5291  1.65512e-14
5292  1.65126e-14
5293  1.6475e-14
5294  1.64385e-14
5295  1.64031e-14
5296  1.63688e-14
5297  1.63356e-14
5298  1.63035e-14
5299  1.62725e-14
5300  1.62426e-14
5301  1.62139e-14
5302  1.61862e-14
5303  1.61597e-14
5304  1.61342e-14
5305  1.61098e-14
5306  1.60865e-14
5307  1.60643e-14
5308  1.60431e-14
5309  1.6023e-14
5310  1.60039e-14
5311  1.59858e-14
5312  1.59687e-14
5313  1.59525e-14
5314  1.59373e-14
5315  1.59231e-14
5316  1.59097e-14
5317  1.58973e-14
5318  1.58857e-14
5319  1.58749e-14
5320  1.5865e-14
5321  1.58559e-14
5322  1.58475e-14
5323  1.58399e-14
5324  1.58329e-14
5325  1.58267e-14
5326  1.58212e-14
5327  1.58163e-14
5328  1.5812e-14
5329  1.58082e-14
5330  1.58051e-14
5331  1.58024e-14
5332  1.58003e-14
5333  1.57986e-14
5334  1.57974e-14
5335  1.57967e-14
5336  1.57963e-14
5337  1.57963e-14
5338  1.57967e-14
5339  1.57973e-14
5340  1.57983e-14
5341  1.57996e-14
5342  1.58011e-14
5343  1.58029e-14
5344  1.58049e-14
5345  1.5807e-14
5346  1.58094e-14
5347  1.58119e-14
5348  1.58145e-14
5349  1.58173e-14
5350  1.58201e-14
5351  1.58231e-14
5352  1.58261e-14
5353  1.58292e-14
5354  1.58323e-14
5355  1.58355e-14
5356  1.58386e-14
5357  1.58418e-14
5358  1.5845e-14
5359  1.58481e-14
5360  1.58513e-14
5361  1.58544e-14
5362  1.58574e-14
5363  1.58604e-14
5364  1.58634e-14
5365  1.58663e-14
5366  1.58691e-14
5367  1.58719e-14
5368  1.58745e-14
5369  1.58771e-14
5370  1.58797e-14
5371  1.58821e-14
5372  1.58844e-14
5373  1.58867e-14
5374  1.58889e-14
5375  1.5891e-14
5376  1.5893e-14
5377  1.58949e-14
5378  1.58967e-14
5379  1.58984e-14
5380  1.59001e-14
5381  1.59016e-14
5382  1.59031e-14
5383  1.59045e-14
5384  1.59058e-14
5385  1.5907e-14
5386  1.59082e-14
5387  1.59093e-14
5388  1.59103e-14
5389  1.59112e-14
5390  1.59121e-14
5391  1.59129e-14
5392  1.59137e-14
5393  1.59144e-14
5394  1.59151e-14
5395  1.59157e-14
5396  1.59162e-14
5397  1.59167e-14
5398  1.59172e-14
5399  1.59176e-14
5400  1.5918e-14
5401  1.59183e-14
5402  1.59186e-14
5403  1.59189e-14
5404  1.59192e-14
5405  1.59194e-14
5406  1.59196e-14
5407  1.59198e-14
5408  1.592e-14
5409  1.59201e-14
5410  1.59202e-14
5411  1.59204e-14
5412  1.59205e-14
5413  1.59205e-14
5414  1.59206e-14
5415  1.59207e-14
5416  1.59207e-14
5417  1.59208e-14
5418  1.59208e-14
5419  1.59209e-14
5420  1.59209e-14
5421  1.59209e-14
5422  1.59209e-14
5423  1.5921e-14
5424  1.5921e-14
5425  1.5921e-14
5426  1.5921e-14
5427  1.5921e-14
5428  1.5921e-14
5429  1.5921e-14
5430  1.5921e-14
5431  1.5921e-14
5432  1.5921e-14
5433  1.5921e-14
5434  1.5921e-14
5435  1.5921e-14
5436  1.5921e-14
5437  1.5921e-14
5438  1.5921e-14
5439  1.5921e-14
5440  1.5921e-14
5441  1.5921e-14
5442  1.5921e-14
5443  1.5921e-14
5444  1.5921e-14
5445  1.5921e-14
5446  1.5921e-14
5447  1.5921e-14
5448  1.5921e-14
5449  1.5921e-14
5450  1.5921e-14
5451  1.5921e-14
5452  1.5921e-14
5453  1.5921e-14
5454  1.5921e-14
5455  1.5921e-14
5456  1.5921e-14
5457  1.5921e-14
5458  1.5921e-14
5459  1.5921e-14
5460  1.5921e-14
5461  1.5921e-14
5462  1.5921e-14
5463  1.5921e-14
5464  1.5921e-14
5465  1.5921e-14
5466  1.5921e-14
5467  1.5921e-14
5468  1.5921e-14