 3242.66  3.54279e-15
 3257.46  3.583e-15
 3272.27  3.63786e-15
 3287.07  3.70749e-15
 3301.88  3.79111e-15
 3316.68  3.88726e-15
 3331.49  3.99419e-15
 3346.29  4.11042e-15
 3361.1   4.23535e-15
 3375.9   4.36994e-15
 3390.71  4.51726e-15
 3405.51  4.68277e-15
 3420.32  4.87432e-15
 3435.12  5.10179e-15
 3449.93  5.37614e-15
 3464.73  5.70807e-15
 3479.54  6.10632e-15
 3494.34  6.57561e-15
 3509.15  7.11466e-15
 3523.95  7.71437e-15
 3538.76  8.35659e-15
 3553.56  9.01374e-15
 3568.37  9.6496e-15
 3583.17  1.02214e-14
 3597.98  1.06832e-14
 3612.78  1.09905e-14
 3627.59  1.11055e-14
 3642.39  1.10028e-14
 3657.2   1.06741e-14
 3672     1.0132e-14
 3686.81  9.41171e-15
 3701.61  8.56979e-15
 3716.42  7.68054e-15
 3731.22  6.82953e-15
 3746.03  6.1051e-15
 3760.83  5.58881e-15
 3775.64  5.34589e-15
 3790.44  5.41721e-15
 3805.25  5.8137e-15
 3820.05  6.51438e-15
 3834.86  7.46818e-15
 3849.66  8.59961e-15
 3864.47  9.81751e-15
 3879.27  1.10257e-14
 3894.08  1.2134e-14
 3908.88  1.30687e-14
 3923.69  1.37794e-14
 3938.49  1.42439e-14
 3953.3   1.44682e-14
 3968.1   1.44829e-14
 3982.91  1.43372e-14
 3997.71  1.40901e-14
 4012.52  1.38022e-14
 4027.32  1.35271e-14
 4042.13  1.3305e-14
 4056.93  1.31594e-14
 4071.74  1.30953e-14
 4086.54  1.31014e-14
 4101.35  1.31527e-14
 4116.15  1.32164e-14
 4130.96  1.32565e-14
 4145.76  1.32395e-14
 4160.57  1.31386e-14
 4175.37  1.29367e-14
 4190.18  1.26284e-14
 4204.98  1.22198e-14
 4219.79  1.17279e-14
 4234.59  1.11779e-14
 4249.4   1.06008e-14
 4264.2   1.003e-14
 4279.01  9.49888e-15
 4293.81  9.03736e-15
 4308.62  8.67039e-15
 4323.42  8.4163e-15
 4338.23  8.28609e-15
 4353.03  8.28321e-15
 4367.84  8.40393e-15
 4382.64  8.63803e-15
 4397.45  8.96966e-15
 4412.25  9.37844e-15
 4427.06  9.84058e-15
 4441.86  1.033e-14
 4456.67  1.08198e-14
 4471.47  1.12833e-14
 4486.28  1.16956e-14
 4501.08  1.20347e-14
 4515.89  1.2283e-14
 4530.69  1.2428e-14
 4545.5   1.24633e-14
 4560.3   1.23885e-14
 4575.11  1.22094e-14
 4589.91  1.1937e-14
 4604.72  1.15864e-14
 4619.52  1.11761e-14
 4634.33  1.07256e-14
 4649.13  1.02552e-14
 4663.94  9.78398e-15
 4678.74  9.32944e-15
 4693.55  8.90675e-15
 4708.35  8.5284e-15
 4723.16  8.20397e-15
 4737.96  7.93987e-15
 4752.77  7.73908e-15
 4767.57  7.60083e-15
 4782.37  7.52033e-15
 4797.18  7.48857e-15
 4811.98  7.49258e-15
 4826.79  7.51601e-15
 4841.59  7.54051e-15
 4856.4   7.54746e-15
 4871.2   7.52033e-15
 4886.01  7.44713e-15
 4900.81  7.32265e-15
 4915.62  7.15014e-15
 4930.42  6.94191e-15
 4945.23  6.7188e-15
 4960.03  6.50821e-15
 4974.84  6.34096e-15
 4989.64  6.24733e-15
 5004.45  6.25273e-15
 5019.25  6.3737e-15
 5034.06  6.61484e-15
 5048.86  6.96715e-15
 5063.67  7.40818e-15
 5078.47  7.90405e-15
 5093.28  8.41305e-15
 5108.08  8.89044e-15
 5122.89  9.29381e-15
 5137.69  9.5881e-15
 5152.5   9.74976e-15
 5167.3   9.76927e-15
 5182.11  9.65183e-15
 5196.91  9.41595e-15
 5211.72  9.09046e-15
 5226.52  8.71023e-15
 5241.33  8.31131e-15
 5256.13  7.92642e-15
 5270.94  7.58119e-15
 5285.74  7.2919e-15
 5300.55  7.06489e-15
 5315.35  6.8975e-15
 5330.16  6.78037e-15
 5344.96  6.70053e-15
 5359.77  6.64465e-15
 5404.18  6.60182e-15
 5418.99  6.56542e-15
 5433.79  6.53387e-15
 5448.6   6.51006e-15
 5463.4   6.49986e-15
 5478.21  6.50997e-15
 5493.01  6.54566e-15
 5507.82  6.60884e-15
 5522.62  6.69693e-15
 5537.43  6.80268e-15
 5552.23  6.91494e-15
 5567.04  7.02032e-15
 5581.84  7.10534e-15
 5596.65  7.1586e-15
 5611.45  7.17273e-15
 5626.26  7.14562e-15
 5641.06  7.08084e-15
 5655.87  6.98707e-15
 5670.67  6.87683e-15
 5685.48  6.76463e-15
 5700.28  6.66486e-15
 5715.09  6.58986e-15
 5729.89  6.54844e-15
 5744.7   6.54499e-15
 5759.5   6.5793e-15
 5774.31  6.6471e-15
 5789.11  6.74103e-15
 5803.92  6.85192e-15
 5818.72  6.96997e-15
 5833.53  7.08577e-15
 5848.33  7.19086e-15
 5863.14  7.27778e-15
 5877.94  7.33987e-15
 5892.75  7.37069e-15
 5907.55  7.36359e-15
 5922.36  7.31139e-15
 5937.16  7.20663e-15
 5951.97  7.04226e-15
 5966.77  6.8129e-15
 5981.58  6.51632e-15
 5996.38  6.15507e-15
 6011.19  5.73779e-15
 6025.99  5.27975e-15
 6040.8   4.80268e-15
 6055.6   4.33339e-15
 6070.41  3.90152e-15
 6085.21  3.53646e-15
 6100.02  3.26404e-15
 6114.82  3.10326e-15
 6129.63  3.06374e-15
 6144.43  3.14418e-15
 6159.24  3.33231e-15
 6174.04  3.60607e-15
 6188.85  3.93621e-15
 6203.65  4.28969e-15
 6218.46  4.63356e-15
 6233.26  4.93864e-15
 6248.07  5.18255e-15
 6262.87  5.35175e-15
 6277.68  5.44224e-15
 6292.48  5.459e-15
 6307.29  5.41432e-15
 6322.09  5.32539e-15
 6336.9   5.21149e-15
 6351.7   5.09128e-15
 6366.51  4.98054e-15
 6381.31  4.89053e-15
 6396.12  4.82731e-15
 6410.92  4.79175e-15
 6425.73  4.78023e-15
 6440.53  4.78587e-15
 6455.34  4.79992e-15
 6470.14  4.81318e-15
 6484.95  4.81721e-15
 6499.75  4.80528e-15
 6514.56  4.77288e-15
 6529.36  4.71795e-15
 6544.17  4.64079e-15
 6558.97  4.54369e-15
 6573.78  4.43051e-15
 6588.58  4.30613e-15
 6603.39  4.17595e-15
 6618.19  4.04534e-15
 6633     3.91924e-15
 6647.8   3.80182e-15
 6662.61  3.69617e-15
 6677.41  3.60418e-15
 6692.22  3.52647e-15
 6707.02  3.46244e-15
 6721.83  3.41041e-15
 6736.63  3.3679e-15
 6751.44  3.33196e-15
 6766.24  3.29949e-15
 6781.05  3.26761e-15
 6795.85  3.23397e-15
 6810.66  3.19693e-15
 6825.46  3.1557e-15
 6840.27  3.11027e-15
 6855.07  3.06134e-15
 6869.88  3.01006e-15
 6884.68  2.95781e-15
 6899.49  2.90592e-15
 6914.29  2.85553e-15
 6929.1   2.80738e-15
 6943.9   2.76185e-15
 6958.71  2.71897e-15
 6973.51  2.67853e-15
 6988.32  2.64026e-15
 7003.12  2.60396e-15
 7017.93  2.56962e-15
 7032.73  2.53749e-15
 7047.54  2.50802e-15
 7062.34  2.48182e-15
 7077.15  2.45946e-15
 7091.95  2.44134e-15
 7106.76  2.4275e-15
 7121.56  2.4175e-15
 7136.37  2.41039e-15
 7151.17  2.40472e-15
 7165.98  2.39864e-15
 7180.78  2.39007e-15
 7195.59  2.37694e-15
 7210.39  2.3574e-15
 7225.2   2.33001e-15
 7240     2.2939e-15
 7254.81  2.24886e-15
 7269.61  2.19534e-15
 7284.42  2.13437e-15
 7299.22  2.06747e-15
 7314.03  1.99643e-15
 7328.83  1.9232e-15
 7343.64  1.84968e-15
 7358.44  1.77763e-15
 7373.25  1.70851e-15
 7388.05  1.64351e-15
 7402.86  1.58349e-15
 7417.66  1.52904e-15
 7432.47  1.48049e-15
 7447.27  1.43799e-15
 7462.08  1.40158e-15
 7476.88  1.37118e-15
 7491.69  1.34667e-15
 7506.49  1.32786e-15
 7521.3   1.31449e-15
 7536.1   1.30627e-15
 7550.91  1.30281e-15
 7565.71  1.30366e-15
 7580.52  1.3083e-15
 7595.32  1.31621e-15
 7610.13  1.32685e-15
 7624.93  1.33971e-15
 7639.74  1.35438e-15
 7654.54  1.37051e-15
 7669.35  1.38788e-15
 7684.15  1.40632e-15
 7698.96  1.42572e-15
 7713.76  1.44601e-15
 7728.57  1.46704e-15
 7743.37  1.48862e-15
 7758.18  1.51046e-15
 7772.98  1.53217e-15
 7787.79  1.55327e-15
 7802.59  1.57325e-15
 7817.4   1.59159e-15
 7832.2   1.60782e-15
 7847.01  1.62156e-15
 7861.81  1.63254e-15
 7876.62  1.64057e-15
 7891.42  1.64552e-15
 7906.23  1.64725e-15
 7921.03  1.64556e-15
 7935.84  1.64011e-15
 7950.64  1.63041e-15
 7965.45  1.61581e-15
 7980.25  1.59556e-15
 7995.06  1.56891e-15
 8009.86  1.53521e-15
 8024.67  1.49412e-15
 8039.47  1.44566e-15
 8054.28  1.39038e-15
 8069.08  1.32937e-15
 8083.89  1.26426e-15
 8098.69  1.19708e-15
 8113.5   1.13019e-15
 8128.3   1.06603e-15
 8143.11  1.00697e-15
 8157.91  9.55124e-16
 8172.72  9.1226e-16
 8187.52  8.79697e-16
 8202.33  8.58325e-16
 8217.13  8.4865e-16
 8231.94  8.50872e-16
 8246.74  8.64971e-16
 8261.55  8.90776e-16
 8276.35  9.28005e-16
 8291.16  9.76254e-16
 8305.96  1.03496e-15
 8320.77  1.10331e-15
 8335.57  1.18021e-15
 8350.38  1.26421e-15
 8365.18  1.35347e-15
 8379.99  1.44585e-15
 8394.79  1.53901e-15
 8409.6   1.63051e-15
 8424.4   1.71806e-15
 8439.21  1.79966e-15
 8454.01  1.87377e-15
 8468.82  1.93942e-15
 8483.62  1.99626e-15
 8498.43  2.04454e-15
 8513.23  2.08497e-15
 8528.04  2.1186e-15
 8542.84  2.14662e-15
 8557.65  2.17017e-15
 8572.45  2.19018e-15
 8587.26  2.20721e-15
 8602.06  2.22148e-15
 8616.87  2.23277e-15
 8631.67  2.2406e-15
 8646.48  2.24426e-15
 8661.28  2.24301e-15
 8676.09  2.23618e-15
 8690.89  2.22334e-15
 8705.7   2.20435e-15
 8720.5   2.17939e-15
 8735.31  2.149e-15
 8750.11  2.11396e-15
 8764.92  2.07528e-15
 8779.72  2.03404e-15
 8794.53  1.99131e-15
 8809.33  1.94806e-15
 8824.14  1.90509e-15
 8838.94  1.86297e-15
 8853.75  1.82209e-15
 8868.55  1.78259e-15
 8883.36  1.7445e-15
 8898.16  1.7077e-15
 8912.97  1.67205e-15
 8927.77  1.63738e-15
 8942.58  1.60358e-15
 8957.38  1.57057e-15
 8972.19  1.53831e-15
 8986.99  1.50681e-15
 9001.8   1.47606e-15
 9016.6   1.44605e-15
 9031.41  1.41672e-15
 9046.21  1.38796e-15
 9061.02  1.3596e-15
 9075.82  1.33144e-15
 9090.63  1.30329e-15
 9105.43  1.27499e-15
 9120.24  1.24646e-15
 9135.04  1.21771e-15
 9149.85  1.1889e-15
 9164.65  1.16028e-15
 9179.46  1.13222e-15
 9194.26  1.10513e-15
 9209.07  1.07942e-15
 9223.87  1.05547e-15
 9238.68  1.03354e-15
 9253.48  1.01378e-15
 9268.29  9.96148e-16
 9283.09  9.80485e-16
 9297.9   9.66487e-16
 9312.7   9.53766e-16
 9327.51  9.41893e-16
 9342.31  9.30449e-16
 9357.12  9.19072e-16
 9371.92  9.07484e-16
 9386.73  8.95516e-16
 9401.53  8.83105e-16
 9416.34  8.7028e-16
 9431.14  8.57137e-16
 9445.95  8.4381e-16
 9460.75  8.3044e-16
 9475.56  8.17147e-16
 9490.36  8.04015e-16
 9505.17  7.91083e-16
 9519.97  7.78344e-16
 9534.78  7.65756e-16
 9549.58  7.53259e-16
 9564.39  7.40786e-16
 9579.19  7.28285e-16
 9594     7.15723e-16
 9608.8   7.03099e-16
 9623.61  6.90439e-16
 9638.41  6.77796e-16
 9653.22  6.65235e-16
 9668.02  6.5283e-16
 9682.83  6.40645e-16
 9697.63  6.2873e-16
 9712.44  6.17113e-16
 9727.24  6.05794e-16
 9742.05  5.9475e-16
 9756.85  5.83937e-16
 9771.66  5.73302e-16
 9786.46  5.62791e-16
 9801.26  5.52366e-16
 9816.07  5.42013e-16
 9830.87  5.31758e-16
 9845.68  5.21673e-16
 9860.48  5.1188e-16
 9875.29  5.02544e-16
 9890.09  4.93868e-16
 9904.9   4.86068e-16
 9919.7   4.79352e-16
 9934.51  4.73888e-16
 9949.31  4.69777e-16
 9964.12  4.67027e-16
 9978.92  4.65537e-16
 9993.73  4.65093e-16
10008.5   4.65378e-16
10023.3   4.66001e-16
10038.1   4.6653e-16
10052.9   4.66542e-16
10067.8   4.65667e-16
10082.6   4.63631e-16
10097.4   4.60286e-16
10112.2   4.55622e-16
10127     4.49764e-16
10141.8   4.42948e-16
10156.6   4.35487e-16
10171.4   4.27729e-16
10186.2   4.20005e-16
10201     4.12599e-16
10215.8   4.05712e-16
10230.6   3.99453e-16
10245.4   3.93836e-16
10260.2   3.88797e-16
10275     3.84218e-16
10289.8   3.79958e-16
10304.6   3.75881e-16
10319.4   3.71883e-16
10334.2   3.67906e-16
10349     3.63948e-16
10363.9   3.60055e-16
10378.7   3.56313e-16
10393.5   3.52824e-16
10408.3   3.49689e-16
10423.1   3.46989e-16
10437.9   3.44772e-16
10452.7   3.43043e-16
10467.5   3.41772e-16
10482.3   3.40896e-16
10497.1   3.40336e-16
10511.9   3.40006e-16
10526.7   3.39831e-16
10541.5   3.39748e-16
10556.3   3.39713e-16
10571.1   3.39701e-16
10585.9   3.39698e-16
10600.7   3.39698e-16
10615.5   3.39697e-16
10630.3   3.39697e-16