3669.58  1.20796e-15
3671.04  1.08065e-15
3672.5   9.75098e-16
3673.95  9.00442e-16
3675.41  8.61724e-16
3676.87  8.5914e-16
3678.33  8.88043e-16
3679.78  9.3973e-16
3681.24  1.00287e-15
3682.7   1.06535e-15
3684.16  1.11615e-15
3685.62  1.14698e-15
3687.07  1.15347e-15
3688.53  1.13552e-15
3689.99  1.09704e-15
3691.45  1.045e-15
3692.91  9.88046e-16
3694.36  9.34893e-16
3695.82  8.92881e-16
3697.28  8.66825e-16
3698.74  8.58397e-16
3700.2   8.66096e-16
3701.65  8.85754e-16
3703.11  9.1148e-16
3704.57  9.36812e-16
3706.03  9.55899e-16
3707.48  9.64468e-16
3708.94  9.60448e-16
3710.4   9.44149e-16
3711.86  9.18002e-16
3713.32  8.85933e-16
3714.77  8.52519e-16
3716.23  8.22088e-16
3717.69  7.97936e-16
3719.15  7.8181e-16
3720.61  7.73726e-16
3722.06  7.72146e-16
3723.52  7.74457e-16
3724.98  7.77633e-16
3726.44  7.78935e-16
3727.9   7.76517e-16
3729.35  7.69792e-16
3730.81  7.59507e-16
3732.27  7.47511e-16
3733.73  7.36272e-16
3735.19  7.28247e-16
3736.64  7.25259e-16
3738.1   7.27997e-16
3739.56  7.35779e-16
3741.02  7.46617e-16
3742.47  7.57598e-16
3743.93  7.65508e-16
3745.39  7.6757e-16
3746.85  7.62146e-16
3748.31  7.49249e-16
3749.76  7.30743e-16
3751.22  7.10169e-16
3752.68  6.92203e-16
3754.14  6.81853e-16
3755.6   6.83511e-16
3757.05  7.00065e-16
3758.51  7.32235e-16
3759.97  7.78262e-16
3761.43  8.34037e-16
3762.89  8.93652e-16
3764.34  9.50287e-16
3765.8   9.9729e-16
3767.26  1.02925e-15
3768.72  1.0429e-15
3770.18  1.0377e-15
3771.63  1.01594e-15
3773.09  9.82494e-16
3774.55  9.44072e-16
3776.01  9.08271e-16
3777.46  8.82469e-16
3778.92  8.72781e-16
3780.38  8.83224e-16
3781.84  9.1522e-16
3783.3   9.67499e-16
3784.75  1.03641e-15
3786.21  1.11659e-15
3787.67  1.20183e-15
3789.13  1.2861e-15
3790.59  1.36435e-15
3792.04  1.43329e-15
3793.5   1.49161e-15
3794.96  1.54002e-15
3796.42  1.58084e-15
3797.88  1.61733e-15
3799.33  1.65289e-15
3800.79  1.69032e-15
3802.25  1.73122e-15
3803.71  1.7756e-15
3805.17  1.822e-15
3806.62  1.8677e-15
3808.08  1.90944e-15
3809.54  1.94402e-15
3811     1.9691e-15
3812.45  1.98372e-15
3813.91  1.9886e-15
3815.37  1.98613e-15
3816.83  1.98003e-15
3818.29  1.97478e-15
3819.74  1.97488e-15
3821.2   1.98415e-15
3822.66  2.0051e-15
3824.12  2.03858e-15
3825.58  2.08367e-15
3827.03  2.13789e-15
3828.49  2.19763e-15
3829.95  2.25883e-15
3831.41  2.31756e-15
3832.87  2.37072e-15
3834.32  2.41639e-15
3835.78  2.45417e-15
3837.24  2.48506e-15
3838.7   2.5113e-15
3840.16  2.53593e-15
3841.61  2.56227e-15
3843.07  2.59339e-15
3844.53  2.63167e-15
3845.99  2.67843e-15
3847.44  2.73374e-15
3848.9   2.79643e-15
3850.36  2.86423e-15
3851.82  2.93405e-15
3853.28  3.0024e-15
3854.73  3.06583e-15
3856.19  3.12132e-15
3857.65  3.16671e-15
3859.11  3.20091e-15
3860.57  3.22409e-15
3862.02  3.23764e-15
3863.48  3.24402e-15
3864.94  3.2465e-15
3866.4   3.24882e-15
3867.86  3.25474e-15
3869.31  3.26772e-15
3870.77  3.29052e-15
3872.23  3.32494e-15
3873.69  3.37159e-15
3875.15  3.42985e-15
3876.6   3.49784e-15
3878.06  3.5726e-15
3879.52  3.65025e-15
3880.98  3.72637e-15
3882.43  3.79635e-15
3883.89  3.85578e-15
3885.35  3.90091e-15
3886.81  3.92899e-15
3888.27  3.93861e-15
3889.72  3.92986e-15
3891.18  3.90446e-15
3892.64  3.86562e-15
3894.1   3.81789e-15
3895.56  3.76675e-15
3897.01  3.7181e-15
3898.47  3.67773e-15
3899.93  3.65065e-15
3901.39  3.64052e-15
3902.85  3.64919e-15
3904.3   3.6764e-15
3905.76  3.7197e-15
3907.22  3.77466e-15
3908.68  3.83533e-15
3910.13  3.89491e-15
3911.59  3.94655e-15
3913.05  3.98422e-15
3914.51  4.00342e-15
3915.97  4.00176e-15
3917.42  3.97924e-15
3918.88  3.93821e-15
3920.34  3.88294e-15
3921.8   3.81906e-15
3923.26  3.75272e-15
3924.71  3.68975e-15
3926.17  3.63495e-15
3927.63  3.59152e-15
3929.09  3.56081e-15
3930.55  3.54233e-15
3932     3.5341e-15
3933.46  3.53309e-15
3934.92  3.53586e-15
3936.38  3.53909e-15
3937.84  3.54007e-15
3939.29  3.53699e-15
3940.75  3.52898e-15
3942.21  3.51606e-15
3943.67  3.49884e-15
3945.12  3.47827e-15
3946.58  3.45534e-15
3948.04  3.43086e-15
3949.5   3.40538e-15
3950.96  3.37924e-15
3952.41  3.35266e-15
3953.87  3.32595e-15
3955.33  3.29969e-15
3956.79  3.27484e-15
3958.25  3.25269e-15
3959.7   3.23482e-15
3961.16  3.2228e-15
3962.62  3.21795e-15
3964.08  3.22101e-15
3965.54  3.23191e-15
3966.99  3.24967e-15
3968.45  3.27247e-15
3969.91  3.29785e-15
3971.37  3.32306e-15
3972.83  3.34547e-15
3974.28  3.36303e-15
3975.74  3.37452e-15
3977.2   3.37976e-15
3978.66  3.37958e-15
3980.11  3.37554e-15
3981.57  3.3696e-15
3983.03  3.36365e-15
3984.49  3.35908e-15
3985.95  3.35643e-15
3987.4   3.35531e-15
3988.86  3.35443e-15
3990.32  3.35191e-15
3991.78  3.34574e-15
3993.24  3.33431e-15
3994.69  3.31682e-15
3996.15  3.29369e-15
3997.61  3.26662e-15
3999.07  3.23843e-15
4000.53  3.21273e-15
4001.98  3.19332e-15
4003.44  3.18354e-15
4004.9   3.1857e-15
4006.36  3.20056e-15
4007.82  3.22716e-15
4009.27  3.26281e-15
4010.73  3.30349e-15
4012.19  3.34438e-15
4013.65  3.38059e-15
4015.1   3.40793e-15
4016.56  3.42359e-15
4018.02  3.42659e-15
4019.48  3.41799e-15
4020.94  3.40079e-15
4022.39  3.37952e-15
4023.85  3.35959e-15
4025.31  3.34645e-15
4026.77  3.34486e-15
4028.23  3.3581e-15
4029.68  3.38747e-15
4031.14  3.43213e-15
4032.6   3.48914e-15
4034.06  3.55391e-15
4035.52  3.62085e-15
4036.97  3.68418e-15
4038.43  3.7388e-15
4039.89  3.78104e-15
4041.35  3.8092e-15
4042.81  3.82377e-15
4044.26  3.82734e-15
4045.72  3.82413e-15
4047.18  3.81927e-15
4048.64  3.81796e-15
4050.09  3.82452e-15
4051.55  3.84164e-15
4053.01  3.86994e-15
4054.47  3.90777e-15
4055.93  3.9515e-15
4057.38  3.99616e-15
4058.84  4.03626e-15
4060.3   4.06685e-15
4061.76  4.08441e-15
4063.22  4.08759e-15
4064.67  4.07752e-15
4066.13  4.05778e-15
4067.59  4.03378e-15
4069.05  4.01194e-15
4070.51  3.99853e-15
4071.96  3.99855e-15
4073.42  4.01484e-15
4074.88  4.04745e-15
4076.34  4.09361e-15
4077.8   4.14808e-15
4079.25  4.20403e-15
4080.71  4.25411e-15
4082.17  4.29171e-15
4083.63  4.31203e-15
4085.08  4.31278e-15
4086.54  4.29458e-15
4088     4.26074e-15
4089.46  4.21669e-15
4090.92  4.16903e-15
4092.37  4.12447e-15
4093.83  4.08884e-15
4095.29  4.06625e-15
4096.75  4.05871e-15
4098.21  4.06598e-15
4099.66  4.08592e-15
4101.12  4.11504e-15
4102.58  4.14918e-15
4104.04  4.18422e-15
4105.5   4.21665e-15
4106.95  4.24396e-15
4108.41  4.26475e-15
4109.87  4.27868e-15
4111.33  4.2862e-15
4112.79  4.28825e-15
4114.24  4.28593e-15
4115.7   4.28026e-15
4117.16  4.272e-15
4118.62  4.26163e-15
4120.07  4.24941e-15
4121.53  4.23548e-15
4122.99  4.22e-15
4124.45  4.20332e-15
4125.91  4.18603e-15
4127.36  4.16897e-15
4128.82  4.15322e-15
4130.28  4.13996e-15
4131.74  4.13035e-15
4133.2   4.12541e-15
4134.65  4.12583e-15
4136.11  4.13192e-15
4137.57  4.14357e-15
4139.03  4.16024e-15
4140.49  4.18105e-15
4141.94  4.2049e-15
4143.4   4.23056e-15
4144.86  4.25681e-15
4146.32  4.28253e-15
4147.77  4.30672e-15
4149.23  4.3286e-15
4150.69  4.34756e-15
4152.15  4.36316e-15
4153.61  4.37517e-15
4155.06  4.38356e-15
4156.52  4.38853e-15
4157.98  4.39059e-15
4159.44  4.39053e-15
4160.9   4.38946e-15
4162.35  4.38872e-15
4163.81  4.3898e-15
4165.27  4.39414e-15
4166.73  4.40292e-15
4168.19  4.41687e-15
4169.64  4.43605e-15
4171.1   4.4598e-15
4172.56  4.4867e-15
4174.02  4.51474e-15
4175.48  4.54152e-15
4176.93  4.56464e-15
4178.39  4.58204e-15
4179.85  4.59231e-15
4181.31  4.595e-15
4182.76  4.59064e-15
4184.22  4.58074e-15
4185.68  4.56751e-15
4187.14  4.55352e-15
4188.6   4.54125e-15
4190.05  4.53268e-15
4191.51  4.52897e-15
4192.97  4.53026e-15
4194.43  4.53566e-15
4195.89  4.5434e-15
4197.34  4.55119e-15
4198.8   4.55661e-15
4200.26  4.55754e-15
4201.72  4.55251e-15
4203.18  4.541e-15
4204.63  4.52347e-15
4206.09  4.50132e-15
4207.55  4.47664e-15
4209.01  4.45191e-15
4210.47  4.42955e-15
4211.92  4.41164e-15
4213.38  4.39958e-15
4214.84  4.39395e-15
4216.3   4.39443e-15
4217.75  4.39988e-15
4219.21  4.40849e-15
4220.67  4.41801e-15
4222.13  4.42594e-15
4223.59  4.42982e-15
4225.04  4.42742e-15
4226.5   4.41693e-15
4227.96  4.39714e-15
4229.42  4.36753e-15
4230.88  4.32833e-15
4232.33  4.28059e-15
4233.79  4.22606e-15
4235.25  4.16713e-15
4236.71  4.10661e-15
4238.17  4.04745e-15
4239.62  3.9925e-15
4241.08  3.94416e-15
4242.54  3.90418e-15
4244     3.87339e-15
4245.46  3.85169e-15
4246.91  3.83802e-15
4248.37  3.83051e-15
4249.83  3.82674e-15
4251.29  3.82405e-15
4252.74  3.81982e-15
4254.2   3.81186e-15
4255.66  3.79857e-15
4257.12  3.77915e-15
4258.58  3.7536e-15
4260.03  3.72263e-15
4261.49  3.6875e-15
4262.95  3.6498e-15
4264.41  3.61117e-15
4265.87  3.57308e-15
4267.32  3.53663e-15
4268.78  3.50253e-15
4270.24  3.47098e-15
4271.7   3.44184e-15
4273.16  3.41467e-15
4274.61  3.38892e-15
4276.07  3.36403e-15
4277.53  3.33957e-15
4278.99  3.31529e-15
4280.45  3.29113e-15
4281.9   3.26721e-15
4283.36  3.24379e-15
4284.82  3.22112e-15
4286.28  3.19945e-15
4287.73  3.17893e-15
4289.19  3.15957e-15
4290.65  3.14126e-15
4292.11  3.12379e-15
4293.57  3.10689e-15
4295.02  3.09032e-15
4296.48  3.07391e-15
4297.94  3.05765e-15
4299.4   3.04169e-15
4300.86  3.02636e-15
4302.31  3.01212e-15
4303.77  2.9995e-15
4305.23  2.98896e-15
4306.69  2.98081e-15
4308.15  2.97511e-15
4309.6   2.97158e-15
4311.06  2.96956e-15
4312.52  2.96814e-15
4313.98  2.96617e-15
4315.44  2.96245e-15
4316.89  2.95596e-15
4318.35  2.94597e-15
4319.81  2.93223e-15
4321.27  2.91504e-15
4322.72  2.89529e-15
4324.18  2.87436e-15
4325.64  2.85393e-15
4327.1   2.83584e-15
4328.56  2.82176e-15
4330.01  2.81301e-15
4331.47  2.81038e-15
4332.93  2.81397e-15
4334.39  2.82323e-15
4335.85  2.83703e-15
4337.3   2.85383e-15
4338.76  2.87192e-15
4340.22  2.88969e-15
4341.68  2.90582e-15
4343.14  2.91948e-15
4344.59  2.93043e-15
4346.05  2.93899e-15
4347.51  2.94594e-15
4348.97  2.95237e-15
4350.42  2.95944e-15
4351.88  2.96823e-15
4353.34  2.97951e-15
4354.8   2.99372e-15
4356.26  3.01089e-15
4357.71  3.03068e-15
4359.17  3.05254e-15
4360.63  3.07579e-15
4362.09  3.09972e-15
4363.55  3.12375e-15
4365     3.14741e-15
4366.46  3.17039e-15
4367.92  3.19252e-15
4369.38  3.2137e-15
4370.84  3.23389e-15
4372.29  3.25313e-15
4373.75  3.27147e-15
4375.21  3.28908e-15
4376.67  3.30626e-15
4378.13  3.32346e-15
4379.58  3.34131e-15
4381.04  3.36054e-15
4382.5   3.38195e-15
4383.96  3.40624e-15
4385.41  3.4339e-15
4386.87  3.46509e-15
4388.33  3.49958e-15
4389.79  3.53677e-15
4391.25  3.57569e-15
4392.7   3.61524e-15
4394.16  3.65432e-15
4395.62  3.69206e-15
4397.08  3.72801e-15
4398.54  3.76225e-15
4399.99  3.7954e-15
4401.45  3.8286e-15
4402.91  3.86329e-15
4404.37  3.90097e-15
4405.83  3.943e-15
4407.28  3.9903e-15
4408.74  4.04319e-15
4410.2   4.10136e-15
4411.66  4.16386e-15
4413.12  4.22924e-15
4414.57  4.29581e-15
4416.03  4.36185e-15
4417.49  4.42587e-15
4418.95  4.48677e-15
4420.4   4.54395e-15
4421.86  4.59732e-15
4423.32  4.64716e-15
4424.78  4.69404e-15
4426.24  4.73862e-15
4427.69  4.78149e-15
4429.15  4.82311e-15
4430.61  4.86378e-15
4432.07  4.90365e-15
4433.53  4.94288e-15
4434.98  4.98172e-15
4436.44  5.02058e-15
4437.9   5.06014e-15
4439.36  5.10131e-15
4440.82  5.14511e-15
4442.27  5.19253e-15
4443.73  5.24437e-15
4445.19  5.30101e-15
4446.65  5.36232e-15
4448.11  5.42759e-15
4449.56  5.49554e-15
4451.02  5.56446e-15
4452.48  5.63245e-15
4453.94  5.69762e-15
4455.39  5.75839e-15
4456.85  5.81368e-15
4458.31  5.86305e-15
4459.77  5.90677e-15
4461.23  5.94572e-15
4462.68  5.98118e-15
4464.14  6.01467e-15
4465.6   6.04756e-15
4467.06  6.08092e-15
4468.52  6.1152e-15
4469.97  6.15027e-15
4471.43  6.18532e-15
4472.89  6.21913e-15
4474.35  6.25025e-15
4475.81  6.27733e-15
4477.26  6.29943e-15
4478.72  6.31622e-15
4480.18  6.32813e-15
4481.64  6.33633e-15
4483.1   6.34256e-15
4484.55  6.3489e-15
4486.01  6.35742e-15
4487.47  6.36992e-15
4488.93  6.38761e-15
4490.38  6.41104e-15
4491.84  6.44004e-15
4493.3   6.47383e-15
4494.76  6.51124e-15
4496.22  6.55096e-15
4497.67  6.59174e-15
4499.13  6.63258e-15
4500.59  6.67281e-15
4502.05  6.71208e-15
4503.51  6.75022e-15
4504.96  6.78712e-15
4506.42  6.82257e-15
4507.88  6.85613e-15
4509.34  6.88717e-15
4510.8   6.91491e-15
4512.25  6.93855e-15
4513.71  6.95751e-15
4515.17  6.97159e-15
4516.63  6.98105e-15
4518.09  6.98668e-15
4519.54  6.98966e-15
4521     6.99137e-15
4522.46  6.99312e-15
4523.92  6.99591e-15
4525.37  7.00022e-15
4526.83  7.00592e-15
4528.29  7.01235e-15
4529.75  7.0184e-15
4531.21  7.02285e-15
4532.66  7.02458e-15
4534.12  7.02287e-15
4535.58  7.01752e-15
4537.04  7.00896e-15
4538.5   6.99813e-15
4539.95  6.98634e-15
4541.41  6.97501e-15
4542.87  6.96545e-15
4544.33  6.95858e-15
4545.79  6.9548e-15
4547.24  6.95396e-15
4548.7   6.95532e-15
4550.16  6.95774e-15
4551.62  6.95982e-15
4553.08  6.96011e-15
4554.53  6.95734e-15
4555.99  6.95056e-15
4557.45  6.93929e-15
4558.91  6.92352e-15
4560.36  6.90376e-15
4561.82  6.88087e-15
4563.28  6.856e-15
4564.74  6.8304e-15
4566.2   6.80529e-15
4567.65  6.7817e-15
4569.11  6.7604e-15
4570.57  6.74189e-15
4572.03  6.72639e-15
4573.49  6.71391e-15
4574.94  6.70433e-15
4576.4   6.69749e-15
4577.86  6.69325e-15
4579.32  6.69151e-15
4580.78  6.69224e-15
4582.23  6.69537e-15
4583.69  6.70077e-15
4585.15  6.70817e-15
4586.61  6.71711e-15
4588.06  6.72689e-15
4589.52  6.73663e-15
4590.98  6.74533e-15
4592.44  6.75197e-15
4593.9   6.75563e-15
4595.35  6.75568e-15
4596.81  6.75183e-15
4598.27  6.74423e-15
4599.73  6.73349e-15
4601.19  6.72057e-15
4602.64  6.7067e-15
4604.1   6.69315e-15
4605.56  6.68109e-15
4607.02  6.67129e-15
4608.48  6.66407e-15
4609.93  6.65913e-15
4611.39  6.65561e-15
4612.85  6.65217e-15
4614.31  6.64718e-15
4615.77  6.63898e-15
4617.22  6.62609e-15
4618.68  6.60749e-15
4620.14  6.5827e-15
4621.6   6.55191e-15
4623.05  6.51589e-15
4624.51  6.47588e-15
4625.97  6.43341e-15
4627.43  6.39003e-15
4628.89  6.34718e-15
4630.34  6.30593e-15
4631.8   6.26693e-15
4633.26  6.23034e-15
4634.72  6.19592e-15
4636.18  6.16305e-15
4637.63  6.13092e-15
4639.09  6.09858e-15
4640.55  6.06514e-15
4642.01  6.02979e-15
4643.47  5.99187e-15
4644.92  5.9509e-15
4646.38  5.90656e-15
4647.84  5.85868e-15
4649.3   5.80721e-15
4650.76  5.75221e-15
4652.21  5.69383e-15
4653.67  5.63235e-15
4655.13  5.56811e-15
4656.59  5.50159e-15
4658.04  5.43331e-15
4659.5   5.36382e-15
4660.96  5.29365e-15
4662.42  5.22324e-15
4663.88  5.15287e-15
4665.33  5.08269e-15
4666.79  5.01268e-15
4668.25  4.94275e-15
4669.71  4.87285e-15
4671.17  4.80307e-15
4672.62  4.73377e-15
4674.08  4.66569e-15
4675.54  4.59989e-15
4677     4.53775e-15
4678.46  4.48078e-15
4679.91  4.43038e-15
4681.37  4.38761e-15
4682.83  4.35294e-15
4684.29  4.32607e-15
4685.75  4.30592e-15
4687.2   4.29067e-15
4688.66  4.278e-15
4690.12  4.26536e-15
4691.58  4.25041e-15
4693.03  4.23131e-15
4694.49  4.20701e-15
4695.95  4.17739e-15
4697.41  4.14328e-15
4698.87  4.10624e-15
4700.32  4.0683e-15
4701.78  4.03161e-15
4703.24  3.99803e-15
4704.7   3.96888e-15
4706.16  3.94471e-15
4707.61  3.92527e-15
4709.07  3.90964e-15
4710.53  3.89641e-15
4711.99  3.88401e-15
4713.45  3.87099e-15
4714.9   3.85634e-15
4716.36  3.83963e-15
4717.82  3.82114e-15
4719.28  3.80174e-15
4720.74  3.78278e-15
4722.19  3.76583e-15
4723.65  3.75241e-15
4725.11  3.74377e-15
4726.57  3.7406e-15
4728.02  3.74301e-15
4729.48  3.75045e-15
4730.94  3.7618e-15
4732.4   3.77555e-15
4733.86  3.79e-15
4735.31  3.80349e-15
4736.77  3.81456e-15
4738.23  3.82217e-15
4739.69  3.82571e-15
4741.15  3.82503e-15
4742.6   3.82037e-15
4744.06  3.81228e-15
4745.52  3.80145e-15
4746.98  3.78862e-15
4748.44  3.7745e-15
4749.89  3.75965e-15
4751.35  3.7445e-15
4752.81  3.72935e-15
4754.27  3.71436e-15
4755.73  3.69962e-15
4757.18  3.68514e-15
4758.64  3.67086e-15
4760.1   3.65671e-15
4761.56  3.64255e-15
4763.01  3.62823e-15
4764.47  3.61356e-15
4765.93  3.59837e-15
4767.39  3.58254e-15
4768.85  3.56604e-15
4770.3   3.54895e-15
4771.76  3.53153e-15
4773.22  3.51415e-15
4774.68  3.49731e-15
4776.14  3.48157e-15
4777.59  3.46746e-15
4779.05  3.45543e-15
4780.51  3.44576e-15
4781.97  3.43854e-15
4783.43  3.43363e-15
4784.88  3.4307e-15
4786.34  3.42928e-15
4787.8   3.42881e-15
4789.26  3.42872e-15
4790.71  3.42849e-15
4792.17  3.42771e-15
4793.63  3.42605e-15
4795.09  3.42328e-15
4796.55  3.41925e-15
4798     3.41386e-15
4799.46  3.40701e-15
4800.92  3.39866e-15
4802.38  3.38878e-15
4803.84  3.37745e-15
4805.29  3.36489e-15
4806.75  3.35146e-15
4808.21  3.33775e-15
4809.67  3.32453e-15
4811.13  3.3127e-15
4812.58  3.30326e-15
4814.04  3.29716e-15
4815.5   3.29521e-15
4816.96  3.29801e-15
4818.42  3.30582e-15
4819.87  3.3186e-15
4821.33  3.33597e-15
4822.79  3.35731e-15
4824.25  3.38184e-15
4825.7   3.40872e-15
4827.16  3.4372e-15
4828.62  3.46672e-15
4830.08  3.49696e-15
4831.54  3.52789e-15
4832.99  3.55972e-15
4834.45  3.59284e-15
4835.91  3.62772e-15
4837.37  3.66474e-15
4838.83  3.7041e-15
4840.28  3.74569e-15
4841.74  3.78902e-15
4843.2   3.83325e-15
4844.66  3.87727e-15
4846.12  3.9198e-15
4847.57  3.95965e-15
4849.03  3.99586e-15
4850.49  4.02797e-15
4851.95  4.05608e-15
4853.41  4.08097e-15
4854.86  4.10402e-15
4856.32  4.12704e-15
4857.78  4.15208e-15
4859.24  4.1811e-15
4860.69  4.21565e-15
4862.15  4.25667e-15
4863.61  4.30427e-15
4865.07  4.35766e-15
4866.53  4.4152e-15
4867.98  4.47461e-15
4869.44  4.53317e-15
4870.9   4.58809e-15
4872.36  4.63676e-15
4873.82  4.6771e-15
4875.27  4.70774e-15
4876.73  4.72812e-15
4878.19  4.73849e-15
4879.65  4.73984e-15
4881.11  4.73369e-15
4882.56  4.7218e-15
4884.02  4.70598e-15
4885.48  4.68777e-15
4886.94  4.66828e-15
4888.4   4.64807e-15
4889.85  4.62709e-15
4891.31  4.6048e-15
4892.77  4.5803e-15
4894.23  4.55253e-15
4895.68  4.52051e-15
4897.14  4.48361e-15
4898.6   4.44167e-15
4900.06  4.39513e-15
4901.52  4.3451e-15
4902.97  4.29318e-15
4904.43  4.24138e-15
4905.89  4.19184e-15
4907.35  4.14654e-15
4908.81  4.10708e-15
4910.26  4.07438e-15
4911.72  4.04862e-15
4913.18  4.0291e-15
4914.64  4.01443e-15
4916.1   4.00263e-15
4917.55  3.99147e-15
4919.01  3.97878e-15
4920.47  3.96279e-15
4921.93  3.94239e-15
4923.39  3.91733e-15
4924.84  3.88821e-15
4926.3   3.85643e-15
4927.76  3.82391e-15
4929.22  3.79277e-15
4930.67  3.76501e-15
4932.13  3.74209e-15
4933.59  3.72476e-15
4935.05  3.71288e-15
4936.51  3.70548e-15
4937.96  3.70092e-15
4939.42  3.6972e-15
4940.88  3.69227e-15
4942.34  3.68445e-15
4943.8   3.67266e-15
4945.25  3.6566e-15
4946.71  3.63683e-15
4948.17  3.6146e-15
4949.63  3.59163e-15
4951.09  3.5698e-15
4952.54  3.55079e-15
4954     3.53584e-15
4955.46  3.5255e-15
4956.92  3.51963e-15
4958.38  3.51743e-15
4959.83  3.51769e-15
4961.29  3.51902e-15
4962.75  3.52016e-15
4964.21  3.52024e-15
4965.66  3.51892e-15
4967.12  3.51645e-15
4968.58  3.51361e-15
4970.04  3.51153e-15
4971.5   3.51147e-15
4972.95  3.51458e-15
4974.41  3.52169e-15
4975.87  3.53316e-15
4977.33  3.54886e-15
4978.79  3.56816e-15
4980.24  3.59009e-15
4981.7   3.61345e-15
4983.16  3.63705e-15
4984.62  3.6598e-15
4986.08  3.6809e-15
4987.53  3.69989e-15
4988.99  3.71666e-15
4990.45  3.73142e-15
4991.91  3.74466e-15
4993.37  3.757e-15
4994.82  3.76913e-15
4996.28  3.78169e-15
4997.74  3.79522e-15
4999.2   3.81008e-15
5000.65  3.82644e-15
5002.11  3.84431e-15
5003.57  3.86351e-15
5005.03  3.88374e-15
5006.49  3.90463e-15
5007.94  3.92577e-15
5009.4   3.94677e-15
5010.86  3.96731e-15
5012.32  3.98715e-15
5013.78  4.00618e-15
5015.23  4.02444e-15
5016.69  4.04209e-15
5018.15  4.05938e-15
5019.61  4.07666e-15
5021.07  4.09432e-15
5022.52  4.11268e-15
5023.98  4.132e-15
5025.44  4.1524e-15
5026.9   4.17383e-15
5028.35  4.19605e-15
5029.81  4.21865e-15
5031.27  4.24112e-15
5032.73  4.26286e-15
5034.19  4.28333e-15
5035.64  4.30206e-15
5037.1   4.31874e-15
5038.56  4.33327e-15
5040.02  4.34579e-15
5041.48  4.35663e-15
5042.93  4.36635e-15
5044.39  4.37565e-15
5045.85  4.38531e-15
5047.31  4.39621e-15
5048.77  4.40917e-15
5050.22  4.42502e-15
5051.68  4.44447e-15
5053.14  4.46809e-15
5054.6   4.49628e-15
5056.06  4.52918e-15
5057.51  4.56669e-15
5058.97  4.60839e-15
5060.43  4.65359e-15
5061.89  4.70132e-15
5063.34  4.75045e-15
5064.8   4.79978e-15
5066.26  4.84819e-15
5067.72  4.89476e-15
5069.18  4.93894e-15
5070.63  4.98054e-15
5072.09  5.01985e-15
5073.55  5.05749e-15
5075.01  5.09436e-15
5076.47  5.13142e-15
5077.92  5.16954e-15
5079.38  5.20932e-15
5080.84  5.25096e-15
5082.3   5.29426e-15
5083.76  5.33865e-15
5085.21  5.3833e-15
5086.67  5.42733e-15
5088.13  5.47e-15
5089.59  5.51087e-15
5091.05  5.54993e-15
5092.5   5.58763e-15
5093.96  5.62478e-15
5095.42  5.66244e-15
5096.88  5.7017e-15
5098.33  5.74352e-15
5099.79  5.78849e-15
5101.25  5.83677e-15
5102.71  5.88805e-15
5104.17  5.94166e-15
5105.62  5.99664e-15
5107.08  6.05198e-15
5108.54  6.10674e-15
5110     6.16021e-15
5111.46  6.212e-15
5112.91  6.26199e-15
5114.37  6.31034e-15
5115.83  6.35731e-15
5117.29  6.40322e-15
5118.75  6.44827e-15
5120.2   6.49253e-15
5121.66  6.53588e-15
5123.12  6.57809e-15
5124.58  6.61883e-15
5126.04  6.6578e-15
5127.49  6.69477e-15
5128.95  6.72964e-15
5130.41  6.76247e-15
5131.87  6.79341e-15
5133.32  6.82267e-15
5134.78  6.85046e-15
5136.24  6.87689e-15
5137.7   6.90198e-15
5139.16  6.92562e-15
5140.61  6.94765e-15
5142.07  6.9679e-15
5143.53  6.98628e-15
5144.99  7.00286e-15
5146.45  7.01791e-15
5147.9   7.03189e-15
5149.36  7.04542e-15
5150.82  7.05917e-15
5152.28  7.07381e-15
5153.74  7.08984e-15
5155.19  7.10755e-15
5156.65  7.12695e-15
5158.11  7.14778e-15
5159.57  7.16958e-15
5161.03  7.19174e-15
5162.48  7.2136e-15
5163.94  7.23457e-15
5165.4   7.25419e-15
5166.86  7.27213e-15
5168.31  7.28825e-15
5169.77  7.30249e-15
5171.23  7.31487e-15
5172.69  7.32537e-15
5174.15  7.33395e-15
5175.6   7.34046e-15
5177.06  7.34471e-15
5178.52  7.34647e-15
5179.98  7.34557e-15
5181.44  7.34195e-15
5182.89  7.33572e-15
5184.35  7.32722e-15
5185.81  7.31697e-15
5187.27  7.30568e-15
5188.73  7.29412e-15
5190.18  7.28302e-15
5191.64  7.27298e-15
5193.1   7.26435e-15
5194.56  7.25717e-15
5196.02  7.2511e-15
5197.47  7.24549e-15
5198.93  7.2394e-15
5200.39  7.23169e-15
5201.85  7.22115e-15
5203.3   7.2066e-15
5204.76  7.18703e-15
5206.22  7.16168e-15
5207.68  7.13015e-15
5209.14  7.09241e-15
5210.59  7.04883e-15
5212.05  7.00014e-15
5213.51  6.94739e-15
5214.97  6.89184e-15
5216.43  6.83486e-15
5217.88  6.77777e-15
5219.34  6.72173e-15
5220.8   6.66765e-15
5222.26  6.61602e-15
5223.72  6.56698e-15
5225.17  6.52024e-15
5226.63  6.47519e-15
5228.09  6.43099e-15
5229.55  6.38675e-15
5231     6.34165e-15
5232.46  6.29509e-15
5233.92  6.24684e-15
5235.38  6.19706e-15
5236.84  6.14631e-15
5238.29  6.09548e-15
5239.75  6.04568e-15
5241.21  5.99802e-15
5242.67  5.95351e-15
5244.13  5.91286e-15
5245.58  5.8764e-15
5247.04  5.84405e-15
5248.5   5.81535e-15
5249.96  5.7896e-15
5251.42  5.76597e-15
5252.87  5.74373e-15
5254.33  5.72239e-15
5255.79  5.70179e-15
5257.25  5.68219e-15
5258.71  5.66417e-15
5260.16  5.64856e-15
5261.62  5.63626e-15
5263.08  5.62801e-15
5264.54  5.62428e-15
5265.99  5.62509e-15
5267.45  5.62995e-15
5268.91  5.63792e-15
5270.37  5.6477e-15
5271.83  5.65774e-15
5273.28  5.66652e-15
5274.74  5.67266e-15
5276.2   5.67512e-15
5277.66  5.67332e-15
5279.12  5.66715e-15
5280.57  5.65699e-15
5282.03  5.64362e-15
5283.49  5.62808e-15
5284.95  5.6116e-15
5286.41  5.59543e-15
5287.86  5.58072e-15
5289.32  5.56845e-15
5290.78  5.55935e-15
5292.24  5.55388e-15
5293.7   5.55218e-15
5295.15  5.55409e-15
5296.61  5.55918e-15
5298.07  5.56676e-15
5299.53  5.57595e-15
5300.98  5.58571e-15
5302.44  5.595e-15
5303.9   5.6028e-15
5305.36  5.60826e-15
5306.82  5.6108e-15
5308.27  5.61014e-15
5309.73  5.6064e-15
5311.19  5.60001e-15
5312.65  5.59172e-15
5314.11  5.58246e-15
5315.56  5.57319e-15
5317.02  5.56481e-15
5318.48  5.55799e-15
5319.94  5.55311e-15
5321.4   5.55021e-15
5322.85  5.549e-15
5324.31  5.54895e-15
5325.77  5.54936e-15
5327.23  5.5495e-15
5328.69  5.54869e-15
5330.14  5.5464e-15
5331.6   5.54229e-15
5333.06  5.53623e-15
5334.52  5.52829e-15
5335.97  5.51866e-15
5337.43  5.50766e-15
5338.89  5.49566e-15
5340.35  5.48304e-15
5341.81  5.4702e-15
5343.26  5.4575e-15
5344.72  5.44527e-15
5346.18  5.43381e-15
5347.64  5.42336e-15
5349.1   5.41412e-15
5350.55  5.40624e-15
5352.01  5.39984e-15
5353.47  5.39498e-15
5354.93  5.39174e-15
5356.39  5.39016e-15
5357.84  5.39029e-15
5359.3   5.39214e-15
5360.76  5.39569e-15
5362.22  5.40085e-15
5363.68  5.40741e-15
5365.13  5.41503e-15
5366.59  5.42324e-15
5368.05  5.43144e-15
5369.51  5.43897e-15
5370.96  5.44516e-15
5372.42  5.44942e-15
5373.88  5.45129e-15
5375.34  5.45056e-15
5376.8   5.44724e-15
5378.25  5.4416e-15
5379.71  5.43413e-15
5381.17  5.42548e-15
5382.63  5.41635e-15
5384.09  5.40746e-15
5385.54  5.39944e-15
5387     5.39277e-15
5388.46  5.38773e-15
5389.92  5.38442e-15
5391.38  5.38272e-15
5392.83  5.38232e-15
5394.29  5.38275e-15
5395.75  5.38338e-15
5397.21  5.38347e-15
5398.67  5.38219e-15
5400.12  5.37866e-15
5401.58  5.37201e-15
5403.04  5.36144e-15
5404.5   5.34633e-15
5405.95  5.3263e-15
5407.41  5.30132e-15
5408.87  5.27175e-15
5410.33  5.23837e-15
5411.79  5.20232e-15
5413.24  5.16506e-15
5414.7   5.12815e-15
5416.16  5.09314e-15
5417.62  5.06137e-15
5419.08  5.03378e-15
5420.53  5.01085e-15
5421.99  4.99253e-15
5423.45  4.97827e-15
5424.91  4.96717e-15
5426.37  4.95811e-15
5427.82  4.94991e-15
5429.28  4.94156e-15
5430.74  4.93235e-15
5432.2   4.92193e-15
5433.66  4.91032e-15
5435.11  4.89794e-15
5436.57  4.88542e-15
5438.03  4.87357e-15
5439.49  4.8632e-15
5440.94  4.85508e-15
5442.4   4.84983e-15
5443.86  4.8479e-15
5445.32  4.84957e-15
5446.78  4.85501e-15
5448.23  4.86425e-15
5449.69  4.87725e-15
5451.15  4.89389e-15
5452.61  4.91395e-15
5454.07  4.93714e-15
5455.52  4.96304e-15
5456.98  4.99108e-15
5458.44  5.02059e-15
5459.9   5.05077e-15
5461.36  5.08079e-15
5462.81  5.10987e-15
5464.27  5.13736e-15
5465.73  5.16286e-15
5467.19  5.18627e-15
5468.64  5.20785e-15
5470.1   5.22819e-15
5471.56  5.24815e-15
5473.02  5.26875e-15
5474.48  5.29101e-15
5475.93  5.31578e-15
5477.39  5.3436e-15
5478.85  5.3746e-15
5480.31  5.40847e-15
5481.77  5.44449e-15
5483.22  5.48163e-15
5484.68  5.51872e-15
5486.14  5.55466e-15
5487.6   5.58852e-15
5489.06  5.61973e-15
5490.51  5.64812e-15
5491.97  5.6739e-15
5493.43  5.6976e-15
5494.89  5.71995e-15
5496.35  5.74174e-15
5497.8   5.76371e-15
5499.26  5.78642e-15
5500.72  5.81024e-15
5502.18  5.83527e-15
5503.63  5.86144e-15
5505.09  5.88852e-15
5506.55  5.91618e-15
5508.01  5.94409e-15
5509.47  5.97191e-15
5510.92  5.99937e-15
5512.38  6.02623e-15
5513.84  6.05232e-15
5515.3   6.07749e-15
5516.76  6.10166e-15
5518.21  6.12472e-15
5519.67  6.14663e-15
5521.13  6.16734e-15
5522.59  6.18688e-15
5524.05  6.20529e-15
5525.5   6.22266e-15
5526.96  6.23913e-15
5528.42  6.25484e-15
5529.88  6.26995e-15
5531.34  6.28456e-15
5532.79  6.29877e-15
5534.25  6.3126e-15
5535.71  6.32609e-15
5537.17  6.33926e-15
5538.62  6.35219e-15
5540.08  6.365e-15
5541.54  6.37791e-15
5543     6.39119e-15
5544.46  6.40509e-15
5545.91  6.41982e-15
5547.37  6.43538e-15
5548.83  6.45155e-15
5550.29  6.46783e-15
5551.75  6.48345e-15
5553.2   6.49746e-15
5554.66  6.50886e-15
5556.12  6.51679e-15
5557.58  6.52071e-15
5559.04  6.52056e-15
5560.49  6.51685e-15
5561.95  6.51062e-15
5563.41  6.5034e-15
5564.87  6.49694e-15
5566.33  6.49301e-15
5567.78  6.49312e-15
5569.24  6.49828e-15
5570.7   6.50883e-15
5572.16  6.52444e-15
5573.61  6.54408e-15
5575.07  6.56629e-15
5576.53  6.58932e-15
5577.99  6.61144e-15
5579.45  6.6312e-15
5580.9   6.64757e-15
5582.36  6.66011e-15
5583.82  6.66893e-15
5585.28  6.67465e-15
5586.74  6.67825e-15
5588.19  6.68086e-15
5589.65  6.68359e-15
5591.11  6.6873e-15
5592.57  6.69255e-15
5594.03  6.69944e-15
5595.48  6.70768e-15
5596.94  6.71663e-15
5598.4   6.72546e-15
5599.86  6.73325e-15
5601.32  6.73918e-15
5602.77  6.7427e-15
5604.23  6.74355e-15
5605.69  6.74185e-15
5607.15  6.73806e-15
5608.6   6.73289e-15
5610.06  6.72715e-15
5611.52  6.72171e-15
5612.98  6.71729e-15
5614.44  6.71442e-15
5615.89  6.71338e-15
5617.35  6.71417e-15
5618.81  6.71659e-15
5620.27  6.72023e-15
5621.73  6.72458e-15
5623.18  6.72907e-15
5624.64  6.73313e-15
5626.1   6.73618e-15
5627.56  6.73772e-15
5629.02  6.73733e-15
5630.47  6.73465e-15
5631.93  6.72949e-15
5633.39  6.72178e-15
5634.85  6.71167e-15
5636.31  6.69952e-15
5637.76  6.68586e-15
5639.22  6.67138e-15
5640.68  6.65683e-15
5642.14  6.64288e-15
5643.59  6.63004e-15
5645.05  6.61854e-15
5646.51  6.60823e-15
5647.97  6.59864e-15
5649.43  6.58897e-15
5650.88  6.57821e-15
5652.34  6.56538e-15
5653.8   6.54961e-15
5655.26  6.53039e-15
5656.72  6.50763e-15
5658.17  6.48178e-15
5659.63  6.45371e-15
5661.09  6.42468e-15
5662.55  6.3961e-15
5664.01  6.36934e-15
5665.46  6.34552e-15
5666.92  6.3253e-15
5668.38  6.30879e-15
5669.84  6.29552e-15
5671.29  6.28451e-15
5672.75  6.2744e-15
5674.21  6.26366e-15
5675.67  6.25083e-15
5677.13  6.23473e-15
5678.58  6.21461e-15
5680.04  6.19026e-15
5681.5   6.16203e-15
5682.96  6.13069e-15
5684.42  6.09738e-15
5685.87  6.06336e-15
5687.33  6.02985e-15
5688.79  5.99786e-15
5690.25  5.96812e-15
5691.71  5.94099e-15
5693.16  5.91656e-15
5694.62  5.89471e-15
5696.08  5.87527e-15
5697.54  5.85811e-15
5699     5.84328e-15
5700.45  5.83101e-15
5701.91  5.82167e-15
5703.37  5.81568e-15
5704.83  5.81333e-15
5706.28  5.81465e-15
5707.74  5.81926e-15
5709.2   5.82628e-15
5710.66  5.83442e-15
5712.12  5.84208e-15
5713.57  5.84754e-15
5715.03  5.84926e-15
5716.49  5.84609e-15
5717.95  5.83751e-15
5719.41  5.82372e-15
5720.86  5.80564e-15
5722.32  5.7848e-15
5723.78  5.76311e-15
5725.24  5.7426e-15
5726.7   5.72517e-15
5728.15  5.71229e-15
5729.61  5.70493e-15
5731.07  5.70338e-15
5732.53  5.7074e-15
5733.99  5.7162e-15
5735.44  5.7287e-15
5736.9   5.74361e-15
5738.36  5.75968e-15
5739.82  5.77576e-15
5741.27  5.7909e-15
5742.73  5.80443e-15
5744.19  5.81593e-15
5745.65  5.82522e-15
5747.11  5.83231e-15
5748.56  5.83739e-15
5750.02  5.84076e-15
5751.48  5.8428e-15
5752.94  5.84396e-15
5754.4   5.84469e-15
5755.85  5.84547e-15
5757.31  5.84674e-15
5758.77  5.84891e-15
5760.23  5.85236e-15
5761.69  5.85739e-15
5763.14  5.86429e-15
5764.6   5.87325e-15
5766.06  5.88439e-15
5767.52  5.89773e-15
5768.98  5.91317e-15
5770.43  5.93048e-15
5771.89  5.9493e-15
5773.35  5.96916e-15
5774.81  5.98951e-15
5776.26  6.00978e-15
5777.72  6.02944e-15
5779.18  6.04805e-15
5780.64  6.06533e-15
5782.1   6.08117e-15
5783.55  6.09565e-15
5785.01  6.109e-15
5786.47  6.12158e-15
5787.93  6.13383e-15
5789.39  6.14621e-15
5790.84  6.15913e-15
5792.3   6.17294e-15
5793.76  6.18788e-15
5795.22  6.20409e-15
5796.68  6.22153e-15
5798.13  6.24005e-15
5799.59  6.25936e-15
5801.05  6.27902e-15
5802.51  6.2985e-15
5803.97  6.31719e-15
5805.42  6.33449e-15
5806.88  6.34987e-15
5808.34  6.36299e-15
5809.8   6.37374e-15
5811.25  6.38239e-15
5812.71  6.38951e-15
5814.17  6.39601e-15
5815.63  6.40296e-15
5817.09  6.41144e-15
5818.54  6.42226e-15
5820     6.43574e-15
5821.46  6.45148e-15
5822.92  6.46822e-15
5824.38  6.48389e-15
5825.83  6.49575e-15
5827.29  6.50077e-15
5828.75  6.49603e-15
5830.21  6.47931e-15
5831.67  6.44957e-15
5833.12  6.40737e-15
5834.58  6.355e-15
5836.04  6.29644e-15
5837.5   6.237e-15
5838.96  6.18267e-15
5840.41  6.13937e-15
5841.87  6.11212e-15
5843.33  6.10423e-15
5844.79  6.11686e-15
5846.24  6.14876e-15
5847.7   6.19643e-15
5849.16  6.25467e-15
5850.62  6.31737e-15
5852.08  6.37843e-15
5853.53  6.4327e-15
5854.99  6.4767e-15
5856.45  6.50907e-15
5857.91  6.53056e-15
5859.37  6.54363e-15
5860.82  6.55173e-15
5862.28  6.55838e-15
5863.74  6.56618e-15
5865.2   6.57602e-15
5866.66  6.5867e-15
5868.11  6.59484e-15
5869.57  6.59544e-15
5871.03  6.58273e-15
5872.49  6.55133e-15
5873.94  6.4975e-15
5875.4   6.42014e-15
5876.86  6.32147e-15
5878.32  6.20718e-15
5879.78  6.08594e-15
5881.23  5.96845e-15
5882.69  5.86602e-15
5884.15  5.78904e-15
5885.61  5.74552e-15
5887.07  5.73992e-15
5888.52  5.7725e-15
5889.98  5.83934e-15
5891.44  5.9329e-15
5892.9   6.04306e-15
5894.36  6.15857e-15
5895.81  6.26846e-15
5897.27  6.36343e-15
5898.73  6.43684e-15
5900.19  6.48525e-15
5901.65  6.50847e-15
5903.1   6.5092e-15
5904.56  6.49223e-15
5906.02  6.46353e-15
5907.48  6.42925e-15
5908.93  6.3949e-15
5910.39  6.36466e-15
5911.85  6.3411e-15
5913.31  6.32509e-15
5914.77  6.31601e-15
5916.22  6.31215e-15
5917.68  6.31122e-15
5919.14  6.31079e-15
5920.6   6.30879e-15
5922.06  6.30374e-15
5923.51  6.29498e-15
5924.97  6.28262e-15
5926.43  6.26748e-15
5927.89  6.25085e-15
5929.35  6.23424e-15
5930.8   6.21915e-15
5932.26  6.2068e-15
5933.72  6.19801e-15
5935.18  6.19305e-15
5936.64  6.19169e-15
5938.09  6.1932e-15
5939.55  6.19654e-15
5941.01  6.20049e-15
5942.47  6.20384e-15
5943.92  6.20559e-15
5945.38  6.205e-15
5946.84  6.20176e-15
5948.3   6.19595e-15
5949.76  6.18796e-15
5951.21  6.17841e-15
5952.67  6.16801e-15
5954.13  6.15735e-15
5955.59  6.14682e-15
5957.05  6.13654e-15
5958.5   6.12629e-15
5959.96  6.11558e-15
5961.42  6.10375e-15
5962.88  6.09008e-15
5964.34  6.07393e-15
5965.79  6.05483e-15
5967.25  6.03253e-15
5968.71  6.007e-15
5970.17  5.9784e-15
5971.63  5.94699e-15
5973.08  5.91301e-15
5974.54  5.87657e-15
5976     5.83764e-15
5977.46  5.79599e-15
5978.91  5.75121e-15
5980.37  5.70282e-15
5981.83  5.65033e-15
5983.29  5.59337e-15
5984.75  5.53178e-15
5986.2   5.4657e-15
5987.66  5.39559e-15
5989.12  5.32222e-15
5990.58  5.24664e-15
5992.04  5.17007e-15
5993.49  5.09382e-15
5994.95  5.01916e-15
5996.41  4.9472e-15
5997.87  4.87882e-15
5999.33  4.81454e-15
6000.78  4.75455e-15
6002.24  4.69864e-15
6003.7   4.64627e-15
6005.16  4.59661e-15
6006.62  4.54866e-15
6008.07  4.50132e-15
6009.53  4.4535e-15
6010.99  4.40422e-15
6012.45  4.35269e-15
6013.9   4.29832e-15
6015.36  4.2408e-15
6016.82  4.1801e-15
6018.28  4.1164e-15
6019.74  4.05014e-15
6021.19  3.98195e-15
6022.65  3.91262e-15
6024.11  3.84304e-15
6025.57  3.77416e-15
6027.03  3.70694e-15
6028.48  3.64226e-15
6029.94  3.58088e-15
6031.4   3.52337e-15
6032.86  3.47005e-15
6034.32  3.42095e-15
6035.77  3.3758e-15
6037.23  3.33407e-15
6038.69  3.295e-15
6040.15  3.25765e-15
6041.61  3.22107e-15
6043.06  3.18432e-15
6044.52  3.14664e-15
6045.98  3.10751e-15
6047.44  3.0667e-15
6048.89  3.02425e-15
6050.35  2.98055e-15
6051.81  2.93616e-15
6053.27  2.89182e-15
6054.73  2.84833e-15
6056.18  2.80645e-15
6057.64  2.76679e-15
6059.1   2.7298e-15
6060.56  2.69568e-15
6062.02  2.66439e-15
6063.47  2.63564e-15
6064.93  2.60897e-15
6066.39  2.5838e-15
6067.85  2.55948e-15
6069.31  2.53541e-15
6070.76  2.5111e-15
6072.22  2.48621e-15
6073.68  2.46061e-15
6075.14  2.43433e-15
6076.6   2.40761e-15
6078.05  2.3808e-15
6079.51  2.35432e-15
6080.97  2.3286e-15
6082.43  2.30403e-15
6083.88  2.28094e-15
6085.34  2.25953e-15
6086.8   2.23988e-15
6088.26  2.22198e-15
6089.72  2.20571e-15
6091.17  2.19084e-15
6092.63  2.17712e-15
6094.09  2.16425e-15
6095.55  2.15196e-15
6097.01  2.13999e-15
6098.46  2.12818e-15
6099.92  2.11647e-15
6101.38  2.10492e-15
6102.84  2.09374e-15
6104.3   2.08326e-15
6105.75  2.07393e-15
6107.21  2.06623e-15
6108.67  2.06068e-15
6110.13  2.05775e-15
6111.58  2.05781e-15
6113.04  2.06108e-15
6114.5   2.06764e-15
6115.96  2.0774e-15
6117.42  2.09013e-15
6118.87  2.10549e-15
6120.33  2.12312e-15
6121.79  2.14265e-15
6123.25  2.16378e-15
6124.71  2.18635e-15
6126.16  2.21034e-15
6127.62  2.23592e-15
6129.08  2.2634e-15
6130.54  2.29323e-15
6132     2.32592e-15
6133.45  2.36203e-15
6134.91  2.40204e-15
6136.37  2.44631e-15
6137.83  2.49503e-15
6139.29  2.54817e-15
6140.74  2.60544e-15
6142.2   2.66632e-15
6143.66  2.73007e-15
6145.12  2.79574e-15
6146.57  2.86227e-15
6148.03  2.92852e-15
6149.49  2.9934e-15
6150.95  3.0559e-15
6152.41  3.1152e-15
6153.86  3.17076e-15
6155.32  3.22233e-15
6156.78  3.27001e-15
6158.24  3.31428e-15
6159.7   3.35588e-15
6161.15  3.39584e-15
6162.61  3.4353e-15
6164.07  3.47544e-15
6165.53  3.51733e-15
6166.99  3.56178e-15
6168.44  3.60927e-15
6169.9   3.65987e-15
6171.36  3.71317e-15
6172.82  3.76839e-15
6174.28  3.82438e-15
6175.73  3.87981e-15
6177.19  3.93331e-15
6178.65  3.98365e-15
6180.11  4.02991e-15
6181.56  4.07162e-15
6183.02  4.1088e-15
6184.48  4.14201e-15
6185.94  4.17227e-15
6187.4   4.2009e-15
6188.85  4.22937e-15
6190.31  4.25905e-15
6191.77  4.29112e-15
6193.23  4.3263e-15
6194.69  4.36488e-15
6196.14  4.4066e-15
6197.6   4.45082e-15
6199.06  4.49654e-15
6200.52  4.54266e-15
6201.98  4.58805e-15
6203.43  4.63176e-15
6204.89  4.67314e-15
6206.35  4.71186e-15
6207.81  4.74796e-15
6209.27  4.78179e-15
6210.72  4.81393e-15
6212.18  4.8451e-15
6213.64  4.87604e-15
6215.1   4.90742e-15
6216.55  4.93974e-15
6218.01  4.97332e-15
6219.47  5.00824e-15
6220.93  5.04436e-15
6222.39  5.08134e-15
6223.84  5.11872e-15
6225.3   5.15591e-15
6226.76  5.19228e-15
6228.22  5.22723e-15
6229.68  5.26015e-15
6231.13  5.29054e-15
6232.59  5.31798e-15
6234.05  5.3422e-15
6235.51  5.36308e-15
6236.97  5.38071e-15
6238.42  5.39539e-15
6239.88  5.40766e-15
6241.34  5.41828e-15
6242.8   5.42819e-15
6244.26  5.4384e-15
6245.71  5.44992e-15
6247.17  5.46358e-15
6248.63  5.47992e-15
6250.09  5.49906e-15
6251.54  5.52066e-15
6253     5.5439e-15
6254.46  5.56755e-15
6255.92  5.59016e-15
6257.38  5.61016e-15
6258.83  5.62621e-15
6260.29  5.63729e-15
6261.75  5.64297e-15
6263.21  5.64341e-15
6264.67  5.63944e-15
6266.12  5.6324e-15
6267.58  5.624e-15
6269.04  5.61607e-15
6270.5   5.61035e-15
6271.96  5.60829e-15
6273.41  5.61087e-15
6274.87  5.61861e-15
6276.33  5.63157e-15
6277.79  5.64941e-15
6279.25  5.67154e-15
6280.7   5.69722e-15
6282.16  5.72564e-15
6283.62  5.75592e-15
6285.08  5.78717e-15
6286.53  5.81835e-15
6287.99  5.84834e-15
6289.45  5.87586e-15
6290.91  5.89955e-15
6292.37  5.9181e-15
6293.82  5.93034e-15
6295.28  5.93546e-15
6296.74  5.93312e-15
6298.2   5.92353e-15
6299.66  5.90746e-15
6301.11  5.88615e-15
6302.57  5.8612e-15
6304.03  5.83434e-15
6305.49  5.80732e-15
6306.95  5.78168e-15
6308.4   5.75867e-15
6309.86  5.73919e-15
6311.32  5.72375e-15
6312.78  5.71255e-15
6314.23  5.70547e-15
6315.69  5.70218e-15
6317.15  5.70219e-15
6318.61  5.70492e-15
6320.07  5.70972e-15
6321.52  5.71595e-15
6322.98  5.72299e-15
6324.44  5.7303e-15
6325.9   5.73739e-15
6327.36  5.74389e-15
6328.81  5.74947e-15
6330.27  5.75391e-15
6331.73  5.75698e-15
6333.19  5.75849e-15
6334.65  5.75824e-15
6336.1   5.75602e-15
6337.56  5.75164e-15
6339.02  5.74498e-15
6340.48  5.736e-15
6341.94  5.72484e-15
6343.39  5.71182e-15
6344.85  5.69744e-15
6346.31  5.68239e-15
6347.77  5.66744e-15
6349.22  5.65338e-15
6350.68  5.64088e-15
6352.14  5.63046e-15
6353.6   5.62238e-15
6355.06  5.61665e-15
6356.51  5.6131e-15
6357.97  5.6114e-15
6359.43  5.61115e-15
6360.89  5.61203e-15
6362.35  5.61378e-15
6363.8   5.61627e-15
6365.26  5.61948e-15
6366.72  5.6234e-15
6368.18  5.62797e-15
6369.64  5.63305e-15
6371.09  5.63831e-15
6372.55  5.64328e-15
6374.01  5.64741e-15
6375.47  5.6501e-15
6376.93  5.6509e-15
6378.38  5.64956e-15
6379.84  5.64611e-15
6381.3   5.64093e-15
6382.76  5.63463e-15
6384.21  5.62801e-15
6385.67  5.62188e-15
6387.13  5.61687e-15
6388.59  5.61332e-15
6390.05  5.61113e-15
6391.5   5.60977e-15
6392.96  5.60831e-15
6394.42  5.60556e-15
6395.88  5.60024e-15
6397.34  5.59123e-15
6398.79  5.57773e-15
6400.25  5.55943e-15
6401.71  5.53656e-15
6403.17  5.50994e-15
6404.63  5.4808e-15
6406.08  5.45073e-15
6407.54  5.42136e-15
6409     5.39426e-15
6410.46  5.37067e-15
6411.92  5.35139e-15
6413.37  5.33675e-15
6414.83  5.32651e-15
6416.29  5.32001e-15
6417.75  5.31626e-15
6419.2   5.31407e-15
6420.66  5.31224e-15
6422.12  5.3097e-15
6423.58  5.30563e-15
6425.04  5.29956e-15
6426.49  5.29137e-15
6427.95  5.28132e-15
6429.41  5.26994e-15
6430.87  5.25798e-15
6432.33  5.24627e-15
6433.78  5.23557e-15
6435.24  5.22652e-15
6436.7   5.21947e-15
6438.16  5.21446e-15
6439.62  5.21121e-15
6441.07  5.20909e-15
6442.53  5.20726e-15
6443.99  5.20473e-15
6445.45  5.2005e-15
6446.91  5.19369e-15
6448.36  5.18369e-15
6449.82  5.17022e-15
6451.28  5.15345e-15
6452.74  5.13397e-15
6454.19  5.11275e-15
6455.65  5.09105e-15
6457.11  5.07031e-15
6458.57  5.05193e-15
6460.03  5.03717e-15
6461.48  5.02696e-15
6462.94  5.02182e-15
6464.4   5.02173e-15
6465.86  5.02621e-15
6467.32  5.03426e-15
6468.77  5.04453e-15
6470.23  5.05537e-15
6471.69  5.06501e-15
6473.15  5.07169e-15
6474.61  5.07385e-15
6476.06  5.07023e-15
6477.52  5.06006e-15
6478.98  5.04309e-15
6480.44  5.0197e-15
6481.9   4.9909e-15
6483.35  4.95824e-15
6484.81  4.92371e-15
6486.27  4.88953e-15
6487.73  4.85795e-15
6489.18  4.83097e-15
6490.64  4.81008e-15
6492.1   4.79611e-15
6493.56  4.78905e-15
6495.02  4.78804e-15
6496.47  4.79152e-15
6497.93  4.79736e-15
6499.39  4.80322e-15
6500.85  4.80684e-15
6502.31  4.80637e-15
6503.76  4.80065e-15
6505.22  4.78939e-15
6506.68  4.77317e-15
6508.14  4.75334e-15
6509.6   4.73177e-15
6511.05  4.71056e-15
6512.51  4.69165e-15
6513.97  4.67651e-15
6515.43  4.66594e-15
6516.89  4.65988e-15
6518.34  4.65755e-15
6519.8   4.65754e-15
6521.26  4.65809e-15
6522.72  4.65743e-15
6524.17  4.65408e-15
6525.63  4.64704e-15
6527.09  4.63601e-15
6528.55  4.62132e-15
6530.01  4.60386e-15
6531.46  4.58492e-15
6532.92  4.56585e-15
6534.38  4.54789e-15
6535.84  4.53195e-15
6537.3   4.51842e-15
6538.75  4.50721e-15
6540.21  4.49777e-15
6541.67  4.48925e-15
6543.13  4.4807e-15
6544.59  4.47128e-15
6546.04  4.4604e-15
6547.5   4.44791e-15
6548.96  4.43407e-15
6550.42  4.41956e-15
6551.87  4.40531e-15
6553.33  4.39236e-15
6554.79  4.38163e-15
6556.25  4.37379e-15
6557.71  4.36907e-15
6559.16  4.36722e-15
6560.62  4.36755e-15
6562.08  4.36899e-15
6563.54  4.37023e-15
6565     4.36999e-15
6566.45  4.36714e-15
6567.91  4.36095e-15
6569.37  4.35114e-15
6570.83  4.338e-15
6572.29  4.32236e-15
6573.74  4.30543e-15
6575.2   4.28871e-15
6576.66  4.27371e-15
6578.12  4.26178e-15
6579.58  4.25388e-15
6581.03  4.25046e-15
6582.49  4.25134e-15
6583.95  4.25576e-15
6585.41  4.26246e-15
6586.86  4.26979e-15
6588.32  4.27603e-15
6589.78  4.27953e-15
6591.24  4.27897e-15
6592.7   4.27354e-15
6594.15  4.26301e-15
6595.61  4.24781e-15
6597.07  4.22892e-15
6598.53  4.20771e-15
6599.99  4.18579e-15
6601.44  4.16476e-15
6602.9   4.14597e-15
6604.36  4.1304e-15
6605.82  4.11852e-15
6607.28  4.11026e-15
6608.73  4.1051e-15
6610.19  4.10216e-15
6611.65  4.1004e-15
6613.11  4.09878e-15
6614.57  4.09647e-15
6616.02  4.09292e-15
6617.48  4.08798e-15
6618.94  4.08182e-15
6620.4   4.07493e-15
6621.85  4.06791e-15
6623.31  4.06139e-15
6624.77  4.05584e-15
6626.23  4.05148e-15
6627.69  4.0482e-15
6629.14  4.04558e-15
6630.6   4.04293e-15
6632.06  4.0394e-15
6633.52  4.03416e-15
6634.98  4.02651e-15
6636.43  4.01603e-15
6637.89  4.00271e-15
6639.35  3.98693e-15
6640.81  3.96943e-15
6642.27  3.95127e-15
6643.72  3.93359e-15
6645.18  3.91753e-15
6646.64  3.90401e-15
6648.1   3.8936e-15
6649.56  3.88645e-15
6651.01  3.88224e-15
6652.47  3.8803e-15
6653.93  3.87965e-15
6655.39  3.87921e-15
6656.84  3.87796e-15
6658.3   3.87507e-15
6659.76  3.87009e-15
6661.22  3.86294e-15
6662.68  3.85399e-15
6664.13  3.84389e-15
6665.59  3.83352e-15
6667.05  3.82379e-15
6668.51  3.81548e-15
6669.97  3.80908e-15
6671.42  3.80473e-15
6672.88  3.80213e-15
6674.34  3.80067e-15
6675.8   3.79945e-15
6677.26  3.79748e-15
6678.71  3.79382e-15
6680.17  3.78776e-15
6681.63  3.77889e-15
6683.09  3.76723e-15
6684.55  3.75313e-15
6686     3.7373e-15
6687.46  3.72063e-15
6688.92  3.70408e-15
6690.38  3.68855e-15
6691.83  3.67476e-15
6693.29  3.66316e-15
6694.75  3.65393e-15
6696.21  3.64694e-15
6697.67  3.64185e-15
6699.12  3.63815e-15
6700.58  3.63523e-15
6702.04  3.6325e-15
6703.5   3.62938e-15
6704.96  3.62542e-15
6706.41  3.62026e-15
6707.87  3.61369e-15
6709.33  3.60565e-15
6710.79  3.59622e-15
6712.25  3.58566e-15
6713.7   3.57433e-15
6715.16  3.56272e-15
6716.62  3.5514e-15
6718.08  3.54092e-15
6719.54  3.53179e-15
6720.99  3.52433e-15
6722.45  3.51868e-15
6723.91  3.51474e-15
6725.37  3.51217e-15
6726.82  3.51043e-15
6728.28  3.50894e-15
6729.74  3.50712e-15
6731.2   3.50454e-15
6732.66  3.50103e-15
6734.11  3.49669e-15
6735.57  3.49189e-15
6737.03  3.4872e-15
6738.49  3.48327e-15
6739.95  3.48069e-15
6741.4   3.47987e-15
6742.86  3.48095e-15
6744.32  3.48371e-15
6745.78  3.48769e-15
6747.24  3.49215e-15
6748.69  3.49629e-15
6750.15  3.4993e-15
6751.61  3.50053e-15
6753.07  3.49954e-15
6754.52  3.49616e-15
6755.98  3.49048e-15
6757.44  3.48278e-15
6758.9   3.4735e-15
6760.36  3.46313e-15
6761.81  3.45215e-15
6763.27  3.44102e-15
6764.73  3.43012e-15
6766.19  3.41982e-15
6767.65  3.41043e-15
6769.1   3.4023e-15
6770.56  3.39575e-15
6772.02  3.39114e-15
6773.48  3.38876e-15
6774.94  3.38885e-15
6776.39  3.39152e-15
6777.85  3.39669e-15
6779.31  3.40412e-15
6780.77  3.41335e-15
6782.23  3.42374e-15
6783.68  3.43454e-15
6785.14  3.44489e-15
6786.6   3.45396e-15
6788.06  3.46098e-15
6789.51  3.46533e-15
6790.97  3.46662e-15
6792.43  3.46471e-15
6793.89  3.45981e-15
6795.35  3.45244e-15
6796.8   3.44343e-15
6798.26  3.43385e-15
6799.72  3.42492e-15
6801.18  3.41781e-15
6802.64  3.41352e-15
6804.09  3.41269e-15
6805.55  3.41545e-15
6807.01  3.42135e-15
6808.47  3.42934e-15
6809.93  3.43789e-15
6811.38  3.4452e-15
6812.84  3.44943e-15
6814.3   3.449e-15
6815.76  3.4429e-15
6817.22  3.43089e-15
6818.67  3.41354e-15
6820.13  3.39226e-15
6821.59  3.36907e-15
6823.05  3.34632e-15
6824.5   3.32632e-15
6825.96  3.31096e-15
6827.42  3.30147e-15
6828.88  3.29815e-15
6830.34  3.30042e-15
6831.79  3.30688e-15
6833.25  3.31558e-15
6834.71  3.32437e-15
6836.17  3.33125e-15
6837.63  3.33469e-15
6839.08  3.33389e-15
6840.54  3.32881e-15
6842     3.32019e-15
6843.46  3.30935e-15
6844.92  3.29792e-15
6846.37  3.28753e-15
6847.83  3.27956e-15
6849.29  3.27487e-15
6850.75  3.27371e-15
6852.21  3.27573e-15
6853.66  3.28006e-15
6855.12  3.28547e-15
6856.58  3.29065e-15
6858.04  3.29438e-15
6859.49  3.29572e-15
6860.95  3.29413e-15
6862.41  3.2895e-15
6863.87  3.28213e-15
6865.33  3.27263e-15
6866.78  3.2618e-15
6868.24  3.25048e-15
6869.7   3.23949e-15
6871.16  3.22947e-15
6872.62  3.22086e-15
6874.07  3.2139e-15
6875.53  3.20862e-15
6876.99  3.20487e-15
6878.45  3.2024e-15
6879.91  3.20088e-15
6881.36  3.19995e-15
6882.82  3.19927e-15
6884.28  3.19854e-15
6885.74  3.19751e-15
6887.2   3.19597e-15
6888.65  3.19379e-15
6890.11  3.1909e-15
6891.57  3.18724e-15
6893.03  3.18281e-15
6894.48  3.17762e-15
6895.94  3.1717e-15
6897.4   3.16509e-15
6898.86  3.15781e-15
6900.32  3.1499e-15
6901.77  3.14137e-15
6903.23  3.13227e-15
6904.69  3.12262e-15
6906.15  3.11247e-15
6907.61  3.1019e-15
6909.06  3.09102e-15
6910.52  3.07997e-15
6911.98  3.06897e-15
6913.44  3.05828e-15
6914.9   3.0482e-15
6916.35  3.03908e-15
6917.81  3.0312e-15
6919.27  3.02477e-15
6920.73  3.01987e-15
6922.19  3.01635e-15
6923.64  3.01383e-15
6925.1   3.0117e-15
6926.56  3.0092e-15
6928.02  3.00545e-15
6929.47  2.99968e-15
6930.93  2.99131e-15
6932.39  2.98012e-15
6933.85  2.96634e-15
6935.31  2.95065e-15
6936.76  2.93414e-15
6938.22  2.91818e-15
6939.68  2.90419e-15
6941.14  2.89343e-15
6942.6   2.88679e-15
6944.05  2.88464e-15
6945.51  2.88674e-15
6946.97  2.89226e-15
6948.43  2.8999e-15
6949.89  2.9081e-15
6951.34  2.91525e-15
6952.8   2.91993e-15
6954.26  2.92112e-15
6955.72  2.91827e-15
6957.18  2.91144e-15
6958.63  2.90116e-15
6960.09  2.88835e-15
6961.55  2.87416e-15
6963.01  2.85978e-15
6964.46  2.84628e-15
6965.92  2.83451e-15
6967.38  2.82499e-15
6968.84  2.81794e-15
6970.3   2.81329e-15
6971.75  2.81079e-15
6973.21  2.81006e-15
6974.67  2.81071e-15
6976.13  2.81236e-15
6977.59  2.81476e-15
6979.04  2.81772e-15
6980.5   2.82118e-15
6981.96  2.82515e-15
6983.42  2.82963e-15
6984.88  2.8346e-15
6986.33  2.83999e-15
6987.79  2.84554e-15
6989.25  2.85087e-15
6990.71  2.85546e-15
6992.16  2.85864e-15
6993.62  2.85972e-15
6995.08  2.85805e-15
6996.54  2.85314e-15
6998     2.84474e-15
6999.45  2.83293e-15
7000.91  2.81817e-15
7002.37  2.80123e-15
7003.83  2.78314e-15
7005.29  2.76507e-15
7006.74  2.74816e-15
7008.2   2.73336e-15
7009.66  2.72128e-15
7011.12  2.71216e-15
7012.58  2.70578e-15
7014.03  2.70155e-15
7015.49  2.69859e-15
7016.95  2.69592e-15
7018.41  2.69261e-15
7019.87  2.68791e-15
7021.32  2.68144e-15
7022.78  2.67319e-15
7024.24  2.66356e-15
7025.7   2.65325e-15
7027.15  2.64317e-15
7028.61  2.63422e-15
7030.07  2.62719e-15
7031.53  2.62259e-15
7032.99  2.62052e-15
7034.44  2.62069e-15
7035.9   2.62244e-15
7037.36  2.62487e-15
7038.82  2.62694e-15
7040.28  2.6277e-15
7041.73  2.62645e-15
7043.19  2.62283e-15
7044.65  2.61691e-15
7046.11  2.60919e-15
7047.57  2.6005e-15
7049.02  2.59186e-15
7050.48  2.58435e-15
7051.94  2.57888e-15
7053.4   2.57605e-15
7054.86  2.57607e-15
7056.31  2.5787e-15
7057.77  2.5833e-15
7059.23  2.58894e-15
7060.69  2.59453e-15
7062.14  2.59898e-15
7063.6   2.60143e-15
7065.06  2.60134e-15
7066.52  2.59856e-15
7067.98  2.59337e-15
7069.43  2.58644e-15
7070.89  2.57869e-15
7072.35  2.57116e-15
7073.81  2.56484e-15
7075.27  2.56052e-15
7076.72  2.5587e-15
7078.18  2.55945e-15
7079.64  2.56246e-15
7081.1   2.56705e-15
7082.56  2.57226e-15
7084.01  2.57701e-15
7085.47  2.5802e-15
7086.93  2.5809e-15
7088.39  2.57843e-15
7089.85  2.57249e-15
7091.3   2.56314e-15
7092.76  2.55084e-15
7094.22  2.53639e-15
7095.68  2.52076e-15
7097.13  2.50508e-15
7098.59  2.49039e-15
7100.05  2.47762e-15
7101.51  2.46741e-15
7102.97  2.46011e-15
7104.42  2.45572e-15
7105.88  2.45393e-15
7107.34  2.4542e-15
7108.8   2.45585e-15
7110.26  2.45815e-15
7111.71  2.46043e-15
7113.17  2.46218e-15
7114.63  2.4631e-15
7116.09  2.46312e-15
7117.55  2.46238e-15
7119     2.46117e-15
7120.46  2.4599e-15
7121.92  2.45896e-15
7123.38  2.45865e-15
7124.84  2.45915e-15
7126.29  2.46043e-15
7127.75  2.46229e-15
7129.21  2.46437e-15
7130.67  2.46622e-15
7132.12  2.4674e-15
7133.58  2.46755e-15
7135.04  2.46651e-15
7136.5   2.46436e-15
7137.96  2.46143e-15
7139.41  2.45828e-15
7140.87  2.45562e-15
7142.33  2.45416e-15
7143.79  2.45453e-15
7145.25  2.45706e-15
7146.7   2.46175e-15
7148.16  2.46818e-15
7149.62  2.47556e-15
7151.08  2.48283e-15
7152.54  2.48883e-15
7153.99  2.49254e-15
7155.45  2.49333e-15
7156.91  2.4911e-15
7158.37  2.48645e-15
7159.83  2.48068e-15
7161.28  2.47562e-15
7162.74  2.47347e-15
7164.2   2.47637e-15
7165.66  2.48611e-15
7167.11  2.50371e-15
7168.57  2.52922e-15
7170.03  2.56155e-15
7171.49  2.59859e-15
7172.95  2.63736e-15
7174.4   2.67449e-15
7175.86  2.7066e-15
7177.32  2.73078e-15
7178.78  2.74503e-15
7180.24  2.74846e-15
7181.69  2.7414e-15
7183.15  2.72525e-15
7184.61  2.70222e-15
7186.07  2.67493e-15
7187.53  2.64602e-15
7188.98  2.61772e-15
7190.44  2.59166e-15
7191.9   2.56872e-15
7193.36  2.54911e-15
7194.81  2.53257e-15
7196.27  2.51866e-15
7197.73  2.50702e-15
7199.19  2.49768e-15
7200.65  2.49112e-15
7202.1   2.48826e-15
7203.56  2.49031e-15
7205.02  2.49844e-15
7206.48  2.51346e-15
7207.94  2.53552e-15
7209.39  2.56385e-15
7210.85  2.59676e-15
7212.31  2.63171e-15
7213.77  2.66565e-15
7215.23  2.69538e-15
7216.68  2.71803e-15
7218.14  2.73148e-15
7219.6   2.7346e-15
7221.06  2.72743e-15
7222.52  2.71105e-15
7223.97  2.68744e-15
7225.43  2.65906e-15
7226.89  2.62855e-15
7228.35  2.59836e-15
7229.8   2.57049e-15
7231.26  2.54638e-15
7232.72  2.52683e-15
7234.18  2.51213e-15
7235.64  2.50216e-15
7237.09  2.49649e-15
7238.55  2.49454e-15
7240.01  2.49563e-15
7241.47  2.49899e-15
7242.93  2.50378e-15
7244.38  2.50903e-15
7245.84  2.51369e-15
7247.3   2.51668e-15
7248.76  2.51696e-15
7250.22  2.51369e-15
7251.67  2.50637e-15
7253.13  2.49498e-15
7254.59  2.48004e-15
7256.05  2.46258e-15
7257.51  2.44409e-15
7258.96  2.42625e-15
7260.42  2.41073e-15
7261.88  2.39891e-15
7263.34  2.39163e-15
7264.79  2.38904e-15
7266.25  2.39054e-15
7267.71  2.39487e-15
7269.17  2.40031e-15
7270.63  2.40492e-15
7272.08  2.40686e-15
7273.54  2.40469e-15
7275     2.39755e-15
7276.46  2.38528e-15
7277.92  2.36844e-15
7279.37  2.34818e-15
7280.83  2.32604e-15
7282.29  2.3037e-15
7283.75  2.28276e-15
7285.21  2.26449e-15
7286.66  2.24973e-15
7288.12  2.23881e-15
7289.58  2.23157e-15
7291.04  2.22741e-15
7292.5   2.22547e-15
7293.95  2.22474e-15
7295.41  2.2242e-15
7296.87  2.22293e-15
7298.33  2.22018e-15
7299.78  2.21543e-15
7301.24  2.20838e-15
7302.7   2.19898e-15
7304.16  2.18738e-15
7305.62  2.17393e-15
7307.07  2.15914e-15
7308.53  2.14365e-15
7309.99  2.12819e-15
7311.45  2.11354e-15
7312.91  2.1004e-15
7314.36  2.08942e-15
7315.82  2.08101e-15
7317.28  2.07538e-15
7318.74  2.07242e-15
7320.2   2.07177e-15
7321.65  2.07278e-15
7323.11  2.07464e-15
7324.57  2.07641e-15
7326.03  2.07718e-15
7327.49  2.07611e-15
7328.94  2.07256e-15
7330.4   2.0661e-15
7331.86  2.05657e-15
7333.32  2.04403e-15
7334.77  2.02877e-15
7336.23  2.01122e-15
7337.69  1.99192e-15
7339.15  1.97146e-15
7340.61  1.95044e-15
7342.06  1.92942e-15
7343.52  1.90889e-15
7344.98  1.88926e-15
7346.44  1.87086e-15
7347.9   1.8539e-15
7349.35  1.83853e-15
7350.81  1.82477e-15
7352.27  1.81258e-15
7353.73  1.80187e-15
7355.19  1.79245e-15
7356.64  1.78414e-15
7358.1   1.77669e-15
7359.56  1.76988e-15
7361.02  1.76345e-15
7362.48  1.75719e-15
7363.93  1.75088e-15
7365.39  1.74432e-15
7366.85  1.73736e-15
7368.31  1.72986e-15
7369.76  1.72176e-15
7371.22  1.71302e-15
7372.68  1.70369e-15
7374.14  1.6939e-15
7375.6   1.68383e-15
7377.05  1.67373e-15
7378.51  1.66389e-15
7379.97  1.65466e-15
7381.43  1.64635e-15
7382.89  1.63926e-15
7384.34  1.63361e-15
7385.8   1.62956e-15
7387.26  1.62712e-15
7388.72  1.62619e-15
7390.18  1.62655e-15
7391.63  1.62784e-15
7393.09  1.62962e-15
7394.55  1.63142e-15
7396.01  1.63274e-15
7397.47  1.63317e-15
7398.92  1.63237e-15
7400.38  1.63015e-15
7401.84  1.62647e-15
7403.3   1.62147e-15
7404.75  1.61538e-15
7406.21  1.60853e-15
7407.67  1.60128e-15
7409.13  1.59398e-15
7410.59  1.58689e-15
7412.04  1.58018e-15
7413.5   1.57391e-15
7414.96  1.56807e-15
7416.42  1.56259e-15
7417.88  1.55738e-15
7419.33  1.55238e-15
7420.79  1.5476e-15
7422.25  1.54312e-15
7423.71  1.53908e-15
7425.17  1.53565e-15
7426.62  1.53299e-15
7428.08  1.5312e-15
7429.54  1.53029e-15
7431     1.53013e-15
7432.45  1.53054e-15
7433.91  1.53122e-15
7435.37  1.53192e-15
7436.83  1.5324e-15
7438.29  1.53256e-15
7439.74  1.53246e-15
7441.2   1.53231e-15
7442.66  1.53246e-15
7444.12  1.5333e-15
7445.58  1.53522e-15
7447.03  1.53847e-15
7448.49  1.5431e-15
7449.95  1.5489e-15
7451.41  1.5554e-15
7452.87  1.56189e-15
7454.32  1.56755e-15
7455.78  1.57151e-15
7457.24  1.57304e-15
7458.7   1.57161e-15
7460.16  1.56699e-15
7461.61  1.55929e-15
7463.07  1.54894e-15
7464.53  1.53659e-15
7465.99  1.52308e-15
7467.44  1.50929e-15
7468.9   1.49601e-15
7470.36  1.48391e-15
7471.82  1.47344e-15
7473.28  1.46483e-15
7474.73  1.45813e-15
7476.19  1.45318e-15
7477.65  1.44972e-15
7479.11  1.44747e-15
7480.57  1.44609e-15
7482.02  1.44531e-15
7483.48  1.4449e-15
7484.94  1.44472e-15
7486.4   1.44464e-15
7487.86  1.44461e-15
7489.31  1.44461e-15
7490.77  1.4446e-15
7492.23  1.4446e-15
7493.69  1.4446e-15
7495.15  1.4446e-15
7496.6   1.4446e-15