#4.42529976254689
3341  -1.3343e-17
3342  -1.15691e-17
3343  -9.80575e-18
3344  -8.05469e-18
3345  -6.31764e-18
3346  -4.59629e-18
3347  -2.89229e-18
3348  -1.20727e-18
3349   4.57164e-19
3350   2.09946e-18
3351   3.71811e-18
3352   5.31163e-18
3353   6.8786e-18
3354   8.41765e-18
3355   9.92744e-18
3356   1.14067e-17
3357   1.28542e-17
3358   1.42689e-17
3359   1.56495e-17
3360   1.69951e-17
3361   1.83046e-17
3362   1.95772e-17
3363   2.08121e-17
3364   2.20084e-17
3365   2.31654e-17
3366   2.42825e-17
3367   2.53591e-17
3368   2.63947e-17
3369   2.73889e-17
3370   2.83413e-17
3371   2.92516e-17
3372   3.01196e-17
3373   3.09451e-17
3374   3.17281e-17
3375   3.24686e-17
3376   3.31665e-17
3377   3.3822e-17
3378   3.44354e-17
3379   3.50068e-17
3380   3.55366e-17
3381   3.60252e-17
3382   3.6473e-17
3383   3.68805e-17
3384   3.72483e-17
3385   3.7577e-17
3386   3.78673e-17
3387   3.81199e-17
3388   3.83356e-17
3389   3.85153e-17
3390   3.86597e-17
3391   3.87699e-17
3392   3.88467e-17
3393   3.88912e-17
3394   3.89044e-17
3395   3.88874e-17
3396   3.88413e-17
3397   3.87672e-17
3398   3.86662e-17
3399   3.85396e-17
3400   3.83885e-17
3401   3.82142e-17
3402   3.80178e-17
3403   3.78006e-17
3404   3.75639e-17
3405   3.73089e-17
3406   3.70369e-17
3407   3.67492e-17
3408   3.64469e-17
3409   3.61314e-17
3410   3.58039e-17
3411   3.54656e-17
3412   3.51178e-17
3413   3.47616e-17
3414   3.43984e-17
3415   3.40291e-17
3416   3.36551e-17
3417   3.32774e-17
3418   3.28972e-17
3419   3.25155e-17
3420   3.21334e-17
3421   3.17519e-17
3422   3.1372e-17
3423   3.09947e-17
3424   3.06209e-17
3425   3.02514e-17
3426   2.98872e-17
3427   2.9529e-17
3428   2.91777e-17
3429   2.88339e-17
3430   2.84984e-17
3431   2.81717e-17
3432   2.78546e-17
3433   2.75476e-17
3434   2.72512e-17
3435   2.69659e-17
3436   2.66922e-17
3437   2.64304e-17
3438   2.61809e-17
3439   2.5944e-17
3440   2.572e-17
3441   2.55091e-17
3442   2.53116e-17
3443   2.51275e-17
3444   2.4957e-17
3445   2.48001e-17
3446   2.4657e-17
3447   2.45275e-17
3448   2.44116e-17
3449   2.43093e-17
3450   2.42205e-17
3451   2.4145e-17
3452   2.40826e-17
3453   2.40332e-17
3454   2.39965e-17
3455   2.39722e-17
3456   2.39602e-17
3457   2.396e-17
3458   2.39713e-17
3459   2.39938e-17
3460   2.40271e-17
3461   2.40708e-17
3462   2.41245e-17
3463   2.41878e-17
3464   2.42603e-17
3465   2.43414e-17
3466   2.44309e-17
3467   2.45281e-17
3468   2.46326e-17
3469   2.47439e-17
3470   2.48616e-17
3471   2.49851e-17
3472   2.5114e-17
3473   2.52478e-17
3474   2.53861e-17
3475   2.55282e-17
3476   2.56738e-17
3477   2.58224e-17
3478   2.59735e-17
3479   2.61266e-17
3480   2.62814e-17
3481   2.64374e-17
3482   2.65941e-17
3483   2.67512e-17
3484   2.69082e-17
3485   2.70648e-17
3486   2.72206e-17
3487   2.73753e-17
3488   2.75285e-17
3489   2.76799e-17
3490   2.78292e-17
3491   2.79762e-17
3492   2.81205e-17
3493   2.82619e-17
3494   2.84003e-17
3495   2.85353e-17
3496   2.86668e-17
3497   2.87947e-17
3498   2.89188e-17
3499   2.90389e-17
3500   2.91551e-17
3501   2.92671e-17
3502   2.93749e-17
3503   2.94785e-17
3504   2.95779e-17
3505   2.9673e-17
3506   2.97639e-17
3507   2.98505e-17
3508   2.9933e-17
3509   3.00113e-17
3510   3.00856e-17
3511   3.01559e-17
3512   3.02224e-17
3513   3.02852e-17
3514   3.03444e-17
3515   3.04002e-17
3516   3.04527e-17
3517   3.05021e-17
3518   3.05485e-17
3519   3.05923e-17
3520   3.06335e-17
3521   3.06724e-17
3522   3.07091e-17
3523   3.0744e-17
3524   3.07772e-17
3525   3.0809e-17
3526   3.08395e-17
3527   3.08691e-17
3528   3.0898e-17
3529   3.09264e-17
3530   3.09545e-17
3531   3.09825e-17
3532   3.10108e-17
3533   3.10395e-17
3534   3.10689e-17
3535   3.10992e-17
3536   3.11306e-17
3537   3.11633e-17
3538   3.11975e-17
3539   3.12334e-17
3540   3.12712e-17
3541   3.13111e-17
3542   3.13533e-17
3543   3.13979e-17
3544   3.1445e-17
3545   3.14948e-17
3546   3.15475e-17
3547   3.1603e-17
3548   3.16617e-17
3549   3.17234e-17
3550   3.17883e-17
3551   3.18565e-17
3552   3.1928e-17
3553   3.20029e-17
3554   3.20811e-17
3555   3.21627e-17
3556   3.22476e-17
3557   3.23358e-17
3558   3.24273e-17
3559   3.25221e-17
3560   3.262e-17
3561   3.2721e-17
3562   3.2825e-17
3563   3.29318e-17
3564   3.30414e-17
3565   3.31535e-17
3566   3.32681e-17
3567   3.3385e-17
3568   3.3504e-17
3569   3.36248e-17
3570   3.37474e-17
3571   3.38714e-17
3572   3.39966e-17
3573   3.41229e-17
3574   3.42499e-17
3575   3.43773e-17
3576   3.4505e-17
3577   3.46327e-17
3578   3.47599e-17
3579   3.48866e-17
3580   3.50122e-17
3581   3.51366e-17
3582   3.52595e-17
3583   3.53805e-17
3584   3.54992e-17
3585   3.56154e-17
3586   3.57288e-17
3587   3.5839e-17
3588   3.59456e-17
3589   3.60484e-17
3590   3.6147e-17
3591   3.62411e-17
3592   3.63304e-17
3593   3.64145e-17
3594   3.64931e-17
3595   3.6566e-17
3596   3.66327e-17
3597   3.66931e-17
3598   3.67467e-17
3599   3.67933e-17
3600   3.68327e-17
3601   3.68646e-17
3602   3.68886e-17
3603   3.69046e-17
3604   3.69123e-17
3605   3.69115e-17
3606   3.69019e-17
3607   3.68834e-17
3608   3.68558e-17
3609   3.68189e-17
3610   3.67725e-17
3611   3.67165e-17
3612   3.66508e-17
3613   3.65753e-17
3614   3.64898e-17
3615   3.63943e-17
3616   3.62888e-17
3617   3.61732e-17
3618   3.60474e-17
3619   3.59115e-17
3620   3.57655e-17
3621   3.56094e-17
3622   3.54432e-17
3623   3.52672e-17
3624   3.50812e-17
3625   3.48855e-17
3626   3.46802e-17
3627   3.44655e-17
3628   3.42414e-17
3629   3.40083e-17
3630   3.37662e-17
3631   3.35156e-17
3632   3.32564e-17
3633   3.29892e-17
3634   3.27141e-17
3635   3.24314e-17
3636   3.21416e-17
3637   3.18448e-17
3638   3.15415e-17
3639   3.1232e-17
3640   3.09168e-17
3641   3.05962e-17
3642   3.02706e-17
3643   2.99406e-17
3644   2.96064e-17
3645   2.92687e-17
3646   2.89278e-17
3647   2.85843e-17
3648   2.82386e-17
3649   2.78912e-17
3650   2.75427e-17
3651   2.71936e-17
3652   2.68443e-17
3653   2.64955e-17
3654   2.61477e-17
3655   2.58014e-17
3656   2.54572e-17
3657   2.51156e-17
3658   2.47771e-17
3659   2.44424e-17
3660   2.41119e-17
3661   2.37863e-17
3662   2.3466e-17
3663   2.31516e-17
3664   2.28437e-17
3665   2.25427e-17
3666   2.22493e-17
3667   2.19638e-17
3668   2.1687e-17
3669   2.14191e-17
3670   2.11608e-17
3671   2.09125e-17
3672   2.06747e-17
3673   2.04478e-17
3674   2.02322e-17
3675   2.00285e-17
3676   1.98369e-17
3677   1.9658e-17
3678   1.9492e-17
3679   1.93393e-17
3680   1.92002e-17
3681   1.90751e-17
3682   1.89643e-17
3683   1.8868e-17
3684   1.87864e-17
3685   1.87199e-17
3686   1.86685e-17
3687   1.86326e-17
3688   1.86122e-17
3689   1.86074e-17
3690   1.86185e-17
3691   1.86454e-17
3692   1.86882e-17
3693   1.8747e-17
3694   1.88217e-17
3695   1.89124e-17
3696   1.90189e-17
3697   1.91413e-17
3698   1.92794e-17
3699   1.94331e-17
3700   1.96023e-17
3701   1.97867e-17
3702   1.99863e-17
3703   2.02006e-17
3704   2.04297e-17
3705   2.0673e-17
3706   2.09304e-17
3707   2.12016e-17
3708   2.14862e-17
3709   2.17839e-17
3710   2.20942e-17
3711   2.24168e-17
3712   2.27513e-17
3713   2.30973e-17
3714   2.34543e-17
3715   2.38218e-17
3716   2.41994e-17
3717   2.45866e-17
3718   2.49829e-17
3719   2.53878e-17
3720   2.58007e-17
3721   2.62212e-17
3722   2.66487e-17
3723   2.70827e-17
3724   2.75226e-17
3725   2.79679e-17
3726   2.84181e-17
3727   2.88726e-17
3728   2.93308e-17
3729   2.97923e-17
3730   3.02565e-17
3731   3.07228e-17
3732   3.11908e-17
3733   3.166e-17
3734   3.21298e-17
3735   3.25998e-17
3736   3.30696e-17
3737   3.35385e-17
3738   3.40064e-17
3739   3.44726e-17
3740   3.49369e-17
3741   3.53988e-17
3742   3.5858e-17
3743   3.63142e-17
3744   3.67671e-17
3745   3.72163e-17
3746   3.76618e-17
3747   3.81032e-17
3748   3.85404e-17
3749   3.89732e-17
3750   3.94016e-17
3751   3.98253e-17
3752   4.02445e-17
3753   4.0659e-17
3754   4.10689e-17
3755   4.14743e-17
3756   4.18753e-17
3757   4.22719e-17
3758   4.26644e-17
3759   4.30531e-17
3760   4.34381e-17
3761   4.38197e-17
3762   4.41983e-17
3763   4.45743e-17
3764   4.4948e-17
3765   4.532e-17
3766   4.56907e-17
3767   4.60607e-17
3768   4.64305e-17
3769   4.68007e-17
3770   4.71721e-17
3771   4.75452e-17
3772   4.79208e-17
3773   4.82996e-17
3774   4.86825e-17
3775   4.90703e-17
3776   4.94638e-17
3777   4.98638e-17
3778   5.02714e-17
3779   5.06874e-17
3780   5.11129e-17
3781   5.15487e-17
3782   5.1996e-17
3783   5.24557e-17
3784   5.29289e-17
3785   5.34167e-17
3786   5.39202e-17
3787   5.44404e-17
3788   5.49785e-17
3789   5.55355e-17
3790   5.61127e-17
3791   5.67111e-17
3792   5.73319e-17
3793   5.79762e-17
3794   5.86452e-17
3795   5.93399e-17
3796   6.00615e-17
3797   6.0811e-17
3798   6.15896e-17
3799   6.23984e-17
3800   6.32384e-17
3801   6.41107e-17
3802   6.50163e-17
3803   6.59561e-17
3804   6.69312e-17
3805   6.79425e-17
3806   6.89909e-17
3807   7.00773e-17
3808   7.12026e-17
3809   7.23674e-17
3810   7.35727e-17
3811   7.48191e-17
3812   7.61073e-17
3813   7.74379e-17
3814   7.88115e-17
3815   8.02287e-17
3816   8.16899e-17
3817   8.31956e-17
3818   8.47461e-17
3819   8.63417e-17
3820   8.79828e-17
3821   8.96695e-17
3822   9.14019e-17
3823   9.31802e-17
3824   9.50044e-17
3825   9.68744e-17
3826   9.879e-17
3827   1.00751e-16
3828   1.02758e-16
3829   1.04809e-16
3830   1.06906e-16
3831   1.09046e-16
3832   1.1123e-16
3833   1.13457e-16
3834   1.15727e-16
3835   1.18039e-16
3836   1.20392e-16
3837   1.22785e-16
3838   1.25217e-16
3839   1.27688e-16
3840   1.30197e-16
3841   1.32742e-16
3842   1.35322e-16
3843   1.37936e-16
3844   1.40584e-16
3845   1.43263e-16
3846   1.45972e-16
3847   1.4871e-16
3848   1.51476e-16
3849   1.54267e-16
3850   1.57083e-16
3851   1.59922e-16
3852   1.62783e-16
3853   1.65663e-16
3854   1.68561e-16
3855   1.71475e-16
3856   1.74404e-16
3857   1.77346e-16
3858   1.80299e-16
3859   1.8326e-16
3860   1.8623e-16
3861   1.89204e-16
3862   1.92183e-16
3863   1.95163e-16
3864   1.98143e-16
3865   2.01121e-16
3866   2.04095e-16
3867   2.07063e-16
3868   2.10023e-16
3869   2.12974e-16
3870   2.15913e-16
3871   2.18839e-16
3872   2.21749e-16
3873   2.24643e-16
3874   2.27517e-16
3875   2.30371e-16
3876   2.33202e-16
3877   2.36008e-16
3878   2.38789e-16
3879   2.41542e-16
3880   2.44265e-16
3881   2.46957e-16
3882   2.49616e-16
3883   2.52241e-16
3884   2.5483e-16
3885   2.57382e-16
3886   2.59895e-16
3887   2.62368e-16
3888   2.64799e-16
3889   2.67187e-16
3890   2.69531e-16
3891   2.7183e-16
3892   2.74082e-16
3893   2.76287e-16
3894   2.78442e-16
3895   2.80548e-16
3896   2.82603e-16
3897   2.84607e-16
3898   2.86558e-16
3899   2.88455e-16
3900   2.90299e-16
3901   2.92088e-16
3902   2.93821e-16
3903   2.95499e-16
3904   2.9712e-16
3905   2.98684e-16
3906   3.00191e-16
3907   3.0164e-16
3908   3.03031e-16
3909   3.04364e-16
3910   3.05638e-16
3911   3.06854e-16
3912   3.08011e-16
3913   3.09109e-16
3914   3.10148e-16
3915   3.11128e-16
3916   3.1205e-16
3917   3.12913e-16
3918   3.13717e-16
3919   3.14464e-16
3920   3.15152e-16
3921   3.15783e-16
3922   3.16356e-16
3923   3.16872e-16
3924   3.17332e-16
3925   3.17735e-16
3926   3.18083e-16
3927   3.18376e-16
3928   3.18614e-16
3929   3.18798e-16
3930   3.18928e-16
3931   3.19006e-16
3932   3.19031e-16
3933   3.19004e-16
3934   3.18927e-16
3935   3.18799e-16
3936   3.18622e-16
3937   3.18396e-16
3938   3.18122e-16
3939   3.178e-16
3940   3.17433e-16
3941   3.17019e-16
3942   3.16561e-16
3943   3.16058e-16
3944   3.15513e-16
3945   3.14925e-16
3946   3.14296e-16
3947   3.13626e-16
3948   3.12917e-16
3949   3.12169e-16
3950   3.11382e-16
3951   3.10559e-16
3952   3.097e-16
3953   3.08806e-16
3954   3.07878e-16
3955   3.06916e-16
3956   3.05922e-16
3957   3.04897e-16
3958   3.03842e-16
3959   3.02757e-16
3960   3.01644e-16
3961   3.00504e-16
3962   2.99337e-16
3963   2.98145e-16
3964   2.96929e-16
3965   2.9569e-16
3966   2.94428e-16
3967   2.93146e-16
3968   2.91843e-16
3969   2.90521e-16
3970   2.89182e-16
3971   2.87826e-16
3972   2.86454e-16
3973   2.85067e-16
3974   2.83668e-16
3975   2.82256e-16
3976   2.80833e-16
3977   2.794e-16
3978   2.77959e-16
3979   2.7651e-16
3980   2.75055e-16
3981   2.73595e-16
3982   2.72131e-16
3983   2.70665e-16
3984   2.69198e-16
3985   2.67732e-16
3986   2.66266e-16
3987   2.64804e-16
3988   2.63346e-16
3989   2.61893e-16
3990   2.60448e-16
3991   2.59011e-16
3992   2.57583e-16
3993   2.56167e-16
3994   2.54764e-16
3995   2.53374e-16
3996   2.52e-16
3997   2.50643e-16
3998   2.49304e-16
3999   2.47986e-16
4000   2.46688e-16
4001   2.45414e-16
4002   2.44163e-16
4003   2.42939e-16
4004   2.41742e-16
4005   2.40573e-16
4006   2.39435e-16
4007   2.38329e-16
4008   2.37255e-16
4009   2.36216e-16
4010   2.35214e-16
4011   2.34248e-16
4012   2.33322e-16
4013   2.32435e-16
4014   2.3159e-16
4015   2.30788e-16
4016   2.30031e-16
4017   2.29318e-16
4018   2.28653e-16
4019   2.28035e-16
4020   2.27467e-16
4021   2.26949e-16
4022   2.26482e-16
4023   2.26067e-16
4024   2.25707e-16
4025   2.254e-16
4026   2.25149e-16
4027   2.24954e-16
4028   2.24817e-16
4029   2.24737e-16
4030   2.24715e-16
4031   2.24753e-16
4032   2.2485e-16
4033   2.25008e-16
4034   2.25227e-16
4035   2.25506e-16
4036   2.25847e-16
4037   2.2625e-16
4038   2.26714e-16
4039   2.2724e-16
4040   2.27828e-16
4041   2.28479e-16
4042   2.2919e-16
4043   2.29964e-16
4044   2.30798e-16
4045   2.31694e-16
4046   2.3265e-16
4047   2.33666e-16
4048   2.34741e-16
4049   2.35875e-16
4050   2.37066e-16
4051   2.38315e-16
4052   2.39619e-16
4053   2.40979e-16
4054   2.42392e-16
4055   2.43859e-16
4056   2.45377e-16
4057   2.46945e-16
4058   2.48562e-16
4059   2.50227e-16
4060   2.51937e-16
4061   2.53692e-16
4062   2.5549e-16
4063   2.57328e-16
4064   2.59206e-16
4065   2.61121e-16
4066   2.63071e-16
4067   2.65055e-16
4068   2.6707e-16
4069   2.69115e-16
4070   2.71187e-16
4071   2.73284e-16
4072   2.75405e-16
4073   2.77546e-16
4074   2.79706e-16
4075   2.81883e-16
4076   2.84073e-16
4077   2.86276e-16
4078   2.88487e-16
4079   2.90707e-16
4080   2.92931e-16
4081   2.95157e-16
4082   2.97384e-16
4083   2.99609e-16
4084   3.01829e-16
4085   3.04043e-16
4086   3.06247e-16
4087   3.08441e-16
4088   3.10621e-16
4089   3.12785e-16
4090   3.14931e-16
4091   3.17058e-16
4092   3.19162e-16
4093   3.21242e-16
4094   3.23297e-16
4095   3.25323e-16
4096   3.27319e-16
4097   3.29283e-16
4098   3.31214e-16
4099   3.33109e-16
4100   3.34968e-16
4101   3.36788e-16
4102   3.38568e-16
4103   3.40307e-16
4104   3.42003e-16
4105   3.43655e-16
4106   3.45262e-16
4107   3.46823e-16
4108   3.48336e-16
4109   3.49801e-16
4110   3.51218e-16
4111   3.52584e-16
4112   3.539e-16
4113   3.55166e-16
4114   3.5638e-16
4115   3.57542e-16
4116   3.58652e-16
4117   3.5971e-16
4118   3.60716e-16
4119   3.61669e-16
4120   3.6257e-16
4121   3.63419e-16
4122   3.64217e-16
4123   3.64963e-16
4124   3.65658e-16
4125   3.66303e-16
4126   3.66899e-16
4127   3.67445e-16
4128   3.67943e-16
4129   3.68394e-16
4130   3.68798e-16
4131   3.69157e-16
4132   3.69471e-16
4133   3.69742e-16
4134   3.69972e-16
4135   3.7016e-16
4136   3.7031e-16
4137   3.70421e-16
4138   3.70496e-16
4139   3.70535e-16
4140   3.70541e-16
4141   3.70515e-16
4142   3.70459e-16
4143   3.70374e-16
4144   3.70262e-16
4145   3.70124e-16
4146   3.69963e-16
4147   3.69779e-16
4148   3.69576e-16
4149   3.69353e-16
4150   3.69114e-16
4151   3.6886e-16
4152   3.68592e-16
4153   3.68313e-16
4154   3.68023e-16
4155   3.67726e-16
4156   3.67422e-16
4157   3.67112e-16
4158   3.66799e-16
4159   3.66485e-16
4160   3.6617e-16
4161   3.65856e-16
4162   3.65545e-16
4163   3.65238e-16
4164   3.64936e-16
4165   3.64641e-16
4166   3.64354e-16
4167   3.64076e-16
4168   3.63808e-16
4169   3.63552e-16
4170   3.63308e-16
4171   3.63077e-16
4172   3.6286e-16
4173   3.62658e-16
4174   3.62471e-16
4175   3.62301e-16
4176   3.62147e-16
4177   3.62011e-16
4178   3.61892e-16
4179   3.61791e-16
4180   3.61709e-16
4181   3.61644e-16
4182   3.61598e-16
4183   3.61571e-16
4184   3.61562e-16
4185   3.61571e-16
4186   3.61598e-16
4187   3.61643e-16
4188   3.61705e-16
4189   3.61784e-16
4190   3.61879e-16
4191   3.61989e-16
4192   3.62115e-16
4193   3.62255e-16
4194   3.62408e-16
4195   3.62574e-16
4196   3.62751e-16
4197   3.62939e-16
4198   3.63136e-16
4199   3.63341e-16
4200   3.63554e-16
4201   3.63772e-16
4202   3.63995e-16
4203   3.64222e-16
4204   3.6445e-16
4205   3.64678e-16
4206   3.64906e-16
4207   3.65131e-16
4208   3.65353e-16
4209   3.65569e-16
4210   3.65777e-16
4211   3.65977e-16
4212   3.66167e-16
4213   3.66345e-16
4214   3.6651e-16
4215   3.6666e-16
4216   3.66792e-16
4217   3.66907e-16
4218   3.67002e-16
4219   3.67075e-16
4220   3.67125e-16
4221   3.6715e-16
4222   3.67149e-16
4223   3.67121e-16
4224   3.67063e-16
4225   3.66974e-16
4226   3.66853e-16
4227   3.66698e-16
4228   3.66508e-16
4229   3.66282e-16
4230   3.66018e-16
4231   3.65715e-16
4232   3.65372e-16
4233   3.64988e-16
4234   3.64561e-16
4235   3.64091e-16
4236   3.63576e-16
4237   3.63016e-16
4238   3.62409e-16
4239   3.61756e-16
4240   3.61054e-16
4241   3.60304e-16
4242   3.59505e-16
4243   3.58655e-16
4244   3.57756e-16
4245   3.56805e-16
4246   3.55804e-16
4247   3.54751e-16
4248   3.53647e-16
4249   3.5249e-16
4250   3.51282e-16
4251   3.50022e-16
4252   3.4871e-16
4253   3.47346e-16
4254   3.4593e-16
4255   3.44463e-16
4256   3.42945e-16
4257   3.41376e-16
4258   3.39757e-16
4259   3.38089e-16
4260   3.36371e-16
4261   3.34604e-16
4262   3.3279e-16
4263   3.30928e-16
4264   3.2902e-16
4265   3.27067e-16
4266   3.25069e-16
4267   3.23027e-16
4268   3.20943e-16
4269   3.18817e-16
4270   3.16651e-16
4271   3.14446e-16
4272   3.12202e-16
4273   3.09921e-16
4274   3.07605e-16
4275   3.05254e-16
4276   3.0287e-16
4277   3.00455e-16
4278   2.98009e-16
4279   2.95535e-16
4280   2.93033e-16
4281   2.90505e-16
4282   2.87952e-16
4283   2.85377e-16
4284   2.8278e-16
4285   2.80163e-16
4286   2.77528e-16
4287   2.74875e-16
4288   2.72208e-16
4289   2.69526e-16
4290   2.66833e-16
4291   2.64128e-16
4292   2.61415e-16
4293   2.58693e-16
4294   2.55966e-16
4295   2.53234e-16
4296   2.50499e-16
4297   2.47763e-16
4298   2.45027e-16
4299   2.42292e-16
4300   2.3956e-16
4301   2.36832e-16
4302   2.3411e-16
4303   2.31395e-16
4304   2.28689e-16
4305   2.25993e-16
4306   2.23308e-16
4307   2.20635e-16
4308   2.17977e-16
4309   2.15333e-16
4310   2.12706e-16
4311   2.10097e-16
4312   2.07506e-16
4313   2.04935e-16
4314   2.02385e-16
4315   1.99857e-16
4316   1.97352e-16
4317   1.94872e-16
4318   1.92416e-16
4319   1.89987e-16
4320   1.87585e-16
4321   1.8521e-16
4322   1.82865e-16
4323   1.80549e-16
4324   1.78264e-16
4325   1.7601e-16
4326   1.73788e-16
4327   1.71598e-16
4328   1.69443e-16
4329   1.67321e-16
4330   1.65234e-16
4331   1.63182e-16
4332   1.61166e-16
4333   1.59187e-16
4334   1.57245e-16
4335   1.5534e-16
4336   1.53474e-16
4337   1.51646e-16
4338   1.49856e-16
4339   1.48107e-16
4340   1.46397e-16
4341   1.44727e-16
4342   1.43097e-16
4343   1.41509e-16
4344   1.39962e-16
4345   1.38456e-16
4346   1.36992e-16
4347   1.3557e-16
4348   1.34191e-16
4349   1.32854e-16
4350   1.3156e-16
4351   1.3031e-16
4352   1.29103e-16
4353   1.27939e-16
4354   1.26819e-16
4355   1.25743e-16
4356   1.24711e-16
4357   1.23724e-16
4358   1.22781e-16
4359   1.21884e-16
4360   1.21031e-16
4361   1.20223e-16
4362   1.1946e-16
4363   1.18743e-16
4364   1.18072e-16
4365   1.17446e-16
4366   1.16866e-16
4367   1.16333e-16
4368   1.15845e-16
4369   1.15404e-16
4370   1.1501e-16
4371   1.14662e-16
4372   1.14361e-16
4373   1.14107e-16
4374   1.139e-16
4375   1.1374e-16
4376   1.13628e-16
4377   1.13563e-16
4378   1.13546e-16
4379   1.13577e-16
4380   1.13655e-16
4381   1.13782e-16
4382   1.13957e-16
4383   1.14179e-16
4384   1.14451e-16
4385   1.1477e-16
4386   1.15138e-16
4387   1.15555e-16
4388   1.1602e-16
4389   1.16535e-16
4390   1.17097e-16
4391   1.17709e-16
4392   1.1837e-16
4393   1.19079e-16
4394   1.19837e-16
4395   1.20644e-16
4396   1.215e-16
4397   1.22405e-16
4398   1.23359e-16
4399   1.24361e-16
4400   1.25412e-16
4401   1.26511e-16
4402   1.27658e-16
4403   1.28854e-16
4404   1.30098e-16
4405   1.31389e-16
4406   1.32728e-16
4407   1.34115e-16
4408   1.35549e-16
4409   1.37029e-16
4410   1.38556e-16
4411   1.40129e-16
4412   1.41748e-16
4413   1.43413e-16
4414   1.45122e-16
4415   1.46876e-16
4416   1.48675e-16
4417   1.50516e-16
4418   1.52401e-16
4419   1.54328e-16
4420   1.56298e-16
4421   1.58308e-16
4422   1.60359e-16
4423   1.6245e-16
4424   1.64581e-16
4425   1.6675e-16
4426   1.68956e-16
4427   1.712e-16
4428   1.7348e-16
4429   1.75795e-16
4430   1.78144e-16
4431   1.80527e-16
4432   1.82942e-16
4433   1.8539e-16
4434   1.87867e-16
4435   1.90375e-16
4436   1.9291e-16
4437   1.95474e-16
4438   1.98063e-16
4439   2.00678e-16
4440   2.03317e-16
4441   2.05979e-16
4442   2.08663e-16
4443   2.11368e-16
4444   2.14092e-16
4445   2.16834e-16
4446   2.19593e-16
4447   2.22367e-16
4448   2.25156e-16
4449   2.27958e-16
4450   2.30772e-16
4451   2.33597e-16
4452   2.3643e-16
4453   2.39272e-16
4454   2.4212e-16
4455   2.44973e-16
4456   2.4783e-16
4457   2.5069e-16
4458   2.53551e-16
4459   2.56411e-16
4460   2.59271e-16
4461   2.62127e-16
4462   2.64979e-16
4463   2.67826e-16
4464   2.70666e-16
4465   2.73498e-16
4466   2.76321e-16
4467   2.79133e-16
4468   2.81933e-16
4469   2.8472e-16
4470   2.87493e-16
4471   2.9025e-16
4472   2.92991e-16
4473   2.95713e-16
4474   2.98417e-16
4475   3.011e-16
4476   3.03762e-16
4477   3.06401e-16
4478   3.09017e-16
4479   3.11608e-16
4480   3.14174e-16
4481   3.16714e-16
4482   3.19226e-16
4483   3.21709e-16
4484   3.24163e-16
4485   3.26588e-16
4486   3.28981e-16
4487   3.31342e-16
4488   3.33671e-16
4489   3.35966e-16
4490   3.38228e-16
4491   3.40455e-16
4492   3.42646e-16
4493   3.44802e-16
4494   3.46921e-16
4495   3.49003e-16
4496   3.51048e-16
4497   3.53055e-16
4498   3.55023e-16
4499   3.56952e-16
4500   3.58842e-16
4501   3.60693e-16
4502   3.62504e-16
4503   3.64274e-16
4504   3.66004e-16
4505   3.67694e-16
4506   3.69343e-16
4507   3.70951e-16
4508   3.72517e-16
4509   3.74043e-16
4510   3.75527e-16
4511   3.76971e-16
4512   3.78373e-16
4513   3.79733e-16
4514   3.81053e-16
4515   3.82331e-16
4516   3.83569e-16
4517   3.84765e-16
4518   3.85921e-16
4519   3.87036e-16
4520   3.88111e-16
4521   3.89145e-16
4522   3.90139e-16
4523   3.91094e-16
4524   3.92009e-16
4525   3.92885e-16
4526   3.93721e-16
4527   3.94519e-16
4528   3.95279e-16
4529   3.96001e-16
4530   3.96684e-16
4531   3.97331e-16
4532   3.9794e-16
4533   3.98513e-16
4534   3.99049e-16
4535   3.99549e-16
4536   4.00014e-16
4537   4.00443e-16
4538   4.00838e-16
4539   4.01198e-16
4540   4.01524e-16
4541   4.01817e-16
4542   4.02076e-16
4543   4.02302e-16
4544   4.02496e-16
4545   4.02657e-16
4546   4.02787e-16
4547   4.02885e-16
4548   4.02952e-16
4549   4.02989e-16
4550   4.02995e-16
4551   4.02971e-16
4552   4.02918e-16
4553   4.02835e-16
4554   4.02723e-16
4555   4.02583e-16
4556   4.02414e-16
4557   4.02218e-16
4558   4.01993e-16
4559   4.01742e-16
4560   4.01463e-16
4561   4.01157e-16
4562   4.00824e-16
4563   4.00465e-16
4564   4.0008e-16
4565   3.99669e-16
4566   3.99232e-16
4567   3.9877e-16
4568   3.98282e-16
4569   3.97769e-16
4570   3.97231e-16
4571   3.96668e-16
4572   3.9608e-16
4573   3.95468e-16
4574   3.94832e-16
4575   3.94171e-16
4576   3.93486e-16
4577   3.92776e-16
4578   3.92043e-16
4579   3.91286e-16
4580   3.90504e-16
4581   3.89699e-16
4582   3.8887e-16
4583   3.88017e-16
4584   3.87141e-16
4585   3.86241e-16
4586   3.85317e-16
4587   3.84369e-16
4588   3.83398e-16
4589   3.82403e-16
4590   3.81384e-16
4591   3.80342e-16
4592   3.79276e-16
4593   3.78186e-16
4594   3.77073e-16
4595   3.75936e-16
4596   3.74775e-16
4597   3.7359e-16
4598   3.72382e-16
4599   3.7115e-16
4600   3.69894e-16
4601   3.68614e-16
4602   3.6731e-16
4603   3.65982e-16
4604   3.64631e-16
4605   3.63255e-16
4606   3.61856e-16
4607   3.60433e-16
4608   3.58985e-16
4609   3.57514e-16
4610   3.5602e-16
4611   3.54501e-16
4612   3.52959e-16
4613   3.51393e-16
4614   3.49803e-16
4615   3.48189e-16
4616   3.46553e-16
4617   3.44892e-16
4618   3.43209e-16
4619   3.41502e-16
4620   3.39772e-16
4621   3.38019e-16
4622   3.36243e-16
4623   3.34444e-16
4624   3.32623e-16
4625   3.3078e-16
4626   3.28914e-16
4627   3.27027e-16
4628   3.25118e-16
4629   3.23187e-16
4630   3.21235e-16
4631   3.19263e-16
4632   3.1727e-16
4633   3.15256e-16
4634   3.13223e-16
4635   3.11169e-16
4636   3.09097e-16
4637   3.07005e-16
4638   3.04895e-16
4639   3.02767e-16
4640   3.00622e-16
4641   2.98458e-16
4642   2.96278e-16
4643   2.94082e-16
4644   2.9187e-16
4645   2.89642e-16
4646   2.874e-16
4647   2.85143e-16
4648   2.82872e-16
4649   2.80588e-16
4650   2.78291e-16
4651   2.75983e-16
4652   2.73662e-16
4653   2.71331e-16
4654   2.6899e-16
4655   2.66639e-16
4656   2.64279e-16
4657   2.6191e-16
4658   2.59534e-16
4659   2.57151e-16
4660   2.54762e-16
4661   2.52367e-16
4662   2.49968e-16
4663   2.47564e-16
4664   2.45157e-16
4665   2.42747e-16
4666   2.40335e-16
4667   2.37922e-16
4668   2.35509e-16
4669   2.33096e-16
4670   2.30684e-16
4671   2.28274e-16
4672   2.25866e-16
4673   2.23462e-16
4674   2.21062e-16
4675   2.18668e-16
4676   2.16279e-16
4677   2.13896e-16
4678   2.11521e-16
4679   2.09154e-16
4680   2.06795e-16
4681   2.04447e-16
4682   2.02108e-16
4683   1.99781e-16
4684   1.97466e-16
4685   1.95163e-16
4686   1.92874e-16
4687   1.90599e-16
4688   1.88339e-16
4689   1.86095e-16
4690   1.83866e-16
4691   1.81655e-16
4692   1.79462e-16
4693   1.77287e-16
4694   1.75131e-16
4695   1.72995e-16
4696   1.70879e-16
4697   1.68784e-16
4698   1.66711e-16
4699   1.6466e-16
4700   1.62632e-16
4701   1.60628e-16
4702   1.58647e-16
4703   1.56691e-16
4704   1.5476e-16
4705   1.52855e-16
4706   1.50976e-16
4707   1.49124e-16
4708   1.47298e-16
4709   1.45501e-16
4710   1.43731e-16
4711   1.41989e-16
4712   1.40277e-16
4713   1.38593e-16
4714   1.36939e-16
4715   1.35315e-16
4716   1.33721e-16
4717   1.32157e-16
4718   1.30624e-16
4719   1.29122e-16
4720   1.27652e-16
4721   1.26212e-16
4722   1.24805e-16
4723   1.23429e-16
4724   1.22085e-16
4725   1.20773e-16
4726   1.19493e-16
4727   1.18246e-16
4728   1.17031e-16
4729   1.15848e-16
4730   1.14697e-16
4731   1.13579e-16
4732   1.12494e-16
4733   1.1144e-16
4734   1.10419e-16
4735   1.0943e-16
4736   1.08473e-16
4737   1.07548e-16
4738   1.06655e-16
4739   1.05794e-16
4740   1.04964e-16
4741   1.04165e-16
4742   1.03398e-16
4743   1.02661e-16
4744   1.01955e-16
4745   1.01279e-16
4746   1.00633e-16
4747   1.00017e-16
4748   9.94301e-17
4749   9.88725e-17
4750   9.83435e-17
4751   9.78429e-17
4752   9.73703e-17
4753   9.69252e-17
4754   9.65073e-17
4755   9.61162e-17
4756   9.57514e-17
4757   9.54124e-17
4758   9.50989e-17
4759   9.48104e-17
4760   9.45464e-17
4761   9.43064e-17
4762   9.40899e-17
4763   9.38965e-17
4764   9.37256e-17
4765   9.35767e-17
4766   9.34493e-17
4767   9.33429e-17
4768   9.3257e-17
4769   9.31911e-17
4770   9.31445e-17
4771   9.31168e-17
4772   9.31075e-17
4773   9.3116e-17
4774   9.31417e-17
4775   9.31842e-17
4776   9.32429e-17
4777   9.33173e-17
4778   9.34069e-17
4779   9.3511e-17
4780   9.36293e-17
4781   9.37612e-17
4782   9.39062e-17
4783   9.40637e-17
4784   9.42333e-17
4785   9.44145e-17
4786   9.46067e-17
4787   9.48096e-17
4788   9.50226e-17
4789   9.52453e-17
4790   9.54772e-17
4791   9.57179e-17
4792   9.59669e-17
4793   9.62238e-17
4794   9.64883e-17
4795   9.67598e-17
4796   9.7038e-17
4797   9.73226e-17
4798   9.76131e-17
4799   9.79092e-17
4800   9.82105e-17
4801   9.85167e-17
4802   9.88275e-17
4803   9.91426e-17
4804   9.94617e-17
4805   9.97844e-17
4806   1.00111e-16
4807   1.0044e-16
4808   1.00772e-16
4809   1.01107e-16
4810   1.01444e-16
4811   1.01784e-16
4812   1.02125e-16
4813   1.02468e-16
4814   1.02813e-16
4815   1.0316e-16
4816   1.03507e-16
4817   1.03856e-16
4818   1.04206e-16
4819   1.04557e-16
4820   1.04908e-16
4821   1.0526e-16
4822   1.05613e-16
4823   1.05966e-16
4824   1.0632e-16
4825   1.06673e-16
4826   1.07027e-16
4827   1.07381e-16
4828   1.07736e-16
4829   1.0809e-16
4830   1.08444e-16
4831   1.08798e-16
4832   1.09152e-16
4833   1.09506e-16
4834   1.09859e-16
4835   1.10213e-16
4836   1.10566e-16
4837   1.10919e-16
4838   1.11271e-16
4839   1.11623e-16
4840   1.11975e-16
4841   1.12326e-16
4842   1.12677e-16
4843   1.13027e-16
4844   1.13376e-16
4845   1.13725e-16
4846   1.14074e-16
4847   1.14421e-16
4848   1.14768e-16
4849   1.15115e-16
4850   1.1546e-16
4851   1.15804e-16
4852   1.16147e-16
4853   1.1649e-16
4854   1.16831e-16
4855   1.1717e-16
4856   1.17509e-16
4857   1.17846e-16
4858   1.18181e-16
4859   1.18514e-16
4860   1.18846e-16
4861   1.19176e-16
4862   1.19504e-16
4863   1.19829e-16
4864   1.20152e-16
4865   1.20473e-16
4866   1.2079e-16
4867   1.21105e-16
4868   1.21417e-16
4869   1.21725e-16
4870   1.2203e-16
4871   1.22331e-16
4872   1.22628e-16
4873   1.22921e-16
4874   1.2321e-16
4875   1.23494e-16
4876   1.23774e-16
4877   1.24048e-16
4878   1.24317e-16
4879   1.24581e-16
4880   1.24839e-16
4881   1.25091e-16
4882   1.25337e-16
4883   1.25576e-16
4884   1.25809e-16
4885   1.26034e-16
4886   1.26253e-16
4887   1.26464e-16
4888   1.26667e-16
4889   1.26862e-16
4890   1.2705e-16
4891   1.27228e-16
4892   1.27399e-16
4893   1.2756e-16
4894   1.27713e-16
4895   1.27856e-16
4896   1.27989e-16
4897   1.28114e-16
4898   1.28228e-16
4899   1.28332e-16
4900   1.28427e-16
4901   1.28511e-16
4902   1.28584e-16
4903   1.28647e-16
4904   1.287e-16
4905   1.28741e-16
4906   1.28772e-16
4907   1.28792e-16
4908   1.28801e-16
4909   1.288e-16
4910   1.28787e-16
4911   1.28763e-16
4912   1.28729e-16
4913   1.28683e-16
4914   1.28627e-16
4915   1.2856e-16
4916   1.28482e-16
4917   1.28393e-16
4918   1.28295e-16
4919   1.28185e-16
4920   1.28066e-16
4921   1.27937e-16
4922   1.27798e-16
4923   1.2765e-16
4924   1.27492e-16
4925   1.27325e-16
4926   1.2715e-16
4927   1.26966e-16
4928   1.26774e-16
4929   1.26575e-16
4930   1.26368e-16
4931   1.26154e-16
4932   1.25933e-16
4933   1.25706e-16
4934   1.25473e-16
4935   1.25235e-16
4936   1.24992e-16
4937   1.24744e-16
4938   1.24493e-16
4939   1.24238e-16
4940   1.23979e-16
4941   1.23719e-16
4942   1.23456e-16
4943   1.23192e-16
4944   1.22927e-16
4945   1.22661e-16
4946   1.22396e-16
4947   1.22131e-16
4948   1.21868e-16
4949   1.21606e-16
4950   1.21347e-16
4951   1.2109e-16
4952   1.20837e-16
4953   1.20588e-16
4954   1.20343e-16
4955   1.20104e-16
4956   1.1987e-16
4957   1.19642e-16
4958   1.19421e-16
4959   1.19206e-16
4960   1.19e-16
4961   1.18802e-16
4962   1.18612e-16
4963   1.18431e-16
4964   1.1826e-16
4965   1.18099e-16
4966   1.17948e-16
4967   1.17808e-16
4968   1.17679e-16
4969   1.17562e-16
4970   1.17456e-16
4971   1.17363e-16
4972   1.17282e-16
4973   1.17213e-16
4974   1.17158e-16
4975   1.17116e-16
4976   1.17087e-16
4977   1.17072e-16
4978   1.17071e-16
4979   1.17083e-16
4980   1.1711e-16
4981   1.1715e-16
4982   1.17205e-16
4983   1.17274e-16
4984   1.17357e-16
4985   1.17454e-16
4986   1.17565e-16
4987   1.17691e-16
4988   1.1783e-16
4989   1.17983e-16
4990   1.1815e-16
4991   1.1833e-16
4992   1.18524e-16
4993   1.1873e-16
4994   1.1895e-16
4995   1.19182e-16
4996   1.19427e-16
4997   1.19684e-16
4998   1.19953e-16
4999   1.20233e-16
5000   1.20524e-16
5001   1.20826e-16
5002   1.21138e-16
5003   1.2146e-16
5004   1.21792e-16
5005   1.22133e-16
5006   1.22483e-16
5007   1.22842e-16
5008   1.23208e-16
5009   1.23582e-16
5010   1.23963e-16
5011   1.2435e-16
5012   1.24744e-16
5013   1.25144e-16
5014   1.25549e-16
5015   1.25959e-16
5016   1.26374e-16
5017   1.26793e-16
5018   1.27215e-16
5019   1.27641e-16
5020   1.2807e-16
5021   1.28502e-16
5022   1.28936e-16
5023   1.29372e-16
5024   1.29809e-16
5025   1.30248e-16
5026   1.30688e-16
5027   1.31129e-16
5028   1.31571e-16
5029   1.32013e-16
5030   1.32455e-16
5031   1.32898e-16
5032   1.33341e-16
5033   1.33783e-16
5034   1.34226e-16
5035   1.34668e-16
5036   1.3511e-16
5037   1.35552e-16
5038   1.35995e-16
5039   1.36437e-16
5040   1.3688e-16
5041   1.37323e-16
5042   1.37767e-16
5043   1.38212e-16
5044   1.38658e-16
5045   1.39106e-16
5046   1.39556e-16
5047   1.40008e-16
5048   1.40463e-16
5049   1.40921e-16
5050   1.41383e-16
5051   1.4185e-16
5052   1.42321e-16
5053   1.42798e-16
5054   1.43282e-16
5055   1.43772e-16
5056   1.4427e-16
5057   1.44776e-16
5058   1.45291e-16
5059   1.45817e-16
5060   1.46353e-16
5061   1.46901e-16
5062   1.47462e-16
5063   1.48036e-16
5064   1.48624e-16
5065   1.49228e-16
5066   1.49849e-16
5067   1.50486e-16
5068   1.51143e-16
5069   1.51818e-16
5070   1.52514e-16
5071   1.53232e-16
5072   1.53972e-16
5073   1.54735e-16
5074   1.55524e-16
5075   1.56338e-16
5076   1.57179e-16
5077   1.58047e-16
5078   1.58945e-16
5079   1.59873e-16
5080   1.60832e-16
5081   1.61823e-16
5082   1.62847e-16
5083   1.63905e-16
5084   1.64998e-16
5085   1.66128e-16
5086   1.67294e-16
5087   1.68498e-16
5088   1.69742e-16
5089   1.71024e-16
5090   1.72348e-16
5091   1.73713e-16
5092   1.7512e-16
5093   1.76569e-16
5094   1.78063e-16
5095   1.796e-16
5096   1.81183e-16
5097   1.8281e-16
5098   1.84484e-16
5099   1.86204e-16
5100   1.87971e-16
5101   1.89785e-16
5102   1.91647e-16
5103   1.93556e-16
5104   1.95514e-16
5105   1.97519e-16
5106   1.99573e-16
5107   2.01676e-16
5108   2.03826e-16
5109   2.06025e-16
5110   2.08272e-16
5111   2.10567e-16
5112   2.12909e-16
5113   2.15299e-16
5114   2.17736e-16
5115   2.2022e-16
5116   2.22749e-16
5117   2.25324e-16
5118   2.27944e-16
5119   2.30608e-16
5120   2.33316e-16
5121   2.36066e-16
5122   2.38859e-16
5123   2.41692e-16
5124   2.44565e-16
5125   2.47477e-16
5126   2.50426e-16
5127   2.53412e-16
5128   2.56434e-16
5129   2.5949e-16
5130   2.62579e-16
5131   2.65699e-16
5132   2.68849e-16
5133   2.72028e-16
5134   2.75234e-16
5135   2.78465e-16
5136   2.81721e-16
5137   2.84999e-16
5138   2.88297e-16
5139   2.91615e-16
5140   2.94949e-16
5141   2.983e-16
5142   3.01663e-16
5143   3.05039e-16
5144   3.08424e-16
5145   3.11818e-16
5146   3.15218e-16
5147   3.18622e-16
5148   3.22028e-16
5149   3.25435e-16
5150   3.2884e-16
5151   3.32241e-16
5152   3.35637e-16
5153   3.39025e-16
5154   3.42404e-16
5155   3.45771e-16
5156   3.49125e-16
5157   3.52464e-16
5158   3.55785e-16
5159   3.59086e-16
5160   3.62367e-16
5161   3.65624e-16
5162   3.68856e-16
5163   3.72061e-16
5164   3.75237e-16
5165   3.78383e-16
5166   3.81496e-16
5167   3.84575e-16
5168   3.87618e-16
5169   3.90623e-16
5170   3.93589e-16
5171   3.96515e-16
5172   3.99397e-16
5173   4.02236e-16
5174   4.0503e-16
5175   4.07776e-16
5176   4.10474e-16
5177   4.13123e-16
5178   4.15721e-16
5179   4.18267e-16
5180   4.20759e-16
5181   4.23197e-16
5182   4.2558e-16
5183   4.27906e-16
5184   4.30176e-16
5185   4.32387e-16
5186   4.34539e-16
5187   4.36631e-16
5188   4.38663e-16
5189   4.40634e-16
5190   4.42544e-16
5191   4.44392e-16
5192   4.46177e-16
5193   4.479e-16
5194   4.4956e-16
5195   4.51157e-16
5196   4.52691e-16
5197   4.54161e-16
5198   4.55569e-16
5199   4.56913e-16
5200   4.58194e-16
5201   4.59413e-16
5202   4.60569e-16
5203   4.61663e-16
5204   4.62696e-16
5205   4.63667e-16
5206   4.64578e-16
5207   4.65429e-16
5208   4.66221e-16
5209   4.66954e-16
5210   4.6763e-16
5211   4.68248e-16
5212   4.68811e-16
5213   4.69319e-16
5214   4.69772e-16
5215   4.70173e-16
5216   4.70523e-16
5217   4.70822e-16
5218   4.71071e-16
5219   4.71273e-16
5220   4.71427e-16
5221   4.71537e-16
5222   4.71602e-16
5223   4.71625e-16
5224   4.71607e-16
5225   4.7155e-16
5226   4.71454e-16
5227   4.71322e-16
5228   4.71155e-16
5229   4.70955e-16
5230   4.70724e-16
5231   4.70462e-16
5232   4.70172e-16
5233   4.69855e-16
5234   4.69513e-16
5235   4.69148e-16
5236   4.68761e-16
5237   4.68355e-16
5238   4.6793e-16
5239   4.67489e-16
5240   4.67032e-16
5241   4.66563e-16
5242   4.66082e-16
5243   4.65592e-16
5244   4.65093e-16
5245   4.64587e-16
5246   4.64077e-16
5247   4.63563e-16
5248   4.63047e-16
5249   4.62532e-16
5250   4.62017e-16
5251   4.61505e-16
5252   4.60997e-16
5253   4.60494e-16
5254   4.59998e-16
5255   4.5951e-16
5256   4.59032e-16
5257   4.58565e-16
5258   4.58109e-16
5259   4.57666e-16
5260   4.57237e-16
5261   4.56823e-16
5262   4.56426e-16
5263   4.56045e-16
5264   4.55682e-16
5265   4.55338e-16
5266   4.55013e-16
5267   4.54708e-16
5268   4.54424e-16
5269   4.54162e-16
5270   4.53921e-16
5271   4.53703e-16
5272   4.53507e-16
5273   4.53334e-16
5274   4.53185e-16
5275   4.53059e-16
5276   4.52958e-16
5277   4.52879e-16
5278   4.52825e-16
5279   4.52794e-16
5280   4.52788e-16
5281   4.52804e-16
5282   4.52844e-16
5283   4.52907e-16
5284   4.52993e-16
5285   4.53101e-16
5286   4.53231e-16
5287   4.53382e-16
5288   4.53554e-16
5289   4.53746e-16
5290   4.53958e-16
5291   4.54188e-16
5292   4.54437e-16
5293   4.54703e-16
5294   4.54985e-16
5295   4.55283e-16
5296   4.55595e-16
5297   4.55921e-16
5298   4.56259e-16
5299   4.56609e-16
5300   4.56969e-16
5301   4.57339e-16
5302   4.57717e-16
5303   4.58101e-16
5304   4.58492e-16
5305   4.58888e-16
5306   4.59287e-16
5307   4.59688e-16
5308   4.6009e-16
5309   4.60492e-16
5310   4.60892e-16
5311   4.6129e-16
5312   4.61684e-16
5313   4.62072e-16
5314   4.62454e-16
5315   4.62828e-16
5316   4.63193e-16
5317   4.63548e-16
5318   4.63891e-16
5319   4.64222e-16
5320   4.64539e-16
5321   4.64841e-16
5322   4.65127e-16
5323   4.65395e-16
5324   4.65646e-16
5325   4.65877e-16
5326   4.66088e-16
5327   4.66278e-16
5328   4.66445e-16
5329   4.6659e-16
5330   4.6671e-16
5331   4.66806e-16
5332   4.66877e-16
5333   4.66921e-16
5334   4.66939e-16
5335   4.66929e-16
5336   4.66892e-16
5337   4.66826e-16
5338   4.66731e-16
5339   4.66607e-16
5340   4.66453e-16
5341   4.66269e-16
5342   4.66055e-16
5343   4.65811e-16
5344   4.65537e-16
5345   4.65232e-16
5346   4.64896e-16
5347   4.64531e-16
5348   4.64135e-16
5349   4.63708e-16
5350   4.63252e-16
5351   4.62766e-16
5352   4.62251e-16
5353   4.61707e-16
5354   4.61135e-16
5355   4.60535e-16
5356   4.59907e-16
5357   4.59252e-16
5358   4.58572e-16
5359   4.57865e-16
5360   4.57134e-16
5361   4.56379e-16
5362   4.556e-16
5363   4.54799e-16
5364   4.53977e-16
5365   4.53134e-16
5366   4.52271e-16
5367   4.5139e-16
5368   4.50491e-16
5369   4.49575e-16
5370   4.48644e-16
5371   4.47698e-16
5372   4.46738e-16
5373   4.45767e-16
5374   4.44784e-16
5375   4.43791e-16
5376   4.42788e-16
5377   4.41779e-16
5378   4.40762e-16
5379   4.3974e-16
5380   4.38713e-16
5381   4.37683e-16
5382   4.36651e-16
5383   4.35618e-16
5384   4.34584e-16
5385   4.33552e-16
5386   4.32523e-16
5387   4.31496e-16
5388   4.30474e-16
5389   4.29457e-16
5390   4.28447e-16
5391   4.27444e-16
5392   4.26449e-16
5393   4.25463e-16
5394   4.24488e-16
5395   4.23523e-16
5396   4.2257e-16
5397   4.21629e-16
5398   4.20702e-16
5399   4.19788e-16
5400   4.1889e-16
5401   4.18006e-16
5402   4.17138e-16
5403   4.16287e-16
5404   4.15453e-16
5405   4.14636e-16
5406   4.13836e-16
5407   4.13055e-16
5408   4.12293e-16
5409   4.11549e-16
5410   4.10825e-16
5411   4.10119e-16
5412   4.09434e-16
5413   4.08767e-16
5414   4.08121e-16
5415   4.07495e-16
5416   4.06888e-16
5417   4.06301e-16
5418   4.05734e-16
5419   4.05187e-16
5420   4.0466e-16
5421   4.04152e-16
5422   4.03663e-16
5423   4.03193e-16
5424   4.02742e-16
5425   4.0231e-16
5426   4.01897e-16
5427   4.01501e-16
5428   4.01123e-16
5429   4.00762e-16
5430   4.00419e-16
5431   4.00091e-16
5432   3.99781e-16
5433   3.99486e-16
5434   3.99206e-16
5435   3.98941e-16
5436   3.98691e-16
5437   3.98454e-16
5438   3.98232e-16
5439   3.98022e-16
5440   3.97825e-16
5441   3.9764e-16
5442   3.97466e-16
5443   3.97304e-16
5444   3.97153e-16
5445   3.97011e-16
5446   3.9688e-16
5447   3.96757e-16
5448   3.96644e-16
5449   3.96539e-16
5450   3.96442e-16
5451   3.96352e-16
5452   3.9627e-16
5453   3.96194e-16
5454   3.96124e-16
5455   3.9606e-16
5456   3.96002e-16
5457   3.95949e-16
5458   3.95901e-16
5459   3.95857e-16
5460   3.95818e-16
5461   3.95782e-16
5462   3.9575e-16
5463   3.95721e-16
5464   3.95695e-16
5465   3.95672e-16
5466   3.95652e-16
5467   3.95634e-16
5468   3.95617e-16
5469   3.95603e-16
5470   3.95591e-16
5471   3.9558e-16
5472   3.9557e-16
5473   3.95562e-16
5474   3.95555e-16
5475   3.95549e-16
5476   3.95543e-16
5477   3.95539e-16
5478   3.95535e-16
5479   3.95532e-16
5480   3.95529e-16
5481   3.95527e-16
5482   3.95525e-16
5483   3.95523e-16
5484   3.95522e-16
5485   3.95521e-16
5486   3.9552e-16
5487   3.95519e-16
5488   3.95519e-16
5489   3.95518e-16
5490   3.95518e-16
5491   3.95517e-16
5492   3.95517e-16
5493   3.95517e-16
5494   3.95517e-16
5495   3.95517e-16
5496   3.95517e-16
5497   3.95517e-16
5498   3.95517e-16
5499   3.95517e-16
5500   3.95517e-16
5501   3.95517e-16
5502   3.95517e-16
5503   3.95517e-16
5504   3.95517e-16
5505   3.95517e-16
5506   3.95517e-16
5507   3.95517e-16
5508   3.95517e-16
5509   3.95517e-16
5510   3.95517e-16
5511   3.95517e-16
5512   3.95517e-16
5513   3.95517e-16
5514   3.95517e-16
5515   3.95517e-16
5516   3.95517e-16
5517   3.95517e-16
5518   3.95517e-16