#8.512785568195865
3452.79  4.21607e-15
3454.25  4.30715e-15
3455.71  4.4143e-15
3457.17  4.5326e-15
3458.63  4.65598e-15
3460.09  4.77797e-15
3461.55  4.89252e-15
3463.02  4.99482e-15
3464.48  5.08199e-15
3465.94  5.15351e-15
3467.4   5.21132e-15
3468.86  5.2596e-15
3470.32  5.30414e-15
3471.78  5.35148e-15
3473.24  5.40795e-15
3474.7   5.47855e-15
3476.16  5.56615e-15
3477.62  5.67095e-15
3479.08  5.79031e-15
3480.54  5.91917e-15
3482     6.05078e-15
3483.46  6.17785e-15
3484.92  6.29382e-15
3486.38  6.39403e-15
3487.84  6.47668e-15
3489.3   6.54323e-15
3490.76  6.59829e-15
3492.22  6.64902e-15
3493.68  6.70394e-15
3495.14  6.77155e-15
3496.6   6.85891e-15
3498.06  6.97044e-15
3499.52  7.10711e-15
3500.98  7.26621e-15
3502.44  7.44172e-15
3503.9   7.62514e-15
3505.36  7.80667e-15
3506.82  7.97657e-15
3508.28  8.12636e-15
3509.74  8.2498e-15
3511.2   8.34344e-15
3512.66  8.40681e-15
3514.12  8.44215e-15
3515.58  8.45398e-15
3517.04  8.44836e-15
3518.5   8.43228e-15
3519.96  8.41297e-15
3521.42  8.39747e-15
3522.88  8.39218e-15
3524.34  8.40268e-15
3525.8   8.43346e-15
3527.26  8.48776e-15
3528.72  8.56744e-15
3530.18  8.67272e-15
3531.64  8.80208e-15
3533.1   8.95214e-15
3534.56  9.11784e-15
3536.02  9.29264e-15
3537.48  9.46914e-15
3538.94  9.63975e-15
3540.4   9.79758e-15
3541.87  9.93729e-15
3543.33  1.00557e-14
3544.79  1.01523e-14
3546.25  1.02289e-14
3547.71  1.02897e-14
3549.17  1.034e-14
3550.63  1.03852e-14
3552.09  1.04298e-14
3553.55  1.04765e-14
3555.01  1.05253e-14
3556.47  1.05738e-14
3557.93  1.06173e-14
3559.39  1.06497e-14
3560.85  1.06647e-14
3562.31  1.06573e-14
3563.77  1.06246e-14
3565.23  1.05667e-14
3566.69  1.0487e-14
3568.15  1.03916e-14
3569.61  1.02889e-14
3571.07  1.01879e-14
3572.53  1.00971e-14
3573.99  1.00232e-14
3575.45  9.97e-15
3576.91  9.93791e-15
3578.37  9.92393e-15
3579.83  9.9222e-15
3581.29  9.92498e-15
3582.75  9.92378e-15
3584.21  9.91073e-15
3585.67  9.87964e-15
3587.13  9.8269e-15
3588.59  9.75188e-15
3590.05  9.65697e-15
3591.51  9.54709e-15
3592.97  9.42901e-15
3594.43  9.31029e-15
3595.89  9.19832e-15
3597.35  9.09935e-15
3598.81  9.01773e-15
3600.27  8.95555e-15
3601.73  8.91251e-15
3603.19  8.88632e-15
3604.65  8.87323e-15
3606.11  8.86887e-15
3607.57  8.86918e-15
3609.03  8.87118e-15
3610.49  8.8736e-15
3611.95  8.87714e-15
3613.41  8.88436e-15
3614.87  8.8992e-15
3616.33  8.92621e-15
3617.79  8.96958e-15
3619.25  9.03226e-15
3620.72  9.11518e-15
3622.18  9.21692e-15
3623.64  9.33372e-15
3625.1   9.46e-15
3626.56  9.58921e-15
3628.02  9.71494e-15
3629.48  9.83198e-15
3630.94  9.93725e-15
3632.4   1.00303e-14
3633.86  1.01132e-14
3635.32  1.01901e-14
3636.78  1.02665e-14
3638.24  1.03472e-14
3639.7   1.0436e-14
3641.16  1.05339e-14
3642.62  1.06386e-14
3644.08  1.07444e-14
3645.54  1.08428e-14
3647     1.09234e-14
3648.46  1.09752e-14
3649.92  1.09882e-14
3651.38  1.09547e-14
3652.84  1.08706e-14
3654.3   1.07353e-14
3655.76  1.05524e-14
3657.22  1.03285e-14
3658.68  1.00728e-14
3660.14  9.79566e-15
3661.6   9.50783e-15
3663.06  9.21914e-15
3664.52  8.93803e-15
3665.98  8.67115e-15
3667.44  8.42334e-15
3668.9   8.19779e-15
3670.36  7.99639e-15
3671.82  7.82003e-15
3673.28  7.66882e-15
3674.74  7.54225e-15
3676.2   7.43912e-15
3677.66  7.35747e-15
3679.12  7.29436e-15
3680.58  7.24586e-15
3682.04  7.20706e-15
3683.5   7.17235e-15
3684.96  7.13586e-15
3686.42  7.09207e-15
3687.88  7.03646e-15
3689.34  6.9662e-15
3690.8   6.88059e-15
3692.26  6.78131e-15
3693.72  6.67231e-15
3695.18  6.5594e-15
3696.64  6.44951e-15
3698.11  6.34976e-15
3699.57  6.2665e-15
3701.03  6.2044e-15
3702.49  6.16579e-15
3703.95  6.15032e-15
3705.41  6.15505e-15
3706.87  6.17486e-15
3708.33  6.20329e-15
3709.79  6.2334e-15
3711.25  6.25887e-15
3712.71  6.27483e-15
3714.17  6.27847e-15
3715.63  6.26929e-15
3717.09  6.24903e-15
3718.55  6.22109e-15
3720.01  6.18988e-15
3721.47  6.15995e-15
3722.93  6.13518e-15
3724.39  6.1182e-15
3725.85  6.11004e-15
3727.31  6.11014e-15
3728.77  6.11662e-15
3730.23  6.12685e-15
3731.69  6.13798e-15
3733.15  6.14755e-15
3734.61  6.15388e-15
3736.07  6.15623e-15
3737.53  6.15474e-15
3738.99  6.15007e-15
3740.45  6.14303e-15
3741.91  6.1341e-15
3743.37  6.12312e-15
3744.83  6.10909e-15
3746.29  6.09036e-15
3747.75  6.06489e-15
3749.21  6.03078e-15
3750.67  5.98682e-15
3752.13  5.93292e-15
3753.59  5.87042e-15
3755.05  5.80214e-15
3756.51  5.73208e-15
3757.97  5.66492e-15
3759.43  5.60538e-15
3760.89  5.55749e-15
3762.35  5.524e-15
3763.81  5.50594e-15
3765.27  5.50256e-15
3766.73  5.5115e-15
3768.19  5.52929e-15
3769.65  5.55204e-15
3771.11  5.57618e-15
3772.57  5.59919e-15
3774.03  5.62002e-15
3775.49  5.63938e-15
3776.96  5.65954e-15
3778.42  5.68392e-15
3779.88  5.7164e-15
3781.34  5.76048e-15
3782.8   5.81861e-15
3784.26  5.89151e-15
3785.72  5.97796e-15
3787.18  6.07484e-15
3788.64  6.1776e-15
3790.1   6.28102e-15
3791.56  6.38009e-15
3793.02  6.47094e-15
3794.48  6.55161e-15
3795.94  6.62251e-15
3797.4   6.68647e-15
3798.86  6.74834e-15
3800.32  6.8143e-15
3801.78  6.89084e-15
3803.24  6.98365e-15
3804.7   7.09669e-15
3806.16  7.23143e-15
3807.62  7.38661e-15
3809.08  7.55837e-15
3810.54  7.74091e-15
3812     7.92744e-15
3813.46  8.11134e-15
3814.92  8.28731e-15
3816.38  8.45228e-15
3817.84  8.60597e-15
3819.3   8.75098e-15
3820.76  8.8924e-15
3822.22  9.03698e-15
3823.68  9.19212e-15
3825.14  9.36476e-15
3826.6   9.56031e-15
3828.06  9.78197e-15
3829.52  1.00304e-14
3830.98  1.03036e-14
3832.44  1.05975e-14
3833.9   1.09067e-14
3835.36  1.1225e-14
3836.82  1.15465e-14
3838.28  1.18659e-14
3839.74  1.21797e-14
3841.2   1.24857e-14
3842.66  1.27835e-14
3844.12  1.30739e-14
3845.58  1.33589e-14
3847.04  1.3641e-14
3848.5   1.39226e-14
3849.96  1.42057e-14
3851.42  1.44918e-14
3852.88  1.4781e-14
3854.34  1.50727e-14
3855.81  1.53651e-14
3857.27  1.56557e-14
3858.73  1.59416e-14
3860.19  1.62196e-14
3861.65  1.64866e-14
3863.11  1.67397e-14
3864.57  1.69764e-14
3866.03  1.71949e-14
3867.49  1.73938e-14
3868.95  1.75724e-14
3870.41  1.7731e-14
3871.87  1.78704e-14
3873.33  1.79927e-14
3874.79  1.81008e-14
3876.25  1.8199e-14
3877.71  1.82923e-14
3879.17  1.83861e-14
3880.63  1.84859e-14
3882.09  1.85965e-14
3883.55  1.87212e-14
3885.01  1.88612e-14
3886.47  1.90151e-14
3887.93  1.91793e-14
3889.39  1.93476e-14
3890.85  1.95127e-14
3892.31  1.9667e-14
3893.77  1.98038e-14
3895.23  1.99184e-14
3896.69  2.00094e-14
3898.15  2.00789e-14
3899.61  2.01325e-14
3901.07  2.01786e-14
3902.53  2.02275e-14
3903.99  2.02895e-14
3905.45  2.03733e-14
3906.91  2.04846e-14
3908.37  2.06245e-14
3909.83  2.0789e-14
3911.29  2.0969e-14
3912.75  2.11507e-14
3914.21  2.13169e-14
3915.67  2.14493e-14
3917.13  2.15301e-14
3918.59  2.15445e-14
3920.05  2.14827e-14
3921.51  2.13413e-14
3922.97  2.11243e-14
3924.43  2.08431e-14
3925.89  2.05155e-14
3927.35  2.01637e-14
3928.81  1.98123e-14
3930.27  1.94855e-14
3931.73  1.92038e-14
3933.19  1.89824e-14
3934.66  1.88288e-14
3936.12  1.87424e-14
3937.58  1.87152e-14
3939.04  1.87327e-14
3940.5   1.87761e-14
3941.96  1.88253e-14
3943.42  1.8861e-14
3944.88  1.88673e-14
3946.34  1.88329e-14
3947.8   1.87522e-14
3949.26  1.86247e-14
3950.72  1.84547e-14
3952.18  1.82496e-14
3953.64  1.80185e-14
3955.1   1.7771e-14
3956.56  1.75158e-14
3958.02  1.72602e-14
3959.48  1.70098e-14
3960.94  1.67687e-14
3962.4   1.65396e-14
3963.86  1.63244e-14
3965.32  1.61243e-14
3966.78  1.59401e-14
3968.24  1.57722e-14
3969.7   1.56202e-14
3971.16  1.54834e-14
3972.62  1.53604e-14
3974.08  1.5249e-14
3975.54  1.5147e-14
3977     1.50523e-14
3978.46  1.49632e-14
3979.92  1.48788e-14
3981.38  1.47994e-14
3982.84  1.47261e-14
3984.3   1.46606e-14
3985.76  1.4605e-14
3987.22  1.45612e-14
3988.68  1.45303e-14
3990.14  1.45127e-14
3991.6   1.45075e-14
3993.06  1.45131e-14
3994.52  1.45271e-14
3995.98  1.45468e-14
3997.44  1.457e-14
3998.9   1.45947e-14
4000.36  1.46197e-14
4001.82  1.46443e-14
4003.28  1.46685e-14
4004.74  1.46923e-14
4006.2   1.47158e-14
4007.66  1.47384e-14
4009.12  1.47591e-14
4010.58  1.47766e-14
4012.05  1.47888e-14
4013.51  1.47938e-14
4014.97  1.479e-14
4016.43  1.47763e-14
4017.89  1.47528e-14
4019.35  1.47203e-14
4020.81  1.4681e-14
4022.27  1.4638e-14
4023.73  1.45948e-14
4025.19  1.45552e-14
4026.65  1.4523e-14
4028.11  1.45009e-14
4029.57  1.44911e-14
4031.03  1.44944e-14
4032.49  1.45103e-14
4033.95  1.45372e-14
4035.41  1.45728e-14
4036.87  1.46138e-14
4038.33  1.46572e-14
4039.79  1.46997e-14
4041.25  1.47391e-14
4042.71  1.47737e-14
4044.17  1.48033e-14
4045.63  1.48288e-14
4047.09  1.48521e-14
4048.55  1.48762e-14
4050.01  1.49046e-14
4051.47  1.49408e-14
4052.93  1.49881e-14
4054.39  1.50486e-14
4055.85  1.51235e-14
4057.31  1.52124e-14
4058.77  1.53134e-14
4060.23  1.54234e-14
4061.69  1.55385e-14
4063.15  1.56542e-14
4064.61  1.57662e-14
4066.07  1.58708e-14
4067.53  1.59654e-14
4068.99  1.60486e-14
4070.45  1.61203e-14
4071.91  1.61815e-14
4073.37  1.6234e-14
4074.83  1.628e-14
4076.29  1.63216e-14
4077.75  1.63606e-14
4079.21  1.63983e-14
4080.67  1.64352e-14
4082.13  1.64714e-14
4083.59  1.65064e-14
4085.05  1.65393e-14
4086.51  1.65692e-14
4087.97  1.65952e-14
4089.43  1.66164e-14
4090.9   1.66321e-14
4092.36  1.66418e-14
4093.82  1.66455e-14
4095.28  1.66432e-14
4096.74  1.66359e-14
4098.2   1.66248e-14
4099.66  1.66122e-14
4101.12  1.66009e-14
4102.58  1.65943e-14
4104.04  1.65962e-14
4105.5   1.66101e-14
4106.96  1.66388e-14
4108.42  1.66841e-14
4109.88  1.6746e-14
4111.34  1.68226e-14
4112.8   1.69102e-14
4114.26  1.70035e-14
4115.72  1.70962e-14
4117.18  1.71817e-14
4118.64  1.7254e-14
4120.1   1.73082e-14
4121.56  1.73415e-14
4123.02  1.73531e-14
4124.48  1.73446e-14
4125.94  1.73194e-14
4127.4   1.72821e-14
4128.86  1.7238e-14
4130.32  1.7192e-14
4131.78  1.71484e-14
4133.24  1.71098e-14
4134.7   1.70771e-14
4136.16  1.70501e-14
4137.62  1.7027e-14
4139.08  1.70056e-14
4140.54  1.69832e-14
4142     1.69579e-14
4143.46  1.69284e-14
4144.92  1.68944e-14
4146.38  1.68566e-14
4147.84  1.68164e-14
4149.3   1.67756e-14
4150.76  1.67359e-14
4152.22  1.66986e-14
4153.68  1.66644e-14
4155.14  1.66334e-14
4156.6   1.66049e-14
4158.06  1.65779e-14
4159.52  1.65511e-14
4160.98  1.65237e-14
4162.44  1.6495e-14
4163.9   1.64651e-14
4165.36  1.64349e-14
4166.82  1.64057e-14
4168.28  1.63794e-14
4169.75  1.63579e-14
4171.21  1.6343e-14
4172.67  1.63363e-14
4174.13  1.63387e-14
4175.59  1.63502e-14
4177.05  1.63704e-14
4178.51  1.63979e-14
4179.97  1.64308e-14
4181.43  1.64672e-14
4182.89  1.65049e-14
4184.35  1.65421e-14
4185.81  1.65773e-14
4187.27  1.66096e-14
4188.73  1.66388e-14
4190.19  1.66652e-14
4191.65  1.66893e-14
4193.11  1.67118e-14
4194.57  1.67331e-14
4196.03  1.67534e-14
4197.49  1.67722e-14
4198.95  1.67882e-14
4200.41  1.68e-14
4201.87  1.68058e-14
4203.33  1.6804e-14
4204.79  1.67933e-14
4206.25  1.67735e-14
4207.71  1.67449e-14
4209.17  1.67092e-14
4210.63  1.66685e-14
4212.09  1.66258e-14
4213.55  1.6584e-14
4215.01  1.65456e-14
4216.47  1.65126e-14
4217.93  1.64857e-14
4219.39  1.64648e-14
4220.85  1.64483e-14
4222.31  1.64341e-14
4223.77  1.64191e-14
4225.23  1.64004e-14
4226.69  1.63752e-14
4228.15  1.63413e-14
4229.61  1.62974e-14
4231.07  1.62429e-14
4232.53  1.61784e-14
4233.99  1.61051e-14
4235.45  1.60246e-14
4236.91  1.59391e-14
4238.37  1.58506e-14
4239.83  1.57613e-14
4241.29  1.56729e-14
4242.75  1.55869e-14
4244.21  1.55042e-14
4245.67  1.54255e-14
4247.14  1.5351e-14
4248.6   1.52801e-14
4250.06  1.52121e-14
4251.52  1.51457e-14
4252.98  1.50794e-14
4254.44  1.50115e-14
4255.9   1.49406e-14
4257.36  1.48653e-14
4258.82  1.47852e-14
4260.28  1.47002e-14
4261.74  1.46111e-14
4263.2   1.45193e-14
4264.66  1.44268e-14
4266.12  1.43356e-14
4267.58  1.42473e-14
4269.04  1.41634e-14
4270.5   1.40843e-14
4271.96  1.40095e-14
4273.42  1.39377e-14
4274.88  1.38668e-14
4276.34  1.37941e-14
4277.8   1.37171e-14
4279.26  1.36331e-14
4280.72  1.35404e-14
4282.18  1.34378e-14
4283.64  1.33252e-14
4285.1   1.32033e-14
4286.56  1.30737e-14
4288.02  1.29387e-14
4289.48  1.28008e-14
4290.94  1.26625e-14
4292.4   1.25264e-14
4293.86  1.2394e-14
4295.32  1.22665e-14
4296.78  1.21442e-14
4298.24  1.20264e-14
4299.7   1.19118e-14
4301.16  1.17989e-14
4302.62  1.16858e-14
4304.08  1.1571e-14
4305.54  1.14533e-14
4307     1.13323e-14
4308.46  1.12086e-14
4309.92  1.10833e-14
4311.38  1.09583e-14
4312.84  1.08358e-14
4314.3   1.07183e-14
4315.76  1.06076e-14
4317.22  1.05053e-14
4318.68  1.0412e-14
4320.14  1.03276e-14
4321.6   1.02511e-14
4323.06  1.01808e-14
4324.52  1.01145e-14
4325.99  1.00501e-14
4327.45  9.98551e-15
4328.91  9.9192e-15
4330.37  9.85029e-15
4331.83  9.7787e-15
4333.29  9.70512e-15
4334.75  9.63092e-15
4336.21  9.55791e-15
4337.67  9.48808e-15
4339.13  9.42329e-15
4340.59  9.36494e-15
4342.05  9.31379e-15
4343.51  9.26971e-15
4344.97  9.23169e-15
4346.43  9.19789e-15
4347.89  9.16589e-15
4349.35  9.13293e-15
4350.81  9.0964e-15
4352.27  9.05414e-15
4353.73  9.00486e-15
4355.19  8.94839e-15
4356.65  8.88584e-15
4358.11  8.81954e-15
4359.57  8.75288e-15
4361.03  8.68997e-15
4362.49  8.63521e-15
4363.95  8.59284e-15
4365.41  8.56639e-15
4366.87  8.55834e-15
4368.33  8.56983e-15
4369.79  8.60046e-15
4371.25  8.64844e-15
4372.71  8.71074e-15
4374.17  8.78347e-15
4375.63  8.86237e-15
4377.09  8.94324e-15
4378.55  9.02242e-15
4380.01  9.09713e-15
4381.47  9.16566e-15
4382.93  9.22744e-15
4384.39  9.28294e-15
4385.85  9.33344e-15
4387.31  9.38081e-15
4388.77  9.42714e-15
4390.23  9.47457e-15
4391.69  9.52508e-15
4393.15  9.58036e-15
4394.61  9.64187e-15
4396.07  9.7108e-15
4397.53  9.78812e-15
4398.99  9.87461e-15
4400.45  9.97084e-15
4401.91  1.00771e-14
4403.37  1.01932e-14
4404.84  1.03187e-14
4406.3   1.04524e-14
4407.76  1.05925e-14
4409.22  1.07371e-14
4410.68  1.08837e-14
4412.14  1.10302e-14
4413.6   1.11746e-14
4415.06  1.13156e-14
4416.52  1.14529e-14
4417.98  1.15871e-14
4419.44  1.17197e-14
4420.9   1.18529e-14
4422.36  1.19894e-14
4423.82  1.2132e-14
4425.28  1.22829e-14
4426.74  1.24438e-14
4428.2   1.26153e-14
4429.66  1.27971e-14
4431.12  1.29875e-14
4432.58  1.31842e-14
4434.04  1.33841e-14
4435.5   1.35836e-14
4436.96  1.37796e-14
4438.42  1.39691e-14
4439.88  1.41498e-14
4441.34  1.43204e-14
4442.8   1.44806e-14
4444.26  1.46312e-14
4445.72  1.47738e-14
4447.18  1.49106e-14
4448.64  1.50446e-14
4450.1   1.51783e-14
4451.56  1.53144e-14
4453.02  1.5455e-14
4454.48  1.56014e-14
4455.94  1.57544e-14
4457.4   1.59136e-14
4458.86  1.60783e-14
4460.32  1.62474e-14
4461.78  1.64192e-14
4463.24  1.65924e-14
4464.7   1.67655e-14
4466.16  1.69376e-14
4467.62  1.71079e-14
4469.08  1.72758e-14
4470.54  1.7441e-14
4472     1.76034e-14
4473.46  1.77626e-14
4474.92  1.79181e-14
4476.38  1.80694e-14
4477.84  1.82157e-14
4479.3   1.83563e-14
4480.76  1.84904e-14
4482.22  1.86175e-14
4483.69  1.87372e-14
4485.15  1.88497e-14
4486.61  1.89555e-14
4488.07  1.90555e-14
4489.53  1.91508e-14
4490.99  1.9243e-14
4492.45  1.93333e-14
4493.91  1.94233e-14
4495.37  1.95139e-14
4496.83  1.96063e-14
4498.29  1.9701e-14
4499.75  1.97984e-14
4501.21  1.98984e-14
4502.67  2.00011e-14
4504.13  2.01062e-14
4505.59  2.02135e-14
4507.05  2.03226e-14
4508.51  2.04333e-14
4509.97  2.05452e-14
4511.43  2.06579e-14
4512.89  2.07707e-14
4514.35  2.0883e-14
4515.81  2.09935e-14
4517.27  2.11009e-14
4518.73  2.12038e-14
4520.19  2.13004e-14
4521.65  2.13891e-14
4523.11  2.14685e-14
4524.57  2.15377e-14
4526.03  2.15962e-14
4527.49  2.16441e-14
4528.95  2.16824e-14
4530.41  2.17128e-14
4531.87  2.17374e-14
4533.33  2.17585e-14
4534.79  2.17789e-14
4536.25  2.18007e-14
4537.71  2.18258e-14
4539.17  2.18555e-14
4540.63  2.18904e-14
4542.09  2.193e-14
4543.55  2.19734e-14
4545.01  2.20191e-14
4546.47  2.20653e-14
4547.93  2.21101e-14
4549.39  2.21517e-14
4550.85  2.21887e-14
4552.31  2.222e-14
4553.77  2.22453e-14
4555.23  2.22643e-14
4556.69  2.22776e-14
4558.15  2.22857e-14
4559.61  2.22895e-14
4561.08  2.22899e-14
4562.54  2.22873e-14
4564     2.22822e-14
4565.46  2.22746e-14
4566.92  2.22639e-14
4568.38  2.22493e-14
4569.84  2.22295e-14
4571.3   2.2203e-14
4572.76  2.21686e-14
4574.22  2.21249e-14
4575.68  2.20712e-14
4577.14  2.20072e-14
4578.6   2.19335e-14
4580.06  2.18514e-14
4581.52  2.17625e-14
4582.98  2.16692e-14
4584.44  2.15737e-14
4585.9   2.14784e-14
4587.36  2.13849e-14
4588.82  2.12945e-14
4590.28  2.12075e-14
4591.74  2.11236e-14
4593.2   2.1042e-14
4594.66  2.09614e-14
4596.12  2.08803e-14
4597.58  2.07974e-14
4599.04  2.07117e-14
4600.5   2.06229e-14
4601.96  2.05311e-14
4603.42  2.04371e-14
4604.88  2.03421e-14
4606.34  2.02476e-14
4607.8   2.01551e-14
4609.26  2.0066e-14
4610.72  1.99812e-14
4612.18  1.99009e-14
4613.64  1.98248e-14
4615.1   1.9752e-14
4616.56  1.96808e-14
4618.02  1.96094e-14
4619.48  1.95356e-14
4620.94  1.94575e-14
4622.4   1.93735e-14
4623.86  1.92826e-14
4625.32  1.91847e-14
4626.78  1.90803e-14
4628.24  1.89711e-14
4629.7   1.8859e-14
4631.16  1.87467e-14
4632.62  1.86367e-14
4634.08  1.85315e-14
4635.54  1.84329e-14
4637     1.83422e-14
4638.46  1.82598e-14
4639.93  1.81855e-14
4641.39  1.81181e-14
4642.85  1.80564e-14
4644.31  1.7999e-14
4645.77  1.79447e-14
4647.23  1.78924e-14
4648.69  1.78419e-14
4650.15  1.7793e-14
4651.61  1.7746e-14
4653.07  1.77008e-14
4654.53  1.76568e-14
4655.99  1.76128e-14
4657.45  1.75664e-14
4658.91  1.75139e-14
4660.37  1.74509e-14
4661.83  1.73723e-14
4663.29  1.72729e-14
4664.75  1.7148e-14
4666.21  1.69942e-14
4667.67  1.68097e-14
4669.13  1.65947e-14
4670.59  1.63515e-14
4672.05  1.60843e-14
4673.51  1.57984e-14
4674.97  1.55002e-14
4676.43  1.51958e-14
4677.89  1.48911e-14
4679.35  1.45905e-14
4680.81  1.42971e-14
4682.27  1.40124e-14
4683.73  1.37366e-14
4685.19  1.34687e-14
4686.65  1.32072e-14
4688.11  1.29505e-14
4689.57  1.26973e-14
4691.03  1.24471e-14
4692.49  1.22001e-14
4693.95  1.19577e-14
4695.41  1.17219e-14
4696.87  1.1495e-14
4698.33  1.12796e-14
4699.79  1.10778e-14
4701.25  1.08913e-14
4702.71  1.07208e-14
4704.17  1.05659e-14
4705.63  1.04256e-14
4707.09  1.02981e-14
4708.55  1.01813e-14
4710.01  1.00731e-14
4711.47  9.97155e-15
4712.93  9.87552e-15
4714.39  9.78449e-15
4715.85  9.69871e-15
4717.31  9.61905e-15
4718.78  9.54681e-15
4720.24  9.48345e-15
4721.7   9.43029e-15
4723.16  9.38833e-15
4724.62  9.35808e-15
4726.08  9.3396e-15
4727.54  9.33256e-15
4729     9.33645e-15
4730.46  9.35074e-15
4731.92  9.3751e-15
4733.38  9.40946e-15
4734.84  9.45407e-15
4736.3   9.50928e-15
4737.76  9.57541e-15
4739.22  9.65236e-15
4740.68  9.73937e-15
4742.14  9.83474e-15
4743.6   9.93565e-15
4745.06  1.00382e-14
4746.52  1.01377e-14
4747.98  1.02287e-14
4749.44  1.03059e-14
4750.9   1.03644e-14
4752.36  1.04003e-14
4753.82  1.04113e-14
4755.28  1.03968e-14
4756.74  1.03581e-14
4758.2   1.02984e-14
4759.66  1.02221e-14
4761.12  1.01345e-14
4762.58  1.0041e-14
4764.04  9.94661e-15
4765.5   9.85532e-15
4766.96  9.76956e-15
4768.42  9.69023e-15
4769.88  9.61666e-15
4771.34  9.54697e-15
4772.8   9.47856e-15
4774.26  9.40865e-15
4775.72  9.33482e-15
4777.18  9.25548e-15
4778.64  9.1701e-15
4780.1   9.07927e-15
4781.56  8.98453e-15
4783.02  8.88805e-15
4784.48  8.79223e-15
4785.94  8.69927e-15
4787.4   8.61082e-15
4788.86  8.52782e-15
4790.32  8.45042e-15
4791.78  8.37811e-15
4793.24  8.30998e-15
4794.7   8.24506e-15
4796.16  8.18257e-15
4797.63  8.12222e-15
4799.09  8.06431e-15
4800.55  8.00971e-15
4802.01  7.95976e-15
4803.47  7.91599e-15
4804.93  7.87989e-15
4806.39  7.85263e-15
4807.85  7.83486e-15
4809.31  7.82664e-15
4810.77  7.82749e-15
4812.23  7.83647e-15
4813.69  7.85244e-15
4815.15  7.87429e-15
4816.61  7.90111e-15
4818.07  7.93232e-15
4819.53  7.96777e-15
4820.99  8.00759e-15
4822.45  8.05211e-15
4823.91  8.10166e-15
4825.37  8.1564e-15
4826.83  8.21619e-15
4828.29  8.28054e-15
4829.75  8.3487e-15
4831.21  8.41975e-15
4832.67  8.49281e-15
4834.13  8.56723e-15
4835.59  8.64276e-15
4837.05  8.71961e-15
4838.51  8.79849e-15
4839.97  8.88048e-15
4841.43  8.96683e-15
4842.89  9.0588e-15
4844.35  9.15742e-15
4845.81  9.26331e-15
4847.27  9.37669e-15
4848.73  9.49731e-15
4850.19  9.62465e-15
4851.65  9.75805e-15
4853.11  9.8969e-15
4854.57  1.00408e-14
4856.03  1.01898e-14
4857.49  1.03439e-14
4858.95  1.05036e-14
4860.41  1.06691e-14
4861.87  1.08402e-14
4863.33  1.10165e-14
4864.79  1.11966e-14
4866.25  1.13786e-14
4867.71  1.15602e-14
4869.17  1.17386e-14
4870.63  1.19115e-14
4872.09  1.20768e-14
4873.55  1.22334e-14
4875.02  1.23811e-14
4876.48  1.25208e-14
4877.94  1.26539e-14
4879.4   1.27824e-14
4880.86  1.29084e-14
4882.32  1.30329e-14
4883.78  1.31562e-14
4885.24  1.32772e-14
4886.7   1.33929e-14
4888.16  1.34993e-14
4889.62  1.35909e-14
4891.08  1.36619e-14
4892.54  1.37063e-14
4894     1.37194e-14
4895.46  1.36974e-14
4896.92  1.3639e-14
4898.38  1.35448e-14
4899.84  1.34181e-14
4901.3   1.32638e-14
4902.76  1.30885e-14
4904.22  1.28996e-14
4905.68  1.27044e-14
4907.14  1.25095e-14
4908.6   1.23201e-14
4910.06  1.21398e-14
4911.52  1.19699e-14
4912.98  1.18104e-14
4914.44  1.16594e-14
4915.9   1.15143e-14
4917.36  1.13722e-14
4918.82  1.12302e-14
4920.28  1.1086e-14
4921.74  1.09385e-14
4923.2   1.07872e-14
4924.66  1.0633e-14
4926.12  1.04774e-14
4927.58  1.03223e-14
4929.04  1.017e-14
4930.5   1.00224e-14
4931.96  9.88126e-15
4933.42  9.74774e-15
4934.88  9.62235e-15
4936.34  9.50503e-15
4937.8   9.39521e-15
4939.26  9.29197e-15
4940.72  9.19421e-15
4942.18  9.10085e-15
4943.64  9.01101e-15
4945.1   8.92416e-15
4946.56  8.84022e-15
4948.02  8.75959e-15
4949.48  8.6831e-15
4950.94  8.61191e-15
4952.4   8.54731e-15
4953.87  8.49053e-15
4955.33  8.44251e-15
4956.79  8.40371e-15
4958.25  8.37398e-15
4959.71  8.35253e-15
4961.17  8.33797e-15
4962.63  8.32852e-15
4964.09  8.32215e-15
4965.55  8.31695e-15
4967.01  8.31127e-15
4968.47  8.30401e-15
4969.93  8.29471e-15
4971.39  8.2836e-15
4972.85  8.27151e-15
4974.31  8.2598e-15
4975.77  8.25013e-15
4977.23  8.24427e-15
4978.69  8.24393e-15
4980.15  8.25053e-15
4981.61  8.26511e-15
4983.07  8.28822e-15
4984.53  8.31984e-15
4985.99  8.35942e-15
4987.45  8.40584e-15
4988.91  8.45755e-15
4990.37  8.51263e-15
4991.83  8.56896e-15
4993.29  8.62443e-15
4994.75  8.67712e-15
4996.21  8.72549e-15
4997.67  8.7686e-15
4999.13  8.80616e-15
5000.59  8.83861e-15
5002.05  8.86706e-15
5003.51  8.89312e-15
5004.97  8.91877e-15
5006.43  8.94601e-15
5007.89  8.97672e-15
5009.35  9.01237e-15
5010.81  9.05386e-15
5012.27  9.10147e-15
5013.73  9.15482e-15
5015.19  9.21298e-15
5016.65  9.27456e-15
5018.11  9.3379e-15
5019.57  9.40129e-15
5021.03  9.46313e-15
5022.49  9.52209e-15
5023.95  9.57726e-15
5025.41  9.62818e-15
5026.87  9.67491e-15
5028.33  9.71792e-15
5029.79  9.75804e-15
5031.25  9.79633e-15
5032.72  9.83389e-15
5034.18  9.87169e-15
5035.64  9.91047e-15
5037.1   9.95059e-15
5038.56  9.99196e-15
5040.02  1.00341e-14
5041.48  1.00763e-14
5042.94  1.01174e-14
5044.4   1.01565e-14
5045.86  1.01928e-14
5047.32  1.02257e-14
5048.78  1.02554e-14
5050.24  1.02821e-14
5051.7   1.03068e-14
5053.16  1.03307e-14
5054.62  1.03551e-14
5056.08  1.03811e-14
5057.54  1.04098e-14
5059     1.04419e-14
5060.46  1.04775e-14
5061.92  1.05167e-14
5063.38  1.0559e-14
5064.84  1.06041e-14
5066.3   1.06515e-14
5067.76  1.07011e-14
5069.22  1.07531e-14
5070.68  1.08079e-14
5072.14  1.08663e-14
5073.6   1.0929e-14
5075.06  1.09968e-14
5076.52  1.10704e-14
5077.98  1.11498e-14
5079.44  1.1235e-14
5080.9   1.13252e-14
5082.36  1.14194e-14
5083.82  1.15163e-14
5085.28  1.16145e-14
5086.74  1.17125e-14
5088.2   1.18092e-14
5089.66  1.19037e-14
5091.12  1.19959e-14
5092.58  1.20857e-14
5094.04  1.21738e-14
5095.5   1.22613e-14
5096.96  1.23496e-14
5098.42  1.24402e-14
5099.88  1.25349e-14
5101.34  1.26353e-14
5102.8   1.27427e-14
5104.26  1.28582e-14
5105.72  1.29823e-14
5107.18  1.31149e-14
5108.64  1.32555e-14
5110.1   1.3403e-14
5111.57  1.35558e-14
5113.03  1.37124e-14
5114.49  1.38709e-14
5115.95  1.40298e-14
5117.41  1.41878e-14
5118.87  1.4344e-14
5120.33  1.44979e-14
5121.79  1.46495e-14
5123.25  1.47989e-14
5124.71  1.49466e-14
5126.17  1.50929e-14
5127.63  1.52382e-14
5129.09  1.53828e-14
5130.55  1.55269e-14
5132.01  1.56704e-14
5133.47  1.58132e-14
5134.93  1.59552e-14
5136.39  1.60964e-14
5137.85  1.62366e-14
5139.31  1.63758e-14
5140.77  1.6514e-14
5142.23  1.66512e-14
5143.69  1.67873e-14
5145.15  1.69222e-14
5146.61  1.70558e-14
5148.07  1.71877e-14
5149.53  1.73174e-14
5150.99  1.74444e-14
5152.45  1.7568e-14
5153.91  1.76871e-14
5155.37  1.78011e-14
5156.83  1.7909e-14
5158.29  1.80102e-14
5159.75  1.81044e-14
5161.21  1.81916e-14
5162.67  1.82725e-14
5164.13  1.83483e-14
5165.59  1.84206e-14
5167.05  1.84911e-14
5168.51  1.85618e-14
5169.97  1.86341e-14
5171.43  1.87088e-14
5172.89  1.87861e-14
5174.35  1.88648e-14
5175.81  1.89433e-14
5177.27  1.90191e-14
5178.73  1.90894e-14
5180.19  1.91517e-14
5181.65  1.9204e-14
5183.11  1.92451e-14
5184.57  1.92752e-14
5186.03  1.92956e-14
5187.49  1.93084e-14
5188.96  1.93164e-14
5190.42  1.93225e-14
5191.88  1.93289e-14
5193.34  1.93372e-14
5194.8   1.93479e-14
5196.26  1.93599e-14
5197.72  1.93714e-14
5199.18  1.93798e-14
5200.64  1.93821e-14
5202.1   1.93758e-14
5203.56  1.9359e-14
5205.02  1.9331e-14
5206.48  1.92919e-14
5207.94  1.92432e-14
5209.4   1.91871e-14
5210.86  1.91258e-14
5212.32  1.9062e-14
5213.78  1.89975e-14
5215.24  1.89336e-14
5216.7   1.88705e-14
5218.16  1.88078e-14
5219.62  1.87442e-14
5221.08  1.86781e-14
5222.54  1.86079e-14
5224     1.85322e-14
5225.46  1.845e-14
5226.92  1.83612e-14
5228.38  1.82663e-14
5229.84  1.81665e-14
5231.3   1.80635e-14
5232.76  1.79594e-14
5234.22  1.7856e-14
5235.68  1.77555e-14
5237.14  1.76591e-14
5238.6   1.75678e-14
5240.06  1.74818e-14
5241.52  1.7401e-14
5242.98  1.73244e-14
5244.44  1.7251e-14
5245.9   1.71796e-14
5247.36  1.71089e-14
5248.82  1.7038e-14
5250.28  1.69664e-14
5251.74  1.68938e-14
5253.2   1.68208e-14
5254.66  1.67483e-14
5256.12  1.66773e-14
5257.58  1.66094e-14
5259.04  1.6546e-14
5260.5   1.64885e-14
5261.96  1.64381e-14
5263.42  1.63954e-14
5264.88  1.63607e-14
5266.34  1.63339e-14
5267.81  1.63142e-14
5269.27  1.63004e-14
5270.73  1.62912e-14
5272.19  1.62849e-14
5273.65  1.62799e-14
5275.11  1.62746e-14
5276.57  1.62678e-14
5278.03  1.62589e-14
5279.49  1.62474e-14
5280.95  1.62337e-14
5282.41  1.62186e-14
5283.87  1.6203e-14
5285.33  1.61884e-14
5286.79  1.6176e-14
5288.25  1.61667e-14
5289.71  1.61611e-14
5291.17  1.6159e-14
5292.63  1.61598e-14
5294.09  1.61623e-14
5295.55  1.6165e-14
5297.01  1.61661e-14
5298.47  1.61642e-14
5299.93  1.61582e-14
5301.39  1.61479e-14
5302.85  1.61334e-14
5304.31  1.61155e-14
5305.77  1.60957e-14
5307.23  1.60755e-14
5308.69  1.60564e-14
5310.15  1.60396e-14
5311.61  1.60258e-14
5313.07  1.60151e-14
5314.53  1.60071e-14
5315.99  1.60009e-14
5317.45  1.59954e-14
5318.91  1.59893e-14
5320.37  1.59817e-14
5321.83  1.59715e-14
5323.29  1.59585e-14
5324.75  1.59424e-14
5326.21  1.59236e-14
5327.67  1.59023e-14
5329.13  1.58789e-14
5330.59  1.58538e-14
5332.05  1.58272e-14
5333.51  1.57992e-14
5334.97  1.57696e-14
5336.43  1.57383e-14
5337.89  1.57051e-14
5339.35  1.567e-14
5340.81  1.56329e-14
5342.27  1.5594e-14
5343.73  1.55535e-14
5345.19  1.55115e-14
5346.66  1.54683e-14
5348.12  1.54238e-14
5349.58  1.53779e-14
5351.04  1.53303e-14
5352.5   1.52808e-14
5353.96  1.52292e-14
5355.42  1.51753e-14
5356.88  1.51194e-14
5358.34  1.50619e-14
5359.8   1.50037e-14
5361.26  1.49457e-14
5362.72  1.4889e-14
5364.18  1.48348e-14
5365.64  1.47836e-14
5367.1   1.4736e-14
5368.56  1.46919e-14
5370.02  1.46507e-14
5371.48  1.46116e-14
5372.94  1.45735e-14
5374.4   1.45352e-14
5375.86  1.44957e-14
5377.32  1.44544e-14
5378.78  1.44111e-14
5380.24  1.4366e-14
5381.7   1.43197e-14
5383.16  1.42731e-14
5384.62  1.42274e-14
5386.08  1.41836e-14
5387.54  1.41427e-14
5389     1.41052e-14
5390.46  1.40714e-14
5391.92  1.40413e-14
5393.38  1.40144e-14
5394.84  1.39901e-14
5396.3   1.39678e-14
5397.76  1.39468e-14
5399.22  1.39267e-14
5400.68  1.39071e-14
5402.14  1.38879e-14
5403.6   1.38693e-14
5405.06  1.38516e-14
5406.52  1.38351e-14
5407.98  1.38201e-14
5409.44  1.38065e-14
5410.9   1.37942e-14
5412.36  1.37824e-14
5413.82  1.37702e-14
5415.28  1.37564e-14
5416.74  1.37396e-14
5418.2   1.37186e-14
5419.66  1.36925e-14
5421.12  1.36609e-14
5422.58  1.36242e-14
5424.04  1.35834e-14
5425.51  1.35404e-14
5426.97  1.34975e-14
5428.43  1.34573e-14
5429.89  1.34225e-14
5431.35  1.33952e-14
5432.81  1.33771e-14
5434.27  1.33685e-14
5435.73  1.3369e-14
5437.19  1.33772e-14
5438.65  1.33907e-14
5440.11  1.3407e-14
5441.57  1.34234e-14
5443.03  1.34377e-14
5444.49  1.34482e-14
5445.95  1.34541e-14
5447.41  1.34557e-14
5448.87  1.3454e-14
5450.33  1.34506e-14
5451.79  1.34475e-14
5453.25  1.34465e-14
5454.71  1.34493e-14
5456.17  1.34573e-14
5457.63  1.34711e-14
5459.09  1.34906e-14
5460.55  1.35155e-14
5462.01  1.35446e-14
5463.47  1.35767e-14
5464.93  1.36103e-14
5466.39  1.36439e-14
5467.85  1.36758e-14
5469.31  1.37047e-14
5470.77  1.37294e-14
5472.23  1.37491e-14
5473.69  1.37635e-14
5475.15  1.37727e-14
5476.61  1.37774e-14
5478.07  1.3779e-14
5479.53  1.37792e-14
5480.99  1.378e-14
5482.45  1.37838e-14
5483.91  1.37925e-14
5485.37  1.38081e-14
5486.83  1.38315e-14
5488.29  1.38633e-14
5489.75  1.39029e-14
5491.21  1.3949e-14
5492.67  1.39998e-14
5494.13  1.40528e-14
5495.59  1.41055e-14
5497.05  1.41557e-14
5498.51  1.42015e-14
5499.97  1.42415e-14
5501.43  1.42754e-14
5502.9   1.43035e-14
5504.36  1.43265e-14
5505.82  1.43458e-14
5507.28  1.43629e-14
5508.74  1.43793e-14
5510.2   1.4396e-14
5511.66  1.44139e-14
5513.12  1.44331e-14
5514.58  1.44536e-14
5516.04  1.44745e-14
5517.5   1.44951e-14
5518.96  1.45142e-14
5520.42  1.45308e-14
5521.88  1.4544e-14
5523.34  1.45533e-14
5524.8   1.45585e-14
5526.26  1.45598e-14
5527.72  1.45579e-14
5529.18  1.45538e-14
5530.64  1.45489e-14
5532.1   1.45445e-14
5533.56  1.45422e-14
5535.02  1.45431e-14
5536.48  1.45484e-14
5537.94  1.45587e-14
5539.4   1.4574e-14
5540.86  1.45941e-14
5542.32  1.46182e-14
5543.78  1.4645e-14
5545.24  1.4673e-14
5546.7   1.47006e-14
5548.16  1.47259e-14
5549.62  1.47475e-14
5551.08  1.4764e-14
5552.54  1.47745e-14
5554     1.47787e-14
5555.46  1.47766e-14
5556.92  1.47689e-14
5558.38  1.47565e-14
5559.84  1.47407e-14
5561.3   1.47229e-14
5562.76  1.47041e-14
5564.22  1.46856e-14
5565.68  1.46681e-14
5567.14  1.4652e-14
5568.6   1.46372e-14
5570.06  1.46234e-14
5571.52  1.46102e-14
5572.98  1.45969e-14
5574.44  1.45828e-14
5575.9   1.45671e-14
5577.36  1.45492e-14
5578.82  1.45288e-14
5580.28  1.45053e-14
5581.75  1.44786e-14
5583.21  1.44485e-14
5584.67  1.44151e-14
5586.13  1.43787e-14
5587.59  1.43395e-14
5589.05  1.42984e-14
5590.51  1.4256e-14
5591.97  1.42132e-14
5593.43  1.41711e-14
5594.89  1.41306e-14
5596.35  1.40925e-14
5597.81  1.40573e-14
5599.27  1.40255e-14
5600.73  1.39969e-14
5602.19  1.39712e-14
5603.65  1.39477e-14
5605.11  1.39259e-14
5606.57  1.39049e-14
5608.03  1.38841e-14
5609.49  1.38633e-14
5610.95  1.38423e-14
5612.41  1.38213e-14
5613.87  1.38008e-14
5615.33  1.37811e-14
5616.79  1.37629e-14
5618.25  1.37465e-14
5619.71  1.37321e-14
5621.17  1.37196e-14
5622.63  1.37088e-14
5624.09  1.36991e-14
5625.55  1.369e-14
5627.01  1.36809e-14
5628.47  1.36715e-14
5629.93  1.36614e-14
5631.39  1.36504e-14
5632.85  1.36386e-14
5634.31  1.3626e-14
5635.77  1.36128e-14
5637.23  1.35991e-14
5638.69  1.35849e-14
5640.15  1.35701e-14
5641.61  1.35548e-14
5643.07  1.35388e-14
5644.53  1.35222e-14
5645.99  1.35049e-14
5647.45  1.34874e-14
5648.91  1.34699e-14
5650.37  1.3453e-14
5651.83  1.34373e-14
5653.29  1.34231e-14
5654.75  1.34108e-14
5656.21  1.34004e-14
5657.67  1.33916e-14
5659.13  1.33837e-14
5660.6   1.33756e-14
5662.06  1.3366e-14
5663.52  1.33537e-14
5664.98  1.33371e-14
5666.44  1.33153e-14
5667.9   1.32874e-14
5669.36  1.32533e-14
5670.82  1.32132e-14
5672.28  1.31679e-14
5673.74  1.31185e-14
5675.2   1.30663e-14
5676.66  1.30129e-14
5678.12  1.29596e-14
5679.58  1.29077e-14
5681.04  1.28579e-14
5682.5   1.2811e-14
5683.96  1.27672e-14
5685.42  1.27267e-14
5686.88  1.26893e-14
5688.34  1.2655e-14
5689.8   1.26233e-14
5691.26  1.25939e-14
5692.72  1.25665e-14
5694.18  1.25407e-14
5695.64  1.25162e-14
5697.1   1.24927e-14
5698.56  1.24703e-14
5700.02  1.2449e-14
5701.48  1.2429e-14
5702.94  1.24108e-14
5704.4   1.23946e-14
5705.86  1.23809e-14
5707.32  1.23699e-14
5708.78  1.23614e-14
5710.24  1.23551e-14
5711.7   1.23501e-14
5713.16  1.23454e-14
5714.62  1.23398e-14
5716.08  1.23322e-14
5717.54  1.23216e-14
5719     1.23074e-14
5720.46  1.22898e-14
5721.92  1.22694e-14
5723.38  1.22473e-14
5724.84  1.22252e-14
5726.3   1.22048e-14
5727.76  1.2188e-14
5729.22  1.21764e-14
5730.68  1.21711e-14
5732.14  1.21728e-14
5733.6   1.21813e-14
5735.06  1.21963e-14
5736.52  1.22167e-14
5737.99  1.22413e-14
5739.45  1.2269e-14
5740.91  1.22986e-14
5742.37  1.23292e-14
5743.83  1.23603e-14
5745.29  1.2392e-14
5746.75  1.24247e-14
5748.21  1.24589e-14
5749.67  1.24958e-14
5751.13  1.25362e-14
5752.59  1.2581e-14
5754.05  1.26309e-14
5755.51  1.26858e-14
5756.97  1.27454e-14
5758.43  1.28087e-14
5759.89  1.2874e-14
5761.35  1.29393e-14
5762.81  1.30021e-14
5764.27  1.30601e-14
5765.73  1.31111e-14
5767.19  1.31534e-14
5768.65  1.31863e-14
5770.11  1.321e-14
5771.57  1.32262e-14
5773.03  1.32376e-14
5774.49  1.32477e-14
5775.95  1.32608e-14
5777.41  1.32813e-14
5778.87  1.33128e-14
5780.33  1.3358e-14
5781.79  1.34181e-14
5783.25  1.34922e-14
5784.71  1.35778e-14
5786.17  1.36708e-14
5787.63  1.37662e-14
5789.09  1.38587e-14
5790.55  1.39434e-14
5792.01  1.40166e-14
5793.47  1.40766e-14
5794.93  1.41236e-14
5796.39  1.41596e-14
5797.85  1.41885e-14
5799.31  1.42152e-14
5800.77  1.42447e-14
5802.23  1.42814e-14
5803.69  1.43284e-14
5805.15  1.43869e-14
5806.61  1.44561e-14
5808.07  1.45333e-14
5809.53  1.46143e-14
5810.99  1.46939e-14
5812.45  1.4767e-14
5813.91  1.48295e-14
5815.37  1.48786e-14
5816.84  1.49138e-14
5818.3   1.49364e-14
5819.76  1.49501e-14
5821.22  1.49595e-14
5822.68  1.49702e-14
5824.14  1.49874e-14
5825.6   1.50149e-14
5827.06  1.50546e-14
5828.52  1.51059e-14
5829.98  1.51659e-14
5831.44  1.52291e-14
5832.9   1.52887e-14
5834.36  1.53371e-14
5835.82  1.53675e-14
5837.28  1.53745e-14
5838.74  1.53552e-14
5840.2   1.531e-14
5841.66  1.52427e-14
5843.12  1.51599e-14
5844.58  1.50705e-14
5846.04  1.49846e-14
5847.5   1.49121e-14
5848.96  1.48612e-14
5850.42  1.48375e-14
5851.88  1.4843e-14
5853.34  1.48757e-14
5854.8   1.49303e-14
5856.26  1.49988e-14
5857.72  1.50715e-14
5859.18  1.51394e-14
5860.64  1.51949e-14
5862.1   1.52336e-14
5863.56  1.5255e-14
5865.02  1.52624e-14
5866.48  1.52625e-14
5867.94  1.52638e-14
5869.4   1.52748e-14
5870.86  1.5302e-14
5872.32  1.53479e-14
5873.78  1.54099e-14
5875.24  1.54794e-14
5876.7   1.55432e-14
5878.16  1.55843e-14
5879.62  1.55855e-14
5881.08  1.55316e-14
5882.54  1.5413e-14
5884     1.52279e-14
5885.46  1.49837e-14
5886.92  1.46972e-14
5888.38  1.43927e-14
5889.84  1.40994e-14
5891.3   1.38472e-14
5892.76  1.36632e-14
5894.22  1.35672e-14
5895.69  1.35693e-14
5897.15  1.36681e-14
5898.61  1.38514e-14
5900.07  1.40978e-14
5901.53  1.43798e-14
5902.99  1.46678e-14
5904.45  1.49338e-14
5905.91  1.51555e-14
5907.37  1.53179e-14
5908.83  1.5415e-14
5910.29  1.54494e-14
5911.75  1.54306e-14
5913.21  1.53727e-14
5914.67  1.52919e-14
5916.13  1.52033e-14
5917.59  1.51191e-14
5919.05  1.50472e-14
5920.51  1.49905e-14
5921.97  1.49477e-14
5923.43  1.49142e-14
5924.89  1.48837e-14
5926.35  1.48498e-14
5927.81  1.48072e-14
5929.27  1.4753e-14
5930.73  1.46866e-14
5932.19  1.46099e-14
5933.65  1.45266e-14
5935.11  1.44412e-14
5936.57  1.43584e-14
5938.03  1.42819e-14
5939.49  1.42142e-14
5940.95  1.41561e-14
5942.41  1.4107e-14
5943.87  1.40653e-14
5945.33  1.40287e-14
5946.79  1.39948e-14
5948.25  1.39615e-14
5949.71  1.39276e-14
5951.17  1.38921e-14
5952.63  1.3855e-14
5954.09  1.38163e-14
5955.55  1.37764e-14
5957.01  1.37354e-14
5958.47  1.36933e-14
5959.93  1.36499e-14
5961.39  1.3605e-14
5962.85  1.35585e-14
5964.31  1.35108e-14
5965.77  1.34625e-14
5967.23  1.34152e-14
5968.69  1.33703e-14
5970.15  1.33298e-14
5971.61  1.32954e-14
5973.07  1.3268e-14
5974.54  1.32482e-14
5976     1.32354e-14
5977.46  1.32284e-14
5978.92  1.32253e-14
5980.38  1.32241e-14
5981.84  1.32227e-14
5983.3   1.32196e-14
5984.76  1.32141e-14
5986.22  1.32061e-14
5987.68  1.31958e-14
5989.14  1.3184e-14
5990.6   1.3171e-14
5992.06  1.31566e-14
5993.52  1.31396e-14
5994.98  1.31179e-14
5996.44  1.30879e-14
5997.9   1.30456e-14
5999.36  1.29864e-14
6000.82  1.29062e-14
6002.28  1.28015e-14
6003.74  1.267e-14
6005.2   1.2511e-14
6006.66  1.23254e-14
6008.12  1.21156e-14
6009.58  1.18851e-14
6011.04  1.16382e-14
6012.5   1.13792e-14
6013.96  1.11121e-14
6015.42  1.08405e-14
6016.88  1.05667e-14
6018.34  1.02925e-14
6019.8   1.00187e-14
6021.26  9.74576e-15
6022.72  9.4739e-15
6024.18  9.2035e-15
6025.64  8.93536e-15
6027.1   8.6708e-15
6028.56  8.41169e-15
6030.02  8.16029e-15
6031.48  7.919e-15
6032.94  7.69003e-15
6034.4   7.47508e-15
6035.86  7.27509e-15
6037.32  7.09008e-15
6038.78  6.91911e-15
6040.24  6.76045e-15
6041.7   6.6118e-15
6043.16  6.47064e-15
6044.62  6.33457e-15
6046.08  6.20162e-15
6047.54  6.07053e-15
6049     5.94074e-15
6050.46  5.81244e-15
6051.93  5.68632e-15
6053.39  5.56337e-15
6054.85  5.44455e-15
6056.31  5.33056e-15
6057.77  5.22166e-15
6059.23  5.11762e-15
6060.69  5.01775e-15
6062.15  4.92109e-15
6063.61  4.82663e-15
6065.07  4.73356e-15
6066.53  4.64147e-15
6067.99  4.55049e-15
6069.45  4.46135e-15
6070.91  4.37524e-15
6072.37  4.29372e-15
6073.83  4.21842e-15
6075.29  4.15081e-15
6076.75  4.09196e-15
6078.21  4.04236e-15
6079.67  4.00181e-15
6081.13  3.96943e-15
6082.59  3.94377e-15
6084.05  3.92299e-15
6085.51  3.90513e-15
6086.97  3.88831e-15
6088.43  3.87101e-15
6089.89  3.85227e-15
6091.35  3.83174e-15
6092.81  3.80971e-15
6094.27  3.78706e-15
6095.73  3.76501e-15
6097.19  3.74498e-15
6098.65  3.72833e-15
6100.11  3.71612e-15
6101.57  3.70899e-15
6103.03  3.70708e-15
6104.49  3.70997e-15
6105.95  3.71682e-15
6107.41  3.7265e-15
6108.87  3.73773e-15
6110.33  3.74934e-15
6111.79  3.76037e-15
6113.25  3.77026e-15
6114.71  3.77891e-15
6116.17  3.7867e-15
6117.63  3.79444e-15
6119.09  3.80331e-15
6120.55  3.81472e-15
6122.01  3.83016e-15
6123.47  3.85108e-15
6124.93  3.8788e-15
6126.39  3.91439e-15
6127.85  3.95862e-15
6129.31  4.01201e-15
6130.78  4.07482e-15
6132.24  4.14709e-15
6133.7   4.22876e-15
6135.16  4.31966e-15
6136.62  4.41958e-15
6138.08  4.52829e-15
6139.54  4.64549e-15
6141     4.7708e-15
6142.46  4.9037e-15
6143.92  5.04345e-15
6145.38  5.18906e-15
6146.84  5.3393e-15
6148.3   5.4927e-15
6149.76  5.64761e-15
6151.22  5.80235e-15
6152.68  5.95528e-15
6154.14  6.10498e-15
6155.6   6.25038e-15
6157.06  6.39083e-15
6158.52  6.52615e-15
6159.98  6.65664e-15
6161.44  6.78302e-15
6162.9   6.90629e-15
6164.36  7.02763e-15
6165.82  7.14821e-15
6167.28  7.2691e-15
6168.74  7.39117e-15
6170.2   7.51499e-15
6171.66  7.64084e-15
6173.12  7.76873e-15
6174.58  7.89837e-15
6176.04  8.02928e-15
6177.5   8.16076e-15
6178.96  8.29194e-15
6180.42  8.4218e-15
6181.88  8.54917e-15
6183.34  8.6728e-15
6184.8   8.79138e-15
6186.26  8.9037e-15
6187.72  9.00874e-15
6189.18  9.10585e-15
6190.64  9.19488e-15
6192.1   9.27629e-15
6193.56  9.35122e-15
6195.02  9.4214e-15
6196.48  9.48905e-15
6197.94  9.5566e-15
6199.4   9.62639e-15
6200.86  9.70037e-15
6202.32  9.77975e-15
6203.78  9.86484e-15
6205.24  9.95493e-15
6206.7   1.00484e-14
6208.16  1.01431e-14
6209.63  1.02362e-14
6211.09  1.03253e-14
6212.55  1.04084e-14
6214.01  1.04843e-14
6215.47  1.05528e-14
6216.93  1.06147e-14
6218.39  1.06718e-14
6219.85  1.0726e-14
6221.31  1.07796e-14
6222.77  1.08342e-14
6224.23  1.08908e-14
6225.69  1.09493e-14
6227.15  1.10086e-14
6228.61  1.10667e-14
6230.07  1.11214e-14
6231.53  1.11705e-14
6232.99  1.12122e-14
6234.45  1.1246e-14
6235.91  1.12727e-14
6237.37  1.12941e-14
6238.83  1.13134e-14
6240.29  1.13342e-14
6241.75  1.13601e-14
6243.21  1.13941e-14
6244.67  1.14378e-14
6246.13  1.14915e-14
6247.59  1.15536e-14
6249.05  1.1621e-14
6250.51  1.16895e-14
6251.97  1.17546e-14
6253.43  1.18121e-14
6254.89  1.18588e-14
6256.35  1.18932e-14
6257.81  1.19155e-14
6259.27  1.19274e-14
6260.73  1.19321e-14
6262.19  1.19334e-14
6263.65  1.19348e-14
6265.11  1.19389e-14
6266.57  1.19467e-14
6268.03  1.19573e-14
6269.49  1.19685e-14
6270.95  1.19764e-14
6272.41  1.1977e-14
6273.87  1.19665e-14
6275.33  1.19427e-14
6276.79  1.1905e-14
6278.25  1.18555e-14
6279.71  1.17983e-14
6281.17  1.17395e-14
6282.63  1.1686e-14
6284.09  1.16449e-14
6285.55  1.16221e-14
6287.01  1.16214e-14
6288.48  1.16444e-14
6289.94  1.16894e-14
6291.4   1.17525e-14
6292.86  1.18273e-14
6294.32  1.19066e-14
6295.78  1.19826e-14
6297.24  1.20484e-14
6298.7   1.20986e-14
6300.16  1.21301e-14
6301.62  1.21418e-14
6303.08  1.21352e-14
6304.54  1.21135e-14
6306     1.20811e-14
6307.46  1.20431e-14
6308.92  1.20043e-14
6310.38  1.1969e-14
6311.84  1.19401e-14
6313.3   1.19194e-14
6314.76  1.19072e-14
6316.22  1.19028e-14
6317.68  1.19044e-14
6319.14  1.19102e-14
6320.6   1.19178e-14
6322.06  1.19254e-14
6323.52  1.19316e-14
6324.98  1.19353e-14
6326.44  1.1936e-14
6327.9   1.19338e-14
6329.36  1.19287e-14
6330.82  1.19211e-14
6332.28  1.19112e-14
6333.74  1.18991e-14
6335.2   1.1885e-14
6336.66  1.18689e-14
6338.12  1.18507e-14
6339.58  1.18308e-14
6341.04  1.18093e-14
6342.5   1.17868e-14
6343.96  1.17641e-14
6345.42  1.17421e-14
6346.88  1.17219e-14
6348.34  1.17043e-14
6349.8   1.16903e-14
6351.26  1.16802e-14
6352.72  1.16743e-14
6354.18  1.16723e-14
6355.64  1.16734e-14
6357.1   1.16766e-14
6358.56  1.16806e-14
6360.02  1.1684e-14
6361.48  1.16857e-14
6362.94  1.16844e-14
6364.4   1.16797e-14
6365.87  1.16712e-14
6367.33  1.16594e-14
6368.79  1.16449e-14
6370.25  1.16288e-14
6371.71  1.16124e-14
6373.17  1.15968e-14
6374.63  1.15829e-14
6376.09  1.15715e-14
6377.55  1.15627e-14
6379.01  1.15564e-14
6380.47  1.15521e-14
6381.93  1.1549e-14
6383.39  1.15467e-14
6384.85  1.15445e-14
6386.31  1.15423e-14
6387.77  1.15402e-14
6389.23  1.15384e-14
6390.69  1.15374e-14
6392.15  1.15376e-14
6393.61  1.15394e-14
6395.07  1.15425e-14
6396.53  1.15466e-14
6397.99  1.15508e-14
6399.45  1.1554e-14
6400.91  1.15547e-14
6402.37  1.15517e-14
6403.83  1.15439e-14
6405.29  1.15307e-14
6406.75  1.15117e-14
6408.21  1.14874e-14
6409.67  1.14586e-14
6411.13  1.14265e-14
6412.59  1.13925e-14
6414.05  1.13585e-14
6415.51  1.13261e-14
6416.97  1.12968e-14
6418.43  1.12719e-14
6419.89  1.12521e-14
6421.35  1.1238e-14
6422.81  1.12294e-14
6424.27  1.12258e-14
6425.73  1.12263e-14
6427.19  1.12295e-14
6428.65  1.12338e-14
6430.11  1.12375e-14
6431.57  1.1239e-14
6433.03  1.1237e-14
6434.49  1.12302e-14
6435.95  1.12183e-14
6437.41  1.12013e-14
6438.87  1.11798e-14
6440.33  1.11551e-14
6441.79  1.11289e-14
6443.25  1.11032e-14
6444.72  1.10799e-14
6446.18  1.10608e-14
6447.64  1.10471e-14
6449.1   1.10395e-14
6450.56  1.10378e-14
6452.02  1.1041e-14
6453.48  1.10475e-14
6454.94  1.10551e-14
6456.4   1.10618e-14
6457.86  1.10651e-14
6459.32  1.10635e-14
6460.78  1.10558e-14
6462.24  1.10415e-14
6463.7   1.1021e-14
6465.16  1.09954e-14
6466.62  1.09664e-14
6468.08  1.09356e-14
6469.54  1.0905e-14
6471     1.08762e-14
6472.46  1.08504e-14
6473.92  1.08281e-14
6475.38  1.08095e-14
6476.84  1.07942e-14
6478.3   1.07816e-14
6479.76  1.0771e-14
6481.22  1.07614e-14
6482.68  1.07525e-14
6484.14  1.07438e-14
6485.6   1.07354e-14
6487.06  1.07272e-14
6488.52  1.07195e-14
6489.98  1.07122e-14
6491.44  1.07054e-14
6492.9   1.06987e-14
6494.36  1.06915e-14
6495.82  1.0683e-14
6497.28  1.06724e-14
6498.74  1.06588e-14
6500.2   1.06415e-14
6501.66  1.06201e-14
6503.12  1.05943e-14
6504.58  1.05645e-14
6506.04  1.05313e-14
6507.5   1.04956e-14
6508.96  1.04586e-14
6510.42  1.04214e-14
6511.88  1.03856e-14
6513.34  1.03524e-14
6514.8   1.0323e-14
6516.26  1.02983e-14
6517.72  1.0279e-14
6519.18  1.02653e-14
6520.64  1.02568e-14
6522.1   1.02527e-14
6523.57  1.02515e-14
6525.03  1.02512e-14
6526.49  1.02497e-14
6527.95  1.02445e-14
6529.41  1.02338e-14
6530.87  1.02158e-14
6532.33  1.01901e-14
6533.79  1.0157e-14
6535.25  1.01178e-14
6536.71  1.00748e-14
6538.17  1.00309e-14
6539.63  9.98877e-15
6541.09  9.9509e-15
6542.55  9.91865e-15
6544.01  9.89204e-15
6545.47  9.86958e-15
6546.93  9.84836e-15
6548.39  9.82446e-15
6549.85  9.79364e-15
6551.31  9.75209e-15
6552.77  9.6973e-15
6554.23  9.62874e-15
6555.69  9.54822e-15
6557.15  9.45993e-15
6558.61  9.37003e-15
6560.07  9.28582e-15
6561.53  9.2147e-15
6562.99  9.16301e-15
6564.45  9.13496e-15
6565.91  9.13188e-15
6567.37  9.15194e-15
6568.83  9.19027e-15
6570.29  9.23973e-15
6571.75  9.29185e-15
6573.21  9.33814e-15
6574.67  9.37126e-15
6576.13  9.38605e-15
6577.59  9.38012e-15
6579.05  9.35406e-15
6580.51  9.31114e-15
6581.97  9.25668e-15
6583.43  9.19706e-15
6584.89  9.13881e-15
6586.35  9.08761e-15
6587.81  9.0476e-15
6589.27  9.02097e-15
6590.73  9.00784e-15
6592.19  9.0065e-15
6593.65  9.01382e-15
6595.11  9.02587e-15
6596.57  9.03848e-15
6598.03  9.04782e-15
6599.49  9.0508e-15
6600.95  9.04536e-15
6602.42  9.03057e-15
6603.88  9.00657e-15
6605.34  8.97442e-15
6606.8   8.93588e-15
6608.26  8.89316e-15
6609.72  8.84866e-15
6611.18  8.80473e-15
6612.64  8.76346e-15
6614.1   8.72653e-15
6615.56  8.6951e-15
6617.02  8.66975e-15
6618.48  8.65043e-15
6619.94  8.63655e-15
6621.4   8.62703e-15
6622.86  8.62047e-15
6624.32  8.61531e-15
6625.78  8.61002e-15
6627.24  8.60327e-15
6628.7   8.59407e-15
6630.16  8.58191e-15
6631.62  8.56675e-15
6633.08  8.54898e-15
6634.54  8.52936e-15
6636     8.50881e-15
6637.46  8.48828e-15
6638.92  8.46855e-15
6640.38  8.45011e-15
6641.84  8.4331e-15
6643.3   8.41727e-15
6644.76  8.40205e-15
6646.22  8.38668e-15
6647.68  8.37032e-15
6649.14  8.35223e-15
6650.6   8.33187e-15
6652.06  8.30895e-15
6653.52  8.28348e-15
6654.98  8.2557e-15
6656.44  8.22604e-15
6657.9   8.19495e-15
6659.36  8.16291e-15
6660.82  8.13032e-15
6662.28  8.09757e-15
6663.74  8.065e-15
6665.2   8.03305e-15
6666.66  8.00231e-15
6668.12  7.97351e-15
6669.58  7.94754e-15
6671.04  7.9253e-15
6672.5   7.90755e-15
6673.96  7.89474e-15
6675.42  7.88677e-15
6676.88  7.88287e-15
6678.34  7.88156e-15
6679.81  7.88078e-15
6681.27  7.87805e-15
6682.73  7.87087e-15
6684.19  7.85704e-15
6685.65  7.83514e-15
6687.11  7.80476e-15
6688.57  7.76673e-15
6690.03  7.72304e-15
6691.49  7.6767e-15
6692.95  7.63128e-15
6694.41  7.5904e-15
6695.87  7.55713e-15
6697.33  7.53354e-15
6698.79  7.52026e-15
6700.25  7.51638e-15
6701.71  7.51953e-15
6703.17  7.52626e-15
6704.63  7.53253e-15
6706.09  7.53441e-15
6707.55  7.52868e-15
6709.01  7.5133e-15
6710.47  7.48774e-15
6711.93  7.45298e-15
6713.39  7.4113e-15
6714.85  7.36581e-15
6716.31  7.31994e-15
6717.77  7.27681e-15
6719.23  7.23881e-15
6720.69  7.20725e-15
6722.15  7.18232e-15
6723.61  7.16316e-15
6725.07  7.14825e-15
6726.53  7.13575e-15
6727.99  7.124e-15
6729.45  7.11179e-15
6730.91  7.09864e-15
6732.37  7.08481e-15
6733.83  7.07118e-15
6735.29  7.05896e-15
6736.75  7.04939e-15
6738.21  7.0434e-15
6739.67  7.04134e-15
6741.13  7.04288e-15
6742.59  7.04701e-15
6744.05  7.05219e-15
6745.51  7.0566e-15
6746.97  7.05847e-15
6748.43  7.05634e-15
6749.89  7.04937e-15
6751.35  7.03744e-15
6752.81  7.02115e-15
6754.27  7.00181e-15
6755.73  6.98113e-15
6757.19  6.96106e-15
6758.66  6.94342e-15
6760.12  6.92968e-15
6761.58  6.92073e-15
6763.04  6.91678e-15
6764.5   6.91731e-15
6765.96  6.92119e-15
6767.42  6.92685e-15
6768.88  6.93249e-15
6770.34  6.9364e-15
6771.8   6.93716e-15
6773.26  6.93387e-15
6774.72  6.92629e-15
6776.18  6.91484e-15
6777.64  6.90057e-15
6779.1   6.88498e-15
6780.56  6.86986e-15
6782.02  6.857e-15
6783.48  6.84798e-15
6784.94  6.84395e-15
6786.4   6.84554e-15
6787.86  6.85276e-15
6789.32  6.86503e-15
6790.78  6.88132e-15
6792.24  6.90028e-15
6793.7   6.92043e-15
6795.16  6.94032e-15
6796.62  6.95874e-15
6798.08  6.97473e-15
6799.54  6.98769e-15
6801     6.99729e-15
6802.46  7.00346e-15
6803.92  7.00627e-15
6805.38  7.00585e-15
6806.84  7.00233e-15
6808.3   6.99585e-15
6809.76  6.98657e-15
6811.22  6.9747e-15
6812.68  6.96061e-15
6814.14  6.94485e-15
6815.6   6.92819e-15
6817.06  6.91153e-15
6818.52  6.89587e-15
6819.98  6.88209e-15
6821.44  6.8709e-15
6822.9   6.86261e-15
6824.36  6.85709e-15
6825.82  6.85375e-15
6827.28  6.85163e-15
6828.74  6.84954e-15
6830.2   6.84629e-15
6831.66  6.84091e-15
6833.12  6.83286e-15
6834.58  6.82214e-15
6836.04  6.80929e-15
6837.51  6.79535e-15
6838.97  6.78158e-15
6840.43  6.76927e-15
6841.89  6.75944e-15
6843.35  6.75265e-15
6844.81  6.74885e-15
6846.27  6.74737e-15
6847.73  6.74706e-15
6849.19  6.74648e-15
6850.65  6.74413e-15
6852.11  6.73877e-15
6853.57  6.72956e-15
6855.03  6.7162e-15
6856.49  6.69897e-15
6857.95  6.67859e-15
6859.41  6.65613e-15
6860.87  6.63278e-15
6862.33  6.60969e-15
6863.79  6.5878e-15
6865.25  6.56781e-15
6866.71  6.55006e-15
6868.17  6.53467e-15
6869.63  6.52149e-15
6871.09  6.51029e-15
6872.55  6.50076e-15
6874.01  6.49264e-15
6875.47  6.48569e-15
6876.93  6.47978e-15
6878.39  6.47482e-15
6879.85  6.47076e-15
6881.31  6.46757e-15
6882.77  6.46517e-15
6884.23  6.46344e-15
6885.69  6.46216e-15
6887.15  6.46102e-15
6888.61  6.45961e-15
6890.07  6.45747e-15
6891.53  6.4541e-15
6892.99  6.44901e-15
6894.45  6.4418e-15
6895.91  6.43221e-15
6897.37  6.42014e-15
6898.83  6.40571e-15
6900.29  6.38924e-15
6901.75  6.37122e-15
6903.21  6.35227e-15
6904.67  6.33307e-15
6906.13  6.31427e-15
6907.59  6.29645e-15
6909.05  6.28003e-15
6910.51  6.26525e-15
6911.97  6.25212e-15
6913.43  6.24047e-15
6914.89  6.22996e-15
6916.36  6.22013e-15
6917.82  6.21047e-15
6919.28  6.20051e-15
6920.74  6.1899e-15
6922.2   6.17847e-15
6923.66  6.16627e-15
6925.12  6.15359e-15
6926.58  6.14091e-15
6928.04  6.12881e-15
6929.5   6.11785e-15
6930.96  6.10846e-15
6932.42  6.10076e-15
6933.88  6.0945e-15
6935.34  6.08901e-15
6936.8   6.08322e-15
6938.26  6.07582e-15
6939.72  6.06546e-15
6941.18  6.05103e-15
6942.64  6.03188e-15
6944.1   6.0081e-15
6945.56  5.98062e-15
6947.02  5.95121e-15
6948.48  5.92236e-15
6949.94  5.89694e-15
6951.4   5.87783e-15
6952.86  5.86746e-15
6954.32  5.86733e-15
6955.78  5.87775e-15
6957.24  5.89761e-15
6958.7   5.92444e-15
6960.16  5.95467e-15
6961.62  5.98408e-15
6963.08  6.00836e-15
6964.54  6.02378e-15
6966     6.0277e-15
6967.46  6.01898e-15
6968.92  5.99815e-15
6970.38  5.96731e-15
6971.84  5.9298e-15
6973.3   5.88964e-15
6974.76  5.8509e-15
6976.22  5.81711e-15
6977.68  5.79071e-15
6979.14  5.77281e-15
6980.6   5.76305e-15
6982.06  5.75984e-15
6983.52  5.76068e-15
6984.98  5.7627e-15
6986.44  5.76315e-15
6987.9   5.75987e-15
6989.36  5.75161e-15
6990.82  5.73819e-15
6992.28  5.72045e-15
6993.75  5.70001e-15
6995.21  5.67899e-15
6996.67  5.65956e-15
6998.13  5.64363e-15
6999.59  5.63251e-15
7001.05  5.62675e-15
7002.51  5.62611e-15
7003.97  5.62963e-15
7005.43  5.63586e-15
7006.89  5.64307e-15
7008.35  5.64956e-15
7009.81  5.65388e-15
7011.27  5.65503e-15
7012.73  5.65251e-15
7014.19  5.64637e-15
7015.65  5.63712e-15
7017.11  5.62562e-15
7018.57  5.6129e-15
7020.03  5.60002e-15
7021.49  5.58791e-15
7022.95  5.57729e-15
7024.41  5.5686e-15
7025.87  5.56197e-15
7027.33  5.55726e-15
7028.79  5.5541e-15
7030.25  5.55199e-15
7031.71  5.55035e-15
7033.17  5.54861e-15
7034.63  5.54631e-15
7036.09  5.54314e-15
7037.55  5.53896e-15
7039.01  5.53382e-15
7040.47  5.52793e-15
7041.93  5.52164e-15
7043.39  5.51537e-15
7044.85  5.50954e-15
7046.31  5.50451e-15
7047.77  5.50055e-15
7049.23  5.49774e-15
7050.69  5.49603e-15
7052.15  5.49523e-15
7053.61  5.49501e-15
7055.07  5.495e-15
7056.53  5.49479e-15
7057.99  5.49399e-15
7059.45  5.49226e-15
7060.91  5.48936e-15
7062.37  5.4851e-15
7063.83  5.47943e-15
7065.29  5.47235e-15
7066.75  5.46398e-15
7068.21  5.45451e-15
7069.67  5.4442e-15
7071.13  5.43334e-15
7072.6   5.42223e-15
7074.06  5.41113e-15
7075.52  5.40022e-15
7076.98  5.38959e-15
7078.44  5.37922e-15
7079.9   5.36898e-15
7081.36  5.35868e-15
7082.82  5.34813e-15
7084.28  5.33719e-15
7085.74  5.32586e-15
7087.2   5.31425e-15
7088.66  5.3027e-15
7090.12  5.29163e-15
7091.58  5.28157e-15
7093.04  5.27305e-15
7094.5   5.2665e-15
7095.96  5.26216e-15
7097.42  5.26008e-15
7098.88  5.26002e-15
7100.34  5.26154e-15
7101.8   5.26401e-15
7103.26  5.26672e-15
7104.72  5.26894e-15
7106.18  5.27008e-15
7107.64  5.2697e-15
7109.1   5.2676e-15
7110.56  5.26381e-15
7112.02  5.25862e-15
7113.48  5.25249e-15
7114.94  5.24599e-15
7116.4   5.23974e-15
7117.86  5.23432e-15
7119.32  5.23016e-15
7120.78  5.22755e-15
7122.24  5.22653e-15
7123.7   5.22697e-15
7125.16  5.22853e-15
7126.62  5.23075e-15
7128.08  5.23314e-15
7129.54  5.2352e-15
7131     5.23659e-15
7132.46  5.23709e-15
7133.92  5.23671e-15
7135.38  5.23561e-15
7136.84  5.2341e-15
7138.3   5.23254e-15
7139.76  5.23122e-15
7141.22  5.23031e-15
7142.68  5.22972e-15
7144.14  5.22914e-15
7145.6   5.22799e-15
7147.06  5.22557e-15
7148.52  5.22114e-15
7149.98  5.21411e-15
7151.45  5.20419e-15
7152.91  5.19149e-15
7154.37  5.17657e-15
7155.83  5.16041e-15
7157.29  5.14431e-15
7158.75  5.12967e-15
7160.21  5.11777e-15
7161.67  5.10959e-15
7163.13  5.1056e-15
7164.59  5.10569e-15
7166.05  5.10921e-15
7167.51  5.11508e-15
7168.97  5.122e-15
7170.43  5.12867e-15
7171.89  5.13405e-15
7173.35  5.13753e-15
7174.81  5.139e-15
7176.27  5.13885e-15
7177.73  5.13787e-15
7179.19  5.13706e-15
7180.65  5.13741e-15
7182.11  5.13971e-15
7183.57  5.14439e-15
7185.03  5.15147e-15
7186.49  5.16054e-15
7187.95  5.17084e-15
7189.41  5.18146e-15
7190.87  5.19145e-15
7192.33  5.20004e-15
7193.79  5.20672e-15
7195.25  5.21137e-15
7196.71  5.21426e-15
7198.17  5.21596e-15
7199.63  5.21728e-15
7201.09  5.21909e-15
7202.55  5.2222e-15
7204.01  5.22721e-15
7205.47  5.23439e-15
7206.93  5.24361e-15
7208.39  5.25439e-15
7209.85  5.26587e-15
7211.31  5.27698e-15
7212.77  5.28654e-15
7214.23  5.29341e-15
7215.69  5.29668e-15
7217.15  5.29575e-15
7218.61  5.29043e-15
7220.07  5.28099e-15
7221.53  5.26812e-15
7222.99  5.25285e-15
7224.45  5.2364e-15
7225.91  5.2201e-15
7227.37  5.20515e-15
7228.83  5.19257e-15
7230.3   5.18307e-15
7231.76  5.17701e-15
7233.22  5.17437e-15
7234.68  5.17482e-15
7236.14  5.1778e-15
7237.6   5.18256e-15
7239.06  5.1883e-15
7240.52  5.19424e-15
7241.98  5.19968e-15
7243.44  5.20407e-15
7244.9   5.20704e-15
7246.36  5.20839e-15
7247.82  5.20814e-15
7249.28  5.20645e-15
7250.74  5.2036e-15
7252.2   5.19997e-15
7253.66  5.19594e-15
7255.12  5.19181e-15
7256.58  5.18777e-15
7258.04  5.18382e-15
7259.5   5.17977e-15
7260.96  5.17527e-15
7262.42  5.16988e-15
7263.88  5.16318e-15
7265.34  5.1549e-15
7266.8   5.14499e-15
7268.26  5.13373e-15
7269.72  5.12169e-15
7271.18  5.1097e-15
7272.64  5.09872e-15
7274.1   5.08965e-15
7275.56  5.08321e-15
7277.02  5.07975e-15
7278.48  5.07922e-15
7279.94  5.08113e-15
7281.4   5.08467e-15
7282.86  5.08882e-15
7284.32  5.09256e-15
7285.78  5.09501e-15
7287.24  5.09556e-15
7288.7   5.09398e-15
7290.16  5.09034e-15
7291.62  5.08498e-15
7293.08  5.07834e-15
7294.54  5.0708e-15
7296     5.06258e-15
7297.46  5.05361e-15
7298.92  5.04353e-15
7300.38  5.03174e-15
7301.84  5.01755e-15
7303.3   5.00031e-15
7304.76  4.97961e-15
7306.22  4.9554e-15
7307.69  4.9281e-15
7309.15  4.89862e-15
7310.61  4.86823e-15
7312.07  4.83845e-15
7313.53  4.81081e-15
7314.99  4.78665e-15
7316.45  4.7669e-15
7317.91  4.75192e-15
7319.37  4.74144e-15
7320.83  4.73462e-15
7322.29  4.73011e-15
7323.75  4.72628e-15
7325.21  4.72145e-15
7326.67  4.71411e-15
7328.13  4.70316e-15
7329.59  4.68801e-15
7331.05  4.66871e-15
7332.51  4.64584e-15
7333.97  4.62047e-15
7335.43  4.59394e-15
7336.89  4.5677e-15
7338.35  4.54308e-15
7339.81  4.52116e-15
7341.27  4.50265e-15
7342.73  4.48783e-15
7344.19  4.47663e-15
7345.65  4.46867e-15
7347.11  4.46339e-15
7348.57  4.46013e-15
7350.03  4.4583e-15
7351.49  4.45738e-15
7352.95  4.45697e-15
7354.41  4.45683e-15
7355.87  4.45679e-15
7357.33  4.45679e-15
7358.79  4.4568e-15
7360.25  4.4568e-15
7361.71  4.45681e-15
7363.17  4.45681e-15
7364.63  4.45681e-15
7366.09  4.45681e-15
7367.55  4.45681e-15