#48.316234373972804
5187  1.93404e-15
5188  1.93033e-15
5189  1.92676e-15
5190  1.92331e-15
5191  1.92002e-15
5192  1.91687e-15
5193  1.91389e-15
5194  1.91108e-15
5195  1.90844e-15
5196  1.90599e-15
5197  1.90373e-15
5198  1.90166e-15
5199  1.8998e-15
5200  1.89815e-15
5201  1.89672e-15
5202  1.89551e-15
5203  1.89453e-15
5204  1.89378e-15
5205  1.89327e-15
5206  1.89301e-15
5207  1.893e-15
5208  1.89323e-15
5209  1.89373e-15
5210  1.89449e-15
5211  1.89551e-15
5212  1.89679e-15
5213  1.89835e-15
5214  1.90017e-15
5215  1.90227e-15
5216  1.90465e-15
5217  1.90729e-15
5218  1.91022e-15
5219  1.91342e-15
5220  1.91689e-15
5221  1.92064e-15
5222  1.92467e-15
5223  1.92897e-15
5224  1.93353e-15
5225  1.93837e-15
5226  1.94347e-15
5227  1.94884e-15
5228  1.95446e-15
5229  1.96034e-15
5230  1.96647e-15
5231  1.97285e-15
5232  1.97947e-15
5233  1.98633e-15
5234  1.99342e-15
5235  2.00073e-15
5236  2.00826e-15
5237  2.016e-15
5238  2.02395e-15
5239  2.03209e-15
5240  2.04043e-15
5241  2.04894e-15
5242  2.05763e-15
5243  2.06648e-15
5244  2.07549e-15
5245  2.08464e-15
5246  2.09394e-15
5247  2.10336e-15
5248  2.11289e-15
5249  2.12254e-15
5250  2.13228e-15
5251  2.14211e-15
5252  2.15202e-15
5253  2.162e-15
5254  2.17203e-15
5255  2.1821e-15
5256  2.19221e-15
5257  2.20234e-15
5258  2.21249e-15
5259  2.22263e-15
5260  2.23276e-15
5261  2.24288e-15
5262  2.25296e-15
5263  2.26299e-15
5264  2.27298e-15
5265  2.28289e-15
5266  2.29273e-15
5267  2.30248e-15
5268  2.31214e-15
5269  2.32169e-15
5270  2.33111e-15
5271  2.34041e-15
5272  2.34957e-15
5273  2.35858e-15
5274  2.36743e-15
5275  2.37612e-15
5276  2.38462e-15
5277  2.39294e-15
5278  2.40107e-15
5279  2.40899e-15
5280  2.4167e-15
5281  2.42419e-15
5282  2.43146e-15
5283  2.43849e-15
5284  2.44528e-15
5285  2.45182e-15
5286  2.45812e-15
5287  2.46415e-15
5288  2.46991e-15
5289  2.47541e-15
5290  2.48063e-15
5291  2.48558e-15
5292  2.49025e-15
5293  2.49462e-15
5294  2.49872e-15
5295  2.50252e-15
5296  2.50602e-15
5297  2.50924e-15
5298  2.51216e-15
5299  2.51478e-15
5300  2.51711e-15
5301  2.51914e-15
5302  2.52087e-15
5303  2.52231e-15
5304  2.52345e-15
5305  2.52431e-15
5306  2.52488e-15
5307  2.52516e-15
5308  2.52515e-15
5309  2.52487e-15
5310  2.52431e-15
5311  2.52348e-15
5312  2.52239e-15
5313  2.52103e-15
5314  2.51942e-15
5315  2.51756e-15
5316  2.51546e-15
5317  2.51312e-15
5318  2.51056e-15
5319  2.50777e-15
5320  2.50477e-15
5321  2.50157e-15
5322  2.49817e-15
5323  2.49458e-15
5324  2.49081e-15
5325  2.48687e-15
5326  2.48278e-15
5327  2.47853e-15
5328  2.47415e-15
5329  2.46963e-15
5330  2.465e-15
5331  2.46026e-15
5332  2.45543e-15
5333  2.4505e-15
5334  2.44551e-15
5335  2.44045e-15
5336  2.43534e-15
5337  2.43019e-15
5338  2.42501e-15
5339  2.41982e-15
5340  2.41462e-15
5341  2.40942e-15
5342  2.40425e-15
5343  2.39911e-15
5344  2.39401e-15
5345  2.38896e-15
5346  2.38399e-15
5347  2.37909e-15
5348  2.37427e-15
5349  2.36957e-15
5350  2.36497e-15
5351  2.3605e-15
5352  2.35616e-15
5353  2.35197e-15
5354  2.34793e-15
5355  2.34406e-15
5356  2.34037e-15
5357  2.33687e-15
5358  2.33356e-15
5359  2.33047e-15
5360  2.32759e-15
5361  2.32493e-15
5362  2.32251e-15
5363  2.32034e-15
5364  2.31841e-15
5365  2.31675e-15
5366  2.31535e-15
5367  2.31423e-15
5368  2.31339e-15
5369  2.31284e-15
5370  2.31259e-15
5371  2.31263e-15
5372  2.31298e-15
5373  2.31365e-15
5374  2.31463e-15
5375  2.31593e-15
5376  2.31755e-15
5377  2.31951e-15
5378  2.32179e-15
5379  2.32441e-15
5380  2.32737e-15
5381  2.33067e-15
5382  2.3343e-15
5383  2.33828e-15
5384  2.3426e-15
5385  2.34727e-15
5386  2.35228e-15
5387  2.35763e-15
5388  2.36332e-15
5389  2.36935e-15
5390  2.37573e-15
5391  2.38243e-15
5392  2.38948e-15
5393  2.39686e-15
5394  2.40456e-15
5395  2.41259e-15
5396  2.42094e-15
5397  2.42961e-15
5398  2.4386e-15
5399  2.44789e-15
5400  2.45748e-15
5401  2.46737e-15
5402  2.47756e-15
5403  2.48803e-15
5404  2.49877e-15
5405  2.50979e-15
5406  2.52108e-15
5407  2.53262e-15
5408  2.54442e-15
5409  2.55645e-15
5410  2.56872e-15
5411  2.58122e-15
5412  2.59394e-15
5413  2.60686e-15
5414  2.61999e-15
5415  2.63331e-15
5416  2.64681e-15
5417  2.66048e-15
5418  2.67432e-15
5419  2.68832e-15
5420  2.70245e-15
5421  2.71673e-15
5422  2.73113e-15
5423  2.74564e-15
5424  2.76026e-15
5425  2.77497e-15
5426  2.78977e-15
5427  2.80465e-15
5428  2.81958e-15
5429  2.83458e-15
5430  2.84962e-15
5431  2.86469e-15
5432  2.87978e-15
5433  2.8949e-15
5434  2.91001e-15
5435  2.92512e-15
5436  2.94021e-15
5437  2.95528e-15
5438  2.97031e-15
5439  2.9853e-15
5440  3.00023e-15
5441  3.0151e-15
5442  3.0299e-15
5443  3.04461e-15
5444  3.05923e-15
5445  3.07376e-15
5446  3.08817e-15
5447  3.10246e-15
5448  3.11663e-15
5449  3.13066e-15
5450  3.14456e-15
5451  3.1583e-15
5452  3.17188e-15
5453  3.1853e-15
5454  3.19854e-15
5455  3.2116e-15
5456  3.22448e-15
5457  3.23716e-15
5458  3.24965e-15
5459  3.26192e-15
5460  3.27399e-15
5461  3.28583e-15
5462  3.29746e-15
5463  3.30885e-15
5464  3.32001e-15
5465  3.33093e-15
5466  3.3416e-15
5467  3.35203e-15
5468  3.36221e-15
5469  3.37213e-15
5470  3.38178e-15
5471  3.39118e-15
5472  3.4003e-15
5473  3.40916e-15
5474  3.41774e-15
5475  3.42605e-15
5476  3.43408e-15
5477  3.44183e-15
5478  3.4493e-15
5479  3.45648e-15
5480  3.46338e-15
5481  3.46999e-15
5482  3.47631e-15
5483  3.48234e-15
5484  3.48808e-15
5485  3.49353e-15
5486  3.49869e-15
5487  3.50356e-15
5488  3.50813e-15
5489  3.51242e-15
5490  3.51641e-15
5491  3.52011e-15
5492  3.52352e-15
5493  3.52665e-15
5494  3.52948e-15
5495  3.53203e-15
5496  3.53429e-15
5497  3.53626e-15
5498  3.53795e-15
5499  3.53936e-15
5500  3.54048e-15
5501  3.54133e-15
5502  3.5419e-15
5503  3.54219e-15
5504  3.54221e-15
5505  3.54196e-15
5506  3.54143e-15
5507  3.54064e-15
5508  3.53959e-15
5509  3.53827e-15
5510  3.53669e-15
5511  3.53485e-15
5512  3.53275e-15
5513  3.5304e-15
5514  3.5278e-15
5515  3.52495e-15
5516  3.52185e-15
5517  3.51851e-15
5518  3.51493e-15
5519  3.5111e-15
5520  3.50704e-15
5521  3.50275e-15
5522  3.49822e-15
5523  3.49347e-15
5524  3.48848e-15
5525  3.48327e-15
5526  3.47784e-15
5527  3.47219e-15
5528  3.46632e-15
5529  3.46023e-15
5530  3.45393e-15
5531  3.44742e-15
5532  3.4407e-15
5533  3.43377e-15
5534  3.42664e-15
5535  3.4193e-15
5536  3.41176e-15
5537  3.40402e-15
5538  3.39608e-15
5539  3.38795e-15
5540  3.37962e-15
5541  3.3711e-15
5542  3.36239e-15
5543  3.35348e-15
5544  3.34439e-15
5545  3.33511e-15
5546  3.32564e-15
5547  3.31599e-15
5548  3.30616e-15
5549  3.29614e-15
5550  3.28595e-15
5551  3.27557e-15
5552  3.26502e-15
5553  3.25428e-15
5554  3.24337e-15
5555  3.23228e-15
5556  3.22102e-15
5557  3.20959e-15
5558  3.19798e-15
5559  3.1862e-15
5560  3.17425e-15
5561  3.16212e-15
5562  3.14983e-15
5563  3.13737e-15
5564  3.12474e-15
5565  3.11194e-15
5566  3.09898e-15
5567  3.08585e-15
5568  3.07255e-15
5569  3.0591e-15
5570  3.04547e-15
5571  3.03169e-15
5572  3.01775e-15
5573  3.00364e-15
5574  2.98938e-15
5575  2.97496e-15
5576  2.96038e-15
5577  2.94564e-15
5578  2.93075e-15
5579  2.91571e-15
5580  2.90052e-15
5581  2.88517e-15
5582  2.86968e-15
5583  2.85404e-15
5584  2.83826e-15
5585  2.82233e-15
5586  2.80626e-15
5587  2.79004e-15
5588  2.77369e-15
5589  2.75721e-15
5590  2.74059e-15
5591  2.72384e-15
5592  2.70696e-15
5593  2.68996e-15
5594  2.67283e-15
5595  2.65558e-15
5596  2.63821e-15
5597  2.62073e-15
5598  2.60313e-15
5599  2.58543e-15
5600  2.56762e-15
5601  2.54971e-15
5602  2.5317e-15
5603  2.51359e-15
5604  2.49539e-15
5605  2.47711e-15
5606  2.45874e-15
5607  2.44029e-15
5608  2.42177e-15
5609  2.40318e-15
5610  2.38452e-15
5611  2.36579e-15
5612  2.34701e-15
5613  2.32818e-15
5614  2.3093e-15
5615  2.29038e-15
5616  2.27141e-15
5617  2.25242e-15
5618  2.2334e-15
5619  2.21435e-15
5620  2.19529e-15
5621  2.17621e-15
5622  2.15713e-15
5623  2.13805e-15
5624  2.11897e-15
5625  2.0999e-15
5626  2.08085e-15
5627  2.06182e-15
5628  2.04281e-15
5629  2.02384e-15
5630  2.00491e-15
5631  1.98603e-15
5632  1.9672e-15
5633  1.94842e-15
5634  1.92971e-15
5635  1.91106e-15
5636  1.8925e-15
5637  1.87401e-15
5638  1.85561e-15
5639  1.83731e-15
5640  1.8191e-15
5641  1.801e-15
5642  1.78302e-15
5643  1.76515e-15
5644  1.7474e-15
5645  1.72979e-15
5646  1.71232e-15
5647  1.69498e-15
5648  1.6778e-15
5649  1.66077e-15
5650  1.6439e-15
5651  1.6272e-15
5652  1.61067e-15
5653  1.59431e-15
5654  1.57815e-15
5655  1.56217e-15
5656  1.54639e-15
5657  1.53081e-15
5658  1.51544e-15
5659  1.50028e-15
5660  1.48534e-15
5661  1.47062e-15
5662  1.45614e-15
5663  1.44188e-15
5664  1.42787e-15
5665  1.41411e-15
5666  1.40059e-15
5667  1.38733e-15
5668  1.37434e-15
5669  1.36161e-15
5670  1.34915e-15
5671  1.33696e-15
5672  1.32506e-15
5673  1.31345e-15
5674  1.30212e-15
5675  1.29109e-15
5676  1.28036e-15
5677  1.26994e-15
5678  1.25982e-15
5679  1.25002e-15
5680  1.24053e-15
5681  1.23137e-15
5682  1.22253e-15
5683  1.21403e-15
5684  1.20586e-15
5685  1.19802e-15
5686  1.19053e-15
5687  1.18339e-15
5688  1.17659e-15
5689  1.17015e-15
5690  1.16407e-15
5691  1.15834e-15
5692  1.15298e-15
5693  1.14799e-15
5694  1.14337e-15
5695  1.13912e-15
5696  1.13525e-15
5697  1.13175e-15
5698  1.12864e-15
5699  1.12591e-15
5700  1.12357e-15
5701  1.12162e-15
5702  1.12006e-15
5703  1.11889e-15
5704  1.11812e-15
5705  1.11775e-15
5706  1.11778e-15
5707  1.1182e-15
5708  1.11903e-15
5709  1.12026e-15
5710  1.1219e-15
5711  1.12394e-15
5712  1.12639e-15
5713  1.12925e-15
5714  1.13251e-15
5715  1.13618e-15
5716  1.14025e-15
5717  1.14473e-15
5718  1.14962e-15
5719  1.15491e-15
5720  1.16061e-15
5721  1.16671e-15
5722  1.17322e-15
5723  1.18012e-15
5724  1.18742e-15
5725  1.19512e-15
5726  1.20321e-15
5727  1.2117e-15
5728  1.22057e-15
5729  1.22983e-15
5730  1.23947e-15
5731  1.24949e-15
5732  1.25988e-15
5733  1.27064e-15
5734  1.28177e-15
5735  1.29326e-15
5736  1.3051e-15
5737  1.31729e-15
5738  1.32983e-15
5739  1.34271e-15
5740  1.35592e-15
5741  1.36945e-15
5742  1.3833e-15
5743  1.39746e-15
5744  1.41193e-15
5745  1.42669e-15
5746  1.44174e-15
5747  1.45707e-15
5748  1.47266e-15
5749  1.48853e-15
5750  1.50464e-15
5751  1.521e-15
5752  1.53758e-15
5753  1.5544e-15
5754  1.57142e-15
5755  1.58865e-15
5756  1.60607e-15
5757  1.62367e-15
5758  1.64144e-15
5759  1.65937e-15
5760  1.67745e-15
5761  1.69566e-15
5762  1.71399e-15
5763  1.73244e-15
5764  1.75098e-15
5765  1.76961e-15
5766  1.78831e-15
5767  1.80708e-15
5768  1.82589e-15
5769  1.84473e-15
5770  1.8636e-15
5771  1.88248e-15
5772  1.90136e-15
5773  1.92021e-15
5774  1.93904e-15
5775  1.95783e-15
5776  1.97656e-15
5777  1.99522e-15
5778  2.01379e-15
5779  2.03228e-15
5780  2.05065e-15
5781  2.0689e-15
5782  2.08703e-15
5783  2.105e-15
5784  2.12282e-15
5785  2.14047e-15
5786  2.15793e-15
5787  2.1752e-15
5788  2.19227e-15
5789  2.20912e-15
5790  2.22574e-15
5791  2.24212e-15
5792  2.25826e-15
5793  2.27413e-15
5794  2.28974e-15
5795  2.30506e-15
5796  2.3201e-15
5797  2.33484e-15
5798  2.34927e-15
5799  2.36339e-15
5800  2.37719e-15
5801  2.39066e-15
5802  2.40379e-15
5803  2.41658e-15
5804  2.42901e-15
5805  2.4411e-15
5806  2.45282e-15
5807  2.46417e-15
5808  2.47516e-15
5809  2.48577e-15
5810  2.496e-15
5811  2.50584e-15
5812  2.51531e-15
5813  2.52439e-15
5814  2.53308e-15
5815  2.54137e-15
5816  2.54928e-15
5817  2.5568e-15
5818  2.56392e-15
5819  2.57065e-15
5820  2.57699e-15
5821  2.58294e-15
5822  2.58851e-15
5823  2.59368e-15
5824  2.59847e-15
5825  2.60289e-15
5826  2.60692e-15
5827  2.61058e-15
5828  2.61387e-15
5829  2.6168e-15
5830  2.61936e-15
5831  2.62157e-15
5832  2.62343e-15
5833  2.62494e-15
5834  2.62611e-15
5835  2.62696e-15
5836  2.62747e-15
5837  2.62767e-15
5838  2.62755e-15
5839  2.62713e-15
5840  2.62641e-15
5841  2.62539e-15
5842  2.6241e-15
5843  2.62253e-15
5844  2.6207e-15
5845  2.61861e-15
5846  2.61626e-15
5847  2.61368e-15
5848  2.61086e-15
5849  2.60782e-15
5850  2.60456e-15
5851  2.6011e-15
5852  2.59743e-15
5853  2.59358e-15
5854  2.58954e-15
5855  2.58533e-15
5856  2.58095e-15
5857  2.57641e-15
5858  2.57173e-15
5859  2.56691e-15
5860  2.56195e-15
5861  2.55687e-15
5862  2.55167e-15
5863  2.54636e-15
5864  2.54095e-15
5865  2.53544e-15
5866  2.52985e-15
5867  2.52417e-15
5868  2.51842e-15
5869  2.5126e-15
5870  2.50671e-15
5871  2.50077e-15
5872  2.49478e-15
5873  2.48874e-15
5874  2.48266e-15
5875  2.47654e-15
5876  2.47039e-15
5877  2.46421e-15
5878  2.45801e-15
5879  2.45179e-15
5880  2.44555e-15
5881  2.43929e-15
5882  2.43303e-15
5883  2.42676e-15
5884  2.42047e-15
5885  2.41419e-15
5886  2.4079e-15
5887  2.40161e-15
5888  2.39532e-15
5889  2.38903e-15
5890  2.38274e-15
5891  2.37645e-15
5892  2.37017e-15
5893  2.36388e-15
5894  2.3576e-15
5895  2.35132e-15
5896  2.34503e-15
5897  2.33875e-15
5898  2.33246e-15
5899  2.32617e-15
5900  2.31988e-15
5901  2.31358e-15
5902  2.30726e-15
5903  2.30094e-15
5904  2.29461e-15
5905  2.28826e-15
5906  2.2819e-15
5907  2.27552e-15
5908  2.26911e-15
5909  2.26268e-15
5910  2.25623e-15
5911  2.24974e-15
5912  2.24323e-15
5913  2.23668e-15
5914  2.23009e-15
5915  2.22347e-15
5916  2.2168e-15
5917  2.21009e-15
5918  2.20334e-15
5919  2.19653e-15
5920  2.18968e-15
5921  2.18277e-15
5922  2.17581e-15
5923  2.16879e-15
5924  2.16171e-15
5925  2.15457e-15
5926  2.14738e-15
5927  2.14011e-15
5928  2.13279e-15
5929  2.12539e-15
5930  2.11794e-15
5931  2.11041e-15
5932  2.10282e-15
5933  2.09516e-15
5934  2.08743e-15
5935  2.07964e-15
5936  2.07177e-15
5937  2.06384e-15
5938  2.05585e-15
5939  2.04778e-15
5940  2.03966e-15
5941  2.03147e-15
5942  2.02322e-15
5943  2.01491e-15
5944  2.00654e-15
5945  1.99812e-15
5946  1.98964e-15
5947  1.98112e-15
5948  1.97254e-15
5949  1.96392e-15
5950  1.95526e-15
5951  1.94657e-15
5952  1.93783e-15
5953  1.92907e-15
5954  1.92028e-15
5955  1.91147e-15
5956  1.90265e-15
5957  1.8938e-15
5958  1.88495e-15
5959  1.8761e-15
5960  1.86724e-15
5961  1.85839e-15
5962  1.84956e-15
5963  1.84073e-15
5964  1.83193e-15
5965  1.82316e-15
5966  1.81442e-15
5967  1.80572e-15
5968  1.79706e-15
5969  1.78845e-15
5970  1.77989e-15
5971  1.77139e-15
5972  1.76296e-15
5973  1.75461e-15
5974  1.74633e-15
5975  1.73813e-15
5976  1.73002e-15
5977  1.72201e-15
5978  1.71409e-15
5979  1.70628e-15
5980  1.69859e-15
5981  1.69101e-15
5982  1.68355e-15
5983  1.67621e-15
5984  1.66901e-15
5985  1.66195e-15
5986  1.65502e-15
5987  1.64824e-15
5988  1.64161e-15
5989  1.63514e-15
5990  1.62883e-15
5991  1.62267e-15
5992  1.61669e-15
5993  1.61087e-15
5994  1.60523e-15
5995  1.59977e-15
5996  1.59448e-15
5997  1.58938e-15
5998  1.58446e-15
5999  1.57973e-15
6000  1.57519e-15
6001  1.57085e-15
6002  1.56669e-15
6003  1.56273e-15
6004  1.55897e-15
6005  1.55541e-15
6006  1.55204e-15
6007  1.54887e-15
6008  1.54591e-15
6009  1.54314e-15
6010  1.54057e-15
6011  1.5382e-15
6012  1.53603e-15
6013  1.53405e-15
6014  1.53228e-15
6015  1.5307e-15
6016  1.52931e-15
6017  1.52811e-15
6018  1.52711e-15
6019  1.5263e-15
6020  1.52567e-15
6021  1.52522e-15
6022  1.52496e-15
6023  1.52487e-15
6024  1.52497e-15
6025  1.52523e-15
6026  1.52566e-15
6027  1.52626e-15
6028  1.52702e-15
6029  1.52794e-15
6030  1.52901e-15
6031  1.53023e-15
6032  1.5316e-15
6033  1.53311e-15
6034  1.53475e-15
6035  1.53653e-15
6036  1.53844e-15
6037  1.54047e-15
6038  1.54262e-15
6039  1.54488e-15
6040  1.54725e-15
6041  1.54972e-15
6042  1.55229e-15
6043  1.55496e-15
6044  1.55771e-15
6045  1.56054e-15
6046  1.56345e-15
6047  1.56644e-15
6048  1.56949e-15
6049  1.5726e-15
6050  1.57577e-15
6051  1.57899e-15
6052  1.58225e-15
6053  1.58556e-15
6054  1.5889e-15
6055  1.59227e-15
6056  1.59566e-15
6057  1.59907e-15
6058  1.6025e-15
6059  1.60594e-15
6060  1.60938e-15
6061  1.61283e-15
6062  1.61626e-15
6063  1.61969e-15
6064  1.6231e-15
6065  1.6265e-15
6066  1.62987e-15
6067  1.63321e-15
6068  1.63652e-15
6069  1.63979e-15
6070  1.64303e-15
6071  1.64621e-15
6072  1.64935e-15
6073  1.65244e-15
6074  1.65547e-15
6075  1.65845e-15
6076  1.66135e-15
6077  1.6642e-15
6078  1.66697e-15
6079  1.66967e-15
6080  1.6723e-15
6081  1.67485e-15
6082  1.67732e-15
6083  1.6797e-15
6084  1.682e-15
6085  1.68421e-15
6086  1.68634e-15
6087  1.68837e-15
6088  1.6903e-15
6089  1.69214e-15
6090  1.69389e-15
6091  1.69553e-15
6092  1.69708e-15
6093  1.69853e-15
6094  1.69987e-15
6095  1.70111e-15
6096  1.70225e-15
6097  1.70329e-15
6098  1.70422e-15
6099  1.70505e-15
6100  1.70577e-15
6101  1.70639e-15
6102  1.7069e-15
6103  1.70731e-15
6104  1.70762e-15
6105  1.70782e-15
6106  1.70792e-15
6107  1.70792e-15
6108  1.70781e-15
6109  1.70761e-15
6110  1.70731e-15
6111  1.70691e-15
6112  1.70642e-15
6113  1.70583e-15
6114  1.70515e-15
6115  1.70438e-15
6116  1.70352e-15
6117  1.70257e-15
6118  1.70153e-15
6119  1.70042e-15
6120  1.69922e-15
6121  1.69795e-15
6122  1.6966e-15
6123  1.69518e-15
6124  1.69369e-15
6125  1.69213e-15
6126  1.6905e-15
6127  1.68882e-15
6128  1.68707e-15
6129  1.68527e-15
6130  1.68342e-15
6131  1.68152e-15
6132  1.67957e-15
6133  1.67758e-15
6134  1.67555e-15
6135  1.67349e-15
6136  1.67139e-15
6137  1.66926e-15
6138  1.66711e-15
6139  1.66494e-15
6140  1.66274e-15
6141  1.66053e-15
6142  1.65832e-15
6143  1.65609e-15
6144  1.65386e-15
6145  1.65163e-15
6146  1.6494e-15
6147  1.64717e-15
6148  1.64496e-15
6149  1.64276e-15
6150  1.64058e-15
6151  1.63841e-15
6152  1.63627e-15
6153  1.63416e-15
6154  1.63208e-15
6155  1.63002e-15
6156  1.62801e-15
6157  1.62603e-15
6158  1.6241e-15
6159  1.62221e-15
6160  1.62036e-15
6161  1.61857e-15
6162  1.61683e-15
6163  1.61514e-15
6164  1.61351e-15
6165  1.61194e-15
6166  1.61043e-15
6167  1.60899e-15
6168  1.60761e-15
6169  1.60629e-15
6170  1.60504e-15
6171  1.60387e-15
6172  1.60276e-15
6173  1.60172e-15
6174  1.60076e-15
6175  1.59987e-15
6176  1.59906e-15
6177  1.59832e-15
6178  1.59765e-15
6179  1.59706e-15
6180  1.59654e-15
6181  1.5961e-15
6182  1.59573e-15
6183  1.59544e-15
6184  1.59522e-15
6185  1.59507e-15
6186  1.59499e-15
6187  1.59498e-15
6188  1.59505e-15
6189  1.59518e-15
6190  1.59537e-15
6191  1.59563e-15
6192  1.59595e-15
6193  1.59634e-15
6194  1.59678e-15
6195  1.59727e-15
6196  1.59783e-15
6197  1.59843e-15
6198  1.59908e-15
6199  1.59977e-15
6200  1.60051e-15
6201  1.60129e-15
6202  1.60211e-15
6203  1.60296e-15
6204  1.60384e-15
6205  1.60475e-15
6206  1.60568e-15
6207  1.60663e-15
6208  1.6076e-15
6209  1.60858e-15
6210  1.60958e-15
6211  1.61058e-15
6212  1.61158e-15
6213  1.61259e-15
6214  1.61359e-15
6215  1.61458e-15
6216  1.61556e-15
6217  1.61653e-15
6218  1.61748e-15
6219  1.61841e-15
6220  1.61931e-15
6221  1.62018e-15
6222  1.62103e-15
6223  1.62184e-15
6224  1.62261e-15
6225  1.62334e-15
6226  1.62403e-15
6227  1.62467e-15
6228  1.62527e-15
6229  1.62581e-15
6230  1.6263e-15
6231  1.62673e-15
6232  1.6271e-15
6233  1.62741e-15
6234  1.62767e-15
6235  1.62785e-15
6236  1.62797e-15
6237  1.62803e-15
6238  1.62802e-15
6239  1.62794e-15
6240  1.62778e-15
6241  1.62756e-15
6242  1.62727e-15
6243  1.62691e-15
6244  1.62647e-15
6245  1.62597e-15
6246  1.62539e-15
6247  1.62474e-15
6248  1.62403e-15
6249  1.62324e-15
6250  1.62239e-15
6251  1.62147e-15
6252  1.62049e-15
6253  1.61944e-15
6254  1.61833e-15
6255  1.61717e-15
6256  1.61594e-15
6257  1.61466e-15
6258  1.61333e-15
6259  1.61195e-15
6260  1.61053e-15
6261  1.60906e-15
6262  1.60755e-15
6263  1.606e-15
6264  1.60442e-15
6265  1.60281e-15
6266  1.60118e-15
6267  1.59952e-15
6268  1.59785e-15
6269  1.59617e-15
6270  1.59447e-15
6271  1.59277e-15
6272  1.59107e-15
6273  1.58937e-15
6274  1.58769e-15
6275  1.58601e-15
6276  1.58436e-15
6277  1.58273e-15
6278  1.58112e-15
6279  1.57955e-15
6280  1.57802e-15
6281  1.57653e-15
6282  1.57508e-15
6283  1.57369e-15
6284  1.57236e-15
6285  1.57109e-15
6286  1.56988e-15
6287  1.56875e-15
6288  1.56769e-15
6289  1.56671e-15
6290  1.56582e-15
6291  1.56502e-15
6292  1.56431e-15
6293  1.5637e-15
6294  1.56319e-15
6295  1.56279e-15
6296  1.5625e-15
6297  1.56233e-15
6298  1.56227e-15
6299  1.56234e-15
6300  1.56253e-15
6301  1.56286e-15
6302  1.56331e-15
6303  1.5639e-15
6304  1.56463e-15
6305  1.5655e-15
6306  1.56651e-15
6307  1.56767e-15
6308  1.56897e-15
6309  1.57043e-15
6310  1.57204e-15
6311  1.5738e-15
6312  1.57572e-15
6313  1.57779e-15
6314  1.58002e-15
6315  1.58242e-15
6316  1.58497e-15
6317  1.58768e-15
6318  1.59055e-15
6319  1.59359e-15
6320  1.59678e-15
6321  1.60014e-15
6322  1.60366e-15
6323  1.60734e-15
6324  1.61117e-15
6325  1.61517e-15
6326  1.61933e-15
6327  1.62365e-15
6328  1.62812e-15
6329  1.63275e-15
6330  1.63753e-15
6331  1.64246e-15
6332  1.64754e-15
6333  1.65278e-15
6334  1.65816e-15
6335  1.66368e-15
6336  1.66935e-15
6337  1.67516e-15
6338  1.6811e-15
6339  1.68718e-15
6340  1.6934e-15
6341  1.69974e-15
6342  1.70622e-15
6343  1.71281e-15
6344  1.71953e-15
6345  1.72637e-15
6346  1.73333e-15
6347  1.7404e-15
6348  1.74758e-15
6349  1.75487e-15
6350  1.76226e-15
6351  1.76975e-15
6352  1.77734e-15
6353  1.78503e-15
6354  1.79281e-15
6355  1.80068e-15
6356  1.80864e-15
6357  1.81668e-15
6358  1.82479e-15
6359  1.83299e-15
6360  1.84126e-15
6361  1.84961e-15
6362  1.85802e-15
6363  1.86649e-15
6364  1.87503e-15
6365  1.88363e-15
6366  1.89229e-15
6367  1.901e-15
6368  1.90977e-15
6369  1.91858e-15
6370  1.92745e-15
6371  1.93635e-15
6372  1.9453e-15
6373  1.95429e-15
6374  1.96332e-15
6375  1.97238e-15
6376  1.98148e-15
6377  1.99061e-15
6378  1.99977e-15
6379  2.00896e-15
6380  2.01817e-15
6381  2.0274e-15
6382  2.03666e-15
6383  2.04594e-15
6384  2.05524e-15
6385  2.06456e-15
6386  2.07389e-15
6387  2.08324e-15
6388  2.0926e-15
6389  2.10197e-15
6390  2.11135e-15
6391  2.12074e-15
6392  2.13013e-15
6393  2.13954e-15
6394  2.14894e-15
6395  2.15836e-15
6396  2.16777e-15
6397  2.17719e-15
6398  2.1866e-15
6399  2.19601e-15
6400  2.20542e-15
6401  2.21483e-15
6402  2.22423e-15
6403  2.23363e-15
6404  2.24301e-15
6405  2.25239e-15
6406  2.26176e-15
6407  2.27112e-15
6408  2.28046e-15
6409  2.28979e-15
6410  2.2991e-15
6411  2.30839e-15
6412  2.31767e-15
6413  2.32692e-15
6414  2.33615e-15
6415  2.34536e-15
6416  2.35454e-15
6417  2.36369e-15
6418  2.37282e-15
6419  2.38191e-15
6420  2.39096e-15
6421  2.39998e-15
6422  2.40896e-15
6423  2.4179e-15
6424  2.42679e-15
6425  2.43564e-15
6426  2.44444e-15
6427  2.45319e-15
6428  2.46189e-15
6429  2.47052e-15
6430  2.4791e-15
6431  2.48761e-15
6432  2.49606e-15
6433  2.50444e-15
6434  2.51275e-15
6435  2.52098e-15
6436  2.52913e-15
6437  2.5372e-15
6438  2.54518e-15
6439  2.55307e-15
6440  2.56087e-15
6441  2.56857e-15
6442  2.57617e-15
6443  2.58366e-15
6444  2.59105e-15
6445  2.59832e-15
6446  2.60548e-15
6447  2.61252e-15
6448  2.61943e-15
6449  2.62621e-15
6450  2.63286e-15
6451  2.63937e-15
6452  2.64574e-15
6453  2.65196e-15
6454  2.65804e-15
6455  2.66396e-15
6456  2.66972e-15
6457  2.67532e-15
6458  2.68076e-15
6459  2.68602e-15
6460  2.69111e-15
6461  2.69603e-15
6462  2.70076e-15
6463  2.7053e-15
6464  2.70965e-15
6465  2.71381e-15
6466  2.71778e-15
6467  2.72154e-15
6468  2.7251e-15
6469  2.72845e-15
6470  2.73158e-15
6471  2.73451e-15
6472  2.73721e-15
6473  2.7397e-15
6474  2.74196e-15
6475  2.74399e-15
6476  2.7458e-15
6477  2.74737e-15
6478  2.74871e-15
6479  2.74981e-15
6480  2.75067e-15
6481  2.75129e-15
6482  2.75167e-15
6483  2.75181e-15
6484  2.7517e-15
6485  2.75134e-15
6486  2.75073e-15
6487  2.74987e-15
6488  2.74877e-15
6489  2.74741e-15
6490  2.7458e-15
6491  2.74394e-15
6492  2.74182e-15
6493  2.73946e-15
6494  2.73684e-15
6495  2.73397e-15
6496  2.73085e-15
6497  2.72748e-15
6498  2.72385e-15
6499  2.71998e-15
6500  2.71586e-15
6501  2.7115e-15
6502  2.70689e-15
6503  2.70204e-15
6504  2.69695e-15
6505  2.69161e-15
6506  2.68605e-15
6507  2.68024e-15
6508  2.67421e-15
6509  2.66794e-15
6510  2.66145e-15
6511  2.65474e-15
6512  2.6478e-15
6513  2.64065e-15
6514  2.63329e-15
6515  2.62571e-15
6516  2.61793e-15
6517  2.60994e-15
6518  2.60176e-15
6519  2.59338e-15
6520  2.58481e-15
6521  2.57605e-15
6522  2.56711e-15
6523  2.55799e-15
6524  2.5487e-15
6525  2.53923e-15
6526  2.52961e-15
6527  2.51982e-15
6528  2.50987e-15
6529  2.49978e-15
6530  2.48953e-15
6531  2.47915e-15
6532  2.46863e-15
6533  2.45797e-15
6534  2.44719e-15
6535  2.43629e-15
6536  2.42527e-15
6537  2.41413e-15
6538  2.40289e-15
6539  2.39154e-15
6540  2.38009e-15
6541  2.36856e-15
6542  2.35693e-15
6543  2.34521e-15
6544  2.33342e-15
6545  2.32155e-15
6546  2.30961e-15
6547  2.2976e-15
6548  2.28553e-15
6549  2.2734e-15
6550  2.26122e-15
6551  2.24899e-15
6552  2.23671e-15
6553  2.22439e-15
6554  2.21204e-15
6555  2.19965e-15
6556  2.18723e-15
6557  2.17478e-15
6558  2.16231e-15
6559  2.14982e-15
6560  2.13732e-15
6561  2.1248e-15
6562  2.11227e-15
6563  2.09973e-15
6564  2.08719e-15
6565  2.07465e-15
6566  2.06211e-15
6567  2.04957e-15
6568  2.03704e-15
6569  2.02452e-15
6570  2.01201e-15
6571  1.99951e-15
6572  1.98702e-15
6573  1.97455e-15
6574  1.9621e-15
6575  1.94967e-15
6576  1.93725e-15
6577  1.92487e-15
6578  1.9125e-15
6579  1.90016e-15
6580  1.88785e-15
6581  1.87556e-15
6582  1.8633e-15
6583  1.85107e-15
6584  1.83887e-15
6585  1.82669e-15
6586  1.81455e-15
6587  1.80244e-15
6588  1.79036e-15
6589  1.77832e-15
6590  1.7663e-15
6591  1.75432e-15
6592  1.74236e-15
6593  1.73044e-15
6594  1.71855e-15
6595  1.7067e-15
6596  1.69487e-15
6597  1.68308e-15
6598  1.67132e-15
6599  1.65959e-15
6600  1.64789e-15
6601  1.63622e-15
6602  1.62458e-15
6603  1.61298e-15
6604  1.6014e-15
6605  1.58985e-15
6606  1.57833e-15
6607  1.56684e-15
6608  1.55538e-15
6609  1.54394e-15
6610  1.53254e-15
6611  1.52116e-15
6612  1.50981e-15
6613  1.49849e-15
6614  1.48719e-15
6615  1.47592e-15
6616  1.46467e-15
6617  1.45346e-15
6618  1.44226e-15
6619  1.4311e-15
6620  1.41996e-15
6621  1.40885e-15
6622  1.39776e-15
6623  1.3867e-15
6624  1.37567e-15
6625  1.36466e-15
6626  1.35368e-15
6627  1.34273e-15
6628  1.3318e-15
6629  1.32091e-15
6630  1.31004e-15
6631  1.2992e-15
6632  1.2884e-15
6633  1.27762e-15
6634  1.26688e-15
6635  1.25617e-15
6636  1.24549e-15
6637  1.23484e-15
6638  1.22423e-15
6639  1.21366e-15
6640  1.20313e-15
6641  1.19263e-15
6642  1.18218e-15
6643  1.17176e-15
6644  1.16139e-15
6645  1.15106e-15
6646  1.14078e-15
6647  1.13055e-15
6648  1.12036e-15
6649  1.11023e-15
6650  1.10014e-15
6651  1.09011e-15
6652  1.08014e-15
6653  1.07022e-15
6654  1.06036e-15
6655  1.05056e-15
6656  1.04082e-15
6657  1.03115e-15
6658  1.02155e-15
6659  1.01201e-15
6660  1.00254e-15
6661  9.93143e-16
6662  9.8382e-16
6663  9.74572e-16
6664  9.65402e-16
6665  9.56312e-16
6666  9.47302e-16
6667  9.38376e-16
6668  9.29534e-16
6669  9.2078e-16
6670  9.12114e-16
6671  9.03538e-16
6672  8.95055e-16
6673  8.86666e-16
6674  8.78372e-16
6675  8.70176e-16
6676  8.62079e-16
6677  8.54082e-16
6678  8.46188e-16
6679  8.38397e-16
6680  8.30711e-16
6681  8.23132e-16
6682  8.15661e-16
6683  8.08299e-16
6684  8.01048e-16
6685  7.93908e-16
6686  7.86881e-16
6687  7.79967e-16
6688  7.73169e-16
6689  7.66486e-16
6690  7.5992e-16
6691  7.53471e-16
6692  7.4714e-16
6693  7.40928e-16
6694  7.34835e-16
6695  7.28862e-16
6696  7.23009e-16
6697  7.17277e-16
6698  7.11666e-16
6699  7.06176e-16
6700  7.00806e-16
6701  6.95559e-16
6702  6.90432e-16
6703  6.85427e-16
6704  6.80542e-16
6705  6.75779e-16
6706  6.71135e-16
6707  6.66612e-16
6708  6.62209e-16
6709  6.57924e-16
6710  6.53758e-16
6711  6.4971e-16
6712  6.45779e-16
6713  6.41965e-16
6714  6.38266e-16
6715  6.34681e-16
6716  6.31211e-16
6717  6.27852e-16
6718  6.24606e-16
6719  6.2147e-16
6720  6.18443e-16
6721  6.15524e-16
6722  6.12712e-16
6723  6.10005e-16
6724  6.07403e-16
6725  6.04903e-16
6726  6.02504e-16
6727  6.00205e-16
6728  5.98004e-16
6729  5.959e-16
6730  5.9389e-16
6731  5.91974e-16
6732  5.9015e-16
6733  5.88416e-16
6734  5.8677e-16
6735  5.85211e-16
6736  5.83737e-16
6737  5.82347e-16
6738  5.81037e-16
6739  5.79807e-16
6740  5.78656e-16
6741  5.7758e-16
6742  5.76578e-16
6743  5.75649e-16
6744  5.74791e-16
6745  5.74002e-16
6746  5.73279e-16
6747  5.72622e-16
6748  5.72029e-16
6749  5.71497e-16
6750  5.71025e-16
6751  5.70611e-16
6752  5.70253e-16
6753  5.6995e-16
6754  5.69699e-16
6755  5.695e-16
6756  5.6935e-16
6757  5.69248e-16
6758  5.69191e-16
6759  5.69179e-16
6760  5.6921e-16
6761  5.69281e-16
6762  5.69392e-16
6763  5.69541e-16
6764  5.69726e-16
6765  5.69946e-16
6766  5.70198e-16
6767  5.70483e-16
6768  5.70798e-16
6769  5.71141e-16
6770  5.71512e-16
6771  5.71908e-16
6772  5.7233e-16
6773  5.72774e-16
6774  5.73241e-16
6775  5.73728e-16
6776  5.74234e-16
6777  5.74759e-16
6778  5.753e-16
6779  5.75857e-16
6780  5.76429e-16
6781  5.77015e-16
6782  5.77612e-16
6783  5.78222e-16
6784  5.78841e-16
6785  5.7947e-16
6786  5.80107e-16
6787  5.80752e-16
6788  5.81404e-16
6789  5.82061e-16
6790  5.82723e-16
6791  5.83389e-16
6792  5.84059e-16
6793  5.84731e-16
6794  5.85405e-16
6795  5.8608e-16
6796  5.86756e-16
6797  5.87432e-16
6798  5.88107e-16
6799  5.88781e-16
6800  5.89454e-16
6801  5.90124e-16
6802  5.90792e-16
6803  5.91457e-16
6804  5.92119e-16
6805  5.92777e-16
6806  5.93432e-16
6807  5.94082e-16
6808  5.94728e-16
6809  5.95369e-16
6810  5.96006e-16
6811  5.96638e-16
6812  5.97265e-16
6813  5.97888e-16
6814  5.98505e-16
6815  5.99118e-16
6816  5.99726e-16
6817  6.0033e-16
6818  6.00929e-16
6819  6.01524e-16
6820  6.02115e-16
6821  6.02703e-16
6822  6.03287e-16
6823  6.03868e-16
6824  6.04446e-16
6825  6.05022e-16
6826  6.05597e-16
6827  6.0617e-16
6828  6.06743e-16
6829  6.07316e-16
6830  6.07889e-16
6831  6.08463e-16
6832  6.0904e-16
6833  6.09619e-16
6834  6.10201e-16
6835  6.10788e-16
6836  6.11379e-16
6837  6.11977e-16
6838  6.12581e-16
6839  6.13192e-16
6840  6.13813e-16
6841  6.14443e-16
6842  6.15083e-16
6843  6.15735e-16
6844  6.164e-16
6845  6.17078e-16
6846  6.17772e-16
6847  6.18481e-16
6848  6.19207e-16
6849  6.19952e-16
6850  6.20715e-16
6851  6.215e-16
6852  6.22306e-16
6853  6.23135e-16
6854  6.23988e-16
6855  6.24866e-16
6856  6.25771e-16
6857  6.26704e-16
6858  6.27665e-16
6859  6.28657e-16
6860  6.2968e-16
6861  6.30735e-16
6862  6.31825e-16
6863  6.32949e-16
6864  6.34109e-16
6865  6.35307e-16
6866  6.36542e-16
6867  6.37818e-16
6868  6.39133e-16
6869  6.4049e-16
6870  6.4189e-16
6871  6.43333e-16
6872  6.44821e-16
6873  6.46354e-16
6874  6.47934e-16
6875  6.4956e-16
6876  6.51235e-16
6877  6.52958e-16
6878  6.5473e-16
6879  6.56553e-16
6880  6.58426e-16
6881  6.6035e-16
6882  6.62326e-16
6883  6.64355e-16
6884  6.66435e-16
6885  6.68569e-16
6886  6.70755e-16
6887  6.72995e-16
6888  6.75289e-16
6889  6.77635e-16
6890  6.80036e-16
6891  6.8249e-16
6892  6.84997e-16
6893  6.87557e-16
6894  6.90169e-16
6895  6.92835e-16
6896  6.95552e-16
6897  6.98321e-16
6898  7.01141e-16
6899  7.04011e-16
6900  7.06931e-16
6901  7.09899e-16
6902  7.12916e-16
6903  7.1598e-16
6904  7.19089e-16
6905  7.22244e-16
6906  7.25443e-16
6907  7.28684e-16
6908  7.31967e-16
6909  7.35289e-16
6910  7.38651e-16
6911  7.42049e-16
6912  7.45483e-16
6913  7.48952e-16
6914  7.52453e-16
6915  7.55984e-16
6916  7.59545e-16
6917  7.63133e-16
6918  7.66747e-16
6919  7.70384e-16
6920  7.74042e-16
6921  7.77721e-16
6922  7.81417e-16
6923  7.85129e-16
6924  7.88854e-16
6925  7.92591e-16
6926  7.96338e-16
6927  8.00092e-16
6928  8.03851e-16
6929  8.07613e-16
6930  8.11377e-16
6931  8.15139e-16
6932  8.18898e-16
6933  8.22651e-16
6934  8.26397e-16
6935  8.30133e-16
6936  8.33857e-16
6937  8.37568e-16
6938  8.41263e-16
6939  8.44939e-16
6940  8.48596e-16
6941  8.52231e-16
6942  8.55841e-16
6943  8.59427e-16
6944  8.62984e-16
6945  8.66513e-16
6946  8.7001e-16
6947  8.73474e-16
6948  8.76905e-16
6949  8.80299e-16
6950  8.83656e-16
6951  8.86974e-16
6952  8.90253e-16
6953  8.93489e-16
6954  8.96684e-16
6955  8.99835e-16
6956  9.02941e-16
6957  9.06001e-16
6958  9.09016e-16
6959  9.11983e-16
6960  9.14902e-16
6961  9.17773e-16
6962  9.20596e-16
6963  9.23369e-16
6964  9.26093e-16
6965  9.28767e-16
6966  9.31392e-16
6967  9.33967e-16
6968  9.36492e-16
6969  9.38969e-16
6970  9.41396e-16
6971  9.43775e-16
6972  9.46106e-16
6973  9.48389e-16
6974  9.50626e-16
6975  9.52818e-16
6976  9.54964e-16
6977  9.57066e-16
6978  9.59126e-16
6979  9.61144e-16
6980  9.63122e-16
6981  9.65061e-16
6982  9.66962e-16
6983  9.68828e-16
6984  9.70659e-16
6985  9.72457e-16
6986  9.74225e-16
6987  9.75963e-16
6988  9.77674e-16
6989  9.7936e-16
6990  9.81023e-16
6991  9.82664e-16
6992  9.84287e-16
6993  9.85892e-16
6994  9.87482e-16
6995  9.8906e-16
6996  9.90628e-16
6997  9.92187e-16
6998  9.93741e-16
6999  9.95292e-16
7000  9.96841e-16
7001  9.98392e-16
7002  9.99947e-16
7003  1.00151e-15
7004  1.00308e-15
7005  1.00466e-15
7006  1.00625e-15
7007  1.00786e-15
7008  1.00948e-15
7009  1.01113e-15
7010  1.0128e-15
7011  1.01449e-15
7012  1.01621e-15
7013  1.01796e-15
7014  1.01974e-15
7015  1.02155e-15
7016  1.0234e-15
7017  1.02529e-15
7018  1.02721e-15
7019  1.02917e-15
7020  1.03118e-15
7021  1.03323e-15
7022  1.03532e-15
7023  1.03746e-15
7024  1.03965e-15
7025  1.04189e-15
7026  1.04419e-15
7027  1.04653e-15
7028  1.04892e-15
7029  1.05138e-15
7030  1.05388e-15
7031  1.05644e-15
7032  1.05906e-15
7033  1.06173e-15
7034  1.06447e-15
7035  1.06726e-15
7036  1.0701e-15
7037  1.07301e-15
7038  1.07598e-15
7039  1.079e-15
7040  1.08208e-15
7041  1.08522e-15
7042  1.08842e-15
7043  1.09168e-15
7044  1.09499e-15
7045  1.09836e-15
7046  1.10179e-15
7047  1.10527e-15
7048  1.1088e-15
7049  1.11239e-15
7050  1.11603e-15
7051  1.11972e-15
7052  1.12347e-15
7053  1.12726e-15
7054  1.13109e-15
7055  1.13498e-15
7056  1.13891e-15
7057  1.14288e-15
7058  1.14689e-15
7059  1.15095e-15
7060  1.15504e-15
7061  1.15917e-15
7062  1.16333e-15
7063  1.16752e-15
7064  1.17175e-15
7065  1.17601e-15
7066  1.18029e-15
7067  1.1846e-15
7068  1.18893e-15
7069  1.19328e-15
7070  1.19765e-15
7071  1.20204e-15
7072  1.20644e-15
7073  1.21086e-15
7074  1.21529e-15
7075  1.21972e-15
7076  1.22416e-15
7077  1.22861e-15
7078  1.23306e-15
7079  1.23752e-15
7080  1.24197e-15
7081  1.24641e-15
7082  1.25086e-15
7083  1.25529e-15
7084  1.25972e-15
7085  1.26414e-15
7086  1.26854e-15
7087  1.27293e-15
7088  1.27731e-15
7089  1.28166e-15
7090  1.286e-15
7091  1.29032e-15
7092  1.29462e-15
7093  1.29889e-15
7094  1.30314e-15
7095  1.30736e-15
7096  1.31156e-15
7097  1.31572e-15
7098  1.31986e-15
7099  1.32397e-15
7100  1.32804e-15
7101  1.33208e-15
7102  1.33609e-15
7103  1.34006e-15
7104  1.344e-15
7105  1.3479e-15
7106  1.35177e-15
7107  1.3556e-15
7108  1.35939e-15
7109  1.36315e-15
7110  1.36686e-15
7111  1.37054e-15
7112  1.37417e-15
7113  1.37777e-15
7114  1.38133e-15
7115  1.38485e-15
7116  1.38833e-15
7117  1.39177e-15
7118  1.39517e-15
7119  1.39853e-15
7120  1.40185e-15
7121  1.40513e-15
7122  1.40838e-15
7123  1.41158e-15
7124  1.41475e-15
7125  1.41788e-15
7126  1.42097e-15
7127  1.42402e-15
7128  1.42704e-15
7129  1.43002e-15
7130  1.43296e-15
7131  1.43587e-15
7132  1.43874e-15
7133  1.44158e-15
7134  1.44438e-15
7135  1.44715e-15
7136  1.44989e-15
7137  1.45259e-15
7138  1.45526e-15
7139  1.4579e-15
7140  1.46051e-15
7141  1.46309e-15
7142  1.46564e-15
7143  1.46816e-15
7144  1.47065e-15
7145  1.47311e-15
7146  1.47554e-15
7147  1.47795e-15
7148  1.48033e-15
7149  1.48268e-15
7150  1.48501e-15
7151  1.48731e-15
7152  1.48959e-15
7153  1.49184e-15
7154  1.49406e-15
7155  1.49627e-15
7156  1.49844e-15
7157  1.5006e-15
7158  1.50273e-15
7159  1.50483e-15
7160  1.50692e-15
7161  1.50898e-15
7162  1.51102e-15
7163  1.51303e-15
7164  1.51502e-15
7165  1.51699e-15
7166  1.51894e-15
7167  1.52086e-15
7168  1.52277e-15
7169  1.52464e-15
7170  1.5265e-15
7171  1.52834e-15
7172  1.53015e-15
7173  1.53193e-15
7174  1.5337e-15
7175  1.53544e-15
7176  1.53716e-15
7177  1.53885e-15
7178  1.54053e-15
7179  1.54217e-15
7180  1.5438e-15
7181  1.5454e-15
7182  1.54697e-15
7183  1.54852e-15
7184  1.55005e-15
7185  1.55155e-15
7186  1.55302e-15
7187  1.55447e-15
7188  1.55589e-15
7189  1.55729e-15
7190  1.55866e-15
7191  1.56e-15
7192  1.56132e-15
7193  1.56261e-15
7194  1.56388e-15
7195  1.56511e-15
7196  1.56632e-15
7197  1.56751e-15
7198  1.56866e-15
7199  1.56979e-15
7200  1.57089e-15
7201  1.57196e-15
7202  1.57301e-15
7203  1.57402e-15
7204  1.57501e-15
7205  1.57598e-15
7206  1.57691e-15
7207  1.57782e-15
7208  1.5787e-15
7209  1.57955e-15
7210  1.58038e-15
7211  1.58118e-15
7212  1.58195e-15
7213  1.5827e-15
7214  1.58342e-15
7215  1.58412e-15
7216  1.58479e-15
7217  1.58544e-15
7218  1.58606e-15
7219  1.58666e-15
7220  1.58724e-15
7221  1.58779e-15
7222  1.58832e-15
7223  1.58883e-15
7224  1.58932e-15
7225  1.58979e-15
7226  1.59024e-15
7227  1.59067e-15
7228  1.59108e-15
7229  1.59147e-15
7230  1.59185e-15
7231  1.5922e-15
7232  1.59255e-15
7233  1.59288e-15
7234  1.59319e-15
7235  1.59349e-15
7236  1.59378e-15
7237  1.59405e-15
7238  1.59431e-15
7239  1.59457e-15
7240  1.59481e-15
7241  1.59505e-15
7242  1.59527e-15
7243  1.59549e-15
7244  1.5957e-15
7245  1.59591e-15
7246  1.59611e-15
7247  1.59631e-15
7248  1.5965e-15
7249  1.59669e-15
7250  1.59688e-15
7251  1.59707e-15
7252  1.59725e-15
7253  1.59744e-15
7254  1.59762e-15
7255  1.59781e-15
7256  1.598e-15
7257  1.59819e-15
7258  1.59838e-15
7259  1.59858e-15
7260  1.59878e-15
7261  1.59898e-15
7262  1.59919e-15
7263  1.5994e-15
7264  1.59962e-15
7265  1.59984e-15
7266  1.60007e-15
7267  1.6003e-15
7268  1.60054e-15
7269  1.60079e-15
7270  1.60104e-15
7271  1.6013e-15
7272  1.60157e-15
7273  1.60184e-15
7274  1.60212e-15
7275  1.60241e-15
7276  1.6027e-15
7277  1.603e-15
7278  1.60331e-15
7279  1.60363e-15
7280  1.60395e-15
7281  1.60427e-15
7282  1.6046e-15
7283  1.60494e-15
7284  1.60529e-15
7285  1.60563e-15
7286  1.60599e-15
7287  1.60635e-15
7288  1.60671e-15
7289  1.60707e-15
7290  1.60744e-15
7291  1.60781e-15
7292  1.60819e-15
7293  1.60856e-15
7294  1.60894e-15
7295  1.60932e-15
7296  1.6097e-15
7297  1.61008e-15
7298  1.61045e-15
7299  1.61083e-15
7300  1.61121e-15
7301  1.61158e-15
7302  1.61195e-15
7303  1.61232e-15
7304  1.61269e-15
7305  1.61305e-15
7306  1.61341e-15
7307  1.61376e-15
7308  1.6141e-15
7309  1.61444e-15
7310  1.61478e-15
7311  1.6151e-15
7312  1.61542e-15
7313  1.61573e-15
7314  1.61604e-15
7315  1.61633e-15
7316  1.61662e-15
7317  1.61689e-15
7318  1.61716e-15
7319  1.61741e-15
7320  1.61766e-15
7321  1.61789e-15
7322  1.61812e-15
7323  1.61833e-15
7324  1.61853e-15
7325  1.61872e-15
7326  1.61889e-15
7327  1.61906e-15
7328  1.61921e-15
7329  1.61935e-15
7330  1.61948e-15
7331  1.61959e-15
7332  1.6197e-15
7333  1.61979e-15
7334  1.61986e-15
7335  1.61993e-15
7336  1.61998e-15
7337  1.62002e-15
7338  1.62004e-15
7339  1.62005e-15
7340  1.62005e-15
7341  1.62004e-15
7342  1.62002e-15
7343  1.61998e-15
7344  1.61993e-15
7345  1.61987e-15
7346  1.61979e-15
7347  1.61971e-15
7348  1.61961e-15
7349  1.6195e-15
7350  1.61938e-15
7351  1.61925e-15
7352  1.6191e-15
7353  1.61895e-15
7354  1.61878e-15
7355  1.6186e-15
7356  1.61841e-15
7357  1.61822e-15
7358  1.61801e-15
7359  1.61779e-15
7360  1.61755e-15
7361  1.61731e-15
7362  1.61706e-15
7363  1.6168e-15
7364  1.61652e-15
7365  1.61624e-15
7366  1.61595e-15
7367  1.61564e-15
7368  1.61532e-15
7369  1.615e-15
7370  1.61466e-15
7371  1.61431e-15
7372  1.61394e-15
7373  1.61357e-15
7374  1.61319e-15
7375  1.61279e-15
7376  1.61238e-15
7377  1.61195e-15
7378  1.61151e-15
7379  1.61106e-15
7380  1.61059e-15
7381  1.61011e-15
7382  1.60962e-15
7383  1.6091e-15
7384  1.60857e-15
7385  1.60803e-15
7386  1.60746e-15
7387  1.60688e-15
7388  1.60628e-15
7389  1.60566e-15
7390  1.60501e-15
7391  1.60435e-15
7392  1.60366e-15
7393  1.60296e-15
7394  1.60222e-15
7395  1.60147e-15
7396  1.60069e-15
7397  1.59988e-15
7398  1.59905e-15
7399  1.59818e-15
7400  1.59729e-15
7401  1.59637e-15
7402  1.59542e-15
7403  1.59444e-15
7404  1.59343e-15
7405  1.59238e-15
7406  1.5913e-15
7407  1.59019e-15
7408  1.58904e-15
7409  1.58786e-15
7410  1.58664e-15
7411  1.58538e-15
7412  1.58408e-15
7413  1.58275e-15
7414  1.58138e-15
7415  1.57996e-15
7416  1.57851e-15
7417  1.57701e-15
7418  1.57548e-15
7419  1.5739e-15
7420  1.57228e-15
7421  1.57062e-15
7422  1.56891e-15
7423  1.56716e-15
7424  1.56537e-15
7425  1.56354e-15
7426  1.56166e-15
7427  1.55974e-15
7428  1.55777e-15
7429  1.55576e-15
7430  1.55371e-15
7431  1.55162e-15
7432  1.54948e-15
7433  1.5473e-15
7434  1.54508e-15
7435  1.54282e-15
7436  1.54051e-15
7437  1.53817e-15
7438  1.53579e-15
7439  1.53336e-15
7440  1.5309e-15
7441  1.52841e-15
7442  1.52587e-15
7443  1.5233e-15
7444  1.5207e-15
7445  1.51806e-15
7446  1.51539e-15
7447  1.51269e-15
7448  1.50996e-15
7449  1.50721e-15
7450  1.50442e-15
7451  1.50161e-15
7452  1.49877e-15
7453  1.49591e-15
7454  1.49303e-15
7455  1.49013e-15
7456  1.48721e-15
7457  1.48428e-15
7458  1.48132e-15
7459  1.47836e-15
7460  1.47538e-15
7461  1.47239e-15
7462  1.46939e-15
7463  1.46638e-15
7464  1.46336e-15
7465  1.46034e-15
7466  1.45732e-15
7467  1.4543e-15
7468  1.45127e-15
7469  1.44825e-15
7470  1.44523e-15
7471  1.44221e-15
7472  1.4392e-15
7473  1.43619e-15
7474  1.4332e-15
7475  1.43021e-15
7476  1.42723e-15
7477  1.42426e-15
7478  1.42131e-15
7479  1.41837e-15
7480  1.41544e-15
7481  1.41253e-15
7482  1.40964e-15
7483  1.40676e-15
7484  1.4039e-15
7485  1.40106e-15
7486  1.39823e-15
7487  1.39543e-15
7488  1.39265e-15
7489  1.38988e-15
7490  1.38714e-15
7491  1.38442e-15
7492  1.38172e-15
7493  1.37904e-15
7494  1.37638e-15
7495  1.37374e-15
7496  1.37112e-15
7497  1.36853e-15
7498  1.36595e-15
7499  1.36339e-15
7500  1.36085e-15
7501  1.35834e-15
7502  1.35584e-15
7503  1.35335e-15
7504  1.35089e-15
7505  1.34844e-15
7506  1.34601e-15
7507  1.3436e-15
7508  1.3412e-15
7509  1.33881e-15
7510  1.33644e-15
7511  1.33408e-15
7512  1.33173e-15
7513  1.3294e-15
7514  1.32707e-15
7515  1.32476e-15
7516  1.32245e-15
7517  1.32015e-15
7518  1.31786e-15
7519  1.31558e-15
7520  1.3133e-15
7521  1.31103e-15
7522  1.30876e-15
7523  1.3065e-15
7524  1.30424e-15
7525  1.30198e-15
7526  1.29973e-15
7527  1.29749e-15
7528  1.29524e-15
7529  1.293e-15
7530  1.29076e-15
7531  1.28852e-15
7532  1.28629e-15
7533  1.28406e-15
7534  1.28184e-15
7535  1.27961e-15
7536  1.2774e-15
7537  1.27519e-15
7538  1.27298e-15
7539  1.27078e-15
7540  1.26859e-15
7541  1.26641e-15
7542  1.26424e-15
7543  1.26209e-15
7544  1.25994e-15
7545  1.25781e-15
7546  1.2557e-15
7547  1.25361e-15
7548  1.25153e-15
7549  1.24948e-15
7550  1.24745e-15
7551  1.24545e-15
7552  1.24348e-15
7553  1.24154e-15
7554  1.23964e-15
7555  1.23777e-15
7556  1.23594e-15
7557  1.23415e-15
7558  1.23241e-15
7559  1.23071e-15
7560  1.22907e-15
7561  1.22748e-15
7562  1.22595e-15
7563  1.22447e-15
7564  1.22306e-15
7565  1.22172e-15
7566  1.22045e-15
7567  1.21925e-15
7568  1.21812e-15
7569  1.21708e-15
7570  1.21612e-15
7571  1.21524e-15
7572  1.21445e-15
7573  1.21376e-15
7574  1.21316e-15
7575  1.21266e-15
7576  1.21226e-15
7577  1.21196e-15
7578  1.21177e-15
7579  1.21169e-15
7580  1.21173e-15
7581  1.21188e-15
7582  1.21214e-15
7583  1.21253e-15
7584  1.21304e-15
7585  1.21367e-15
7586  1.21443e-15
7587  1.21532e-15
7588  1.21633e-15
7589  1.21748e-15
7590  1.21876e-15
7591  1.22017e-15
7592  1.22172e-15
7593  1.2234e-15
7594  1.22522e-15
7595  1.22718e-15
7596  1.22927e-15
7597  1.2315e-15
7598  1.23387e-15
7599  1.23637e-15
7600  1.23901e-15
7601  1.24178e-15
7602  1.24468e-15
7603  1.24772e-15
7604  1.25089e-15
7605  1.25419e-15
7606  1.25762e-15
7607  1.26117e-15
7608  1.26484e-15
7609  1.26864e-15
7610  1.27256e-15
7611  1.27659e-15
7612  1.28073e-15
7613  1.28498e-15
7614  1.28934e-15
7615  1.2938e-15
7616  1.29836e-15
7617  1.30301e-15
7618  1.30775e-15
7619  1.31258e-15
7620  1.31749e-15
7621  1.32247e-15
7622  1.32753e-15
7623  1.33266e-15
7624  1.33785e-15
7625  1.34309e-15
7626  1.34839e-15
7627  1.35373e-15
7628  1.35912e-15
7629  1.36454e-15
7630  1.36999e-15
7631  1.37547e-15
7632  1.38096e-15
7633  1.38647e-15
7634  1.39198e-15
7635  1.3975e-15
7636  1.40301e-15
7637  1.40851e-15
7638  1.41399e-15
7639  1.41945e-15
7640  1.42489e-15
7641  1.43029e-15
7642  1.43565e-15
7643  1.44096e-15
7644  1.44623e-15
7645  1.45144e-15
7646  1.45659e-15
7647  1.46167e-15
7648  1.46667e-15
7649  1.4716e-15
7650  1.47645e-15
7651  1.48121e-15
7652  1.48588e-15
7653  1.49045e-15
7654  1.49492e-15
7655  1.49928e-15
7656  1.50353e-15
7657  1.50767e-15
7658  1.51169e-15
7659  1.51558e-15
7660  1.51935e-15
7661  1.523e-15
7662  1.52651e-15
7663  1.52988e-15
7664  1.53312e-15
7665  1.53621e-15
7666  1.53917e-15
7667  1.54197e-15
7668  1.54463e-15
7669  1.54714e-15
7670  1.54951e-15
7671  1.55171e-15
7672  1.55377e-15
7673  1.55567e-15
7674  1.55742e-15
7675  1.55901e-15
7676  1.56045e-15
7677  1.56173e-15
7678  1.56286e-15
7679  1.56383e-15
7680  1.56464e-15
7681  1.5653e-15
7682  1.56581e-15
7683  1.56617e-15
7684  1.56638e-15
7685  1.56644e-15
7686  1.56635e-15
7687  1.56611e-15
7688  1.56573e-15
7689  1.56522e-15
7690  1.56456e-15
7691  1.56376e-15
7692  1.56283e-15
7693  1.56177e-15
7694  1.56059e-15
7695  1.55927e-15
7696  1.55784e-15
7697  1.55628e-15
7698  1.55461e-15
7699  1.55283e-15
7700  1.55094e-15
7701  1.54895e-15
7702  1.54686e-15
7703  1.54466e-15
7704  1.54238e-15
7705  1.54e-15
7706  1.53754e-15
7707  1.535e-15
7708  1.53238e-15
7709  1.52969e-15
7710  1.52692e-15
7711  1.52409e-15
7712  1.5212e-15
7713  1.51826e-15
7714  1.51526e-15
7715  1.51221e-15
7716  1.50911e-15
7717  1.50597e-15
7718  1.5028e-15
7719  1.49959e-15
7720  1.49635e-15
7721  1.49309e-15
7722  1.4898e-15
7723  1.4865e-15
7724  1.48318e-15
7725  1.47985e-15
7726  1.47651e-15
7727  1.47316e-15
7728  1.46981e-15
7729  1.46647e-15
7730  1.46312e-15
7731  1.45979e-15
7732  1.45646e-15
7733  1.45315e-15
7734  1.44985e-15
7735  1.44656e-15
7736  1.4433e-15
7737  1.44006e-15
7738  1.43684e-15
7739  1.43365e-15
7740  1.43049e-15
7741  1.42735e-15
7742  1.42425e-15
7743  1.42117e-15
7744  1.41813e-15
7745  1.41513e-15
7746  1.41216e-15
7747  1.40923e-15
7748  1.40633e-15
7749  1.40347e-15
7750  1.40065e-15
7751  1.39787e-15
7752  1.39512e-15
7753  1.39242e-15
7754  1.38975e-15
7755  1.38713e-15
7756  1.38454e-15
7757  1.38199e-15
7758  1.37948e-15
7759  1.377e-15
7760  1.37456e-15
7761  1.37216e-15
7762  1.3698e-15
7763  1.36746e-15
7764  1.36517e-15
7765  1.3629e-15
7766  1.36067e-15
7767  1.35846e-15
7768  1.35629e-15
7769  1.35414e-15
7770  1.35201e-15
7771  1.34992e-15
7772  1.34784e-15
7773  1.34579e-15
7774  1.34375e-15
7775  1.34174e-15
7776  1.33974e-15
7777  1.33776e-15
7778  1.33579e-15
7779  1.33383e-15
7780  1.33188e-15
7781  1.32994e-15
7782  1.328e-15
7783  1.32607e-15
7784  1.32414e-15
7785  1.32221e-15
7786  1.32028e-15
7787  1.31835e-15
7788  1.31641e-15
7789  1.31447e-15
7790  1.31252e-15
7791  1.31056e-15
7792  1.30859e-15
7793  1.3066e-15
7794  1.3046e-15
7795  1.30258e-15
7796  1.30055e-15
7797  1.2985e-15
7798  1.29642e-15
7799  1.29432e-15
7800  1.2922e-15
7801  1.29006e-15
7802  1.28789e-15
7803  1.28569e-15
7804  1.28346e-15
7805  1.28121e-15
7806  1.27892e-15
7807  1.2766e-15
7808  1.27425e-15
7809  1.27187e-15
7810  1.26945e-15
7811  1.267e-15
7812  1.26451e-15
7813  1.26199e-15
7814  1.25943e-15
7815  1.25683e-15
7816  1.25419e-15
7817  1.25152e-15
7818  1.24881e-15
7819  1.24606e-15
7820  1.24327e-15
7821  1.24044e-15
7822  1.23758e-15
7823  1.23467e-15
7824  1.23172e-15
7825  1.22874e-15
7826  1.22572e-15
7827  1.22265e-15
7828  1.21955e-15
7829  1.21641e-15
7830  1.21324e-15
7831  1.21002e-15
7832  1.20677e-15
7833  1.20348e-15
7834  1.20016e-15
7835  1.19679e-15
7836  1.1934e-15
7837  1.18996e-15
7838  1.1865e-15
7839  1.183e-15
7840  1.17946e-15
7841  1.1759e-15
7842  1.1723e-15
7843  1.16867e-15
7844  1.16501e-15
7845  1.16132e-15
7846  1.1576e-15
7847  1.15385e-15
7848  1.15007e-15
7849  1.14627e-15
7850  1.14244e-15
7851  1.13859e-15
7852  1.13471e-15
7853  1.13081e-15
7854  1.12688e-15
7855  1.12293e-15
7856  1.11896e-15
7857  1.11497e-15
7858  1.11096e-15
7859  1.10693e-15
7860  1.10288e-15
7861  1.09881e-15
7862  1.09472e-15
7863  1.09062e-15
7864  1.0865e-15
7865  1.08237e-15
7866  1.07822e-15
7867  1.07406e-15
7868  1.06988e-15
7869  1.06569e-15
7870  1.06149e-15
7871  1.05728e-15
7872  1.05305e-15
7873  1.04882e-15
7874  1.04457e-15
7875  1.04032e-15
7876  1.03606e-15
7877  1.03179e-15
7878  1.02751e-15
7879  1.02322e-15
7880  1.01892e-15
7881  1.01462e-15
7882  1.01032e-15
7883  1.006e-15
7884  1.00168e-15
7885  9.9736e-16
7886  9.93031e-16
7887  9.88699e-16
7888  9.84362e-16
7889  9.80022e-16
7890  9.75679e-16
7891  9.71333e-16
7892  9.66984e-16
7893  9.62634e-16
7894  9.58282e-16
7895  9.53928e-16
7896  9.49573e-16
7897  9.45218e-16
7898  9.40862e-16
7899  9.36507e-16
7900  9.32152e-16
7901  9.27797e-16
7902  9.23444e-16
7903  9.19093e-16
7904  9.14743e-16
7905  9.10396e-16
7906  9.06052e-16
7907  9.01712e-16
7908  8.97375e-16
7909  8.93042e-16
7910  8.88714e-16
7911  8.84391e-16
7912  8.80074e-16
7913  8.75763e-16
7914  8.71459e-16
7915  8.67163e-16
7916  8.62874e-16
7917  8.58594e-16
7918  8.54324e-16
7919  8.50063e-16
7920  8.45812e-16
7921  8.41573e-16
7922  8.37346e-16
7923  8.33131e-16
7924  8.2893e-16
7925  8.24743e-16
7926  8.2057e-16
7927  8.16413e-16
7928  8.12273e-16
7929  8.0815e-16
7930  8.04045e-16
7931  7.99959e-16
7932  7.95892e-16
7933  7.91847e-16
7934  7.87823e-16
7935  7.83821e-16
7936  7.79843e-16
7937  7.75889e-16
7938  7.7196e-16
7939  7.68058e-16
7940  7.64182e-16
7941  7.60335e-16
7942  7.56516e-16
7943  7.52728e-16
7944  7.4897e-16
7945  7.45244e-16
7946  7.41551e-16
7947  7.37892e-16
7948  7.34267e-16
7949  7.30677e-16
7950  7.27124e-16
7951  7.23609e-16
7952  7.20131e-16
7953  7.16693e-16
7954  7.13294e-16
7955  7.09937e-16
7956  7.06621e-16
7957  7.03347e-16
7958  7.00116e-16
7959  6.96929e-16
7960  6.93787e-16
7961  6.9069e-16
7962  6.87639e-16
7963  6.84635e-16
7964  6.81678e-16
7965  6.78768e-16
7966  6.75907e-16
7967  6.73094e-16
7968  6.70331e-16
7969  6.67617e-16
7970  6.64954e-16
7971  6.62341e-16
7972  6.59778e-16
7973  6.57266e-16
7974  6.54806e-16
7975  6.52397e-16
7976  6.50039e-16
7977  6.47732e-16
7978  6.45478e-16
7979  6.43275e-16
7980  6.41123e-16
7981  6.39023e-16
7982  6.36974e-16
7983  6.34976e-16
7984  6.33029e-16
7985  6.31132e-16
7986  6.29286e-16
7987  6.2749e-16
7988  6.25744e-16
7989  6.24046e-16
7990  6.22397e-16
7991  6.20796e-16
7992  6.19243e-16
7993  6.17737e-16
7994  6.16276e-16
7995  6.14862e-16
7996  6.13492e-16
7997  6.12167e-16
7998  6.10885e-16
7999  6.09646e-16
8000  6.08448e-16
8001  6.07291e-16
8002  6.06175e-16
8003  6.05097e-16
8004  6.04058e-16
8005  6.03056e-16
8006  6.02091e-16
8007  6.0116e-16
8008  6.00264e-16
8009  5.99402e-16
8010  5.98572e-16
8011  5.97773e-16
8012  5.97004e-16
8013  5.96265e-16
8014  5.95554e-16
8015  5.94871e-16
8016  5.94213e-16
8017  5.93581e-16
8018  5.92973e-16
8019  5.92389e-16
8020  5.91826e-16
8021  5.91285e-16
8022  5.90765e-16
8023  5.90263e-16
8024  5.8978e-16
8025  5.89315e-16
8026  5.88867e-16
8027  5.88434e-16
8028  5.88017e-16
8029  5.87614e-16
8030  5.87224e-16
8031  5.86847e-16
8032  5.86482e-16
8033  5.86128e-16
8034  5.85786e-16
8035  5.85453e-16
8036  5.8513e-16
8037  5.84816e-16
8038  5.8451e-16
8039  5.84213e-16
8040  5.83923e-16
8041  5.8364e-16
8042  5.83365e-16
8043  5.83095e-16
8044  5.82832e-16
8045  5.82575e-16
8046  5.82324e-16
8047  5.82078e-16
8048  5.81838e-16
8049  5.81602e-16
8050  5.81373e-16
8051  5.81148e-16
8052  5.80928e-16
8053  5.80714e-16
8054  5.80504e-16
8055  5.803e-16
8056  5.80101e-16
8057  5.79907e-16
8058  5.79719e-16
8059  5.79536e-16
8060  5.7936e-16
8061  5.79188e-16
8062  5.79023e-16
8063  5.78865e-16
8064  5.78712e-16
8065  5.78566e-16
8066  5.78427e-16
8067  5.78295e-16
8068  5.7817e-16
8069  5.78052e-16
8070  5.77942e-16
8071  5.7784e-16
8072  5.77745e-16
8073  5.77658e-16
8074  5.77579e-16
8075  5.77508e-16
8076  5.77445e-16
8077  5.77391e-16
8078  5.77345e-16
8079  5.77307e-16
8080  5.77277e-16
8081  5.77255e-16
8082  5.7724e-16
8083  5.77234e-16
8084  5.77235e-16
8085  5.77243e-16
8086  5.77258e-16
8087  5.7728e-16
8088  5.77308e-16
8089  5.77341e-16
8090  5.7738e-16
8091  5.77423e-16
8092  5.7747e-16
8093  5.7752e-16
8094  5.77573e-16
8095  5.77627e-16
8096  5.77682e-16
8097  5.77737e-16
8098  5.77791e-16
8099  5.77843e-16
8100  5.77892e-16
8101  5.77936e-16
8102  5.77974e-16
8103  5.78006e-16
8104  5.78029e-16
8105  5.78043e-16
8106  5.78045e-16
8107  5.78035e-16
8108  5.7801e-16
8109  5.7797e-16
8110  5.77912e-16
8111  5.77835e-16
8112  5.77737e-16
8113  5.77616e-16
8114  5.77471e-16
8115  5.77298e-16
8116  5.77098e-16
8117  5.76867e-16
8118  5.76603e-16
8119  5.76306e-16
8120  5.75971e-16
8121  5.75598e-16
8122  5.75185e-16
8123  5.74729e-16
8124  5.74228e-16
8125  5.73681e-16
8126  5.73085e-16
8127  5.72437e-16
8128  5.71737e-16
8129  5.70981e-16
8130  5.70168e-16
8131  5.69297e-16
8132  5.68364e-16
8133  5.67368e-16
8134  5.66307e-16
8135  5.65179e-16
8136  5.63982e-16
8137  5.62715e-16
8138  5.61375e-16
8139  5.59962e-16
8140  5.58473e-16
8141  5.56908e-16
8142  5.55264e-16
8143  5.5354e-16
8144  5.51735e-16
8145  5.49847e-16
8146  5.47876e-16
8147  5.45821e-16
8148  5.4368e-16
8149  5.41453e-16
8150  5.39139e-16
8151  5.36738e-16
8152  5.34248e-16
8153  5.31671e-16
8154  5.29004e-16
8155  5.26249e-16
8156  5.23405e-16
8157  5.20472e-16
8158  5.17451e-16
8159  5.14341e-16
8160  5.11144e-16
8161  5.0786e-16
8162  5.0449e-16
8163  5.01035e-16
8164  4.97495e-16
8165  4.93873e-16
8166  4.90168e-16
8167  4.86384e-16
8168  4.8252e-16
8169  4.7858e-16
8170  4.74564e-16
8171  4.70476e-16
8172  4.66316e-16
8173  4.62088e-16
8174  4.57793e-16
8175  4.53435e-16
8176  4.49015e-16
8177  4.44537e-16
8178  4.40003e-16
8179  4.35417e-16
8180  4.30781e-16
8181  4.26099e-16
8182  4.21374e-16
8183  4.1661e-16
8184  4.1181e-16
8185  4.06978e-16
8186  4.02116e-16
8187  3.9723e-16
8188  3.92324e-16
8189  3.874e-16
8190  3.82463e-16
8191  3.77517e-16
8192  3.72566e-16
8193  3.67615e-16
8194  3.62667e-16
8195  3.57727e-16
8196  3.528e-16
8197  3.47888e-16
8198  3.42998e-16
8199  3.38132e-16
8200  3.33297e-16
8201  3.28495e-16
8202  3.23731e-16
8203  3.1901e-16
8204  3.14335e-16
8205  3.09712e-16
8206  3.05144e-16
8207  3.00636e-16
8208  2.96192e-16
8209  2.91815e-16
8210  2.87511e-16
8211  2.83282e-16
8212  2.79133e-16
8213  2.75068e-16
8214  2.71091e-16
8215  2.67204e-16
8216  2.63412e-16
8217  2.59718e-16
8218  2.56126e-16
8219  2.52638e-16
8220  2.49259e-16
8221  2.4599e-16
8222  2.42834e-16
8223  2.39796e-16
8224  2.36876e-16
8225  2.34078e-16
8226  2.31403e-16
8227  2.28855e-16
8228  2.26434e-16
8229  2.24144e-16
8230  2.21985e-16
8231  2.19959e-16
8232  2.18067e-16
8233  2.16311e-16
8234  2.14692e-16
8235  2.13211e-16
8236  2.11868e-16
8237  2.10663e-16
8238  2.09598e-16
8239  2.08672e-16
8240  2.07886e-16
8241  2.07239e-16
8242  2.06731e-16
8243  2.06361e-16
8244  2.06129e-16
8245  2.06034e-16
8246  2.06075e-16
8247  2.06251e-16
8248  2.06561e-16
8249  2.07002e-16
8250  2.07574e-16
8251  2.08275e-16
8252  2.09102e-16
8253  2.10054e-16
8254  2.11129e-16
8255  2.12323e-16
8256  2.13635e-16
8257  2.15062e-16
8258  2.16602e-16
8259  2.18251e-16
8260  2.20006e-16
8261  2.21864e-16
8262  2.23823e-16
8263  2.25878e-16
8264  2.28027e-16
8265  2.30266e-16
8266  2.32592e-16
8267  2.35e-16
8268  2.37488e-16
8269  2.40051e-16
8270  2.42685e-16
8271  2.45388e-16
8272  2.48154e-16
8273  2.50981e-16
8274  2.53863e-16
8275  2.56797e-16
8276  2.5978e-16
8277  2.62806e-16
8278  2.65872e-16
8279  2.68975e-16
8280  2.72109e-16
8281  2.75272e-16
8282  2.78458e-16
8283  2.81665e-16
8284  2.84887e-16
8285  2.88123e-16
8286  2.91366e-16
8287  2.94615e-16
8288  2.97864e-16
8289  3.01111e-16
8290  3.04352e-16
8291  3.07583e-16
8292  3.10802e-16
8293  3.14003e-16
8294  3.17185e-16
8295  3.20345e-16
8296  3.23478e-16
8297  3.26582e-16
8298  3.29655e-16
8299  3.32693e-16
8300  3.35694e-16
8301  3.38656e-16
8302  3.41575e-16
8303  3.4445e-16
8304  3.47278e-16
8305  3.50058e-16
8306  3.52787e-16
8307  3.55464e-16
8308  3.58087e-16
8309  3.60654e-16
8310  3.63164e-16
8311  3.65616e-16
8312  3.68008e-16
8313  3.7034e-16
8314  3.7261e-16
8315  3.74818e-16
8316  3.76964e-16
8317  3.79046e-16
8318  3.81064e-16
8319  3.83019e-16
8320  3.84909e-16
8321  3.86735e-16
8322  3.88498e-16
8323  3.90196e-16
8324  3.91832e-16
8325  3.93404e-16
8326  3.94914e-16
8327  3.96363e-16
8328  3.9775e-16
8329  3.99078e-16
8330  4.00347e-16
8331  4.01558e-16
8332  4.02713e-16
8333  4.03813e-16
8334  4.04858e-16
8335  4.05851e-16
8336  4.06794e-16
8337  4.07687e-16
8338  4.08533e-16
8339  4.09333e-16
8340  4.10089e-16
8341  4.10803e-16
8342  4.11477e-16
8343  4.12113e-16
8344  4.12713e-16
8345  4.13279e-16
8346  4.13813e-16
8347  4.14318e-16
8348  4.14795e-16
8349  4.15248e-16
8350  4.15677e-16
8351  4.16086e-16
8352  4.16477e-16
8353  4.16851e-16
8354  4.17212e-16
8355  4.17562e-16
8356  4.17903e-16
8357  4.18237e-16
8358  4.18567e-16
8359  4.18894e-16
8360  4.19222e-16
8361  4.19553e-16
8362  4.19889e-16
8363  4.20231e-16
8364  4.20583e-16
8365  4.20947e-16
8366  4.21324e-16
8367  4.21717e-16
8368  4.22128e-16
8369  4.22559e-16
8370  4.23012e-16
8371  4.23489e-16
8372  4.23992e-16
8373  4.24522e-16
8374  4.25083e-16
8375  4.25675e-16
8376  4.263e-16
8377  4.26961e-16
8378  4.27658e-16
8379  4.28393e-16
8380  4.29169e-16
8381  4.29985e-16
8382  4.30845e-16
8383  4.31749e-16
8384  4.32698e-16
8385  4.33694e-16
8386  4.34738e-16
8387  4.35832e-16
8388  4.36976e-16
8389  4.38171e-16
8390  4.39419e-16
8391  4.4072e-16
8392  4.42076e-16
8393  4.43487e-16
8394  4.44953e-16
8395  4.46477e-16
8396  4.48058e-16
8397  4.49696e-16
8398  4.51394e-16
8399  4.5315e-16
8400  4.54967e-16
8401  4.56843e-16
8402  4.58779e-16
8403  4.60777e-16
8404  4.62835e-16
8405  4.64955e-16
8406  4.67136e-16
8407  4.69378e-16
8408  4.71683e-16
8409  4.74049e-16
8410  4.76476e-16
8411  4.78966e-16
8412  4.81517e-16
8413  4.84129e-16
8414  4.86803e-16
8415  4.89537e-16
8416  4.92333e-16
8417  4.95189e-16
8418  4.98106e-16
8419  5.01082e-16
8420  5.04118e-16
8421  5.07213e-16
8422  5.10367e-16
8423  5.13579e-16
8424  5.16848e-16
8425  5.20175e-16
8426  5.23557e-16
8427  5.26996e-16
8428  5.3049e-16
8429  5.34038e-16
8430  5.3764e-16
8431  5.41294e-16
8432  5.45001e-16
8433  5.48759e-16
8434  5.52568e-16
8435  5.56426e-16
8436  5.60332e-16
8437  5.64287e-16
8438  5.68288e-16
8439  5.72335e-16
8440  5.76426e-16
8441  5.80561e-16
8442  5.84738e-16
8443  5.88957e-16
8444  5.93216e-16
8445  5.97514e-16
8446  6.01849e-16
8447  6.06222e-16
8448  6.10629e-16
8449  6.15071e-16
8450  6.19545e-16
8451  6.2405e-16
8452  6.28585e-16
8453  6.33149e-16
8454  6.3774e-16
8455  6.42356e-16
8456  6.46997e-16
8457  6.5166e-16
8458  6.56345e-16
8459  6.61049e-16
8460  6.65771e-16
8461  6.70509e-16
8462  6.75263e-16
8463  6.80029e-16
8464  6.84807e-16
8465  6.89595e-16
8466  6.94392e-16
8467  6.99194e-16
8468  7.04002e-16
8469  7.08813e-16
8470  7.13625e-16
8471  7.18437e-16
8472  7.23247e-16
8473  7.28053e-16
8474  7.32853e-16
8475  7.37646e-16
8476  7.42431e-16
8477  7.47204e-16
8478  7.51965e-16
8479  7.56712e-16
8480  7.61443e-16
8481  7.66156e-16
8482  7.70849e-16
8483  7.75522e-16
8484  7.80172e-16
8485  7.84797e-16
8486  7.89397e-16
8487  7.93968e-16
8488  7.98511e-16
8489  8.03022e-16
8490  8.07502e-16
8491  8.11947e-16
8492  8.16357e-16
8493  8.2073e-16
8494  8.25065e-16
8495  8.29361e-16
8496  8.33615e-16
8497  8.37828e-16
8498  8.41997e-16
8499  8.46121e-16
8500  8.502e-16
8501  8.54232e-16
8502  8.58217e-16
8503  8.62152e-16
8504  8.66038e-16
8505  8.69874e-16
8506  8.73658e-16
8507  8.7739e-16
8508  8.81069e-16
8509  8.84696e-16
8510  8.88268e-16
8511  8.91786e-16
8512  8.9525e-16
8513  8.98658e-16
8514  9.02011e-16
8515  9.05309e-16
8516  9.08551e-16
8517  9.11738e-16
8518  9.14869e-16
8519  9.17945e-16
8520  9.20965e-16
8521  9.23931e-16
8522  9.26841e-16
8523  9.29698e-16
8524  9.325e-16
8525  9.3525e-16
8526  9.37946e-16
8527  9.40591e-16
8528  9.43184e-16
8529  9.45727e-16
8530  9.4822e-16
8531  9.50665e-16
8532  9.53061e-16
8533  9.55412e-16
8534  9.57716e-16
8535  9.59977e-16
8536  9.62194e-16
8537  9.6437e-16
8538  9.66505e-16
8539  9.68601e-16
8540  9.70659e-16
8541  9.72681e-16
8542  9.74668e-16
8543  9.76622e-16
8544  9.78545e-16
8545  9.80437e-16
8546  9.82301e-16
8547  9.84138e-16
8548  9.85951e-16
8549  9.87739e-16
8550  9.89507e-16
8551  9.91254e-16
8552  9.92983e-16
8553  9.94695e-16
8554  9.96393e-16
8555  9.98077e-16
8556  9.9975e-16
8557  1.00141e-15
8558  1.00307e-15
8559  1.00472e-15
8560  1.00636e-15
8561  1.008e-15
8562  1.00964e-15
8563  1.01128e-15
8564  1.01292e-15
8565  1.01457e-15
8566  1.01622e-15
8567  1.01787e-15
8568  1.01954e-15
8569  1.02121e-15
8570  1.02289e-15
8571  1.02458e-15
8572  1.02628e-15
8573  1.028e-15
8574  1.02973e-15
8575  1.03148e-15
8576  1.03324e-15
8577  1.03502e-15
8578  1.03682e-15
8579  1.03864e-15
8580  1.04047e-15
8581  1.04233e-15
8582  1.0442e-15
8583  1.04609e-15
8584  1.04801e-15
8585  1.04995e-15
8586  1.0519e-15
8587  1.05388e-15
8588  1.05588e-15
8589  1.0579e-15
8590  1.05994e-15
8591  1.062e-15
8592  1.06408e-15
8593  1.06618e-15
8594  1.0683e-15
8595  1.07044e-15
8596  1.07259e-15
8597  1.07476e-15
8598  1.07695e-15
8599  1.07915e-15
8600  1.08137e-15
8601  1.0836e-15
8602  1.08585e-15
8603  1.0881e-15
8604  1.09037e-15
8605  1.09264e-15
8606  1.09492e-15
8607  1.0972e-15
8608  1.09949e-15
8609  1.10178e-15
8610  1.10408e-15
8611  1.10637e-15
8612  1.10866e-15
8613  1.11095e-15
8614  1.11323e-15
8615  1.1155e-15
8616  1.11777e-15
8617  1.12002e-15
8618  1.12226e-15
8619  1.12449e-15
8620  1.1267e-15
8621  1.12889e-15
8622  1.13106e-15
8623  1.13321e-15
8624  1.13534e-15
8625  1.13744e-15
8626  1.13951e-15
8627  1.14155e-15
8628  1.14356e-15
8629  1.14553e-15
8630  1.14747e-15
8631  1.14938e-15
8632  1.15124e-15
8633  1.15307e-15
8634  1.15485e-15
8635  1.15658e-15
8636  1.15827e-15
8637  1.15992e-15
8638  1.16151e-15
8639  1.16306e-15
8640  1.16455e-15
8641  1.16599e-15
8642  1.16737e-15
8643  1.16869e-15
8644  1.16996e-15
8645  1.17117e-15
8646  1.17232e-15
8647  1.17341e-15
8648  1.17444e-15
8649  1.1754e-15
8650  1.17631e-15
8651  1.17714e-15
8652  1.17791e-15
8653  1.17862e-15
8654  1.17925e-15
8655  1.17982e-15
8656  1.18033e-15
8657  1.18076e-15
8658  1.18113e-15
8659  1.18143e-15
8660  1.18165e-15
8661  1.18182e-15
8662  1.18191e-15
8663  1.18193e-15
8664  1.18189e-15
8665  1.18177e-15
8666  1.18159e-15
8667  1.18134e-15
8668  1.18103e-15
8669  1.18065e-15
8670  1.1802e-15
8671  1.17969e-15
8672  1.17911e-15
8673  1.17847e-15
8674  1.17777e-15
8675  1.177e-15
8676  1.17618e-15
8677  1.1753e-15
8678  1.17435e-15
8679  1.17335e-15
8680  1.1723e-15
8681  1.17119e-15
8682  1.17002e-15
8683  1.16881e-15
8684  1.16754e-15
8685  1.16622e-15
8686  1.16486e-15
8687  1.16345e-15
8688  1.162e-15
8689  1.1605e-15
8690  1.15897e-15
8691  1.15739e-15
8692  1.15578e-15
8693  1.15413e-15
8694  1.15244e-15
8695  1.15073e-15
8696  1.14898e-15
8697  1.14721e-15
8698  1.1454e-15
8699  1.14357e-15
8700  1.14172e-15
8701  1.13985e-15
8702  1.13796e-15
8703  1.13604e-15
8704  1.13412e-15
8705  1.13217e-15
8706  1.13022e-15
8707  1.12825e-15
8708  1.12628e-15
8709  1.12429e-15
8710  1.1223e-15
8711  1.12031e-15
8712  1.11831e-15
8713  1.11631e-15
8714  1.11431e-15
8715  1.11231e-15
8716  1.11032e-15
8717  1.10833e-15
8718  1.10634e-15
8719  1.10436e-15
8720  1.10239e-15
8721  1.10043e-15
8722  1.09848e-15
8723  1.09654e-15
8724  1.09462e-15
8725  1.0927e-15
8726  1.0908e-15
8727  1.08892e-15
8728  1.08705e-15
8729  1.08521e-15
8730  1.08337e-15
8731  1.08156e-15
8732  1.07976e-15
8733  1.07799e-15
8734  1.07623e-15
8735  1.0745e-15
8736  1.07278e-15
8737  1.07109e-15
8738  1.06942e-15
8739  1.06777e-15
8740  1.06614e-15
8741  1.06453e-15
8742  1.06294e-15
8743  1.06137e-15
8744  1.05983e-15
8745  1.0583e-15
8746  1.0568e-15
8747  1.05532e-15
8748  1.05385e-15
8749  1.05241e-15
8750  1.05098e-15
8751  1.04958e-15
8752  1.04819e-15
8753  1.04682e-15
8754  1.04547e-15
8755  1.04413e-15
8756  1.04281e-15
8757  1.0415e-15
8758  1.04021e-15
8759  1.03893e-15
8760  1.03766e-15
8761  1.03641e-15
8762  1.03516e-15
8763  1.03392e-15
8764  1.0327e-15
8765  1.03148e-15
8766  1.03026e-15
8767  1.02906e-15
8768  1.02785e-15
8769  1.02665e-15
8770  1.02546e-15
8771  1.02426e-15
8772  1.02307e-15
8773  1.02187e-15
8774  1.02068e-15
8775  1.01948e-15
8776  1.01827e-15
8777  1.01706e-15
8778  1.01585e-15
8779  1.01463e-15
8780  1.0134e-15
8781  1.01216e-15
8782  1.01091e-15
8783  1.00965e-15
8784  1.00838e-15
8785  1.0071e-15
8786  1.0058e-15
8787  1.00449e-15
8788  1.00316e-15
8789  1.00181e-15
8790  1.00045e-15
8791  9.99069e-16
8792  9.97669e-16
8793  9.9625e-16
8794  9.9481e-16
8795  9.9335e-16
8796  9.91867e-16
8797  9.90363e-16
8798  9.88835e-16
8799  9.87284e-16
8800  9.85709e-16
8801  9.8411e-16
8802  9.82486e-16
8803  9.80836e-16
8804  9.79161e-16
8805  9.7746e-16
8806  9.75733e-16
8807  9.73979e-16
8808  9.72198e-16
8809  9.70391e-16
8810  9.68556e-16
8811  9.66695e-16
8812  9.64806e-16
8813  9.6289e-16
8814  9.60946e-16
8815  9.58975e-16
8816  9.56977e-16
8817  9.54952e-16
8818  9.529e-16
8819  9.50821e-16
8820  9.48715e-16
8821  9.46583e-16
8822  9.44424e-16
8823  9.4224e-16
8824  9.40029e-16
8825  9.37794e-16
8826  9.35533e-16
8827  9.33247e-16
8828  9.30938e-16
8829  9.28604e-16
8830  9.26247e-16
8831  9.23866e-16
8832  9.21463e-16
8833  9.19038e-16
8834  9.16591e-16
8835  9.14123e-16
8836  9.11634e-16
8837  9.09125e-16
8838  9.06596e-16
8839  9.04048e-16
8840  9.01482e-16
8841  8.98897e-16
8842  8.96295e-16
8843  8.93676e-16
8844  8.9104e-16
8845  8.88389e-16
8846  8.85722e-16
8847  8.83041e-16
8848  8.80345e-16
8849  8.77636e-16
8850  8.74913e-16
8851  8.72179e-16
8852  8.69432e-16
8853  8.66673e-16
8854  8.63904e-16
8855  8.61124e-16
8856  8.58334e-16
8857  8.55535e-16
8858  8.52727e-16
8859  8.49911e-16
8860  8.47087e-16
8861  8.44255e-16
8862  8.41417e-16
8863  8.38571e-16
8864  8.3572e-16
8865  8.32863e-16
8866  8.30001e-16
8867  8.27134e-16
8868  8.24263e-16
8869  8.21387e-16
8870  8.18508e-16
8871  8.15626e-16
8872  8.1274e-16
8873  8.09853e-16
8874  8.06962e-16
8875  8.0407e-16
8876  8.01177e-16
8877  7.98282e-16
8878  7.95386e-16
8879  7.92489e-16
8880  7.89592e-16
8881  7.86694e-16
8882  7.83797e-16
8883  7.809e-16
8884  7.78003e-16
8885  7.75108e-16
8886  7.72213e-16
8887  7.6932e-16
8888  7.66428e-16
8889  7.63537e-16
8890  7.60649e-16
8891  7.57763e-16
8892  7.54879e-16
8893  7.51997e-16
8894  7.49118e-16
8895  7.46242e-16
8896  7.43369e-16
8897  7.405e-16
8898  7.37634e-16
8899  7.34771e-16
8900  7.31912e-16
8901  7.29058e-16
8902  7.26207e-16
8903  7.23361e-16
8904  7.2052e-16
8905  7.17683e-16
8906  7.14852e-16
8907  7.12026e-16
8908  7.09205e-16
8909  7.0639e-16
8910  7.03581e-16
8911  7.00778e-16
8912  6.97981e-16
8913  6.95191e-16
8914  6.92408e-16
8915  6.89632e-16
8916  6.86863e-16
8917  6.84102e-16
8918  6.81349e-16
8919  6.78604e-16
8920  6.75868e-16
8921  6.7314e-16
8922  6.70422e-16
8923  6.67713e-16
8924  6.65014e-16
8925  6.62324e-16
8926  6.59646e-16
8927  6.56978e-16
8928  6.54321e-16
8929  6.51676e-16
8930  6.49042e-16
8931  6.46421e-16
8932  6.43812e-16
8933  6.41217e-16
8934  6.38634e-16
8935  6.36066e-16
8936  6.33512e-16
8937  6.30972e-16
8938  6.28448e-16
8939  6.25939e-16
8940  6.23446e-16
8941  6.2097e-16
8942  6.1851e-16
8943  6.16068e-16
8944  6.13643e-16
8945  6.11237e-16
8946  6.08849e-16
8947  6.06481e-16
8948  6.04132e-16
8949  6.01804e-16
8950  5.99496e-16
8951  5.97209e-16
8952  5.94943e-16
8953  5.927e-16
8954  5.90479e-16
8955  5.88282e-16
8956  5.86108e-16
8957  5.83957e-16
8958  5.81832e-16
8959  5.79731e-16
8960  5.77656e-16
8961  5.75607e-16
8962  5.73584e-16
8963  5.71588e-16
8964  5.69619e-16
8965  5.67678e-16
8966  5.65766e-16
8967  5.63882e-16
8968  5.62027e-16
8969  5.60202e-16
8970  5.58407e-16
8971  5.56642e-16
8972  5.54909e-16
8973  5.53206e-16
8974  5.51535e-16
8975  5.49897e-16
8976  5.4829e-16
8977  5.46717e-16
8978  5.45176e-16
8979  5.4367e-16
8980  5.42197e-16
8981  5.40758e-16
8982  5.39354e-16
8983  5.37984e-16
8984  5.3665e-16
8985  5.3535e-16
8986  5.34087e-16
8987  5.32859e-16
8988  5.31667e-16
8989  5.30512e-16
8990  5.29393e-16
8991  5.2831e-16
8992  5.27264e-16
8993  5.26255e-16
8994  5.25283e-16
8995  5.24348e-16
8996  5.2345e-16
8997  5.2259e-16
8998  5.21766e-16
8999  5.2098e-16
9000  5.20231e-16
9001  5.1952e-16
9002  5.18845e-16
9003  5.18208e-16
9004  5.17608e-16
9005  5.17044e-16
9006  5.16518e-16
9007  5.16028e-16
9008  5.15574e-16
9009  5.15157e-16
9010  5.14776e-16
9011  5.14431e-16
9012  5.14121e-16
9013  5.13847e-16
9014  5.13607e-16
9015  5.13402e-16
9016  5.13231e-16
9017  5.13095e-16
9018  5.12991e-16
9019  5.12921e-16
9020  5.12884e-16
9021  5.12878e-16
9022  5.12905e-16
9023  5.12962e-16
9024  5.1305e-16
9025  5.13169e-16
9026  5.13316e-16
9027  5.13493e-16
9028  5.13698e-16
9029  5.13931e-16
9030  5.14191e-16
9031  5.14478e-16
9032  5.1479e-16
9033  5.15127e-16
9034  5.15489e-16
9035  5.15874e-16
9036  5.16282e-16
9037  5.16713e-16
9038  5.17164e-16
9039  5.17637e-16
9040  5.18129e-16
9041  5.1864e-16
9042  5.1917e-16
9043  5.19717e-16
9044  5.2028e-16
9045  5.2086e-16
9046  5.21454e-16
9047  5.22063e-16
9048  5.22684e-16
9049  5.23319e-16
9050  5.23964e-16
9051  5.24621e-16
9052  5.25287e-16
9053  5.25963e-16
9054  5.26647e-16
9055  5.27338e-16
9056  5.28036e-16
9057  5.28739e-16
9058  5.29448e-16
9059  5.3016e-16
9060  5.30876e-16
9061  5.31594e-16
9062  5.32314e-16
9063  5.33035e-16
9064  5.33756e-16
9065  5.34477e-16
9066  5.35196e-16
9067  5.35914e-16
9068  5.36628e-16
9069  5.3734e-16
9070  5.38047e-16
9071  5.38749e-16
9072  5.39447e-16
9073  5.40138e-16
9074  5.40823e-16
9075  5.41501e-16
9076  5.42171e-16
9077  5.42833e-16
9078  5.43486e-16
9079  5.44131e-16
9080  5.44765e-16
9081  5.4539e-16
9082  5.46005e-16
9083  5.46609e-16
9084  5.47201e-16
9085  5.47782e-16
9086  5.48352e-16
9087  5.4891e-16
9088  5.49455e-16
9089  5.49988e-16
9090  5.50508e-16
9091  5.51016e-16
9092  5.5151e-16
9093  5.51991e-16
9094  5.5246e-16
9095  5.52915e-16
9096  5.53356e-16
9097  5.53784e-16
9098  5.54199e-16
9099  5.54601e-16
9100  5.54989e-16
9101  5.55364e-16
9102  5.55726e-16
9103  5.56075e-16
9104  5.56411e-16
9105  5.56734e-16
9106  5.57044e-16
9107  5.57342e-16
9108  5.57627e-16
9109  5.57901e-16
9110  5.58162e-16
9111  5.58412e-16
9112  5.5865e-16
9113  5.58878e-16
9114  5.59094e-16
9115  5.593e-16
9116  5.59495e-16
9117  5.5968e-16
9118  5.59855e-16
9119  5.60021e-16
9120  5.60178e-16
9121  5.60325e-16
9122  5.60464e-16
9123  5.60595e-16
9124  5.60718e-16
9125  5.60833e-16
9126  5.60941e-16
9127  5.61042e-16
9128  5.61135e-16
9129  5.61223e-16
9130  5.61304e-16
9131  5.6138e-16
9132  5.6145e-16
9133  5.61515e-16
9134  5.61575e-16
9135  5.6163e-16
9136  5.6168e-16
9137  5.61727e-16
9138  5.61769e-16
9139  5.61808e-16
9140  5.61844e-16
9141  5.61876e-16
9142  5.61905e-16
9143  5.61932e-16
9144  5.61955e-16
9145  5.61977e-16
9146  5.61996e-16
9147  5.62014e-16
9148  5.62029e-16
9149  5.62043e-16
9150  5.62055e-16
9151  5.62066e-16
9152  5.62075e-16
9153  5.62084e-16
9154  5.62091e-16
9155  5.62097e-16
9156  5.62103e-16
9157  5.62108e-16
9158  5.62112e-16
9159  5.62115e-16
9160  5.62118e-16
9161  5.62121e-16
9162  5.62123e-16
9163  5.62125e-16
9164  5.62126e-16
9165  5.62128e-16
9166  5.62129e-16
9167  5.62129e-16
9168  5.6213e-16
9169  5.62131e-16
9170  5.62131e-16
9171  5.62132e-16
9172  5.62132e-16
9173  5.62132e-16
9174  5.62132e-16
9175  5.62132e-16
9176  5.62132e-16
9177  5.62132e-16
9178  5.62133e-16
9179  5.62133e-16
9180  5.62133e-16
9181  5.62133e-16
9182  5.62133e-16
9183  5.62133e-16
9184  5.62133e-16
9185  5.62133e-16
9186  5.62133e-16
9187  5.62133e-16
9188  5.62133e-16
9189  5.62133e-16
9190  5.62133e-16
9191  5.62133e-16
9192  5.62133e-16
9193  5.62133e-16
9194  5.62133e-16
9195  5.62133e-16
9196  5.62133e-16
9197  5.62133e-16
9198  5.62133e-16
9199  5.62133e-16
9200  5.62133e-16