#0.999196645896699
2200.65  4.82935e-15
2203.35  3.6942e-15
2206.06  2.57421e-15
2208.78  1.57864e-15
2211.49  8.11821e-16
2214.22  3.58939e-16
2216.94  2.73958e-16
2219.67  5.71864e-16
2222.4   1.22689e-15
2225.14  2.1774e-15
2227.88  3.33706e-15
2230.63  4.6105e-15
2233.38  5.91099e-15
2236.13  7.17663e-15
2238.89  8.38176e-15
2241.65  9.54076e-15
2244.42  1.07028e-14
2247.19  1.19377e-14
2249.96  1.33149e-14
2252.74  1.48796e-14
2255.52  1.66313e-14
2258.3   1.85083e-14
2261.09  2.03849e-14
2263.88  2.20811e-14
2266.68  2.33857e-14
2269.48  2.40905e-14
2272.29  2.40279e-14
2275.09  2.31077e-14
2277.91  2.13445e-14
2280.72  1.88697e-14
2283.54  1.59256e-14
2286.37  1.28406e-14
2289.19  9.98863e-15
2292.02  7.73865e-15
2294.86  6.40191e-15
2297.7   6.18581e-15
2300.54  7.16138e-15
2303.39  9.25004e-15
2306.24  1.22319e-14
2309.09  1.57744e-14
2311.95  1.9478e-14
2314.81  2.29307e-14
2317.68  2.57653e-14
2320.55  2.77098e-14
2323.42  2.86244e-14
2326.3   2.85194e-14
2329.18  2.75524e-14
2332.06  2.60037e-14
2334.95  2.42349e-14
2337.84  2.26346e-14
2340.73  2.15615e-14
2343.63  2.12902e-14
2346.53  2.197e-14
2349.44  2.36019e-14
2352.35  2.60385e-14
2355.26  2.90059e-14
2358.18  3.21467e-14
2361.1   3.50756e-14
2364.02  3.74419e-14
2366.95  3.89861e-14
2369.88  3.9584e-14
2372.82  3.92689e-14
2375.76  3.82295e-14
2378.7   3.6782e-14
2381.64  3.53208e-14
2384.59  3.42565e-14
2387.55  3.39501e-14
2390.5   3.46544e-14
2393.46  3.64729e-14
2396.43  3.93417e-14
2399.39  4.30379e-14
2402.36  4.72125e-14
2405.34  5.14418e-14
2408.31  5.52894e-14
2411.29  5.83681e-14
2414.28  6.03928e-14
2417.27  6.12158e-14
2420.26  6.08417e-14
2423.25  5.94184e-14
2426.25  5.72098e-14
2429.25  5.45524e-14
2432.26  5.18064e-14
2435.26  4.93057e-14
2438.28  4.73161e-14
2441.29  4.60058e-14
2444.31  4.54321e-14
2447.33  4.5544e-14
2450.36  4.62002e-14
2453.38  4.71975e-14
2456.42  4.83065e-14
2459.45  4.93077e-14
2462.49  5.00239e-14
2465.53  5.03454e-14
2468.58  5.02426e-14
2471.63  4.97682e-14
2474.68  4.90463e-14
2477.73  4.82524e-14
2480.79  4.75868e-14
2483.85  4.7245e-14
2486.92  4.73908e-14
2489.99  4.81334e-14
2493.06  4.95146e-14
2496.13  5.15039e-14
2499.21  5.40052e-14
2502.29  5.68711e-14
2505.38  5.99227e-14
2508.47  6.29724e-14
2511.56  6.58459e-14
2514.65  6.83998e-14
2517.75  7.05339e-14
2520.85  7.21964e-14
2523.96  7.3383e-14
2527.06  7.41302e-14
2530.17  7.45052e-14
2533.29  7.45943e-14
2536.4   7.44915e-14
2539.52  7.42885e-14
2542.65  7.40669e-14
2545.77  7.38925e-14
2548.9   7.38125e-14
2552.03  7.38528e-14
2555.17  7.40171e-14
2558.31  7.42865e-14
2561.45  7.46195e-14
2564.59  7.49537e-14
2567.74  7.52085e-14
2570.89  7.5291e-14
2574.05  7.51035e-14
2577.2   7.45541e-14
2580.36  7.35685e-14
2583.53  7.21011e-14
2586.69  7.01452e-14
2589.86  6.77397e-14
2593.04  6.49698e-14
2596.21  6.19633e-14
2599.39  5.88797e-14
2602.57  5.58956e-14
2605.76  5.31862e-14
2608.94  5.09065e-14
2612.13  4.91745e-14
2615.33  4.80578e-14
2618.52  4.75675e-14
2621.72  4.7658e-14
2624.92  4.82351e-14
2628.13  4.91689e-14
2631.34  5.03114e-14
2634.55  5.15163e-14
2637.76  5.26562e-14
2640.98  5.36381e-14
2644.2   5.44119e-14
2647.42  5.49738e-14
2650.65  5.5362e-14
2653.88  5.56484e-14
2657.11  5.59252e-14
2660.34  5.6291e-14
2663.58  5.6837e-14
2666.82  5.76356e-14
2670.06  5.87338e-14
2673.31  6.01498e-14
2676.56  6.18746e-14
2679.81  6.38772e-14
2683.06  6.6111e-14
2686.32  6.85221e-14
2689.58  7.10565e-14
2692.84  7.36666e-14
2696.11  7.63153e-14
2699.37  7.89789e-14
2702.65  8.1648e-14
2705.92  8.43275e-14
2709.2   8.70356e-14
2712.48  8.98021e-14
2715.76  9.26665e-14
2719.04  9.5674e-14
2722.33  9.88719e-14
2725.62  1.02304e-13
2728.91  1.06002e-13
2732.21  1.09981e-13
2735.51  1.1423e-13
2738.81  1.18705e-13
2742.11  1.23329e-13
2745.42  1.27989e-13
2748.73  1.32541e-13
2752.04  1.36822e-13
2755.35  1.40658e-13
2758.67  1.43883e-13
2761.99  1.46355e-13
2765.31  1.47968e-13
2768.64  1.48671e-13
2771.97  1.48473e-13
2775.3   1.47448e-13
2778.63  1.45735e-13
2781.97  1.43532e-13
2785.31  1.41079e-13
2788.65  1.38642e-13
2791.99  1.36494e-13
2795.34  1.34886e-13
2798.68  1.3403e-13
2802.04  1.34075e-13
2805.39  1.35096e-13
2808.75  1.37085e-13
2812.1   1.39954e-13
2815.47  1.43545e-13
2818.83  1.47651e-13
2822.2   1.52038e-13
2825.57  1.56476e-13
2828.94  1.60762e-13
2832.31  1.64747e-13
2835.69  1.68354e-13
2839.07  1.71581e-13
2842.45  1.74503e-13
2845.83  1.77265e-13
2849.22  1.80056e-13
2852.61  1.83099e-13
2856     1.86614e-13
2859.39  1.90806e-13
2862.79  1.95835e-13
2866.19  2.01806e-13
2869.59  2.08757e-13
2873     2.16655e-13
2876.4   2.25401e-13
2879.81  2.3484e-13
2883.22  2.44775e-13
2886.63  2.54987e-13
2890.05  2.65253e-13
2893.47  2.75371e-13
2896.89  2.85176e-13
2900.31  2.94551e-13
2903.74  3.03434e-13
2907.17  3.11819e-13
2910.6   3.19747e-13
2914.03  3.27288e-13
2917.46  3.34526e-13
2920.9   3.41538e-13
2924.34  3.48372e-13
2927.78  3.55034e-13
2931.23  3.61483e-13
2934.67  3.67629e-13
2938.12  3.73349e-13
2941.57  3.78501e-13
2945.03  3.8295e-13
2948.48  3.86593e-13
2951.94  3.89377e-13
2955.4   3.91309e-13
2958.86  3.92455e-13
2962.33  3.92925e-13
2965.8   3.92848e-13
2969.26  3.92333e-13
2972.74  3.91445e-13
2976.21  3.9017e-13
2979.69  3.88409e-13
2983.16  3.85989e-13
2986.64  3.82686e-13
2990.13  3.78274e-13
2993.61  3.72581e-13
2997.1   3.65546e-13
3000.59  3.57259e-13
3004.08  3.47987e-13
3007.57  3.38163e-13
3011.07  3.28358e-13
3014.57  3.19212e-13
3018.07  3.11357e-13
3021.57  3.05332e-13
3025.08  3.01509e-13
3028.58  3.00035e-13
3032.09  3.00813e-13
3035.6   3.03509e-13
3039.12  3.07602e-13
3042.63  3.12454e-13
3046.15  3.17405e-13
3049.67  3.21856e-13
3053.19  3.25356e-13
3056.71  3.27652e-13
3060.24  3.28713e-13
3063.77  3.28717e-13
3067.3   3.2801e-13
3070.83  3.27035e-13
3074.36  3.26259e-13
3077.9   3.26095e-13
3081.44  3.26844e-13
3084.98  3.28659e-13
3088.52  3.31542e-13
3092.07  3.35361e-13
3095.61  3.39901e-13
3099.16  3.44915e-13
3102.71  3.50186e-13
3106.26  3.5557e-13
3109.82  3.61027e-13
3113.37  3.66622e-13
3116.93  3.72507e-13
3120.49  3.7888e-13
3124.06  3.85937e-13
3127.62  3.93816e-13
3131.19  4.02556e-13
3134.76  4.12067e-13
3138.33  4.22124e-13
3141.9   4.3238e-13
3145.47  4.42406e-13
3149.05  4.5174e-13
3152.63  4.59948e-13
3156.21  4.6668e-13
3159.79  4.71718e-13
3163.37  4.75004e-13
3166.96  4.76648e-13
3170.55  4.76901e-13
3174.14  4.76117e-13
3177.73  4.74693e-13
3181.32  4.72998e-13
3184.92  4.71315e-13
3188.51  4.69792e-13
3192.11  4.68414e-13
3195.71  4.67015e-13
3199.32  4.65299e-13
3202.92  4.62903e-13
3206.53  4.59456e-13
3210.14  4.5465e-13
3213.75  4.48298e-13
3217.36  4.40373e-13
3220.97  4.31017e-13
3224.59  4.20528e-13
3228.21  4.09323e-13
3231.83  3.97887e-13
3235.45  3.86708e-13
3239.07  3.76225e-13
3242.7   3.66781e-13
3246.32  3.58594e-13
3249.95  3.51754e-13
3253.58  3.4623e-13
3257.21  3.41897e-13
3260.85  3.38573e-13
3264.48  3.36054e-13
3268.12  3.34152e-13
3271.76  3.32717e-13
3275.4   3.31654e-13
3279.04  3.30928e-13
3282.69  3.30555e-13
3286.33  3.30595e-13
3289.98  3.31136e-13
3293.63  3.32278e-13
3297.28  3.34126e-13
3300.93  3.36781e-13
3304.59  3.40335e-13
3308.24  3.44869e-13
3311.9   3.50443e-13
3315.56  3.57088e-13
3319.22  3.64789e-13
3322.89  3.7347e-13
3326.55  3.82971e-13
3330.22  3.93037e-13
3333.88  4.03317e-13
3337.55  4.1337e-13
3341.23  4.22697e-13
3344.9   4.30781e-13
3348.57  4.37143e-13
3352.25  4.41398e-13
3355.93  4.43315e-13
3359.61  4.42854e-13
3363.29  4.40195e-13
3366.97  4.35726e-13
3370.65  4.30012e-13
3374.34  4.23737e-13
3378.03  4.17622e-13
3381.72  4.12333e-13
3385.41  4.08401e-13
3389.1   4.06149e-13
3392.79  4.05654e-13
3396.49  4.0675e-13
3400.19  4.09063e-13
3403.88  4.12091e-13
3407.58  4.153e-13
3411.29  4.18231e-13
3414.99  4.20591e-13
3418.69  4.22315e-13
3422.4   4.23581e-13
3426.11  4.24773e-13
3429.82  4.26402e-13
3433.53  4.28992e-13
3437.24  4.32956e-13
3440.96  4.3849e-13
3444.67  4.45496e-13
3448.39  4.5357e-13
3452.11  4.62042e-13
3455.83  4.70077e-13
3459.55  4.76808e-13
3463.27  4.81495e-13
3466.99  4.83662e-13
3470.72  4.832e-13
3474.45  4.80408e-13
3478.18  4.75959e-13
3481.91  4.70812e-13
3485.64  4.66052e-13
3489.37  4.62716e-13
3493.11  4.61616e-13
3496.84  4.63188e-13
3500.58  4.6741e-13
3504.32  4.73793e-13
3508.06  4.81447e-13
3511.8   4.89228e-13
3515.54  4.95924e-13
3519.29  5.00465e-13
3523.03  5.02113e-13
3526.78  5.00601e-13
3530.53  4.96192e-13
3534.28  4.89654e-13
3538.03  4.82148e-13
3541.78  4.75048e-13
3545.54  4.69728e-13
3549.29  4.67338e-13
3553.05  4.68625e-13
3556.81  4.73815e-13
3560.57  4.82573e-13
3564.33  4.9406e-13
3568.09  5.07054e-13
3571.85  5.20138e-13
3575.62  5.31897e-13
3579.39  5.4112e-13
3583.15  5.46952e-13
3586.92  5.48992e-13
3590.69  5.4732e-13
3594.46  5.42458e-13
3598.24  5.35266e-13
3602.01  5.26806e-13
3605.79  5.18199e-13
3609.56  5.10477e-13
3613.34  5.04474e-13
3617.12  5.00756e-13
3620.9   4.99589e-13
3624.68  5.00958e-13
3628.47  5.04602e-13
3632.25  5.10078e-13
3636.04  5.16817e-13
3639.82  5.24184e-13
3643.61  5.31515e-13
3647.4   5.38143e-13
3651.19  5.4342e-13
3654.98  5.46727e-13
3658.78  5.47501e-13
3662.57  5.45259e-13
3666.37  5.3964e-13
3670.16  5.30452e-13
3673.96  5.1771e-13
3677.76  5.01671e-13
3681.56  4.82837e-13
3685.36  4.61939e-13
3689.17  4.39878e-13
3692.97  4.17656e-13
3696.78  3.96274e-13
3700.58  3.76638e-13
3704.39  3.59472e-13
3708.2   3.45253e-13
3712.01  3.34184e-13
3715.82  3.26203e-13
3719.63  3.21019e-13
3723.45  3.18188e-13
3727.26  3.17194e-13
3731.08  3.17528e-13
3734.89  3.18757e-13
3738.71  3.20573e-13
3742.53  3.22799e-13
3746.35  3.25375e-13
3750.17  3.28316e-13
3754     3.31657e-13
3757.82  3.35389e-13
3761.64  3.3942e-13
3765.47  3.43542e-13
3769.3   3.47437e-13
3773.13  3.50705e-13
3776.95  3.52921e-13
3780.78  3.53704e-13
3784.62  3.52789e-13
3788.45  3.5009e-13
3792.28  3.45741e-13
3796.12  3.40106e-13
3799.95  3.33762e-13
3803.79  3.27438e-13
3807.63  3.21942e-13
3811.47  3.18068e-13
3815.31  3.16499e-13
3819.15  3.17728e-13
3822.99  3.21999e-13
3826.83  3.29278e-13
3830.68  3.39264e-13
3834.52  3.51437e-13
3838.37  3.65131e-13
3842.22  3.79625e-13
3846.06  3.94247e-13
3849.91  4.08457e-13
3853.76  4.21917e-13
3857.61  4.34519e-13
3861.47  4.46378e-13
3865.32  4.57784e-13
3869.17  4.69132e-13
3873.03  4.80827e-13
3876.89  4.93194e-13
3880.74  5.06404e-13
3884.6   5.20429e-13
3888.46  5.35041e-13
3892.32  5.49841e-13
3896.18  5.64328e-13
3900.04  5.77982e-13
3903.91  5.90354e-13
3907.77  6.01134e-13
3911.64  6.10196e-13
3915.5   6.17605e-13
3919.37  6.23584e-13
3923.24  6.28453e-13
3927.11  6.3255e-13
3930.98  6.36153e-13
3934.85  6.3941e-13
3938.72  6.42312e-13
3942.59  6.44682e-13
3946.47  6.46218e-13
3950.34  6.46548e-13
3954.22  6.45313e-13
3958.09  6.42233e-13
3961.97  6.37172e-13
3965.85  6.30164e-13
3969.73  6.21407e-13
3973.61  6.11227e-13
3977.49  6.00022e-13
3981.37  5.88193e-13
3985.25  5.76084e-13
3989.13  5.63947e-13
3993.02  5.51934e-13
3996.9   5.40129e-13
4000.79  5.28595e-13
4004.68  5.17445e-13
4008.56  5.06907e-13
4012.45  4.97364e-13
4016.34  4.89362e-13
4020.23  4.83576e-13
4024.12  4.80727e-13
4028.02  4.81477e-13
4031.91  4.86303e-13
4035.8   4.95382e-13
4039.7   5.08505e-13
4043.59  5.25048e-13
4047.49  5.43992e-13
4051.39  5.6402e-13
4055.28  5.83659e-13
4059.18  6.01461e-13
4063.08  6.16186e-13
4066.98  6.26973e-13
4070.88  6.33448e-13
4074.78  6.35776e-13
4078.69  6.34617e-13
4082.59  6.3102e-13
4086.5   6.26244e-13
4090.4   6.21552e-13
4094.31  6.18007e-13
4098.21  6.16303e-13
4102.12  6.1666e-13
4106.03  6.18808e-13
4109.94  6.22052e-13
4113.85  6.25416e-13
4117.76  6.27835e-13
4121.67  6.28352e-13
4125.58  6.26306e-13
4129.49  6.21449e-13
4133.41  6.14e-13
4137.32  6.04596e-13
4141.24  5.94189e-13
4145.15  5.8387e-13
4149.07  5.74678e-13
4152.99  5.67427e-13
4156.9   5.62565e-13
4160.82  5.60111e-13
4164.74  5.59663e-13
4168.66  5.60487e-13
4172.58  5.61651e-13
4176.5   5.62203e-13
4180.43  5.61337e-13
4184.35  5.58532e-13
4188.27  5.53638e-13
4192.2   5.46882e-13
4196.12  5.38816e-13
4200.05  5.30205e-13
4203.97  5.21872e-13
4207.9   5.14552e-13
4211.83  5.08752e-13
4215.76  5.04664e-13
4219.69  5.02143e-13
4223.62  5.00744e-13
4227.55  4.99809e-13
4231.48  4.986e-13
4235.41  4.96441e-13
4239.34  4.92841e-13
4243.28  4.87582e-13
4247.21  4.80763e-13
4251.15  4.72772e-13
4255.08  4.64216e-13
4259.02  4.55813e-13
4262.95  4.48264e-13
4266.89  4.4213e-13
4270.83  4.3774e-13
4274.77  4.35142e-13
4278.7   4.34101e-13
4282.64  4.34151e-13
4286.58  4.3468e-13
4290.53  4.35047e-13
4294.47  4.34691e-13
4298.41  4.33226e-13
4302.35  4.30504e-13
4306.3   4.26635e-13
4310.24  4.21964e-13
4314.18  4.17003e-13
4318.13  4.12351e-13
4322.07  4.08598e-13
4326.02  4.06239e-13
4329.97  4.05611e-13
4333.92  4.06866e-13
4337.86  4.0997e-13
4341.81  4.14734e-13
4345.76  4.20869e-13
4349.71  4.28037e-13
4353.66  4.35908e-13
4357.61  4.44189e-13
4361.57  4.52643e-13
4365.52  4.6108e-13
4369.47  4.69333e-13
4373.42  4.77235e-13
4377.38  4.84587e-13
4381.33  4.91146e-13
4385.29  4.96629e-13
4389.24  5.00738e-13
4393.2   5.03197e-13
4397.16  5.03799e-13
4401.11  5.02457e-13
4405.07  4.99234e-13
4409.03  4.94363e-13
4412.99  4.88238e-13
4416.95  4.81377e-13
4420.91  4.74369e-13
4424.87  4.67806e-13
4428.83  4.6221e-13
4432.79  4.57972e-13
4436.75  4.55312e-13
4440.72  4.54261e-13
4444.68  4.54677e-13
4448.64  4.56289e-13
4452.61  4.58754e-13
4456.57  4.61729e-13
4460.54  4.64937e-13
4464.5   4.68219e-13
4468.47  4.71554e-13
4472.43  4.75058e-13
4476.4   4.78947e-13
4480.37  4.83482e-13
4484.34  4.88901e-13
4488.31  4.95352e-13
4492.27  5.0284e-13
4496.24  5.11197e-13
4500.21  5.20089e-13
4504.18  5.29045e-13
4508.16  5.37514e-13
4512.13  5.44943e-13
4516.1   5.50854e-13
4520.07  5.54908e-13
4524.04  5.56951e-13
4528.02  5.57034e-13
4531.99  5.55394e-13
4535.97  5.52411e-13
4539.94  5.48547e-13
4543.92  5.44269e-13
4547.89  5.39986e-13
4551.87  5.35996e-13
4555.84  5.32459e-13
4559.82  5.29401e-13
4563.8   5.26744e-13
4567.78  5.24351e-13
4571.75  5.22087e-13
4575.73  5.19868e-13
4579.71  5.17701e-13
4583.69  5.15698e-13
4587.67  5.14059e-13
4591.65  5.13039e-13
4595.63  5.12892e-13
4599.62  5.13805e-13
4603.6   5.15851e-13
4607.58  5.18942e-13
4611.56  5.22825e-13
4615.54  5.2709e-13
4619.53  5.31223e-13
4623.51  5.34661e-13
4627.5   5.36874e-13
4631.48  5.37426e-13
4635.47  5.36039e-13
4639.45  5.32623e-13
4643.44  5.27283e-13
4647.42  5.20298e-13
4651.41  5.12077e-13
4655.4   5.03104e-13
4659.38  4.93877e-13
4663.37  4.84853e-13
4667.36  4.76404e-13
4671.35  4.68794e-13
4675.34  4.62177e-13
4679.33  4.56597e-13
4683.32  4.52021e-13
4687.31  4.48356e-13
4691.3   4.4548e-13
4695.29  4.4326e-13
4699.28  4.41569e-13
4703.27  4.40285e-13
4707.26  4.393e-13
4711.26  4.38509e-13
4715.25  4.37812e-13
4719.24  4.37112e-13
4723.23  4.36318e-13
4727.23  4.35353e-13
4731.22  4.34163e-13
4735.22  4.32726e-13
4739.21  4.31059e-13
4743.21  4.29219e-13
4747.2   4.27298e-13
4751.2   4.25415e-13
4755.19  4.23698e-13
4759.19  4.22267e-13
4763.19  4.21214e-13
4767.19  4.20587e-13
4771.18  4.20379e-13
4775.18  4.20518e-13
4779.18  4.20876e-13
4783.18  4.21277e-13
4787.18  4.21511e-13
4791.18  4.2136e-13
4795.18  4.20624e-13
4799.18  4.19141e-13
4803.18  4.16806e-13
4807.18  4.13591e-13
4811.18  4.09542e-13
4815.18  4.04775e-13
4819.18  3.99464e-13
4823.18  3.93816e-13
4827.18  3.88048e-13
4831.19  3.82355e-13
4835.19  3.76891e-13
4839.19  3.71749e-13
4843.2   3.66956e-13
4847.2   3.62473e-13
4851.2   3.58209e-13
4855.21  3.54043e-13
4859.21  3.49851e-13
4863.22  3.4553e-13
4867.22  3.41024e-13
4871.23  3.36342e-13
4875.23  3.31562e-13
4879.24  3.26832e-13
4883.25  3.22346e-13
4887.25  3.1833e-13
4891.26  3.15002e-13
4895.27  3.1255e-13
4899.27  3.11094e-13
4903.28  3.10676e-13
4907.29  3.11244e-13
4911.3   3.1266e-13
4915.31  3.14718e-13
4919.32  3.17169e-13
4923.32  3.19757e-13
4927.33  3.22252e-13
4931.34  3.24481e-13
4935.35  3.26343e-13
4939.36  3.27818e-13
4943.37  3.28956e-13
4947.39  3.29859e-13
4951.4   3.30648e-13
4955.41  3.3144e-13
4959.42  3.32314e-13
4963.43  3.333e-13
4967.44  3.34377e-13
4971.46  3.35476e-13
4975.47  3.36507e-13
4979.48  3.37382e-13
4983.49  3.38039e-13
4987.51  3.38466e-13
4991.52  3.38703e-13
4995.53  3.38845e-13
4999.55  3.39023e-13
5003.56  3.39382e-13
5007.58  3.40055e-13
5011.59  3.41137e-13
5015.61  3.42667e-13
5019.62  3.44627e-13
5023.64  3.46941e-13
5027.65  3.4949e-13
5031.67  3.5214e-13
5035.69  3.54759e-13
5039.7   3.5724e-13
5043.72  3.59516e-13
5047.74  3.61569e-13
5051.75  3.63419e-13
5055.77  3.65121e-13
5059.79  3.66744e-13
5063.81  3.68355e-13
5067.83  3.70005e-13
5071.84  3.71722e-13
5075.86  3.73504e-13
5079.88  3.75327e-13
5083.9   3.77149e-13
5087.92  3.78926e-13
5091.94  3.80616e-13
5095.96  3.82188e-13
5099.98  3.83626e-13
5104     3.84928e-13
5108.02  3.861e-13
5112.04  3.87153e-13
5116.06  3.88096e-13
5120.08  3.88935e-13
5124.1   3.89671e-13
5128.13  3.90302e-13
5132.15  3.90825e-13
5136.17  3.9124e-13
5140.19  3.91554e-13
5144.21  3.91777e-13
5148.24  3.91926e-13
5152.26  3.92017e-13
5156.28  3.92068e-13
5160.31  3.92094e-13
5164.33  3.92105e-13
5168.35  3.92109e-13
5172.38  3.92111e-13
5176.4   3.92111e-13
5180.42  3.92111e-13
5184.45  3.92111e-13
5188.47  3.92111e-13