#15.023789311591775
3445.01  4.34292e-16
3446.46  3.78371e-16
3447.91  3.29569e-16
3449.36  2.91787e-16
3450.81  2.67633e-16
3452.26  2.58084e-16
3453.71  2.62397e-16
3455.17  2.78259e-16
3456.62  3.02157e-16
3458.07  3.29891e-16
3459.52  3.5714e-16
3460.97  3.8e-16
3462.42  3.954e-16
3463.87  4.01374e-16
3465.32  3.97154e-16
3466.77  3.83109e-16
3468.22  3.60566e-16
3469.68  3.31562e-16
3471.13  2.98569e-16
3472.58  2.64224e-16
3474.03  2.31092e-16
3475.48  2.01457e-16
3476.93  1.77151e-16
3478.38  1.59414e-16
3479.83  1.48783e-16
3481.28  1.45036e-16
3482.74  1.47197e-16
3484.19  1.53615e-16
3485.64  1.62136e-16
3487.09  1.70358e-16
3488.54  1.7595e-16
3489.99  1.76988e-16
3491.44  1.72271e-16
3492.89  1.6155e-16
3494.34  1.45634e-16
3495.79  1.26331e-16
3497.25  1.06228e-16
3498.7   8.83261e-17
3500.15  7.55878e-17
3501.6   7.04572e-17
3503.05  7.44406e-17
3504.5   8.78173e-17
3505.95  1.09538e-16
3507.4   1.37336e-16
3508.85  1.68039e-16
3510.31  1.98038e-16
3511.76  2.23828e-16
3513.21  2.42547e-16
3514.66  2.52399e-16
3516.11  2.52917e-16
3517.56  2.44995e-16
3519.01  2.30719e-16
3520.46  2.12997e-16
3521.91  1.95088e-16
3523.36  1.80079e-16
3524.82  1.70433e-16
3526.27  1.67645e-16
3527.72  1.72079e-16
3529.17  1.82984e-16
3530.62  1.9869e-16
3532.07  2.16912e-16
3533.52  2.35133e-16
3534.97  2.50969e-16
3536.42  2.62483e-16
3537.88  2.68389e-16
3539.33  2.68148e-16
3540.78  2.61945e-16
3542.23  2.50586e-16
3543.68  2.35351e-16
3545.13  2.17819e-16
3546.58  1.99716e-16
3548.03  1.82784e-16
3549.48  1.68669e-16
3550.93  1.58828e-16
3552.39  1.54429e-16
3553.84  1.56258e-16
3555.29  1.64617e-16
3556.74  1.79242e-16
3558.19  1.9926e-16
3559.64  2.23204e-16
3561.09  2.49114e-16
3562.54  2.74707e-16
3563.99  2.97616e-16
3565.45  3.15659e-16
3566.9   3.271e-16
3568.35  3.30853e-16
3569.8   3.2661e-16
3571.25  3.14853e-16
3572.7   2.96777e-16
3574.15  2.74112e-16
3575.6   2.48908e-16
3577.05  2.23298e-16
3578.5   1.99279e-16
3579.96  1.78549e-16
3581.41  1.62398e-16
3582.86  1.51659e-16
3584.31  1.46712e-16
3585.76  1.47512e-16
3587.21  1.53641e-16
3588.66  1.64362e-16
3590.11  1.78673e-16
3591.56  1.95368e-16
3593.02  2.13109e-16
3594.47  2.30517e-16
3595.92  2.46279e-16
3597.37  2.59275e-16
3598.82  2.68696e-16
3600.27  2.74144e-16
3601.72  2.75697e-16
3603.17  2.73905e-16
3604.62  2.69728e-16
3606.07  2.64405e-16
3607.53  2.59272e-16
3608.98  2.55562e-16
3610.43  2.542e-16
3611.88  2.55641e-16
3613.33  2.59776e-16
3614.78  2.65919e-16
3616.23  2.72886e-16
3617.68  2.79167e-16
3619.13  2.83154e-16
3620.59  2.8341e-16
3622.04  2.78924e-16
3623.49  2.69323e-16
3624.94  2.54993e-16
3626.39  2.37091e-16
3627.84  2.17439e-16
3629.29  1.98306e-16
3630.74  1.82109e-16
3632.19  1.71073e-16
3633.64  1.66902e-16
3635.1   1.70517e-16
3636.55  1.81889e-16
3638     2.00012e-16
3639.45  2.23006e-16
3640.9   2.4835e-16
3642.35  2.73201e-16
3643.8   2.94762e-16
3645.25  3.1064e-16
3646.7   3.19143e-16
3648.16  3.19484e-16
3649.61  3.1185e-16
3651.06  2.97351e-16
3652.51  2.77832e-16
3653.96  2.55612e-16
3655.41  2.33153e-16
3656.86  2.12734e-16
3658.31  1.96157e-16
3659.76  1.84535e-16
3661.21  1.78168e-16
3662.67  1.76553e-16
3664.12  1.78489e-16
3665.57  1.82289e-16
3667.02  1.86055e-16
3668.47  1.87979e-16
3669.92  1.86631e-16
3671.37  1.81196e-16
3672.82  1.71614e-16
3674.27  1.58613e-16
3675.73  1.43619e-16
3677.18  1.28566e-16
3678.63  1.15616e-16
3680.08  1.06846e-16
3681.53  1.03935e-16
3682.98  1.0791e-16
3684.43  1.18978e-16
3685.88  1.36486e-16
3687.33  1.59003e-16
3688.78  1.84518e-16
3690.24  2.10727e-16
3691.69  2.35363e-16
3693.14  2.56512e-16
3694.59  2.72873e-16
3696.04  2.83919e-16
3697.49  2.89927e-16
3698.94  2.91884e-16
3700.39  2.9128e-16
3701.84  2.89822e-16
3703.29  2.89112e-16
3704.75  2.90362e-16
3706.2   2.94158e-16
3707.65  3.00353e-16
3709.1   3.08082e-16
3710.55  3.15902e-16
3712     3.22054e-16
3713.45  3.24787e-16
3714.9   3.227e-16
3716.35  3.15043e-16
3717.81  3.01928e-16
3719.26  2.84388e-16
3720.71  2.64301e-16
3722.16  2.4415e-16
3723.61  2.26671e-16
3725.06  2.14453e-16
3726.51  2.09537e-16
3727.96  2.13097e-16
3729.41  2.25266e-16
3730.86  2.45112e-16
3732.32  2.70803e-16
3733.77  2.99887e-16
3735.22  3.29675e-16
3736.67  3.57616e-16
3738.12  3.81639e-16
3739.57  4.0037e-16
3741.02  4.1322e-16
3742.47  4.20338e-16
3743.92  4.22446e-16
3745.38  4.20619e-16
3746.83  4.16044e-16
3748.28  4.09818e-16
3749.73  4.02825e-16
3751.18  3.95688e-16
3752.63  3.88811e-16
3754.08  3.82477e-16
3755.53  3.76955e-16
3756.98  3.72602e-16
3758.43  3.69903e-16
3759.89  3.69453e-16
3761.34  3.71858e-16
3762.79  3.77596e-16
3764.24  3.86843e-16
3765.69  3.99339e-16
3767.14  4.143e-16
3768.59  4.30425e-16
3770.04  4.46017e-16
3771.49  4.59185e-16
3772.95  4.68132e-16
3774.4   4.71446e-16
3775.85  4.68374e-16
3777.3   4.58992e-16
3778.75  4.44259e-16
3780.2   4.25919e-16
3781.65  4.06272e-16
3783.1   3.87835e-16
3784.55  3.72963e-16
3786     3.63487e-16
3787.46  3.60439e-16
3788.91  3.63895e-16
3790.36  3.72991e-16
3791.81  3.8607e-16
3793.26  4.00962e-16
3794.71  4.15327e-16
3796.16  4.27006e-16
3797.61  4.3432e-16
3799.06  4.36277e-16
3800.52  4.32649e-16
3801.97  4.23933e-16
3803.42  4.11198e-16
3804.87  3.9587e-16
3806.32  3.7948e-16
3807.77  3.63439e-16
3809.22  3.48859e-16
3810.67  3.36445e-16
3812.12  3.26474e-16
3813.57  3.18842e-16
3815.03  3.13158e-16
3816.48  3.08878e-16
3817.93  3.05423e-16
3819.38  3.0229e-16
3820.83  2.99115e-16
3822.28  2.95705e-16
3823.73  2.92025e-16
3825.18  2.88165e-16
3826.63  2.84283e-16
3828.09  2.80554e-16
3829.54  2.77122e-16
3830.99  2.74068e-16
3832.44  2.7139e-16
3833.89  2.69011e-16
3835.34  2.66779e-16
3836.79  2.64489e-16
3838.24  2.61898e-16
3839.69  2.58741e-16
3841.14  2.54751e-16
3842.6   2.49671e-16
3844.05  2.4328e-16
3845.5   2.35414e-16
3846.95  2.26004e-16
3848.4   2.15102e-16
3849.85  2.02915e-16
3851.3   1.89826e-16
3852.75  1.76391e-16
3854.2   1.63318e-16
3855.66  1.51416e-16
3857.11  1.4152e-16
3858.56  1.34391e-16
3860.01  1.30626e-16
3861.46  1.30556e-16
3862.91  1.34184e-16
3864.36  1.41156e-16
3865.81  1.5078e-16
3867.26  1.62096e-16
3868.71  1.74e-16
3870.17  1.85387e-16
3871.62  1.95317e-16
3873.07  2.03154e-16
3874.52  2.08672e-16
3875.97  2.12089e-16
3877.42  2.14028e-16
3878.87  2.1541e-16
3880.32  2.17284e-16
3881.77  2.20629e-16
3883.23  2.26167e-16
3884.68  2.34218e-16
3886.13  2.44633e-16
3887.58  2.56808e-16
3889.03  2.69795e-16
3890.48  2.82484e-16
3891.93  2.93807e-16
3893.38  3.02955e-16
3894.83  3.0953e-16
3896.28  3.13626e-16
3897.74  3.15811e-16
3899.19  3.17014e-16
3900.64  3.18349e-16
3902.09  3.20893e-16
3903.54  3.25483e-16
3904.99  3.32559e-16
3906.44  3.4208e-16
3907.89  3.53547e-16
3909.34  3.66095e-16
3910.8   3.7866e-16
3912.25  3.90175e-16
3913.7   3.99749e-16
3915.15  4.06812e-16
3916.6   4.11188e-16
3918.05  4.13088e-16
3919.5   4.13035e-16
3920.95  4.1174e-16
3922.4   4.09951e-16
3923.85  4.08321e-16
3925.31  4.07301e-16
3926.76  4.07097e-16
3928.21  4.0768e-16
3929.66  4.08844e-16
3931.11  4.10299e-16
3932.56  4.11763e-16
3934.01  4.13053e-16
3935.46  4.14127e-16
3936.91  4.15099e-16
3938.36  4.1621e-16
3939.82  4.17763e-16
3941.27  4.20058e-16
3942.72  4.23306e-16
3944.17  4.2758e-16
3945.62  4.32773e-16
3947.07  4.386e-16
3948.52  4.44619e-16
3949.97  4.50276e-16
3951.42  4.54974e-16
3952.88  4.58132e-16
3954.33  4.59257e-16
3955.78  4.57996e-16
3957.23  4.54181e-16
3958.68  4.47853e-16
3960.13  4.39269e-16
3961.58  4.28889e-16
3963.03  4.17343e-16
3964.48  4.05382e-16
3965.93  3.93818e-16
3967.39  3.83451e-16
3968.84  3.74992e-16
3970.29  3.69001e-16
3971.74  3.65826e-16
3973.19  3.65573e-16
3974.64  3.68099e-16
3976.09  3.73035e-16
3977.54  3.79835e-16
3978.99  3.87851e-16
3980.45  3.96423e-16
3981.9   4.04962e-16
3983.35  4.13032e-16
3984.8   4.204e-16
3986.25  4.2706e-16
3987.7   4.33213e-16
3989.15  4.3922e-16
3990.6   4.45516e-16
3992.05  4.52523e-16
3993.5   4.60554e-16
3994.96  4.69742e-16
3996.41  4.79992e-16
3997.86  4.90988e-16
3999.31  5.02224e-16
4000.76  5.13083e-16
4002.21  5.22926e-16
4003.66  5.31195e-16
4005.11  5.37486e-16
4006.56  5.41604e-16
4008.02  5.4357e-16
4009.47  5.43587e-16
4010.92  5.41979e-16
4012.37  5.39109e-16
4013.82  5.35293e-16
4015.27  5.30741e-16
4016.72  5.25521e-16
4018.17  5.19568e-16
4019.62  5.12724e-16
4021.07  5.04805e-16
4022.53  4.95675e-16
4023.98  4.85319e-16
4025.43  4.73887e-16
4026.88  4.61715e-16
4028.33  4.49299e-16
4029.78  4.37252e-16
4031.23  4.26221e-16
4032.68  4.16809e-16
4034.13  4.0949e-16
4035.59  4.04548e-16
4037.04  4.02032e-16
4038.49  4.01747e-16
4039.94  4.03277e-16
4041.39  4.06022e-16
4042.84  4.09271e-16
4044.29  4.1227e-16
4045.74  4.14302e-16
4047.19  4.14754e-16
4048.64  4.13171e-16
4050.1   4.09299e-16
4051.55  4.03093e-16
4053     3.94721e-16
4054.45  3.84538e-16
4055.9   3.73045e-16
4057.35  3.60839e-16
4058.8   3.4855e-16
4060.25  3.36785e-16
4061.7   3.26069e-16
4063.16  3.168e-16
4064.61  3.09217e-16
4066.06  3.03391e-16
4067.51  2.99228e-16
4068.96  2.96503e-16
4070.41  2.94894e-16
4071.86  2.94038e-16
4073.31  2.93586e-16
4074.76  2.93249e-16
4076.21  2.92846e-16
4077.67  2.92321e-16
4079.12  2.91753e-16
4080.57  2.91339e-16
4082.02  2.91356e-16
4083.47  2.92115e-16
4084.92  2.93906e-16
4086.37  2.96937e-16
4087.82  3.01298e-16
4089.27  3.0693e-16
4090.73  3.1362e-16
4092.18  3.21026e-16
4093.63  3.28714e-16
4095.08  3.36208e-16
4096.53  3.43053e-16
4097.98  3.48869e-16
4099.43  3.53387e-16
4100.88  3.56483e-16
4102.33  3.58175e-16
4103.78  3.58617e-16
4105.24  3.58066e-16
4106.69  3.5685e-16
4108.14  3.55331e-16
4109.59  3.53862e-16
4111.04  3.52767e-16
4112.49  3.52313e-16
4113.94  3.52695e-16
4115.39  3.54036e-16
4116.84  3.56376e-16
4118.3   3.59682e-16
4119.75  3.63842e-16
4121.2   3.68679e-16
4122.65  3.73957e-16
4124.1   3.79392e-16
4125.55  3.84674e-16
4127     3.89487e-16
4128.45  3.93535e-16
4129.9   3.9657e-16
4131.35  3.98414e-16
4132.81  3.98984e-16
4134.26  3.98296e-16
4135.71  3.96474e-16
4137.16  3.93733e-16
4138.61  3.9036e-16
4140.06  3.86676e-16
4141.51  3.83002e-16
4142.96  3.79616e-16
4144.41  3.76714e-16
4145.87  3.74387e-16
4147.32  3.72607e-16
4148.77  3.71238e-16
4150.22  3.70063e-16
4151.67  3.68824e-16
4153.12  3.67271e-16
4154.57  3.65208e-16
4156.02  3.62526e-16
4157.47  3.59217e-16
4158.92  3.55364e-16
4160.38  3.51114e-16
4161.83  3.46629e-16
4163.28  3.42047e-16
4164.73  3.37442e-16
4166.18  3.32811e-16
4167.63  3.2808e-16
4169.08  3.23141e-16
4170.53  3.179e-16
4171.98  3.12332e-16
4173.43  3.06528e-16
4174.89  3.00727e-16
4176.34  2.95306e-16
4177.79  2.90756e-16
4179.24  2.8761e-16
4180.69  2.86368e-16
4182.14  2.87407e-16
4183.59  2.90901e-16
4185.04  2.96769e-16
4186.49  3.04651e-16
4187.95  3.13926e-16
4189.4   3.23772e-16
4190.85  3.33253e-16
4192.3   3.41431e-16
4193.75  3.47485e-16
4195.2   3.50811e-16
4196.65  3.51114e-16
4198.1   3.48451e-16
4199.55  3.43237e-16
4201     3.36212e-16
4202.46  3.28366e-16
4203.91  3.20836e-16
4205.36  3.14785e-16
4206.81  3.1127e-16
4208.26  3.11129e-16
4209.71  3.14876e-16
4211.16  3.22641e-16
4212.61  3.34137e-16
4214.06  3.48686e-16
4215.52  3.65274e-16
4216.97  3.8266e-16
4218.42  3.99505e-16
4219.87  4.14515e-16
4221.32  4.26591e-16
4222.77  4.34944e-16
4224.22  4.39185e-16
4225.67  4.39361e-16
4227.12  4.35937e-16
4228.57  4.29731e-16
4230.03  4.21804e-16
4231.48  4.13322e-16
4232.93  4.05418e-16
4234.38  3.99052e-16
4235.83  3.9491e-16
4237.28  3.93338e-16
4238.73  3.94325e-16
4240.18  3.97529e-16
4241.63  4.0235e-16
4243.09  4.08017e-16
4244.54  4.13706e-16
4245.99  4.18646e-16
4247.44  4.22207e-16
4248.89  4.23975e-16
4250.34  4.23783e-16
4251.79  4.21711e-16
4253.24  4.18057e-16
4254.69  4.13272e-16
4256.14  4.07895e-16
4257.6   4.02463e-16
4259.05  3.97441e-16
4260.5   3.93154e-16
4261.95  3.89759e-16
4263.4   3.87226e-16
4264.85  3.85364e-16
4266.3   3.83868e-16
4267.75  3.8238e-16
4269.2   3.80575e-16
4270.66  3.78225e-16
4272.11  3.75267e-16
4273.56  3.71833e-16
4275.01  3.68251e-16
4276.46  3.65011e-16
4277.91  3.62698e-16
4279.36  3.61904e-16
4280.81  3.63127e-16
4282.26  3.6668e-16
4283.71  3.72615e-16
4285.17  3.80688e-16
4286.62  3.90357e-16
4288.07  4.00835e-16
4289.52  4.11165e-16
4290.97  4.20341e-16
4292.42  4.27429e-16
4293.87  4.31687e-16
4295.32  4.32673e-16
4296.77  4.30304e-16
4298.23  4.24885e-16
4299.68  4.17083e-16
4301.13  4.07857e-16
4302.58  3.9835e-16
4304.03  3.8976e-16
4305.48  3.83193e-16
4306.93  3.79535e-16
4308.38  3.79338e-16
4309.83  3.82747e-16
4311.28  3.89484e-16
4312.74  3.98873e-16
4314.19  4.09922e-16
4315.64  4.21441e-16
4317.09  4.32198e-16
4318.54  4.41066e-16
4319.99  4.47169e-16
4321.44  4.4999e-16
4322.89  4.49436e-16
4324.34  4.45845e-16
4325.8   4.39939e-16
4327.25  4.32728e-16
4328.7   4.25378e-16
4330.15  4.19064e-16
4331.6   4.14822e-16
4333.05  4.13429e-16
4334.5   4.15308e-16
4335.95  4.20489e-16
4337.4   4.28616e-16
4338.85  4.39e-16
4340.31  4.50712e-16
4341.76  4.62702e-16
4343.21  4.7393e-16
4344.66  4.83492e-16
4346.11  4.90723e-16
4347.56  4.95266e-16
4349.01  4.971e-16
4350.46  4.96518e-16
4351.91  4.94064e-16
4353.37  4.90438e-16
4354.82  4.8638e-16
4356.27  4.82556e-16
4357.72  4.79461e-16
4359.17  4.77354e-16
4360.62  4.76239e-16
4362.07  4.75885e-16
4363.52  4.75887e-16
4364.97  4.75749e-16
4366.42  4.74986e-16
4367.88  4.73205e-16
4369.33  4.7017e-16
4370.78  4.65837e-16
4372.23  4.60346e-16
4373.68  4.53983e-16
4375.13  4.47124e-16
4376.58  4.40163e-16
4378.03  4.33448e-16
4379.48  4.27231e-16
4380.93  4.21647e-16
4382.39  4.16714e-16
4383.84  4.12359e-16
4385.29  4.08463e-16
4386.74  4.04906e-16
4388.19  4.01605e-16
4389.64  3.98542e-16
4391.09  3.95764e-16
4392.54  3.93358e-16
4393.99  3.91416e-16
4395.45  3.89983e-16
4396.9   3.89016e-16
4398.35  3.88351e-16
4399.8   3.87701e-16
4401.25  3.86676e-16
4402.7   3.8484e-16
4404.15  3.81779e-16
4405.6   3.77178e-16
4407.05  3.70893e-16
4408.5   3.63001e-16
4409.96  3.5381e-16
4411.41  3.43842e-16
4412.86  3.33766e-16
4414.31  3.24314e-16
4415.76  3.16167e-16
4417.21  3.09853e-16
4418.66  3.05658e-16
4420.11  3.0357e-16
4421.56  3.03266e-16
4423.02  3.04153e-16
4424.47  3.05444e-16
4425.92  3.06268e-16
4427.37  3.05804e-16
4428.82  3.03401e-16
4430.27  2.98679e-16
4431.72  2.91591e-16
4433.17  2.82439e-16
4434.62  2.71836e-16
4436.07  2.60624e-16
4437.53  2.49764e-16
4438.98  2.402e-16
4440.43  2.32742e-16
4441.88  2.27947e-16
4443.33  2.26058e-16
4444.78  2.26966e-16
4446.23  2.30231e-16
4447.68  2.3514e-16
4449.13  2.40806e-16
4450.59  2.46281e-16
4452.04  2.50683e-16
4453.49  2.53308e-16
4454.94  2.53721e-16
4456.39  2.51808e-16
4457.84  2.47788e-16
4459.29  2.42179e-16
4460.74  2.35722e-16
4462.19  2.29285e-16
4463.64  2.2374e-16
4465.1   2.19852e-16
4466.55  2.1818e-16
4468     2.19007e-16
4469.45  2.22314e-16
4470.9   2.27796e-16
4472.35  2.34917e-16
4473.8   2.42998e-16
4475.25  2.51317e-16
4476.7   2.5921e-16
4478.16  2.66162e-16
4479.61  2.71859e-16
4481.06  2.76207e-16
4482.51  2.79322e-16
4483.96  2.81468e-16
4485.41  2.82999e-16
4486.86  2.84272e-16
4488.31  2.8558e-16
4489.76  2.87104e-16
4491.21  2.88887e-16
4492.67  2.90847e-16
4494.12  2.92807e-16
4495.57  2.94548e-16
4497.02  2.95873e-16
4498.47  2.96656e-16
4499.92  2.96886e-16
4501.37  2.96681e-16
4502.82  2.9628e-16
4504.27  2.96014e-16
4505.73  2.96251e-16
4507.18  2.97342e-16
4508.63  2.99556e-16
4510.08  3.03032e-16
4511.53  3.07745e-16
4512.98  3.13499e-16
4514.43  3.19935e-16
4515.88  3.26574e-16
4517.33  3.32877e-16
4518.78  3.3831e-16
4520.24  3.42427e-16
4521.69  3.44926e-16
4523.14  3.45712e-16
4524.59  3.44912e-16
4526.04  3.42872e-16
4527.49  3.40122e-16
4528.94  3.37304e-16
4530.39  3.35087e-16
4531.84  3.34071e-16
4533.3   3.34689e-16
4534.75  3.37141e-16
4536.2   3.41351e-16
4537.65  3.46974e-16
4539.1   3.53438e-16
4540.55  3.60037e-16
4542     3.66039e-16
4543.45  3.70816e-16
4544.9   3.73951e-16
4546.35  3.75321e-16
4547.81  3.75129e-16
4549.26  3.73886e-16
4550.71  3.72337e-16
4552.16  3.7135e-16
4553.61  3.71776e-16
4555.06  3.74318e-16
4556.51  3.79423e-16
4557.96  3.87216e-16
4559.41  3.97485e-16
4560.87  4.09732e-16
4562.32  4.23254e-16
4563.77  4.37272e-16
4565.22  4.5105e-16
4566.67  4.64016e-16
4568.12  4.75843e-16
4569.57  4.86491e-16
4571.02  4.96198e-16
4572.47  5.05435e-16
4573.92  5.14818e-16
4575.38  5.25011e-16
4576.83  5.36624e-16
4578.28  5.50126e-16
4579.73  5.65778e-16
4581.18  5.83608e-16
4582.63  6.03414e-16
4584.08  6.24802e-16
4585.53  6.47249e-16
4586.98  6.70179e-16
4588.44  6.93044e-16
4589.89  7.15402e-16
4591.34  7.3697e-16
4592.79  7.57657e-16
4594.24  7.7757e-16
4595.69  7.96983e-16
4597.14  8.16281e-16
4598.59  8.35881e-16
4600.04  8.56133e-16
4601.49  8.77236e-16
4602.95  8.99146e-16
4604.4   9.21532e-16
4605.85  9.43756e-16
4607.3   9.64912e-16
4608.75  9.83906e-16
4610.2   9.99581e-16
4611.65  1.01086e-15
4613.1   1.01692e-15
4614.55  1.01731e-15
4616     1.01203e-15
4617.46  1.00161e-15
4618.91  9.87039e-16
4620.36  9.69671e-16
4621.81  9.51067e-16
4623.26  9.32805e-16
4624.71  9.16286e-16
4626.16  9.02569e-16
4627.61  8.92257e-16
4629.06  8.8545e-16
4630.52  8.81777e-16
4631.97  8.80491e-16
4633.42  8.80625e-16
4634.87  8.81162e-16
4636.32  8.81213e-16
4637.77  8.80158e-16
4639.22  8.77738e-16
4640.67  8.74081e-16
4642.12  8.69665e-16
4643.57  8.65218e-16
4645.03  8.61592e-16
4646.48  8.59618e-16
4647.93  8.59976e-16
4649.38  8.63101e-16
4650.83  8.69141e-16
4652.28  8.77969e-16
4653.73  8.89245e-16
4655.18  9.02507e-16
4656.63  9.17282e-16
4658.09  9.33176e-16
4659.54  9.49943e-16
4660.99  9.67503e-16
4662.44  9.8592e-16
4663.89  1.00534e-15
4665.34  1.02588e-15
4666.79  1.04759e-15
4668.24  1.07031e-15
4669.69  1.09367e-15
4671.14  1.11709e-15
4672.6   1.13981e-15
4674.05  1.16098e-15
4675.5   1.17977e-15
4676.95  1.19546e-15
4678.4   1.20755e-15
4679.85  1.21578e-15
4681.3   1.22018e-15
4682.75  1.22102e-15
4684.2   1.2187e-15
4685.66  1.21373e-15
4687.11  1.20655e-15
4688.56  1.19751e-15
4690.01  1.18678e-15
4691.46  1.17431e-15
4692.91  1.15994e-15
4694.36  1.14337e-15
4695.81  1.1243e-15
4697.26  1.10254e-15
4698.71  1.07804e-15
4700.17  1.05099e-15
4701.62  1.02185e-15
4703.07  9.9125e-16
4704.52  9.60015e-16
4705.97  9.29012e-16
4707.42  8.99065e-16
4708.87  8.70854e-16
4710.32  8.44833e-16
4711.77  8.21192e-16
4713.23  7.99854e-16
4714.68  7.8051e-16
4716.13  7.6269e-16
4717.58  7.45857e-16
4719.03  7.29494e-16
4720.48  7.13199e-16
4721.93  6.9674e-16
4723.38  6.80087e-16
4724.83  6.63409e-16
4726.28  6.47036e-16
4727.74  6.31388e-16
4729.19  6.16901e-16
4730.64  6.03934e-16
4732.09  5.92703e-16
4733.54  5.83221e-16
4734.99  5.7528e-16
4736.44  5.68469e-16
4737.89  5.62216e-16
4739.34  5.55872e-16
4740.8   5.48802e-16
4742.25  5.40486e-16
4743.7   5.30608e-16
4745.15  5.19113e-16
4746.6   5.06231e-16
4748.05  4.92461e-16
4749.5   4.78508e-16
4750.95  4.65189e-16
4752.4   4.53327e-16
4753.85  4.43626e-16
4755.31  4.36583e-16
4756.76  4.32414e-16
4758.21  4.31032e-16
4759.66  4.32063e-16
4761.11  4.34911e-16
4762.56  4.38845e-16
4764.01  4.43113e-16
4765.46  4.47044e-16
4766.91  4.50138e-16
4768.37  4.52125e-16
4769.82  4.52987e-16
4771.27  4.52942e-16
4772.72  4.52391e-16
4774.17  4.51849e-16
4775.62  4.51854e-16
4777.07  4.52879e-16
4778.52  4.55258e-16
4779.97  4.59117e-16
4781.42  4.64347e-16
4782.88  4.70593e-16
4784.33  4.77274e-16
4785.78  4.83636e-16
4787.23  4.88828e-16
4788.68  4.91992e-16
4790.13  4.92368e-16
4791.58  4.89399e-16
4793.03  4.82813e-16
4794.48  4.72692e-16
4795.94  4.59492e-16
4797.39  4.4403e-16
4798.84  4.27414e-16
4800.29  4.10944e-16
4801.74  3.95972e-16
4803.19  3.83757e-16
4804.64  3.75314e-16
4806.09  3.71296e-16
4807.54  3.71916e-16
4808.99  3.76917e-16
4810.45  3.85607e-16
4811.9   3.9694e-16
4813.35  4.09652e-16
4814.8   4.22409e-16
4816.25  4.33972e-16
4817.7   4.43341e-16
4819.15  4.4987e-16
4820.6   4.5333e-16
4822.05  4.53928e-16
4823.51  4.52266e-16
4824.96  4.49262e-16
4826.41  4.4603e-16
4827.86  4.43745e-16
4829.31  4.43499e-16
4830.76  4.46172e-16
4832.21  4.52322e-16
4833.66  4.62112e-16
4835.11  4.75289e-16
4836.56  4.91199e-16
4838.02  5.08861e-16
4839.47  5.27081e-16
4840.92  5.44595e-16
4842.37  5.60234e-16
4843.82  5.73076e-16
4845.27  5.8258e-16
4846.72  5.88669e-16
4848.17  5.91752e-16
4849.62  5.92682e-16
4851.07  5.92642e-16
4852.53  5.92983e-16
4853.98  5.9503e-16
4855.43  5.99882e-16
4856.88  6.0824e-16
4858.33  6.20295e-16
4859.78  6.35675e-16
4861.23  6.53488e-16
4862.68  6.72429e-16
4864.13  6.90954e-16
4865.59  7.07483e-16
4867.04  7.20611e-16
4868.49  7.29285e-16
4869.94  7.3293e-16
4871.39  7.31503e-16
4872.84  7.25466e-16
4874.29  7.157e-16
4875.74  7.03352e-16
4877.19  6.89671e-16
4878.64  6.75827e-16
4880.1   6.62768e-16
4881.55  6.51123e-16
4883     6.41155e-16
4884.45  6.32786e-16
4885.9   6.2567e-16
4887.35  6.19304e-16
4888.8   6.13157e-16
4890.25  6.06793e-16
4891.7   5.9996e-16
4893.16  5.92651e-16
4894.61  5.85097e-16
4896.06  5.77728e-16
4897.51  5.71086e-16
4898.96  5.65722e-16
4900.41  5.6209e-16
4901.86  5.60456e-16
4903.31  5.60845e-16
4904.76  5.6303e-16
4906.21  5.66566e-16
4907.67  5.70859e-16
4909.12  5.75275e-16
4910.57  5.79238e-16
4912.02  5.82343e-16
4913.47  5.84417e-16
4914.92  5.85563e-16
4916.37  5.86146e-16
4917.82  5.8674e-16
4919.27  5.88041e-16
4920.73  5.90764e-16
4922.18  5.95532e-16
4923.63  6.02783e-16
4925.08  6.12716e-16
4926.53  6.25258e-16
4927.98  6.40093e-16
4929.43  6.56709e-16
4930.88  6.74477e-16
4932.33  6.92743e-16
4933.78  7.10906e-16
4935.24  7.28475e-16
4936.69  7.45107e-16
4938.14  7.60604e-16
4939.59  7.74887e-16
4941.04  7.87948e-16
4942.49  7.99805e-16
4943.94  8.10454e-16
4945.39  8.19849e-16
4946.84  8.279e-16
4948.3   8.34501e-16
4949.75  8.39568e-16
4951.2   8.43098e-16
4952.65  8.45208e-16
4954.1   8.4617e-16
4955.55  8.46404e-16
4957     8.46454e-16
4958.45  8.46921e-16
4959.9   8.48379e-16
4961.35  8.51282e-16
4962.81  8.5588e-16
4964.26  8.62159e-16
4965.71  8.69816e-16
4967.16  8.78283e-16
4968.61  8.86795e-16
4970.06  8.945e-16
4971.51  9.00582e-16
4972.96  9.04392e-16
4974.41  9.05566e-16
4975.87  9.04087e-16
4977.32  9.00313e-16
4978.77  8.94925e-16
4980.22  8.88829e-16
4981.67  8.83014e-16
4983.12  8.7838e-16
4984.57  8.75572e-16
4986.02  8.74853e-16
4987.47  8.76019e-16
4988.92  8.78404e-16
4990.38  8.8095e-16
4991.83  8.82353e-16
4993.28  8.81266e-16
4994.73  8.76513e-16
4996.18  8.67297e-16
4997.63  8.53359e-16
4999.08  8.35058e-16
5000.53  8.13356e-16
5001.98  7.89713e-16
5003.44  7.65895e-16
5004.89  7.43735e-16
5006.34  7.24873e-16
5007.79  7.10528e-16
5009.24  7.01324e-16
5010.69  6.97209e-16
5012.14  6.97472e-16
5013.59  7.00848e-16
5015.04  7.05706e-16
5016.49  7.10283e-16
5017.95  7.12916e-16
5019.4   7.12268e-16
5020.85  7.07482e-16
5022.3   6.9827e-16
5023.75  6.84916e-16
5025.2   6.68195e-16
5026.65  6.4924e-16
5028.1   6.29353e-16
5029.55  6.09822e-16
5031.01  5.91736e-16
5032.46  5.7586e-16
5033.91  5.62556e-16
5035.36  5.51777e-16
5036.81  5.43127e-16
5038.26  5.35967e-16
5039.71  5.29551e-16
5041.16  5.23177e-16
5042.61  5.16304e-16
5044.06  5.0864e-16
5045.52  5.00177e-16
5046.97  4.91164e-16
5048.42  4.82043e-16
5049.87  4.73346e-16
5051.32  4.65585e-16
5052.77  4.59147e-16
5054.22  4.54221e-16
5055.67  4.50768e-16
5057.12  4.48528e-16
5058.58  4.47067e-16
5060.03  4.45862e-16
5061.48  4.44385e-16
5062.93  4.42193e-16
5064.38  4.38997e-16
5065.83  4.347e-16
5067.28  4.2941e-16
5068.73  4.23406e-16
5070.18  4.17092e-16
5071.63  4.1093e-16
5073.09  4.05363e-16
5074.54  4.00756e-16
5075.99  3.97341e-16
5077.44  3.952e-16
5078.89  3.9426e-16
5080.34  3.9432e-16
5081.79  3.95089e-16
5083.24  3.96241e-16
5084.69  3.97468e-16
5086.14  3.98519e-16
5087.6   3.99238e-16
5089.05  3.99568e-16
5090.5   3.99545e-16
5091.95  3.99272e-16
5093.4   3.98881e-16
5094.85  3.98493e-16
5096.3   3.98187e-16
5097.75  3.97975e-16
5099.2   3.97808e-16
5100.66  3.97589e-16
5102.11  3.97211e-16
5103.56  3.966e-16
5105.01  3.95756e-16
5106.46  3.94781e-16
5107.91  3.9389e-16
5109.36  3.93391e-16
5110.81  3.93645e-16
5112.26  3.95003e-16
5113.71  3.97737e-16
5115.17  4.01976e-16
5116.62  4.07653e-16
5118.07  4.14488e-16
5119.52  4.21996e-16
5120.97  4.29535e-16
5122.42  4.36378e-16
5123.87  4.41812e-16
5125.32  4.45229e-16
5126.77  4.46218e-16
5128.23  4.44624e-16
5129.68  4.40581e-16
5131.13  4.34496e-16
5132.58  4.27003e-16
5134.03  4.18877e-16
5135.48  4.10937e-16
5136.93  4.03941e-16
5138.38  3.98494e-16
5139.83  3.94979e-16
5141.28  3.93529e-16
5142.74  3.94024e-16
5144.19  3.96138e-16
5145.64  3.99399e-16
5147.09  4.03274e-16
5148.54  4.07249e-16
5149.99  4.10902e-16
5151.44  4.13948e-16
5152.89  4.16261e-16
5154.34  4.17863e-16
5155.8   4.18894e-16
5157.25  4.19556e-16
5158.7   4.20058e-16
5160.15  4.20566e-16
5161.6   4.21167e-16
5163.05  4.21851e-16
5164.5   4.22521e-16
5165.95  4.2302e-16
5167.4   4.23172e-16
5168.85  4.22826e-16
5170.31  4.21893e-16
5171.76  4.20374e-16
5173.21  4.18364e-16
5174.66  4.16043e-16
5176.11  4.13641e-16
5177.56  4.114e-16
5179.01  4.09535e-16
5180.46  4.08194e-16
5181.91  4.07439e-16
5183.37  4.07243e-16
5184.82  4.07499e-16
5186.27  4.08052e-16
5187.72  4.08731e-16
5189.17  4.09391e-16
5190.62  4.09933e-16
5192.07  4.10326e-16
5193.52  4.10604e-16
5194.97  4.10853e-16
5196.42  4.11186e-16
5197.88  4.11716e-16
5199.33  4.12536e-16
5200.78  4.13699e-16
5202.23  4.15214e-16
5203.68  4.17061e-16
5205.13  4.19195e-16
5206.58  4.21575e-16
5208.03  4.24173e-16
5209.48  4.26987e-16
5210.94  4.30043e-16
5212.39  4.33379e-16
5213.84  4.37036e-16
5215.29  4.41033e-16
5216.74  4.4535e-16
5218.19  4.49923e-16
5219.64  4.54636e-16
5221.09  4.59342e-16
5222.54  4.63877e-16
5223.99  4.6809e-16
5225.45  4.71873e-16
5226.9   4.75184e-16
5228.35  4.78059e-16
5229.8   4.80615e-16
5231.25  4.83038e-16
5232.7   4.85561e-16
5234.15  4.88428e-16
5235.6   4.9187e-16
5237.05  4.96068e-16
5238.51  5.01137e-16
5239.96  5.07119e-16
5241.41  5.1398e-16
5242.86  5.2163e-16
5244.31  5.29938e-16
5245.76  5.3876e-16
5247.21  5.47955e-16
5248.66  5.57411e-16
5250.11  5.67046e-16
5251.56  5.76819e-16
5253.02  5.86728e-16
5254.47  5.96801e-16
5255.92  6.07093e-16
5257.37  6.17673e-16
5258.82  6.28621e-16
5260.27  6.40014e-16
5261.72  6.51918e-16
5263.17  6.64375e-16
5264.62  6.77387e-16
5266.08  6.90896e-16
5267.53  7.04772e-16
5268.98  7.18794e-16
5270.43  7.32646e-16
5271.88  7.45923e-16
5273.33  7.58155e-16
5274.78  7.68846e-16
5276.23  7.77526e-16
5277.68  7.83821e-16
5279.13  7.87513e-16
5280.59  7.88589e-16
5282.04  7.87273e-16
5283.49  7.84015e-16
5284.94  7.79458e-16
5286.39  7.74354e-16
5287.84  7.69473e-16
5289.29  7.65493e-16
5290.74  7.62906e-16
5292.19  7.6195e-16
5293.64  7.62581e-16
5295.1   7.64496e-16
5296.55  7.67195e-16
5298     7.70077e-16
5299.45  7.7256e-16
5300.9   7.7418e-16
5302.35  7.74685e-16
5303.8   7.74072e-16
5305.25  7.7259e-16
5306.7   7.70693e-16
5308.16  7.68962e-16
5309.61  7.68004e-16
5311.06  7.68345e-16
5312.51  7.70354e-16
5313.96  7.74178e-16
5315.41  7.79732e-16
5316.86  7.86719e-16
5318.31  7.94695e-16
5319.76  8.03146e-16
5321.21  8.11591e-16
5322.67  8.19667e-16
5324.12  8.27201e-16
5325.57  8.34248e-16
5327.02  8.41086e-16
5328.47  8.48175e-16
5329.92  8.56078e-16
5331.37  8.65362e-16
5332.82  8.76484e-16
5334.27  8.89696e-16
5335.73  9.04973e-16
5337.18  9.21982e-16
5338.63  9.40103e-16
5340.08  9.5849e-16
5341.53  9.76178e-16
5342.98  9.92208e-16
5344.43  1.00574e-15
5345.88  1.01619e-15
5347.33  1.02324e-15
5348.78  1.02691e-15
5350.24  1.02753e-15
5351.69  1.02563e-15
5353.14  1.02187e-15
5354.59  1.01694e-15
5356.04  1.01147e-15
5357.49  1.00593e-15
5358.94  1.00065e-15
5360.39  9.9577e-16
5361.84  9.91314e-16
5363.3   9.87219e-16
5364.75  9.83396e-16
5366.2   9.79784e-16
5367.65  9.76368e-16
5369.1   9.73192e-16
5370.55  9.70334e-16
5372     9.67873e-16
5373.45  9.65843e-16
5374.9   9.64195e-16
5376.35  9.6277e-16
5377.81  9.61295e-16
5379.26  9.594e-16
5380.71  9.56665e-16
5382.16  9.52674e-16
5383.61  9.47081e-16
5385.06  9.39673e-16
5386.51  9.30416e-16
5387.96  9.19473e-16
5389.41  9.07201e-16
5390.87  8.94116e-16
5392.32  8.8083e-16
5393.77  8.67981e-16
5395.22  8.56156e-16
5396.67  8.45822e-16
5398.12  8.37279e-16
5399.57  8.30634e-16
5401.02  8.25806e-16
5402.47  8.22552e-16
5403.92  8.20513e-16
5405.38  8.19268e-16
5406.83  8.18399e-16
5408.28  8.17539e-16
5409.73  8.16418e-16
5411.18  8.14892e-16
5412.63  8.12954e-16
5414.08  8.10735e-16
5415.53  8.08483e-16
5416.98  8.06537e-16
5418.44  8.05287e-16
5419.89  8.05129e-16
5421.34  8.06423e-16
5422.79  8.09453e-16
5424.24  8.1439e-16
5425.69  8.21276e-16
5427.14  8.30013e-16
5428.59  8.40381e-16
5430.04  8.52062e-16
5431.49  8.64676e-16
5432.95  8.77836e-16
5434.4   8.91191e-16
5435.85  9.04473e-16
5437.3   9.17527e-16
5438.75  9.30328e-16
5440.2   9.42972e-16
5441.65  9.55653e-16
5443.1   9.68625e-16
5444.55  9.82143e-16
5446.01  9.96418e-16
5447.46  1.01156e-15
5448.91  1.02757e-15
5450.36  1.04427e-15
5451.81  1.0614e-15
5453.26  1.07856e-15
5454.71  1.09534e-15
5456.16  1.1113e-15
5457.61  1.1261e-15
5459.06  1.13955e-15
5460.52  1.15157e-15
5461.97  1.16233e-15
5463.42  1.17212e-15
5464.87  1.18138e-15
5466.32  1.19063e-15
5467.77  1.2004e-15
5469.22  1.21112e-15
5470.67  1.22309e-15
5472.12  1.2364e-15
5473.58  1.25092e-15
5475.03  1.2663e-15
5476.48  1.28197e-15
5477.93  1.29729e-15
5479.38  1.31152e-15
5480.83  1.32403e-15
5482.28  1.33433e-15
5483.73  1.34216e-15
5485.18  1.34755e-15
5486.63  1.35079e-15
5488.09  1.35245e-15
5489.54  1.35326e-15
5490.99  1.35401e-15
5492.44  1.35545e-15
5493.89  1.35815e-15
5495.34  1.36244e-15
5496.79  1.36834e-15
5498.24  1.37556e-15
5499.69  1.38355e-15
5501.15  1.3916e-15
5502.6   1.39893e-15
5504.05  1.40487e-15
5505.5   1.40889e-15
5506.95  1.41076e-15
5508.4   1.41053e-15
5509.85  1.40855e-15
5511.3   1.40537e-15
5512.75  1.40171e-15
5514.2   1.3983e-15
5515.66  1.39577e-15
5517.11  1.3946e-15
5518.56  1.39503e-15
5520.01  1.39701e-15
5521.46  1.40026e-15
5522.91  1.40425e-15
5524.36  1.40829e-15
5525.81  1.41165e-15
5527.26  1.41361e-15
5528.71  1.41356e-15
5530.17  1.4111e-15
5531.62  1.40607e-15
5533.07  1.39859e-15
5534.52  1.38903e-15
5535.97  1.37796e-15
5537.42  1.36608e-15
5538.87  1.35413e-15
5540.32  1.34279e-15
5541.77  1.33258e-15
5543.23  1.32382e-15
5544.68  1.31663e-15
5546.13  1.31087e-15
5547.58  1.30627e-15
5549.03  1.30246e-15
5550.48  1.29907e-15
5551.93  1.2958e-15
5553.38  1.29246e-15
5554.83  1.28904e-15
5556.28  1.28564e-15
5557.74  1.28248e-15
5559.19  1.27979e-15
5560.64  1.27775e-15
5562.09  1.27643e-15
5563.54  1.27574e-15
5564.99  1.27542e-15
5566.44  1.27508e-15
5567.89  1.27425e-15
5569.34  1.2725e-15
5570.8   1.2695e-15
5572.25  1.26514e-15
5573.7   1.25953e-15
5575.15  1.25308e-15
5576.6   1.24641e-15
5578.05  1.24027e-15
5579.5   1.23545e-15
5580.95  1.23263e-15
5582.4   1.23227e-15
5583.85  1.23451e-15
5585.31  1.23917e-15
5586.76  1.24569e-15
5588.21  1.25327e-15
5589.66  1.26096e-15
5591.11  1.26778e-15
5592.56  1.27288e-15
5594.01  1.27568e-15
5595.46  1.27592e-15
5596.91  1.27372e-15
5598.37  1.26955e-15
5599.82  1.26411e-15
5601.27  1.25829e-15
5602.72  1.25292e-15
5604.17  1.24875e-15
5605.62  1.24625e-15
5607.07  1.24559e-15
5608.52  1.24662e-15
5609.97  1.24894e-15
5611.42  1.25194e-15
5612.88  1.25495e-15
5614.33  1.25735e-15
5615.78  1.25867e-15
5617.23  1.25867e-15
5618.68  1.25737e-15
5620.13  1.25501e-15
5621.58  1.25201e-15
5623.03  1.24886e-15
5624.48  1.24607e-15
5625.94  1.24405e-15
5627.39  1.24307e-15
5628.84  1.24324e-15
5630.29  1.24452e-15
5631.74  1.24672e-15
5633.19  1.24962e-15
5634.64  1.25296e-15
5636.09  1.25652e-15
5637.54  1.26014e-15
5638.99  1.26369e-15
5640.45  1.26707e-15
5641.9   1.27022e-15
5643.35  1.27302e-15
5644.8   1.27534e-15
5646.25  1.277e-15
5647.7   1.27782e-15
5649.15  1.27764e-15
5650.6   1.2764e-15
5652.05  1.27412e-15
5653.51  1.27096e-15
5654.96  1.26723e-15
5656.41  1.26329e-15
5657.86  1.25956e-15
5659.31  1.25643e-15
5660.76  1.25414e-15
5662.21  1.25281e-15
5663.66  1.25232e-15
5665.11  1.25236e-15
5666.56  1.25245e-15
5668.02  1.25199e-15
5669.47  1.25037e-15
5670.92  1.24705e-15
5672.37  1.24165e-15
5673.82  1.234e-15
5675.27  1.22419e-15
5676.72  1.21257e-15
5678.17  1.19971e-15
5679.62  1.18632e-15
5681.08  1.17314e-15
5682.53  1.16088e-15
5683.98  1.15006e-15
5685.43  1.14097e-15
5686.88  1.13361e-15
5688.33  1.12764e-15
5689.78  1.12249e-15
5691.23  1.11735e-15
5692.68  1.11138e-15
5694.13  1.10374e-15
5695.59  1.09379e-15
5697.04  1.08119e-15
5698.49  1.06593e-15
5699.94  1.04836e-15
5701.39  1.0292e-15
5702.84  1.00939e-15
5704.29  9.89972e-16
5705.74  9.71997e-16
5707.19  9.56337e-16
5708.65  9.43597e-16
5710.1   9.34038e-16
5711.55  9.27567e-16
5713     9.23763e-16
5714.45  9.21963e-16
5715.9   9.21362e-16
5717.35  9.21135e-16
5718.8   9.20547e-16
5720.25  9.19043e-16
5721.7   9.16307e-16
5723.16  9.12281e-16
5724.61  9.07156e-16
5726.06  9.01327e-16
5727.51  8.95331e-16
5728.96  8.89769e-16
5730.41  8.85227e-16
5731.86  8.82198e-16
5733.31  8.81021e-16
5734.76  8.81828e-16
5736.22  8.84528e-16
5737.67  8.88803e-16
5739.12  8.94146e-16
5740.57  8.99919e-16
5742.02  9.0543e-16
5743.47  9.1003e-16
5744.92  9.132e-16
5746.37  9.14628e-16
5747.82  9.14265e-16
5749.27  9.12328e-16
5750.73  9.09283e-16
5752.18  9.05776e-16
5753.63  9.02541e-16
5755.08  9.00297e-16
5756.53  8.99644e-16
5757.98  9.00981e-16
5759.43  9.04456e-16
5760.88  9.09953e-16
5762.33  9.17126e-16
5763.78  9.2546e-16
5765.24  9.34356e-16
5766.69  9.43219e-16
5768.14  9.51538e-16
5769.59  9.58947e-16
5771.04  9.65242e-16
5772.49  9.70386e-16
5773.94  9.7447e-16
5775.39  9.77668e-16
5776.84  9.8018e-16
5778.3   9.8219e-16
5779.75  9.8383e-16
5781.2   9.85174e-16
5782.65  9.86242e-16
5784.1   9.8703e-16
5785.55  9.87535e-16
5787     9.87791e-16
5788.45  9.87888e-16
5789.9   9.87976e-16
5791.35  9.88263e-16
5792.81  9.88986e-16
5794.26  9.90388e-16
5795.71  9.92674e-16
5797.16  9.95988e-16
5798.61  1.00038e-15
5800.06  1.00581e-15
5801.51  1.01213e-15
5802.96  1.01909e-15
5804.41  1.02639e-15
5805.87  1.03368e-15
5807.32  1.0406e-15
5808.77  1.04683e-15
5810.22  1.05208e-15
5811.67  1.05616e-15
5813.12  1.05897e-15
5814.57  1.06051e-15
5816.02  1.0609e-15
5817.47  1.06032e-15
5818.92  1.05903e-15
5820.38  1.05734e-15
5821.83  1.05555e-15
5823.28  1.05395e-15
5824.73  1.05279e-15
5826.18  1.05223e-15
5827.63  1.05235e-15
5829.08  1.05313e-15
5830.53  1.05444e-15
5831.98  1.05608e-15
5833.44  1.05777e-15
5834.89  1.05919e-15
5836.34  1.06004e-15
5837.79  1.06002e-15
5839.24  1.05894e-15
5840.69  1.05667e-15
5842.14  1.05322e-15
5843.59  1.04868e-15
5845.04  1.04324e-15
5846.49  1.03715e-15
5847.95  1.03068e-15
5849.4   1.02406e-15
5850.85  1.01746e-15
5852.3   1.01099e-15
5853.75  1.00464e-15
5855.2   9.98324e-16
5856.65  9.91911e-16
5858.1   9.85252e-16
5859.55  9.78235e-16
5861.01  9.70826e-16
5862.46  9.63103e-16
5863.91  9.55261e-16
5865.36  9.4761e-16
5866.81  9.4054e-16
5868.26  9.34472e-16
5869.71  9.29804e-16
5871.16  9.26852e-16
5872.61  9.25805e-16
5874.06  9.26698e-16
5875.52  9.2941e-16
5876.97  9.33678e-16
5878.42  9.39136e-16
5879.87  9.4537e-16
5881.32  9.51963e-16
5882.77  9.58552e-16
5884.22  9.64856e-16
5885.67  9.70696e-16
5887.12  9.75997e-16
5888.58  9.80772e-16
5890.03  9.85095e-16
5891.48  9.89076e-16
5892.93  9.92831e-16
5894.38  9.96463e-16
5895.83  1.00005e-15
5897.28  1.00363e-15
5898.73  1.00722e-15
5900.18  1.01084e-15
5901.63  1.01448e-15
5903.09  1.01816e-15
5904.54  1.02189e-15
5905.99  1.02575e-15
5907.44  1.02979e-15
5908.89  1.0341e-15
5910.34  1.03876e-15
5911.79  1.0438e-15
5913.24  1.04921e-15
5914.69  1.05493e-15
5916.15  1.06078e-15
5917.6   1.06655e-15
5919.05  1.07192e-15
5920.5   1.07658e-15
5921.95  1.08017e-15
5923.4   1.0824e-15
5924.85  1.08303e-15
5926.3   1.0819e-15
5927.75  1.07897e-15
5929.2   1.07429e-15
5930.66  1.06803e-15
5932.11  1.06042e-15
5933.56  1.05173e-15
5935.01  1.04227e-15
5936.46  1.03235e-15
5937.91  1.02224e-15
5939.36  1.01223e-15
5940.81  1.00253e-15
5942.26  9.93346e-16
5943.72  9.84851e-16
5945.17  9.7719e-16
5946.62  9.70479e-16
5948.07  9.648e-16
5949.52  9.60194e-16
5950.97  9.56647e-16
5952.42  9.54083e-16
5953.87  9.52356e-16
5955.32  9.51253e-16
5956.77  9.50496e-16
5958.23  9.49764e-16
5959.68  9.48712e-16
5961.13  9.46995e-16
5962.58  9.44299e-16
5964.03  9.40362e-16
5965.48  9.34997e-16
5966.93  9.28111e-16
5968.38  9.19709e-16
5969.83  9.09901e-16
5971.29  8.9889e-16
5972.74  8.86968e-16
5974.19  8.74485e-16
5975.64  8.61826e-16
5977.09  8.49378e-16
5978.54  8.37489e-16
5979.99  8.26433e-16
5981.44  8.16382e-16
5982.89  8.07382e-16
5984.34  7.9935e-16
5985.8   7.92082e-16
5987.25  7.85284e-16
5988.7   7.78616e-16
5990.15  7.7174e-16
5991.6   7.64372e-16
5993.05  7.56324e-16
5994.5   7.47527e-16
5995.95  7.38039e-16
5997.4   7.28028e-16
5998.85  7.17735e-16
6000.31  7.07431e-16
6001.76  6.97372e-16
6003.21  6.8776e-16
6004.66  6.78723e-16
6006.11  6.70307e-16
6007.56  6.62491e-16
6009.01  6.55213e-16
6010.46  6.48401e-16
6011.91  6.42001e-16
6013.37  6.35998e-16
6014.82  6.30424e-16
6016.27  6.25348e-16
6017.72  6.20861e-16
6019.17  6.17051e-16
6020.62  6.1398e-16
6022.07  6.11666e-16
6023.52  6.10077e-16
6024.97  6.09139e-16
6026.42  6.08749e-16
6027.88  6.08808e-16
6029.33  6.09241e-16
6030.78  6.10027e-16
6032.23  6.11211e-16
6033.68  6.12912e-16
6035.13  6.15307e-16
6036.58  6.18613e-16
6038.03  6.23048e-16
6039.48  6.28792e-16
6040.94  6.35947e-16
6042.39  6.44508e-16
6043.84  6.54337e-16
6045.29  6.65164e-16
6046.74  6.76605e-16
6048.19  6.88195e-16
6049.64  6.99444e-16
6051.09  7.09896e-16
6052.54  7.19193e-16
6053.99  7.27121e-16
6055.45  7.3365e-16
6056.9   7.38934e-16
6058.35  7.43288e-16
6059.8   7.4714e-16
6061.25  7.5096e-16
6062.7   7.55176e-16
6064.15  7.60099e-16
6065.6   7.65856e-16
6067.05  7.72359e-16
6068.51  7.79302e-16
6069.96  7.86183e-16
6071.41  7.92376e-16
6072.86  7.972e-16
6074.31  8.00018e-16
6075.76  8.00321e-16
6077.21  7.97797e-16
6078.66  7.9238e-16
6080.11  7.84261e-16
6081.56  7.73869e-16
6083.02  7.61814e-16
6084.47  7.48809e-16
6085.92  7.35581e-16
6087.37  7.22768e-16
6088.82  7.10846e-16
6090.27  7.00072e-16
6091.72  6.90463e-16
6093.17  6.81828e-16
6094.62  6.73822e-16
6096.08  6.66039e-16
6097.53  6.58113e-16
6098.98  6.49814e-16
6100.43  6.41109e-16
6101.88  6.32195e-16
6103.33  6.23475e-16
6104.78  6.15489e-16
6106.23  6.08819e-16
6107.68  6.03973e-16
6109.13  6.01282e-16
6110.59  6.00832e-16
6112.04  6.0243e-16
6113.49  6.05638e-16
6114.94  6.09844e-16
6116.39  6.14375e-16
6117.84  6.1862e-16
6119.29  6.22142e-16
6120.74  6.24766e-16
6122.19  6.26604e-16
6123.65  6.28042e-16
6125.1   6.29659e-16
6126.55  6.32118e-16
6128     6.36039e-16
6129.45  6.41876e-16
6130.9   6.49829e-16
6132.35  6.59803e-16
6133.8   6.71422e-16
6135.25  6.84101e-16
6136.7   6.97152e-16
6138.16  7.09913e-16
6139.61  7.21867e-16
6141.06  7.32736e-16
6142.51  7.42516e-16
6143.96  7.51471e-16
6145.41  7.60059e-16
6146.86  7.68828e-16
6148.31  7.78294e-16
6149.76  7.8882e-16
6151.22  8.00536e-16
6152.67  8.133e-16
6154.12  8.26709e-16
6155.57  8.40168e-16
6157.02  8.52994e-16
6158.47  8.64529e-16
6159.92  8.74254e-16
6161.37  8.81875e-16
6162.82  8.87359e-16
6164.27  8.90935e-16
6165.73  8.93033e-16
6167.18  8.94207e-16
6168.63  8.95024e-16
6170.08  8.95964e-16
6171.53  8.97342e-16
6172.98  8.99257e-16
6174.43  9.01591e-16
6175.88  9.04041e-16
6177.33  9.06193e-16
6178.79  9.07608e-16
6180.24  9.07913e-16
6181.69  9.06887e-16
6183.14  9.04506e-16
6184.59  9.00961e-16
6186.04  8.96637e-16
6187.49  8.92049e-16
6188.94  8.87763e-16
6190.39  8.84299e-16
6191.84  8.82044e-16
6193.3   8.81181e-16
6194.75  8.81652e-16
6196.2   8.83159e-16
6197.65  8.85208e-16
6199.1   8.87179e-16
6200.55  8.88426e-16
6202     8.88374e-16
6203.45  8.86616e-16
6204.9   8.82974e-16
6206.36  8.77527e-16
6207.81  8.70598e-16
6209.26  8.62695e-16
6210.71  8.54432e-16
6212.16  8.46423e-16
6213.61  8.39189e-16
6215.06  8.33076e-16
6216.51  8.28213e-16
6217.96  8.24503e-16
6219.41  8.21657e-16
6220.87  8.19255e-16
6222.32  8.1683e-16
6223.77  8.13951e-16
6225.22  8.10296e-16
6226.67  8.05703e-16
6228.12  8.00185e-16
6229.57  7.93924e-16
6231.02  7.87225e-16
6232.47  7.80464e-16
6233.92  7.74022e-16
6235.38  7.68228e-16
6236.83  7.63303e-16
6238.28  7.59335e-16
6239.73  7.56261e-16
6241.18  7.53878e-16
6242.63  7.51859e-16
6244.08  7.49794e-16
6245.53  7.47232e-16
6246.98  7.43734e-16
6248.44  7.38924e-16
6249.89  7.32542e-16
6251.34  7.24488e-16
6252.79  7.1485e-16
6254.24  7.03915e-16
6255.69  6.92157e-16
6257.14  6.80191e-16
6258.59  6.68715e-16
6260.04  6.5842e-16
6261.49  6.49905e-16
6262.95  6.43585e-16
6264.4   6.39627e-16
6265.85  6.37909e-16
6267.3   6.38026e-16
6268.75  6.39328e-16
6270.2   6.41006e-16
6271.65  6.42195e-16
6273.1   6.42095e-16
6274.55  6.4008e-16
6276.01  6.35784e-16
6277.46  6.29146e-16
6278.91  6.20416e-16
6280.36  6.10102e-16
6281.81  5.98887e-16
6283.26  5.87521e-16
6284.71  5.76707e-16
6286.16  5.66997e-16
6287.61  5.58723e-16
6289.06  5.51969e-16
6290.52  5.46579e-16
6291.97  5.42217e-16
6293.42  5.38444e-16
6294.87  5.34819e-16
6296.32  5.30983e-16
6297.77  5.26732e-16
6299.22  5.22059e-16
6300.67  5.17148e-16
6302.12  5.12345e-16
6303.58  5.08094e-16
6305.03  5.04856e-16
6306.48  5.03028e-16
6307.93  5.02876e-16
6309.38  5.04485e-16
6310.83  5.07742e-16
6312.28  5.12348e-16
6313.73  5.17852e-16
6315.18  5.23709e-16
6316.63  5.29345e-16
6318.09  5.3422e-16
6319.54  5.37888e-16
6320.99  5.40041e-16
6322.44  5.40539e-16
6323.89  5.39418e-16
6325.34  5.36892e-16
6326.79  5.33329e-16
6328.24  5.29221e-16
6329.69  5.25146e-16
6331.15  5.21712e-16
6332.6   5.19504e-16
6334.05  5.19023e-16
6335.5   5.20633e-16
6336.95  5.24512e-16
6338.4   5.30619e-16
6339.85  5.38682e-16
6341.3   5.48209e-16
6342.75  5.58526e-16
6344.2   5.68837e-16
6345.66  5.78307e-16
6347.11  5.8615e-16
6348.56  5.9172e-16
6350.01  5.94591e-16
6351.46  5.94616e-16
6352.91  5.91952e-16
6354.36  5.87055e-16
6355.81  5.80637e-16
6357.26  5.73586e-16
6358.72  5.66867e-16
6360.17  5.61407e-16
6361.62  5.57979e-16
6363.07  5.57103e-16
6364.52  5.58979e-16
6365.97  5.63454e-16
6367.42  5.70044e-16
6368.87  5.77994e-16
6370.32  5.86382e-16
6371.77  5.94248e-16
6373.23  6.00729e-16
6374.68  6.05183e-16
6376.13  6.07285e-16
6377.58  6.07077e-16
6379.03  6.04962e-16
6380.48  6.01649e-16
6381.93  5.98053e-16
6383.38  5.95167e-16
6384.83  5.93923e-16
6386.29  5.9507e-16
6387.74  5.99077e-16
6389.19  6.06086e-16
6390.64  6.15905e-16
6392.09  6.2806e-16
6393.54  6.4187e-16
6394.99  6.56564e-16
6396.44  6.71388e-16
6397.89  6.85711e-16
6399.34  6.99112e-16
6400.8   7.11427e-16
6402.25  7.22753e-16
6403.7   7.33428e-16
6405.15  7.43957e-16
6406.6   7.54928e-16
6408.05  7.66904e-16
6409.5   7.80326e-16
6410.95  7.95423e-16
6412.4   8.12159e-16
6413.86  8.30217e-16
6415.31  8.49026e-16
6416.76  8.6783e-16
6418.21  8.85789e-16
6419.66  9.02096e-16
6421.11  9.16089e-16
6422.56  9.27352e-16
6424.01  9.35762e-16
6425.46  9.41506e-16
6426.91  9.45037e-16
6428.37  9.46997e-16
6429.82  9.48101e-16
6431.27  9.49025e-16
6432.72  9.50303e-16
6434.17  9.52246e-16
6435.62  9.54916e-16
6437.07  9.58131e-16
6438.52  9.61527e-16
6439.97  9.64637e-16
6441.42  9.66985e-16
6442.88  9.68185e-16
6444.33  9.68012e-16
6445.78  9.66443e-16
6447.23  9.63666e-16
6448.68  9.60048e-16
6450.13  9.56075e-16
6451.58  9.52277e-16
6453.03  9.49141e-16
6454.48  9.47032e-16
6455.94  9.46144e-16
6457.39  9.46463e-16
6458.84  9.47776e-16
6460.29  9.49708e-16
6461.74  9.51784e-16
6463.19  9.53514e-16
6464.64  9.5448e-16
6466.09  9.54414e-16
6467.54  9.53249e-16
6468.99  9.51146e-16
6470.45  9.48468e-16
6471.9   9.45729e-16
6473.35  9.43505e-16
6474.8   9.4233e-16
6476.25  9.42602e-16
6477.7   9.44498e-16
6479.15  9.47934e-16
6480.6   9.52567e-16
6482.05  9.57846e-16
6483.51  9.63102e-16
6484.96  9.67659e-16
6486.41  9.7096e-16
6487.86  9.72664e-16
6489.31  9.72717e-16
6490.76  9.71366e-16
6492.21  9.69125e-16
6493.66  9.66689e-16
6495.11  9.64821e-16
6496.56  9.64221e-16
6498.02  9.65404e-16
6499.47  9.68614e-16
6500.92  9.73776e-16
6502.37  9.80509e-16
6503.82  9.88179e-16
6505.27  9.95999e-16
6506.72  1.00314e-15
6508.17  1.00887e-15
6509.62  1.01262e-15
6511.08  1.0141e-15
6512.53  1.01329e-15
6513.98  1.01044e-15
6515.43  1.00604e-15
6516.88  1.00073e-15
6518.33  9.95223e-16
6519.78  9.90228e-16
6521.23  9.86363e-16
6522.68  9.84105e-16
6524.13  9.83755e-16
6525.59  9.85415e-16
6527.04  9.88986e-16
6528.49  9.94187e-16
6529.94  1.00058e-15
6531.39  1.00762e-15
6532.84  1.01467e-15
6534.29  1.02112e-15
6535.74  1.02639e-15
6537.19  1.03003e-15
6538.65  1.03175e-15
6540.1   1.0315e-15
6541.55  1.02943e-15
6543     1.02596e-15
6544.45  1.02167e-15
6545.9   1.0173e-15
6547.35  1.01361e-15
6548.8   1.01136e-15
6550.25  1.01111e-15
6551.7   1.01323e-15
6553.16  1.01779e-15
6554.61  1.02455e-15
6556.06  1.03299e-15
6557.51  1.04235e-15
6558.96  1.05174e-15
6560.41  1.06024e-15
6561.86  1.06703e-15
6563.31  1.07146e-15
6564.76  1.07315e-15
6566.22  1.07204e-15
6567.67  1.06833e-15
6569.12  1.06252e-15
6570.57  1.05529e-15
6572.02  1.04739e-15
6573.47  1.03961e-15
6574.92  1.0326e-15
6576.37  1.0269e-15
6577.82  1.02282e-15
6579.27  1.02049e-15
6580.73  1.01985e-15
6582.18  1.02072e-15
6583.63  1.02285e-15
6585.08  1.02593e-15
6586.53  1.02971e-15
6587.98  1.03397e-15
6589.43  1.03854e-15
6590.88  1.04331e-15
6592.33  1.04817e-15
6593.79  1.05306e-15
6595.24  1.05786e-15
6596.69  1.06243e-15
6598.14  1.06663e-15
6599.59  1.07029e-15
6601.04  1.07324e-15
6602.49  1.07538e-15
6603.94  1.07664e-15
6605.39  1.07704e-15
6606.84  1.07665e-15
6608.3   1.0756e-15
6609.75  1.07402e-15
6611.2   1.07203e-15
6612.65  1.06969e-15
6614.1   1.06702e-15
6615.55  1.06393e-15
6617     1.0603e-15
6618.45  1.05601e-15
6619.9   1.05095e-15
6621.36  1.04513e-15
6622.81  1.03866e-15
6624.26  1.03182e-15
6625.71  1.02498e-15
6627.16  1.01863e-15
6628.61  1.01323e-15
6630.06  1.00918e-15
6631.51  1.00673e-15
6632.96  1.0059e-15
6634.41  1.00647e-15
6635.87  1.00795e-15
6637.32  1.0097e-15
6638.77  1.01094e-15
6640.22  1.01089e-15
6641.67  1.00889e-15
6643.12  1.00444e-15
6644.57  9.97341e-16
6646.02  9.87664e-16
6647.47  9.75751e-16
6648.93  9.62163e-16
6650.38  9.47593e-16
6651.83  9.32765e-16
6653.28  9.1834e-16
6654.73  9.0483e-16
6656.18  8.92539e-16
6657.63  8.81543e-16
6659.08  8.71699e-16
6660.53  8.62694e-16
6661.98  8.54117e-16
6663.44  8.45557e-16
6664.89  8.36693e-16
6666.34  8.27389e-16
6667.79  8.17758e-16
6669.24  8.0819e-16
6670.69  7.99333e-16
6672.14  7.92025e-16
6673.59  7.87179e-16
6675.04  7.85633e-16
6676.49  7.87989e-16
6677.95  7.94465e-16
6679.4   8.04792e-16
6680.85  8.18174e-16
6682.3   8.33339e-16
6683.75  8.48664e-16
6685.2   8.62381e-16
6686.65  8.72811e-16
6688.1   8.78608e-16
6689.55  8.78958e-16
6691.01  8.73699e-16
6692.46  8.63344e-16
6693.91  8.48996e-16
6695.36  8.32175e-16
6696.81  8.14589e-16
6698.26  7.97889e-16
6699.71  7.83442e-16
6701.16  7.72171e-16
6702.61  7.64479e-16
6704.06  7.60258e-16
6705.52  7.58971e-16
6706.97  7.59798e-16
6708.42  7.61793e-16
6709.87  7.64047e-16
6711.32  7.65813e-16
6712.77  7.66583e-16
6714.22  7.66123e-16
6715.67  7.64456e-16
6717.12  7.6181e-16
6718.58  7.58559e-16
6720.03  7.55145e-16
6721.48  7.52014e-16
6722.93  7.49573e-16
6724.38  7.48144e-16
6725.83  7.47946e-16
6727.28  7.49081e-16
6728.73  7.51527e-16
6730.18  7.55138e-16
6731.63  7.59652e-16
6733.09  7.64708e-16
6734.54  7.69876e-16
6735.99  7.74695e-16
6737.44  7.78726e-16
6738.89  7.81606e-16
6740.34  7.83097e-16
6741.79  7.83125e-16
6743.24  7.81796e-16
6744.69  7.7939e-16
6746.15  7.76327e-16
6747.6   7.73105e-16
6749.05  7.70233e-16
6750.5   7.68155e-16
6751.95  7.67183e-16
6753.4   7.67455e-16
6754.85  7.68912e-16
6756.3   7.71318e-16
6757.75  7.74297e-16
6759.2   7.77395e-16
6760.66  7.80152e-16
6762.11  7.82171e-16
6763.56  7.83171e-16
6765.01  7.8302e-16
6766.46  7.81742e-16
6767.91  7.79504e-16
6769.36  7.76573e-16
6770.81  7.73276e-16
6772.26  7.69955e-16
6773.72  7.66921e-16
6775.17  7.64432e-16
6776.62  7.62683e-16
6778.07  7.618e-16
6779.52  7.61857e-16
6780.97  7.62885e-16
6782.42  7.64881e-16
6783.87  7.67814e-16
6785.32  7.71619e-16
6786.77  7.76188e-16
6788.23  7.8136e-16
6789.68  7.86909e-16
6791.13  7.92551e-16
6792.58  7.97952e-16
6794.03  8.02761e-16
6795.48  8.06643e-16
6796.93  8.09321e-16
6798.38  8.10617e-16
6799.83  8.10481e-16
6801.29  8.08999e-16
6802.74  8.06386e-16
6804.19  8.02955e-16
6805.64  7.99077e-16
6807.09  7.95121e-16
6808.54  7.91409e-16
6809.99  7.88168e-16
6811.44  7.85515e-16
6812.89  7.83445e-16
6814.34  7.8186e-16
6815.8   7.80601e-16
6817.25  7.79495e-16
6818.7   7.78406e-16
6820.15  7.77271e-16
6821.6   7.76118e-16
6823.05  7.75065e-16
6824.5   7.74294e-16
6825.95  7.74004e-16
6827.4   7.7436e-16
6828.86  7.75434e-16
6830.31  7.77172e-16
6831.76  7.79374e-16
6833.21  7.81707e-16
6834.66  7.83748e-16
6836.11  7.85045e-16
6837.56  7.85189e-16
6839.01  7.83887e-16
6840.46  7.81014e-16
6841.91  7.76638e-16
6843.37  7.71015e-16
6844.82  7.64556e-16
6846.27  7.57771e-16
6847.72  7.51199e-16
6849.17  7.45341e-16
6850.62  7.40603e-16
6852.07  7.37256e-16
6853.52  7.35421e-16
6854.97  7.35064e-16
6856.43  7.36019e-16
6857.88  7.38006e-16
6859.33  7.40667e-16
6860.78  7.43588e-16
6862.23  7.4633e-16
6863.68  7.48462e-16
6865.13  7.49585e-16
6866.58  7.4937e-16
6868.03  7.47595e-16
6869.48  7.44182e-16
6870.94  7.3922e-16
6872.39  7.32984e-16
6873.84  7.25918e-16
6875.29  7.18604e-16
6876.74  7.11696e-16
6878.19  7.05835e-16
6879.64  7.01562e-16
6881.09  6.99227e-16
6882.54  6.98934e-16
6884     7.0051e-16
6885.45  7.03526e-16
6886.9   7.07363e-16
6888.35  7.11304e-16
6889.8   7.14656e-16
6891.25  7.16861e-16
6892.7   7.17589e-16
6894.15  7.16789e-16
6895.6   7.1469e-16
6897.05  7.11748e-16
6898.51  7.08557e-16
6899.96  7.0573e-16
6901.41  7.03786e-16
6902.86  7.0305e-16
6904.31  7.03602e-16
6905.76  7.05272e-16
6907.21  7.07686e-16
6908.66  7.10354e-16
6910.11  7.12781e-16
6911.56  7.14575e-16
6913.02  7.15537e-16
6914.47  7.157e-16
6915.92  7.1533e-16
6917.37  7.14869e-16
6918.82  7.14843e-16
6920.27  7.15753e-16
6921.72  7.17969e-16
6923.17  7.21651e-16
6924.62  7.26707e-16
6926.08  7.3281e-16
6927.53  7.39449e-16
6928.98  7.46018e-16
6930.43  7.5192e-16
6931.88  7.56661e-16
6933.33  7.59929e-16
6934.78  7.61625e-16
6936.23  7.61864e-16
6937.68  7.6094e-16
6939.13  7.59261e-16
6940.59  7.57284e-16
6942.04  7.55441e-16
6943.49  7.54093e-16
6944.94  7.53501e-16
6946.39  7.53811e-16
6947.84  7.55069e-16
6949.29  7.57231e-16
6950.74  7.60187e-16
6952.19  7.63772e-16
6953.65  7.67775e-16
6955.1   7.71951e-16
6956.55  7.76019e-16
6958     7.79682e-16
6959.45  7.82639e-16
6960.9   7.84622e-16
6962.35  7.85426e-16
6963.8   7.84943e-16
6965.25  7.83189e-16
6966.7   7.80316e-16
6968.16  7.766e-16
6969.61  7.72417e-16
6971.06  7.68191e-16
6972.51  7.64342e-16
6973.96  7.61229e-16
6975.41  7.59103e-16
6976.86  7.58078e-16
6978.31  7.58127e-16
6979.76  7.59095e-16
6981.22  7.60738e-16
6982.67  7.62763e-16
6984.12  7.64877e-16
6985.57  7.66827e-16
6987.02  7.68422e-16
6988.47  7.69542e-16
6989.92  7.7013e-16
6991.37  7.70175e-16
6992.82  7.69688e-16
6994.27  7.68689e-16
6995.73  7.67197e-16
6997.18  7.6523e-16
6998.63  7.62817e-16
7000.08  7.60014e-16
7001.53  7.56917e-16
7002.98  7.53663e-16
7004.43  7.50426e-16
7005.88  7.4739e-16
7007.33  7.44721e-16
7008.79  7.42531e-16
7010.24  7.40839e-16
7011.69  7.39557e-16
7013.14  7.38484e-16
7014.59  7.37326e-16
7016.04  7.35737e-16
7017.49  7.33368e-16
7018.94  7.29935e-16
7020.39  7.25269e-16
7021.84  7.1936e-16
7023.3   7.12372e-16
7024.75  7.04632e-16
7026.2   6.96591e-16
7027.65  6.88759e-16
7029.1   6.81635e-16
7030.55  6.75627e-16
7032     6.70987e-16
7033.45  6.67774e-16
7034.9   6.65831e-16
7036.36  6.64815e-16
7037.81  6.64233e-16
7039.26  6.63519e-16
7040.71  6.62106e-16
7042.16  6.59511e-16
7043.61  6.55395e-16
7045.06  6.49609e-16
7046.51  6.42211e-16
7047.96  6.33454e-16
7049.41  6.23744e-16
7050.87  6.13586e-16
7052.32  6.03504e-16
7053.77  5.93976e-16
7055.22  5.85365e-16
7056.67  5.77878e-16
7058.12  5.71545e-16
7059.57  5.66227e-16
7061.02  5.61654e-16
7062.47  5.57481e-16
7063.93  5.53356e-16
7065.38  5.48985e-16
7066.83  5.44189e-16
7068.28  5.38934e-16
7069.73  5.3334e-16
7071.18  5.2765e-16
7072.63  5.22192e-16
7074.08  5.17311e-16
7075.53  5.13317e-16
7076.98  5.10423e-16
7078.44  5.08727e-16
7079.89  5.08199e-16
7081.34  5.0871e-16
7082.79  5.10073e-16
7084.24  5.12092e-16
7085.69  5.14615e-16
7087.14  5.17562e-16
7088.59  5.20935e-16
7090.04  5.24795e-16
7091.5   5.29226e-16
7092.95  5.34272e-16
7094.4   5.39887e-16
7095.85  5.45898e-16
7097.3   5.51991e-16
7098.75  5.57744e-16
7100.2   5.62678e-16
7101.65  5.66339e-16
7103.1   5.6839e-16
7104.55  5.68684e-16
7106.01  5.67313e-16
7107.46  5.64611e-16
7108.91  5.61114e-16
7110.36  5.57471e-16
7111.81  5.54336e-16
7113.26  5.52241e-16
7114.71  5.51495e-16
7116.16  5.52111e-16
7117.61  5.53788e-16
7119.07  5.55951e-16
7120.52  5.57844e-16
7121.97  5.58655e-16
7123.42  5.57669e-16
7124.87  5.54399e-16
7126.32  5.48691e-16
7127.77  5.40776e-16
7129.22  5.31249e-16
7130.67  5.20996e-16
7132.12  5.11064e-16
7133.58  5.02502e-16
7135.03  4.96188e-16
7136.48  4.92691e-16
7137.93  4.92166e-16
7139.38  4.94316e-16
7140.83  4.9843e-16
7142.28  5.03479e-16
7143.73  5.0827e-16
7145.18  5.11628e-16
7146.63  5.12584e-16
7148.09  5.10527e-16
7149.54  5.05312e-16
7150.99  4.97292e-16
7152.44  4.87272e-16
7153.89  4.76399e-16
7155.34  4.65994e-16
7156.79  4.57359e-16
7158.24  4.51588e-16
7159.69  4.4941e-16
7161.15  4.51091e-16
7162.6   4.56401e-16
7164.05  4.64663e-16
7165.5   4.74859e-16
7166.95  4.85781e-16
7168.4   4.96212e-16
7169.85  5.05093e-16
7171.3   5.11662e-16
7172.75  5.15553e-16
7174.2   5.16821e-16
7175.66  5.15914e-16
7177.11  5.13592e-16
7178.56  5.10794e-16
7180.01  5.08497e-16
7181.46  5.0757e-16
7182.91  5.08646e-16
7184.36  5.12048e-16
7185.81  5.17749e-16
7187.26  5.25403e-16
7188.72  5.34409e-16
7190.17  5.44028e-16
7191.62  5.53503e-16
7193.07  5.62191e-16
7194.52  5.69656e-16
7195.97  5.75743e-16
7197.42  5.80584e-16
7198.87  5.84565e-16
7200.32  5.8825e-16
7201.77  5.9227e-16
7203.23  5.97203e-16
7204.68  6.03472e-16
7206.13  6.1126e-16
7207.58  6.20476e-16
7209.03  6.30763e-16
7210.48  6.41559e-16
7211.93  6.52185e-16
7213.38  6.61963e-16
7214.83  6.70322e-16
7216.29  6.76898e-16
7217.74  6.81588e-16
7219.19  6.84563e-16
7220.64  6.86232e-16
7222.09  6.87166e-16
7223.54  6.87994e-16
7224.99  6.89295e-16
7226.44  6.91498e-16
7227.89  6.9482e-16
7229.34  6.99232e-16
7230.8   7.04486e-16
7232.25  7.10164e-16
7233.7   7.15763e-16
7235.15  7.20784e-16
7236.6   7.2481e-16
7238.05  7.27572e-16
7239.5   7.28975e-16
7240.95  7.29107e-16
7242.4   7.28209e-16
7243.86  7.26637e-16
7245.31  7.24808e-16
7246.76  7.23143e-16
7248.21  7.22018e-16
7249.66  7.21718e-16
7251.11  7.224e-16
7252.56  7.24068e-16
7254.01  7.26563e-16
7255.46  7.29564e-16
7256.91  7.32611e-16
7258.37  7.35147e-16
7259.82  7.36576e-16
7261.27  7.36336e-16
7262.72  7.33977e-16
7264.17  7.29234e-16
7265.62  7.22082e-16
7267.07  7.12763e-16
7268.52  7.01772e-16
7269.97  6.8981e-16
7271.43  6.77696e-16
7272.88  6.66263e-16
7274.33  6.56243e-16
7275.78  6.4817e-16
7277.23  6.42306e-16
7278.68  6.38619e-16
7280.13  6.36802e-16
7281.58  6.36331e-16
7283.03  6.36568e-16
7284.48  6.36864e-16
7285.94  6.36665e-16
7287.39  6.35588e-16
7288.84  6.33468e-16
7290.29  6.30356e-16
7291.74  6.26482e-16
7293.19  6.22193e-16
7294.64  6.17871e-16
7296.09  6.13864e-16
7297.54  6.1043e-16
7299     6.07708e-16
7300.45  6.05715e-16
7301.9   6.04377e-16
7303.35  6.03559e-16
7304.8   6.03109e-16
7306.25  6.02891e-16
7307.7   6.02799e-16
7309.15  6.02767e-16
7310.6   6.02758e-16
7312.05  6.02756e-16
7313.51  6.02755e-16
7314.96  6.02755e-16