3610.25  8.5022e-18
3611.7   3.32442e-16
3613.16  7.52681e-16
3614.62  1.24476e-15
3616.07  1.77392e-15
3617.53  2.29949e-15
3618.98  2.78038e-15
3620.44  3.18084e-15
3621.89  3.47556e-15
3623.35  3.65318e-15
3624.81  3.71762e-15
3626.26  3.68714e-15
3627.72  3.59119e-15
3629.17  3.46572e-15
3630.63  3.34784e-15
3632.08  3.27068e-15
3633.54  3.25921e-15
3635     3.32771e-15
3636.45  3.47899e-15
3637.91  3.70519e-15
3639.36  3.98998e-15
3640.82  4.31137e-15
3642.27  4.64467e-15
3643.73  4.96516e-15
3645.19  5.25007e-15
3646.64  5.47995e-15
3648.1   5.63936e-15
3649.55  5.71739e-15
3651.01  5.70797e-15
3652.47  5.61041e-15
3653.92  5.43e-15
3655.38  5.17857e-15
3656.83  4.87468e-15
3658.29  4.54298e-15
3659.74  4.21261e-15
3661.2   3.91437e-15
3662.66  3.67693e-15
3664.11  3.52266e-15
3665.57  3.46373e-15
3667.02  3.49947e-15
3668.48  3.61558e-15
3669.93  3.78582e-15
3671.39  3.9761e-15
3672.85  4.15031e-15
3674.3   4.27707e-15
3675.76  4.33601e-15
3677.21  4.3222e-15
3678.67  4.24771e-15
3680.12  4.13983e-15
3681.58  4.03592e-15
3683.04  3.97584e-15
3684.49  3.9932e-15
3685.95  4.10735e-15
3687.4   4.31747e-15
3688.86  4.60035e-15
3690.31  4.91236e-15
3691.77  5.19564e-15
3693.23  5.38758e-15
3694.68  5.43192e-15
3696.14  5.28976e-15
3697.59  4.94819e-15
3699.05  4.42503e-15
3700.5   3.76849e-15
3701.96  3.05164e-15
3703.42  2.3623e-15
3704.87  1.78992e-15
3706.33  1.41164e-15
3707.78  1.27974e-15
3709.24  1.41275e-15
3710.69  1.79181e-15
3712.15  2.36296e-15
3713.61  3.04515e-15
3715.06  3.7426e-15
3716.52  4.35967e-15
3717.97  4.8156e-15
3719.43  5.05664e-15
3720.89  5.06381e-15
3722.34  4.85465e-15
3723.8   4.47914e-15
3725.25  4.01035e-15
3726.71  3.5316e-15
3728.16  3.12245e-15
3729.62  2.8459e-15
3731.08  2.73886e-15
3732.53  2.80754e-15
3733.99  3.02814e-15
3735.44  3.35256e-15
3736.9   3.71788e-15
3738.35  4.05783e-15
3739.81  4.31404e-15
3741.27  4.44538e-15
3742.72  4.43384e-15
3744.18  4.28627e-15
3745.63  4.03197e-15
3747.09  3.71698e-15
3748.54  3.39613e-15
3750     3.12438e-15
3751.46  2.94889e-15
3752.91  2.90268e-15
3754.37  3.00078e-15
3755.82  3.23901e-15
3757.28  3.59511e-15
3758.73  4.03198e-15
3760.19  4.50216e-15
3761.65  4.95334e-15
3763.1   5.33396e-15
3764.56  5.59878e-15
3766.01  5.71384e-15
3767.47  5.66047e-15
3768.92  5.43793e-15
3770.38  5.06432e-15
3771.84  4.57534e-15
3773.29  4.02076e-15
3774.75  3.45871e-15
3776.2   2.94836e-15
3777.66  2.54172e-15
3779.11  2.276e-15
3780.57  2.16774e-15
3782.03  2.20987e-15
3783.48  2.37263e-15
3784.94  2.60832e-15
3786.39  2.85946e-15
3787.85  3.06883e-15
3789.31  3.18981e-15
3790.76  3.19488e-15
3792.22  3.08073e-15
3793.67  2.86865e-15
3795.13  2.60026e-15
3796.58  2.32914e-15
3798.04  2.11e-15
3799.5   1.98766e-15
3800.95  1.98788e-15
3802.41  2.11206e-15
3803.86  2.33687e-15
3805.32  2.61891e-15
3806.77  2.90344e-15
3808.23  3.13555e-15
3809.69  3.27148e-15
3811.14  3.28782e-15
3812.6   3.18695e-15
3814.05  2.99745e-15
3815.51  2.76953e-15
3816.96  2.56628e-15
3818.42  2.45237e-15
3819.88  2.48222e-15
3821.33  2.68983e-15
3822.79  3.08211e-15
3824.24  3.63677e-15
3825.7   4.30523e-15
3827.15  5.01998e-15
3828.61  5.70507e-15
3830.07  6.28787e-15
3831.52  6.71028e-15
3832.98  6.93732e-15
3834.43  6.96192e-15
3835.89  6.80507e-15
3837.34  6.51164e-15
3838.8   6.14241e-15
3840.26  5.76401e-15
3841.71  5.43822e-15
3843.17  5.2126e-15
3844.62  5.1138e-15
3846.08  5.14451e-15
3847.53  5.28442e-15
3848.99  5.49491e-15
3850.45  5.72642e-15
3851.9   5.92725e-15
3853.36  6.05229e-15
3854.81  6.07026e-15
3856.27  5.96843e-15
3857.73  5.75413e-15
3859.18  5.45298e-15
3860.64  5.10436e-15
3862.09  4.75501e-15
3863.55  4.45168e-15
3865     4.23428e-15
3866.46  4.13031e-15
3867.92  4.15146e-15
3869.37  4.29262e-15
3870.83  4.53339e-15
3872.28  4.84164e-15
3873.74  5.1784e-15
3875.19  5.50344e-15
3876.65  5.78063e-15
3878.11  5.98242e-15
3879.56  6.09278e-15
3881.02  6.10849e-15
3882.47  6.03855e-15
3883.93  5.90188e-15
3885.38  5.72388e-15
3886.84  5.53215e-15
3888.3   5.35216e-15
3889.75  5.20344e-15
3891.21  5.09687e-15
3892.66  5.03357e-15
3894.12  5.00542e-15
3895.57  4.99729e-15
3897.03  4.99064e-15
3898.49  4.96771e-15
3899.94  4.91582e-15
3901.4   4.83079e-15
3902.85  4.71897e-15
3904.31  4.59732e-15
3905.76  4.49136e-15
3907.22  4.43131e-15
3908.68  4.44681e-15
3910.13  4.56117e-15
3911.59  4.78595e-15
3913.04  5.11711e-15
3914.5   5.53323e-15
3915.95  5.99662e-15
3917.41  6.45718e-15
3918.87  6.85872e-15
3920.32  7.1469e-15
3921.78  7.27756e-15
3923.23  7.22413e-15
3924.69  6.98292e-15
3926.15  6.57525e-15
3927.6   6.04587e-15
3929.06  5.45785e-15
3930.51  4.88458e-15
3931.97  4.3999e-15
3933.42  4.06797e-15
3934.88  3.93431e-15
3936.34  4.0195e-15
3937.79  4.31626e-15
3939.25  4.79057e-15
3940.7   5.38654e-15
3942.16  6.03419e-15
3943.61  6.65898e-15
3945.07  7.19173e-15
3946.53  7.57717e-15
3947.98  7.78013e-15
3949.44  7.78839e-15
3950.89  7.61189e-15
3952.35  7.27879e-15
3953.8   6.82918e-15
3955.26  6.30773e-15
3956.72  5.75679e-15
3958.17  5.21106e-15
3959.63  4.69486e-15
3961.08  4.22204e-15
3962.54  3.79841e-15
3963.99  3.42552e-15
3965.45  3.10483e-15
3966.91  2.84076e-15
3968.36  2.64199e-15
3969.82  2.52039e-15
3971.27  2.48809e-15
3972.73  2.55319e-15
3974.18  2.71573e-15
3975.64  2.96473e-15
3977.1   3.27762e-15
3978.55  3.62223e-15
3980.01  3.9613e-15
3981.46  4.25853e-15
3982.92  4.48501e-15
3984.38  4.62443e-15
3985.83  4.67609e-15
3987.29  4.65486e-15
3988.74  4.58794e-15
3990.2   4.50928e-15
3991.65  4.45247e-15
3993.11  4.44382e-15
3994.57  4.49691e-15
3996.02  4.60969e-15
3997.48  4.76479e-15
3998.93  4.93282e-15
4000.39  5.0782e-15
4001.84  5.16602e-15
4003.3   5.16897e-15
4004.76  5.07259e-15
4006.21  4.87822e-15
4007.67  4.6028e-15
4009.12  4.27591e-15
4010.58  3.93448e-15
4012.03  3.61643e-15
4013.49  3.3543e-15
4014.95  3.17033e-15
4016.4   3.07367e-15
4017.86  3.06018e-15
4019.31  3.11485e-15
4020.77  3.21599e-15
4022.22  3.34033e-15
4023.68  3.46792e-15
4025.14  3.58582e-15
4026.59  3.68984e-15
4028.05  3.78418e-15
4029.5   3.87909e-15
4030.96  3.98729e-15
4032.41  4.11988e-15
4033.87  4.28273e-15
4035.33  4.47406e-15
4036.78  4.68381e-15
4038.24  4.89468e-15
4039.69  5.08476e-15
4041.15  5.23118e-15
4042.6   5.31403e-15
4044.06  5.31978e-15
4045.52  5.24373e-15
4046.97  5.0909e-15
4048.43  4.87534e-15
4049.88  4.61801e-15
4051.34  4.3436e-15
4052.8   4.07689e-15
4054.25  3.83929e-15
4055.71  3.64614e-15
4057.16  3.50526e-15
4058.62  3.41695e-15
4060.07  3.37538e-15
4061.53  3.37098e-15
4062.99  3.39341e-15
4064.44  3.43436e-15
4065.9   3.48967e-15
4067.35  3.56028e-15
4068.81  3.65171e-15
4070.26  3.77238e-15
4071.72  3.93089e-15
4073.18  4.13293e-15
4074.63  4.37853e-15
4076.09  4.66008e-15
4077.54  4.96177e-15
4079     5.2604e-15
4080.45  5.52772e-15
4081.91  5.73377e-15
4083.37  5.85078e-15
4084.82  5.85701e-15
4086.28  5.73991e-15
4087.73  5.49826e-15
4089.19  5.14282e-15
4090.64  4.69561e-15
4092.1   4.18787e-15
4093.56  3.65706e-15
4095.01  3.1432e-15
4096.47  2.68507e-15
4097.92  2.31667e-15
4099.38  2.06414e-15
4100.83  1.94353e-15
4102.29  1.95953e-15
4103.75  2.10517e-15
4105.2   2.36266e-15
4106.66  2.70512e-15
4108.11  3.09932e-15
4109.57  3.50902e-15
4111.02  3.89862e-15
4112.48  4.23694e-15
4113.94  4.50038e-15
4115.39  4.67527e-15
4116.85  4.75902e-15
4118.3   4.7598e-15
4119.76  4.69482e-15
4121.22  4.58751e-15
4122.67  4.46392e-15
4124.13  4.34888e-15
4125.58  4.26261e-15
4127.04  4.21808e-15
4128.49  4.21958e-15
4129.95  4.26273e-15
4131.41  4.3357e-15
4132.86  4.42158e-15
4134.32  4.50142e-15
4135.77  4.55746e-15
4137.23  4.57617e-15
4138.68  4.5505e-15
4140.14  4.48119e-15
4141.6   4.37692e-15
4143.05  4.25321e-15
4144.51  4.13044e-15
4145.96  4.0311e-15
4147.42  3.97674e-15
4148.87  3.98501e-15
4150.33  4.06712e-15
4151.79  4.22623e-15
4153.24  4.4568e-15
4154.7   4.74513e-15
4156.15  5.07111e-15
4157.61  5.41079e-15
4159.06  5.73962e-15
4160.52  6.03573e-15
4161.98  6.28279e-15
4163.43  6.47207e-15
4164.89  6.6032e-15
4166.34  6.68351e-15
4167.8   6.72605e-15
4169.25  6.74653e-15
4170.71  6.75977e-15
4172.17  6.77612e-15
4173.62  6.79879e-15
4175.08  6.82236e-15
4176.53  6.83311e-15
4177.99  6.81109e-15
4179.44  6.73381e-15
4180.9   6.58086e-15
4182.36  6.33881e-15
4183.81  6.0054e-15
4185.27  5.5921e-15
4186.72  5.12453e-15
4188.18  4.64035e-15
4189.64  4.18489e-15
4191.09  3.80498e-15
4192.55  3.54211e-15
4194     3.42584e-15
4195.46  3.4688e-15
4196.91  3.66389e-15
4198.37  3.9845e-15
4199.83  4.38758e-15
4201.28  4.81939e-15
4202.74  5.2229e-15
4204.19  5.54588e-15
4205.65  5.74838e-15
4207.1   5.80847e-15
4208.56  5.72528e-15
4210.02  5.51884e-15
4211.47  5.22678e-15
4212.93  4.89826e-15
4214.38  4.58626e-15
4215.84  4.33932e-15
4217.29  4.19416e-15
4218.75  4.1704e-15
4220.21  4.26807e-15
4221.66  4.46843e-15
4223.12  4.73775e-15
4224.57  5.03345e-15
4226.03  5.31139e-15
4227.48  5.53317e-15
4228.94  5.67209e-15
4230.4   5.71684e-15
4231.85  5.6724e-15
4233.31  5.55806e-15
4234.76  5.40307e-15
4236.22  5.24077e-15
4237.67  5.10241e-15
4239.13  5.01172e-15
4240.59  4.98126e-15
4242.04  5.01111e-15
4243.5   5.09e-15
4244.95  5.19857e-15
4246.41  5.31387e-15
4247.86  5.4142e-15
4249.32  5.48333e-15
4250.78  5.51312e-15
4252.23  5.50431e-15
4253.69  5.46522e-15
4255.14  5.40898e-15
4256.6   5.34982e-15
4258.06  5.29941e-15
4259.51  5.264e-15
4260.97  5.24301e-15
4262.42  5.22935e-15
4263.88  5.21128e-15
4265.33  5.17545e-15
4266.79  5.11028e-15
4268.25  5.00899e-15
4269.7   4.87153e-15
4271.16  4.70511e-15
4272.61  4.52304e-15
4274.07  4.34233e-15
4275.52  4.18037e-15
4276.98  4.05155e-15
4278.44  3.9644e-15
4279.89  3.91992e-15
4281.35  3.91128e-15
4282.8   3.92519e-15
4284.26  3.94438e-15
4285.71  3.95104e-15
4287.17  3.93032e-15
4288.63  3.87344e-15
4290.08  3.77978e-15
4291.54  3.65758e-15
4292.99  3.52315e-15
4294.45  3.39851e-15
4295.9   3.30813e-15
4297.36  3.2749e-15
4298.82  3.31617e-15
4300.27  3.44044e-15
4301.73  3.64515e-15
4303.18  3.91607e-15
4304.64  4.22835e-15
4306.09  4.54921e-15
4307.55  4.84194e-15
4309.01  5.07061e-15
4310.46  5.2049e-15
4311.92  5.22442e-15
4313.37  5.12175e-15
4314.83  4.90388e-15
4316.28  4.59173e-15
4317.74  4.21782e-15
4319.2   3.82241e-15
4320.65  3.44847e-15
4322.11  3.13635e-15
4323.56  2.9187e-15
4325.02  2.81635e-15
4326.48  2.83578e-15
4327.93  2.96838e-15
4329.39  3.19163e-15
4330.84  3.47205e-15
4332.3   3.76952e-15
4333.75  4.04234e-15
4335.21  4.25254e-15
4336.67  4.3707e-15
4338.12  4.37966e-15
4339.58  4.27667e-15
4341.03  4.07374e-15
4342.49  3.796e-15
4343.94  3.4783e-15
4345.4   3.16046e-15
4346.86  2.88183e-15
4348.31  2.67579e-15
4349.77  2.56522e-15
4351.22  2.55934e-15
4352.68  2.6527e-15
4354.13  2.82621e-15
4355.59  3.05026e-15
4357.05  3.28929e-15
4358.5   3.50713e-15
4359.96  3.6723e-15
4361.41  3.76246e-15
4362.87  3.76723e-15
4364.32  3.6893e-15
4365.78  3.54348e-15
4367.24  3.3541e-15
4368.69  3.15122e-15
4370.15  2.96623e-15
4371.6   2.82754e-15
4373.06  2.75697e-15
4374.51  2.76721e-15
4375.97  2.86069e-15
4377.43  3.02985e-15
4378.88  3.25865e-15
4380.34  3.52507e-15
4381.79  3.8042e-15
4383.25  4.07149e-15
4384.7   4.30561e-15
4386.16  4.49077e-15
4387.62  4.61802e-15
4389.07  4.68555e-15
4390.53  4.69796e-15
4391.98  4.66476e-15
4393.44  4.59831e-15
4394.9   4.51164e-15
4396.35  4.41658e-15
4397.81  4.32235e-15
4399.26  4.23489e-15
4400.72  4.15692e-15
4402.17  4.0885e-15
4403.63  4.02796e-15
4405.09  3.97277e-15
4406.54  3.92028e-15
4408     3.86812e-15
4409.45  3.81433e-15
4410.91  3.75727e-15
4412.36  3.69561e-15
4413.82  3.62845e-15
4415.28  3.55573e-15
4416.73  3.47876e-15
4418.19  3.40087e-15
4419.64  3.32777e-15
4421.1   3.26742e-15
4422.55  3.22933e-15
4424.01  3.22311e-15
4425.47  3.25658e-15
4426.92  3.3336e-15
4428.38  3.45223e-15
4429.83  3.60357e-15
4431.29  3.77162e-15
4432.74  3.93447e-15
4434.2   4.06673e-15
4435.66  4.14293e-15
4437.11  4.14135e-15
4438.57  4.04785e-15
4440.02  3.85882e-15
4441.48  3.58284e-15
4442.93  3.24064e-15
4444.39  2.86323e-15
4445.85  2.48839e-15
4447.3   2.15584e-15
4448.76  1.90203e-15
4450.21  1.75503e-15
4451.67  1.73051e-15
4453.12  1.82939e-15
4454.58  2.0376e-15
4456.04  2.32799e-15
4457.49  2.66431e-15
4458.95  3.0064e-15
4460.4   3.31612e-15
4461.86  3.5628e-15
4463.32  3.7275e-15
4464.77  3.80533e-15
4466.23  3.80543e-15
4467.68  3.74867e-15
4469.14  3.66349e-15
4470.59  3.58062e-15
4472.05  3.52752e-15
4473.51  3.5238e-15
4474.96  3.57806e-15
4476.42  3.68693e-15
4477.87  3.83633e-15
4479.33  4.00453e-15
4480.78  4.16659e-15
4482.24  4.29908e-15
4483.7   4.38438e-15
4485.15  4.41371e-15
4486.61  4.38848e-15
4488.06  4.31978e-15
4489.52  4.22615e-15
4490.97  4.1303e-15
4492.43  4.05522e-15
4493.89  4.02049e-15
4495.34  4.03942e-15
4496.8   4.11729e-15
4498.25  4.25109e-15
4499.71  4.43045e-15
4501.16  4.63973e-15
4502.62  4.86068e-15
4504.08  5.07526e-15
4505.53  5.26811e-15
4506.99  5.42843e-15
4508.44  5.55077e-15
4509.9   5.63496e-15
4511.35  5.68513e-15
4512.81  5.70812e-15
4514.27  5.71173e-15
4515.72  5.70306e-15
4517.18  5.68748e-15
4518.63  5.66826e-15
4520.09  5.64692e-15
4521.55  5.62427e-15
4523     5.60158e-15
4524.46  5.58173e-15
4525.91  5.56982e-15
4527.37  5.57291e-15
4528.82  5.59913e-15
4530.28  5.65593e-15
4531.74  5.7481e-15
4533.19  5.87603e-15
4534.65  6.03446e-15
4536.1   6.21235e-15
4537.56  6.39391e-15
4539.01  6.56071e-15
4540.47  6.6946e-15
4541.93  6.78091e-15
4543.38  6.81135e-15
4544.84  6.78607e-15
4546.29  6.71439e-15
4547.75  6.614e-15
4549.2   6.50876e-15
4550.66  6.42517e-15
4552.12  6.38832e-15
4553.57  6.41779e-15
4555.03  6.52416e-15
4556.48  6.70687e-15
4557.94  6.95374e-15
4559.39  7.24215e-15
4560.85  7.54202e-15
4562.31  7.81993e-15
4563.76  8.04382e-15
4565.22  8.18772e-15
4566.67  8.23558e-15
4568.13  8.18391e-15
4569.58  8.04248e-15
4571.04  7.83335e-15
4572.5   7.58794e-15
4573.95  7.34293e-15
4575.41  7.13523e-15
4576.86  6.99685e-15
4578.32  6.95053e-15
4579.77  7.00651e-15
4581.23  7.16112e-15
4582.69  7.39723e-15
4584.14  7.68668e-15
4585.6   7.99411e-15
4587.05  8.2818e-15
4588.51  8.51466e-15
4589.97  8.66488e-15
4591.42  8.71534e-15
4592.88  8.66164e-15
4594.33  8.51233e-15
4595.79  8.28748e-15
4597.24  8.01587e-15
4598.7   7.73105e-15
4600.16  7.46707e-15
4601.61  7.25404e-15
4603.07  7.11438e-15
4604.52  7.06007e-15
4605.98  7.09117e-15
4607.43  7.19601e-15
4608.89  7.3529e-15
4610.35  7.53319e-15
4611.8   7.70539e-15
4613.26  7.83965e-15
4614.71  7.91206e-15
4616.17  7.90804e-15
4617.62  7.82428e-15
4619.08  7.66896e-15
4620.54  7.46014e-15
4621.99  7.22273e-15
4623.45  6.98433e-15
4624.9   6.77092e-15
4626.36  6.60285e-15
4627.81  6.49196e-15
4629.27  6.44012e-15
4630.73  6.43943e-15
4632.18  6.47389e-15
4633.64  6.52231e-15
4635.09  6.56175e-15
4636.55  6.57111e-15
4638     6.53424e-15
4639.46  6.44214e-15
4640.92  6.29403e-15
4642.37  6.09708e-15
4643.83  5.86519e-15
4645.28  5.61672e-15
4646.74  5.37188e-15
4648.19  5.14997e-15
4649.65  4.96692e-15
4651.11  4.83354e-15
4652.56  4.75446e-15
4654.02  4.72808e-15
4655.47  4.74727e-15
4656.93  4.80065e-15
4658.39  4.87444e-15
4659.84  4.95426e-15
4661.3   5.02696e-15
4662.75  5.08213e-15
4664.21  5.11321e-15
4665.66  5.11804e-15
4667.12  5.09889e-15
4668.58  5.06199e-15
4670.03  5.01645e-15
4671.49  4.97297e-15
4672.94  4.94212e-15
4674.4   4.93266e-15
4675.85  4.94994e-15
4677.31  4.99478e-15
4678.77  5.06275e-15
4680.22  5.14435e-15
4681.68  5.22589e-15
4683.13  5.29113e-15
4684.59  5.32343e-15
4686.04  5.30826e-15
4687.5   5.23547e-15
4688.96  5.10119e-15
4690.41  4.90877e-15
4691.87  4.6688e-15
4693.32  4.3979e-15
4694.78  4.11668e-15
4696.23  3.84689e-15
4697.69  3.60851e-15
4699.15  3.41696e-15
4700.6   3.28114e-15
4702.06  3.20243e-15
4703.51  3.17494e-15
4704.97  3.18685e-15
4706.42  3.22265e-15
4707.88  3.26582e-15
4709.34  3.30159e-15
4710.79  3.3192e-15
4712.25  3.31349e-15
4713.7   3.28538e-15
4715.16  3.24139e-15
4716.61  3.19221e-15
4718.07  3.15061e-15
4719.53  3.12901e-15
4720.98  3.13721e-15
4722.44  3.18048e-15
4723.89  3.25842e-15
4725.35  3.3647e-15
4726.81  3.4878e-15
4728.26  3.61241e-15
4729.72  3.72154e-15
4731.17  3.79872e-15
4732.63  3.83012e-15
4734.08  3.80635e-15
4735.54  3.72352e-15
4737     3.58374e-15
4738.45  3.39492e-15
4739.91  3.17007e-15
4741.36  2.92617e-15
4742.82  2.68281e-15
4744.27  2.46069e-15
4745.73  2.28002e-15
4747.19  2.15889e-15
4748.64  2.11169e-15
4750.1   2.14754e-15
4751.55  2.26907e-15
4753.01  2.47148e-15
4754.46  2.74221e-15
4755.92  3.06138e-15
4757.38  3.40302e-15
4758.83  3.73715e-15
4760.29  4.03255e-15
4761.74  4.26005e-15
4763.2   4.3958e-15
4764.65  4.42426e-15
4766.11  4.34047e-15
4767.57  4.15114e-15
4769.02  3.87447e-15
4770.48  3.53851e-15
4771.93  3.17827e-15
4773.39  2.83198e-15
4774.84  2.53671e-15
4776.3   2.32424e-15
4777.76  2.2174e-15
4779.21  2.22763e-15
4780.67  2.35385e-15
4782.12  2.58299e-15
4783.58  2.89181e-15
4785.03  3.25e-15
4786.49  3.6239e-15
4787.95  3.98047e-15
4789.4   4.29089e-15
4790.86  4.53344e-15
4792.31  4.69525e-15
4793.77  4.77279e-15
4795.23  4.77128e-15
4796.68  4.70297e-15
4798.14  4.58486e-15
4799.59  4.43606e-15
4801.05  4.27535e-15
4802.5   4.11902e-15
4803.96  3.97952e-15
4805.42  3.86472e-15
4806.87  3.77796e-15
4808.33  3.71866e-15
4809.78  3.68332e-15
4811.24  3.66672e-15
4812.69  3.66299e-15
4814.15  3.66656e-15
4815.61  3.67272e-15
4817.06  3.67782e-15
4818.52  3.67925e-15
4819.97  3.67511e-15
4821.43  3.66386e-15
4822.88  3.64406e-15
4824.34  3.61422e-15
4825.8   3.57292e-15
4827.25  3.51913e-15
4828.71  3.45264e-15
4830.16  3.37456e-15
4831.62  3.28758e-15
4833.07  3.19611e-15
4834.53  3.10593e-15
4835.99  3.02361e-15
4837.44  2.95561e-15
4838.9   2.90726e-15
4840.35  2.88183e-15
4841.81  2.87989e-15
4843.26  2.89912e-15
4844.72  2.93466e-15
4846.18  2.97991e-15
4847.63  3.02774e-15
4849.09  3.07187e-15
4850.54  3.10801e-15
4852     3.13472e-15
4853.45  3.1537e-15
4854.91  3.16938e-15
4856.37  3.18811e-15
4857.82  3.21685e-15
4859.28  3.26184e-15
4860.73  3.32738e-15
4862.19  3.41499e-15
4863.65  3.52308e-15
4865.1   3.64723e-15
4866.56  3.78082e-15
4868.01  3.91616e-15
4869.47  4.04556e-15
4870.92  4.16242e-15
4872.38  4.26204e-15
4873.84  4.34189e-15
4875.29  4.40161e-15
4876.75  4.44249e-15
4878.2   4.46678e-15
4879.66  4.4769e-15
4881.11  4.47482e-15
4882.57  4.46172e-15
4884.03  4.43808e-15
4885.48  4.40414e-15
4886.94  4.36059e-15
4888.39  4.3094e-15
4889.85  4.25437e-15
4891.3   4.20139e-15
4892.76  4.15809e-15
4894.22  4.13296e-15
4895.67  4.13398e-15
4897.13  4.16711e-15
4898.58  4.23479e-15
4900.04  4.33493e-15
4901.49  4.46062e-15
4902.95  4.6007e-15
4904.41  4.7412e-15
4905.86  4.86747e-15
4907.32  4.96661e-15
4908.77  5.02984e-15
4910.23  5.05421e-15
4911.68  5.04341e-15
4913.14  5.00742e-15
4914.6   4.96094e-15
4916.05  4.9209e-15
4917.51  4.90342e-15
4918.96  4.92075e-15
4920.42  4.97879e-15
4921.88  5.07566e-15
4923.33  5.20161e-15
4924.79  5.34037e-15
4926.24  5.47167e-15
4927.7   5.57461e-15
4929.15  5.63107e-15
4930.61  5.62878e-15
4932.07  5.56321e-15
4933.52  5.43814e-15
4934.98  5.26479e-15
4936.43  5.05956e-15
4937.89  4.8412e-15
4939.34  4.6276e-15
4940.8   4.43323e-15
4942.26  4.26744e-15
4943.71  4.13398e-15
4945.17  4.0318e-15
4946.62  3.95667e-15
4948.08  3.90327e-15
4949.53  3.86718e-15
4950.99  3.84618e-15
4952.45  3.8407e-15
4953.9   3.85322e-15
4955.36  3.8869e-15
4956.81  3.94378e-15
4958.27  4.02301e-15
4959.72  4.11976e-15
4961.18  4.22482e-15
4962.64  4.3254e-15
4964.09  4.40681e-15
4965.55  4.4547e-15
4967     4.45754e-15
4968.46  4.40878e-15
4969.91  4.30817e-15
4971.37  4.16222e-15
4972.83  3.98338e-15
4974.28  3.78839e-15
4975.74  3.59592e-15
4977.19  3.42393e-15
4978.65  3.28732e-15
4980.1   3.19603e-15
4981.56  3.1542e-15
4983.02  3.16009e-15
4984.47  3.20706e-15
4985.93  3.28514e-15
4987.38  3.38299e-15
4988.84  3.4897e-15
4990.3   3.5963e-15
4991.75  3.69647e-15
4993.21  3.7865e-15
4994.66  3.86455e-15
4996.12  3.9294e-15
4997.57  3.97907e-15
4999.03  4.00986e-15
5000.49  4.01585e-15
5001.94  3.98942e-15
5003.4   3.92254e-15
5004.85  3.80873e-15
5006.31  3.64526e-15
5007.76  3.43504e-15
5009.22  3.18775e-15
5010.68  2.91974e-15
5012.13  2.65264e-15
5013.59  2.41068e-15
5015.04  2.21721e-15
5016.5   2.09095e-15
5017.95  2.04277e-15
5019.41  2.07351e-15
5020.87  2.17352e-15
5022.32  2.32389e-15
5023.78  2.49936e-15
5025.23  2.6724e-15
5026.69  2.81764e-15
5028.14  2.91605e-15
5029.6   2.95788e-15
5031.06  2.94403e-15
5032.51  2.88541e-15
5033.97  2.80066e-15
5035.42  2.71243e-15
5036.88  2.64312e-15
5038.33  2.61075e-15
5039.79  2.62575e-15
5041.25  2.68922e-15
5042.7   2.79296e-15
5044.16  2.92118e-15
5045.61  3.05348e-15
5047.07  3.16863e-15
5048.52  3.2483e-15
5049.98  3.28015e-15
5051.44  3.25969e-15
5052.89  3.19075e-15
5054.35  3.08441e-15
5055.8   2.95679e-15
5057.26  2.82617e-15
5058.72  2.70989e-15
5060.17  2.62178e-15
5061.63  2.57041e-15
5063.08  2.55842e-15
5064.54  2.583e-15
5065.99  2.6372e-15
5067.45  2.71181e-15
5068.91  2.79728e-15
5070.36  2.88532e-15
5071.82  2.96983e-15
5073.27  3.04711e-15
5074.73  3.11534e-15
5076.18  3.17356e-15
5077.64  3.22052e-15
5079.1   3.25371e-15
5080.55  3.26901e-15
5082.01  3.26088e-15
5083.46  3.22334e-15
5084.92  3.15139e-15
5086.37  3.04264e-15
5087.83  2.89872e-15
5089.29  2.72612e-15
5090.74  2.5362e-15
5092.2   2.34434e-15
5093.65  2.16815e-15
5095.11  2.02526e-15
5096.56  1.93088e-15
5098.02  1.89561e-15
5099.48  1.92394e-15
5100.93  2.01365e-15
5102.39  2.15627e-15
5103.84  2.33843e-15
5105.3   2.54399e-15
5106.75  2.75641e-15
5108.21  2.96101e-15
5109.67  3.14678e-15
5111.12  3.30722e-15
5112.58  3.44039e-15
5114.03  3.5479e-15
5115.49  3.63337e-15
5116.94  3.70057e-15
5118.4   3.75166e-15
5119.86  3.78608e-15
5121.31  3.80028e-15
5122.77  3.78836e-15
5124.22  3.74363e-15
5125.68  3.66068e-15
5127.14  3.53758e-15
5128.59  3.37768e-15
5130.05  3.19063e-15
5131.5   2.99217e-15
5132.96  2.80274e-15
5134.41  2.64498e-15
5135.87  2.54046e-15
5137.33  2.5063e-15
5138.78  2.55213e-15
5140.24  2.67815e-15
5141.69  2.87457e-15
5143.15  3.1227e-15
5144.6   3.39752e-15
5146.06  3.67144e-15
5147.52  3.91843e-15
5148.97  4.11808e-15
5150.43  4.25863e-15
5151.88  4.33853e-15
5153.34  4.36631e-15
5154.79  4.35862e-15
5156.25  4.337e-15
5157.71  4.32381e-15
5159.16  4.33807e-15
5160.62  4.39206e-15
5162.07  4.48906e-15
5163.53  4.62288e-15
5164.98  4.77896e-15
5166.44  4.93702e-15
5167.9   5.07473e-15
5169.35  5.1717e-15
5170.81  5.21315e-15
5172.26  5.19254e-15
5173.72  5.11292e-15
5175.17  4.98648e-15
5176.63  4.83273e-15
5178.09  4.67535e-15
5179.54  4.53851e-15
5181     4.44305e-15
5182.45  4.40338e-15
5183.91  4.42539e-15
5185.36  4.50578e-15
5186.82  4.63278e-15
5188.28  4.7882e-15
5189.73  4.95018e-15
5191.19  5.09645e-15
5192.64  5.20739e-15
5194.1   5.26852e-15
5195.56  5.27217e-15
5197.01  5.21819e-15
5198.47  5.11367e-15
5199.92  4.97192e-15
5201.38  4.81084e-15
5202.83  4.6509e-15
5204.29  4.51305e-15
5205.75  4.41653e-15
5207.2   4.37687e-15
5208.66  4.40421e-15
5210.11  4.50194e-15
5211.57  4.66602e-15
5213.02  4.88501e-15
5214.48  5.14086e-15
5215.94  5.41073e-15
5217.39  5.66945e-15
5218.85  5.89253e-15
5220.3   6.05936e-15
5221.76  6.15599e-15
5223.21  6.17718e-15
5224.67  6.1273e-15
5226.13  6.01976e-15
5227.58  5.87522e-15
5229.04  5.71859e-15
5230.49  5.57547e-15
5231.95  5.46841e-15
5233.4   5.41381e-15
5234.86  5.41976e-15
5236.32  5.48524e-15
5237.77  5.60075e-15
5239.23  5.7502e-15
5240.68  5.91372e-15
5242.14  6.07089e-15
5243.59  6.20378e-15
5245.05  6.29939e-15
5246.51  6.35113e-15
5247.96  6.35907e-15
5249.42  6.3291e-15
5250.87  6.27119e-15
5252.33  6.1971e-15
5253.78  6.11796e-15
5255.24  6.04225e-15
5256.7   5.97439e-15
5258.15  5.91434e-15
5259.61  5.85808e-15
5261.06  5.79893e-15
5262.52  5.72944e-15
5263.98  5.64343e-15
5265.43  5.53779e-15
5266.89  5.41372e-15
5268.34  5.27715e-15
5269.8   5.13818e-15
5271.25  5.00977e-15
5272.71  4.90568e-15
5274.17  4.83821e-15
5275.62  4.81598e-15
5277.08  4.84221e-15
5278.53  4.9137e-15
5279.99  5.02087e-15
5281.44  5.14872e-15
5282.9   5.27868e-15
5284.36  5.39102e-15
5285.81  5.46757e-15
5287.27  5.49421e-15
5288.72  5.4629e-15
5290.18  5.37285e-15
5291.63  5.23073e-15
5293.09  5.04989e-15
5294.55  4.84872e-15
5296     4.64833e-15
5297.46  4.47003e-15
5298.91  4.33273e-15
5300.37  4.25078e-15
5301.82  4.23239e-15
5303.28  4.27879e-15
5304.74  4.38426e-15
5306.19  4.53688e-15
5307.65  4.71994e-15
5309.1   4.91387e-15
5310.56  5.09838e-15
5312.01  5.2547e-15
5313.47  5.36763e-15
5314.93  5.42719e-15
5316.38  5.42978e-15
5317.84  5.37846e-15
5319.29  5.2826e-15
5320.75  5.15655e-15
5322.2   5.01774e-15
5323.66  4.88418e-15
5325.12  4.77196e-15
5326.57  4.69286e-15
5328.03  4.65261e-15
5329.48  4.65015e-15
5330.94  4.67788e-15
5332.4   4.72307e-15
5333.85  4.77009e-15
5335.31  4.80319e-15
5336.76  4.80926e-15
5338.22  4.78011e-15
5339.67  4.71391e-15
5341.13  4.61549e-15
5342.59  4.49549e-15
5344.04  4.36867e-15
5345.5   4.25155e-15
5346.95  4.15999e-15
5348.41  4.10709e-15
5349.86  4.10159e-15
5351.32  4.14719e-15
5352.78  4.24247e-15
5354.23  4.38148e-15
5355.69  4.55469e-15
5357.14  4.75005e-15
5358.6   4.95412e-15
5360.05  5.15295e-15
5361.51  5.33309e-15
5362.97  5.48239e-15
5364.42  5.59102e-15
5365.88  5.65237e-15
5367.33  5.66403e-15
5368.79  5.62845e-15
5370.24  5.55323e-15
5371.7   5.4507e-15
5373.16  5.33683e-15
5374.61  5.22928e-15
5376.07  5.14509e-15
5377.52  5.09806e-15
5378.98  5.09643e-15
5380.43  5.14122e-15
5381.89  5.22565e-15
5383.35  5.33572e-15
5384.8   5.45211e-15
5386.26  5.55293e-15
5387.71  5.61705e-15
5389.17  5.62746e-15
5390.62  5.57396e-15
5392.08  5.455e-15
5393.54  5.27796e-15
5394.99  5.05823e-15
5396.45  4.81689e-15
5397.9   4.57764e-15
5399.36  4.36328e-15
5400.82  4.19253e-15
5402.27  4.07743e-15
5403.73  4.02206e-15
5405.18  4.02239e-15
5406.64  4.06755e-15
5408.09  4.14205e-15
5409.55  4.22863e-15
5411.01  4.31126e-15
5412.46  4.3777e-15
5413.92  4.42122e-15
5415.37  4.44127e-15
5416.83  4.44293e-15
5418.28  4.43532e-15
5419.74  4.42936e-15
5421.2   4.43517e-15
5422.65  4.45977e-15
5424.11  4.50539e-15
5425.56  4.56871e-15
5427.02  4.64131e-15
5428.47  4.71101e-15
5429.93  4.76404e-15
5431.39  4.78751e-15
5432.84  4.77184e-15
5434.3   4.71258e-15
5435.75  4.61145e-15
5437.21  4.47621e-15
5438.66  4.31968e-15
5440.12  4.15779e-15
5441.58  4.00719e-15
5443.03  3.88276e-15
5444.49  3.79546e-15
5445.94  3.75074e-15
5447.4   3.74798e-15
5448.85  3.78073e-15
5450.31  3.838e-15
5451.77  3.90604e-15
5453.22  3.97061e-15
5454.68  4.01917e-15
5456.13  4.04263e-15
5457.59  4.03652e-15
5459.05  4.00131e-15
5460.5   3.9418e-15
5461.96  3.86595e-15
5463.41  3.78317e-15
5464.87  3.70261e-15
5466.32  3.63167e-15
5467.78  3.57509e-15
5469.24  3.53471e-15
5470.69  3.50988e-15
5472.15  3.4984e-15
5473.6   3.49755e-15
5475.06  3.50507e-15
5476.51  3.51965e-15
5477.97  3.5409e-15
5479.43  3.56873e-15
5480.88  3.6024e-15
5482.34  3.63951e-15
5483.79  3.6753e-15
5485.25  3.70251e-15
5486.7   3.71202e-15
5488.16  3.69429e-15
5489.62  3.64121e-15
5491.07  3.5482e-15
5492.53  3.41594e-15
5493.98  3.25139e-15
5495.44  3.06778e-15
5496.89  2.8834e-15
5498.35  2.71934e-15
5499.81  2.59648e-15
5501.26  2.53217e-15
5502.72  2.53729e-15
5504.17  2.61406e-15
5505.63  2.75516e-15
5507.08  2.94425e-15
5508.54  3.15805e-15
5510     3.3694e-15
5511.45  3.55115e-15
5512.91  3.68002e-15
5514.36  3.73998e-15
5515.82  3.72452e-15
5517.27  3.63743e-15
5518.73  3.49212e-15
5520.19  3.30944e-15
5521.64  3.11439e-15
5523.1   2.93234e-15
5524.55  2.78527e-15
5526.01  2.68863e-15
5527.47  2.64939e-15
5528.92  2.66544e-15
5530.38  2.7265e-15
5531.83  2.8163e-15
5533.29  2.9157e-15
5534.74  3.00609e-15
5536.2   3.07256e-15
5537.66  3.10631e-15
5539.11  3.10581e-15
5540.57  3.07665e-15
5542.02  3.03005e-15
5543.48  2.9803e-15
5544.93  2.94178e-15
5546.39  2.92594e-15
5547.85  2.93891e-15
5549.3   2.9802e-15
5550.76  3.04266e-15
5552.21  3.11382e-15
5553.67  3.17817e-15
5555.12  3.22018e-15
5556.58  3.22721e-15
5558.04  3.19203e-15
5559.49  3.11422e-15
5560.95  3.0004e-15
5562.4   2.86321e-15
5563.86  2.71916e-15
5565.31  2.58594e-15
5566.77  2.47952e-15
5568.23  2.41167e-15
5569.68  2.38833e-15
5571.14  2.40889e-15
5572.59  2.46673e-15
5574.05  2.55054e-15
5575.5   2.64628e-15
5576.96  2.73943e-15
5578.42  2.81696e-15
5579.87  2.86886e-15
5581.33  2.88908e-15
5582.78  2.87567e-15
5584.24  2.8304e-15
5585.69  2.75803e-15
5587.15  2.66529e-15
5588.61  2.55999e-15
5590.06  2.45013e-15
5591.52  2.34328e-15
5592.97  2.24602e-15
5594.43  2.16357e-15
5595.89  2.09941e-15
5597.34  2.05503e-15
5598.8   2.02971e-15
5600.25  2.02059e-15
5601.71  2.02296e-15
5603.16  2.03086e-15
5604.62  2.03801e-15
5606.08  2.03892e-15
5607.53  2.03005e-15
5608.99  2.01071e-15
5610.44  1.98367e-15
5611.9   1.95511e-15
5613.35  1.93397e-15
5614.81  1.93066e-15
5616.27  1.95536e-15
5617.72  2.01613e-15
5619.18  2.11711e-15
5620.63  2.25728e-15
5622.09  2.42989e-15
5623.54  2.62285e-15
5625     2.82e-15
5626.46  3.00317e-15
5627.91  3.15474e-15
5629.37  3.26021e-15
5630.82  3.31047e-15
5632.28  3.30324e-15
5633.73  3.24353e-15
5635.19  3.14289e-15
5636.65  3.01764e-15
5638.1   2.88625e-15
5639.56  2.76642e-15
5641.01  2.67226e-15
5642.47  2.61207e-15
5643.92  2.58717e-15
5645.38  2.5919e-15
5646.84  2.61487e-15
5648.29  2.64113e-15
5649.75  2.655e-15
5651.2   2.64288e-15
5652.66  2.59575e-15
5654.11  2.51078e-15
5655.57  2.39183e-15
5657.03  2.24884e-15
5658.48  2.09619e-15
5659.94  1.95032e-15
5661.39  1.82702e-15
5662.85  1.73896e-15
5664.31  1.69365e-15
5665.76  1.69233e-15
5667.22  1.72987e-15
5668.67  1.79574e-15
5670.13  1.87578e-15
5671.58  1.95461e-15
5673.04  2.01818e-15
5674.5   2.056e-15
5675.95  2.06281e-15
5677.41  2.03921e-15
5678.86  1.99132e-15
5680.32  1.92932e-15
5681.77  1.86541e-15
5683.23  1.81127e-15
5684.69  1.77579e-15
5686.14  1.76325e-15
5687.6   1.77251e-15
5689.05  1.79727e-15
5690.51  1.82744e-15
5691.96  1.85129e-15
5693.42  1.85807e-15
5694.88  1.84054e-15
5696.33  1.79693e-15
5697.79  1.73187e-15
5699.24  1.65618e-15
5700.7   1.58534e-15
5702.15  1.53699e-15
5703.61  1.5278e-15
5705.07  1.57032e-15
5706.52  1.67034e-15
5707.98  1.82527e-15
5709.43  2.02396e-15
5710.89  2.24795e-15
5712.34  2.47405e-15
5713.8   2.67778e-15
5715.26  2.83714e-15
5716.71  2.936e-15
5718.17  2.96649e-15
5719.62  2.93007e-15
5721.08  2.83702e-15
5722.53  2.70446e-15
5723.99  2.55344e-15
5725.45  2.40545e-15
5726.9   2.27917e-15
5728.36  2.18787e-15
5729.81  2.13796e-15
5731.27  2.12879e-15
5732.73  2.15374e-15
5734.18  2.20218e-15
5735.64  2.26198e-15
5737.09  2.32197e-15
5738.55  2.37405e-15
5740     2.41442e-15
5741.46  2.44388e-15
5742.92  2.46712e-15
5744.37  2.49129e-15
5745.83  2.52408e-15
5747.28  2.5717e-15
5748.74  2.6372e-15
5750.19  2.71954e-15
5751.65  2.81335e-15
5753.11  2.90979e-15
5754.56  2.99797e-15
5756.02  3.06705e-15
5757.47  3.10839e-15
5758.93  3.1173e-15
5760.38  3.09426e-15
5761.84  3.04507e-15
5763.3   2.98004e-15
5764.75  2.9122e-15
5766.21  2.85501e-15
5767.66  2.8198e-15
5769.12  2.81365e-15
5770.57  2.83801e-15
5772.03  2.88841e-15
5773.49  2.95533e-15
5774.94  3.02605e-15
5776.4   3.08715e-15
5777.85  3.12714e-15
5779.31  3.1388e-15
5780.76  3.12055e-15
5782.22  3.07692e-15
5783.68  3.01768e-15
5785.13  2.95609e-15
5786.59  2.90645e-15
5788.04  2.88154e-15
5789.5   2.89027e-15
5790.95  2.93623e-15
5792.41  3.01717e-15
5793.87  3.12568e-15
5795.32  3.25071e-15
5796.78  3.37998e-15
5798.23  3.50236e-15
5799.69  3.61021e-15
5801.15  3.70081e-15
5802.6   3.77693e-15
5804.06  3.84609e-15
5805.51  3.91882e-15
5806.97  4.00616e-15
5808.42  4.11676e-15
5809.88  4.25437e-15
5811.34  4.41595e-15
5812.79  4.59115e-15
5814.25  4.76311e-15
5815.7   4.91068e-15
5817.16  5.01169e-15
5818.61  5.04669e-15
5820.07  5.00266e-15
5821.53  4.87571e-15
5822.98  4.67253e-15
5824.44  4.41008e-15
5825.89  4.11355e-15
5827.35  3.81286e-15
5828.8   3.53842e-15
5830.26  3.3166e-15
5831.72  3.16595e-15
5833.17  3.09456e-15
5834.63  3.0992e-15
5836.08  3.16619e-15
5837.54  3.27387e-15
5838.99  3.39633e-15
5840.45  3.50759e-15
5841.91  3.58578e-15
5843.36  3.61639e-15
5844.82  3.59445e-15
5846.27  3.52497e-15
5847.73  3.42196e-15
5849.18  3.30601e-15
5850.64  3.20083e-15
5852.1   3.12942e-15
5853.55  3.11028e-15
5855.01  3.15436e-15
5856.46  3.26313e-15
5857.92  3.42803e-15
5859.38  3.63151e-15
5860.83  3.84947e-15
5862.29  4.05468e-15
5863.74  4.22081e-15
5865.2   4.32637e-15
5866.65  4.35797e-15
5868.11  4.31237e-15
5869.57  4.19706e-15
5871.02  4.02926e-15
5872.48  3.83335e-15
5873.93  3.63744e-15
5875.39  3.46923e-15
5876.84  3.35218e-15
5878.3   3.30227e-15
5879.76  3.32595e-15
5881.21  3.41954e-15
5882.67  3.57004e-15
5884.12  3.75723e-15
5885.58  3.95664e-15
5887.03  4.14297e-15
5888.49  4.29338e-15
5889.95  4.3903e-15
5891.4   4.42332e-15
5892.86  4.39016e-15
5894.31  4.29638e-15
5895.77  4.1543e-15
5897.22  3.98105e-15
5898.68  3.79618e-15
5900.14  3.61918e-15
5901.59  3.4671e-15
5903.05  3.35269e-15
5904.5   3.28321e-15
5905.96  3.26003e-15
5907.41  3.27902e-15
5908.87  3.33169e-15
5910.33  3.40685e-15
5911.78  3.49248e-15
5913.24  3.57751e-15
5914.69  3.65338e-15
5916.15  3.71481e-15
5917.6   3.76006e-15
5919.06  3.79044e-15
5920.52  3.80926e-15
5921.97  3.82053e-15
5923.43  3.82765e-15
5924.88  3.83238e-15
5926.34  3.83422e-15
5927.8   3.83049e-15
5929.25  3.81685e-15
5930.71  3.78838e-15
5932.16  3.74074e-15
5933.62  3.67139e-15
5935.07  3.58048e-15
5936.53  3.47124e-15
5937.99  3.34986e-15
5939.44  3.22486e-15
5940.9   3.10593e-15
5942.35  3.00268e-15
5943.81  2.9233e-15
5945.26  2.8735e-15
5946.72  2.85576e-15
5948.18  2.86921e-15
5949.63  2.90987e-15
5951.09  2.97139e-15
5952.54  3.04609e-15
5954     3.12607e-15
5955.45  3.20423e-15
5956.91  3.27512e-15
5958.37  3.33537e-15
5959.82  3.38383e-15
5961.28  3.42129e-15
5962.73  3.44991e-15
5964.19  3.47259e-15
5965.64  3.49216e-15
5967.1   3.51074e-15
5968.56  3.52926e-15
5970.01  3.54715e-15
5971.47  3.5623e-15
5972.92  3.57122e-15
5974.38  3.56937e-15
5975.83  3.55166e-15
5977.29  3.51312e-15
5978.75  3.44953e-15
5980.2   3.35827e-15
5981.66  3.23899e-15
5983.11  3.0943e-15
5984.57  2.93014e-15
5986.02  2.75582e-15
5987.48  2.58351e-15
5988.94  2.42733e-15
5990.39  2.30173e-15
5991.85  2.21967e-15
5993.3   2.19059e-15
5994.76  2.21856e-15
5996.22  2.30106e-15
5997.67  2.42855e-15
5999.13  2.58509e-15
6000.58  2.75012e-15
6002.04  2.90102e-15
6003.49  3.0163e-15
6004.95  3.0788e-15
6006.41  3.0784e-15
6007.86  3.01375e-15
6009.32  2.89271e-15
6010.77  2.73132e-15
6012.23  2.55148e-15
6013.68  2.3776e-15
6015.14  2.23291e-15
6016.6   2.13587e-15
6018.05  2.09742e-15
6019.51  2.11932e-15
6020.96  2.19418e-15
6022.42  2.30674e-15
6023.87  2.43659e-15
6025.33  2.56152e-15
6026.79  2.66112e-15
6028.24  2.71995e-15
6029.7   2.72982e-15
6031.15  2.6907e-15
6032.61  2.61027e-15
6034.06  2.50225e-15
6035.52  2.38364e-15
6036.98  2.27158e-15
6038.43  2.18028e-15
6039.89  2.11854e-15
6041.34  2.08834e-15
6042.8   2.0847e-15
6044.25  2.09687e-15
6045.71  2.11058e-15
6047.17  2.11108e-15
6048.62  2.08628e-15
6050.08  2.02954e-15
6051.53  1.94149e-15
6052.99  1.83059e-15
6054.44  1.71211e-15
6055.9   1.6058e-15
6057.36  1.53249e-15
6058.81  1.51018e-15
6060.27  1.55046e-15
6061.72  1.65571e-15
6063.18  1.81787e-15
6064.64  2.01904e-15
6066.09  2.23376e-15
6067.55  2.43291e-15
6069     2.58832e-15
6070.46  2.67754e-15
6071.91  2.68765e-15
6073.37  2.61766e-15
6074.83  2.47878e-15
6076.28  2.29267e-15
6077.74  2.08772e-15
6079.19  1.89428e-15
6080.65  1.73934e-15
6082.1   1.64194e-15
6083.56  1.6099e-15
6085.02  1.63864e-15
6086.47  1.7122e-15
6087.93  1.80636e-15
6089.38  1.89325e-15
6090.84  1.94663e-15
6092.29  1.94678e-15
6093.75  1.88429e-15
6095.21  1.76175e-15
6096.66  1.59339e-15
6098.12  1.40242e-15
6099.57  1.21684e-15
6101.03  1.06441e-15
6102.48  9.67676e-16
6103.94  9.40065e-16
6105.4   9.83673e-16
6106.85  1.08911e-15
6108.31  1.23736e-15
6109.76  1.40328e-15
6111.22  1.56002e-15
6112.67  1.6835e-15
6114.13  1.75621e-15
6115.59  1.76961e-15
6117.04  1.72491e-15
6118.5   1.63201e-15
6119.95  1.50717e-15
6121.41  1.3697e-15
6122.86  1.23859e-15
6124.32  1.12946e-15
6125.78  1.0526e-15
6127.23  1.01214e-15
6128.69  1.00646e-15
6130.14  1.0296e-15
6131.6   1.07319e-15
6133.06  1.1285e-15
6134.51  1.18818e-15
6135.97  1.24727e-15
6137.42  1.30354e-15
6138.88  1.35702e-15
6140.33  1.40907e-15
6141.79  1.46122e-15
6143.25  1.51407e-15
6144.7   1.56657e-15
6146.16  1.61571e-15
6147.61  1.65685e-15
6149.07  1.68443e-15
6150.52  1.69298e-15
6151.98  1.67825e-15
6153.44  1.6382e-15
6154.89  1.57373e-15
6156.35  1.48893e-15
6157.8   1.39095e-15
6159.26  1.28932e-15
6160.71  1.19497e-15
6162.17  1.11891e-15
6163.63  1.07087e-15
6165.08  1.05802e-15
6166.54  1.08395e-15
6167.99  1.14806e-15
6169.45  1.24556e-15
6170.9   1.36796e-15
6172.36  1.5042e-15
6173.82  1.6421e-15
6175.27  1.77002e-15
6176.73  1.87847e-15
6178.18  1.96136e-15
6179.64  2.01675e-15
6181.09  2.04679e-15
6182.55  2.05705e-15
6184.01  2.05516e-15
6185.46  2.04914e-15
6186.92  2.04566e-15
6188.37  2.04857e-15
6189.83  2.0581e-15
6191.28  2.07083e-15
6192.74  2.08055e-15
6194.2   2.07981e-15
6195.65  2.06191e-15
6197.11  2.02284e-15
6198.56  1.96287e-15
6200.02  1.88725e-15
6201.48  1.80595e-15
6202.93  1.73234e-15
6204.39  1.68107e-15
6205.84  1.66544e-15
6207.3   1.69495e-15
6208.75  1.77327e-15
6210.21  1.89723e-15
6211.67  2.05705e-15
6213.12  2.23759e-15
6214.58  2.42069e-15
6216.03  2.58792e-15
6217.49  2.72336e-15
6218.94  2.81583e-15
6220.4   2.86035e-15
6221.86  2.8584e-15
6223.31  2.81718e-15
6224.77  2.74798e-15
6226.22  2.66416e-15
6227.68  2.57893e-15
6229.13  2.50352e-15
6230.59  2.44593e-15
6232.05  2.4104e-15
6233.5   2.39755e-15
6234.96  2.40512e-15
6236.41  2.42893e-15
6237.87  2.46398e-15
6239.32  2.5053e-15
6240.78  2.54861e-15
6242.24  2.59054e-15
6243.69  2.6287e-15
6245.15  2.66148e-15
6246.6   2.68785e-15
6248.06  2.70721e-15
6249.51  2.71935e-15
6250.97  2.72449e-15
6252.43  2.72341e-15
6253.88  2.7175e-15
6255.34  2.70874e-15
6256.79  2.69947e-15
6258.25  2.69198e-15
6259.7   2.68797e-15
6261.16  2.68803e-15
6262.62  2.69127e-15
6264.07  2.69518e-15
6265.53  2.69595e-15
6266.98  2.68912e-15
6268.44  2.67048e-15
6269.9   2.63715e-15
6271.35  2.58843e-15
6272.81  2.52639e-15
6274.26  2.45585e-15
6275.72  2.38383e-15
6277.17  2.31848e-15
6278.63  2.26773e-15
6280.09  2.23787e-15
6281.54  2.23239e-15
6283     2.2514e-15
6284.45  2.2916e-15
6285.91  2.34699e-15
6287.36  2.41002e-15
6288.82  2.47305e-15
6290.28  2.52979e-15
6291.73  2.57625e-15
6293.19  2.61128e-15
6294.64  2.63634e-15
6296.1   2.65465e-15
6297.55  2.66999e-15
6299.01  2.68537e-15
6300.47  2.70188e-15
6301.92  2.71812e-15
6303.38  2.73023e-15
6304.83  2.73259e-15
6306.29  2.71907e-15
6307.74  2.68455e-15
6309.2   2.62622e-15
6310.66  2.54464e-15
6312.11  2.44399e-15
6313.57  2.33167e-15
6315.02  2.21728e-15
6316.48  2.11107e-15
6317.93  2.02247e-15
6319.39  1.95866e-15
6320.85  1.92383e-15
6322.3   1.91891e-15
6323.76  1.94209e-15
6325.21  1.98963e-15
6326.67  2.05698e-15
6328.12  2.13978e-15
6329.58  2.23449e-15
6331.04  2.33857e-15
6332.49  2.45016e-15
6333.95  2.5675e-15
6335.4   2.68808e-15
6336.86  2.80805e-15
6338.32  2.92194e-15
6339.77  3.02279e-15
6341.23  3.10294e-15
6342.68  3.15499e-15
6344.14  3.17314e-15
6345.59  3.15432e-15
6347.05  3.0991e-15
6348.51  3.01197e-15
6349.96  2.90116e-15
6351.42  2.77777e-15
6352.87  2.65448e-15
6354.33  2.54393e-15
6355.78  2.4571e-15
6357.24  2.40188e-15
6358.7   2.38202e-15
6360.15  2.3967e-15
6361.61  2.44072e-15
6363.06  2.50531e-15
6364.52  2.57951e-15
6365.97  2.65183e-15
6367.43  2.71198e-15
6368.89  2.75247e-15
6370.34  2.76971e-15
6371.8   2.76449e-15
6373.25  2.74177e-15
6374.71  2.70977e-15
6376.16  2.67844e-15
6377.62  2.6577e-15
6379.08  2.65549e-15
6380.53  2.67627e-15
6381.99  2.71997e-15
6383.44  2.78176e-15
6384.9   2.85265e-15
6386.35  2.92094e-15
6387.81  2.97413e-15
6389.27  3.00117e-15
6390.72  2.99447e-15
6392.18  2.95148e-15
6393.63  2.87535e-15
6395.09  2.77469e-15
6396.55  2.66234e-15
6398     2.5534e-15
6399.46  2.46274e-15
6400.91  2.40258e-15
6402.37  2.38042e-15
6403.82  2.3977e-15
6405.28  2.44954e-15
6406.74  2.52547e-15
6408.19  2.61112e-15
6409.65  2.69056e-15
6411.1   2.74891e-15
6412.56  2.77469e-15
6414.01  2.7616e-15
6415.47  2.70941e-15
6416.93  2.62376e-15
6418.38  2.515e-15
6419.84  2.39628e-15
6421.29  2.28128e-15
6422.75  2.18188e-15
6424.2   2.10633e-15
6425.66  2.05822e-15
6427.12  2.03631e-15
6428.57  2.03535e-15
6430.03  2.04775e-15
6431.48  2.06559e-15
6432.94  2.08272e-15
6434.39  2.09644e-15
6435.85  2.10843e-15
6437.31  2.12452e-15
6438.76  2.15361e-15
6440.22  2.20556e-15
6441.67  2.28868e-15
6443.13  2.40732e-15
6444.58  2.55998e-15
6446.04  2.73849e-15
6447.5   2.92857e-15
6448.95  3.11158e-15
6450.41  3.26739e-15
6451.86  3.37768e-15
6453.32  3.42917e-15
6454.77  3.41602e-15
6456.23  3.34095e-15
6457.69  3.21495e-15
6459.14  3.05541e-15
6460.6   2.88325e-15
6462.05  2.71953e-15
6463.51  2.58209e-15
6464.97  2.48305e-15
6466.42  2.42735e-15
6467.88  2.41277e-15
6469.33  2.43116e-15
6470.79  2.47066e-15
6472.24  2.51837e-15
6473.7   2.56289e-15
6475.16  2.59637e-15
6476.61  2.61555e-15
6478.07  2.62177e-15
6479.52  2.61999e-15
6480.98  2.61711e-15
6482.43  2.62e-15
6483.89  2.63369e-15
6485.35  2.66002e-15
6486.8   2.69705e-15
6488.26  2.73933e-15
6489.71  2.77881e-15
6491.17  2.80637e-15
6492.62  2.81339e-15
6494.08  2.79338e-15
6495.54  2.74317e-15
6496.99  2.66369e-15
6498.45  2.5601e-15
6499.9   2.44143e-15
6501.36  2.31974e-15
6502.81  2.20886e-15
6504.27  2.12292e-15
6505.73  2.07472e-15
6507.18  2.07408e-15
6508.64  2.12644e-15
6510.09  2.23172e-15
6511.55  2.38383e-15
6513     2.57077e-15
6514.46  2.77561e-15
6515.92  2.97819e-15
6517.37  3.15743e-15
6518.83  3.29398e-15
6520.28  3.37279e-15
6521.74  3.3853e-15
6523.19  3.3307e-15
6524.65  3.21625e-15
6526.11  3.05629e-15
6527.56  2.87037e-15
6529.02  2.68052e-15
6530.47  2.50823e-15
6531.93  2.37159e-15
6533.39  2.28298e-15
6534.84  2.24767e-15
6536.3   2.26354e-15
6537.75  2.32185e-15
6539.21  2.40893e-15
6540.66  2.50849e-15
6542.12  2.60412e-15
6543.58  2.68163e-15
6545.03  2.73085e-15
6546.49  2.74672e-15
6547.94  2.72942e-15
6549.4   2.68376e-15
6550.85  2.61783e-15
6552.31  2.54127e-15
6553.77  2.46344e-15
6555.22  2.39182e-15
6556.68  2.33089e-15
6558.13  2.2817e-15
6559.59  2.24209e-15
6561.04  2.20752e-15
6562.5   2.17245e-15
6563.96  2.13173e-15
6565.41  2.08205e-15
6566.87  2.02298e-15
6568.32  1.95743e-15
6569.78  1.89156e-15
6571.23  1.83394e-15
6572.69  1.79424e-15
6574.15  1.78148e-15
6575.6   1.80224e-15
6577.06  1.85904e-15
6578.51  1.94921e-15
6579.97  2.06445e-15
6581.42  2.19139e-15
6582.88  2.3129e-15
6584.34  2.41039e-15
6585.79  2.46644e-15
6587.25  2.46768e-15
6588.7   2.40727e-15
6590.16  2.28654e-15
6591.61  2.11551e-15
6593.07  1.91211e-15
6594.53  1.70004e-15
6595.98  1.50574e-15
6597.44  1.35468e-15
6598.89  1.26778e-15
6600.35  1.25835e-15
6601.81  1.33013e-15
6603.26  1.47662e-15
6604.72  1.68198e-15
6606.17  1.92307e-15
6607.63  2.17262e-15
6609.08  2.40277e-15
6610.54  2.58862e-15
6612     2.71128e-15
6613.45  2.75995e-15
6614.91  2.73287e-15
6616.36  2.63703e-15
6617.82  2.4868e-15
6619.27  2.30164e-15
6620.73  2.10345e-15
6622.19  1.91367e-15
6623.64  1.75085e-15
6625.1   1.62862e-15
6626.55  1.55459e-15
6628.01  1.53006e-15
6629.46  1.55048e-15
6630.92  1.60668e-15
6632.38  1.68645e-15
6633.83  1.7763e-15
6635.29  1.86319e-15
6636.74  1.93586e-15
6638.2   1.98589e-15
6639.65  2.00817e-15
6641.11  2.00099e-15
6642.57  1.96573e-15
6644.02  1.90637e-15
6645.48  1.82881e-15
6646.93  1.74025e-15
6648.39  1.64852e-15
6649.84  1.56154e-15
6651.3   1.48681e-15
6652.76  1.43097e-15
6654.21  1.39942e-15
6655.67  1.39588e-15
6657.12  1.4222e-15
6658.58  1.47808e-15
6660.03  1.56115e-15
6661.49  1.66706e-15
6662.95  1.78986e-15
6664.4   1.92246e-15
6665.86  2.05721e-15
6667.31  2.18646e-15
6668.77  2.30305e-15
6670.23  2.4007e-15
6671.68  2.4742e-15
6673.14  2.51956e-15
6674.59  2.53402e-15
6676.05  2.51615e-15
6677.5   2.46583e-15
6678.96  2.38446e-15
6680.42  2.27505e-15
6681.87  2.14241e-15
6683.33  1.99317e-15
6684.78  1.83571e-15
6686.24  1.67976e-15
6687.69  1.53588e-15
6689.15  1.41463e-15
6690.61  1.32558e-15
6692.06  1.27636e-15
6693.52  1.27161e-15
6694.97  1.31234e-15
6696.43  1.39542e-15
6697.88  1.51357e-15
6699.34  1.65576e-15
6700.8   1.80806e-15
6702.25  1.95487e-15
6703.71  2.08045e-15
6705.16  2.17063e-15
6706.62  2.21436e-15
6708.07  2.20511e-15
6709.53  2.14174e-15
6710.99  2.02875e-15
6712.44  1.8758e-15
6713.9   1.69658e-15
6715.35  1.50709e-15
6716.81  1.3236e-15
6718.26  1.16057e-15
6719.72  1.0289e-15
6721.18  9.34704e-16
6722.63  8.78909e-16
6724.09  8.57602e-16
6725.54  8.63146e-16
6727     8.85806e-16
6728.45  9.15593e-16
6729.91  9.44013e-16
6731.37  9.65416e-16
6732.82  9.77742e-16
6734.28  9.82549e-16
6735.73  9.84363e-16
6737.19  9.89496e-16
6738.65  1.00455e-15
6740.1   1.03492e-15
6741.56  1.08349e-15
6743.01  1.14985e-15
6744.47  1.23008e-15
6745.92  1.31716e-15
6747.38  1.40198e-15
6748.84  1.4747e-15
6750.29  1.52625e-15
6751.75  1.54984e-15
6753.2   1.54201e-15
6754.66  1.50325e-15
6756.11  1.43798e-15
6757.57  1.35389e-15
6759.03  1.26073e-15
6760.48  1.1689e-15
6761.94  1.08776e-15
6763.39  1.02434e-15
6764.85  9.82339e-16
6766.3   9.61812e-16
6767.76  9.59437e-16
6769.22  9.69417e-16
6770.67  9.8473e-16
6772.13  9.9852e-16
6773.58  1.00531e-15
6775.04  1.00182e-15
6776.49  9.87244e-16
6777.95  9.62962e-16
6779.41  9.31852e-16
6780.86  8.97375e-16
6782.32  8.62712e-16
6783.77  8.30182e-16
6785.23  8.0107e-16
6786.68  7.75882e-16
6788.14  7.54913e-16
6789.6   7.38932e-16
6791.05  7.29724e-16
6792.51  7.30287e-16
6793.96  7.44545e-16
6795.42  7.76583e-16
6796.88  8.29529e-16
6798.33  9.04334e-16
6799.79  9.98754e-16
6801.24  1.10681e-15
6802.7   1.21898e-15
6804.15  1.3231e-15
6805.61  1.40608e-15
6807.07  1.45593e-15
6808.52  1.46396e-15
6809.98  1.42665e-15
6811.43  1.34671e-15
6812.89  1.23324e-15
6814.34  1.10073e-15
6815.8   9.67058e-16
6817.26  8.50809e-16
6818.71  7.68372e-16
6820.17  7.31279e-16
6821.62  7.44333e-16
6823.08  8.04849e-16
6824.53  9.0317e-16
6825.99  1.02438e-15
6827.45  1.15088e-15
6828.9   1.26544e-15
6830.36  1.35406e-15
6831.81  1.40819e-15
6833.27  1.426e-15
6834.72  1.4123e-15
6836.18  1.37728e-15
6837.64  1.33437e-15
6839.09  1.29741e-15
6840.55  1.27795e-15
6842     1.28289e-15
6843.46  1.31314e-15
6844.91  1.36337e-15
6846.37  1.42292e-15
6847.83  1.47785e-15
6849.28  1.51353e-15
6850.74  1.51745e-15
6852.19  1.48173e-15
6853.65  1.40483e-15
6855.1   1.29217e-15
6856.56  1.1555e-15
6858.02  1.01124e-15
6859.47  8.77847e-16
6860.93  7.7289e-16
6862.38  7.10128e-16
6863.84  6.97194e-16
6865.3   7.34236e-16
6866.75  8.13742e-16
6868.21  9.21604e-16
6869.66  1.03925e-15
6871.12  1.14648e-15
6872.57  1.22466e-15
6874.03  1.25957e-15
6875.49  1.24368e-15
6876.94  1.17735e-15
6878.4   1.06885e-15
6879.85  9.33065e-16
6881.31  7.89388e-16
6882.76  6.58786e-16
6884.22  5.60779e-16
6885.68  5.10638e-16
6887.13  5.17269e-16
6888.59  5.82037e-16
6890.04  6.98663e-16
6891.5   8.54166e-16
6892.95  1.03065e-15
6894.41  1.20764e-15
6895.87  1.36472e-15
6897.32  1.48395e-15
6898.78  1.552e-15
6900.23  1.56161e-15
6901.69  1.51233e-15
6903.14  1.41046e-15
6904.6   1.26819e-15
6906.06  1.10219e-15
6907.51  9.31576e-16
6908.97  7.75732e-16
6910.42  6.52015e-16
6911.88  5.73742e-16
6913.33  5.48642e-16
6914.79  5.78004e-16
6916.25  6.56632e-16
6917.7   7.73647e-16
6919.16  9.14027e-16
6920.61  1.06068e-15
6922.07  1.19678e-15
6923.52  1.30797e-15
6924.98  1.3841e-15
6926.44  1.42036e-15
6927.89  1.4174e-15
6929.35  1.38067e-15
6930.8   1.31908e-15
6932.26  1.24315e-15
6933.72  1.16309e-15
6935.17  1.08724e-15
6936.63  1.02094e-15
6938.08  9.66223e-16
6939.54  9.22199e-16
6940.99  8.86058e-16
6942.45  8.54414e-16
6943.91  8.24676e-16
6945.36  7.96134e-16
6946.82  7.70496e-16
6948.27  7.51753e-16
6949.73  7.45384e-16
6951.18  7.57047e-16
6952.64  7.91042e-16
6954.1   8.48876e-16
6955.55  9.28267e-16
6957.01  1.02284e-15
6958.46  1.12264e-15
6959.92  1.21551e-15
6961.37  1.28897e-15
6962.83  1.33243e-15
6964.29  1.33923e-15
6965.74  1.30812e-15
6967.2   1.24382e-15
6968.65  1.15653e-15
6970.11  1.06039e-15
6971.56  9.712e-16
6973.02  9.03722e-16
6974.48  8.69128e-16
6975.93  8.73065e-16
6977.39  9.14691e-16
6978.84  9.86888e-16
6980.3   1.07759e-15
6981.75  1.17201e-15
6983.21  1.25527e-15
6984.67  1.31501e-15
6986.12  1.3435e-15
6987.58  1.33879e-15
6989.03  1.30488e-15
6990.49  1.25067e-15
6991.94  1.18825e-15
6993.4   1.13054e-15
6994.86  1.08901e-15
6996.31  1.07172e-15
6997.77  1.08206e-15
6999.22  1.11848e-15
7000.68  1.17496e-15
7002.14  1.24235e-15
7003.59  1.31007e-15
7005.05  1.36789e-15
7006.5   1.40749e-15
7007.96  1.42355e-15
7009.41  1.41412e-15
7010.87  1.38049e-15
7012.33  1.32648e-15
7013.78  1.25743e-15
7015.24  1.17924e-15
7016.69  1.09747e-15
7018.15  1.01681e-15
7019.6   9.40834e-16
7021.06  8.7207e-16
7022.52  8.12289e-16
7023.97  7.62771e-16
7025.43  7.24523e-16
7026.88  6.98338e-16
7028.34  6.84691e-16
7029.79  6.83548e-16
7031.25  6.94173e-16
7032.71  7.15033e-16
7034.16  7.43869e-16
7035.62  7.77945e-16
7037.07  8.14416e-16
7038.53  8.50725e-16
7039.98  8.84925e-16
7041.44  9.15829e-16
7042.9   9.42956e-16
7044.35  9.66288e-16
7045.81  9.8592e-16
7047.26  1.00171e-15
7048.72  1.01307e-15
7050.17  1.01893e-15
7051.63  1.01795e-15
7053.09  1.00895e-15
7054.54  9.91373e-16
7056     9.65785e-16
7057.45  9.34121e-16
7058.91  8.99714e-16
7060.36  8.66991e-16
7061.82  8.40898e-16
7063.28  8.26141e-16
7064.73  8.26405e-16
7066.19  8.43677e-16
7067.64  8.77832e-16
7069.1   9.26538e-16
7070.56  9.85526e-16
7072.01  1.04916e-15
7073.47  1.11122e-15
7074.92  1.16581e-15
7076.38  1.20815e-15
7077.83  1.2353e-15
7079.29  1.24655e-15
7080.75  1.2435e-15
7082.2   1.22979e-15
7083.66  1.2105e-15
7085.11  1.19129e-15
7086.57  1.17741e-15
7088.02  1.17273e-15
7089.48  1.17892e-15
7090.94  1.19498e-15
7092.39  1.2172e-15
7093.85  1.2396e-15
7095.3   1.25486e-15
7096.76  1.25553e-15
7098.21  1.23548e-15
7099.67  1.19122e-15
7101.13  1.12289e-15
7102.58  1.03479e-15
7104.04  9.35205e-16
7105.49  8.35569e-16
7106.95  7.4905e-16
7108.4   6.88745e-16
7109.86  6.6578e-16
7111.32  6.87602e-16
7112.77  7.56743e-16
7114.23  8.7024e-16
7115.68  1.0198e-15
7117.14  1.19268e-15
7118.59  1.37308e-15
7120.05  1.54398e-15
7121.51  1.68899e-15
7122.96  1.79413e-15
7124.42  1.84931e-15
7125.87  1.84941e-15
7127.33  1.79476e-15
7128.78  1.69123e-15
7130.24  1.54972e-15
7131.7   1.38519e-15
7133.15  1.2153e-15
7134.61  1.05868e-15
7136.06  9.32984e-16
7137.52  8.52828e-16
7138.98  8.27936e-16
7140.43  8.61624e-16
7141.89  9.49956e-16
7143.34  1.08176e-15
7144.8   1.23966e-15
7146.25  1.40206e-15
7147.71  1.54593e-15
7149.17  1.65014e-15
7150.62  1.69856e-15
7152.08  1.68282e-15
7153.53  1.60385e-15
7154.99  1.47205e-15
7156.44  1.30592e-15
7157.9   1.12927e-15
7159.36  9.67407e-16
7160.81  8.42997e-16
7162.27  7.72262e-16
7163.72  7.62242e-16
7165.18  8.09657e-16
7166.63  9.01615e-16
7168.09  1.01805e-15
7169.55  1.1355e-15
7171     1.23147e-15
7172.46  1.28861e-15
7173.91  1.29787e-15
7175.37  1.26005e-15
7176.82  1.18544e-15
7178.28  1.09159e-15
7179.74  9.99687e-16
7181.19  9.30272e-16
7182.65  8.99048e-16
7184.1   9.13689e-16
7185.56  9.72235e-16
7187.01  1.06338e-15
7188.47  1.16862e-15
7189.93  1.26575e-15
7191.38  1.3332e-15
7192.84  1.3541e-15
7194.29  1.31962e-15
7195.75  1.23067e-15
7197.2   1.09789e-15
7198.66  9.39874e-16
7200.12  7.80034e-16
7201.57  6.4272e-16
7203.03  5.49317e-16
7204.48  5.14985e-16
7205.94  5.46553e-16
7207.4   6.41818e-16
7208.85  7.90239e-16
7210.31  9.74784e-16
7211.76  1.17451e-15
7213.22  1.36741e-15
7214.67  1.53313e-15
7216.13  1.65511e-15
7217.59  1.72208e-15
7219.04  1.72878e-15
7220.5   1.67598e-15
7221.95  1.56984e-15
7223.41  1.42097e-15
7224.86  1.24313e-15
7226.32  1.05187e-15
7227.78  8.63171e-16
7229.23  6.92144e-16
7230.69  5.51938e-16
7232.14  4.52829e-16
7233.6   4.01572e-16
7235.05  4.01023e-16
7236.51  4.50039e-16
7237.97  5.43645e-16
7239.42  6.73461e-16
7240.88  8.28348e-16
7242.33  9.95271e-16
7243.79  1.16032e-15
7245.24  1.30989e-15
7246.7   1.43189e-15
7248.16  1.51695e-15
7249.61  1.5595e-15
7251.07  1.55847e-15
7252.52  1.51758e-15
7253.98  1.44506e-15
7255.43  1.35268e-15
7256.89  1.25428e-15
7258.35  1.16389e-15
7259.8   1.09367e-15
7261.26  1.05215e-15
7262.71  1.04292e-15
7264.17  1.06418e-15
7265.62  1.10915e-15
7267.08  1.16739e-15
7268.54  1.22674e-15
7269.99  1.27558e-15
7271.45  1.30496e-15
7272.9   1.31018e-15
7274.36  1.2915e-15
7275.82  1.25395e-15
7277.27  1.20615e-15
7278.73  1.15849e-15
7280.18  1.121e-15
7281.64  1.10142e-15
7283.09  1.10373e-15
7284.55  1.1276e-15
7286.01  1.16864e-15
7287.46  1.21957e-15
7288.92  1.27176e-15
7290.37  1.317e-15
7291.83  1.34906e-15
7293.28  1.36458e-15
7294.74  1.3634e-15
7296.2   1.34807e-15
7297.65  1.32303e-15
7299.11  1.29336e-15
7300.56  1.26375e-15
7302.02  1.2377e-15
7303.47  1.21714e-15
7304.93  1.20253e-15
7306.39  1.1932e-15
7307.84  1.1879e-15
7309.3   1.18526e-15
7310.75  1.18413e-15
7312.21  1.18372e-15
7313.66  1.1836e-15
7315.12  1.18358e-15
7316.58  1.18358e-15
7318.03  1.18358e-15