3415.1   7.52647e-15
3416.54  7.46644e-15
3417.99  7.40458e-15
3419.43  7.34417e-15
3420.87  7.28895e-15
3422.32  7.24291e-15
3423.76  7.2102e-15
3425.2   7.19478e-15
3426.65  7.20011e-15
3428.09  7.22869e-15
3429.54  7.28165e-15
3430.98  7.35826e-15
3432.42  7.45574e-15
3433.87  7.56914e-15
3435.31  7.69161e-15
3436.76  7.81489e-15
3438.2   7.93011e-15
3439.64  8.02877e-15
3441.09  8.10377e-15
3442.53  8.15028e-15
3443.97  8.1664e-15
3445.42  8.1534e-15
3446.86  8.11549e-15
3448.31  8.0592e-15
3449.75  7.99241e-15
3451.19  7.92318e-15
3452.64  7.85866e-15
3454.08  7.80422e-15
3455.53  7.76287e-15
3456.97  7.73517e-15
3458.41  7.71957e-15
3459.86  7.71305e-15
3461.3   7.71196e-15
3462.74  7.71294e-15
3464.19  7.71363e-15
3465.63  7.71323e-15
3467.08  7.71266e-15
3468.52  7.71452e-15
3469.96  7.72262e-15
3471.41  7.74143e-15
3472.85  7.7753e-15
3474.29  7.82779e-15
3475.74  7.9009e-15
3477.18  7.99467e-15
3478.63  8.1068e-15
3480.07  8.23278e-15
3481.51  8.36609e-15
3482.96  8.49887e-15
3484.4   8.62275e-15
3485.85  8.72981e-15
3487.29  8.81359e-15
3488.73  8.87001e-15
3490.18  8.89797e-15
3491.62  8.89965e-15
3493.06  8.88033e-15
3494.51  8.84785e-15
3495.95  8.81163e-15
3497.4   8.78146e-15
3498.84  8.7662e-15
3500.28  8.77257e-15
3501.73  8.80418e-15
3503.17  8.86093e-15
3504.62  8.93898e-15
3506.06  9.03111e-15
3507.5   9.12763e-15
3508.95  9.21762e-15
3510.39  9.2903e-15
3511.83  9.33654e-15
3513.28  9.35001e-15
3514.72  9.32813e-15
3516.17  9.27236e-15
3517.61  9.18812e-15
3519.05  9.08408e-15
3520.5   8.97109e-15
3521.94  8.86082e-15
3523.39  8.76438e-15
3524.83  8.69105e-15
3526.27  8.64726e-15
3527.72  8.63609e-15
3529.16  8.65712e-15
3530.6   8.7068e-15
3532.05  8.77918e-15
3533.49  8.86687e-15
3534.94  8.96211e-15
3536.38  9.05774e-15
3537.82  9.14802e-15
3539.27  9.2291e-15
3540.71  9.29916e-15
3542.15  9.35828e-15
3543.6   9.40802e-15
3545.04  9.45086e-15
3546.49  9.48961e-15
3547.93  9.52685e-15
3549.37  9.56454e-15
3550.82  9.60374e-15
3552.26  9.6445e-15
3553.71  9.68583e-15
3555.15  9.72586e-15
3556.59  9.76193e-15
3558.04  9.79084e-15
3559.48  9.80906e-15
3560.92  9.8131e-15
3562.37  9.79981e-15
3563.81  9.76687e-15
3565.26  9.7132e-15
3566.7   9.63933e-15
3568.14  9.5477e-15
3569.59  9.44266e-15
3571.03  9.33033e-15
3572.48  9.21802e-15
3573.92  9.11353e-15
3575.36  9.02411e-15
3576.81  8.95546e-15
3578.25  8.91075e-15
3579.69  8.88999e-15
3581.14  8.88979e-15
3582.58  8.90368e-15
3584.03  8.92298e-15
3585.47  8.93815e-15
3586.91  8.94039e-15
3588.36  8.92328e-15
3589.8   8.88416e-15
3591.25  8.8249e-15
3592.69  8.75196e-15
3594.13  8.67562e-15
3595.58  8.6085e-15
3597.02  8.56352e-15
3598.46  8.55171e-15
3599.91  8.58018e-15
3601.35  8.65065e-15
3602.8   8.75882e-15
3604.24  8.89471e-15
3605.68  9.04395e-15
3607.13  9.18984e-15
3608.57  9.31585e-15
3610.01  9.40817e-15
3611.46  9.45788e-15
3612.9   9.46238e-15
3614.35  9.42585e-15
3615.79  9.35866e-15
3617.23  9.27579e-15
3618.68  9.19457e-15
3620.12  9.13202e-15
3621.57  9.10226e-15
3623.01  9.11441e-15
3624.45  9.17115e-15
3625.9   9.26839e-15
3627.34  9.39575e-15
3628.78  9.53808e-15
3630.23  9.67753e-15
3631.67  9.79598e-15
3633.12  9.8774e-15
3634.56  9.90988e-15
3636     9.88702e-15
3637.45  9.80849e-15
3638.89  9.67984e-15
3640.34  9.51144e-15
3641.78  9.31692e-15
3643.22  9.11124e-15
3644.67  8.90875e-15
3646.11  8.72145e-15
3647.55  8.55775e-15
3649     8.42179e-15
3650.44  8.31345e-15
3651.89  8.22896e-15
3653.33  8.16186e-15
3654.77  8.10435e-15
3656.22  8.04859e-15
3657.66  7.98783e-15
3659.11  7.91725e-15
3660.55  7.83443e-15
3661.99  7.73932e-15
3663.44  7.63395e-15
3664.88  7.52176e-15
3666.32  7.40694e-15
3667.77  7.29367e-15
3669.21  7.18549e-15
3670.66  7.08488e-15
3672.1   6.99308e-15
3673.54  6.91016e-15
3674.99  6.83517e-15
3676.43  6.76658e-15
3677.87  6.7026e-15
3679.32  6.64159e-15
3680.76  6.58228e-15
3682.21  6.52394e-15
3683.65  6.4664e-15
3685.09  6.40997e-15
3686.54  6.35529e-15
3687.98  6.30314e-15
3689.43  6.25431e-15
3690.87  6.20948e-15
3692.31  6.1691e-15
3693.76  6.13348e-15
3695.2   6.10271e-15
3696.64  6.07682e-15
3698.09  6.05577e-15
3699.53  6.03957e-15
3700.98  6.02825e-15
3702.42  6.02189e-15
3703.86  6.02058e-15
3705.31  6.02433e-15
3706.75  6.03304e-15
3708.2   6.0465e-15
3709.64  6.0644e-15
3711.08  6.08648e-15
3712.53  6.1126e-15
3713.97  6.14296e-15
3715.41  6.1782e-15
3716.86  6.21938e-15
3718.3   6.26792e-15
3719.75  6.32528e-15
3721.19  6.3926e-15
3722.63  6.47021e-15
3724.08  6.55716e-15
3725.52  6.65096e-15
3726.97  6.74736e-15
3728.41  6.84061e-15
3729.85  6.92381e-15
3731.3   6.98969e-15
3732.74  7.03142e-15
3734.18  7.04356e-15
3735.63  7.02285e-15
3737.07  6.9688e-15
3738.52  6.88396e-15
3739.96  6.7738e-15
3741.4   6.64623e-15
3742.85  6.51077e-15
3744.29  6.37759e-15
3745.73  6.25636e-15
3747.18  6.15531e-15
3748.62  6.08033e-15
3750.07  6.03452e-15
3751.51  6.01798e-15
3752.95  6.02801e-15
3754.4   6.05961e-15
3755.84  6.10623e-15
3757.29  6.16058e-15
3758.73  6.21546e-15
3760.17  6.26453e-15
3761.62  6.30284e-15
3763.06  6.32708e-15
3764.5   6.33573e-15
3765.95  6.3289e-15
3767.39  6.30809e-15
3768.84  6.2758e-15
3770.28  6.23514e-15
3771.72  6.18948e-15
3773.17  6.14213e-15
3774.61  6.09602e-15
3776.06  6.05358e-15
3777.5   6.01664e-15
3778.94  5.98641e-15
3780.39  5.96357e-15
3781.83  5.94836e-15
3783.27  5.94082e-15
3784.72  5.94088e-15
3786.16  5.94852e-15
3787.61  5.96382e-15
3789.05  5.98695e-15
3790.49  6.01802e-15
3791.94  6.05691e-15
3793.38  6.10315e-15
3794.83  6.15569e-15
3796.27  6.21294e-15
3797.71  6.27286e-15
3799.16  6.33326e-15
3800.6   6.39217e-15
3802.04  6.44832e-15
3803.49  6.50158e-15
3804.93  6.55323e-15
3806.38  6.606e-15
3807.82  6.66388e-15
3809.26  6.7316e-15
3810.71  6.81394e-15
3812.15  6.91488e-15
3813.59  7.03688e-15
3815.04  7.18027e-15
3816.48  7.34304e-15
3817.93  7.5209e-15
3819.37  7.70778e-15
3820.81  7.89661e-15
3822.26  8.08025e-15
3823.7   8.25244e-15
3825.15  8.40861e-15
3826.59  8.54648e-15
3828.03  8.66625e-15
3829.48  8.77049e-15
3830.92  8.8637e-15
3832.36  8.95161e-15
3833.81  9.04028e-15
3835.25  9.13531e-15
3836.7   9.24096e-15
3838.14  9.35959e-15
3839.58  9.49124e-15
3841.03  9.63366e-15
3842.47  9.7825e-15
3843.92  9.93188e-15
3845.36  1.00752e-14
3846.8   1.02059e-14
3848.25  1.03188e-14
3849.69  1.04102e-14
3851.13  1.04792e-14
3852.58  1.05275e-14
3854.02  1.05593e-14
3855.47  1.0581e-14
3856.91  1.06002e-14
3858.35  1.06245e-14
3859.8   1.06607e-14
3861.24  1.07136e-14
3862.68  1.07851e-14
3864.13  1.08742e-14
3865.57  1.09767e-14
3867.02  1.10864e-14
3868.46  1.11952e-14
3869.9   1.12949e-14
3871.35  1.13783e-14
3872.79  1.14401e-14
3874.24  1.14779e-14
3875.68  1.14922e-14
3877.12  1.14867e-14
3878.57  1.14672e-14
3880.01  1.14415e-14
3881.45  1.14176e-14
3882.9   1.14031e-14
3884.34  1.14041e-14
3885.79  1.14247e-14
3887.23  1.14666e-14
3888.67  1.15293e-14
3890.12  1.16098e-14
3891.56  1.17038e-14
3893.01  1.18059e-14
3894.45  1.19102e-14
3895.89  1.20108e-14
3897.34  1.2103e-14
3898.78  1.21825e-14
3900.22  1.22471e-14
3901.67  1.22958e-14
3903.11  1.23293e-14
3904.56  1.23501e-14
3906     1.23616e-14
3907.44  1.2368e-14
3908.89  1.23737e-14
3910.33  1.23822e-14
3911.78  1.23959e-14
3913.22  1.24151e-14
3914.66  1.2438e-14
3916.11  1.24608e-14
3917.55  1.24782e-14
3918.99  1.24837e-14
3920.44  1.24714e-14
3921.88  1.24363e-14
3923.33  1.23754e-14
3924.77  1.22884e-14
3926.21  1.21776e-14
3927.66  1.20478e-14
3929.1   1.19057e-14
3930.54  1.17587e-14
3931.99  1.1614e-14
3933.43  1.14776e-14
3934.88  1.13536e-14
3936.32  1.12437e-14
3937.76  1.11469e-14
3939.21  1.10605e-14
3940.65  1.098e-14
3942.1   1.09001e-14
3943.54  1.08157e-14
3944.98  1.07228e-14
3946.43  1.06189e-14
3947.87  1.05035e-14
3949.31  1.03782e-14
3950.76  1.02467e-14
3952.2   1.01139e-14
3953.65  9.98579e-15
3955.09  9.86817e-15
3956.53  9.76616e-15
3957.98  9.68341e-15
3959.42  9.62158e-15
3960.87  9.58013e-15
3962.31  9.55641e-15
3963.75  9.54603e-15
3965.2   9.54352e-15
3966.64  9.54308e-15
3968.08  9.53941e-15
3969.53  9.52842e-15
3970.97  9.50768e-15
3972.42  9.47669e-15
3973.86  9.43675e-15
3975.3   9.3906e-15
3976.75  9.3419e-15
3978.19  9.29456e-15
3979.64  9.25216e-15
3981.08  9.21745e-15
3982.52  9.19208e-15
3983.97  9.17642e-15
3985.41  9.16975e-15
3986.85  9.17044e-15
3988.3   9.17626e-15
3989.74  9.18479e-15
3991.19  9.19368e-15
3992.63  9.20093e-15
3994.07  9.20508e-15
3995.52  9.20535e-15
3996.96  9.2017e-15
3998.4   9.19485e-15
3999.85  9.18631e-15
4001.29  9.17835e-15
4002.74  9.17382e-15
4004.18  9.17609e-15
4005.62  9.1887e-15
4007.07  9.21508e-15
4008.51  9.25814e-15
4009.96  9.31986e-15
4011.4   9.40092e-15
4012.84  9.50044e-15
4014.29  9.61593e-15
4015.73  9.74334e-15
4017.17  9.87742e-15
4018.62  1.00123e-14
4020.06  1.0142e-14
4021.51  1.02613e-14
4022.95  1.03662e-14
4024.39  1.04545e-14
4025.84  1.05263e-14
4027.28  1.05834e-14
4028.73  1.06296e-14
4030.17  1.06701e-14
4031.61  1.07106e-14
4033.06  1.07566e-14
4034.5   1.08129e-14
4035.94  1.08828e-14
4037.39  1.09677e-14
4038.83  1.10666e-14
4040.28  1.11767e-14
4041.72  1.12934e-14
4043.16  1.1411e-14
4044.61  1.15235e-14
4046.05  1.16251e-14
4047.5   1.17114e-14
4048.94  1.17796e-14
4050.38  1.18292e-14
4051.83  1.18618e-14
4053.27  1.18811e-14
4054.71  1.18919e-14
4056.16  1.19e-14
4057.6   1.19109e-14
4059.05  1.19291e-14
4060.49  1.1958e-14
4061.93  1.19986e-14
4063.38  1.20507e-14
4064.82  1.2112e-14
4066.26  1.21797e-14
4067.71  1.22502e-14
4069.15  1.23205e-14
4070.6   1.23882e-14
4072.04  1.2452e-14
4073.48  1.25118e-14
4074.93  1.2568e-14
4076.37  1.26214e-14
4077.82  1.26724e-14
4079.26  1.27208e-14
4080.7   1.27652e-14
4082.15  1.28028e-14
4083.59  1.28304e-14
4085.03  1.28437e-14
4086.48  1.28393e-14
4087.92  1.28141e-14
4089.37  1.27671e-14
4090.81  1.26987e-14
4092.25  1.26117e-14
4093.7   1.25104e-14
4095.14  1.24008e-14
4096.59  1.22893e-14
4098.03  1.21823e-14
4099.47  1.20856e-14
4100.92  1.20035e-14
4102.36  1.19387e-14
4103.8   1.18919e-14
4105.25  1.18621e-14
4106.69  1.18467e-14
4108.14  1.18421e-14
4109.58  1.1844e-14
4111.02  1.18478e-14
4112.47  1.18495e-14
4113.91  1.18456e-14
4115.36  1.18337e-14
4116.8   1.18125e-14
4118.24  1.17818e-14
4119.69  1.17426e-14
4121.13  1.16967e-14
4122.57  1.16466e-14
4124.02  1.15949e-14
4125.46  1.15443e-14
4126.91  1.14969e-14
4128.35  1.14543e-14
4129.79  1.14173e-14
4131.24  1.13858e-14
4132.68  1.13589e-14
4134.12  1.13355e-14
4135.57  1.13141e-14
4137.01  1.12935e-14
4138.46  1.12727e-14
4139.9   1.12513e-14
4141.34  1.12294e-14
4142.79  1.12077e-14
4144.23  1.11869e-14
4145.68  1.11677e-14
4147.12  1.11507e-14
4148.56  1.11357e-14
4150.01  1.11223e-14
4151.45  1.11092e-14
4152.89  1.10953e-14
4154.34  1.10789e-14
4155.78  1.10587e-14
4157.23  1.10341e-14
4158.67  1.10044e-14
4160.11  1.097e-14
4161.56  1.09314e-14
4163     1.08895e-14
4164.45  1.08453e-14
4165.89  1.07994e-14
4167.33  1.07522e-14
4168.78  1.0704e-14
4170.22  1.06546e-14
4171.66  1.06036e-14
4173.11  1.05511e-14
4174.55  1.04967e-14
4176     1.04408e-14
4177.44  1.03837e-14
4178.88  1.03258e-14
4180.33  1.02674e-14
4181.77  1.02088e-14
4183.22  1.01498e-14
4184.66  1.00898e-14
4186.1   1.00281e-14
4187.55  9.96339e-15
4188.99  9.89485e-15
4190.43  9.82167e-15
4191.88  9.74357e-15
4193.32  9.66085e-15
4194.77  9.57446e-15
4196.21  9.48587e-15
4197.65  9.3969e-15
4199.1   9.30947e-15
4200.54  9.22528e-15
4201.98  9.14562e-15
4203.43  9.07111e-15
4204.87  9.00167e-15
4206.32  8.93658e-15
4207.76  8.87458e-15
4209.2   8.81414e-15
4210.65  8.7537e-15
4212.09  8.69194e-15
4213.54  8.62793e-15
4214.98  8.56132e-15
4216.42  8.49225e-15
4217.87  8.42131e-15
4219.31  8.34935e-15
4220.75  8.2773e-15
4222.2   8.20593e-15
4223.64  8.13573e-15
4225.09  8.06679e-15
4226.53  7.99882e-15
4227.97  7.93117e-15
4229.42  7.86295e-15
4230.86  7.79319e-15
4232.31  7.72094e-15
4233.75  7.64543e-15
4235.19  7.56615e-15
4236.64  7.48286e-15
4238.08  7.39565e-15
4239.52  7.30493e-15
4240.97  7.2114e-15
4242.41  7.11605e-15
4243.86  7.02009e-15
4245.3   6.92495e-15
4246.74  6.83215e-15
4248.19  6.74324e-15
4249.63  6.65959e-15
4251.08  6.58225e-15
4252.52  6.51177e-15
4253.96  6.44804e-15
4255.41  6.39022e-15
4256.85  6.33681e-15
4258.29  6.28584e-15
4259.74  6.23515e-15
4261.18  6.18282e-15
4262.63  6.12753e-15
4264.07  6.06893e-15
4265.51  6.00784e-15
4266.96  5.94621e-15
4268.4   5.8869e-15
4269.84  5.83325e-15
4271.29  5.78843e-15
4272.73  5.75489e-15
4274.18  5.73376e-15
4275.62  5.72452e-15
4277.06  5.72496e-15
4278.51  5.73142e-15
4279.95  5.73933e-15
4281.4   5.74403e-15
4282.84  5.74157e-15
4284.28  5.72961e-15
4285.73  5.70793e-15
4287.17  5.67876e-15
4288.61  5.64668e-15
4290.06  5.61804e-15
4291.5   5.60018e-15
4292.95  5.60032e-15
4294.39  5.62447e-15
4295.83  5.67644e-15
4297.28  5.75709e-15
4298.72  5.86411e-15
4300.17  5.99211e-15
4301.61  6.13327e-15
4303.05  6.27826e-15
4304.5   6.41746e-15
4305.94  6.54215e-15
4307.38  6.6456e-15
4308.83  6.72387e-15
4310.27  6.77622e-15
4311.72  6.80507e-15
4313.16  6.81556e-15
4314.6   6.81472e-15
4316.05  6.81047e-15
4317.49  6.81047e-15
4318.93  6.82112e-15
4320.38  6.84672e-15
4321.82  6.88903e-15
4323.27  6.94708e-15
4324.71  7.01753e-15
4326.15  7.09518e-15
4327.6   7.17384e-15
4329.04  7.24721e-15
4330.49  7.30975e-15
4331.93  7.35743e-15
4333.37  7.38814e-15
4334.82  7.40191e-15
4336.26  7.40073e-15
4337.7   7.38824e-15
4339.15  7.36909e-15
4340.59  7.34832e-15
4342.04  7.33071e-15
4343.48  7.32015e-15
4344.92  7.31931e-15
4346.37  7.32939e-15
4347.81  7.35009e-15
4349.26  7.37987e-15
4350.7   7.41621e-15
4352.14  7.45609e-15
4353.59  7.49638e-15
4355.03  7.53428e-15
4356.47  7.56767e-15
4357.92  7.59526e-15
4359.36  7.61671e-15
4360.81  7.63255e-15
4362.25  7.64402e-15
4363.69  7.65281e-15
4365.14  7.66069e-15
4366.58  7.66927e-15
4368.03  7.67959e-15
4369.47  7.692e-15
4370.91  7.70594e-15
4372.36  7.72006e-15
4373.8   7.73229e-15
4375.24  7.74015e-15
4376.69  7.74112e-15
4378.13  7.73304e-15
4379.58  7.71447e-15
4381.02  7.68497e-15
4382.46  7.64528e-15
4383.91  7.59727e-15
4385.35  7.54377e-15
4386.79  7.48822e-15
4388.24  7.43428e-15
4389.68  7.38532e-15
4391.13  7.34405e-15
4392.57  7.31211e-15
4394.01  7.28993e-15
4395.46  7.27669e-15
4396.9   7.2705e-15
4398.35  7.26872e-15
4399.79  7.2684e-15
4401.23  7.26687e-15
4402.68  7.26217e-15
4404.12  7.25355e-15
4405.56  7.24167e-15
4407.01  7.22864e-15
4408.45  7.21777e-15
4409.9   7.2131e-15
4411.34  7.21869e-15
4412.78  7.23789e-15
4414.23  7.27265e-15
4415.67  7.32299e-15
4417.12  7.38679e-15
4418.56  7.45997e-15
4420     7.53702e-15
4421.45  7.61187e-15
4422.89  7.67885e-15
4424.33  7.73374e-15
4425.78  7.7745e-15
4427.22  7.80176e-15
4428.67  7.81874e-15
4430.11  7.83078e-15
4431.55  7.84449e-15
4433     7.86661e-15
4434.44  7.90289e-15
4435.89  7.95712e-15
4437.33  8.03048e-15
4438.77  8.12134e-15
4440.22  8.22558e-15
4441.66  8.3372e-15
4443.1   8.4493e-15
4444.55  8.55513e-15
4445.99  8.64903e-15
4447.44  8.72717e-15
4448.88  8.78793e-15
4450.32  8.83192e-15
4451.77  8.86165e-15
4453.21  8.88095e-15
4454.65  8.89429e-15
4456.1   8.90608e-15
4457.54  8.92007e-15
4458.99  8.93899e-15
4460.43  8.96436e-15
4461.87  8.99653e-15
4463.32  9.03491e-15
4464.76  9.0782e-15
4466.21  9.12476e-15
4467.65  9.17284e-15
4469.09  9.22081e-15
4470.54  9.26733e-15
4471.98  9.31136e-15
4473.42  9.35221e-15
4474.87  9.38958e-15
4476.31  9.42355e-15
4477.76  9.4546e-15
4479.2   9.4837e-15
4480.64  9.51224e-15
4482.09  9.54203e-15
4483.53  9.57518e-15
4484.98  9.61388e-15
4486.42  9.6601e-15
4487.86  9.71529e-15
4489.31  9.78004e-15
4490.75  9.8538e-15
4492.19  9.93476e-15
4493.64  1.00199e-14
4495.08  1.01051e-14
4496.53  1.01859e-14
4497.97  1.02574e-14
4499.41  1.03156e-14
4500.86  1.03574e-14
4502.3   1.03813e-14
4503.75  1.03873e-14
4505.19  1.03774e-14
4506.63  1.03548e-14
4508.08  1.03234e-14
4509.52  1.02877e-14
4510.96  1.02514e-14
4512.41  1.02174e-14
4513.85  1.01872e-14
4515.3   1.01608e-14
4516.74  1.0137e-14
4518.18  1.01136e-14
4519.63  1.00881e-14
4521.07  1.00582e-14
4522.51  1.00225e-14
4523.96  9.98049e-15
4525.4   9.93331e-15
4526.85  9.8832e-15
4528.29  9.83342e-15
4529.73  9.78773e-15
4531.18  9.74981e-15
4532.62  9.72275e-15
4534.07  9.70854e-15
4535.51  9.70777e-15
4536.95  9.71952e-15
4538.4   9.74148e-15
4539.84  9.77022e-15
4541.28  9.80161e-15
4542.73  9.83139e-15
4544.17  9.85561e-15
4545.62  9.87117e-15
4547.06  9.87612e-15
4548.5   9.86986e-15
4549.95  9.8532e-15
4551.39  9.82816e-15
4552.84  9.79771e-15
4554.28  9.76532e-15
4555.72  9.73448e-15
4557.17  9.7082e-15
4558.61  9.68859e-15
4560.05  9.67661e-15
4561.5   9.67194e-15
4562.94  9.67311e-15
4564.39  9.67782e-15
4565.83  9.68338e-15
4567.27  9.68723e-15
4568.72  9.68744e-15
4570.16  9.68303e-15
4571.61  9.67415e-15
4573.05  9.662e-15
4574.49  9.64855e-15
4575.94  9.63608e-15
4577.38  9.62669e-15
4578.82  9.62182e-15
4580.27  9.62194e-15
4581.71  9.62642e-15
4583.16  9.63361e-15
4584.6   9.6411e-15
4586.04  9.64619e-15
4587.49  9.64625e-15
4588.93  9.6392e-15
4590.37  9.62376e-15
4591.82  9.59952e-15
4593.26  9.56696e-15
4594.71  9.52717e-15
4596.15  9.48163e-15
4597.59  9.43191e-15
4599.04  9.3794e-15
4600.48  9.32516e-15
4601.93  9.26988e-15
4603.37  9.21389e-15
4604.81  9.15722e-15
4606.26  9.09973e-15
4607.7   9.04118e-15
4609.14  8.98124e-15
4610.59  8.91952e-15
4612.03  8.85555e-15
4613.48  8.78879e-15
4614.92  8.71867e-15
4616.36  8.64467e-15
4617.81  8.56653e-15
4619.25  8.4844e-15
4620.7   8.39899e-15
4622.14  8.31168e-15
4623.58  8.22448e-15
4625.03  8.13987e-15
4626.47  8.0605e-15
4627.91  7.98883e-15
4629.36  7.92676e-15
4630.8   7.8753e-15
4632.25  7.83435e-15
4633.69  7.80271e-15
4635.13  7.7782e-15
4636.58  7.75797e-15
4638.02  7.73889e-15
4639.47  7.71803e-15
4640.91  7.69305e-15
4642.35  7.66251e-15
4643.8   7.62607e-15
4645.24  7.5845e-15
4646.68  7.53953e-15
4648.13  7.49359e-15
4649.57  7.44953e-15
4651.02  7.41017e-15
4652.46  7.37804e-15
4653.9   7.3551e-15
4655.35  7.34252e-15
4656.79  7.34064e-15
4658.23  7.34897e-15
4659.68  7.3663e-15
4661.12  7.39081e-15
4662.57  7.42031e-15
4664.01  7.45241e-15
4665.45  7.48471e-15
4666.9   7.515e-15
4668.34  7.54142e-15
4669.79  7.56253e-15
4671.23  7.57742e-15
4672.67  7.58571e-15
4674.12  7.58753e-15
4675.56  7.58345e-15
4677     7.57438e-15
4678.45  7.56148e-15
4679.89  7.54605e-15
4681.34  7.52944e-15
4682.78  7.51296e-15
4684.22  7.49787e-15
4685.67  7.48534e-15
4687.11  7.47635e-15
4688.56  7.47172e-15
4690     7.47195e-15
4691.44  7.47716e-15
4692.89  7.48697e-15
4694.33  7.5004e-15
4695.77  7.51589e-15
4697.22  7.53128e-15
4698.66  7.544e-15
4700.11  7.55127e-15
4701.55  7.55045e-15
4702.99  7.53937e-15
4704.44  7.51662e-15
4705.88  7.48184e-15
4707.33  7.43577e-15
4708.77  7.38026e-15
4710.21  7.31802e-15
4711.66  7.25231e-15
4713.1   7.18653e-15
4714.54  7.12381e-15
4715.99  7.06659e-15
4717.43  7.01642e-15
4718.88  6.97376e-15
4720.32  6.93804e-15
4721.76  6.90782e-15
4723.21  6.88103e-15
4724.65  6.85536e-15
4726.09  6.82858e-15
4727.54  6.79888e-15
4728.98  6.76517e-15
4730.43  6.72718e-15
4731.87  6.68562e-15
4733.31  6.64199e-15
4734.76  6.59851e-15
4736.2   6.55781e-15
4737.65  6.52261e-15
4739.09  6.49544e-15
4740.53  6.47829e-15
4741.98  6.47239e-15
4743.42  6.47806e-15
4744.86  6.49465e-15
4746.31  6.52064e-15
4747.75  6.55377e-15
4749.2   6.59133e-15
4750.64  6.63044e-15
4752.08  6.66835e-15
4753.53  6.70273e-15
4754.97  6.73189e-15
4756.42  6.75485e-15
4757.86  6.77135e-15
4759.3   6.78178e-15
4760.75  6.78696e-15
4762.19  6.7879e-15
4763.63  6.7856e-15
4765.08  6.7808e-15
4766.52  6.77389e-15
4767.97  6.76482e-15
4769.41  6.75312e-15
4770.85  6.7381e-15
4772.3   6.71888e-15
4773.74  6.69468e-15
4775.18  6.66489e-15
4776.63  6.62919e-15
4778.07  6.58765e-15
4779.52  6.54066e-15
4780.96  6.48887e-15
4782.4   6.43314e-15
4783.85  6.37441e-15
4785.29  6.31356e-15
4786.74  6.25137e-15
4788.18  6.18843e-15
4789.62  6.12512e-15
4791.07  6.06156e-15
4792.51  5.99771e-15
4793.95  5.93332e-15
4795.4   5.86802e-15
4796.84  5.80138e-15
4798.29  5.73299e-15
4799.73  5.66248e-15
4801.17  5.58964e-15
4802.62  5.5144e-15
4804.06  5.43695e-15
4805.51  5.35766e-15
4806.95  5.27713e-15
4808.39  5.19609e-15
4809.84  5.11542e-15
4811.28  5.03602e-15
4812.72  4.95877e-15
4814.17  4.88444e-15
4815.61  4.81373e-15
4817.06  4.74715e-15
4818.5   4.68514e-15
4819.94  4.62801e-15
4821.39  4.57599e-15
4822.83  4.52928e-15
4824.28  4.48796e-15
4825.72  4.452e-15
4827.16  4.42118e-15
4828.61  4.39501e-15
4830.05  4.37272e-15
4831.49  4.35323e-15
4832.94  4.33525e-15
4834.38  4.31742e-15
4835.83  4.29849e-15
4837.27  4.27756e-15
4838.71  4.25426e-15
4840.16  4.2289e-15
4841.6   4.20248e-15
4843.04  4.17662e-15
4844.49  4.15333e-15
4845.93  4.1347e-15
4847.38  4.12255e-15
4848.82  4.11813e-15
4850.26  4.12185e-15
4851.71  4.13319e-15
4853.15  4.15078e-15
4854.6   4.17263e-15
4856.04  4.19642e-15
4857.48  4.21991e-15
4858.93  4.24133e-15
4860.37  4.25955e-15
4861.81  4.27428e-15
4863.26  4.28595e-15
4864.7   4.29556e-15
4866.15  4.30433e-15
4867.59  4.31343e-15
4869.03  4.32363e-15
4870.48  4.33518e-15
4871.92  4.34771e-15
4873.37  4.36041e-15
4874.81  4.37221e-15
4876.25  4.38206e-15
4877.7   4.38922e-15
4879.14  4.39348e-15
4880.58  4.39522e-15
4882.03  4.39537e-15
4883.47  4.39523e-15
4884.92  4.39621e-15
4886.36  4.39956e-15
4887.8   4.40613e-15
4889.25  4.41621e-15
4890.69  4.42955e-15
4892.14  4.44548e-15
4893.58  4.46311e-15
4895.02  4.4816e-15
4896.47  4.50044e-15
4897.91  4.51956e-15
4899.35  4.53942e-15
4900.8   4.56088e-15
4902.24  4.585e-15
4903.69  4.61273e-15
4905.13  4.64465e-15
4906.57  4.68064e-15
4908.02  4.71983e-15
4909.46  4.76054e-15
4910.9   4.80048e-15
4912.35  4.83703e-15
4913.79  4.86764e-15
4915.24  4.89016e-15
4916.68  4.90324e-15
4918.12  4.90647e-15
4919.57  4.90052e-15
4921.01  4.88695e-15
4922.46  4.86806e-15
4923.9   4.84646e-15
4925.34  4.82476e-15
4926.79  4.80526e-15
4928.23  4.78965e-15
4929.67  4.77896e-15
4931.12  4.77358e-15
4932.56  4.77338e-15
4934.01  4.7779e-15
4935.45  4.78659e-15
4936.89  4.79894e-15
4938.34  4.81458e-15
4939.78  4.8332e-15
4941.23  4.85453e-15
4942.67  4.87809e-15
4944.11  4.9031e-15
4945.56  4.92836e-15
4947     4.95225e-15
4948.44  4.97283e-15
4949.89  4.98809e-15
4951.33  4.99629e-15
4952.78  4.99623e-15
4954.22  4.98761e-15
4955.66  4.97121e-15
4957.11  4.94893e-15
4958.55  4.92364e-15
4960     4.8989e-15
4961.44  4.87847e-15
4962.88  4.86586e-15
4964.33  4.86377e-15
4965.77  4.87373e-15
4967.21  4.8958e-15
4968.66  4.92859e-15
4970.1   4.96938e-15
4971.55  5.01446e-15
4972.99  5.05965e-15
4974.43  5.10079e-15
4975.88  5.13429e-15
4977.32  5.15752e-15
4978.76  5.16914e-15
4980.21  5.1692e-15
4981.65  5.15904e-15
4983.1   5.14112e-15
4984.54  5.1186e-15
4985.98  5.09498e-15
4987.43  5.07362e-15
4988.87  5.05737e-15
4990.32  5.04822e-15
4991.76  5.0471e-15
4993.2   5.05387e-15
4994.65  5.06733e-15
4996.09  5.08551e-15
4997.53  5.10596e-15
4998.98  5.12614e-15
5000.42  5.14381e-15
5001.87  5.15736e-15
5003.31  5.16609e-15
5004.75  5.17029e-15
5006.2   5.17124e-15
5007.64  5.17102e-15
5009.09  5.1722e-15
5010.53  5.17747e-15
5011.97  5.18924e-15
5013.42  5.20923e-15
5014.86  5.23814e-15
5016.3   5.27547e-15
5017.75  5.31947e-15
5019.19  5.36727e-15
5020.64  5.41517e-15
5022.08  5.45906e-15
5023.52  5.49498e-15
5024.97  5.51966e-15
5026.41  5.53103e-15
5027.86  5.52859e-15
5029.3   5.51358e-15
5030.74  5.48895e-15
5032.19  5.45901e-15
5033.63  5.4289e-15
5035.07  5.40388e-15
5036.52  5.3886e-15
5037.96  5.38644e-15
5039.41  5.39896e-15
5040.85  5.42574e-15
5042.29  5.46445e-15
5043.74  5.51126e-15
5045.18  5.56147e-15
5046.62  5.61027e-15
5048.07  5.65353e-15
5049.51  5.68839e-15
5050.96  5.71368e-15
5052.4   5.72998e-15
5053.84  5.7394e-15
5055.29  5.74513e-15
5056.73  5.75081e-15
5058.18  5.75982e-15
5059.62  5.77471e-15
5061.06  5.79673e-15
5062.51  5.82569e-15
5063.95  5.86005e-15
5065.39  5.89722e-15
5066.84  5.93409e-15
5068.28  5.96767e-15
5069.73  5.99559e-15
5071.17  6.01654e-15
5072.61  6.03053e-15
5074.06  6.0388e-15
5075.5   6.04358e-15
5076.95  6.04758e-15
5078.39  6.0534e-15
5079.83  6.06294e-15
5081.28  6.07693e-15
5082.72  6.09459e-15
5084.16  6.11367e-15
5085.61  6.13066e-15
5087.05  6.14137e-15
5088.5   6.14155e-15
5089.94  6.12774e-15
5091.38  6.0979e-15
5092.83  6.05195e-15
5094.27  5.99199e-15
5095.72  5.92211e-15
5097.16  5.84798e-15
5098.6   5.77606e-15
5100.05  5.71269e-15
5101.49  5.66319e-15
5102.93  5.63109e-15
5104.38  5.6176e-15
5105.82  5.62151e-15
5107.27  5.63939e-15
5108.71  5.6662e-15
5110.15  5.69604e-15
5111.6   5.7231e-15
5113.04  5.7425e-15
5114.48  5.75089e-15
5115.93  5.74687e-15
5117.37  5.73103e-15
5118.82  5.7056e-15
5120.26  5.674e-15
5121.7   5.64015e-15
5123.15  5.60781e-15
5124.59  5.58002e-15
5126.04  5.55873e-15
5127.48  5.54467e-15
5128.92  5.53746e-15
5130.37  5.53588e-15
5131.81  5.5383e-15
5133.25  5.5431e-15
5134.7   5.54902e-15
5136.14  5.55541e-15
5137.59  5.56232e-15
5139.03  5.57037e-15
5140.47  5.58053e-15
5141.92  5.59389e-15
5143.36  5.61127e-15
5144.81  5.63304e-15
5146.25  5.65897e-15
5147.69  5.68821e-15
5149.14  5.71939e-15
5150.58  5.75091e-15
5152.02  5.78112e-15
5153.47  5.80867e-15
5154.91  5.83266e-15
5156.36  5.85284e-15
5157.8   5.86957e-15
5159.24  5.88379e-15
5160.69  5.8968e-15
5162.13  5.91007e-15
5163.58  5.92496e-15
5165.02  5.94254e-15
5166.46  5.96337e-15
5167.91  5.98745e-15
5169.35  6.01418e-15
5170.79  6.0424e-15
5172.24  6.07059e-15
5173.68  6.09697e-15
5175.13  6.11974e-15
5176.57  6.13725e-15
5178.01  6.1482e-15
5179.46  6.15174e-15
5180.9   6.14754e-15
5182.34  6.13576e-15
5183.79  6.11705e-15
5185.23  6.09239e-15
5186.68  6.06292e-15
5188.12  6.02982e-15
5189.56  5.99413e-15
5191.01  5.95659e-15
5192.45  5.91764e-15
5193.9   5.8773e-15
5195.34  5.8353e-15
5196.78  5.79112e-15
5198.23  5.7441e-15
5199.67  5.6936e-15
5201.11  5.63912e-15
5202.56  5.58034e-15
5204     5.51727e-15
5205.45  5.45021e-15
5206.89  5.37978e-15
5208.33  5.30691e-15
5209.78  5.2328e-15
5211.22  5.15884e-15
5212.67  5.08653e-15
5214.11  5.01742e-15
5215.55  4.95296e-15
5217     4.89438e-15
5218.44  4.84254e-15
5219.88  4.79782e-15
5221.33  4.76006e-15
5222.77  4.72848e-15
5224.22  4.7018e-15
5225.66  4.67831e-15
5227.1   4.65609e-15
5228.55  4.63327e-15
5229.99  4.60823e-15
5231.44  4.57989e-15
5232.88  4.54781e-15
5234.32  4.51231e-15
5235.77  4.47438e-15
5237.21  4.43557e-15
5238.65  4.39776e-15
5240.1   4.36283e-15
5241.54  4.33245e-15
5242.99  4.30782e-15
5244.43  4.28949e-15
5245.87  4.27735e-15
5247.32  4.27065e-15
5248.76  4.26816e-15
5250.2   4.26838e-15
5251.65  4.26978e-15
5253.09  4.27105e-15
5254.54  4.27124e-15
5255.98  4.26992e-15
5257.42  4.26717e-15
5258.87  4.26356e-15
5260.31  4.25995e-15
5261.76  4.25734e-15
5263.2   4.25668e-15
5264.64  4.2586e-15
5266.09  4.26333e-15
5267.53  4.27056e-15
5268.97  4.27951e-15
5270.42  4.28897e-15
5271.86  4.29756e-15
5273.31  4.30392e-15
5274.75  4.30701e-15
5276.19  4.30628e-15
5277.64  4.30187e-15
5279.08  4.29461e-15
5280.53  4.28591e-15
5281.97  4.27755e-15
5283.41  4.27133e-15
5284.86  4.26879e-15
5286.3   4.27085e-15
5287.74  4.27763e-15
5289.19  4.28841e-15
5290.63  4.30172e-15
5292.08  4.31566e-15
5293.52  4.32826e-15
5294.96  4.33787e-15
5296.41  4.34354e-15
5297.85  4.34526e-15
5299.29  4.34392e-15
5300.74  4.34126e-15
5302.18  4.33946e-15
5303.63  4.34079e-15
5305.07  4.3471e-15
5306.51  4.3595e-15
5307.96  4.37812e-15
5309.4   4.40207e-15
5310.85  4.4296e-15
5312.29  4.45845e-15
5313.73  4.48624e-15
5315.18  4.51093e-15
5316.62  4.53115e-15
5318.06  4.54648e-15
5319.51  4.55742e-15
5320.95  4.56532e-15
5322.4   4.57203e-15
5323.84  4.57955e-15
5325.28  4.58962e-15
5326.73  4.60338e-15
5328.17  4.62113e-15
5329.62  4.64231e-15
5331.06  4.66557e-15
5332.5   4.68906e-15
5333.95  4.7107e-15
5335.39  4.72862e-15
5336.83  4.74144e-15
5338.28  4.74851e-15
5339.72  4.75e-15
5341.17  4.74686e-15
5342.61  4.7406e-15
5344.05  4.733e-15
5345.5   4.72581e-15
5346.94  4.72038e-15
5348.39  4.71746e-15
5349.83  4.71703e-15
5351.27  4.71833e-15
5352.72  4.72002e-15
5354.16  4.7204e-15
5355.6   4.71774e-15
5357.05  4.71062e-15
5358.49  4.69818e-15
5359.94  4.68031e-15
5361.38  4.6577e-15
5362.82  4.63175e-15
5364.27  4.60435e-15
5365.71  4.57762e-15
5367.15  4.55356e-15
5368.6   4.53373e-15
5370.04  4.51899e-15
5371.49  4.50939e-15
5372.93  4.50414e-15
5374.37  4.50173e-15
5375.82  4.5002e-15
5377.26  4.49743e-15
5378.71  4.49146e-15
5380.15  4.48081e-15
5381.59  4.46464e-15
5383.04  4.4429e-15
5384.48  4.41622e-15
5385.92  4.38581e-15
5387.37  4.35317e-15
5388.81  4.31982e-15
5390.26  4.28708e-15
5391.7   4.25579e-15
5393.14  4.22627e-15
5394.59  4.1983e-15
5396.03  4.17126e-15
5397.48  4.14426e-15
5398.92  4.11643e-15
5400.36  4.08713e-15
5401.81  4.05608e-15
5403.25  4.02346e-15
5404.69  3.98994e-15
5406.14  3.95648e-15
5407.58  3.92425e-15
5409.03  3.89436e-15
5410.47  3.8677e-15
5411.91  3.84476e-15
5413.36  3.82555e-15
5414.8   3.8096e-15
5416.25  3.79602e-15
5417.69  3.78364e-15
5419.13  3.77114e-15
5420.58  3.75723e-15
5422.02  3.74085e-15
5423.46  3.72124e-15
5424.91  3.69809e-15
5426.35  3.67157e-15
5427.8   3.64238e-15
5429.24  3.61168e-15
5430.68  3.58109e-15
5432.13  3.55251e-15
5433.57  3.52803e-15
5435.01  3.50965e-15
5436.46  3.49914e-15
5437.9   3.49779e-15
5439.35  3.5062e-15
5440.79  3.52421e-15
5442.23  3.55087e-15
5443.68  3.58447e-15
5445.12  3.62283e-15
5446.57  3.6635e-15
5448.01  3.70411e-15
5449.45  3.7427e-15
5450.9   3.77796e-15
5452.34  3.80939e-15
5453.78  3.8373e-15
5455.23  3.86271e-15
5456.67  3.88709e-15
5458.12  3.91209e-15
5459.56  3.93917e-15
5461     3.96936e-15
5462.45  4.00302e-15
5463.89  4.03982e-15
5465.34  4.07882e-15
5466.78  4.11863e-15
5468.22  4.15773e-15
5469.67  4.19482e-15
5471.11  4.22902e-15
5472.55  4.26019e-15
5474     4.28886e-15
5475.44  4.31626e-15
5476.89  4.34402e-15
5478.33  4.3739e-15
5479.77  4.40741e-15
5481.22  4.44555e-15
5482.66  4.48853e-15
5484.11  4.53579e-15
5485.55  4.58599e-15
5486.99  4.6373e-15
5488.44  4.68764e-15
5489.88  4.73507e-15
5491.32  4.77805e-15
5492.77  4.81568e-15
5494.21  4.84781e-15
5495.66  4.87501e-15
5497.1   4.89842e-15
5498.54  4.91958e-15
5499.99  4.9401e-15
5501.43  4.96141e-15
5502.87  4.98455e-15
5504.32  5.01e-15
5505.76  5.03763e-15
5507.21  5.06671e-15
5508.65  5.096e-15
5510.09  5.12396e-15
5511.54  5.14887e-15
5512.98  5.16908e-15
5514.43  5.18317e-15
5515.87  5.1901e-15
5517.31  5.18933e-15
5518.76  5.18086e-15
5520.2   5.16531e-15
5521.64  5.1439e-15
5523.09  5.11832e-15
5524.53  5.09071e-15
5525.98  5.06339e-15
5527.42  5.0387e-15
5528.86  5.01869e-15
5530.31  5.00491e-15
5531.75  4.99814e-15
5533.2   4.99826e-15
5534.64  5.00423e-15
5536.08  5.01419e-15
5537.53  5.02567e-15
5538.97  5.036e-15
5540.41  5.0427e-15
5541.86  5.04389e-15
5543.3   5.03868e-15
5544.75  5.02732e-15
5546.19  5.01132e-15
5547.63  4.99315e-15
5549.08  4.976e-15
5550.52  4.96317e-15
5551.97  4.95757e-15
5553.41  4.96118e-15
5554.85  4.97465e-15
5556.3   4.99712e-15
5557.74  5.02628e-15
5559.18  5.05867e-15
5560.63  5.0902e-15
5562.07  5.11684e-15
5563.52  5.13521e-15
5564.96  5.14323e-15
5566.4   5.14047e-15
5567.85  5.12825e-15
5569.29  5.1095e-15
5570.73  5.08831e-15
5572.18  5.06927e-15
5573.62  5.05677e-15
5575.07  5.05424e-15
5576.51  5.06364e-15
5577.95  5.08507e-15
5579.4   5.11682e-15
5580.84  5.15558e-15
5582.29  5.19699e-15
5583.73  5.23634e-15
5585.17  5.26931e-15
5586.62  5.29261e-15
5588.06  5.30445e-15
5589.5   5.30477e-15
5590.95  5.29512e-15
5592.39  5.27835e-15
5593.84  5.25802e-15
5595.28  5.23786e-15
5596.72  5.22106e-15
5598.17  5.20991e-15
5599.61  5.20545e-15
5601.06  5.20747e-15
5602.5   5.21472e-15
5603.94  5.22522e-15
5605.39  5.23673e-15
5606.83  5.24718e-15
5608.27  5.255e-15
5609.72  5.25934e-15
5611.16  5.26009e-15
5612.61  5.25778e-15
5614.05  5.25331e-15
5615.49  5.24769e-15
5616.94  5.24176e-15
5618.38  5.23595e-15
5619.83  5.23019e-15
5621.27  5.22389e-15
5622.71  5.21609e-15
5624.16  5.20565e-15
5625.6   5.19149e-15
5627.04  5.17282e-15
5628.49  5.14939e-15
5629.93  5.12154e-15
5631.38  5.09024e-15
5632.82  5.05701e-15
5634.26  5.02373e-15
5635.71  4.99239e-15
5637.15  4.96483e-15
5638.59  4.94247e-15
5640.04  4.92614e-15
5641.48  4.9159e-15
5642.93  4.91107e-15
5644.37  4.91028e-15
5645.81  4.91167e-15
5647.26  4.91311e-15
5648.7   4.91254e-15
5650.15  4.90818e-15
5651.59  4.89881e-15
5653.03  4.88392e-15
5654.48  4.86373e-15
5655.92  4.83916e-15
5657.36  4.81161e-15
5658.81  4.78276e-15
5660.25  4.75426e-15
5661.7   4.72745e-15
5663.14  4.70314e-15
5664.58  4.68147e-15
5666.03  4.66186e-15
5667.47  4.64317e-15
5668.92  4.62381e-15
5670.36  4.60208e-15
5671.8   4.57639e-15
5673.25  4.54563e-15
5674.69  4.5093e-15
5676.13  4.46765e-15
5677.58  4.42169e-15
5679.02  4.37302e-15
5680.47  4.32357e-15
5681.91  4.27539e-15
5683.35  4.23024e-15
5684.8   4.18939e-15
5686.24  4.15344e-15
5687.69  4.12222e-15
5689.13  4.09492e-15
5690.57  4.07019e-15
5692.02  4.04646e-15
5693.46  4.02216e-15
5694.9   3.99598e-15
5696.35  3.9671e-15
5697.79  3.93528e-15
5699.24  3.90084e-15
5700.68  3.86461e-15
5702.12  3.82771e-15
5703.57  3.79139e-15
5705.01  3.75673e-15
5706.45  3.72452e-15
5707.9   3.69507e-15
5709.34  3.6682e-15
5710.79  3.64325e-15
5712.23  3.61928e-15
5713.67  3.59521e-15
5715.12  3.57006e-15
5716.56  3.54321e-15
5718.01  3.51449e-15
5719.45  3.4843e-15
5720.89  3.4535e-15
5722.34  3.42333e-15
5723.78  3.39514e-15
5725.22  3.37014e-15
5726.67  3.34919e-15
5728.11  3.33265e-15
5729.56  3.3203e-15
5731     3.31144e-15
5732.44  3.30505e-15
5733.89  3.30006e-15
5735.33  3.29558e-15
5736.78  3.29112e-15
5738.22  3.28669e-15
5739.66  3.28283e-15
5741.11  3.2804e-15
5742.55  3.28043e-15
5743.99  3.28378e-15
5745.44  3.29089e-15
5746.88  3.30161e-15
5748.33  3.31517e-15
5749.77  3.33021e-15
5751.21  3.3451e-15
5752.66  3.35818e-15
5754.1   3.36816e-15
5755.54  3.37442e-15
5756.99  3.37713e-15
5758.43  3.37734e-15
5759.88  3.37676e-15
5761.32  3.37747e-15
5762.76  3.38156e-15
5764.21  3.39066e-15
5765.65  3.40564e-15
5767.1   3.4264e-15
5768.54  3.45185e-15
5769.98  3.48003e-15
5771.43  3.5085e-15
5772.87  3.53467e-15
5774.31  3.55627e-15
5775.76  3.57172e-15
5777.2   3.58039e-15
5778.65  3.58266e-15
5780.09  3.57982e-15
5781.53  3.57388e-15
5782.98  3.56718e-15
5784.42  3.56202e-15
5785.87  3.56035e-15
5787.31  3.56344e-15
5788.75  3.57181e-15
5790.2   3.58514e-15
5791.64  3.60247e-15
5793.08  3.62237e-15
5794.53  3.64318e-15
5795.97  3.66335e-15
5797.42  3.68157e-15
5798.86  3.69702e-15
5800.3   3.70938e-15
5801.75  3.71883e-15
5803.19  3.72602e-15
5804.64  3.73184e-15
5806.08  3.73733e-15
5807.52  3.74351e-15
5808.97  3.75121e-15
5810.41  3.76102e-15
5811.85  3.77318e-15
5813.3   3.78764e-15
5814.74  3.80401e-15
5816.19  3.82168e-15
5817.63  3.83987e-15
5819.07  3.85775e-15
5820.52  3.8745e-15
5821.96  3.88945e-15
5823.4   3.90217e-15
5824.85  3.91246e-15
5826.29  3.92049e-15
5827.74  3.92668e-15
5829.18  3.93176e-15
5830.62  3.93664e-15
5832.07  3.9423e-15
5833.51  3.9497e-15
5834.96  3.95963e-15
5836.4   3.97267e-15
5837.84  3.98903e-15
5839.29  4.00863e-15
5840.73  4.03103e-15
5842.17  4.05556e-15
5843.62  4.08137e-15
5845.06  4.10759e-15
5846.51  4.1334e-15
5847.95  4.15814e-15
5849.39  4.18141e-15
5850.84  4.20303e-15
5852.28  4.22306e-15
5853.73  4.24171e-15
5855.17  4.25926e-15
5856.61  4.27594e-15
5858.06  4.29188e-15
5859.5   4.30703e-15
5860.94  4.3212e-15
5862.39  4.33406e-15
5863.83  4.34533e-15
5865.28  4.35481e-15
5866.72  4.36257e-15
5868.16  4.36894e-15
5869.61  4.37462e-15
5871.05  4.38056e-15
5872.5   4.38783e-15
5873.94  4.39746e-15
5875.38  4.41024e-15
5876.83  4.42651e-15
5878.27  4.44607e-15
5879.71  4.46817e-15
5881.16  4.49156e-15
5882.6   4.5147e-15
5884.05  4.536e-15
5885.49  4.55409e-15
5886.93  4.56806e-15
5888.38  4.57767e-15
5889.82  4.58331e-15
5891.26  4.58602e-15
5892.71  4.58726e-15
5894.15  4.58865e-15
5895.6   4.5917e-15
5897.04  4.59755e-15
5898.48  4.60677e-15
5899.93  4.61929e-15
5901.37  4.63448e-15
5902.82  4.65121e-15
5904.26  4.66816e-15
5905.7   4.68398e-15
5907.15  4.69756e-15
5908.59  4.70815e-15
5910.03  4.71547e-15
5911.48  4.71973e-15
5912.92  4.72151e-15
5914.37  4.72169e-15
5915.81  4.72128e-15
5917.25  4.72127e-15
5918.7   4.72254e-15
5920.14  4.72574e-15
5921.59  4.73124e-15
5923.03  4.73909e-15
5924.47  4.74902e-15
5925.92  4.76043e-15
5927.36  4.77245e-15
5928.8   4.78398e-15
5930.25  4.79379e-15
5931.69  4.80058e-15
5933.14  4.80318e-15
5934.58  4.80067e-15
5936.02  4.79253e-15
5937.47  4.77879e-15
5938.91  4.76004e-15
5940.36  4.73751e-15
5941.8   4.71292e-15
5943.24  4.68833e-15
5944.69  4.66593e-15
5946.13  4.6477e-15
5947.57  4.63517e-15
5949.02  4.62921e-15
5950.46  4.62987e-15
5951.91  4.63635e-15
5953.35  4.64713e-15
5954.79  4.66019e-15
5956.24  4.67322e-15
5957.68  4.68405e-15
5959.12  4.69079e-15
5960.57  4.69216e-15
5962.01  4.68749e-15
5963.46  4.6767e-15
5964.9   4.66023e-15
5966.34  4.63875e-15
5967.79  4.61304e-15
5969.23  4.58371e-15
5970.68  4.55118e-15
5972.12  4.5156e-15
5973.56  4.47696e-15
5975.01  4.43521e-15
5976.45  4.39045e-15
5977.89  4.34306e-15
5979.34  4.29374e-15
5980.78  4.24358e-15
5982.23  4.19387e-15
5983.67  4.14594e-15
5985.11  4.10094e-15
5986.56  4.0596e-15
5988     4.02205e-15
5989.45  3.98776e-15
5990.89  3.95557e-15
5992.33  3.92384e-15
5993.78  3.89072e-15
5995.22  3.85443e-15
5996.66  3.81358e-15
5998.11  3.76738e-15
5999.55  3.7158e-15
6001     3.65954e-15
6002.44  3.59992e-15
6003.88  3.53867e-15
6005.33  3.47755e-15
6006.77  3.41816e-15
6008.22  3.36159e-15
6009.66  3.30828e-15
6011.1   3.258e-15
6012.55  3.20992e-15
6013.99  3.16277e-15
6015.43  3.1151e-15
6016.88  3.06559e-15
6018.32  3.01326e-15
6019.77  2.95766e-15
6021.21  2.89898e-15
6022.65  2.83802e-15
6024.1   2.77608e-15
6025.54  2.71481e-15
6026.98  2.65592e-15
6028.43  2.60098e-15
6029.87  2.55121e-15
6031.32  2.50727e-15
6032.76  2.46927e-15
6034.2   2.43666e-15
6035.65  2.40841e-15
6037.09  2.38307e-15
6038.54  2.35903e-15
6039.98  2.33466e-15
6041.42  2.30853e-15
6042.87  2.27957e-15
6044.31  2.24719e-15
6045.75  2.21127e-15
6047.2   2.17222e-15
6048.64  2.13087e-15
6050.09  2.08836e-15
6051.53  2.04598e-15
6052.97  2.00506e-15
6054.42  1.96679e-15
6055.86  1.93209e-15
6057.31  1.90154e-15
6058.75  1.8753e-15
6060.19  1.85316e-15
6061.64  1.83456e-15
6063.08  1.81867e-15
6064.52  1.80451e-15
6065.97  1.79105e-15
6067.41  1.77735e-15
6068.86  1.76264e-15
6070.3   1.74636e-15
6071.74  1.72824e-15
6073.19  1.70829e-15
6074.63  1.68676e-15
6076.08  1.66416e-15
6077.52  1.64116e-15
6078.96  1.61858e-15
6080.41  1.5973e-15
6081.85  1.57821e-15
6083.29  1.56212e-15
6084.74  1.54967e-15
6086.18  1.54126e-15
6087.63  1.5369e-15
6089.07  1.53623e-15
6090.51  1.53843e-15
6091.96  1.5423e-15
6093.4   1.5464e-15
6094.84  1.54919e-15
6096.29  1.54932e-15
6097.73  1.5458e-15
6099.18  1.53831e-15
6100.62  1.52726e-15
6102.06  1.51386e-15
6103.51  1.49995e-15
6104.95  1.48785e-15
6106.4   1.47991e-15
6107.84  1.47821e-15
6109.28  1.48418e-15
6110.73  1.49833e-15
6112.17  1.52015e-15
6113.61  1.54813e-15
6115.06  1.58004e-15
6116.5   1.61321e-15
6117.95  1.64501e-15
6119.39  1.67322e-15
6120.83  1.69637e-15
6122.28  1.71391e-15
6123.72  1.72624e-15
6125.17  1.73458e-15
6126.61  1.74066e-15
6128.05  1.74637e-15
6129.5   1.75342e-15
6130.94  1.763e-15
6132.38  1.77563e-15
6133.83  1.79111e-15
6135.27  1.80858e-15
6136.72  1.82679e-15
6138.16  1.84437e-15
6139.6   1.86014e-15
6141.05  1.87335e-15
6142.49  1.8839e-15
6143.94  1.89233e-15
6145.38  1.89983e-15
6146.82  1.90802e-15
6148.27  1.91872e-15
6149.71  1.9337e-15
6151.15  1.95446e-15
6152.6   1.98201e-15
6154.04  2.01676e-15
6155.49  2.05857e-15
6156.93  2.10669e-15
6158.37  2.15999e-15
6159.82  2.21701e-15
6161.26  2.27614e-15
6162.7   2.33576e-15
6164.15  2.39433e-15
6165.59  2.4505e-15
6167.04  2.50309e-15
6168.48  2.55124e-15
6169.92  2.59435e-15
6171.37  2.63216e-15
6172.81  2.66475e-15
6174.26  2.69259e-15
6175.7   2.71646e-15
6177.14  2.73748e-15
6178.59  2.75699e-15
6180.03  2.77646e-15
6181.47  2.79734e-15
6182.92  2.82092e-15
6184.36  2.84823e-15
6185.81  2.87989e-15
6187.25  2.91609e-15
6188.69  2.95657e-15
6190.14  3.00064e-15
6191.58  3.04733e-15
6193.03  3.09546e-15
6194.47  3.14379e-15
6195.91  3.19116e-15
6197.36  3.23662e-15
6198.8   3.27944e-15
6200.24  3.31923e-15
6201.69  3.35587e-15
6203.13  3.3895e-15
6204.58  3.42045e-15
6206.02  3.44914e-15
6207.46  3.47603e-15
6208.91  3.50154e-15
6210.35  3.52604e-15
6211.8   3.5498e-15
6213.24  3.57305e-15
6214.68  3.59601e-15
6216.13  3.61891e-15
6217.57  3.64205e-15
6219.01  3.66579e-15
6220.46  3.69055e-15
6221.9   3.71675e-15
6223.35  3.74472e-15
6224.79  3.77462e-15
6226.23  3.80632e-15
6227.68  3.8394e-15
6229.12  3.87306e-15
6230.56  3.90622e-15
6232.01  3.93763e-15
6233.45  3.96597e-15
6234.9   3.99011e-15
6236.34  4.00922e-15
6237.78  4.02302e-15
6239.23  4.03181e-15
6240.67  4.03653e-15
6242.12  4.03869e-15
6243.56  4.04021e-15
6245     4.04316e-15
6246.45  4.04953e-15
6247.89  4.06092e-15
6249.33  4.07828e-15
6250.78  4.10182e-15
6252.22  4.13092e-15
6253.67  4.16421e-15
6255.11  4.19981e-15
6256.55  4.23558e-15
6258     4.26943e-15
6259.44  4.29964e-15
6260.89  4.32508e-15
6262.33  4.34531e-15
6263.77  4.3606e-15
6265.22  4.3718e-15
6266.66  4.38012e-15
6268.1   4.38688e-15
6269.55  4.39325e-15
6270.99  4.40008e-15
6272.44  4.40774e-15
6273.88  4.41616e-15
6275.32  4.42484e-15
6276.77  4.43308e-15
6278.21  4.44011e-15
6279.65  4.44532e-15
6281.1   4.44839e-15
6282.54  4.44936e-15
6283.99  4.44868e-15
6285.43  4.44704e-15
6286.87  4.44529e-15
6288.32  4.44425e-15
6289.76  4.4445e-15
6291.21  4.44627e-15
6292.65  4.44938e-15
6294.09  4.45326e-15
6295.54  4.45705e-15
6296.98  4.45977e-15
6298.42  4.46051e-15
6299.87  4.45865e-15
6301.31  4.45397e-15
6302.76  4.44673e-15
6304.2   4.43761e-15
6305.64  4.42768e-15
6307.09  4.41814e-15
6308.53  4.41016e-15
6309.98  4.4047e-15
6311.42  4.40235e-15
6312.86  4.40326e-15
6314.31  4.40713e-15
6315.75  4.41334e-15
6317.19  4.42101e-15
6318.64  4.42923e-15
6320.08  4.43713e-15
6321.53  4.4441e-15
6322.97  4.44975e-15
6324.41  4.45405e-15
6325.86  4.45725e-15
6327.3   4.45982e-15
6328.75  4.46241e-15
6330.19  4.46574e-15
6331.63  4.47045e-15
6333.08  4.47704e-15
6334.52  4.48573e-15
6335.96  4.4964e-15
6337.41  4.50849e-15
6338.85  4.52106e-15
6340.3   4.5328e-15
6341.74  4.5422e-15
6343.18  4.54767e-15
6344.63  4.54784e-15
6346.07  4.54175e-15
6347.51  4.52904e-15
6348.96  4.5101e-15
6350.4   4.48609e-15
6351.85  4.45883e-15
6353.29  4.43062e-15
6354.73  4.40392e-15
6356.18  4.38107e-15
6357.62  4.36389e-15
6359.07  4.3535e-15
6360.51  4.35013e-15
6361.95  4.35312e-15
6363.4   4.36106e-15
6364.84  4.37199e-15
6366.28  4.38371e-15
6367.73  4.39411e-15
6369.17  4.40147e-15
6370.62  4.40465e-15
6372.06  4.4032e-15
6373.5   4.39742e-15
6374.95  4.38822e-15
6376.39  4.37695e-15
6377.84  4.36521e-15
6379.28  4.35458e-15
6380.72  4.34642e-15
6382.17  4.34168e-15
6383.61  4.34075e-15
6385.05  4.34344e-15
6386.5   4.34897e-15
6387.94  4.35606e-15
6389.39  4.36308e-15
6390.83  4.36825e-15
6392.27  4.36987e-15
6393.72  4.36658e-15
6395.16  4.3575e-15
6396.61  4.34244e-15
6398.05  4.32188e-15
6399.49  4.29695e-15
6400.94  4.26924e-15
6402.38  4.24061e-15
6403.82  4.21285e-15
6405.27  4.18747e-15
6406.71  4.16547e-15
6408.16  4.14726e-15
6409.6   4.13267e-15
6411.04  4.12109e-15
6412.49  4.11171e-15
6413.93  4.10371e-15
6415.37  4.09654e-15
6416.82  4.09003e-15
6418.26  4.08442e-15
6419.71  4.08029e-15
6421.15  4.07835e-15
6422.59  4.07922e-15
6424.04  4.08318e-15
6425.48  4.09002e-15
6426.93  4.09893e-15
6428.37  4.10859e-15
6429.81  4.11728e-15
6431.26  4.1232e-15
6432.7   4.1247e-15
6434.14  4.1206e-15
6435.59  4.11038e-15
6437.03  4.09427e-15
6438.48  4.0732e-15
6439.92  4.04869e-15
6441.36  4.02259e-15
6442.81  3.99676e-15
6444.25  3.97286e-15
6445.7   3.9521e-15
6447.14  3.93512e-15
6448.58  3.92198e-15
6450.03  3.91221e-15
6451.47  3.90498e-15
6452.91  3.89925e-15
6454.36  3.89399e-15
6455.8   3.88828e-15
6457.25  3.88144e-15
6458.69  3.87306e-15
6460.13  3.863e-15
6461.58  3.85134e-15
6463.02  3.83832e-15
6464.47  3.82431e-15
6465.91  3.80975e-15
6467.35  3.79513e-15
6468.8   3.78096e-15
6470.24  3.76777e-15
6471.68  3.75609e-15
6473.13  3.74643e-15
6474.57  3.73923e-15
6476.02  3.73483e-15
6477.46  3.7334e-15
6478.9   3.73488e-15
6480.35  3.73899e-15
6481.79  3.74518e-15
6483.23  3.75266e-15
6484.68  3.7605e-15
6486.12  3.76762e-15
6487.57  3.77298e-15
6489.01  3.7756e-15
6490.45  3.77473e-15
6491.9   3.76991e-15
6493.34  3.761e-15
6494.79  3.74829e-15
6496.23  3.7324e-15
6497.67  3.71432e-15
6499.12  3.69526e-15
6500.56  3.67654e-15
6502     3.65944e-15
6503.45  3.64501e-15
6504.89  3.6339e-15
6506.34  3.62627e-15
6507.78  3.6217e-15
6509.22  3.61922e-15
6510.67  3.61745e-15
6512.11  3.61475e-15
6513.56  3.60955e-15
6515     3.60054e-15
6516.44  3.58701e-15
6517.89  3.56893e-15
6519.33  3.54704e-15
6520.77  3.52273e-15
6522.22  3.49788e-15
6523.66  3.4745e-15
6525.11  3.45441e-15
6526.55  3.43898e-15
6527.99  3.42887e-15
6529.44  3.42393e-15
6530.88  3.42333e-15
6532.33  3.42567e-15
6533.77  3.42933e-15
6535.21  3.43274e-15
6536.66  3.43469e-15
6538.1   3.43449e-15
6539.54  3.43208e-15
6540.99  3.42792e-15
6542.43  3.42283e-15
6543.88  3.41776e-15
6545.32  3.41351e-15
6546.76  3.41054e-15
6548.21  3.40884e-15
6549.65  3.40797e-15
6551.09  3.40711e-15
6552.54  3.40533e-15
6553.98  3.40173e-15
6555.43  3.39574e-15
6556.87  3.38718e-15
6558.31  3.37638e-15
6559.76  3.36411e-15
6561.2   3.35142e-15
6562.65  3.33947e-15
6564.09  3.32931e-15
6565.53  3.32169e-15
6566.98  3.31694e-15
6568.42  3.31492e-15
6569.86  3.31503e-15
6571.31  3.31637e-15
6572.75  3.31786e-15
6574.2   3.31844e-15
6575.64  3.31724e-15
6577.08  3.31368e-15
6578.53  3.30759e-15
6579.97  3.29921e-15
6581.42  3.28909e-15
6582.86  3.27801e-15
6584.3   3.2668e-15
6585.75  3.2562e-15
6587.19  3.24669e-15
6588.63  3.2384e-15
6590.08  3.23108e-15
6591.52  3.22411e-15
6592.97  3.21663e-15
6594.41  3.20772e-15
6595.85  3.19658e-15
6597.3   3.18269e-15
6598.74  3.16602e-15
6600.19  3.147e-15
6601.63  3.12656e-15
6603.07  3.10601e-15
6604.52  3.08679e-15
6605.96  3.0703e-15
6607.4   3.05765e-15
6608.85  3.04946e-15
6610.29  3.04577e-15
6611.74  3.04601e-15
6613.18  3.04915e-15
6614.62  3.05385e-15
6616.07  3.0587e-15
6617.51  3.06244e-15
6618.95  3.0642e-15
6620.4   3.0636e-15
6621.84  3.06076e-15
6623.29  3.05624e-15
6624.73  3.05089e-15
6626.17  3.04567e-15
6627.62  3.04139e-15
6629.06  3.03864e-15
6630.51  3.03765e-15
6631.95  3.03829e-15
6633.39  3.04015e-15
6634.84  3.04269e-15
6636.28  3.04538e-15
6637.72  3.0478e-15
6639.17  3.04981e-15
6640.61  3.05151e-15
6642.06  3.0532e-15
6643.5   3.05531e-15
6644.94  3.05821e-15
6646.39  3.06209e-15
6647.83  3.06685e-15
6649.28  3.07208e-15
6650.72  3.07705e-15
6652.16  3.08086e-15
6653.61  3.08256e-15
6655.05  3.08134e-15
6656.49  3.07667e-15
6657.94  3.06841e-15
6659.38  3.05684e-15
6660.83  3.04261e-15
6662.27  3.02665e-15
6663.71  3.00998e-15
6665.16  2.99358e-15
6666.6   2.97821e-15
6668.05  2.96438e-15
6669.49  2.95225e-15
6670.93  2.94168e-15
6672.38  2.93234e-15
6673.82  2.92379e-15
6675.26  2.91562e-15
6676.71  2.90754e-15
6678.15  2.89945e-15
6679.6   2.89144e-15
6681.04  2.88376e-15
6682.48  2.87673e-15
6683.93  2.8707e-15
6685.37  2.86592e-15
6686.81  2.86249e-15
6688.26  2.86033e-15
6689.7   2.85921e-15
6691.15  2.85875e-15
6692.59  2.85849e-15
6694.03  2.85795e-15
6695.48  2.8567e-15
6696.92  2.85436e-15
6698.37  2.85067e-15
6699.81  2.84547e-15
6701.25  2.83868e-15
6702.7   2.83031e-15
6704.14  2.82047e-15
6705.58  2.80934e-15
6707.03  2.7972e-15
6708.47  2.78441e-15
6709.92  2.77145e-15
6711.36  2.7588e-15
6712.8   2.74701e-15
6714.25  2.73655e-15
6715.69  2.72779e-15
6717.14  2.72094e-15
6718.58  2.71605e-15
6720.02  2.71295e-15
6721.47  2.71135e-15
6722.91  2.71086e-15
6724.35  2.71107e-15
6725.8   2.71166e-15
6727.24  2.71244e-15
6728.69  2.7134e-15
6730.13  2.71472e-15
6731.57  2.71673e-15
6733.02  2.71985e-15
6734.46  2.72451e-15
6735.9   2.73105e-15
6737.35  2.73963e-15
6738.79  2.75018e-15
6740.24  2.76231e-15
6741.68  2.77535e-15
6743.12  2.78834e-15
6744.57  2.80008e-15
6746.01  2.80927e-15
6747.46  2.8146e-15
6748.9   2.81493e-15
6750.34  2.80944e-15
6751.79  2.79781e-15
6753.23  2.78031e-15
6754.67  2.75786e-15
6756.12  2.73203e-15
6757.56  2.70493e-15
6759.01  2.67897e-15
6760.45  2.65665e-15
6761.89  2.6402e-15
6763.34  2.63132e-15
6764.78  2.6309e-15
6766.23  2.63886e-15
6767.67  2.65412e-15
6769.11  2.67467e-15
6770.56  2.6978e-15
6772     2.72045e-15
6773.44  2.73952e-15
6774.89  2.75237e-15
6776.33  2.75705e-15
6777.78  2.75266e-15
6779.22  2.73941e-15
6780.66  2.71861e-15
6782.11  2.69252e-15
6783.55  2.66401e-15
6785     2.63624e-15
6786.44  2.61221e-15
6787.88  2.59441e-15
6789.33  2.58453e-15
6790.77  2.58322e-15
6792.21  2.59016e-15
6793.66  2.60404e-15
6795.1   2.62285e-15
6796.55  2.64416e-15
6797.99  2.6654e-15
6799.43  2.68423e-15
6800.88  2.69874e-15
6802.32  2.70767e-15
6803.76  2.71049e-15
6805.21  2.7074e-15
6806.65  2.69925e-15
6808.1   2.68738e-15
6809.54  2.67344e-15
6810.98  2.65921e-15
6812.43  2.64635e-15
6813.87  2.63622e-15
6815.32  2.62976e-15
6816.76  2.62735e-15
6818.2   2.62884e-15
6819.65  2.63352e-15
6821.09  2.6403e-15
6822.53  2.6478e-15
6823.98  2.65456e-15
6825.42  2.65923e-15
6826.87  2.66072e-15
6828.31  2.65835e-15
6829.75  2.65189e-15
6831.2   2.64158e-15
6832.64  2.62809e-15
6834.09  2.61245e-15
6835.53  2.59587e-15
6836.97  2.57963e-15
6838.42  2.56495e-15
6839.86  2.55283e-15
6841.3   2.54396e-15
6842.75  2.53865e-15
6844.19  2.53677e-15
6845.64  2.53785e-15
6847.08  2.54107e-15
6848.52  2.54543e-15
6849.97  2.54988e-15
6851.41  2.55351e-15
6852.86  2.55565e-15
6854.3   2.55603e-15
6855.74  2.5548e-15
6857.19  2.55251e-15
6858.63  2.54999e-15
6860.07  2.54824e-15
6861.52  2.54816e-15
6862.96  2.55041e-15
6864.41  2.55526e-15
6865.85  2.56247e-15
6867.29  2.57132e-15
6868.74  2.58067e-15
6870.18  2.58917e-15
6871.62  2.59546e-15
6873.07  2.59836e-15
6874.51  2.59708e-15
6875.96  2.59135e-15
6877.4   2.58144e-15
6878.84  2.56813e-15
6880.29  2.55259e-15
6881.73  2.53617e-15
6883.18  2.52029e-15
6884.62  2.50616e-15
6886.06  2.49472e-15
6887.51  2.48649e-15
6888.95  2.48156e-15
6890.39  2.47964e-15
6891.84  2.4801e-15
6893.28  2.48213e-15
6894.73  2.48483e-15
6896.17  2.48739e-15
6897.61  2.48913e-15
6899.06  2.48967e-15
6900.5   2.48892e-15
6901.95  2.48711e-15
6903.39  2.48476e-15
6904.83  2.48261e-15
6906.28  2.4815e-15
6907.72  2.48226e-15
6909.16  2.48556e-15
6910.61  2.49178e-15
6912.05  2.50097e-15
6913.5   2.51274e-15
6914.94  2.52633e-15
6916.38  2.54068e-15
6917.83  2.55454e-15
6919.27  2.56668e-15
6920.72  2.57602e-15
6922.16  2.5818e-15
6923.6   2.5837e-15
6925.05  2.58185e-15
6926.49  2.57685e-15
6927.93  2.56958e-15
6929.38  2.56115e-15
6930.82  2.55262e-15
6932.27  2.54491e-15
6933.71  2.53859e-15
6935.15  2.53387e-15
6936.6   2.53054e-15
6938.04  2.52807e-15
6939.48  2.52576e-15
6940.93  2.52287e-15
6942.37  2.51879e-15
6943.82  2.51319e-15
6945.26  2.50605e-15
6946.7   2.4977e-15
6948.15  2.48871e-15
6949.59  2.47979e-15
6951.04  2.47166e-15
6952.48  2.46491e-15
6953.92  2.45991e-15
6955.37  2.4568e-15
6956.81  2.45546e-15
6958.25  2.45557e-15
6959.7   2.45673e-15
6961.14  2.45847e-15
6962.59  2.46039e-15
6964.03  2.46209e-15
6965.47  2.4633e-15
6966.92  2.46374e-15
6968.36  2.4632e-15
6969.81  2.46148e-15
6971.25  2.4584e-15
6972.69  2.45381e-15
6974.14  2.44767e-15
6975.58  2.44003e-15
6977.02  2.43109e-15
6978.47  2.42126e-15
6979.91  2.41103e-15
6981.36  2.40103e-15
6982.8   2.39188e-15
6984.24  2.38409e-15
6985.69  2.378e-15
6987.13  2.3737e-15
6988.58  2.37099e-15
6990.02  2.36941e-15
6991.46  2.36832e-15
6992.91  2.36701e-15
6994.35  2.36479e-15
6995.79  2.3612e-15
6997.24  2.35601e-15
6998.68  2.34934e-15
7000.13  2.34158e-15
7001.57  2.3334e-15
7003.01  2.32559e-15
7004.46  2.31895e-15
7005.9   2.31418e-15
7007.34  2.31176e-15
7008.79  2.31194e-15
7010.23  2.31465e-15
7011.68  2.31962e-15
7013.12  2.3264e-15
7014.56  2.33441e-15
7016.01  2.34309e-15
7017.45  2.35191e-15
7018.9   2.36039e-15
7020.34  2.36819e-15
7021.78  2.37501e-15
7023.23  2.38061e-15
7024.67  2.38478e-15
7026.11  2.38733e-15
7027.56  2.38811e-15
7029     2.38701e-15
7030.45  2.38404e-15
7031.89  2.37938e-15
7033.33  2.3734e-15
7034.78  2.3667e-15
7036.22  2.36007e-15
7037.67  2.35441e-15
7039.11  2.35068e-15
7040.55  2.34968e-15
7042     2.35198e-15
7043.44  2.35781e-15
7044.88  2.36695e-15
7046.33  2.37873e-15
7047.77  2.39216e-15
7049.22  2.40598e-15
7050.66  2.41888e-15
7052.1   2.42966e-15
7053.55  2.43746e-15
7054.99  2.44183e-15
7056.44  2.44284e-15
7057.88  2.44106e-15
7059.32  2.43742e-15
7060.77  2.43311e-15
7062.21  2.42932e-15
7063.65  2.42701e-15
7065.1   2.4268e-15
7066.54  2.42878e-15
7067.99  2.43245e-15
7069.43  2.43687e-15
7070.87  2.44069e-15
7072.32  2.44246e-15
7073.76  2.44083e-15
7075.2   2.43481e-15
7076.65  2.42399e-15
7078.09  2.40863e-15
7079.54  2.38973e-15
7080.98  2.36891e-15
7082.42  2.34822e-15
7083.87  2.32993e-15
7085.31  2.31618e-15
7086.76  2.30874e-15
7088.2   2.30873e-15
7089.64  2.31648e-15
7091.09  2.33147e-15
7092.53  2.35238e-15
7093.97  2.37726e-15
7095.42  2.40376e-15
7096.86  2.42944e-15
7098.31  2.45202e-15
7099.75  2.46968e-15
7101.19  2.48123e-15
7102.64  2.4862e-15
7104.08  2.48484e-15
7105.53  2.47798e-15
7106.97  2.46692e-15
7108.41  2.45317e-15
7109.86  2.43825e-15
7111.3   2.4235e-15
7112.74  2.41e-15
7114.19  2.39847e-15
7115.63  2.38935e-15
7117.08  2.38282e-15
7118.52  2.37894e-15
7119.96  2.37769e-15
7121.41  2.37908e-15
7122.85  2.3831e-15
7124.3   2.38969e-15
7125.74  2.39866e-15
7127.18  2.40961e-15
7128.63  2.42181e-15
7130.07  2.43425e-15
7131.51  2.44564e-15
7132.96  2.45457e-15
7134.4   2.45966e-15
7135.85  2.45981e-15
7137.29  2.45434e-15
7138.73  2.4432e-15
7140.18  2.42697e-15
7141.62  2.40686e-15
7143.06  2.38455e-15
7144.51  2.362e-15
7145.95  2.34117e-15
7147.4   2.32379e-15
7148.84  2.31112e-15
7150.28  2.30379e-15
7151.73  2.30177e-15
7153.17  2.30437e-15
7154.62  2.31038e-15
7156.06  2.31825e-15
7157.5   2.32633e-15
7158.95  2.33309e-15
7160.39  2.33733e-15
7161.83  2.33834e-15
7163.28  2.33596e-15
7164.72  2.33057e-15
7166.17  2.32302e-15
7167.61  2.31444e-15
7169.05  2.30607e-15
7170.5   2.29906e-15
7171.94  2.29436e-15
7173.39  2.2925e-15
7174.83  2.29367e-15
7176.27  2.29765e-15
7177.72  2.30395e-15
7179.16  2.31189e-15
7180.6   2.32074e-15
7182.05  2.3298e-15
7183.49  2.33845e-15
7184.94  2.34621e-15
7186.38  2.35265e-15
7187.82  2.3574e-15
7189.27  2.36007e-15
7190.71  2.36022e-15
7192.15  2.35745e-15
7193.6   2.35137e-15
7195.04  2.34176e-15
7196.49  2.32862e-15
7197.93  2.31232e-15
7199.37  2.29358e-15
7200.82  2.27345e-15
7202.26  2.25325e-15
7203.71  2.23441e-15
7205.15  2.21828e-15
7206.59  2.20598e-15
7208.04  2.19825e-15
7209.48  2.1954e-15
7210.92  2.19727e-15
7212.37  2.20332e-15
7213.81  2.21273e-15
7215.26  2.2245e-15
7216.7   2.23759e-15
7218.14  2.251e-15
7219.59  2.26376e-15
7221.03  2.27502e-15
7222.48  2.28394e-15
7223.92  2.28978e-15
7225.36  2.29184e-15
7226.81  2.28955e-15
7228.25  2.28254e-15
7229.69  2.27074e-15
7231.14  2.25452e-15
7232.58  2.23465e-15
7234.03  2.21239e-15
7235.47  2.18936e-15
7236.91  2.16735e-15
7238.36  2.14814e-15
7239.8   2.13323e-15
7241.25  2.12364e-15
7242.69  2.11969e-15
7244.13  2.12102e-15
7245.58  2.12658e-15
7247.02  2.13483e-15
7248.46  2.14398e-15
7249.91  2.15225e-15
7251.35  2.15816e-15
7252.8   2.16071e-15
7254.24  2.15948e-15
7255.68  2.1547e-15
7257.13  2.14703e-15
7258.57  2.1375e-15
7260.01  2.12723e-15
7261.46  2.11725e-15
7262.9   2.10838e-15
7264.35  2.1011e-15
7265.79  2.09559e-15
7267.23  2.09173e-15
7268.68  2.08926e-15
7270.12  2.08782e-15
7271.57  2.08706e-15
7273.01  2.08671e-15
7274.45  2.08657e-15
7275.9   2.08652e-15
7277.34  2.08651e-15
7278.78  2.08651e-15
7280.23  2.0865e-15
7281.67  2.0865e-15