#14.533777695188743
3157.37  3.13418e-17
3159.44  3.63825e-17
3161.52  4.18279e-17
3163.59  4.76807e-17
3165.66  5.39395e-17
3167.74  6.05973e-17
3169.81  6.76408e-17
3171.89  7.50496e-17
3173.96  8.27949e-17
3176.03  9.08388e-17
3178.11  9.91337e-17
3180.18  1.07622e-16
3182.26  1.16235e-16
3184.33  1.24894e-16
3186.4   1.33512e-16
3188.48  1.41991e-16
3190.55  1.50225e-16
3192.63  1.58104e-16
3194.7   1.65512e-16
3196.77  1.72332e-16
3198.85  1.78448e-16
3200.92  1.83748e-16
3203     1.88125e-16
3205.07  1.91486e-16
3207.15  1.93749e-16
3209.22  1.94848e-16
3211.29  1.94738e-16
3213.37  1.93395e-16
3215.44  1.90819e-16
3217.52  1.87034e-16
3219.59  1.82093e-16
3221.66  1.76072e-16
3223.74  1.69076e-16
3225.81  1.61232e-16
3227.89  1.52689e-16
3229.96  1.43618e-16
3232.03  1.34202e-16
3234.11  1.24638e-16
3236.18  1.1513e-16
3238.26  1.05882e-16
3240.33  9.70951e-17
3242.41  8.89626e-17
3244.48  8.16629e-17
3246.55  7.53556e-17
3248.63  7.01765e-17
3250.7   6.62343e-17
3252.78  6.36064e-17
3254.85  6.23376e-17
3256.92  6.24376e-17
3259     6.38811e-17
3261.07  6.66085e-17
3263.15  7.0527e-17
3265.22  7.55134e-17
3267.29  8.14177e-17
3269.37  8.80675e-17
3271.44  9.52729e-17
3273.52  1.02832e-16
3275.59  1.10537e-16
3277.66  1.1818e-16
3279.74  1.2556e-16
3281.81  1.32488e-16
3283.89  1.38792e-16
3285.96  1.44324e-16
3288.04  1.48961e-16
3290.11  1.52611e-16
3292.18  1.55215e-16
3294.26  1.56745e-16
3296.33  1.57209e-16
3298.41  1.56645e-16
3300.48  1.55124e-16
3302.55  1.52743e-16
3304.63  1.49621e-16
3306.7   1.45899e-16
3308.78  1.4173e-16
3310.85  1.37275e-16
3312.92  1.32699e-16
3315     1.28164e-16
3317.07  1.23822e-16
3319.15  1.19816e-16
3321.22  1.16269e-16
3323.29  1.13283e-16
3325.37  1.10939e-16
3327.44  1.09291e-16
3329.52  1.08368e-16
3331.59  1.08174e-16
3333.67  1.08687e-16
3335.74  1.09863e-16
3337.81  1.11638e-16
3339.89  1.13933e-16
3341.96  1.16654e-16
3344.04  1.19699e-16
3346.11  1.22962e-16
3348.18  1.26337e-16
3350.26  1.2972e-16
3352.33  1.33016e-16
3354.41  1.3614e-16
3356.48  1.39023e-16
3358.55  1.41607e-16
3360.63  1.43853e-16
3362.7   1.45742e-16
3364.78  1.47267e-16
3366.85  1.48442e-16
3368.92  1.49293e-16
3371     1.49862e-16
3373.07  1.50199e-16
3375.15  1.50365e-16
3377.22  1.50423e-16
3379.3   1.50442e-16
3381.37  1.50487e-16
3383.44  1.50621e-16
3385.52  1.50902e-16
3387.59  1.51378e-16
3389.67  1.52089e-16
3391.74  1.53062e-16
3393.81  1.54312e-16
3395.89  1.55842e-16
3397.96  1.57644e-16
3400.04  1.59695e-16
3402.11  1.61963e-16
3404.18  1.64406e-16
3406.26  1.66973e-16
3408.33  1.69609e-16
3410.41  1.72252e-16
3412.48  1.7484e-16
3414.55  1.77309e-16
3416.63  1.79597e-16
3418.7   1.81646e-16
3420.78  1.83405e-16
3422.85  1.84826e-16
3424.93  1.85872e-16
3427     1.86514e-16
3429.07  1.86733e-16
3431.15  1.86519e-16
3433.22  1.85874e-16
3435.3   1.84808e-16
3437.37  1.83343e-16
3439.44  1.81509e-16
3441.52  1.79345e-16
3443.59  1.76897e-16
3445.67  1.74217e-16
3447.74  1.71363e-16
3449.81  1.68399e-16
3451.89  1.65389e-16
3453.96  1.62401e-16
3456.04  1.595e-16
3458.11  1.56754e-16
3460.19  1.54226e-16
3462.26  1.51976e-16
3464.33  1.50061e-16
3466.41  1.4853e-16
3468.48  1.47426e-16
3470.56  1.46784e-16
3472.63  1.46632e-16
3474.7   1.46987e-16
3476.78  1.47857e-16
3478.85  1.49239e-16
3480.93  1.51121e-16
3483     1.53482e-16
3485.07  1.56287e-16
3487.15  1.59495e-16
3489.22  1.63055e-16
3491.3   1.66909e-16
3493.37  1.7099e-16
3495.44  1.75228e-16
3497.52  1.79549e-16
3499.59  1.83875e-16
3501.67  1.88131e-16
3503.74  1.92241e-16
3505.82  1.96134e-16
3507.89  1.99745e-16
3509.96  2.03017e-16
3512.04  2.05901e-16
3514.11  2.0836e-16
3516.19  2.1037e-16
3518.26  2.11919e-16
3520.33  2.13008e-16
3522.41  2.13654e-16
3524.48  2.13887e-16
3526.56  2.13749e-16
3528.63  2.13294e-16
3530.7   2.12587e-16
3532.78  2.11702e-16
3534.85  2.10718e-16
3536.93  2.09717e-16
3539     2.08783e-16
3541.07  2.07997e-16
3543.15  2.07435e-16
3545.22  2.07167e-16
3547.3   2.0725e-16
3549.37  2.0773e-16
3551.45  2.08638e-16
3553.52  2.09989e-16
3555.59  2.1178e-16
3557.67  2.13992e-16
3559.74  2.16588e-16
3561.82  2.19512e-16
3563.89  2.22695e-16
3565.96  2.26055e-16
3568.04  2.29497e-16
3570.11  2.3292e-16
3572.19  2.36215e-16
3574.26  2.39275e-16
3576.33  2.41993e-16
3578.41  2.44268e-16
3580.48  2.46009e-16
3582.56  2.47138e-16
3584.63  2.47593e-16
3586.7   2.47329e-16
3588.78  2.46322e-16
3590.85  2.4457e-16
3592.93  2.42096e-16
3595     2.38941e-16
3597.08  2.35174e-16
3599.15  2.30881e-16
3601.22  2.26167e-16
3603.3   2.21157e-16
3605.37  2.15985e-16
3607.45  2.10799e-16
3609.52  2.05749e-16
3611.59  2.00989e-16
3613.67  1.96672e-16
3615.74  1.92941e-16
3617.82  1.8993e-16
3619.89  1.8776e-16
3621.96  1.86533e-16
3624.04  1.86329e-16
3626.11  1.87208e-16
3628.19  1.89203e-16
3630.26  1.92322e-16
3632.34  1.96548e-16
3634.41  2.01837e-16
3636.48  2.08122e-16
3638.56  2.15311e-16
3640.63  2.23293e-16
3642.71  2.3194e-16
3644.78  2.41109e-16
3646.85  2.50646e-16
3648.93  2.6039e-16
3651     2.70177e-16
3653.08  2.79845e-16
3655.15  2.89235e-16
3657.22  2.98198e-16
3659.3   3.06597e-16
3661.37  3.14309e-16
3663.45  3.21229e-16
3665.52  3.27272e-16
3667.59  3.32373e-16
3669.67  3.36489e-16
3671.74  3.396e-16
3673.82  3.41708e-16
3675.89  3.42835e-16
3677.97  3.43025e-16
3680.04  3.42339e-16
3682.11  3.40854e-16
3684.19  3.3866e-16
3686.26  3.35859e-16
3688.34  3.32557e-16
3690.41  3.2887e-16
3692.48  3.2491e-16
3694.56  3.20789e-16
3696.63  3.16616e-16
3698.71  3.1249e-16
3700.78  3.085e-16
3702.85  3.04725e-16
3704.93  3.01229e-16
3707     2.98059e-16
3709.08  2.9525e-16
3711.15  2.92818e-16
3713.22  2.90764e-16
3715.3   2.89074e-16
3717.37  2.87717e-16
3719.45  2.86654e-16
3721.52  2.85829e-16
3723.6   2.85182e-16
3725.67  2.84642e-16
3727.74  2.84136e-16
3729.82  2.83589e-16
3731.89  2.82926e-16
3733.97  2.82074e-16
3736.04  2.80966e-16
3738.11  2.79543e-16
3740.19  2.77755e-16
3742.26  2.75561e-16
3744.34  2.72933e-16
3746.41  2.69857e-16
3748.48  2.6633e-16
3750.56  2.62362e-16
3752.63  2.57977e-16
3754.71  2.5321e-16
3756.78  2.48107e-16
3758.85  2.42725e-16
3760.93  2.37127e-16
3763     2.31385e-16
3765.08  2.25574e-16
3767.15  2.19771e-16
3769.23  2.14056e-16
3771.3   2.08507e-16
3773.37  2.03198e-16
3775.45  1.98201e-16
3777.52  1.93581e-16
3779.6   1.89395e-16
3781.67  1.85693e-16
3783.74  1.82518e-16
3785.82  1.79903e-16
3787.89  1.77869e-16
3789.97  1.76433e-16
3792.04  1.756e-16
3794.11  1.75367e-16
3796.19  1.75726e-16
3798.26  1.76661e-16
3800.34  1.78151e-16
3802.41  1.80169e-16
3804.49  1.82688e-16
3806.56  1.85677e-16
3808.63  1.89103e-16
3810.71  1.92934e-16
3812.78  1.9714e-16
3814.86  2.0169e-16
3816.93  2.06556e-16
3819     2.11712e-16
3821.08  2.17134e-16
3823.15  2.22803e-16
3825.23  2.28698e-16
3827.3   2.34803e-16
3829.37  2.41104e-16
3831.45  2.47586e-16
3833.52  2.54238e-16
3835.6   2.61045e-16
3837.67  2.67994e-16
3839.74  2.75072e-16
3841.82  2.82262e-16
3843.89  2.89546e-16
3845.97  2.96906e-16
3848.04  3.04318e-16
3850.12  3.11759e-16
3852.19  3.19201e-16
3854.26  3.26618e-16
3856.34  3.33979e-16
3858.41  3.41253e-16
3860.49  3.48412e-16
3862.56  3.55423e-16
3864.63  3.62261e-16
3866.71  3.68898e-16
3868.78  3.75313e-16
3870.86  3.81487e-16
3872.93  3.87406e-16
3875     3.93063e-16
3877.08  3.98456e-16
3879.15  4.0359e-16
3881.23  4.08477e-16
3883.3   4.13133e-16
3885.37  4.17585e-16
3887.45  4.21863e-16
3889.52  4.26003e-16
3891.6   4.30046e-16
3893.67  4.34038e-16
3895.75  4.38026e-16
3897.82  4.42058e-16
3899.89  4.46186e-16
3901.97  4.50456e-16
3904.04  4.54914e-16
3906.12  4.59603e-16
3908.19  4.6456e-16
3910.26  4.69815e-16
3912.34  4.7539e-16
3914.41  4.81302e-16
3916.49  4.87556e-16
3918.56  4.94148e-16
3920.63  5.01065e-16
3922.71  5.08284e-16
3924.78  5.15771e-16
3926.86  5.23483e-16
3928.93  5.31371e-16
3931     5.39373e-16
3933.08  5.47424e-16
3935.15  5.55452e-16
3937.23  5.6338e-16
3939.3   5.71128e-16
3941.38  5.78615e-16
3943.45  5.85759e-16
3945.52  5.92481e-16
3947.6   5.98703e-16
3949.67  6.04353e-16
3951.75  6.09364e-16
3953.82  6.13677e-16
3955.89  6.1724e-16
3957.97  6.20011e-16
3960.04  6.21957e-16
3962.12  6.23057e-16
3964.19  6.233e-16
3966.26  6.22685e-16
3968.34  6.21224e-16
3970.41  6.18939e-16
3972.49  6.15861e-16
3974.56  6.12033e-16
3976.64  6.07506e-16
3978.71  6.0234e-16
3980.78  5.966e-16
3982.86  5.90359e-16
3984.93  5.83695e-16
3987.01  5.76689e-16
3989.08  5.69425e-16
3991.15  5.61987e-16
3993.23  5.54461e-16
3995.3   5.46928e-16
3997.38  5.39471e-16
3999.45  5.32164e-16
4001.52  5.2508e-16
4003.6   5.18285e-16
4005.67  5.11836e-16
4007.75  5.05784e-16
4009.82  5.00171e-16
4011.89  4.95029e-16
4013.97  4.90382e-16
4016.04  4.86242e-16
4018.12  4.82613e-16
4020.19  4.79487e-16
4022.27  4.76847e-16
4024.34  4.74667e-16
4026.41  4.72913e-16
4028.49  4.71542e-16
4030.56  4.70503e-16
4032.64  4.69742e-16
4034.71  4.69198e-16
4036.78  4.68808e-16
4038.86  4.68508e-16
4040.93  4.68232e-16
4043.01  4.67916e-16
4045.08  4.67501e-16
4047.15  4.66928e-16
4049.23  4.66148e-16
4051.3   4.65116e-16
4053.38  4.63796e-16
4055.45  4.62161e-16
4057.52  4.60194e-16
4059.6   4.57885e-16
4061.67  4.55236e-16
4063.75  4.52257e-16
4065.82  4.48969e-16
4067.9   4.454e-16
4069.97  4.41583e-16
4072.04  4.37561e-16
4074.12  4.33378e-16
4076.19  4.29082e-16
4078.27  4.24725e-16
4080.34  4.20354e-16
4082.41  4.16017e-16
4084.49  4.1176e-16
4086.56  4.07621e-16
4088.64  4.03635e-16
4090.71  3.99829e-16
4092.78  3.96222e-16
4094.86  3.92827e-16
4096.93  3.89648e-16
4099.01  3.86682e-16
4101.08  3.8392e-16
4103.15  3.81346e-16
4105.23  3.78938e-16
4107.3   3.76672e-16
4109.38  3.7452e-16
4111.45  3.72454e-16
4113.53  3.70447e-16
4115.6   3.68472e-16
4117.67  3.66507e-16
4119.75  3.64532e-16
4121.82  3.62536e-16
4123.9   3.60512e-16
4125.97  3.58458e-16
4128.04  3.56381e-16
4130.12  3.54294e-16
4132.19  3.52216e-16
4134.27  3.50172e-16
4136.34  3.48191e-16
4138.41  3.46307e-16
4140.49  3.44554e-16
4142.56  3.4297e-16
4144.64  3.41591e-16
4146.71  3.4045e-16
4148.78  3.39578e-16
4150.86  3.39003e-16
4152.93  3.38745e-16
4155.01  3.38819e-16
4157.08  3.39232e-16
4159.16  3.39985e-16
4161.23  3.41069e-16
4163.3   3.4247e-16
4165.38  3.44165e-16
4167.45  3.46125e-16
4169.53  3.48315e-16
4171.6   3.50694e-16
4173.67  3.53221e-16
4175.75  3.55849e-16
4177.82  3.58532e-16
4179.9   3.61224e-16
4181.97  3.63881e-16
4184.04  3.6646e-16
4186.12  3.68926e-16
4188.19  3.71245e-16
4190.27  3.73392e-16
4192.34  3.75345e-16
4194.42  3.7709e-16
4196.49  3.78622e-16
4198.56  3.79939e-16
4200.64  3.81047e-16
4202.71  3.81956e-16
4204.79  3.82683e-16
4206.86  3.83247e-16
4208.93  3.83672e-16
4211.01  3.8398e-16
4213.08  3.84199e-16
4215.16  3.84353e-16
4217.23  3.84467e-16
4219.3   3.84561e-16
4221.38  3.84656e-16
4223.45  3.84768e-16
4225.53  3.84908e-16
4227.6   3.85085e-16
4229.67  3.85303e-16
4231.75  3.85561e-16
4233.82  3.85857e-16
4235.9   3.86182e-16
4237.97  3.86528e-16
4240.05  3.86883e-16
4242.12  3.87233e-16
4244.19  3.87566e-16
4246.27  3.87869e-16
4248.34  3.88129e-16
4250.42  3.88335e-16
4252.49  3.8848e-16
4254.56  3.88558e-16
4256.64  3.88566e-16
4258.71  3.88506e-16
4260.79  3.88381e-16
4262.86  3.88198e-16
4264.93  3.87969e-16
4267.01  3.87705e-16
4269.08  3.87421e-16
4271.16  3.87133e-16
4273.23  3.86859e-16
4275.3   3.86614e-16
4277.38  3.86414e-16
4279.45  3.86273e-16
4281.53  3.86203e-16
4283.6   3.86214e-16
4285.68  3.86309e-16
4287.75  3.8649e-16
4289.82  3.86754e-16
4291.9   3.87094e-16
4293.97  3.87497e-16
4296.05  3.87947e-16
4298.12  3.88424e-16
4300.19  3.88904e-16
4302.27  3.89359e-16
4304.34  3.89761e-16
4306.42  3.9008e-16
4308.49  3.90284e-16
4310.56  3.90343e-16
4312.64  3.90227e-16
4314.71  3.89909e-16
4316.79  3.89365e-16
4318.86  3.88575e-16
4320.94  3.87522e-16
4323.01  3.86195e-16
4325.08  3.8459e-16
4327.16  3.82706e-16
4329.23  3.80548e-16
4331.31  3.78129e-16
4333.38  3.75465e-16
4335.45  3.72578e-16
4337.53  3.69493e-16
4339.6   3.66242e-16
4341.68  3.62855e-16
4343.75  3.59369e-16
4345.82  3.55819e-16
4347.9   3.52242e-16
4349.97  3.48674e-16
4352.05  3.45149e-16
4354.12  3.41699e-16
4356.19  3.38353e-16
4358.27  3.35138e-16
4360.34  3.32073e-16
4362.42  3.29177e-16
4364.49  3.26461e-16
4366.57  3.23934e-16
4368.64  3.21598e-16
4370.71  3.19452e-16
4372.79  3.17491e-16
4374.86  3.15705e-16
4376.94  3.14084e-16
4379.01  3.12612e-16
4381.08  3.11274e-16
4383.16  3.10053e-16
4385.23  3.08934e-16
4387.31  3.07899e-16
4389.38  3.06934e-16
4391.45  3.06027e-16
4393.53  3.05166e-16
4395.6   3.04345e-16
4397.68  3.03559e-16
4399.75  3.02807e-16
4401.82  3.0209e-16
4403.9   3.01414e-16
4405.97  3.00788e-16
4408.05  3.00223e-16
4410.12  2.99731e-16
4412.2   2.99329e-16
4414.27  2.99033e-16
4416.34  2.98858e-16
4418.42  2.98824e-16
4420.49  2.98944e-16
4422.57  2.99236e-16
4424.64  2.99711e-16
4426.71  3.00382e-16
4428.79  3.01255e-16
4430.86  3.02336e-16
4432.94  3.03628e-16
4435.01  3.0513e-16
4437.08  3.06837e-16
4439.16  3.08741e-16
4441.23  3.10834e-16
4443.31  3.13102e-16
4445.38  3.15532e-16
4447.45  3.18107e-16
4449.53  3.20812e-16
4451.6   3.2363e-16
4453.68  3.26546e-16
4455.75  3.29544e-16
4457.83  3.32612e-16
4459.9   3.3574e-16
4461.97  3.38921e-16
4464.05  3.4215e-16
4466.12  3.45429e-16
4468.2   3.48762e-16
4470.27  3.52158e-16
4472.34  3.5563e-16
4474.42  3.59196e-16
4476.49  3.62878e-16
4478.57  3.66702e-16
4480.64  3.70698e-16
4482.71  3.74899e-16
4484.79  3.7934e-16
4486.86  3.84059e-16
4488.94  3.89094e-16
4491.01  3.94485e-16
4493.09  4.0027e-16
4495.16  4.06489e-16
4497.23  4.13178e-16
4499.31  4.2037e-16
4501.38  4.28096e-16
4503.46  4.36382e-16
4505.53  4.45251e-16
4507.6   4.5472e-16
4509.68  4.64799e-16
4511.75  4.75493e-16
4513.83  4.86801e-16
4515.9   4.98714e-16
4517.97  5.11217e-16
4520.05  5.24288e-16
4522.12  5.37897e-16
4524.2   5.52009e-16
4526.27  5.66583e-16
4528.34  5.81571e-16
4530.42  5.96919e-16
4532.49  6.12573e-16
4534.57  6.28469e-16
4536.64  6.44547e-16
4538.72  6.60739e-16
4540.79  6.76981e-16
4542.86  6.93206e-16
4544.94  7.09351e-16
4547.01  7.25354e-16
4549.09  7.41156e-16
4551.16  7.56704e-16
4553.23  7.71948e-16
4555.31  7.86845e-16
4557.38  8.01358e-16
4559.46  8.15457e-16
4561.53  8.29116e-16
4563.6   8.42319e-16
4565.68  8.55054e-16
4567.75  8.67316e-16
4569.83  8.79104e-16
4571.9   8.90421e-16
4573.97  9.01274e-16
4576.05  9.11669e-16
4578.12  9.21616e-16
4580.2   9.31122e-16
4582.27  9.40193e-16
4584.35  9.4883e-16
4586.42  9.5703e-16
4588.49  9.64784e-16
4590.57  9.72078e-16
4592.64  9.78889e-16
4594.72  9.85187e-16
4596.79  9.90933e-16
4598.86  9.96083e-16
4600.94  1.00058e-15
4603.01  1.00438e-15
4605.09  1.0074e-15
4607.16  1.00959e-15
4609.23  1.01087e-15
4611.31  1.01117e-15
4613.38  1.01043e-15
4615.46  1.00859e-15
4617.53  1.00557e-15
4619.6   1.00134e-15
4621.68  9.95857e-16
4623.75  9.89083e-16
4625.83  9.81006e-16
4627.9   9.71623e-16
4629.98  9.60946e-16
4632.05  9.49004e-16
4634.12  9.35839e-16
4636.2   9.21514e-16
4638.27  9.06102e-16
4640.35  8.89693e-16
4642.42  8.72392e-16
4644.49  8.54312e-16
4646.57  8.35579e-16
4648.64  8.16328e-16
4650.72  7.96697e-16
4652.79  7.7683e-16
4654.86  7.56872e-16
4656.94  7.36966e-16
4659.01  7.17254e-16
4661.09  6.9787e-16
4663.16  6.7894e-16
4665.23  6.60582e-16
4667.31  6.42902e-16
4669.38  6.25992e-16
4671.46  6.09929e-16
4673.53  5.94777e-16
4675.61  5.80582e-16
4677.68  5.67374e-16
4679.75  5.55168e-16
4681.83  5.43962e-16
4683.9   5.33738e-16
4685.98  5.24466e-16
4688.05  5.16102e-16
4690.12  5.08589e-16
4692.2   5.01862e-16
4694.27  4.95848e-16
4696.35  4.90467e-16
4698.42  4.85636e-16
4700.49  4.81271e-16
4702.57  4.77288e-16
4704.64  4.73605e-16
4706.72  4.70147e-16
4708.79  4.66843e-16
4710.87  4.63633e-16
4712.94  4.60464e-16
4715.01  4.57297e-16
4717.09  4.54104e-16
4719.16  4.50868e-16
4721.24  4.47588e-16
4723.31  4.44272e-16
4725.38  4.40946e-16
4727.46  4.37642e-16
4729.53  4.34407e-16
4731.61  4.31297e-16
4733.68  4.28375e-16
4735.75  4.25712e-16
4737.83  4.23383e-16
4739.9   4.21465e-16
4741.98  4.20036e-16
4744.05  4.19175e-16
4746.12  4.18953e-16
4748.2   4.19439e-16
4750.27  4.20692e-16
4752.35  4.22764e-16
4754.42  4.25694e-16
4756.5   4.2951e-16
4758.57  4.34225e-16
4760.64  4.39839e-16
4762.72  4.46337e-16
4764.79  4.53689e-16
4766.87  4.6185e-16
4768.94  4.70758e-16
4771.01  4.80341e-16
4773.09  4.90512e-16
4775.16  5.01171e-16
4777.24  5.12211e-16
4779.31  5.23514e-16
4781.38  5.34958e-16
4783.46  5.46417e-16
4785.53  5.57761e-16
4787.61  5.68863e-16
4789.68  5.79599e-16
4791.75  5.89851e-16
4793.83  5.99508e-16
4795.9   6.08469e-16
4797.98  6.16647e-16
4800.05  6.23967e-16
4802.13  6.30372e-16
4804.2   6.35819e-16
4806.27  6.40284e-16
4808.35  6.43761e-16
4810.42  6.4626e-16
4812.5   6.47811e-16
4814.57  6.48458e-16
4816.64  6.48264e-16
4818.72  6.47303e-16
4820.79  6.45662e-16
4822.87  6.43437e-16
4824.94  6.40735e-16
4827.01  6.37664e-16
4829.09  6.34338e-16
4831.16  6.3087e-16
4833.24  6.2737e-16
4835.31  6.23945e-16
4837.39  6.20696e-16
4839.46  6.17713e-16
4841.53  6.15077e-16
4843.61  6.12861e-16
4845.68  6.11121e-16
4847.76  6.09904e-16
4849.83  6.09244e-16
4851.9   6.09162e-16
4853.98  6.0967e-16
4856.05  6.10765e-16
4858.13  6.1244e-16
4860.2   6.14677e-16
4862.27  6.17453e-16
4864.35  6.2074e-16
4866.42  6.24506e-16
4868.5   6.28721e-16
4870.57  6.33351e-16
4872.64  6.38368e-16
4874.72  6.43742e-16
4876.79  6.49449e-16
4878.87  6.55469e-16
4880.94  6.61783e-16
4883.02  6.68379e-16
4885.09  6.75247e-16
4887.16  6.82379e-16
4889.24  6.89768e-16
4891.31  6.97408e-16
4893.39  7.05292e-16
4895.46  7.1341e-16
4897.53  7.21748e-16
4899.61  7.30286e-16
4901.68  7.38997e-16
4903.76  7.47847e-16
4905.83  7.56793e-16
4907.9   7.65781e-16
4909.98  7.74751e-16
4912.05  7.83629e-16
4914.13  7.92336e-16
4916.2   8.00784e-16
4918.27  8.08878e-16
4920.35  8.16517e-16
4922.42  8.236e-16
4924.5   8.30023e-16
4926.57  8.35682e-16
4928.65  8.4048e-16
4930.72  8.44325e-16
4932.79  8.47134e-16
4934.87  8.48834e-16
4936.94  8.49366e-16
4939.02  8.48686e-16
4941.09  8.46765e-16
4943.16  8.43594e-16
4945.24  8.3918e-16
4947.31  8.33549e-16
4949.39  8.26745e-16
4951.46  8.18827e-16
4953.53  8.09875e-16
4955.61  7.99979e-16
4957.68  7.89243e-16
4959.76  7.77782e-16
4961.83  7.65719e-16
4963.9   7.5318e-16
4965.98  7.40297e-16
4968.05  7.27198e-16
4970.13  7.14012e-16
4972.2   7.00858e-16
4974.28  6.87851e-16
4976.35  6.75094e-16
4978.42  6.62678e-16
4980.5   6.50684e-16
4982.57  6.39174e-16
4984.65  6.282e-16
4986.72  6.17796e-16
4988.79  6.07984e-16
4990.87  5.9877e-16
4992.94  5.90148e-16
4995.02  5.821e-16
4997.09  5.74598e-16
4999.16  5.67607e-16
5001.24  5.61082e-16
5003.31  5.54976e-16
5005.39  5.4924e-16
5007.46  5.43822e-16
5009.53  5.38672e-16
5011.61  5.33743e-16
5013.68  5.28992e-16
5015.76  5.24379e-16
5017.83  5.19873e-16
5019.91  5.15448e-16
5021.98  5.11083e-16
5024.05  5.06769e-16
5026.13  5.02497e-16
5028.2   4.9827e-16
5030.28  4.94092e-16
5032.35  4.89974e-16
5034.42  4.85929e-16
5036.5   4.81972e-16
5038.57  4.78122e-16
5040.65  4.74393e-16
5042.72  4.70803e-16
5044.79  4.67364e-16
5046.87  4.64087e-16
5048.94  4.60978e-16
5051.02  4.5804e-16
5053.09  4.5527e-16
5055.17  4.52661e-16
5057.24  4.50201e-16
5059.31  4.47874e-16
5061.39  4.4566e-16
5063.46  4.43535e-16
5065.54  4.41473e-16
5067.61  4.39447e-16
5069.68  4.3743e-16
5071.76  4.35393e-16
5073.83  4.33311e-16
5075.91  4.31159e-16
5077.98  4.28919e-16
5080.05  4.26574e-16
5082.13  4.24113e-16
5084.2   4.21531e-16
5086.28  4.18829e-16
5088.35  4.16013e-16
5090.42  4.13097e-16
5092.5   4.10099e-16
5094.57  4.07042e-16
5096.65  4.03958e-16
5098.72  4.00879e-16
5100.8   3.97842e-16
5102.87  3.94888e-16
5104.94  3.92057e-16
5107.02  3.89391e-16
5109.09  3.86931e-16
5111.17  3.84717e-16
5113.24  3.82785e-16
5115.31  3.81169e-16
5117.39  3.79896e-16
5119.46  3.7899e-16
5121.54  3.78468e-16
5123.61  3.7834e-16
5125.68  3.78611e-16
5127.76  3.79278e-16
5129.83  3.80332e-16
5131.91  3.81756e-16
5133.98  3.83529e-16
5136.05  3.85622e-16
5138.13  3.88003e-16
5140.2   3.90635e-16
5142.28  3.93478e-16
5144.35  3.96489e-16
5146.43  3.99624e-16
5148.5   4.02839e-16
5150.57  4.06088e-16
5152.65  4.09331e-16
5154.72  4.12526e-16
5156.8   4.15637e-16
5158.87  4.1863e-16
5160.94  4.21477e-16
5163.02  4.24154e-16
5165.09  4.26641e-16
5167.17  4.28925e-16
5169.24  4.30998e-16
5171.31  4.32855e-16
5173.39  4.34498e-16
5175.46  4.35933e-16
5177.54  4.37168e-16
5179.61  4.38216e-16
5181.68  4.39092e-16
5183.76  4.39811e-16
5185.83  4.40392e-16
5187.91  4.40853e-16
5189.98  4.4121e-16
5192.06  4.41481e-16
5194.13  4.41682e-16
5196.2   4.41827e-16
5198.28  4.41929e-16
5200.35  4.41998e-16
5202.43  4.42043e-16
5204.5   4.42071e-16
5206.57  4.42088e-16
5208.65  4.42098e-16
5210.72  4.42103e-16
5212.8   4.42105e-16
5214.87  4.42107e-16
5216.94  4.42107e-16
5219.02  4.42107e-16
5221.09  4.42107e-16
5223.17  4.42107e-16
5225.24  4.42107e-16
5227.32  4.42107e-16
5229.39  4.42107e-16