#2.7375650048656888
3663.22  4.93095e-15
3664.69  4.86674e-15
3666.17  4.79874e-15
3667.65  4.7274e-15
3669.12  4.65323e-15
3670.6   4.57677e-15
3672.08  4.4986e-15
3673.56  4.41934e-15
3675.03  4.3396e-15
3676.51  4.25999e-15
3677.99  4.18114e-15
3679.46  4.10364e-15
3680.94  4.02807e-15
3682.42  3.95497e-15
3683.9   3.88486e-15
3685.37  3.81821e-15
3686.85  3.75541e-15
3688.33  3.69685e-15
3689.8   3.64282e-15
3691.28  3.59359e-15
3692.76  3.54932e-15
3694.24  3.51017e-15
3695.71  3.47619e-15
3697.19  3.4474e-15
3698.67  3.42376e-15
3700.14  3.40517e-15
3701.62  3.39147e-15
3703.1   3.38248e-15
3704.58  3.37795e-15
3706.05  3.3776e-15
3707.53  3.38113e-15
3709.01  3.38818e-15
3710.48  3.39839e-15
3711.96  3.41138e-15
3713.44  3.42677e-15
3714.92  3.44415e-15
3716.39  3.46314e-15
3717.87  3.48335e-15
3719.35  3.50443e-15
3720.82  3.52604e-15
3722.3   3.54787e-15
3723.78  3.56968e-15
3725.25  3.59123e-15
3726.73  3.61237e-15
3728.21  3.63298e-15
3729.69  3.65304e-15
3731.16  3.67254e-15
3732.64  3.69159e-15
3734.12  3.71035e-15
3735.59  3.72902e-15
3737.07  3.74791e-15
3738.55  3.76737e-15
3740.03  3.7878e-15
3741.5   3.80967e-15
3742.98  3.83348e-15
3744.46  3.85976e-15
3745.93  3.88908e-15
3747.41  3.92199e-15
3748.89  3.95907e-15
3750.37  4.00087e-15
3751.84  4.04788e-15
3753.32  4.1006e-15
3754.8   4.15942e-15
3756.27  4.22467e-15
3757.75  4.29662e-15
3759.23  4.37539e-15
3760.71  4.46103e-15
3762.18  4.55345e-15
3763.66  4.65245e-15
3765.14  4.75767e-15
3766.61  4.86865e-15
3768.09  4.98477e-15
3769.57  5.10529e-15
3771.05  5.22935e-15
3772.52  5.35598e-15
3774     5.48409e-15
3775.48  5.61251e-15
3776.95  5.74e-15
3778.43  5.86528e-15
3779.91  5.98702e-15
3781.38  6.10389e-15
3782.86  6.21458e-15
3784.34  6.31782e-15
3785.82  6.41241e-15
3787.29  6.49722e-15
3788.77  6.57126e-15
3790.25  6.63366e-15
3791.72  6.68371e-15
3793.2   6.72085e-15
3794.68  6.74474e-15
3796.16  6.7552e-15
3797.63  6.75227e-15
3799.11  6.73619e-15
3800.59  6.70738e-15
3802.06  6.66649e-15
3803.54  6.6143e-15
3805.02  6.5518e-15
3806.5   6.4801e-15
3807.97  6.40044e-15
3809.45  6.31417e-15
3810.93  6.22269e-15
3812.4   6.12744e-15
3813.88  6.0299e-15
3815.36  5.93149e-15
3816.84  5.83362e-15
3818.31  5.73758e-15
3819.79  5.6446e-15
3821.27  5.55575e-15
3822.74  5.47198e-15
3824.22  5.39407e-15
3825.7   5.32263e-15
3827.17  5.2581e-15
3828.65  5.20076e-15
3830.13  5.15071e-15
3831.61  5.10788e-15
3833.08  5.07208e-15
3834.56  5.04298e-15
3836.04  5.02015e-15
3837.51  5.00309e-15
3838.99  4.99125e-15
3840.47  4.98403e-15
3841.95  4.98087e-15
3843.42  4.9812e-15
3844.9   4.98454e-15
3846.38  4.99046e-15
3847.85  4.99864e-15
3849.33  5.00886e-15
3850.81  5.02102e-15
3852.29  5.03514e-15
3853.76  5.05138e-15
3855.24  5.07e-15
3856.72  5.09137e-15
3858.19  5.11597e-15
3859.67  5.14434e-15
3861.15  5.17706e-15
3862.63  5.21478e-15
3864.1   5.2581e-15
3865.58  5.30764e-15
3867.06  5.36392e-15
3868.53  5.42741e-15
3870.01  5.49848e-15
3871.49  5.57734e-15
3872.97  5.66408e-15
3874.44  5.75862e-15
3875.92  5.86072e-15
3877.4   5.96995e-15
3878.87  6.08572e-15
3880.35  6.20726e-15
3881.83  6.33365e-15
3883.3   6.46384e-15
3884.78  6.59664e-15
3886.26  6.73077e-15
3887.74  6.86486e-15
3889.21  6.99754e-15
3890.69  7.12738e-15
3892.17  7.25298e-15
3893.64  7.37299e-15
3895.12  7.48613e-15
3896.6   7.59122e-15
3898.08  7.68719e-15
3899.55  7.77314e-15
3901.03  7.84831e-15
3902.51  7.9121e-15
3903.98  7.96411e-15
3905.46  8.00412e-15
3906.94  8.03209e-15
3908.42  8.04816e-15
3909.89  8.05264e-15
3911.37  8.04601e-15
3912.85  8.02887e-15
3914.32  8.00197e-15
3915.8   7.96618e-15
3917.28  7.92242e-15
3918.76  7.87173e-15
3920.23  7.81515e-15
3921.71  7.75379e-15
3923.19  7.68874e-15
3924.66  7.62107e-15
3926.14  7.55186e-15
3927.62  7.48212e-15
3929.1   7.41279e-15
3930.57  7.34476e-15
3932.05  7.27884e-15
3933.53  7.21574e-15
3935     7.15608e-15
3936.48  7.10039e-15
3937.96  7.04909e-15
3939.43  7.00252e-15
3940.91  6.96089e-15
3942.39  6.92435e-15
3943.87  6.89294e-15
3945.34  6.86662e-15
3946.82  6.84525e-15
3948.3   6.82863e-15
3949.77  6.81649e-15
3951.25  6.8085e-15
3952.73  6.80427e-15
3954.21  6.80334e-15
3955.68  6.80524e-15
3957.16  6.80946e-15
3958.64  6.81545e-15
3960.11  6.82264e-15
3961.59  6.83048e-15
3963.07  6.83838e-15
3964.55  6.84579e-15
3966.02  6.85214e-15
3967.5   6.85692e-15
3968.98  6.85962e-15
3970.45  6.8598e-15
3971.93  6.85704e-15
3973.41  6.85099e-15
3974.89  6.84137e-15
3976.36  6.82796e-15
3977.84  6.81061e-15
3979.32  6.78927e-15
3980.79  6.76394e-15
3982.27  6.73475e-15
3983.75  6.70187e-15
3985.23  6.66558e-15
3986.7   6.62625e-15
3988.18  6.5843e-15
3989.66  6.54024e-15
3991.13  6.49465e-15
3992.61  6.44815e-15
3994.09  6.40142e-15
3995.56  6.35515e-15
3997.04  6.3101e-15
3998.52  6.26698e-15
4000     6.22653e-15
4001.47  6.18948e-15
4002.95  6.1565e-15
4004.43  6.12823e-15
4005.9   6.10528e-15
4007.38  6.08814e-15
4008.86  6.07728e-15
4010.34  6.07305e-15
4011.81  6.07573e-15
4013.29  6.08549e-15
4014.77  6.10241e-15
4016.24  6.12647e-15
4017.72  6.15758e-15
4019.2   6.19552e-15
4020.68  6.24e-15
4022.15  6.29065e-15
4023.63  6.34704e-15
4025.11  6.40865e-15
4026.58  6.47493e-15
4028.06  6.54529e-15
4029.54  6.61911e-15
4031.02  6.69574e-15
4032.49  6.77454e-15
4033.97  6.85489e-15
4035.45  6.93615e-15
4036.92  7.01776e-15
4038.4   7.09915e-15
4039.88  7.17981e-15
4041.35  7.25931e-15
4042.83  7.33723e-15
4044.31  7.41323e-15
4045.79  7.48705e-15
4047.26  7.55845e-15
4048.74  7.62728e-15
4050.22  7.69344e-15
4051.69  7.75686e-15
4053.17  7.81753e-15
4054.65  7.8755e-15
4056.13  7.93081e-15
4057.6   7.98357e-15
4059.08  8.03387e-15
4060.56  8.08183e-15
4062.03  8.12758e-15
4063.51  8.17122e-15
4064.99  8.21286e-15
4066.47  8.25258e-15
4067.94  8.29044e-15
4069.42  8.32649e-15
4070.9   8.36073e-15
4072.37  8.39313e-15
4073.85  8.42365e-15
4075.33  8.4522e-15
4076.81  8.47867e-15
4078.28  8.50291e-15
4079.76  8.52478e-15
4081.24  8.54409e-15
4082.71  8.56066e-15
4084.19  8.57429e-15
4085.67  8.58481e-15
4087.15  8.59202e-15
4088.62  8.59579e-15
4090.1   8.59596e-15
4091.58  8.59243e-15
4093.05  8.58515e-15
4094.53  8.57408e-15
4096.01  8.55926e-15
4097.48  8.54074e-15
4098.96  8.51866e-15
4100.44  8.49319e-15
4101.92  8.46456e-15
4103.39  8.43302e-15
4104.87  8.39891e-15
4106.35  8.36255e-15
4107.82  8.32433e-15
4109.3   8.28463e-15
4110.78  8.24387e-15
4112.26  8.20242e-15
4113.73  8.1607e-15
4115.21  8.11905e-15
4116.69  8.07782e-15
4118.16  8.0373e-15
4119.64  7.99772e-15
4121.12  7.95927e-15
4122.6   7.92209e-15
4124.07  7.88622e-15
4125.55  7.85166e-15
4127.03  7.81835e-15
4128.5   7.78616e-15
4129.98  7.75491e-15
4131.46  7.72437e-15
4132.94  7.69428e-15
4134.41  7.66436e-15
4135.89  7.63431e-15
4137.37  7.60385e-15
4138.84  7.57271e-15
4140.32  7.54063e-15
4141.8   7.50744e-15
4143.28  7.47299e-15
4144.75  7.43721e-15
4146.23  7.40012e-15
4147.71  7.36181e-15
4149.18  7.32245e-15
4150.66  7.28232e-15
4152.14  7.24175e-15
4153.61  7.20118e-15
4155.09  7.1611e-15
4156.57  7.12208e-15
4158.05  7.0847e-15
4159.52  7.0496e-15
4161     7.0174e-15
4162.48  6.98875e-15
4163.95  6.96422e-15
4165.43  6.94437e-15
4166.91  6.92968e-15
4168.39  6.92053e-15
4169.86  6.91722e-15
4171.34  6.91992e-15
4172.82  6.92866e-15
4174.29  6.94337e-15
4175.77  6.9638e-15
4177.25  6.9896e-15
4178.73  7.02025e-15
4180.2   7.05512e-15
4181.68  7.09346e-15
4183.16  7.1344e-15
4184.63  7.177e-15
4186.11  7.22024e-15
4187.59  7.26305e-15
4189.07  7.30436e-15
4190.54  7.34308e-15
4192.02  7.37814e-15
4193.5   7.40852e-15
4194.97  7.43329e-15
4196.45  7.45159e-15
4197.93  7.46267e-15
4199.41  7.46591e-15
4200.88  7.46084e-15
4202.36  7.44711e-15
4203.84  7.42455e-15
4205.31  7.39313e-15
4206.79  7.35298e-15
4208.27  7.30437e-15
4209.74  7.24773e-15
4211.22  7.18358e-15
4212.7   7.1126e-15
4214.18  7.03553e-15
4215.65  6.95321e-15
4217.13  6.86652e-15
4218.61  6.7764e-15
4220.08  6.6838e-15
4221.56  6.58966e-15
4223.04  6.4949e-15
4224.52  6.40041e-15
4225.99  6.30701e-15
4227.47  6.21547e-15
4228.95  6.12645e-15
4230.42  6.04054e-15
4231.9   5.95823e-15
4233.38  5.8799e-15
4234.86  5.80583e-15
4236.33  5.73621e-15
4237.81  5.6711e-15
4239.29  5.6105e-15
4240.76  5.55431e-15
4242.24  5.50236e-15
4243.72  5.45442e-15
4245.2   5.4102e-15
4246.67  5.36936e-15
4248.15  5.33154e-15
4249.63  5.29637e-15
4251.1   5.26348e-15
4252.58  5.23247e-15
4254.06  5.203e-15
4255.53  5.17472e-15
4257.01  5.14733e-15
4258.49  5.12056e-15
4259.97  5.09419e-15
4261.44  5.06803e-15
4262.92  5.04193e-15
4264.4   5.0158e-15
4265.87  4.98958e-15
4267.35  4.96325e-15
4268.83  4.93682e-15
4270.31  4.91032e-15
4271.78  4.88382e-15
4273.26  4.85739e-15
4274.74  4.8311e-15
4276.21  4.80503e-15
4277.69  4.77926e-15
4279.17  4.75384e-15
4280.65  4.72883e-15
4282.12  4.70424e-15
4283.6   4.68008e-15
4285.08  4.65633e-15
4286.55  4.63293e-15
4288.03  4.60981e-15
4289.51  4.58688e-15
4290.99  4.56404e-15
4292.46  4.54116e-15
4293.94  4.51811e-15
4295.42  4.49477e-15
4296.89  4.47102e-15
4298.37  4.44675e-15
4299.85  4.42189e-15
4301.33  4.39638e-15
4302.8   4.37021e-15
4304.28  4.34341e-15
4305.76  4.31605e-15
4307.23  4.28827e-15
4308.71  4.26024e-15
4310.19  4.23219e-15
4311.66  4.20442e-15
4313.14  4.17724e-15
4314.62  4.15105e-15
4316.1   4.12624e-15
4317.57  4.10328e-15
4319.05  4.08261e-15
4320.53  4.06471e-15
4322     4.05005e-15
4323.48  4.03909e-15
4324.96  4.03226e-15
4326.44  4.02996e-15
4327.91  4.03254e-15
4329.39  4.04029e-15
4330.87  4.05344e-15
4332.34  4.07212e-15
4333.82  4.09641e-15
4335.3   4.1263e-15
4336.78  4.16168e-15
4338.25  4.20236e-15
4339.73  4.24806e-15
4341.21  4.29844e-15
4342.68  4.35305e-15
4344.16  4.4114e-15
4345.64  4.47293e-15
4347.12  4.53706e-15
4348.59  4.60313e-15
4350.07  4.67051e-15
4351.55  4.73853e-15
4353.02  4.80653e-15
4354.5   4.87389e-15
4355.98  4.94e-15
4357.46  5.00433e-15
4358.93  5.06636e-15
4360.41  5.12567e-15
4361.89  5.18191e-15
4363.36  5.2348e-15
4364.84  5.28417e-15
4366.32  5.32989e-15
4367.79  5.37198e-15
4369.27  5.41048e-15
4370.75  5.44556e-15
4372.23  5.47745e-15
4373.7   5.50643e-15
4375.18  5.53288e-15
4376.66  5.55718e-15
4378.13  5.57978e-15
4379.61  5.60115e-15
4381.09  5.62177e-15
4382.57  5.64212e-15
4384.04  5.66267e-15
4385.52  5.68388e-15
4387     5.70614e-15
4388.47  5.72983e-15
4389.95  5.75527e-15
4391.43  5.7827e-15
4392.91  5.81232e-15
4394.38  5.84422e-15
4395.86  5.87844e-15
4397.34  5.91495e-15
4398.81  5.9536e-15
4400.29  5.99421e-15
4401.77  6.0365e-15
4403.25  6.08012e-15
4404.72  6.12468e-15
4406.2   6.1697e-15
4407.68  6.2147e-15
4409.15  6.25911e-15
4410.63  6.30239e-15
4412.11  6.34393e-15
4413.59  6.38317e-15
4415.06  6.41952e-15
4416.54  6.45242e-15
4418.02  6.48135e-15
4419.49  6.50582e-15
4420.97  6.52541e-15
4422.45  6.53973e-15
4423.92  6.5485e-15
4425.4   6.55148e-15
4426.88  6.54852e-15
4428.36  6.53959e-15
4429.83  6.52469e-15
4431.31  6.50396e-15
4432.79  6.4776e-15
4434.26  6.44591e-15
4435.74  6.40928e-15
4437.22  6.36816e-15
4438.7   6.32307e-15
4440.17  6.27462e-15
4441.65  6.22346e-15
4443.13  6.17029e-15
4444.6   6.11582e-15
4446.08  6.06082e-15
4447.56  6.00605e-15
4449.04  5.95229e-15
4450.51  5.90029e-15
4451.99  5.85078e-15
4453.47  5.80446e-15
4454.94  5.762e-15
4456.42  5.72401e-15
4457.9   5.69102e-15
4459.38  5.66352e-15
4460.85  5.6419e-15
4462.33  5.6265e-15
4463.81  5.61754e-15
4465.28  5.6152e-15
4466.76  5.61952e-15
4468.24  5.6305e-15
4469.71  5.64802e-15
4471.19  5.67191e-15
4472.67  5.7019e-15
4474.15  5.73764e-15
4475.62  5.77874e-15
4477.1   5.82473e-15
4478.58  5.8751e-15
4480.05  5.92927e-15
4481.53  5.98665e-15
4483.01  6.04662e-15
4484.49  6.10852e-15
4485.96  6.17171e-15
4487.44  6.23554e-15
4488.92  6.29936e-15
4490.39  6.36255e-15
4491.87  6.42451e-15
4493.35  6.48468e-15
4494.83  6.54254e-15
4496.3   6.59762e-15
4497.78  6.64948e-15
4499.26  6.69779e-15
4500.73  6.74222e-15
4502.21  6.78255e-15
4503.69  6.81861e-15
4505.17  6.85029e-15
4506.64  6.87756e-15
4508.12  6.90044e-15
4509.6   6.91901e-15
4511.07  6.93341e-15
4512.55  6.94385e-15
4514.03  6.95054e-15
4515.51  6.95378e-15
4516.98  6.95386e-15
4518.46  6.95112e-15
4519.94  6.94589e-15
4521.41  6.93853e-15
4522.89  6.92939e-15
4524.37  6.91879e-15
4525.84  6.90707e-15
4527.32  6.89451e-15
4528.8   6.88138e-15
4530.28  6.8679e-15
4531.75  6.85427e-15
4533.23  6.84061e-15
4534.71  6.82703e-15
4536.18  6.81359e-15
4537.66  6.80028e-15
4539.14  6.78709e-15
4540.62  6.77393e-15
4542.09  6.7607e-15
4543.57  6.74728e-15
4545.05  6.73351e-15
4546.52  6.71925e-15
4548     6.70431e-15
4549.48  6.68854e-15
4550.96  6.67178e-15
4552.43  6.65392e-15
4553.91  6.63482e-15
4555.39  6.61443e-15
4556.86  6.59269e-15
4558.34  6.56961e-15
4559.82  6.54523e-15
4561.3   6.51964e-15
4562.77  6.49295e-15
4564.25  6.46535e-15
4565.73  6.43703e-15
4567.2   6.40825e-15
4568.68  6.37928e-15
4570.16  6.3504e-15
4571.64  6.32195e-15
4573.11  6.29423e-15
4574.59  6.26758e-15
4576.07  6.24232e-15
4577.54  6.21876e-15
4579.02  6.19718e-15
4580.5   6.17786e-15
4581.97  6.16101e-15
4583.45  6.14684e-15
4584.93  6.1355e-15
4586.41  6.12711e-15
4587.88  6.12171e-15
4589.36  6.11933e-15
4590.84  6.11995e-15
4592.31  6.12349e-15
4593.79  6.12982e-15
4595.27  6.13879e-15
4596.75  6.15022e-15
4598.22  6.16386e-15
4599.7   6.17947e-15
4601.18  6.19677e-15
4602.65  6.21548e-15
4604.13  6.23529e-15
4605.61  6.2559e-15
4607.09  6.277e-15
4608.56  6.29829e-15
4610.04  6.31948e-15
4611.52  6.34031e-15
4612.99  6.3605e-15
4614.47  6.37983e-15
4615.95  6.39809e-15
4617.43  6.41507e-15
4618.9   6.43064e-15
4620.38  6.44463e-15
4621.86  6.45696e-15
4623.33  6.46751e-15
4624.81  6.47624e-15
4626.29  6.48308e-15
4627.77  6.48802e-15
4629.24  6.49104e-15
4630.72  6.49214e-15
4632.2   6.49132e-15
4633.67  6.4886e-15
4635.15  6.48399e-15
4636.63  6.47751e-15
4638.1   6.46918e-15
4639.58  6.459e-15
4641.06  6.447e-15
4642.54  6.43316e-15
4644.01  6.4175e-15
4645.49  6.40001e-15
4646.97  6.38068e-15
4648.44  6.3595e-15
4649.92  6.33648e-15
4651.4   6.31159e-15
4652.88  6.28486e-15
4654.35  6.25629e-15
4655.83  6.2259e-15
4657.31  6.19373e-15
4658.78  6.15985e-15
4660.26  6.12432e-15
4661.74  6.08724e-15
4663.22  6.04873e-15
4664.69  6.00894e-15
4666.17  5.96804e-15
4667.65  5.92621e-15
4669.12  5.88366e-15
4670.6   5.84063e-15
4672.08  5.79735e-15
4673.56  5.75409e-15
4675.03  5.71111e-15
4676.51  5.66868e-15
4677.99  5.62706e-15
4679.46  5.58652e-15
4680.94  5.5473e-15
4682.42  5.50963e-15
4683.89  5.47373e-15
4685.37  5.43978e-15
4686.85  5.40793e-15
4688.33  5.37832e-15
4689.8   5.35105e-15
4691.28  5.32616e-15
4692.76  5.30369e-15
4694.23  5.28363e-15
4695.71  5.26595e-15
4697.19  5.25059e-15
4698.67  5.23746e-15
4700.14  5.22644e-15
4701.62  5.21743e-15
4703.1   5.21027e-15
4704.57  5.20483e-15
4706.05  5.20097e-15
4707.53  5.19854e-15
4709.01  5.19741e-15
4710.48  5.19746e-15
4711.96  5.19858e-15
4713.44  5.20067e-15
4714.91  5.20365e-15
4716.39  5.20747e-15
4717.87  5.21207e-15
4719.35  5.21744e-15
4720.82  5.22355e-15
4722.3   5.2304e-15
4723.78  5.23797e-15
4725.25  5.24629e-15
4726.73  5.25533e-15
4728.21  5.26509e-15
4729.69  5.27555e-15
4731.16  5.28667e-15
4732.64  5.29839e-15
4734.12  5.31063e-15
4735.59  5.32328e-15
4737.07  5.33619e-15
4738.55  5.34922e-15
4740.02  5.36215e-15
4741.5   5.37477e-15
4742.98  5.38684e-15
4744.46  5.39809e-15
4745.93  5.40823e-15
4747.41  5.41697e-15
4748.89  5.42401e-15
4750.36  5.42906e-15
4751.84  5.43183e-15
4753.32  5.43205e-15
4754.8   5.42948e-15
4756.27  5.42389e-15
4757.75  5.41511e-15
4759.23  5.40302e-15
4760.7   5.38752e-15
4762.18  5.3686e-15
4763.66  5.34629e-15
4765.14  5.32068e-15
4766.61  5.29191e-15
4768.09  5.26022e-15
4769.57  5.22585e-15
4771.04  5.18915e-15
4772.52  5.15048e-15
4774     5.11026e-15
4775.48  5.06895e-15
4776.95  5.02703e-15
4778.43  4.98499e-15
4779.91  4.94334e-15
4781.38  4.9026e-15
4782.86  4.86324e-15
4784.34  4.82576e-15
4785.82  4.79058e-15
4787.29  4.7581e-15
4788.77  4.72868e-15
4790.25  4.70262e-15
4791.72  4.68014e-15
4793.2   4.66141e-15
4794.68  4.64654e-15
4796.15  4.63556e-15
4797.63  4.62841e-15
4799.11  4.625e-15
4800.59  4.62515e-15
4802.06  4.62862e-15
4803.54  4.63512e-15
4805.02  4.64432e-15
4806.49  4.65584e-15
4807.97  4.66927e-15
4809.45  4.68419e-15
4810.93  4.70014e-15
4812.4   4.71668e-15
4813.88  4.73337e-15
4815.36  4.74978e-15
4816.83  4.7655e-15
4818.31  4.78015e-15
4819.79  4.79338e-15
4821.27  4.80488e-15
4822.74  4.81438e-15
4824.22  4.82166e-15
4825.7   4.82653e-15
4827.17  4.82888e-15
4828.65  4.8286e-15
4830.13  4.82565e-15
4831.61  4.82003e-15
4833.08  4.81177e-15
4834.56  4.80092e-15
4836.04  4.7876e-15
4837.51  4.7719e-15
4838.99  4.75397e-15
4840.47  4.73396e-15
4841.95  4.71202e-15
4843.42  4.68832e-15
4844.9   4.66303e-15
4846.38  4.63631e-15
4847.85  4.60832e-15
4849.33  4.57922e-15
4850.81  4.54914e-15
4852.28  4.51823e-15
4853.76  4.48661e-15
4855.24  4.45439e-15
4856.72  4.42168e-15
4858.19  4.38857e-15
4859.67  4.35516e-15
4861.15  4.32152e-15
4862.62  4.28773e-15
4864.1   4.25388e-15
4865.58  4.22004e-15
4867.06  4.18629e-15
4868.53  4.15272e-15
4870.01  4.11943e-15
4871.49  4.08652e-15
4872.96  4.0541e-15
4874.44  4.02231e-15
4875.92  3.99129e-15
4877.4   3.9612e-15
4878.87  3.9322e-15
4880.35  3.90449e-15
4881.83  3.87827e-15
4883.3   3.85376e-15
4884.78  3.83117e-15
4886.26  3.81074e-15
4887.74  3.79272e-15
4889.21  3.77733e-15
4890.69  3.76482e-15
4892.17  3.75541e-15
4893.64  3.74933e-15
4895.12  3.74677e-15
4896.6   3.74791e-15
4898.07  3.75289e-15
4899.55  3.76184e-15
4901.03  3.77483e-15
4902.51  3.79189e-15
4903.98  3.81299e-15
4905.46  3.83808e-15
4906.94  3.86702e-15
4908.41  3.89962e-15
4909.89  3.93565e-15
4911.37  3.97479e-15
4912.85  4.0167e-15
4914.32  4.06095e-15
4915.8   4.10709e-15
4917.28  4.15459e-15
4918.75  4.20292e-15
4920.23  4.25148e-15
4921.71  4.29968e-15
4923.19  4.34691e-15
4924.66  4.39256e-15
4926.14  4.43601e-15
4927.62  4.4767e-15
4929.09  4.51408e-15
4930.57  4.54764e-15
4932.05  4.57695e-15
4933.53  4.60162e-15
4935     4.62136e-15
4936.48  4.63594e-15
4937.96  4.64523e-15
4939.43  4.64919e-15
4940.91  4.64787e-15
4942.39  4.64142e-15
4943.87  4.63007e-15
4945.34  4.61415e-15
4946.82  4.59406e-15
4948.3   4.57027e-15
4949.77  4.54332e-15
4951.25  4.51379e-15
4952.73  4.48229e-15
4954.2   4.44947e-15
4955.68  4.41598e-15
4957.16  4.38246e-15
4958.64  4.34953e-15
4960.11  4.31778e-15
4961.59  4.28774e-15
4963.07  4.25989e-15
4964.54  4.23463e-15
4966.02  4.21231e-15
4967.5   4.19317e-15
4968.98  4.17736e-15
4970.45  4.16496e-15
4971.93  4.15594e-15
4973.41  4.1502e-15
4974.88  4.14755e-15
4976.36  4.14774e-15
4977.84  4.15043e-15
4979.32  4.15523e-15
4980.79  4.16173e-15
4982.27  4.16946e-15
4983.75  4.17795e-15
4985.22  4.18671e-15
4986.7   4.19525e-15
4988.18  4.20313e-15
4989.66  4.20991e-15
4991.13  4.21521e-15
4992.61  4.21867e-15
4994.09  4.22003e-15
4995.56  4.21906e-15
4997.04  4.21561e-15
4998.52  4.20959e-15
5000     4.20099e-15
5001.47  4.18987e-15
5002.95  4.17634e-15
5004.43  4.16059e-15
5005.9   4.14283e-15
5007.38  4.12336e-15
5008.86  4.1025e-15
5010.33  4.08059e-15
5011.81  4.058e-15
5013.29  4.03512e-15
5014.77  4.01233e-15
5016.24  3.99002e-15
5017.72  3.96854e-15
5019.2   3.94825e-15
5020.67  3.92946e-15
5022.15  3.91244e-15
5023.63  3.89744e-15
5025.11  3.88466e-15
5026.58  3.87424e-15
5028.06  3.8663e-15
5029.54  3.86088e-15
5031.01  3.85799e-15
5032.49  3.85761e-15
5033.97  3.85965e-15
5035.45  3.86401e-15
5036.92  3.87052e-15
5038.4   3.87901e-15
5039.88  3.88929e-15
5041.35  3.90113e-15
5042.83  3.9143e-15
5044.31  3.92856e-15
5045.79  3.94368e-15
5047.26  3.95943e-15
5048.74  3.97558e-15
5050.22  3.99194e-15
5051.69  4.00831e-15
5053.17  4.02454e-15
5054.65  4.0405e-15
5056.13  4.05607e-15
5057.6   4.07119e-15
5059.08  4.08582e-15
5060.56  4.09994e-15
5062.03  4.11357e-15
5063.51  4.12676e-15
5064.99  4.13958e-15
5066.46  4.15213e-15
5067.94  4.16453e-15
5069.42  4.1769e-15
5070.9   4.18939e-15
5072.37  4.20214e-15
5073.85  4.2153e-15
5075.33  4.22903e-15
5076.8   4.24345e-15
5078.28  4.2587e-15
5079.76  4.27489e-15
5081.24  4.29211e-15
5082.71  4.31044e-15
5084.19  4.32991e-15
5085.67  4.35055e-15
5087.14  4.37236e-15
5088.62  4.39531e-15
5090.1   4.41933e-15
5091.58  4.44435e-15
5093.05  4.47027e-15
5094.53  4.49697e-15
5096.01  4.5243e-15
5097.48  4.55211e-15
5098.96  4.58024e-15
5100.44  4.60853e-15
5101.92  4.63681e-15
5103.39  4.6649e-15
5104.87  4.69264e-15
5106.35  4.7199e-15
5107.82  4.74651e-15
5109.3   4.77236e-15
5110.78  4.79733e-15
5112.25  4.82134e-15
5113.73  4.8443e-15
5115.21  4.86617e-15
5116.69  4.8869e-15
5118.16  4.90647e-15
5119.64  4.92487e-15
5121.12  4.94212e-15
5122.59  4.95822e-15
5124.07  4.9732e-15
5125.55  4.98709e-15
5127.03  4.99992e-15
5128.5   5.01173e-15
5129.98  5.02254e-15
5131.46  5.03237e-15
5132.93  5.04123e-15
5134.41  5.04914e-15
5135.89  5.05608e-15
5137.37  5.06204e-15
5138.84  5.06699e-15
5140.32  5.07089e-15
5141.8   5.07368e-15
5143.27  5.07532e-15
5144.75  5.07573e-15
5146.23  5.07484e-15
5147.71  5.0726e-15
5149.18  5.06893e-15
5150.66  5.06376e-15
5152.14  5.05704e-15
5153.61  5.04872e-15
5155.09  5.03878e-15
5156.57  5.0272e-15
5158.05  5.01398e-15
5159.52  4.99913e-15
5161     4.98272e-15
5162.48  4.96479e-15
5163.95  4.94543e-15
5165.43  4.92477e-15
5166.91  4.90291e-15
5168.38  4.88002e-15
5169.86  4.85626e-15
5171.34  4.83181e-15
5172.82  4.80685e-15
5174.29  4.78161e-15
5175.77  4.75627e-15
5177.25  4.73105e-15
5178.72  4.70617e-15
5180.2   4.68182e-15
5181.68  4.6582e-15
5183.16  4.6355e-15
5184.63  4.61389e-15
5186.11  4.59353e-15
5187.59  4.57455e-15
5189.06  4.55708e-15
5190.54  4.5412e-15
5192.02  4.52701e-15
5193.5   4.51454e-15
5194.97  4.50384e-15
5196.45  4.4949e-15
5197.93  4.48771e-15
5199.4   4.48224e-15
5200.88  4.47845e-15
5202.36  4.47624e-15
5203.84  4.47555e-15
5205.31  4.47627e-15
5206.79  4.47828e-15
5208.27  4.48146e-15
5209.74  4.48568e-15
5211.22  4.49081e-15
5212.7   4.49668e-15
5214.18  4.50317e-15
5215.65  4.51011e-15
5217.13  4.51734e-15
5218.61  4.52473e-15
5220.08  4.53212e-15
5221.56  4.53934e-15
5223.04  4.54626e-15
5224.51  4.55272e-15
5225.99  4.55858e-15
5227.47  4.56368e-15
5228.95  4.5679e-15
5230.42  4.57108e-15
5231.9   4.5731e-15
5233.38  4.57381e-15
5234.85  4.57309e-15
5236.33  4.57081e-15
5237.81  4.56685e-15
5239.29  4.56109e-15
5240.76  4.55343e-15
5242.24  4.54376e-15
5243.72  4.53199e-15
5245.19  4.51803e-15
5246.67  4.50183e-15
5248.15  4.48332e-15
5249.63  4.46246e-15
5251.1   4.43924e-15
5252.58  4.41365e-15
5254.06  4.3857e-15
5255.53  4.35543e-15
5257.01  4.3229e-15
5258.49  4.2882e-15
5259.97  4.25144e-15
5261.44  4.21273e-15
5262.92  4.17223e-15
5264.4   4.13011e-15
5265.87  4.08656e-15
5267.35  4.04179e-15
5268.83  3.99602e-15
5270.31  3.9495e-15
5271.78  3.90246e-15
5273.26  3.85517e-15
5274.74  3.80786e-15
5276.21  3.76081e-15
5277.69  3.71427e-15
5279.17  3.66847e-15
5280.64  3.62367e-15
5282.12  3.58007e-15
5283.6   3.5379e-15
5285.08  3.49735e-15
5286.55  3.45858e-15
5288.03  3.42176e-15
5289.51  3.38703e-15
5290.98  3.35449e-15
5292.46  3.32424e-15
5293.94  3.29637e-15
5295.42  3.27092e-15
5296.89  3.24793e-15
5298.37  3.22744e-15
5299.85  3.20946e-15
5301.32  3.19396e-15
5302.8   3.18095e-15
5304.28  3.17039e-15
5305.76  3.16224e-15
5307.23  3.15646e-15
5308.71  3.15299e-15
5310.19  3.15177e-15
5311.66  3.15272e-15
5313.14  3.15575e-15
5314.62  3.16078e-15
5316.1   3.16769e-15
5317.57  3.17637e-15
5319.05  3.1867e-15
5320.53  3.19853e-15
5322     3.21171e-15
5323.48  3.22607e-15
5324.96  3.24145e-15
5326.43  3.25765e-15
5327.91  3.27447e-15
5329.39  3.29172e-15
5330.87  3.30919e-15
5332.34  3.32668e-15
5333.82  3.34396e-15
5335.3   3.36086e-15
5336.77  3.37717e-15
5338.25  3.39272e-15
5339.73  3.40736e-15
5341.21  3.42096e-15
5342.68  3.4334e-15
5344.16  3.4446e-15
5345.64  3.45453e-15
5347.11  3.46317e-15
5348.59  3.47053e-15
5350.07  3.47669e-15
5351.55  3.48172e-15
5353.02  3.48575e-15
5354.5   3.48893e-15
5355.98  3.49145e-15
5357.45  3.49349e-15
5358.93  3.49528e-15
5360.41  3.49705e-15
5361.89  3.49901e-15
5363.36  3.50141e-15
5364.84  3.50445e-15
5366.32  3.50835e-15
5367.79  3.51327e-15
5369.27  3.51938e-15
5370.75  3.52681e-15
5372.23  3.53562e-15
5373.7   3.54588e-15
5375.18  3.55759e-15
5376.66  3.57072e-15
5378.13  3.58518e-15
5379.61  3.60087e-15
5381.09  3.61763e-15
5382.56  3.63528e-15
5384.04  3.65359e-15
5385.52  3.67234e-15
5387     3.69127e-15
5388.47  3.71011e-15
5389.95  3.72858e-15
5391.43  3.74644e-15
5392.9   3.76341e-15
5394.38  3.77925e-15
5395.86  3.79375e-15
5397.34  3.80671e-15
5398.81  3.81797e-15
5400.29  3.8274e-15
5401.77  3.8349e-15
5403.24  3.84044e-15
5404.72  3.84398e-15
5406.2   3.84555e-15
5407.68  3.84521e-15
5409.15  3.84305e-15
5410.63  3.83917e-15
5412.11  3.83373e-15
5413.58  3.82688e-15
5415.06  3.8188e-15
5416.54  3.80966e-15
5418.02  3.79965e-15
5419.49  3.78896e-15
5420.97  3.77775e-15
5422.45  3.76618e-15
5423.92  3.75441e-15
5425.4   3.74255e-15
5426.88  3.7307e-15
5428.36  3.71894e-15
5429.83  3.70733e-15
5431.31  3.69588e-15
5432.79  3.68459e-15
5434.26  3.67345e-15
5435.74  3.6624e-15
5437.22  3.65138e-15
5438.69  3.64031e-15
5440.17  3.62909e-15
5441.65  3.61763e-15
5443.13  3.60582e-15
5444.6   3.59355e-15
5446.08  3.58071e-15
5447.56  3.56721e-15
5449.03  3.55296e-15
5450.51  3.53789e-15
5451.99  3.52192e-15
5453.47  3.50503e-15
5454.94  3.48717e-15
5456.42  3.46835e-15
5457.9   3.44858e-15
5459.37  3.42788e-15
5460.85  3.40632e-15
5462.33  3.38395e-15
5463.81  3.36087e-15
5465.28  3.33718e-15
5466.76  3.31299e-15
5468.24  3.28843e-15
5469.71  3.26364e-15
5471.19  3.23877e-15
5472.67  3.21398e-15
5474.15  3.18942e-15
5475.62  3.16526e-15
5477.1   3.14167e-15
5478.58  3.11882e-15
5480.05  3.09688e-15
5481.53  3.07602e-15
5483.01  3.0564e-15
5484.48  3.03819e-15
5485.96  3.02155e-15
5487.44  3.00663e-15
5488.92  2.99358e-15
5490.39  2.98253e-15
5491.87  2.97361e-15
5493.35  2.96695e-15
5494.82  2.96264e-15
5496.3   2.96078e-15
5497.78  2.96145e-15
5499.26  2.9647e-15
5500.73  2.97057e-15
5502.21  2.97908e-15
5503.69  2.99023e-15
5505.16  3.00398e-15
5506.64  3.02029e-15
5508.12  3.03909e-15
5509.6   3.06026e-15
5511.07  3.0837e-15
5512.55  3.10924e-15
5514.03  3.13671e-15
5515.5   3.16593e-15
5516.98  3.19668e-15
5518.46  3.22874e-15
5519.94  3.26187e-15
5521.41  3.2958e-15
5522.89  3.3303e-15
5524.37  3.3651e-15
5525.84  3.39995e-15
5527.32  3.43461e-15
5528.8   3.46882e-15
5530.28  3.50239e-15
5531.75  3.5351e-15
5533.23  3.56678e-15
5534.71  3.59727e-15
5536.18  3.62644e-15
5537.66  3.65421e-15
5539.14  3.68051e-15
5540.61  3.70529e-15
5542.09  3.72857e-15
5543.57  3.75035e-15
5545.05  3.77069e-15
5546.52  3.78967e-15
5548     3.80737e-15
5549.48  3.82392e-15
5550.95  3.83943e-15
5552.43  3.85403e-15
5553.91  3.86787e-15
5555.39  3.88106e-15
5556.86  3.89374e-15
5558.34  3.90603e-15
5559.82  3.91803e-15
5561.29  3.92982e-15
5562.77  3.94146e-15
5564.25  3.95301e-15
5565.73  3.96448e-15
5567.2   3.97588e-15
5568.68  3.98718e-15
5570.16  3.99833e-15
5571.63  4.00928e-15
5573.11  4.01996e-15
5574.59  4.03026e-15
5576.07  4.04011e-15
5577.54  4.04939e-15
5579.02  4.058e-15
5580.5   4.06587e-15
5581.97  4.07289e-15
5583.45  4.07899e-15
5584.93  4.08413e-15
5586.41  4.08825e-15
5587.88  4.09135e-15
5589.36  4.09343e-15
5590.84  4.09452e-15
5592.31  4.09467e-15
5593.79  4.09396e-15
5595.27  4.09249e-15
5596.74  4.09036e-15
5598.22  4.0877e-15
5599.7   4.08466e-15
5601.18  4.08138e-15
5602.65  4.07801e-15
5604.13  4.07471e-15
5605.61  4.07162e-15
5607.08  4.06888e-15
5608.56  4.06661e-15
5610.04  4.06492e-15
5611.52  4.0639e-15
5612.99  4.06361e-15
5614.47  4.0641e-15
5615.95  4.06538e-15
5617.42  4.06746e-15
5618.9   4.0703e-15
5620.38  4.07385e-15
5621.86  4.07804e-15
5623.33  4.08278e-15
5624.81  4.08795e-15
5626.29  4.09345e-15
5627.76  4.09912e-15
5629.24  4.10484e-15
5630.72  4.11047e-15
5632.2   4.11586e-15
5633.67  4.12089e-15
5635.15  4.12541e-15
5636.63  4.1293e-15
5638.1   4.13247e-15
5639.58  4.13481e-15
5641.06  4.13623e-15
5642.54  4.13668e-15
5644.01  4.13609e-15
5645.49  4.13445e-15
5646.97  4.13172e-15
5648.44  4.12791e-15
5649.92  4.12302e-15
5651.4   4.11707e-15
5652.87  4.1101e-15
5654.35  4.10216e-15
5655.83  4.09329e-15
5657.31  4.08355e-15
5658.78  4.073e-15
5660.26  4.06172e-15
5661.74  4.04976e-15
5663.21  4.03721e-15
5664.69  4.02413e-15
5666.17  4.01059e-15
5667.65  3.99667e-15
5669.12  3.98244e-15
5670.6   3.96796e-15
5672.08  3.9533e-15
5673.55  3.93853e-15
5675.03  3.92371e-15
5676.51  3.9089e-15
5677.99  3.89417e-15
5679.46  3.87957e-15
5680.94  3.86517e-15
5682.42  3.85101e-15
5683.89  3.83716e-15
5685.37  3.82367e-15
5686.85  3.81059e-15
5688.33  3.79797e-15
5689.8   3.78584e-15
5691.28  3.77427e-15
5692.76  3.76328e-15
5694.23  3.7529e-15
5695.71  3.74317e-15
5697.19  3.73411e-15
5698.66  3.72573e-15
5700.14  3.71805e-15
5701.62  3.71107e-15
5703.1   3.70478e-15
5704.57  3.69919e-15
5706.05  3.69427e-15
5707.53  3.69e-15
5709     3.68635e-15
5710.48  3.68328e-15
5711.96  3.68077e-15
5713.44  3.67877e-15
5714.91  3.67722e-15
5716.39  3.67608e-15
5717.87  3.6753e-15
5719.34  3.67482e-15
5720.82  3.6746e-15
5722.3   3.67458e-15
5723.78  3.67471e-15
5725.25  3.67495e-15
5726.73  3.67525e-15
5728.21  3.67557e-15
5729.68  3.67589e-15
5731.16  3.67615e-15
5732.64  3.67635e-15
5734.12  3.67644e-15
5735.59  3.67642e-15
5737.07  3.67625e-15
5738.55  3.67593e-15
5740.02  3.67543e-15
5741.5   3.67474e-15
5742.98  3.67384e-15
5744.46  3.67271e-15
5745.93  3.67131e-15
5747.41  3.66963e-15
5748.89  3.66762e-15
5750.36  3.66525e-15
5751.84  3.66248e-15
5753.32  3.65925e-15
5754.79  3.65552e-15
5756.27  3.65122e-15
5757.75  3.64629e-15
5759.23  3.64069e-15
5760.7   3.63434e-15
5762.18  3.62721e-15
5763.66  3.61925e-15
5765.13  3.61042e-15
5766.61  3.6007e-15
5768.09  3.59008e-15
5769.57  3.57858e-15
5771.04  3.56621e-15
5772.52  3.55304e-15
5774     3.53913e-15
5775.47  3.52459e-15
5776.95  3.50952e-15
5778.43  3.49407e-15
5779.91  3.4784e-15
5781.38  3.46268e-15
5782.86  3.44712e-15
5784.34  3.43192e-15
5785.81  3.4173e-15
5787.29  3.40346e-15
5788.77  3.39063e-15
5790.25  3.37901e-15
5791.72  3.3688e-15
5793.2   3.36017e-15
5794.68  3.3533e-15
5796.15  3.34829e-15
5797.63  3.34526e-15
5799.11  3.34426e-15
5800.59  3.34534e-15
5802.06  3.34848e-15
5803.54  3.35365e-15
5805.02  3.36076e-15
5806.49  3.3697e-15
5807.97  3.38034e-15
5809.45  3.3925e-15
5810.92  3.40599e-15
5812.4   3.42059e-15
5813.88  3.43608e-15
5815.36  3.45222e-15
5816.83  3.46878e-15
5818.31  3.48554e-15
5819.79  3.50226e-15
5821.26  3.51875e-15
5822.74  3.53481e-15
5824.22  3.55029e-15
5825.7   3.56504e-15
5827.17  3.57897e-15
5828.65  3.59199e-15
5830.13  3.60404e-15
5831.6   3.61513e-15
5833.08  3.62524e-15
5834.56  3.63443e-15
5836.04  3.64274e-15
5837.51  3.65025e-15
5838.99  3.65706e-15
5840.47  3.66326e-15
5841.94  3.66896e-15
5843.42  3.67427e-15
5844.9   3.6793e-15
5846.38  3.68414e-15
5847.85  3.68887e-15
5849.33  3.69358e-15
5850.81  3.69831e-15
5852.28  3.7031e-15
5853.76  3.70796e-15
5855.24  3.71288e-15
5856.72  3.71784e-15
5858.19  3.72279e-15
5859.67  3.72767e-15
5861.15  3.73239e-15
5862.62  3.73686e-15
5864.1   3.74097e-15
5865.58  3.74463e-15
5867.05  3.74772e-15
5868.53  3.75012e-15
5870.01  3.75174e-15
5871.49  3.75248e-15
5872.96  3.75225e-15
5874.44  3.75099e-15
5875.92  3.74865e-15
5877.39  3.7452e-15
5878.87  3.74062e-15
5880.35  3.73493e-15
5881.83  3.72816e-15
5883.3   3.72036e-15
5884.78  3.71161e-15
5886.26  3.70199e-15
5887.73  3.69162e-15
5889.21  3.68061e-15
5890.69  3.66911e-15
5892.17  3.65725e-15
5893.64  3.64519e-15
5895.12  3.63307e-15
5896.6   3.62105e-15
5898.07  3.60927e-15
5899.55  3.59787e-15
5901.03  3.58698e-15
5902.51  3.57673e-15
5903.98  3.56722e-15
5905.46  3.55853e-15
5906.94  3.55074e-15
5908.41  3.5439e-15
5909.89  3.53805e-15
5911.37  3.5332e-15
5912.84  3.52935e-15
5914.32  3.52646e-15
5915.8   3.5245e-15
5917.28  3.5234e-15
5918.75  3.52308e-15
5920.23  3.52345e-15
5921.71  3.52438e-15
5923.18  3.52576e-15
5924.66  3.52746e-15
5926.14  3.52932e-15
5927.62  3.53121e-15
5929.09  3.53296e-15
5930.57  3.53441e-15
5932.05  3.53542e-15
5933.52  3.53583e-15
5935     3.53549e-15
5936.48  3.53427e-15
5937.96  3.53202e-15
5939.43  3.52864e-15
5940.91  3.52402e-15
5942.39  3.51806e-15
5943.86  3.5107e-15
5945.34  3.50188e-15
5946.82  3.49157e-15
5948.3   3.47974e-15
5949.77  3.46641e-15
5951.25  3.45158e-15
5952.73  3.43531e-15
5954.2   3.41765e-15
5955.68  3.39868e-15
5957.16  3.37848e-15
5958.64  3.35716e-15
5960.11  3.33484e-15
5961.59  3.31163e-15
5963.07  3.28767e-15
5964.54  3.26308e-15
5966.02  3.238e-15
5967.5   3.21255e-15
5968.97  3.18687e-15
5970.45  3.16106e-15
5971.93  3.13524e-15
5973.41  3.10949e-15
5974.88  3.08391e-15
5976.36  3.05855e-15
5977.84  3.03347e-15
5979.31  3.00871e-15
5980.79  2.98427e-15
5982.27  2.96016e-15
5983.75  2.93637e-15
5985.22  2.91287e-15
5986.7   2.88963e-15
5988.18  2.86658e-15
5989.65  2.84368e-15
5991.13  2.82085e-15
5992.61  2.79804e-15
5994.09  2.77517e-15
5995.56  2.75217e-15
5997.04  2.72899e-15
5998.52  2.70557e-15
5999.99  2.68186e-15
6001.47  2.65783e-15
6002.95  2.63344e-15
6004.43  2.60869e-15
6005.9   2.58358e-15
6007.38  2.55812e-15
6008.86  2.53234e-15
6010.33  2.50629e-15
6011.81  2.48e-15
6013.29  2.45356e-15
6014.77  2.42702e-15
6016.24  2.40047e-15
6017.72  2.37399e-15
6019.2   2.34766e-15
6020.67  2.32158e-15
6022.15  2.29583e-15
6023.63  2.27049e-15
6025.1   2.24563e-15
6026.58  2.22131e-15
6028.06  2.19761e-15
6029.54  2.17456e-15
6031.01  2.15221e-15
6032.49  2.13056e-15
6033.97  2.10965e-15
6035.44  2.08946e-15
6036.92  2.06998e-15
6038.4   2.05119e-15
6039.88  2.03305e-15
6041.35  2.01553e-15
6042.83  1.99856e-15
6044.31  1.98211e-15
6045.78  1.9661e-15
6047.26  1.95048e-15
6048.74  1.93518e-15
6050.22  1.92015e-15
6051.69  1.90532e-15
6053.17  1.89064e-15
6054.65  1.87607e-15
6056.12  1.86157e-15
6057.6   1.8471e-15
6059.08  1.83265e-15
6060.56  1.8182e-15
6062.03  1.80374e-15
6063.51  1.78928e-15
6064.99  1.77483e-15
6066.46  1.76042e-15
6067.94  1.74607e-15
6069.42  1.73182e-15
6070.9   1.7177e-15
6072.37  1.70377e-15
6073.85  1.69006e-15
6075.33  1.67661e-15
6076.8   1.66349e-15
6078.28  1.65071e-15
6079.76  1.63833e-15
6081.23  1.62638e-15
6082.71  1.61488e-15
6084.19  1.60386e-15
6085.67  1.59333e-15
6087.14  1.5833e-15
6088.62  1.57376e-15
6090.1   1.56471e-15
6091.57  1.55614e-15
6093.05  1.54802e-15
6094.53  1.54033e-15
6096.01  1.53304e-15
6097.48  1.52611e-15
6098.96  1.5195e-15
6100.44  1.51319e-15
6101.91  1.50713e-15
6103.39  1.50128e-15
6104.87  1.49562e-15
6106.35  1.49011e-15
6107.82  1.48473e-15
6109.3   1.47946e-15
6110.78  1.47428e-15
6112.25  1.46919e-15
6113.73  1.46417e-15
6115.21  1.45922e-15
6116.69  1.45437e-15
6118.16  1.44961e-15
6119.64  1.44497e-15
6121.12  1.44046e-15
6122.59  1.4361e-15
6124.07  1.43192e-15
6125.55  1.42794e-15
6127.02  1.42419e-15
6128.5   1.42068e-15
6129.98  1.41745e-15
6131.46  1.41451e-15
6132.93  1.41188e-15
6134.41  1.40958e-15
6135.89  1.40762e-15
6137.36  1.40601e-15
6138.84  1.40476e-15
6140.32  1.40387e-15
6141.8   1.40335e-15
6143.27  1.40322e-15
6144.75  1.40346e-15
6146.23  1.4041e-15
6147.7   1.40513e-15
6149.18  1.40658e-15
6150.66  1.40845e-15
6152.14  1.41077e-15
6153.61  1.41356e-15
6155.09  1.41685e-15
6156.57  1.42067e-15
6158.04  1.42507e-15
6159.52  1.4301e-15
6161     1.43579e-15
6162.48  1.44221e-15
6163.95  1.44941e-15
6165.43  1.45744e-15
6166.91  1.46638e-15
6168.38  1.47627e-15
6169.86  1.48719e-15
6171.34  1.49917e-15
6172.82  1.51227e-15
6174.29  1.52653e-15
6175.77  1.542e-15
6177.25  1.55871e-15
6178.72  1.57666e-15
6180.2   1.59588e-15
6181.68  1.61637e-15
6183.15  1.63811e-15
6184.63  1.66109e-15
6186.11  1.68528e-15
6187.59  1.71063e-15
6189.06  1.7371e-15
6190.54  1.76463e-15
6192.02  1.79315e-15
6193.49  1.82259e-15
6194.97  1.85288e-15
6196.45  1.88393e-15
6197.93  1.91567e-15
6199.4   1.948e-15
6200.88  1.98084e-15
6202.36  2.01411e-15
6203.83  2.04772e-15
6205.31  2.08161e-15
6206.79  2.11569e-15
6208.27  2.14988e-15
6209.74  2.18414e-15
6211.22  2.21839e-15
6212.7   2.25257e-15
6214.17  2.28663e-15
6215.65  2.32052e-15
6217.13  2.35419e-15
6218.61  2.38759e-15
6220.08  2.42069e-15
6221.56  2.45344e-15
6223.04  2.48579e-15
6224.51  2.51769e-15
6225.99  2.54912e-15
6227.47  2.58001e-15
6228.95  2.61032e-15
6230.42  2.64e-15
6231.9   2.669e-15
6233.38  2.69726e-15
6234.85  2.72473e-15
6236.33  2.75136e-15
6237.81  2.77709e-15
6239.28  2.80186e-15
6240.76  2.82563e-15
6242.24  2.84835e-15
6243.72  2.86999e-15
6245.19  2.89049e-15
6246.67  2.90985e-15
6248.15  2.92803e-15
6249.62  2.94503e-15
6251.1   2.96085e-15
6252.58  2.9755e-15
6254.06  2.989e-15
6255.53  3.00139e-15
6257.01  3.01271e-15
6258.49  3.02301e-15
6259.96  3.03235e-15
6261.44  3.04081e-15
6262.92  3.04848e-15
6264.4   3.05543e-15
6265.87  3.06175e-15
6267.35  3.06754e-15
6268.83  3.0729e-15
6270.3   3.0779e-15
6271.78  3.08266e-15
6273.26  3.08724e-15
6274.74  3.09174e-15
6276.21  3.09621e-15
6277.69  3.10073e-15
6279.17  3.10535e-15
6280.64  3.1101e-15
6282.12  3.11501e-15
6283.6   3.12011e-15
6285.08  3.12539e-15
6286.55  3.13085e-15
6288.03  3.13647e-15
6289.51  3.14221e-15
6290.98  3.14805e-15
6292.46  3.15392e-15
6293.94  3.15978e-15
6295.41  3.16557e-15
6296.89  3.17121e-15
6298.37  3.17665e-15
6299.85  3.18181e-15
6301.32  3.18663e-15
6302.8   3.19106e-15
6304.28  3.19502e-15
6305.75  3.19848e-15
6307.23  3.20138e-15
6308.71  3.20369e-15
6310.19  3.20538e-15
6311.66  3.20643e-15
6313.14  3.20684e-15
6314.62  3.2066e-15
6316.09  3.20573e-15
6317.57  3.20424e-15
6319.05  3.20216e-15
6320.53  3.19952e-15
6322     3.19638e-15
6323.48  3.19277e-15
6324.96  3.18875e-15
6326.43  3.18437e-15
6327.91  3.17968e-15
6329.39  3.17475e-15
6330.87  3.16962e-15
6332.34  3.16435e-15
6333.82  3.15898e-15
6335.3   3.15357e-15
6336.77  3.14815e-15
6338.25  3.14275e-15
6339.73  3.13739e-15
6341.2   3.13211e-15
6342.68  3.1269e-15
6344.16  3.12178e-15
6345.64  3.11674e-15
6347.11  3.11178e-15
6348.59  3.10688e-15
6350.07  3.10202e-15
6351.54  3.09717e-15
6353.02  3.09232e-15
6354.5   3.08742e-15
6355.98  3.08246e-15
6357.45  3.0774e-15
6358.93  3.07221e-15
6360.41  3.06686e-15
6361.88  3.06134e-15
6363.36  3.05561e-15
6364.84  3.04967e-15
6366.32  3.0435e-15
6367.79  3.0371e-15
6369.27  3.03047e-15
6370.75  3.02362e-15
6372.22  3.01657e-15
6373.7   3.00932e-15
6375.18  3.00191e-15
6376.66  2.99435e-15
6378.13  2.98669e-15
6379.61  2.97896e-15
6381.09  2.97119e-15
6382.56  2.96341e-15
6384.04  2.95567e-15
6385.52  2.94799e-15
6387     2.9404e-15
6388.47  2.93293e-15
6389.95  2.92561e-15
6391.43  2.91844e-15
6392.9   2.91143e-15
6394.38  2.9046e-15
6395.86  2.89794e-15
6397.33  2.89144e-15
6398.81  2.8851e-15
6400.29  2.87888e-15
6401.77  2.87276e-15
6403.24  2.86673e-15
6404.72  2.86075e-15
6406.2   2.85478e-15
6407.67  2.8488e-15
6409.15  2.84277e-15
6410.63  2.83666e-15
6412.11  2.83044e-15
6413.58  2.82409e-15
6415.06  2.81757e-15
6416.54  2.81088e-15
6418.01  2.80401e-15
6419.49  2.79694e-15
6420.97  2.78967e-15
6422.45  2.78221e-15
6423.92  2.77457e-15
6425.4   2.76677e-15
6426.88  2.75883e-15
6428.35  2.75077e-15
6429.83  2.74263e-15
6431.31  2.73443e-15
6432.79  2.72622e-15
6434.26  2.71802e-15
6435.74  2.70988e-15
6437.22  2.70182e-15
6438.69  2.69389e-15
6440.17  2.68612e-15
6441.65  2.67852e-15
6443.13  2.67114e-15
6444.6   2.66399e-15
6446.08  2.65709e-15
6447.56  2.65044e-15
6449.03  2.64407e-15
6450.51  2.63797e-15
6451.99  2.63214e-15
6453.46  2.62658e-15
6454.94  2.62129e-15
6456.42  2.61624e-15
6457.9   2.61144e-15
6459.37  2.60686e-15
6460.85  2.60249e-15
6462.33  2.59831e-15
6463.8   2.59432e-15
6465.28  2.59049e-15
6466.76  2.5868e-15
6468.24  2.58326e-15
6469.71  2.57984e-15
6471.19  2.57653e-15
6472.67  2.57332e-15
6474.14  2.57021e-15
6475.62  2.56719e-15
6477.1   2.56425e-15
6478.58  2.56139e-15
6480.05  2.55859e-15
6481.53  2.55585e-15
6483.01  2.55316e-15
6484.48  2.55051e-15
6485.96  2.54789e-15
6487.44  2.54529e-15
6488.92  2.54269e-15
6490.39  2.54007e-15
6491.87  2.53742e-15
6493.35  2.53471e-15
6494.82  2.53193e-15
6496.3   2.52906e-15
6497.78  2.52608e-15
6499.26  2.52296e-15
6500.73  2.51969e-15
6502.21  2.51626e-15
6503.69  2.51266e-15
6505.16  2.50888e-15
6506.64  2.50492e-15
6508.12  2.50079e-15
6509.59  2.4965e-15
6511.07  2.49207e-15
6512.55  2.48752e-15
6514.03  2.48289e-15
6515.5   2.47821e-15
6516.98  2.47353e-15
6518.46  2.46889e-15
6519.93  2.46435e-15
6521.41  2.45996e-15
6522.89  2.45577e-15
6524.37  2.45184e-15
6525.84  2.44823e-15
6527.32  2.44498e-15
6528.8   2.44214e-15
6530.27  2.43974e-15
6531.75  2.43782e-15
6533.23  2.4364e-15
6534.71  2.43549e-15
6536.18  2.43508e-15
6537.66  2.43518e-15
6539.14  2.43574e-15
6540.61  2.43675e-15
6542.09  2.43815e-15
6543.57  2.43988e-15
6545.05  2.44188e-15
6546.52  2.44408e-15
6548     2.44639e-15
6549.48  2.44873e-15
6550.95  2.45101e-15
6552.43  2.45314e-15
6553.91  2.45505e-15
6555.38  2.45663e-15
6556.86  2.45783e-15
6558.34  2.45856e-15
6559.82  2.45877e-15
6561.29  2.45841e-15
6562.77  2.45743e-15
6564.25  2.45583e-15
6565.72  2.45359e-15
6567.2   2.4507e-15
6568.68  2.44719e-15
6570.16  2.44309e-15
6571.63  2.43844e-15
6573.11  2.4333e-15
6574.59  2.42772e-15
6576.06  2.42178e-15
6577.54  2.41555e-15
6579.02  2.40913e-15
6580.5   2.40258e-15
6581.97  2.39601e-15
6583.45  2.38948e-15
6584.93  2.38309e-15
6586.4   2.3769e-15
6587.88  2.37099e-15
6589.36  2.36541e-15
6590.84  2.36022e-15
6592.31  2.35545e-15
6593.79  2.35113e-15
6595.27  2.34729e-15
6596.74  2.34392e-15
6598.22  2.34103e-15
6599.7   2.33859e-15
6601.18  2.33659e-15
6602.65  2.33499e-15
6604.13  2.33374e-15
6605.61  2.3328e-15
6607.08  2.33211e-15
6608.56  2.33162e-15
6610.04  2.33127e-15
6611.51  2.33099e-15
6612.99  2.33072e-15
6614.47  2.33041e-15
6615.95  2.33001e-15
6617.42  2.32946e-15
6618.9   2.32872e-15
6620.38  2.32775e-15
6621.85  2.32652e-15
6623.33  2.32501e-15
6624.81  2.32321e-15
6626.29  2.3211e-15
6627.76  2.31868e-15
6629.24  2.31597e-15
6630.72  2.31297e-15
6632.19  2.3097e-15
6633.67  2.30619e-15
6635.15  2.30245e-15
6636.63  2.29852e-15
6638.1   2.29442e-15
6639.58  2.29019e-15
6641.06  2.28585e-15
6642.53  2.28143e-15
6644.01  2.27696e-15
6645.49  2.27245e-15
6646.97  2.26793e-15
6648.44  2.2634e-15
6649.92  2.25889e-15
6651.4   2.2544e-15
6652.87  2.24993e-15
6654.35  2.24549e-15
6655.83  2.24108e-15
6657.31  2.23668e-15
6658.78  2.2323e-15
6660.26  2.22794e-15
6661.74  2.22359e-15
6663.21  2.21924e-15
6664.69  2.21489e-15
6666.17  2.21055e-15
6667.64  2.20621e-15
6669.12  2.20188e-15
6670.6   2.19757e-15
6672.08  2.19328e-15
6673.55  2.18904e-15
6675.03  2.18485e-15
6676.51  2.18073e-15
6677.98  2.1767e-15
6679.46  2.17279e-15
6680.94  2.16899e-15
6682.42  2.16535e-15
6683.89  2.16187e-15
6685.37  2.15856e-15
6686.85  2.15545e-15
6688.32  2.15253e-15
6689.8   2.14982e-15
6691.28  2.14732e-15
6692.76  2.14501e-15
6694.23  2.14291e-15
6695.71  2.14098e-15
6697.19  2.13923e-15
6698.66  2.13763e-15
6700.14  2.13615e-15
6701.62  2.13478e-15
6703.1   2.13348e-15
6704.57  2.13222e-15
6706.05  2.13098e-15
6707.53  2.12973e-15
6709     2.12843e-15
6710.48  2.12705e-15
6711.96  2.12558e-15
6713.44  2.12397e-15
6714.91  2.12222e-15
6716.39  2.1203e-15
6717.87  2.1182e-15
6719.34  2.1159e-15
6720.82  2.11341e-15
6722.3   2.11071e-15
6723.77  2.1078e-15
6725.25  2.10469e-15
6726.73  2.10139e-15
6728.21  2.0979e-15
6729.68  2.09424e-15
6731.16  2.09042e-15
6732.64  2.08646e-15
6734.11  2.08238e-15
6735.59  2.07819e-15
6737.07  2.0739e-15
6738.55  2.06954e-15
6740.02  2.06513e-15
6741.5   2.06066e-15
6742.98  2.05616e-15
6744.45  2.05164e-15
6745.93  2.0471e-15
6747.41  2.04255e-15
6748.89  2.03799e-15
6750.36  2.03343e-15
6751.84  2.02886e-15
6753.32  2.02429e-15
6754.79  2.01971e-15
6756.27  2.01512e-15
6757.75  2.01053e-15
6759.23  2.00593e-15
6760.7   2.00132e-15
6762.18  1.99672e-15
6763.66  1.99212e-15
6765.13  1.98755e-15
6766.61  1.98302e-15
6768.09  1.97854e-15
6769.56  1.97415e-15
6771.04  1.96986e-15
6772.52  1.96571e-15
6774     1.96173e-15
6775.47  1.95795e-15
6776.95  1.95441e-15
6778.43  1.95115e-15
6779.9   1.94819e-15
6781.38  1.94557e-15
6782.86  1.94331e-15
6784.34  1.94143e-15
6785.81  1.93995e-15
6787.29  1.93887e-15
6788.77  1.93818e-15
6790.24  1.93786e-15
6791.72  1.9379e-15
6793.2   1.93826e-15
6794.68  1.93888e-15
6796.15  1.93972e-15
6797.63  1.9407e-15
6799.11  1.94175e-15
6800.58  1.94279e-15
6802.06  1.94374e-15
6803.54  1.9445e-15
6805.02  1.945e-15
6806.49  1.94514e-15
6807.97  1.94485e-15
6809.45  1.94406e-15
6810.92  1.9427e-15
6812.4   1.94072e-15
6813.88  1.93808e-15
6815.36  1.93477e-15
6816.83  1.93077e-15
6818.31  1.9261e-15
6819.79  1.92079e-15
6821.26  1.91488e-15
6822.74  1.90844e-15
6824.22  1.90153e-15
6825.69  1.89425e-15
6827.17  1.8867e-15
6828.65  1.87899e-15
6830.13  1.87122e-15
6831.6   1.86351e-15
6833.08  1.85598e-15
6834.56  1.84874e-15
6836.03  1.84188e-15
6837.51  1.83551e-15
6838.99  1.82969e-15
6840.47  1.82451e-15
6841.94  1.82e-15
6843.42  1.81621e-15
6844.9   1.81314e-15
6846.37  1.81079e-15
6847.85  1.80913e-15
6849.33  1.80813e-15
6850.81  1.80773e-15
6852.28  1.80786e-15
6853.76  1.80842e-15
6855.24  1.80934e-15
6856.71  1.8105e-15
6858.19  1.81179e-15
6859.67  1.81311e-15
6861.15  1.81435e-15
6862.62  1.8154e-15
6864.1   1.81617e-15
6865.58  1.81657e-15
6867.05  1.81652e-15
6868.53  1.81595e-15
6870.01  1.81481e-15
6871.49  1.81306e-15
6872.96  1.81069e-15
6874.44  1.80769e-15
6875.92  1.80406e-15
6877.39  1.79983e-15
6878.87  1.79504e-15
6880.35  1.78973e-15
6881.82  1.78396e-15
6883.3   1.77781e-15
6884.78  1.77134e-15
6886.26  1.76464e-15
6887.73  1.75778e-15
6889.21  1.75085e-15
6890.69  1.74393e-15
6892.16  1.7371e-15
6893.64  1.73043e-15
6895.12  1.72398e-15
6896.6   1.71781e-15
6898.07  1.71199e-15
6899.55  1.70653e-15
6901.03  1.70149e-15
6902.5   1.69688e-15
6903.98  1.69271e-15
6905.46  1.68899e-15
6906.94  1.68571e-15
6908.41  1.68285e-15
6909.89  1.68039e-15
6911.37  1.6783e-15
6912.84  1.67654e-15
6914.32  1.67508e-15
6915.8   1.67386e-15
6917.28  1.67285e-15
6918.75  1.67199e-15
6920.23  1.67123e-15
6921.71  1.67052e-15
6923.18  1.66982e-15
6924.66  1.66908e-15
6926.14  1.66827e-15
6927.62  1.66734e-15
6929.09  1.66627e-15
6930.57  1.66504e-15
6932.05  1.66363e-15
6933.52  1.66202e-15
6935     1.66022e-15
6936.48  1.65823e-15
6937.95  1.65606e-15
6939.43  1.65373e-15
6940.91  1.65125e-15
6942.39  1.64866e-15
6943.86  1.64599e-15
6945.34  1.64327e-15
6946.82  1.64054e-15
6948.29  1.63785e-15
6949.77  1.63522e-15
6951.25  1.6327e-15
6952.73  1.63032e-15
6954.2   1.62812e-15
6955.68  1.62612e-15
6957.16  1.62435e-15
6958.63  1.62282e-15
6960.11  1.62154e-15
6961.59  1.62053e-15
6963.07  1.61977e-15
6964.54  1.61925e-15
6966.02  1.61897e-15
6967.5   1.61889e-15
6968.97  1.619e-15
6970.45  1.61925e-15
6971.93  1.61961e-15
6973.41  1.62004e-15
6974.88  1.6205e-15
6976.36  1.62095e-15
6977.84  1.62135e-15
6979.31  1.62166e-15
6980.79  1.62185e-15
6982.27  1.62188e-15
6983.74  1.62172e-15
6985.22  1.62136e-15
6986.7   1.62078e-15
6988.18  1.61998e-15
6989.65  1.61894e-15
6991.13  1.61767e-15
6992.61  1.61619e-15
6994.08  1.6145e-15
6995.56  1.61263e-15
6997.04  1.61061e-15
6998.52  1.60845e-15
6999.99  1.6062e-15
7001.47  1.60387e-15
7002.95  1.60152e-15
7004.42  1.59915e-15
7005.9   1.59681e-15
7007.38  1.59453e-15
7008.86  1.59232e-15
7010.33  1.5902e-15
7011.81  1.58819e-15
7013.29  1.5863e-15
7014.76  1.58453e-15
7016.24  1.58287e-15
7017.72  1.58132e-15
7019.2   1.57986e-15
7020.67  1.57847e-15
7022.15  1.57713e-15
7023.63  1.5758e-15
7025.1   1.57446e-15
7026.58  1.57306e-15
7028.06  1.57157e-15
7029.54  1.56995e-15
7031.01  1.56817e-15
7032.49  1.56617e-15
7033.97  1.56394e-15
7035.44  1.56143e-15
7036.92  1.55863e-15
7038.4   1.5555e-15
7039.87  1.55204e-15
7041.35  1.54824e-15
7042.83  1.5441e-15
7044.31  1.53961e-15
7045.78  1.53479e-15
7047.26  1.52966e-15
7048.74  1.52426e-15
7050.21  1.5186e-15
7051.69  1.51272e-15
7053.17  1.50668e-15
7054.65  1.50051e-15
7056.12  1.49426e-15
7057.6   1.488e-15
7059.08  1.48176e-15
7060.55  1.47561e-15
7062.03  1.46959e-15
7063.51  1.46375e-15
7064.99  1.45815e-15
7066.46  1.45282e-15
7067.94  1.4478e-15
7069.42  1.44312e-15
7070.89  1.43882e-15
7072.37  1.43492e-15
7073.85  1.43142e-15
7075.33  1.42835e-15
7076.8   1.4257e-15
7078.28  1.42348e-15
7079.76  1.42168e-15
7081.23  1.42028e-15
7082.71  1.41927e-15
7084.19  1.41864e-15
7085.67  1.41834e-15
7087.14  1.41837e-15
7088.62  1.41869e-15
7090.1   1.41926e-15
7091.57  1.42006e-15
7093.05  1.42105e-15
7094.53  1.4222e-15
7096     1.42347e-15
7097.48  1.42483e-15
7098.96  1.42625e-15
7100.44  1.42769e-15
7101.91  1.42913e-15
7103.39  1.43054e-15
7104.87  1.43189e-15
7106.34  1.43315e-15
7107.82  1.43431e-15
7109.3   1.43534e-15
7110.78  1.43622e-15
7112.25  1.43694e-15
7113.73  1.43748e-15
7115.21  1.43783e-15
7116.68  1.43798e-15
7118.16  1.43793e-15
7119.64  1.43767e-15
7121.12  1.43721e-15
7122.59  1.43654e-15
7124.07  1.43567e-15
7125.55  1.43461e-15
7127.02  1.43337e-15
7128.5   1.43197e-15
7129.98  1.43043e-15
7131.46  1.42876e-15
7132.93  1.427e-15
7134.41  1.42516e-15
7135.89  1.42328e-15
7137.36  1.42138e-15
7138.84  1.4195e-15
7140.32  1.41767e-15
7141.8   1.41591e-15
7143.27  1.41425e-15
7144.75  1.41273e-15
7146.23  1.41137e-15
7147.7   1.41018e-15
7149.18  1.40918e-15
7150.66  1.40839e-15
7152.13  1.4078e-15
7153.61  1.40743e-15
7155.09  1.40726e-15
7156.57  1.40728e-15
7158.04  1.40747e-15
7159.52  1.40781e-15
7161     1.40828e-15
7162.47  1.40882e-15
7163.95  1.40942e-15
7165.43  1.41002e-15
7166.91  1.41059e-15
7168.38  1.41108e-15
7169.86  1.41145e-15
7171.34  1.41166e-15
7172.81  1.41168e-15
7174.29  1.41148e-15
7175.77  1.41103e-15
7177.25  1.41031e-15
7178.72  1.40932e-15
7180.2   1.40805e-15
7181.68  1.40651e-15
7183.15  1.40472e-15
7184.63  1.4027e-15
7186.11  1.40048e-15
7187.59  1.39809e-15
7189.06  1.3956e-15
7190.54  1.39303e-15
7192.02  1.39045e-15
7193.49  1.3879e-15
7194.97  1.38544e-15
7196.45  1.38313e-15
7197.92  1.38101e-15
7199.4   1.37911e-15
7200.88  1.37748e-15
7202.36  1.37615e-15
7203.83  1.37513e-15
7205.31  1.37443e-15
7206.79  1.37405e-15
7208.26  1.37398e-15
7209.74  1.3742e-15
7211.22  1.37468e-15
7212.7   1.37538e-15
7214.17  1.37625e-15
7215.65  1.37724e-15
7217.13  1.3783e-15
7218.6   1.37936e-15
7220.08  1.38038e-15
7221.56  1.38129e-15
7223.04  1.38204e-15
7224.51  1.38259e-15
7225.99  1.3829e-15
7227.47  1.38292e-15
7228.94  1.38266e-15
7230.42  1.38208e-15
7231.9   1.3812e-15
7233.38  1.38002e-15
7234.85  1.37857e-15
7236.33  1.37688e-15
7237.81  1.37499e-15
7239.28  1.37294e-15
7240.76  1.3708e-15
7242.24  1.36861e-15
7243.72  1.36644e-15
7245.19  1.36435e-15
7246.67  1.3624e-15
7248.15  1.36063e-15
7249.62  1.35909e-15
7251.1   1.35781e-15
7252.58  1.35684e-15
7254.05  1.35617e-15
7255.53  1.35582e-15
7257.01  1.35577e-15
7258.49  1.35601e-15
7259.96  1.3565e-15
7261.44  1.35719e-15
7262.92  1.35803e-15
7264.39  1.35896e-15
7265.87  1.3599e-15
7267.35  1.36077e-15
7268.83  1.36149e-15
7270.3   1.36198e-15
7271.78  1.36216e-15
7273.26  1.36194e-15
7274.73  1.36126e-15
7276.21  1.36005e-15
7277.69  1.35824e-15
7279.17  1.35581e-15
7280.64  1.3527e-15
7282.12  1.3489e-15
7283.6   1.34441e-15
7285.07  1.33923e-15
7286.55  1.33338e-15
7288.03  1.3269e-15
7289.51  1.31983e-15
7290.98  1.31224e-15
7292.46  1.30419e-15
7293.94  1.29577e-15
7295.41  1.28705e-15
7296.89  1.27814e-15
7298.37  1.26911e-15
7299.85  1.26007e-15
7301.32  1.25111e-15
7302.8   1.24231e-15
7304.28  1.23376e-15
7305.75  1.22554e-15
7307.23  1.2177e-15
7308.71  1.21032e-15
7310.18  1.20343e-15
7311.66  1.19706e-15
7313.14  1.19124e-15
7314.62  1.18597e-15
7316.09  1.18124e-15
7317.57  1.17703e-15
7319.05  1.17331e-15
7320.52  1.17003e-15
7322     1.16714e-15
7323.48  1.16457e-15
7324.96  1.16225e-15
7326.43  1.1601e-15
7327.91  1.15804e-15
7329.39  1.15598e-15
7330.86  1.15384e-15
7332.34  1.15154e-15
7333.82  1.149e-15
7335.3   1.14614e-15
7336.77  1.14289e-15
7338.25  1.13919e-15
7339.73  1.135e-15
7341.2   1.13027e-15
7342.68  1.12499e-15
7344.16  1.11912e-15
7345.64  1.11268e-15
7347.11  1.10567e-15
7348.59  1.09811e-15
7350.07  1.09004e-15
7351.54  1.0815e-15
7353.02  1.07254e-15
7354.5   1.06324e-15
7355.98  1.05365e-15
7357.45  1.04386e-15
7358.93  1.03394e-15
7360.41  1.02398e-15
7361.88  1.01406e-15
7363.36  1.00426e-15
7364.84  9.94665e-16
7366.31  9.8534e-16
7367.79  9.76355e-16
7369.27  9.67772e-16
7370.75  9.59641e-16
7372.22  9.52006e-16
7373.7   9.449e-16
7375.18  9.38347e-16
7376.65  9.32359e-16
7378.13  9.2694e-16
7379.61  9.22086e-16
7381.09  9.17782e-16
7382.56  9.14007e-16
7384.04  9.10733e-16
7385.52  9.07927e-16
7386.99  9.05552e-16
7388.47  9.03569e-16
7389.95  9.01935e-16
7391.43  9.00609e-16
7392.9   8.9955e-16
7394.38  8.98719e-16
7395.86  8.98079e-16
7397.33  8.97595e-16
7398.81  8.97237e-16
7400.29  8.96978e-16
7401.77  8.96797e-16
7403.24  8.96673e-16
7404.72  8.96591e-16
7406.2   8.96538e-16
7407.67  8.96506e-16
7409.15  8.96487e-16
7410.63  8.96477e-16
7412.1   8.96472e-16
7413.58  8.96469e-16
7415.06  8.96468e-16
7416.54  8.96467e-16
7418.01  8.96467e-16
7419.49  8.96467e-16
7420.97  8.96467e-16
7422.44  8.96467e-16
7423.92  8.96467e-16
7425.4   8.96467e-16