3388.02  7.75344e-16
3390.85  7.81158e-16
3393.68  7.84632e-16
3396.52  7.84254e-16
3399.35  7.78854e-16
3402.18  7.67863e-16
3405.01  7.51485e-16
3407.84  7.30759e-16
3410.67  7.07473e-16
3413.5   6.83945e-16
3416.33  6.62689e-16
3419.16  6.46023e-16
3421.99  6.35699e-16
3424.82  6.326e-16
3427.65  6.36588e-16
3430.49  6.46527e-16
3433.32  6.60478e-16
3436.15  6.76041e-16
3438.98  6.90775e-16
3441.81  7.02623e-16
3444.64  7.10262e-16
3447.47  7.1331e-16
3450.3   7.12355e-16
3453.13  7.0881e-16
3455.96  7.04622e-16
3458.79  7.01896e-16
3461.63  7.02517e-16
3464.46  7.07824e-16
3467.29  7.18418e-16
3470.12  7.34116e-16
3472.95  7.5405e-16
3475.78  7.7689e-16
3478.61  8.0113e-16
3481.44  8.25378e-16
3484.27  8.48581e-16
3487.1   8.70164e-16
3489.93  8.90037e-16
3492.77  9.08505e-16
3495.6   9.26084e-16
3498.43  9.43303e-16
3501.26  9.60511e-16
3504.09  9.7775e-16
3506.92  9.94727e-16
3509.75  1.01087e-15
3512.58  1.02546e-15
3515.41  1.03783e-15
3518.24  1.04753e-15
3521.07  1.0545e-15
3523.91  1.05909e-15
3526.74  1.06209e-15
3529.57  1.06457e-15
3532.4   1.06776e-15
3535.23  1.07281e-15
3538.06  1.0806e-15
3540.89  1.09162e-15
3543.72  1.10591e-15
3546.55  1.12306e-15
3549.38  1.14231e-15
3552.21  1.16269e-15
3555.05  1.1832e-15
3557.88  1.20292e-15
3560.71  1.22113e-15
3563.54  1.23729e-15
3566.37  1.25109e-15
3569.2   1.2623e-15
3572.03  1.27073e-15
3574.86  1.27615e-15
3577.69  1.27823e-15
3580.52  1.2766e-15
3583.35  1.27091e-15
3586.19  1.26096e-15
3589.02  1.24683e-15
3591.85  1.22902e-15
3594.68  1.20852e-15
3597.51  1.18679e-15
3600.34  1.16571e-15
3603.17  1.1474e-15
3606     1.134e-15
3608.83  1.12744e-15
3611.66  1.12918e-15
3614.49  1.14006e-15
3617.33  1.16015e-15
3620.16  1.18878e-15
3622.99  1.22459e-15
3625.82  1.26572e-15
3628.65  1.30995e-15
3631.48  1.35501e-15
3634.31  1.39875e-15
3637.14  1.43931e-15
3639.97  1.47526e-15
3642.8   1.50567e-15
3645.63  1.53006e-15
3648.47  1.54837e-15
3651.3   1.5609e-15
3654.13  1.56816e-15
3656.96  1.57078e-15
3659.79  1.56946e-15
3662.62  1.56488e-15
3665.45  1.55765e-15
3668.28  1.54831e-15
3671.11  1.5373e-15
3673.94  1.52498e-15
3676.77  1.51163e-15
3679.61  1.49747e-15
3682.44  1.48263e-15
3685.27  1.46721e-15
3688.1   1.45126e-15
3690.93  1.4348e-15
3693.76  1.41787e-15
3696.59  1.40051e-15
3699.42  1.3828e-15
3702.25  1.3649e-15
3705.08  1.34707e-15
3707.91  1.32964e-15
3710.75  1.313e-15
3713.58  1.29759e-15
3716.41  1.28379e-15
3719.24  1.27188e-15
3722.07  1.26197e-15
3724.9   1.25393e-15
3727.73  1.24733e-15
3730.56  1.24149e-15
3733.39  1.23546e-15
3736.22  1.22818e-15
3739.05  1.21854e-15
3741.89  1.20554e-15
3744.72  1.18845e-15
3747.55  1.16687e-15
3750.38  1.14086e-15
3753.21  1.11094e-15
3756.04  1.07805e-15
3758.87  1.04342e-15
3761.7   1.0085e-15
3764.53  9.74748e-16
3767.36  9.43494e-16
3770.19  9.15825e-16
3773.03  8.92493e-16
3775.86  8.73901e-16
3778.69  8.60128e-16
3781.52  8.51009e-16
3784.35  8.46243e-16
3787.18  8.45507e-16
3790.01  8.48561e-16
3792.84  8.5532e-16
3795.67  8.65891e-16
3798.5   8.80568e-16
3801.33  8.99788e-16
3804.17  9.24062e-16
3807     9.53883e-16
3809.83  9.89648e-16
3812.66  1.03157e-15
3815.49  1.07965e-15
3818.32  1.13361e-15
3821.15  1.19293e-15
3823.98  1.25681e-15
3826.81  1.32428e-15
3829.64  1.39419e-15
3832.47  1.46527e-15
3835.31  1.53621e-15
3838.14  1.60567e-15
3840.97  1.67236e-15
3843.8   1.73507e-15
3846.63  1.79273e-15
3849.46  1.84447e-15
3852.29  1.88965e-15
3855.12  1.92796e-15
3857.95  1.95942e-15
3860.78  1.98446e-15
3863.61  2.00389e-15
3866.45  2.01884e-15
3869.28  2.03076e-15
3872.11  2.04121e-15
3874.94  2.05177e-15
3877.77  2.06386e-15
3880.6   2.07859e-15
3883.43  2.09664e-15
3886.26  2.11821e-15
3889.09  2.14299e-15
3891.92  2.17024e-15
3894.75  2.19895e-15
3897.59  2.22795e-15
3900.42  2.25613e-15
3903.25  2.28258e-15
3906.08  2.30668e-15
3908.91  2.32819e-15
3911.74  2.34718e-15
3914.57  2.36396e-15
3917.4   2.37893e-15
3920.23  2.39244e-15
3923.06  2.40465e-15
3925.89  2.41546e-15
3928.73  2.42448e-15
3931.56  2.43106e-15
3934.39  2.43444e-15
3937.22  2.43385e-15
3940.05  2.42868e-15
3942.88  2.41862e-15
3945.71  2.4037e-15
3948.54  2.38434e-15
3951.37  2.36122e-15
3954.2   2.33522e-15
3957.03  2.3072e-15
3959.87  2.27788e-15
3962.7   2.24771e-15
3965.53  2.21677e-15
3968.36  2.18478e-15
3971.19  2.15119e-15
3974.02  2.11528e-15
3976.85  2.07635e-15
3979.68  2.03386e-15
3982.51  1.98762e-15
3985.34  1.93783e-15
3988.17  1.88516e-15
3991.01  1.83074e-15
3993.84  1.776e-15
3996.67  1.72263e-15
3999.5   1.6724e-15
4002.33  1.62698e-15
4005.16  1.58786e-15
4007.99  1.55618e-15
4010.82  1.5327e-15
4013.65  1.51773e-15
4016.48  1.51112e-15
4019.31  1.51228e-15
4022.15  1.52019e-15
4024.98  1.53347e-15
4027.81  1.55048e-15
4030.64  1.56931e-15
4033.47  1.58799e-15
4036.3   1.60453e-15
4039.13  1.61705e-15
4041.96  1.62393e-15
4044.79  1.62392e-15
4047.62  1.61623e-15
4050.45  1.60063e-15
4053.29  1.57746e-15
4056.12  1.54759e-15
4058.95  1.51243e-15
4061.78  1.47371e-15
4064.61  1.43343e-15
4067.44  1.39361e-15
4070.27  1.3562e-15
4073.1   1.32285e-15
4075.93  1.29487e-15
4078.76  1.27308e-15
4081.59  1.25783e-15
4084.43  1.24896e-15
4087.26  1.2459e-15
4090.09  1.24772e-15
4092.92  1.25322e-15
4095.75  1.26105e-15
4098.58  1.26983e-15
4101.41  1.27827e-15
4104.24  1.28528e-15
4107.07  1.29009e-15
4109.9   1.29231e-15
4112.73  1.29201e-15
4115.57  1.28971e-15
4118.4   1.28637e-15
4121.23  1.28328e-15
4124.06  1.28192e-15
4126.89  1.28382e-15
4129.72  1.29029e-15
4132.55  1.30233e-15
4135.38  1.32037e-15
4138.21  1.34422e-15
4141.04  1.37305e-15
4143.87  1.40539e-15
4146.71  1.43931e-15
4149.54  1.47263e-15
4152.37  1.50313e-15
4155.2   1.52885e-15
4158.03  1.54825e-15
4160.86  1.56047e-15
4163.69  1.56532e-15
4166.52  1.56333e-15
4169.35  1.55562e-15
4172.18  1.54373e-15
4175.01  1.52941e-15
4177.85  1.51437e-15
4180.68  1.5001e-15
4183.51  1.48768e-15
4186.34  1.47776e-15
4189.17  1.47051e-15
4192     1.46572e-15
4194.83  1.4629e-15
4197.66  1.46144e-15
4200.49  1.46078e-15
4203.32  1.46045e-15
4206.15  1.46022e-15
4208.99  1.46006e-15
4211.82  1.46012e-15
4214.65  1.46065e-15
4217.48  1.46195e-15
4220.31  1.46425e-15
4223.14  1.46763e-15
4225.97  1.47208e-15
4228.8   1.47742e-15
4231.63  1.4834e-15
4234.46  1.48974e-15
4237.29  1.49623e-15
4240.13  1.5028e-15
4242.96  1.50953e-15
4245.79  1.5167e-15
4248.62  1.52474e-15
4251.45  1.53419e-15
4254.28  1.54557e-15
4257.11  1.55935e-15
4259.94  1.57582e-15
4262.77  1.59501e-15
4265.6   1.61672e-15
4268.43  1.64044e-15
4271.27  1.66544e-15
4274.1   1.69082e-15
4276.93  1.71557e-15
4279.76  1.73868e-15
4282.59  1.75918e-15
4285.42  1.77622e-15
4288.25  1.78908e-15
4291.08  1.79721e-15
4293.91  1.80015e-15
4296.74  1.79758e-15
4299.57  1.78927e-15
4302.41  1.77508e-15
4305.24  1.75496e-15
4308.07  1.72899e-15
4310.9   1.69741e-15
4313.73  1.66062e-15
4316.56  1.61927e-15
4319.39  1.57422e-15
4322.22  1.5265e-15
4325.05  1.47733e-15
4327.88  1.42794e-15
4330.71  1.37955e-15
4333.55  1.33323e-15
4336.38  1.28981e-15
4339.21  1.24983e-15
4342.04  1.21349e-15
4344.87  1.18067e-15
4347.7   1.151e-15
4350.53  1.12392e-15
4353.36  1.09878e-15
4356.19  1.07494e-15
4359.02  1.05182e-15
4361.85  1.02904e-15
4364.69  1.00634e-15
4367.52  9.83675e-16
4370.35  9.61161e-16
4373.18  9.39038e-16
4376.01  9.1765e-16
4378.84  8.97405e-16
4381.67  8.78751e-16
4384.5   8.62156e-16
4387.33  8.48086e-16
4390.16  8.36986e-16
4392.99  8.29254e-16
4395.83  8.252e-16
4398.66  8.25006e-16
4401.49  8.28679e-16
4404.32  8.36017e-16
4407.15  8.46588e-16
4409.98  8.59741e-16
4412.81  8.74647e-16
4415.64  8.90375e-16
4418.47  9.0599e-16
4421.3   9.2067e-16
4424.13  9.3382e-16
4426.96  9.45152e-16
4429.8   9.54743e-16
4432.63  9.63028e-16
4435.46  9.70746e-16
4438.29  9.78837e-16
4441.12  9.88305e-16
4443.95  1.00007e-15
4446.78  1.01483e-15
4449.61  1.03298e-15
4452.44  1.05452e-15
4455.27  1.07914e-15
4458.1   1.1062e-15
4460.94  1.13493e-15
4463.77  1.1645e-15
4466.6   1.19422e-15
4469.43  1.22361e-15
4472.26  1.2525e-15
4475.09  1.28105e-15
4477.92  1.30975e-15
4480.75  1.3393e-15
4483.58  1.37054e-15
4486.41  1.4043e-15
4489.24  1.44132e-15
4492.08  1.48212e-15
4494.91  1.52694e-15
4497.74  1.57572e-15
4500.57  1.62807e-15
4503.4   1.68332e-15
4506.23  1.7406e-15
4509.06  1.79884e-15
4511.89  1.85692e-15
4514.72  1.9137e-15
4517.55  1.96812e-15
4520.38  2.01925e-15
4523.22  2.06638e-15
4526.05  2.10907e-15
4528.88  2.14718e-15
4531.71  2.18091e-15
4534.54  2.21078e-15
4537.37  2.23761e-15
4540.2   2.26247e-15
4543.03  2.28656e-15
4545.86  2.31113e-15
4548.69  2.33735e-15
4551.52  2.36623e-15
4554.36  2.39849e-15
4557.19  2.43455e-15
4560.02  2.47449e-15
4562.85  2.51811e-15
4565.68  2.56499e-15
4568.51  2.61456e-15
4571.34  2.66622e-15
4574.17  2.7194e-15
4577     2.77361e-15
4579.83  2.82841e-15
4582.66  2.88337e-15
4585.5   2.93795e-15
4588.33  2.99138e-15
4591.16  3.04253e-15
4593.99  3.08984e-15
4596.82  3.13125e-15
4599.65  3.1643e-15
4602.48  3.18626e-15
4605.31  3.19434e-15
4608.14  3.18605e-15
4610.97  3.15947e-15
4613.8   3.11359e-15
4616.64  3.04849e-15
4619.47  2.96553e-15
4622.3   2.86726e-15
4625.13  2.75733e-15
4627.96  2.64007e-15
4630.79  2.52021e-15
4633.62  2.40232e-15
4636.45  2.29043e-15
4639.28  2.18762e-15
4642.11  2.0958e-15
4644.94  2.01559e-15
4647.78  1.94645e-15
4650.61  1.88688e-15
4653.44  1.83476e-15
4656.27  1.78786e-15
4659.1   1.74416e-15
4661.93  1.70229e-15
4664.76  1.66174e-15
4667.59  1.62294e-15
4670.42  1.5872e-15
4673.25  1.55647e-15
4676.08  1.53293e-15
4678.92  1.51862e-15
4681.75  1.51497e-15
4684.58  1.52243e-15
4687.41  1.54026e-15
4690.24  1.5664e-15
4693.07  1.59768e-15
4695.9   1.62999e-15
4698.73  1.65883e-15
4701.56  1.67975e-15
4704.39  1.6889e-15
4707.22  1.68352e-15
4710.06  1.66225e-15
4712.89  1.6253e-15
4715.72  1.57447e-15
4718.55  1.51287e-15
4721.38  1.44461e-15
4724.21  1.37428e-15
4727.04  1.30649e-15
4729.87  1.24534e-15
4732.7   1.19408e-15
4735.53  1.15481e-15
4738.36  1.1284e-15
4741.2   1.11456e-15
4744.03  1.11201e-15
4746.86  1.11879e-15
4749.69  1.13259e-15
4752.52  1.15106e-15
4755.35  1.17215e-15
4758.18  1.19425e-15
4761.01  1.21635e-15
4763.84  1.238e-15
4766.67  1.25921e-15
4769.5   1.28028e-15
4772.34  1.30161e-15
4775.17  1.32347e-15
4778     1.34583e-15
4780.83  1.36827e-15
4783.66  1.38993e-15
4786.49  1.40959e-15
4789.32  1.42578e-15
4792.15  1.43698e-15
4794.98  1.44187e-15
4797.81  1.43948e-15
4800.64  1.42941e-15
4803.48  1.4119e-15
4806.31  1.38788e-15
4809.14  1.35887e-15
4811.97  1.32687e-15
4814.8   1.29412e-15
4817.63  1.26292e-15
4820.46  1.23536e-15
4823.29  1.21315e-15
4826.12  1.19749e-15
4828.95  1.18901e-15
4831.78  1.18773e-15
4834.62  1.19317e-15
4837.45  1.20445e-15
4840.28  1.22042e-15
4843.11  1.23986e-15
4845.94  1.26156e-15
4848.77  1.28451e-15
4851.6   1.30795e-15
4854.43  1.3314e-15
4857.26  1.35473e-15
4860.09  1.37803e-15
4862.92  1.40164e-15
4865.76  1.42601e-15
4868.59  1.4516e-15
4871.42  1.47882e-15
4874.25  1.50791e-15
4877.08  1.53887e-15
4879.91  1.57147e-15
4882.74  1.60522e-15
4885.57  1.63943e-15
4888.4   1.67331e-15
4891.23  1.70604e-15
4894.06  1.7369e-15
4896.9   1.76539e-15
4899.73  1.79131e-15
4902.56  1.81475e-15
4905.39  1.83612e-15
4908.22  1.85602e-15
4911.05  1.87509e-15
4913.88  1.89388e-15
4916.71  1.91266e-15
4919.54  1.93126e-15
4922.37  1.94898e-15
4925.2   1.96462e-15
4928.04  1.97651e-15
4930.87  1.98272e-15
4933.7   1.98125e-15
4936.53  1.97034e-15
4939.36  1.94866e-15
4942.19  1.91558e-15
4945.02  1.87126e-15
4947.85  1.81668e-15
4950.68  1.75361e-15
4953.51  1.6844e-15
4956.34  1.61179e-15
4959.18  1.53862e-15
4962.01  1.46761e-15
4964.84  1.40113e-15
4967.67  1.34102e-15
4970.5   1.28853e-15
4973.33  1.24431e-15
4976.16  1.20842e-15
4978.99  1.18044e-15
4981.82  1.1596e-15
4984.65  1.14484e-15
4987.48  1.13499e-15
4990.32  1.12881e-15
4993.15  1.1251e-15
4995.98  1.12275e-15
4998.81  1.12082e-15
5001.64  1.11855e-15
5004.47  1.1154e-15
5007.3   1.11111e-15
5010.13  1.10564e-15
5012.96  1.09922e-15
5015.79  1.09225e-15
5018.62  1.0853e-15
5021.46  1.07896e-15
5024.29  1.07379e-15
5027.12  1.07024e-15
5029.95  1.06855e-15
5032.78  1.06873e-15
5035.61  1.07056e-15
5038.44  1.07361e-15
5041.27  1.07733e-15
5044.1   1.08117e-15
5046.93  1.0846e-15
5049.76  1.08727e-15
5052.6   1.08906e-15
5055.43  1.09007e-15
5058.26  1.0906e-15
5061.09  1.0911e-15
5063.92  1.09208e-15
5066.75  1.09398e-15
5069.58  1.09707e-15
5072.41  1.1014e-15
5075.24  1.10675e-15
5078.07  1.11267e-15
5080.9   1.1185e-15
5083.74  1.12353e-15
5086.57  1.12708e-15
5089.4   1.12862e-15
5092.23  1.1279e-15
5095.06  1.125e-15
5097.89  1.12033e-15
5100.72  1.11459e-15
5103.55  1.10873e-15
5106.38  1.10377e-15
5109.21  1.10073e-15
5112.04  1.10047e-15
5114.88  1.10361e-15
5117.71  1.11044e-15
5120.54  1.12093e-15
5123.37  1.13474e-15
5126.2   1.15125e-15
5129.03  1.16974e-15
5131.86  1.18939e-15
5134.69  1.20948e-15
5137.52  1.22944e-15
5140.35  1.24892e-15
5143.18  1.26786e-15
5146.02  1.28643e-15
5148.85  1.30504e-15
5151.68  1.32424e-15
5154.51  1.34465e-15
5157.34  1.36683e-15
5160.17  1.39119e-15
5163     1.41791e-15
5165.83  1.44693e-15
5168.66  1.47787e-15
5171.49  1.5101e-15
5174.32  1.54282e-15
5177.16  1.57511e-15
5179.99  1.60608e-15
5182.82  1.63497e-15
5185.65  1.66126e-15
5188.48  1.68473e-15
5191.31  1.70553e-15
5194.14  1.7241e-15
5196.97  1.7412e-15
5199.8   1.75776e-15
5202.63  1.77478e-15
5205.46  1.79322e-15
5208.3   1.81387e-15
5211.13  1.83726e-15
5213.96  1.86361e-15
5216.79  1.89281e-15
5219.62  1.92448e-15
5222.45  1.95798e-15
5225.28  1.99257e-15
5228.11  2.02742e-15
5230.94  2.06177e-15
5233.77  2.09496e-15
5236.6   2.12649e-15
5239.44  2.15604e-15
5242.27  2.18344e-15
5245.1   2.20867e-15
5247.93  2.2318e-15
5250.76  2.25295e-15
5253.59  2.27226e-15
5256.42  2.28986e-15
5259.25  2.30587e-15
5262.08  2.3204e-15
5264.91  2.33355e-15
5267.74  2.34544e-15
5270.58  2.35626e-15
5273.41  2.36621e-15
5276.24  2.37559e-15
5279.07  2.3847e-15
5281.9   2.39389e-15
5284.73  2.40348e-15
5287.56  2.41374e-15
5290.39  2.42485e-15
5293.22  2.43687e-15
5296.05  2.44975e-15
5298.88  2.46333e-15
5301.71  2.47734e-15
5304.55  2.49152e-15
5307.38  2.50562e-15
5310.21  2.51949e-15
5313.04  2.53315e-15
5315.87  2.54682e-15
5318.7   2.56091e-15
5321.53  2.57607e-15
5324.36  2.59306e-15
5327.19  2.61272e-15
5330.02  2.63589e-15
5332.85  2.66324e-15
5335.69  2.69523e-15
5338.52  2.732e-15
5341.35  2.77332e-15
5344.18  2.81861e-15
5347.01  2.86693e-15
5349.84  2.91708e-15
5352.67  2.96768e-15
5355.5   3.01731e-15
5358.33  3.0646e-15
5361.16  3.10834e-15
5363.99  3.14758e-15
5366.83  3.18167e-15
5369.66  3.21027e-15
5372.49  3.23335e-15
5375.32  3.25112e-15
5378.15  3.26399e-15
5380.98  3.27249e-15
5383.81  3.27722e-15
5386.64  3.27874e-15
5389.47  3.27756e-15
5392.3   3.27411e-15
5395.13  3.26871e-15
5397.97  3.26157e-15
5400.8   3.25282e-15
5403.63  3.24255e-15
5406.46  3.23083e-15
5409.29  3.21772e-15
5412.12  3.20336e-15
5414.95  3.18794e-15
5417.78  3.17172e-15
5420.61  3.15506e-15
5423.44  3.13836e-15
5426.27  3.1221e-15
5429.11  3.1068e-15
5431.94  3.09296e-15
5434.77  3.08109e-15
5437.6   3.0717e-15
5440.43  3.06524e-15
5443.26  3.06212e-15
5446.09  3.06269e-15
5448.92  3.06723e-15
5451.75  3.07592e-15
5454.58  3.08883e-15
5457.41  3.10592e-15
5460.25  3.12696e-15
5463.08  3.15164e-15
5465.91  3.17947e-15
5468.74  3.2099e-15
5471.57  3.2423e-15
5474.4   3.27604e-15
5477.23  3.31054e-15
5480.06  3.34528e-15
5482.89  3.3799e-15
5485.72  3.41412e-15
5488.55  3.44782e-15
5491.39  3.48095e-15
5494.22  3.5135e-15
5497.05  3.54547e-15
5499.88  3.5768e-15
5502.71  3.60735e-15
5505.54  3.63688e-15
5508.37  3.66507e-15
5511.2   3.69153e-15
5514.03  3.71588e-15
5516.86  3.73777e-15
5519.69  3.75698e-15
5522.53  3.77339e-15
5525.36  3.78708e-15
5528.19  3.79824e-15
5531.02  3.80717e-15
5533.85  3.81423e-15
5536.68  3.81974e-15
5539.51  3.82394e-15
5542.34  3.82691e-15
5545.17  3.82855e-15
5548     3.82857e-15
5550.83  3.82655e-15
5553.67  3.82196e-15
5556.5   3.81429e-15
5559.33  3.80309e-15
5562.16  3.78807e-15
5564.99  3.76917e-15
5567.82  3.74655e-15
5570.65  3.7206e-15
5573.48  3.6919e-15
5576.31  3.66113e-15
5579.14  3.62898e-15
5581.98  3.59608e-15
5584.81  3.56292e-15
5587.64  3.52981e-15
5590.47  3.49683e-15
5593.3   3.46387e-15
5596.13  3.4307e-15
5598.96  3.39696e-15
5601.79  3.36229e-15
5604.62  3.32638e-15
5607.45  3.28901e-15
5610.28  3.25007e-15
5613.11  3.20962e-15
5615.95  3.16781e-15
5618.78  3.1249e-15
5621.61  3.08123e-15
5624.44  3.03714e-15
5627.27  2.99297e-15
5630.1   2.949e-15
5632.93  2.90548e-15
5635.76  2.86257e-15
5638.59  2.8204e-15
5641.42  2.77904e-15
5644.25  2.73853e-15
5647.09  2.69894e-15
5649.92  2.6603e-15
5652.75  2.62269e-15
5655.58  2.5862e-15
5658.41  2.55094e-15
5661.24  2.51701e-15
5664.07  2.4845e-15
5666.9   2.4535e-15
5669.73  2.42404e-15
5672.56  2.39613e-15
5675.39  2.36975e-15
5678.23  2.34482e-15
5681.06  2.32126e-15
5683.89  2.29899e-15
5686.72  2.27793e-15
5689.55  2.25804e-15
5692.38  2.2393e-15
5695.21  2.22175e-15
5698.04  2.20548e-15
5700.87  2.19062e-15
5703.7   2.17733e-15
5706.53  2.1658e-15
5709.37  2.15621e-15
5712.2   2.14871e-15
5715.03  2.1434e-15
5717.86  2.14031e-15
5720.69  2.1394e-15
5723.52  2.14052e-15
5726.35  2.14345e-15
5729.18  2.1479e-15
5732.01  2.15356e-15
5734.84  2.16009e-15
5737.67  2.16721e-15
5740.51  2.17473e-15
5743.34  2.18254e-15
5746.17  2.1907e-15
5749     2.19939e-15
5751.83  2.20891e-15
5754.66  2.21966e-15
5757.49  2.2321e-15
5760.32  2.24666e-15
5763.15  2.2637e-15
5765.98  2.28346e-15
5768.81  2.30602e-15
5771.65  2.33126e-15
5774.48  2.35889e-15
5777.31  2.38843e-15
5780.14  2.4193e-15
5782.97  2.45084e-15
5785.8   2.48241e-15
5788.63  2.5134e-15
5791.46  2.54332e-15
5794.29  2.57185e-15
5797.12  2.59881e-15
5799.95  2.62419e-15
5802.79  2.6481e-15
5805.62  2.67077e-15
5808.45  2.69249e-15
5811.28  2.71352e-15
5814.11  2.73411e-15
5816.94  2.7544e-15
5819.77  2.77442e-15
5822.6   2.79408e-15
5825.43  2.81315e-15
5828.26  2.83132e-15
5831.09  2.84819e-15
5833.93  2.86337e-15
5836.76  2.8765e-15
5839.59  2.88731e-15
5842.42  2.89566e-15
5845.25  2.90158e-15
5848.08  2.90524e-15
5850.91  2.90693e-15
5853.74  2.90704e-15
5856.57  2.90593e-15
5859.4   2.90389e-15
5862.23  2.90105e-15
5865.07  2.89732e-15
5867.9   2.89239e-15
5870.73  2.88571e-15
5873.56  2.87655e-15
5876.39  2.86409e-15
5879.22  2.84754e-15
5882.05  2.82621e-15
5884.88  2.79969e-15
5887.71  2.76789e-15
5890.54  2.73107e-15
5893.37  2.68991e-15
5896.21  2.64542e-15
5899.04  2.59887e-15
5901.87  2.55168e-15
5904.7   2.50531e-15
5907.53  2.4611e-15
5910.36  2.42023e-15
5913.19  2.38355e-15
5916.02  2.35161e-15
5918.85  2.32463e-15
5921.68  2.3025e-15
5924.51  2.28488e-15
5927.35  2.27121e-15
5930.18  2.26083e-15
5933.01  2.25301e-15
5935.84  2.24699e-15
5938.67  2.24205e-15
5941.5   2.23748e-15
5944.33  2.23261e-15
5947.16  2.22677e-15
5949.99  2.21931e-15
5952.82  2.20958e-15
5955.65  2.19693e-15
5958.49  2.18074e-15
5961.32  2.16043e-15
5964.15  2.13552e-15
5966.98  2.10566e-15
5969.81  2.07068e-15
5972.64  2.03067e-15
5975.47  1.98593e-15
5978.3   1.93708e-15
5981.13  1.88497e-15
5983.96  1.83068e-15
5986.79  1.77546e-15
5989.63  1.72064e-15
5992.46  1.66758e-15
5995.29  1.61753e-15
5998.12  1.57164e-15
6000.95  1.53084e-15
6003.78  1.49582e-15
6006.61  1.46701e-15
6009.44  1.44463e-15
6012.27  1.42863e-15
6015.1   1.41879e-15
6017.93  1.41473e-15
6020.77  1.4159e-15
6023.6   1.42169e-15
6026.43  1.4314e-15
6029.26  1.44429e-15
6032.09  1.45958e-15
6034.92  1.47649e-15
6037.75  1.49428e-15
6040.58  1.51221e-15
6043.41  1.52958e-15
6046.24  1.54572e-15
6049.07  1.56003e-15
6051.91  1.57194e-15
6054.74  1.58094e-15
6057.57  1.58656e-15
6060.4   1.58846e-15
6063.23  1.58636e-15
6066.06  1.58016e-15
6068.89  1.56991e-15
6071.72  1.55586e-15
6074.55  1.53844e-15
6077.38  1.5183e-15
6080.21  1.49624e-15
6083.05  1.47319e-15
6085.88  1.45015e-15
6088.71  1.42813e-15
6091.54  1.40811e-15
6094.37  1.39096e-15
6097.2   1.37741e-15
6100.03  1.36803e-15
6102.86  1.36321e-15
6105.69  1.36317e-15
6108.52  1.36792e-15
6111.35  1.37733e-15
6114.19  1.39108e-15
6117.02  1.40872e-15
6119.85  1.42967e-15
6122.68  1.45322e-15
6125.51  1.4786e-15
6128.34  1.50501e-15
6131.17  1.53164e-15
6134     1.55773e-15
6136.83  1.5826e-15
6139.66  1.60574e-15
6142.49  1.62675e-15
6145.33  1.64542e-15
6148.16  1.66172e-15
6150.99  1.67573e-15
6153.82  1.68766e-15
6156.65  1.69773e-15
6159.48  1.70622e-15
6162.31  1.7133e-15
6165.14  1.71908e-15
6167.97  1.72354e-15
6170.8   1.72655e-15
6173.63  1.72788e-15
6176.46  1.72722e-15
6179.3   1.7243e-15
6182.13  1.71887e-15
6184.96  1.71083e-15
6187.79  1.70026e-15
6190.62  1.68746e-15
6193.45  1.67293e-15
6196.28  1.65739e-15
6199.11  1.64171e-15
6201.94  1.62685e-15
6204.77  1.61376e-15
6207.6   1.60333e-15
6210.44  1.59633e-15
6213.27  1.59326e-15
6216.1   1.59443e-15
6218.93  1.59984e-15
6221.76  1.60922e-15
6224.59  1.62208e-15
6227.42  1.63772e-15
6230.25  1.65526e-15
6233.08  1.67376e-15
6235.91  1.69223e-15
6238.74  1.70972e-15
6241.58  1.7254e-15
6244.41  1.73854e-15
6247.24  1.74862e-15
6250.07  1.75536e-15
6252.9   1.75865e-15
6255.73  1.75863e-15
6258.56  1.75563e-15
6261.39  1.75015e-15
6264.22  1.74275e-15
6267.05  1.7341e-15
6269.88  1.7248e-15
6272.72  1.71542e-15
6275.55  1.70641e-15
6278.38  1.69808e-15
6281.21  1.6906e-15
6284.04  1.68398e-15
6286.87  1.67816e-15
6289.7   1.67296e-15
6292.53  1.66821e-15
6295.36  1.66373e-15
6298.19  1.65941e-15
6301.03  1.65519e-15
6303.86  1.65112e-15
6306.69  1.64731e-15
6309.52  1.64392e-15
6312.35  1.64116e-15
6315.18  1.63925e-15
6318.01  1.63837e-15
6320.84  1.63868e-15
6323.67  1.64028e-15
6326.5   1.64323e-15
6329.33  1.64756e-15
6332.17  1.65324e-15
6335     1.66027e-15
6337.83  1.66862e-15
6340.66  1.6783e-15
6343.49  1.68932e-15
6346.32  1.70172e-15
6349.15  1.71555e-15
6351.98  1.73086e-15
6354.81  1.74767e-15
6357.64  1.76598e-15
6360.47  1.78574e-15
6363.31  1.80682e-15
6366.14  1.82906e-15
6368.97  1.85222e-15
6371.8   1.87605e-15
6374.63  1.90024e-15
6377.46  1.92455e-15
6380.29  1.94874e-15
6383.12  1.97266e-15
6385.95  1.99629e-15
6388.78  2.01968e-15
6391.61  2.043e-15
6394.45  2.06652e-15
6397.28  2.0905e-15
6400.11  2.11522e-15
6402.94  2.14089e-15
6405.77  2.16759e-15
6408.6   2.19527e-15
6411.43  2.22374e-15
6414.26  2.25267e-15
6417.09  2.28167e-15
6419.92  2.31032e-15
6422.75  2.33824e-15
6425.59  2.36518e-15
6428.42  2.39103e-15
6431.25  2.41583e-15
6434.08  2.43979e-15
6436.91  2.46319e-15
6439.74  2.48636e-15
6442.57  2.50957e-15
6445.4   2.53298e-15
6448.23  2.55659e-15
6451.06  2.58023e-15
6453.89  2.60357e-15
6456.72  2.62619e-15
6459.56  2.64761e-15
6462.39  2.6674e-15
6465.22  2.68525e-15
6468.05  2.70099e-15
6470.88  2.71463e-15
6473.71  2.72633e-15
6476.54  2.7364e-15
6479.37  2.74518e-15
6482.2   2.753e-15
6485.03  2.76015e-15
6487.86  2.76684e-15
6490.7   2.77312e-15
6493.53  2.77899e-15
6496.36  2.78435e-15
6499.19  2.78907e-15
6502.02  2.793e-15
6504.85  2.79605e-15
6507.68  2.79814e-15
6510.51  2.79927e-15
6513.34  2.79946e-15
6516.17  2.79876e-15
6519     2.7972e-15
6521.84  2.79483e-15
6524.67  2.79167e-15
6527.5   2.78772e-15
6530.33  2.78299e-15
6533.16  2.77747e-15
6535.99  2.77122e-15
6538.82  2.76431e-15
6541.65  2.75683e-15
6544.48  2.74893e-15
6547.31  2.74075e-15
6550.14  2.73241e-15
6552.98  2.724e-15
6555.81  2.71554e-15
6558.64  2.70696e-15
6561.47  2.69815e-15
6564.3   2.68892e-15
6567.13  2.67904e-15
6569.96  2.6683e-15
6572.79  2.65655e-15
6575.62  2.64366e-15
6578.45  2.62966e-15
6581.28  2.61463e-15
6584.12  2.59875e-15
6586.95  2.58228e-15
6589.78  2.56547e-15
6592.61  2.54858e-15
6595.44  2.53178e-15
6598.27  2.51518e-15
6601.1   2.49876e-15
6603.93  2.48242e-15
6606.76  2.46596e-15
6609.59  2.44915e-15
6612.42  2.43172e-15
6615.26  2.41342e-15
6618.09  2.39408e-15
6620.92  2.37354e-15
6623.75  2.35176e-15
6626.58  2.32873e-15
6629.41  2.30451e-15
6632.24  2.2792e-15
6635.07  2.2529e-15
6637.9   2.22573e-15
6640.73  2.1978e-15
6643.56  2.16919e-15
6646.4   2.14e-15
6649.23  2.11032e-15
6652.06  2.08021e-15
6654.89  2.04979e-15
6657.72  2.01917e-15
6660.55  1.98847e-15
6663.38  1.95785e-15
6666.21  1.92745e-15
6669.04  1.89743e-15
6671.87  1.8679e-15
6674.7   1.8389e-15
6677.54  1.81041e-15
6680.37  1.78227e-15
6683.2   1.75425e-15
6686.03  1.72601e-15
6688.86  1.69719e-15
6691.69  1.66741e-15
6694.52  1.63644e-15
6697.35  1.60421e-15
6700.18  1.57092e-15
6703.01  1.53706e-15
6705.84  1.50341e-15
6708.68  1.47097e-15
6711.51  1.44088e-15
6714.34  1.41424e-15
6717.17  1.39192e-15
6720     1.37447e-15
6722.83  1.36192e-15
6725.66  1.35376e-15
6728.49  1.34897e-15
6731.32  1.34611e-15
6734.15  1.34353e-15
6736.98  1.33957e-15
6739.82  1.33281e-15
6742.65  1.32229e-15
6745.48  1.30765e-15
6748.31  1.28918e-15
6751.14  1.2678e-15
6753.97  1.24487e-15
6756.8   1.22203e-15
6759.63  1.20092e-15
6762.46  1.18296e-15
6765.29  1.16918e-15
6768.12  1.16004e-15
6770.96  1.15545e-15
6773.79  1.1548e-15
6776.62  1.15711e-15
6779.45  1.16115e-15
6782.28  1.16568e-15
6785.11  1.16961e-15
6787.94  1.17212e-15
6790.77  1.17275e-15
6793.6   1.17144e-15
6796.43  1.16845e-15
6799.26  1.16434e-15
6802.1   1.15979e-15
6804.93  1.15552e-15
6807.76  1.15219e-15
6810.59  1.15027e-15
6813.42  1.15003e-15
6816.25  1.1515e-15
6819.08  1.15451e-15
6821.91  1.1587e-15
6824.74  1.16363e-15
6827.57  1.16883e-15
6830.4   1.17388e-15
6833.24  1.17845e-15
6836.07  1.18235e-15
6838.9   1.18551e-15
6841.73  1.18799e-15
6844.56  1.18992e-15
6847.39  1.19148e-15
6850.22  1.19282e-15
6853.05  1.19404e-15
6855.88  1.19517e-15
6858.71  1.19613e-15
6861.54  1.19677e-15
6864.38  1.19689e-15
6867.21  1.19626e-15
6870.04  1.19472e-15
6872.87  1.19212e-15
6875.7   1.18846e-15
6878.53  1.18378e-15
6881.36  1.17823e-15
6884.19  1.17202e-15
6887.02  1.16536e-15
6889.85  1.15847e-15
6892.68  1.15148e-15
6895.52  1.14448e-15
6898.35  1.13744e-15
6901.18  1.13028e-15
6904.01  1.12286e-15
6906.84  1.11501e-15
6909.67  1.10659e-15
6912.5   1.0975e-15
6915.33  1.08772e-15
6918.16  1.07731e-15
6920.99  1.06639e-15
6923.82  1.05515e-15
6926.66  1.0438e-15
6929.49  1.03255e-15
6932.32  1.02162e-15
6935.15  1.01114e-15
6937.98  1.00123e-15
6940.81  9.9199e-16
6943.64  9.83463e-16
6946.47  9.7571e-16
6949.3   9.68797e-16
6952.13  9.62812e-16
6954.96  9.57856e-16
6957.8   9.54037e-16
6960.63  9.51443e-16
6963.46  9.50117e-16
6966.29  9.50032e-16
6969.12  9.51071e-16
6971.95  9.53018e-16
6974.78  9.55564e-16
6977.61  9.58322e-16
6980.44  9.60863e-16
6983.27  9.62749e-16
6986.1   9.63577e-16
6988.94  9.63016e-16
6991.77  9.60834e-16
6994.6   9.56923e-16
6997.43  9.51305e-16
7000.26  9.44122e-16
7003.09  9.35629e-16
7005.92  9.26164e-16
7008.75  9.16118e-16
7011.58  9.05908e-16
7014.41  8.95942e-16
7017.24  8.86594e-16
7020.08  8.7818e-16
7022.91  8.70941e-16
7025.74  8.65036e-16
7028.57  8.60537e-16
7031.4   8.57435e-16
7034.23  8.55649e-16
7037.06  8.55041e-16
7039.89  8.55438e-16
7042.72  8.56646e-16
7045.55  8.58477e-16
7048.38  8.6076e-16
7051.22  8.63358e-16
7054.05  8.66175e-16
7056.88  8.69154e-16
7059.71  8.72276e-16
7062.54  8.75542e-16
7065.37  8.78961e-16
7068.2   8.82535e-16
7071.03  8.86239e-16
7073.86  8.90016e-16
7076.69  8.93772e-16
7079.52  8.97385e-16
7082.36  9.00712e-16
7085.19  9.03615e-16
7088.02  9.05974e-16
7090.85  9.07713e-16
7093.68  9.08809e-16
7096.51  9.09299e-16
7099.34  9.0928e-16
7102.17  9.08896e-16
7105     9.0832e-16
7107.83  9.07735e-16
7110.66  9.07313e-16
7113.5   9.07196e-16
7116.33  9.07487e-16
7119.16  9.08242e-16
7121.99  9.0947e-16
7124.82  9.11143e-16
7127.65  9.13201e-16
7130.48  9.15564e-16
7133.31  9.18137e-16
7136.14  9.20825e-16
7138.97  9.23535e-16
7141.8   9.2618e-16
7144.64  9.2869e-16
7147.47  9.31014e-16
7150.3   9.33126e-16
7153.13  9.35034e-16
7155.96  9.36781e-16
7158.79  9.38449e-16
7161.62  9.40156e-16
7164.45  9.4205e-16
7167.28  9.44301e-16
7170.11  9.47085e-16
7172.94  9.50571e-16
7175.78  9.54905e-16
7178.61  9.60198e-16
7181.44  9.66516e-16
7184.27  9.73878e-16
7187.1   9.82255e-16
7189.93  9.91578e-16
7192.76  1.00175e-15
7195.59  1.01264e-15
7198.42  1.02414e-15
7201.25  1.03613e-15
7204.08  1.04852e-15
7206.92  1.06123e-15
7209.75  1.07423e-15
7212.58  1.08748e-15
7215.41  1.10097e-15
7218.24  1.11467e-15
7221.07  1.12853e-15
7223.9   1.14248e-15
7226.73  1.1564e-15
7229.56  1.17013e-15
7232.39  1.1835e-15
7235.22  1.19636e-15
7238.06  1.20855e-15
7240.89  1.22e-15
7243.72  1.23068e-15
7246.55  1.24066e-15
7249.38  1.25009e-15
7252.21  1.25917e-15
7255.04  1.26812e-15
7257.87  1.27715e-15
7260.7   1.28639e-15
7263.53  1.29591e-15
7266.36  1.30564e-15
7269.2   1.31541e-15
7272.03  1.32497e-15
7274.86  1.33399e-15
7277.69  1.34214e-15
7280.52  1.34914e-15
7283.35  1.35476e-15
7286.18  1.35893e-15
7289.01  1.36165e-15
7291.84  1.36308e-15
7294.67  1.36344e-15
7297.5   1.36301e-15
7300.34  1.36206e-15
7303.17  1.36082e-15
7306     1.35944e-15
7308.83  1.35795e-15
7311.66  1.35629e-15
7314.49  1.35433e-15
7317.32  1.3519e-15
7320.15  1.34881e-15
7322.98  1.34493e-15
7325.81  1.34021e-15
7328.64  1.33472e-15
7331.47  1.32863e-15
7334.31  1.32222e-15
7337.14  1.31582e-15
7339.97  1.3098e-15
7342.8   1.30452e-15
7345.63  1.30025e-15
7348.46  1.29717e-15
7351.29  1.29533e-15
7354.12  1.29462e-15
7356.95  1.29483e-15
7359.78  1.29563e-15
7362.61  1.29662e-15
7365.45  1.29742e-15
7368.28  1.29763e-15
7371.11  1.29696e-15
7373.94  1.29522e-15
7376.77  1.29235e-15
7379.6   1.28844e-15
7382.43  1.28367e-15
7385.26  1.27833e-15
7388.09  1.27276e-15
7390.92  1.26729e-15
7393.75  1.26221e-15
7396.59  1.25773e-15
7399.42  1.25398e-15
7402.25  1.25094e-15
7405.08  1.24854e-15
7407.91  1.24664e-15
7410.74  1.24508e-15
7413.57  1.24374e-15
7416.4   1.24256e-15
7419.23  1.24161e-15
7422.06  1.24109e-15
7424.89  1.24128e-15
7427.73  1.24257e-15
7430.56  1.24539e-15
7433.39  1.25012e-15
7436.22  1.25708e-15
7439.05  1.26641e-15
7441.88  1.27812e-15
7444.71  1.29197e-15
7447.54  1.30758e-15
7450.37  1.32439e-15
7453.2   1.34174e-15
7456.03  1.35894e-15
7458.87  1.37532e-15
7461.7   1.39032e-15
7464.53  1.40348e-15
7467.36  1.41453e-15
7470.19  1.42334e-15
7473.02  1.42995e-15
7475.85  1.43452e-15
7478.68  1.4373e-15
7481.51  1.43858e-15
7484.34  1.43867e-15
7487.17  1.43783e-15
7490.01  1.4363e-15
7492.84  1.43425e-15
7495.67  1.43177e-15
7498.5   1.42889e-15
7501.33  1.42556e-15
7504.16  1.42171e-15
7506.99  1.41722e-15
7509.82  1.41198e-15
7512.65  1.40588e-15
7515.48  1.39887e-15
7518.31  1.39094e-15
7521.15  1.38212e-15
7523.98  1.37251e-15
7526.81  1.36225e-15
7529.64  1.35152e-15
7532.47  1.34047e-15
7535.3   1.32924e-15
7538.13  1.31795e-15
7540.96  1.30664e-15
7543.79  1.29532e-15
7546.62  1.28398e-15
7549.45  1.27258e-15
7552.29  1.26111e-15
7555.12  1.2496e-15
7557.95  1.23815e-15
7560.78  1.22691e-15
7563.61  1.21613e-15
7566.44  1.20607e-15
7569.27  1.19702e-15
7572.1   1.18926e-15
7574.93  1.18302e-15
7577.76  1.17844e-15
7580.59  1.17558e-15
7583.43  1.17442e-15
7586.26  1.17488e-15
7589.09  1.1768e-15
7591.92  1.18002e-15
7594.75  1.18436e-15
7597.58  1.18965e-15
7600.41  1.19577e-15
7603.24  1.20258e-15
7606.07  1.20999e-15
7608.9   1.21791e-15
7611.73  1.22624e-15
7614.57  1.23487e-15
7617.4   1.24373e-15
7620.23  1.25272e-15
7623.06  1.26177e-15
7625.89  1.27086e-15
7628.72  1.27999e-15
7631.55  1.28919e-15
7634.38  1.29854e-15
7637.21  1.30813e-15
7640.04  1.31802e-15
7642.87  1.32827e-15
7645.71  1.33889e-15
7648.54  1.34985e-15
7651.37  1.36105e-15
7654.2   1.37241e-15
7657.03  1.38381e-15
7659.86  1.39515e-15
7662.69  1.40635e-15
7665.52  1.41738e-15
7668.35  1.42824e-15
7671.18  1.43896e-15
7674.01  1.44956e-15
7676.85  1.46006e-15
7679.68  1.47043e-15
7682.51  1.48061e-15
7685.34  1.49045e-15
7688.17  1.49979e-15
7691     1.50845e-15
7693.83  1.51625e-15
7696.66  1.52305e-15
7699.49  1.52882e-15
7702.32  1.53359e-15
7705.15  1.53751e-15
7707.99  1.54082e-15
7710.82  1.54381e-15
7713.65  1.54679e-15
7716.48  1.55007e-15
7719.31  1.55386e-15
7722.14  1.5583e-15
7724.97  1.56338e-15
7727.8   1.56899e-15
7730.63  1.57492e-15
7733.46  1.58087e-15
7736.29  1.58654e-15
7739.13  1.59162e-15
7741.96  1.59588e-15
7744.79  1.59917e-15
7747.62  1.60145e-15
7750.45  1.60274e-15
7753.28  1.60317e-15
7756.11  1.60291e-15
7758.94  1.60212e-15
7761.77  1.60098e-15
7764.6   1.59961e-15
7767.43  1.5981e-15
7770.27  1.59645e-15
7773.1   1.59466e-15
7775.93  1.59264e-15
7778.76  1.5903e-15
7781.59  1.58755e-15
7784.42  1.58429e-15
7787.25  1.58045e-15
7790.08  1.57598e-15
7792.91  1.57087e-15
7795.74  1.56511e-15
7798.57  1.55876e-15
7801.41  1.55184e-15
7804.24  1.54442e-15
7807.07  1.53654e-15
7809.9   1.52825e-15
7812.73  1.51956e-15
7815.56  1.51047e-15
7818.39  1.50097e-15
7821.22  1.49098e-15
7824.05  1.48045e-15
7826.88  1.4693e-15
7829.71  1.45745e-15
7832.55  1.44485e-15
7835.38  1.43145e-15
7838.21  1.41725e-15
7841.04  1.40229e-15
7843.87  1.38664e-15
7846.7   1.37039e-15
7849.53  1.35365e-15
7852.36  1.33653e-15
7855.19  1.31916e-15
7858.02  1.30162e-15
7860.85  1.28397e-15
7863.69  1.2663e-15
7866.52  1.24862e-15
7869.35  1.23101e-15
7872.18  1.2135e-15
7875.01  1.19617e-15
7877.84  1.17909e-15
7880.67  1.16235e-15
7883.5   1.14604e-15
7886.33  1.13023e-15
7889.16  1.11496e-15
7891.99  1.10021e-15
7894.83  1.08593e-15
7897.66  1.07203e-15
7900.49  1.05838e-15
7903.32  1.04481e-15
7906.15  1.03121e-15
7908.98  1.01746e-15
7911.81  1.00351e-15
7914.64  9.89366e-16
7917.47  9.75119e-16
7920.3   9.60909e-16
7923.13  9.4692e-16
7925.97  9.33361e-16
7928.8   9.20429e-16
7931.63  9.08289e-16
7934.46  8.97045e-16
7937.29  8.86728e-16
7940.12  8.77288e-16
7942.95  8.686e-16
7945.78  8.60483e-16
7948.61  8.52722e-16
7951.44  8.45099e-16
7954.27  8.37431e-16
7957.11  8.29593e-16
7959.94  8.21545e-16
7962.77  8.13336e-16
7965.6   8.05102e-16
7968.43  7.97045e-16
7971.26  7.89399e-16
7974.09  7.82391e-16
7976.92  7.76201e-16
7979.75  7.70922e-16
7982.58  7.66539e-16
7985.41  7.6292e-16
7988.25  7.59831e-16
7991.08  7.56958e-16
7993.91  7.53954e-16
7996.74  7.50488e-16
7999.57  7.46295e-16
8002.4   7.41211e-16
8005.23  7.35205e-16
8008.06  7.28381e-16
8010.89  7.2096e-16
8013.72  7.13252e-16
8016.55  7.05605e-16
8019.39  6.98356e-16
8022.22  6.91781e-16
8025.05  6.86057e-16
8027.88  6.81239e-16
8030.71  6.77259e-16
8033.54  6.73939e-16
8036.37  6.71023e-16
8039.2   6.68216e-16
8042.03  6.65225e-16
8044.86  6.61799e-16
8047.69  6.57753e-16
8050.53  6.52987e-16
8053.36  6.47479e-16
8056.19  6.41276e-16
8059.02  6.3447e-16
8061.85  6.27175e-16
8064.68  6.19498e-16
8067.51  6.11525e-16
8070.34  6.03315e-16
8073.17  5.94898e-16
8076     5.8629e-16
8078.83  5.77512e-16
8081.67  5.68604e-16
8084.5   5.59641e-16
8087.33  5.50737e-16
8090.16  5.42031e-16
8092.99  5.33672e-16
8095.82  5.25783e-16
8098.65  5.18425e-16
8101.48  5.11562e-16
8104.31  5.05039e-16
8107.14  4.98568e-16
8109.97  4.91741e-16
8112.81  4.84065e-16
8115.64  4.75012e-16
8118.47  4.64081e-16
8121.3   4.50871e-16
8124.13  4.35135e-16
8126.96  4.16831e-16
8129.79  3.9614e-16
8132.62  3.7346e-16
8135.45  3.49373e-16
8138.28  3.24588e-16
8141.11  2.99869e-16
8143.95  2.7596e-16
8146.78  2.53518e-16
8149.61  2.33057e-16
8152.44  2.1492e-16
8155.27  1.99269e-16
8158.1   1.86101e-16
8160.93  1.75286e-16
8163.76  1.66603e-16
8166.59  1.59793e-16
8169.42  1.54592e-16
8172.25  1.50766e-16
8175.09  1.48121e-16
8177.92  1.46509e-16
8180.75  1.4582e-16
8183.58  1.45973e-16
8186.41  1.46899e-16
8189.24  1.48532e-16
8192.07  1.50806e-16
8194.9   1.53659e-16
8197.73  1.57031e-16
8200.56  1.60878e-16
8203.39  1.65179e-16
8206.23  1.69934e-16
8209.06  1.75171e-16
8211.89  1.80933e-16
8214.72  1.8728e-16
8217.55  1.94269e-16
8220.38  2.01956e-16
8223.21  2.10389e-16
8226.04  2.19606e-16
8228.87  2.29646e-16
8231.7   2.40549e-16
8234.53  2.52367e-16
8237.36  2.65163e-16
8240.2   2.79001e-16
8243.03  2.93937e-16
8245.86  3.09986e-16
8248.69  3.27091e-16
8251.52  3.45085e-16
8254.35  3.63662e-16
8257.18  3.82354e-16
8260.01  4.00529e-16
8262.84  4.17417e-16
8265.67  4.32158e-16
8268.51  4.43874e-16
8271.34  4.51759e-16
8274.17  4.55174e-16
8277     4.53732e-16
8279.83  4.47365e-16
8282.66  4.36353e-16
8285.49  4.21318e-16
8288.32  4.03172e-16
8291.15  3.83032e-16
8293.98  3.62112e-16
8296.81  3.41607e-16
8299.64  3.22583e-16
8302.48  3.05894e-16
8305.31  2.92137e-16
8308.14  2.81646e-16
8310.97  2.74521e-16
8313.8   2.70697e-16
8316.63  2.70017e-16
8319.46  2.72312e-16
8322.29  2.77467e-16
8325.12  2.85454e-16
8327.95  2.96341e-16
8330.79  3.10269e-16
8333.62  3.274e-16
8336.45  3.4786e-16
8339.28  3.71676e-16
8342.11  3.98732e-16
8344.94  4.28739e-16
8347.77  4.61244e-16
8350.6   4.95649e-16
8353.43  5.3127e-16
8356.26  5.67393e-16
8359.09  6.03342e-16
8361.92  6.38532e-16
8364.76  6.72512e-16
8367.59  7.04985e-16
8370.42  7.35804e-16
8373.25  7.64954e-16
8376.08  7.92515e-16
8378.91  8.18627e-16
8381.74  8.43447e-16
8384.57  8.67119e-16
8387.4   8.89747e-16
8390.23  9.11391e-16
8393.07  9.32061e-16
8395.9   9.51732e-16
8398.73  9.70354e-16
8401.56  9.87867e-16
8404.39  1.00422e-15
8407.22  1.01938e-15
8410.05  1.03333e-15
8412.88  1.04609e-15
8415.71  1.05771e-15
8418.54  1.06824e-15
8421.37  1.07777e-15
8424.2   1.0864e-15
8427.04  1.09422e-15
8429.87  1.10133e-15
8432.7   1.10784e-15
8435.53  1.11383e-15
8438.36  1.11937e-15
8441.19  1.12452e-15
8444.02  1.12931e-15
8446.85  1.13379e-15
8449.68  1.13795e-15
8452.51  1.14181e-15
8455.35  1.14538e-15
8458.18  1.14868e-15
8461.01  1.15173e-15
8463.84  1.15456e-15
8466.67  1.15722e-15
8469.5   1.15977e-15
8472.33  1.16224e-15
8475.16  1.16471e-15
8477.99  1.16722e-15
8480.82  1.1698e-15
8483.65  1.17251e-15
8486.48  1.17537e-15
8489.32  1.17842e-15
8492.15  1.18165e-15
8494.98  1.18508e-15
8497.81  1.18867e-15
8500.64  1.19239e-15
8503.47  1.19614e-15
8506.3   1.19984e-15
8509.13  1.20333e-15
8511.96  1.2065e-15
8514.79  1.2092e-15
8517.62  1.21133e-15
8520.46  1.21283e-15
8523.29  1.21371e-15
8526.12  1.21401e-15
8528.95  1.21385e-15
8531.78  1.21338e-15
8534.61  1.21277e-15
8537.44  1.2122e-15
8540.27  1.2118e-15
8543.1   1.21169e-15
8545.93  1.21191e-15
8548.76  1.21248e-15
8551.6   1.21335e-15
8554.43  1.21448e-15
8557.26  1.21579e-15
8560.09  1.21722e-15
8562.92  1.2187e-15
8565.75  1.2202e-15
8568.58  1.22165e-15
8571.41  1.22302e-15
8574.24  1.22424e-15
8577.07  1.22523e-15
8579.9   1.22588e-15
8582.74  1.22608e-15
8585.57  1.22572e-15
8588.4   1.2247e-15
8591.23  1.22297e-15
8594.06  1.22055e-15
8596.89  1.21753e-15
8599.72  1.21408e-15
8602.55  1.21048e-15
8605.38  1.20707e-15
8608.21  1.2042e-15
8611.04  1.20224e-15
8613.88  1.20153e-15
8616.71  1.20228e-15
8619.54  1.20461e-15
8622.37  1.20847e-15
8625.2   1.21366e-15
8628.03  1.21986e-15
8630.86  1.22664e-15
8633.69  1.23353e-15
8636.52  1.24007e-15
8639.35  1.24589e-15
8642.18  1.25073e-15
8645.02  1.25448e-15
8647.85  1.2572e-15
8650.68  1.25907e-15
8653.51  1.2604e-15
8656.34  1.26152e-15
8659.17  1.26277e-15
8662     1.26445e-15
8664.83  1.26674e-15
8667.66  1.26973e-15
8670.49  1.27338e-15
8673.32  1.27756e-15
8676.16  1.28211e-15
8678.99  1.28682e-15
8681.82  1.29153e-15
8684.65  1.29612e-15
8687.48  1.30056e-15
8690.31  1.3049e-15
8693.14  1.30922e-15
8695.97  1.31366e-15
8698.8   1.31835e-15
8701.63  1.32339e-15
8704.46  1.32881e-15
8707.3   1.33459e-15
8710.13  1.34064e-15
8712.96  1.34681e-15
8715.79  1.35293e-15
8718.62  1.35885e-15
8721.45  1.36443e-15
8724.28  1.36956e-15
8727.11  1.37421e-15
8729.94  1.37835e-15
8732.77  1.38201e-15
8735.6   1.38521e-15
8738.44  1.38798e-15
8741.27  1.3903e-15
8744.1   1.39217e-15
8746.93  1.39353e-15
8749.76  1.39432e-15
8752.59  1.39453e-15
8755.42  1.39415e-15
8758.25  1.39325e-15
8761.08  1.39195e-15
8763.91  1.39042e-15
8766.74  1.38888e-15
8769.57  1.38755e-15
8772.41  1.3866e-15
8775.24  1.38615e-15
8778.07  1.38623e-15
8780.9   1.38675e-15
8783.73  1.38752e-15
8786.56  1.38828e-15
8789.39  1.38875e-15
8792.22  1.38863e-15
8795.05  1.38771e-15
8797.88  1.38586e-15
8800.72  1.38309e-15
8803.55  1.37953e-15
8806.38  1.37542e-15
8809.21  1.37106e-15
8812.04  1.36679e-15
8814.87  1.36289e-15
8817.7   1.3596e-15
8820.53  1.35701e-15
8823.36  1.35513e-15
8826.19  1.35381e-15
8829.02  1.35284e-15
8831.86  1.35192e-15
8834.69  1.35074e-15
8837.52  1.349e-15
8840.35  1.34647e-15
8843.18  1.34298e-15
8846.01  1.33847e-15
8848.84  1.33296e-15
8851.67  1.32658e-15
8854.5   1.31952e-15
8857.33  1.31202e-15
8860.16  1.30433e-15
8863     1.29669e-15
8865.83  1.28928e-15
8868.66  1.28224e-15
8871.49  1.27557e-15
8874.32  1.26921e-15
8877.15  1.26296e-15
8879.98  1.25657e-15
8882.81  1.24971e-15
8885.64  1.24204e-15
8888.47  1.23326e-15
8891.3   1.22312e-15
8894.14  1.21148e-15
8896.97  1.19832e-15
8899.8   1.18374e-15
8902.63  1.16797e-15
8905.46  1.15131e-15
8908.29  1.13414e-15
8911.12  1.11685e-15
8913.95  1.09982e-15
8916.78  1.08336e-15
8919.61  1.06775e-15
8922.44  1.05317e-15
8925.28  1.0397e-15
8928.11  1.02736e-15
8930.94  1.01608e-15
8933.77  1.00572e-15
8936.6   9.96105e-16
8939.43  9.87044e-16
8942.26  9.7834e-16
8945.09  9.69829e-16
8947.92  9.61404e-16
8950.75  9.53036e-16
8953.58  9.44771e-16
8956.42  9.3673e-16
8959.25  9.29075e-16
8962.08  9.21971e-16
8964.91  9.15535e-16
8967.74  9.09784e-16
8970.57  9.04596e-16
8973.4   8.99693e-16
8976.23  8.94648e-16
8979.06  8.88935e-16
8981.89  8.81991e-16
8984.72  8.73311e-16
8987.56  8.62534e-16
8990.39  8.49524e-16
8993.22  8.34412e-16
8996.05  8.17607e-16
8998.88  7.99752e-16
9001.71  7.81646e-16
9004.54  7.64142e-16
9007.37  7.48028e-16
9010.2   7.33927e-16
9013.03  7.22231e-16
9015.86  7.13068e-16
9018.7   7.06318e-16
9021.53  7.01675e-16
9024.36  6.98713e-16
9027.19  6.96982e-16
9030.02  6.96066e-16
9032.85  6.95635e-16
9035.68  6.95459e-16
9038.51  6.95399e-16
9041.34  6.95382e-16
9044.17  6.95379e-16
9047     6.95379e-16
9049.83  6.95379e-16