3586.76  2.42214e-16
3588.2   3.45247e-16
3589.65  4.59435e-16
3591.09  5.74731e-16
3592.54  6.8009e-16
3593.99  7.6494e-16
3595.43  8.20688e-16
3596.88  8.42028e-16
3598.33  8.27872e-16
3599.77  7.81751e-16
3601.22  7.11617e-16
3602.66  6.29069e-16
3604.11  5.48075e-16
3605.56  4.83359e-16
3607     4.48613e-16
3608.45  4.54769e-16
3609.9   5.08512e-16
3611.34  6.11234e-16
3612.79  7.58554e-16
3614.23  9.40516e-16
3615.68  1.14246e-15
3617.13  1.34654e-15
3618.57  1.53365e-15
3620.02  1.68576e-15
3621.47  1.78809e-15
3622.91  1.8311e-15
3624.36  1.81189e-15
3625.8   1.73478e-15
3627.25  1.61106e-15
3628.7   1.45774e-15
3630.14  1.2956e-15
3631.59  1.14665e-15
3633.04  1.03138e-15
3634.48  9.6623e-16
3635.93  9.61457e-16
3637.38  1.01993e-15
3638.82  1.13681e-15
3640.27  1.3003e-15
3641.71  1.49328e-15
3643.16  1.69554e-15
3644.61  1.88637e-15
3646.05  2.04702e-15
3647.5   2.16272e-15
3648.95  2.22405e-15
3650.39  2.2274e-15
3651.84  2.17467e-15
3653.28  2.07233e-15
3654.73  1.93009e-15
3656.18  1.75937e-15
3657.62  1.57202e-15
3659.07  1.37932e-15
3660.52  1.19136e-15
3661.96  1.01685e-15
3663.41  8.63135e-16
3664.85  7.36301e-16
3666.3   6.4123e-16
3667.75  5.8146e-16
3669.19  5.58844e-16
3670.64  5.73093e-16
3672.09  6.21329e-16
3673.53  6.97837e-16
3674.98  7.94174e-16
3676.42  8.99734e-16
3677.87  1.00277e-15
3679.32  1.09175e-15
3680.76  1.15686e-15
3682.21  1.19142e-15
3683.66  1.19284e-15
3685.1   1.1631e-15
3686.55  1.10845e-15
3687.99  1.03846e-15
3689.44  9.64531e-16
3690.89  8.98143e-16
3692.33  8.49088e-16
3693.78  8.24075e-16
3695.23  8.25887e-16
3696.67  8.5327e-16
3698.12  9.01519e-16
3699.56  9.63634e-16
3701.01  1.0318e-15
3702.46  1.09887e-15
3703.9   1.15955e-15
3705.35  1.21107e-15
3706.8   1.25322e-15
3708.24  1.28779e-15
3709.69  1.31756e-15
3711.14  1.34514e-15
3712.58  1.37196e-15
3714.03  1.39758e-15
3715.47  1.41969e-15
3716.92  1.43458e-15
3718.37  1.43818e-15
3719.81  1.42724e-15
3721.26  1.40051e-15
3722.71  1.3595e-15
3724.15  1.30859e-15
3725.6   1.25453e-15
3727.04  1.20523e-15
3728.49  1.16825e-15
3729.94  1.14914e-15
3731.38  1.15013e-15
3732.83  1.16941e-15
3734.28  1.20116e-15
3735.72  1.23642e-15
3737.17  1.26461e-15
3738.61  1.27539e-15
3740.06  1.26056e-15
3741.51  1.2156e-15
3742.95  1.14055e-15
3744.4   1.04013e-15
3745.85  9.23029e-16
3747.29  8.00599e-16
3748.74  6.85119e-16
3750.18  5.88028e-16
3751.63  5.18356e-16
3753.08  4.81614e-16
3754.52  4.79253e-16
3755.97  5.08731e-16
3757.42  5.64092e-16
3758.86  6.36924e-16
3760.31  7.1752e-16
3761.75  7.96088e-16
3763.2   8.63847e-16
3764.65  9.13942e-16
3766.09  9.4209e-16
3767.54  9.46946e-16
3768.99  9.30172e-16
3770.43  8.96211e-16
3771.88  8.51785e-16
3773.32  8.05136e-16
3774.77  7.65074e-16
3776.22  7.39917e-16
3777.66  7.36426e-16
3779.11  7.58877e-16
3780.56  8.08406e-16
3782     8.82744e-16
3783.45  9.764e-16
3784.89  1.08131e-15
3786.34  1.18786e-15
3787.79  1.28615e-15
3789.23  1.36735e-15
3790.68  1.4248e-15
3792.13  1.45486e-15
3793.57  1.45724e-15
3795.02  1.43476e-15
3796.47  1.39275e-15
3797.91  1.33799e-15
3799.36  1.27753e-15
3800.8   1.21768e-15
3802.25  1.16311e-15
3803.7   1.11647e-15
3805.14  1.07841e-15
3806.59  1.04801e-15
3808.04  1.02343e-15
3809.48  1.00277e-15
3810.93  9.84634e-16
3812.37  9.68647e-16
3813.82  9.55492e-16
3815.27  9.46669e-16
3816.71  9.43992e-16
3818.16  9.4896e-16
3819.61  9.62181e-16
3821.05  9.82985e-16
3822.5   1.00933e-15
3823.94  1.03801e-15
3825.39  1.06518e-15
3826.84  1.08701e-15
3828.28  1.10037e-15
3829.73  1.10343e-15
3831.18  1.09601e-15
3832.62  1.07964e-15
3834.07  1.05731e-15
3835.51  1.03291e-15
3836.96  1.01062e-15
3838.41  9.94158e-16
3839.85  9.86214e-16
3841.3   9.88069e-16
3842.75  9.99504e-16
3844.19  1.01901e-15
3845.64  1.04422e-15
3847.08  1.07251e-15
3848.53  1.10158e-15
3849.98  1.12991e-15
3851.42  1.15702e-15
3852.87  1.1834e-15
3854.32  1.2103e-15
3855.76  1.23919e-15
3857.21  1.27129e-15
3858.65  1.30704e-15
3860.1   1.34582e-15
3861.55  1.38582e-15
3862.99  1.42423e-15
3864.44  1.4576e-15
3865.89  1.48236e-15
3867.33  1.49535e-15
3868.78  1.49433e-15
3870.23  1.47835e-15
3871.67  1.4479e-15
3873.12  1.40494e-15
3874.56  1.35269e-15
3876.01  1.29534e-15
3877.46  1.2377e-15
3878.9   1.18481e-15
3880.35  1.14152e-15
3881.8   1.11215e-15
3883.24  1.10015e-15
3884.69  1.10777e-15
3886.13  1.13584e-15
3887.58  1.18356e-15
3889.03  1.24838e-15
3890.47  1.32615e-15
3891.92  1.41132e-15
3893.37  1.4974e-15
3894.81  1.57755e-15
3896.26  1.64534e-15
3897.7   1.69538e-15
3899.15  1.72399e-15
3900.6   1.72955e-15
3902.04  1.71265e-15
3903.49  1.67587e-15
3904.94  1.6234e-15
3906.38  1.56035e-15
3907.83  1.49212e-15
3909.27  1.42368e-15
3910.72  1.35914e-15
3912.17  1.30142e-15
3913.61  1.2522e-15
3915.06  1.21209e-15
3916.51  1.1809e-15
3917.95  1.15798e-15
3919.4   1.14249e-15
3920.84  1.13363e-15
3922.29  1.13071e-15
3923.74  1.13314e-15
3925.18  1.14037e-15
3926.63  1.15182e-15
3928.08  1.16686e-15
3929.52  1.18484e-15
3930.97  1.20522e-15
3932.41  1.22766e-15
3933.86  1.25211e-15
3935.31  1.27885e-15
3936.75  1.30837e-15
3938.2   1.34124e-15
3939.65  1.37787e-15
3941.09  1.41826e-15
3942.54  1.46188e-15
3943.98  1.5076e-15
3945.43  1.55373e-15
3946.88  1.59821e-15
3948.32  1.6388e-15
3949.77  1.67333e-15
3951.22  1.6998e-15
3952.66  1.71659e-15
3954.11  1.72238e-15
3955.56  1.71623e-15
3957     1.69756e-15
3958.45  1.66619e-15
3959.89  1.62258e-15
3961.34  1.56797e-15
3962.79  1.50472e-15
3964.23  1.4365e-15
3965.68  1.36833e-15
3967.13  1.30647e-15
3968.57  1.25798e-15
3970.02  1.23001e-15
3971.46  1.22893e-15
3972.91  1.25942e-15
3974.36  1.32354e-15
3975.8   1.42014e-15
3977.25  1.54455e-15
3978.7   1.68881e-15
3980.14  1.84222e-15
3981.59  1.99244e-15
3983.03  2.12677e-15
3984.48  2.23362e-15
3985.93  2.30389e-15
3987.37  2.33213e-15
3988.82  2.31726e-15
3990.27  2.26285e-15
3991.71  2.17674e-15
3993.16  2.07017e-15
3994.6   1.95643e-15
3996.05  1.84928e-15
3997.5   1.7612e-15
3998.94  1.70187e-15
4000.39  1.67693e-15
4001.84  1.68731e-15
4003.28  1.72914e-15
4004.73  1.79432e-15
4006.17  1.87168e-15
4007.62  1.94849e-15
4009.07  2.01235e-15
4010.51  2.05286e-15
4011.96  2.06314e-15
4013.41  2.04085e-15
4014.85  1.98848e-15
4016.3   1.91303e-15
4017.74  1.82495e-15
4019.19  1.73658e-15
4020.64  1.66031e-15
4022.08  1.60676e-15
4023.53  1.58315e-15
4024.98  1.5923e-15
4026.42  1.63215e-15
4027.87  1.69619e-15
4029.31  1.77437e-15
4030.76  1.85463e-15
4032.21  1.92467e-15
4033.65  1.97368e-15
4035.1   1.99386e-15
4036.55  1.98146e-15
4037.99  1.93723e-15
4039.44  1.86614e-15
4040.89  1.77669e-15
4042.33  1.67957e-15
4043.78  1.58625e-15
4045.22  1.50748e-15
4046.67  1.45192e-15
4048.12  1.42527e-15
4049.56  1.42971e-15
4051.01  1.46384e-15
4052.46  1.52311e-15
4053.9   1.6005e-15
4055.35  1.68737e-15
4056.79  1.77442e-15
4058.24  1.85265e-15
4059.69  1.91411e-15
4061.13  1.95258e-15
4062.58  1.96405e-15
4064.03  1.9471e-15
4065.47  1.90298e-15
4066.92  1.83562e-15
4068.36  1.75134e-15
4069.81  1.65841e-15
4071.26  1.56628e-15
4072.7   1.48468e-15
4074.15  1.42257e-15
4075.6   1.38704e-15
4077.04  1.38237e-15
4078.49  1.40931e-15
4079.93  1.46481e-15
4081.38  1.54217e-15
4082.83  1.63178e-15
4084.27  1.72224e-15
4085.72  1.80186e-15
4087.17  1.86021e-15
4088.61  1.88961e-15
4090.06  1.88622e-15
4091.5   1.85063e-15
4092.95  1.78777e-15
4094.4   1.70616e-15
4095.84  1.61667e-15
4097.29  1.53084e-15
4098.74  1.4592e-15
4100.18  1.40973e-15
4101.63  1.38675e-15
4103.07  1.39047e-15
4104.52  1.4171e-15
4105.97  1.45971e-15
4107.41  1.50951e-15
4108.86  1.55737e-15
4110.31  1.59538e-15
4111.75  1.6181e-15
4113.2   1.62338e-15
4114.65  1.61251e-15
4116.09  1.58985e-15
4117.54  1.56186e-15
4118.98  1.53582e-15
4120.43  1.51844e-15
4121.88  1.51462e-15
4123.32  1.52655e-15
4124.77  1.55335e-15
4126.22  1.5913e-15
4127.66  1.63457e-15
4129.11  1.6764e-15
4130.55  1.71045e-15
4132     1.73212e-15
4133.45  1.73955e-15
4134.89  1.73416e-15
4136.34  1.72058e-15
4137.79  1.70592e-15
4139.23  1.69855e-15
4140.68  1.70655e-15
4142.12  1.73615e-15
4143.57  1.79032e-15
4145.02  1.86798e-15
4146.46  1.9638e-15
4147.91  2.06883e-15
4149.36  2.17172e-15
4150.8   2.26052e-15
4152.25  2.32453e-15
4153.69  2.35605e-15
4155.14  2.35161e-15
4156.59  2.31249e-15
4158.03  2.24441e-15
4159.48  2.15649e-15
4160.93  2.0596e-15
4162.37  1.96452e-15
4163.82  1.88016e-15
4165.26  1.81227e-15
4166.71  1.76278e-15
4168.16  1.72988e-15
4169.6   1.70888e-15
4171.05  1.6935e-15
4172.5   1.67747e-15
4173.94  1.65593e-15
4175.39  1.62652e-15
4176.83  1.58988e-15
4178.28  1.54941e-15
4179.73  1.51056e-15
4181.17  1.47961e-15
4182.62  1.46234e-15
4184.07  1.46286e-15
4185.51  1.48265e-15
4186.96  1.52028e-15
4188.4   1.57156e-15
4189.85  1.63026e-15
4191.3   1.68914e-15
4192.74  1.74112e-15
4194.19  1.78049e-15
4195.64  1.80371e-15
4197.08  1.80992e-15
4198.53  1.80103e-15
4199.98  1.78127e-15
4201.42  1.75659e-15
4202.87  1.73364e-15
4204.31  1.71885e-15
4205.76  1.71749e-15
4207.21  1.73293e-15
4208.65  1.7662e-15
4210.1   1.81575e-15
4211.55  1.8777e-15
4212.99  1.94619e-15
4214.44  2.01413e-15
4215.88  2.07395e-15
4217.33  2.11861e-15
4218.78  2.1424e-15
4220.22  2.14169e-15
4221.67  2.11543e-15
4223.12  2.06531e-15
4224.56  1.99563e-15
4226.01  1.91274e-15
4227.45  1.82429e-15
4228.9   1.73826e-15
4230.35  1.66198e-15
4231.79  1.60126e-15
4233.24  1.55981e-15
4234.69  1.53889e-15
4236.13  1.53748e-15
4237.58  1.5527e-15
4239.02  1.58048e-15
4240.47  1.61635e-15
4241.92  1.65624e-15
4243.36  1.69698e-15
4244.81  1.73664e-15
4246.26  1.77452e-15
4247.7   1.81082e-15
4249.15  1.84616e-15
4250.59  1.88106e-15
4252.04  1.91537e-15
4253.49  1.94799e-15
4254.93  1.97685e-15
4256.38  1.99905e-15
4257.83  2.01142e-15
4259.27  2.01103e-15
4260.72  1.99591e-15
4262.16  1.96549e-15
4263.61  1.92102e-15
4265.06  1.86556e-15
4266.5   1.80377e-15
4267.95  1.74137e-15
4269.4   1.68448e-15
4270.84  1.63883e-15
4272.29  1.60896e-15
4273.74  1.59766e-15
4275.18  1.60554e-15
4276.63  1.6309e-15
4278.07  1.66999e-15
4279.52  1.7174e-15
4280.97  1.7668e-15
4282.41  1.81169e-15
4283.86  1.84628e-15
4285.31  1.86614e-15
4286.75  1.86878e-15
4288.2   1.85391e-15
4289.64  1.82339e-15
4291.09  1.78103e-15
4292.54  1.73197e-15
4293.98  1.68207e-15
4295.43  1.63713e-15
4296.88  1.6022e-15
4298.32  1.58095e-15
4299.77  1.57529e-15
4301.21  1.58523e-15
4302.66  1.60897e-15
4304.11  1.64323e-15
4305.55  1.68379e-15
4307     1.72616e-15
4308.45  1.76614e-15
4309.89  1.80048e-15
4311.34  1.82724e-15
4312.78  1.846e-15
4314.23  1.8578e-15
4315.68  1.86485e-15
4317.12  1.86999e-15
4318.57  1.87614e-15
4320.02  1.88562e-15
4321.46  1.89961e-15
4322.91  1.91786e-15
4324.35  1.93859e-15
4325.8   1.95881e-15
4327.25  1.97479e-15
4328.69  1.98287e-15
4330.14  1.98025e-15
4331.59  1.96566e-15
4333.03  1.93986e-15
4334.48  1.90572e-15
4335.92  1.86789e-15
4337.37  1.83211e-15
4338.82  1.80423e-15
4340.26  1.78916e-15
4341.71  1.78989e-15
4343.16  1.80688e-15
4344.6   1.83781e-15
4346.05  1.87792e-15
4347.49  1.92073e-15
4348.94  1.95914e-15
4350.39  1.98661e-15
4351.83  1.99832e-15
4353.28  1.99196e-15
4354.73  1.96814e-15
4356.17  1.93022e-15
4357.62  1.88375e-15
4359.07  1.83545e-15
4360.51  1.79208e-15
4361.96  1.75929e-15
4363.4   1.74073e-15
4364.85  1.7375e-15
4366.3   1.74801e-15
4367.74  1.76841e-15
4369.19  1.79329e-15
4370.64  1.81664e-15
4372.08  1.83292e-15
4373.53  1.83798e-15
4374.97  1.82975e-15
4376.42  1.80855e-15
4377.87  1.77708e-15
4379.31  1.73992e-15
4380.76  1.70282e-15
4382.21  1.67181e-15
4383.65  1.65221e-15
4385.1   1.64779e-15
4386.54  1.66014e-15
4387.99  1.68841e-15
4389.44  1.72925e-15
4390.88  1.77731e-15
4392.33  1.82588e-15
4393.78  1.86788e-15
4395.22  1.89678e-15
4396.67  1.90771e-15
4398.11  1.89816e-15
4399.56  1.86862e-15
4401.01  1.82261e-15
4402.45  1.76647e-15
4403.9   1.7086e-15
4405.35  1.65842e-15
4406.79  1.62505e-15
4408.24  1.61597e-15
4409.68  1.63575e-15
4411.13  1.68521e-15
4412.58  1.761e-15
4414.02  1.85581e-15
4415.47  1.95916e-15
4416.92  2.05879e-15
4418.36  2.1423e-15
4419.81  2.19899e-15
4421.25  2.22147e-15
4422.7   2.20681e-15
4424.15  2.1571e-15
4425.59  2.0792e-15
4427.04  1.98375e-15
4428.49  1.88362e-15
4429.93  1.79198e-15
4431.38  1.72036e-15
4432.82  1.67702e-15
4434.27  1.66575e-15
4435.72  1.68555e-15
4437.16  1.73096e-15
4438.61  1.79311e-15
4440.06  1.86128e-15
4441.5   1.92462e-15
4442.95  1.97385e-15
4444.4   2.00258e-15
4445.84  2.00809e-15
4447.29  1.99151e-15
4448.73  1.9573e-15
4450.18  1.9123e-15
4451.63  1.86444e-15
4453.07  1.82136e-15
4454.52  1.78925e-15
4455.97  1.77192e-15
4457.41  1.77046e-15
4458.86  1.78326e-15
4460.3   1.80658e-15
4461.75  1.83532e-15
4463.2   1.86406e-15
4464.64  1.88793e-15
4466.09  1.90345e-15
4467.54  1.909e-15
4468.98  1.90498e-15
4470.43  1.89364e-15
4471.87  1.87864e-15
4473.32  1.8644e-15
4474.77  1.85538e-15
4476.21  1.85542e-15
4477.66  1.86722e-15
4479.11  1.89194e-15
4480.55  1.9291e-15
4482     1.97675e-15
4483.44  2.03172e-15
4484.89  2.09013e-15
4486.34  2.14791e-15
4487.78  2.20135e-15
4489.23  2.24753e-15
4490.68  2.28465e-15
4492.12  2.31215e-15
4493.57  2.33069e-15
4495.01  2.3419e-15
4496.46  2.34806e-15
4497.91  2.3517e-15
4499.35  2.35519e-15
4500.8   2.3604e-15
4502.25  2.36851e-15
4503.69  2.3798e-15
4505.14  2.39376e-15
4506.58  2.40913e-15
4508.03  2.42413e-15
4509.48  2.43669e-15
4510.92  2.44478e-15
4512.37  2.44664e-15
4513.82  2.44106e-15
4515.26  2.42762e-15
4516.71  2.40681e-15
4518.16  2.38009e-15
4519.6   2.34979e-15
4521.05  2.31893e-15
4522.49  2.2909e-15
4523.94  2.26903e-15
4525.39  2.25616e-15
4526.83  2.2542e-15
4528.28  2.26381e-15
4529.73  2.28424e-15
4531.17  2.3134e-15
4532.62  2.3481e-15
4534.06  2.38455e-15
4535.51  2.419e-15
4536.96  2.4484e-15
4538.4   2.471e-15
4539.85  2.48674e-15
4541.3   2.49738e-15
4542.74  2.50629e-15
4544.19  2.51784e-15
4545.63  2.53658e-15
4547.08  2.56631e-15
4548.53  2.60914e-15
4549.97  2.66482e-15
4551.42  2.73045e-15
4552.87  2.80068e-15
4554.31  2.86833e-15
4555.76  2.92543e-15
4557.2   2.96449e-15
4558.65  2.97972e-15
4560.1   2.96808e-15
4561.54  2.92988e-15
4562.99  2.86891e-15
4564.44  2.79202e-15
4565.88  2.7082e-15
4567.33  2.62732e-15
4568.77  2.55883e-15
4570.22  2.51039e-15
4571.67  2.48694e-15
4573.11  2.49007e-15
4574.56  2.51794e-15
4576.01  2.56566e-15
4577.45  2.62615e-15
4578.9   2.69121e-15
4580.34  2.75271e-15
4581.79  2.8037e-15
4583.24  2.83933e-15
4584.68  2.85734e-15
4586.13  2.85822e-15
4587.58  2.8449e-15
4589.02  2.82209e-15
4590.47  2.79545e-15
4591.91  2.77059e-15
4593.36  2.75218e-15
4594.81  2.74329e-15
4596.25  2.74502e-15
4597.7   2.75651e-15
4599.15  2.77527e-15
4600.59  2.79788e-15
4602.04  2.82068e-15
4603.49  2.84064e-15
4604.93  2.85587e-15
4606.38  2.86603e-15
4607.82  2.87228e-15
4609.27  2.87695e-15
4610.72  2.88294e-15
4612.16  2.89301e-15
4613.61  2.90909e-15
4615.06  2.93175e-15
4616.5   2.95998e-15
4617.95  2.99128e-15
4619.39  3.02205e-15
4620.84  3.0482e-15
4622.29  3.06582e-15
4623.73  3.07191e-15
4625.18  3.06475e-15
4626.63  3.04423e-15
4628.07  3.0117e-15
4629.52  2.96971e-15
4630.96  2.9215e-15
4632.41  2.87042e-15
4633.86  2.81944e-15
4635.3   2.77074e-15
4636.75  2.72553e-15
4638.2   2.68404e-15
4639.64  2.64573e-15
4641.09  2.60961e-15
4642.53  2.57461e-15
4643.98  2.53991e-15
4645.43  2.5052e-15
4646.87  2.47075e-15
4648.32  2.4374e-15
4649.77  2.40636e-15
4651.21  2.37898e-15
4652.66  2.35641e-15
4654.1   2.33939e-15
4655.55  2.32799e-15
4657     2.32158e-15
4658.44  2.3188e-15
4659.89  2.31779e-15
4661.34  2.31641e-15
4662.78  2.3126e-15
4664.23  2.3047e-15
4665.67  2.29179e-15
4667.12  2.27396e-15
4668.57  2.25234e-15
4670.01  2.22911e-15
4671.46  2.20722e-15
4672.91  2.19003e-15
4674.35  2.18074e-15
4675.8   2.18187e-15
4677.25  2.19467e-15
4678.69  2.21883e-15
4680.14  2.25221e-15
4681.58  2.29103e-15
4683.03  2.33022e-15
4684.48  2.3641e-15
4685.92  2.38715e-15
4687.37  2.39486e-15
4688.82  2.38444e-15
4690.26  2.35528e-15
4691.71  2.30913e-15
4693.15  2.24987e-15
4694.6   2.18293e-15
4696.05  2.1146e-15
4697.49  2.0511e-15
4698.94  1.99776e-15
4700.39  1.95843e-15
4701.83  1.93513e-15
4703.28  1.928e-15
4704.72  1.93558e-15
4706.17  1.9553e-15
4707.62  1.98402e-15
4709.06  2.0186e-15
4710.51  2.05631e-15
4711.96  2.09504e-15
4713.4   2.13334e-15
4714.85  2.17025e-15
4716.29  2.20507e-15
4717.74  2.23709e-15
4719.19  2.26544e-15
4720.63  2.289e-15
4722.08  2.30656e-15
4723.53  2.31698e-15
4724.97  2.31955e-15
4726.42  2.31422e-15
4727.86  2.30181e-15
4729.31  2.2841e-15
4730.76  2.26363e-15
4732.2   2.24344e-15
4733.65  2.22667e-15
4735.1   2.21606e-15
4736.54  2.21356e-15
4737.99  2.21999e-15
4739.43  2.23497e-15
4740.88  2.25687e-15
4742.33  2.28317e-15
4743.77  2.31073e-15
4745.22  2.33632e-15
4746.67  2.35704e-15
4748.11  2.37074e-15
4749.56  2.37628e-15
4751     2.37361e-15
4752.45  2.36378e-15
4753.9   2.34867e-15
4755.34  2.33067e-15
4756.79  2.31232e-15
4758.24  2.29587e-15
4759.68  2.28298e-15
4761.13  2.27445e-15
4762.58  2.27013e-15
4764.02  2.26899e-15
4765.47  2.26929e-15
4766.91  2.26894e-15
4768.36  2.26589e-15
4769.81  2.25857e-15
4771.25  2.24623e-15
4772.7   2.22926e-15
4774.15  2.20921e-15
4775.59  2.18867e-15
4777.04  2.17098e-15
4778.48  2.15971e-15
4779.93  2.15806e-15
4781.38  2.16829e-15
4782.82  2.19126e-15
4784.27  2.22617e-15
4785.72  2.27054e-15
4787.16  2.32052e-15
4788.61  2.37147e-15
4790.05  2.41861e-15
4791.5   2.45786e-15
4792.95  2.48647e-15
4794.39  2.50352e-15
4795.84  2.51004e-15
4797.29  2.50884e-15
4798.73  2.50394e-15
4800.18  2.49981e-15
4801.62  2.50046e-15
4803.07  2.50862e-15
4804.52  2.52507e-15
4805.96  2.54838e-15
4807.41  2.57499e-15
4808.86  2.59971e-15
4810.3   2.61658e-15
4811.75  2.61988e-15
4813.19  2.60514e-15
4814.64  2.57005e-15
4816.09  2.51502e-15
4817.53  2.44325e-15
4818.98  2.36041e-15
4820.43  2.27392e-15
4821.87  2.19184e-15
4823.32  2.12179e-15
4824.76  2.06984e-15
4826.21  2.03973e-15
4827.66  2.03243e-15
4829.1   2.04624e-15
4830.55  2.07715e-15
4832     2.11973e-15
4833.44  2.168e-15
4834.89  2.21639e-15
4836.33  2.26045e-15
4837.78  2.29734e-15
4839.23  2.32589e-15
4840.67  2.34629e-15
4842.12  2.35968e-15
4843.57  2.36744e-15
4845.01  2.37066e-15
4846.46  2.36968e-15
4847.91  2.36403e-15
4849.35  2.35252e-15
4850.8   2.33369e-15
4852.24  2.3064e-15
4853.69  2.27042e-15
4855.14  2.22686e-15
4856.58  2.17842e-15
4858.03  2.12922e-15
4859.48  2.08435e-15
4860.92  2.04913e-15
4862.37  2.02827e-15
4863.81  2.02501e-15
4865.26  2.04047e-15
4866.71  2.07335e-15
4868.15  2.11998e-15
4869.6   2.17485e-15
4871.05  2.23136e-15
4872.49  2.2829e-15
4873.94  2.32388e-15
4875.38  2.35065e-15
4876.83  2.3621e-15
4878.28  2.35984e-15
4879.72  2.34796e-15
4881.17  2.33226e-15
4882.62  2.3193e-15
4884.06  2.31524e-15
4885.51  2.32476e-15
4886.95  2.35023e-15
4888.4   2.39129e-15
4889.85  2.44495e-15
4891.29  2.50609e-15
4892.74  2.56836e-15
4894.19  2.62532e-15
4895.63  2.67151e-15
4897.08  2.70337e-15
4898.52  2.71978e-15
4899.97  2.7222e-15
4901.42  2.71427e-15
4902.86  2.70113e-15
4904.31  2.68849e-15
4905.76  2.68158e-15
4907.2   2.68433e-15
4908.65  2.69869e-15
4910.09  2.7244e-15
4911.54  2.75909e-15
4912.99  2.79865e-15
4914.43  2.83797e-15
4915.88  2.87166e-15
4917.33  2.89487e-15
4918.77  2.90393e-15
4920.22  2.89685e-15
4921.67  2.87357e-15
4923.11  2.83597e-15
4924.56  2.78766e-15
4926     2.73357e-15
4927.45  2.67946e-15
4928.9   2.63123e-15
4930.34  2.59436e-15
4931.79  2.57321e-15
4933.24  2.57057e-15
4934.68  2.58724e-15
4936.13  2.62194e-15
4937.57  2.67134e-15
4939.02  2.73044e-15
4940.47  2.79311e-15
4941.91  2.85282e-15
4943.36  2.90343e-15
4944.81  2.93993e-15
4946.25  2.95903e-15
4947.7   2.95953e-15
4949.14  2.94235e-15
4950.59  2.9103e-15
4952.04  2.86757e-15
4953.48  2.81905e-15
4954.93  2.76958e-15
4956.38  2.72324e-15
4957.82  2.68285e-15
4959.27  2.64966e-15
4960.71  2.62332e-15
4962.16  2.60217e-15
4963.61  2.58361e-15
4965.05  2.56473e-15
4966.5   2.54286e-15
4967.95  2.51604e-15
4969.39  2.48339e-15
4970.84  2.44521e-15
4972.28  2.40285e-15
4973.73  2.35848e-15
4975.18  2.31467e-15
4976.62  2.27397e-15
4978.07  2.23849e-15
4979.52  2.2097e-15
4980.96  2.18827e-15
4982.41  2.17415e-15
4983.85  2.16674e-15
4985.3   2.16514e-15
4986.75  2.16842e-15
4988.19  2.17581e-15
4989.64  2.18676e-15
4991.09  2.20091e-15
4992.53  2.2179e-15
4993.98  2.23718e-15
4995.42  2.25779e-15
4996.87  2.27822e-15
4998.32  2.29642e-15
4999.76  2.30996e-15
5001.21  2.31635e-15
5002.66  2.31341e-15
5004.1   2.29972e-15
5005.55  2.27493e-15
5007     2.24001e-15
5008.44  2.19723e-15
5009.89  2.15001e-15
5011.33  2.10253e-15
5012.78  2.05922e-15
5014.23  2.02418e-15
5015.67  2.00068e-15
5017.12  1.9907e-15
5018.57  1.9947e-15
5020.01  2.01156e-15
5021.46  2.03878e-15
5022.9   2.07281e-15
5024.35  2.10957e-15
5025.8   2.145e-15
5027.24  2.17559e-15
5028.69  2.19882e-15
5030.14  2.21345e-15
5031.58  2.21958e-15
5033.03  2.21856e-15
5034.47  2.21269e-15
5035.92  2.20482e-15
5037.37  2.19792e-15
5038.81  2.19461e-15
5040.26  2.19681e-15
5041.71  2.20552e-15
5043.15  2.22071e-15
5044.6   2.24137e-15
5046.04  2.26568e-15
5047.49  2.29123e-15
5048.94  2.3154e-15
5050.38  2.33557e-15
5051.83  2.34945e-15
5053.28  2.35531e-15
5054.72  2.35212e-15
5056.17  2.33962e-15
5057.61  2.31838e-15
5059.06  2.28966e-15
5060.51  2.25536e-15
5061.95  2.2178e-15
5063.4   2.17952e-15
5064.85  2.14305e-15
5066.29  2.11071e-15
5067.74  2.08438e-15
5069.18  2.06539e-15
5070.63  2.0544e-15
5072.08  2.05144e-15
5073.52  2.05594e-15
5074.97  2.06685e-15
5076.42  2.08284e-15
5077.86  2.10244e-15
5079.31  2.1242e-15
5080.76  2.14685e-15
5082.2   2.16931e-15
5083.65  2.19076e-15
5085.09  2.21058e-15
5086.54  2.22826e-15
5087.99  2.24339e-15
5089.43  2.25548e-15
5090.88  2.26399e-15
5092.33  2.2683e-15
5093.77  2.26771e-15
5095.22  2.26159e-15
5096.66  2.24945e-15
5098.11  2.23113e-15
5099.56  2.20695e-15
5101     2.17776e-15
5102.45  2.14502e-15
5103.9   2.11073e-15
5105.34  2.07721e-15
5106.79  2.04691e-15
5108.23  2.022e-15
5109.68  2.00409e-15
5111.13  1.99391e-15
5112.57  1.99118e-15
5114.02  1.99464e-15
5115.47  2.00217e-15
5116.91  2.01121e-15
5118.36  2.01915e-15
5119.8   2.02387e-15
5121.25  2.02406e-15
5122.7   2.01956e-15
5124.14  2.01136e-15
5125.59  2.00148e-15
5127.04  1.99259e-15
5128.48  1.98755e-15
5129.93  1.98887e-15
5131.37  1.99825e-15
5132.82  2.01623e-15
5134.27  2.04203e-15
5135.71  2.07363e-15
5137.16  2.10803e-15
5138.61  2.14167e-15
5140.05  2.17095e-15
5141.5   2.19276e-15
5142.94  2.20488e-15
5144.39  2.20628e-15
5145.84  2.1972e-15
5147.28  2.17903e-15
5148.73  2.15406e-15
5150.18  2.12507e-15
5151.62  2.0949e-15
5153.07  2.06603e-15
5154.51  2.04031e-15
5155.96  2.01876e-15
5157.41  2.00158e-15
5158.85  1.98826e-15
5160.3   1.97783e-15
5161.75  1.96905e-15
5163.19  1.96076e-15
5164.64  1.95198e-15
5166.09  1.94206e-15
5167.53  1.93071e-15
5168.98  1.91799e-15
5170.42  1.90419e-15
5171.87  1.88981e-15
5173.32  1.87555e-15
5174.76  1.86221e-15
5176.21  1.85077e-15
5177.66  1.84237e-15
5179.1   1.83824e-15
5180.55  1.83966e-15
5181.99  1.84781e-15
5183.44  1.8636e-15
5184.89  1.88743e-15
5186.33  1.91905e-15
5187.78  1.9574e-15
5189.23  2.0006e-15
5190.67  2.04606e-15
5192.12  2.09068e-15
5193.56  2.13124e-15
5195.01  2.1648e-15
5196.46  2.18918e-15
5197.9   2.20336e-15
5199.35  2.20772e-15
5200.8   2.20413e-15
5202.24  2.19579e-15
5203.69  2.18679e-15
5205.13  2.18156e-15
5206.58  2.18411e-15
5208.03  2.19738e-15
5209.47  2.22266e-15
5210.92  2.25933e-15
5212.37  2.30488e-15
5213.81  2.3553e-15
5215.26  2.40575e-15
5216.7   2.45137e-15
5218.15  2.48814e-15
5219.6   2.51354e-15
5221.04  2.52691e-15
5222.49  2.5295e-15
5223.94  2.52407e-15
5225.38  2.51426e-15
5226.83  2.5038e-15
5228.27  2.49569e-15
5229.72  2.49166e-15
5231.17  2.49182e-15
5232.61  2.49481e-15
5234.06  2.49816e-15
5235.51  2.499e-15
5236.95  2.49485e-15
5238.4   2.48424e-15
5239.84  2.46726e-15
5241.29  2.44567e-15
5242.74  2.42267e-15
5244.18  2.40234e-15
5245.63  2.38885e-15
5247.08  2.38567e-15
5248.52  2.3948e-15
5249.97  2.41629e-15
5251.42  2.44817e-15
5252.86  2.48668e-15
5254.31  2.5269e-15
5255.75  2.56358e-15
5257.2   2.59207e-15
5258.65  2.60911e-15
5260.09  2.6134e-15
5261.54  2.60583e-15
5262.99  2.58929e-15
5264.43  2.56816e-15
5265.88  2.54754e-15
5267.32  2.53234e-15
5268.77  2.52642e-15
5270.22  2.532e-15
5271.66  2.54923e-15
5273.11  2.57625e-15
5274.56  2.60951e-15
5276     2.64436e-15
5277.45  2.67582e-15
5278.89  2.69938e-15
5280.34  2.71167e-15
5281.79  2.71092e-15
5283.23  2.69715e-15
5284.68  2.67207e-15
5286.13  2.63879e-15
5287.57  2.60123e-15
5289.02  2.56355e-15
5290.46  2.52959e-15
5291.91  2.50239e-15
5293.36  2.48387e-15
5294.8   2.47481e-15
5296.25  2.47491e-15
5297.7   2.48304e-15
5299.14  2.4976e-15
5300.59  2.51687e-15
5302.03  2.53924e-15
5303.48  2.56344e-15
5304.93  2.58848e-15
5306.37  2.61361e-15
5307.82  2.63811e-15
5309.27  2.66107e-15
5310.71  2.68123e-15
5312.16  2.69694e-15
5313.6   2.70621e-15
5315.05  2.70699e-15
5316.5   2.69749e-15
5317.94  2.67666e-15
5319.39  2.64452e-15
5320.84  2.60247e-15
5322.28  2.55337e-15
5323.73  2.50137e-15
5325.18  2.45147e-15
5326.62  2.40899e-15
5328.07  2.37877e-15
5329.51  2.3645e-15
5330.96  2.36809e-15
5332.41  2.38933e-15
5333.85  2.42579e-15
5335.3   2.47315e-15
5336.75  2.52573e-15
5338.19  2.57729e-15
5339.64  2.62196e-15
5341.08  2.65507e-15
5342.53  2.67381e-15
5343.98  2.6776e-15
5345.42  2.66808e-15
5346.87  2.64873e-15
5348.32  2.62425e-15
5349.76  2.5997e-15
5351.21  2.57962e-15
5352.65  2.56735e-15
5354.1   2.56455e-15
5355.55  2.57105e-15
5356.99  2.58509e-15
5358.44  2.6038e-15
5359.89  2.62392e-15
5361.33  2.64247e-15
5362.78  2.65737e-15
5364.22  2.66778e-15
5365.67  2.67426e-15
5367.12  2.67846e-15
5368.56  2.68273e-15
5370.01  2.68949e-15
5371.46  2.70069e-15
5372.9   2.71729e-15
5374.35  2.73898e-15
5375.79  2.76422e-15
5377.24  2.79039e-15
5378.69  2.81429e-15
5380.13  2.83266e-15
5381.58  2.84272e-15
5383.03  2.84264e-15
5384.47  2.83189e-15
5385.92  2.81131e-15
5387.36  2.78302e-15
5388.81  2.75018e-15
5390.26  2.71656e-15
5391.7   2.68609e-15
5393.15  2.66245e-15
5394.6   2.64861e-15
5396.04  2.64665e-15
5397.49  2.65753e-15
5398.93  2.6811e-15
5400.38  2.71622e-15
5401.83  2.76094e-15
5403.27  2.81272e-15
5404.72  2.86869e-15
5406.17  2.92589e-15
5407.61  2.98148e-15
5409.06  3.03287e-15
5410.51  3.07789e-15
5411.95  3.11485e-15
5413.4   3.1426e-15
5414.84  3.16061e-15
5416.29  3.16899e-15
5417.74  3.1685e-15
5419.18  3.16049e-15
5420.63  3.14687e-15
5422.08  3.12989e-15
5423.52  3.112e-15
5424.97  3.09558e-15
5426.41  3.08266e-15
5427.86  3.07475e-15
5429.31  3.07263e-15
5430.75  3.07634e-15
5432.2   3.08514e-15
5433.65  3.09778e-15
5435.09  3.11262e-15
5436.54  3.12799e-15
5437.98  3.14242e-15
5439.43  3.15487e-15
5440.88  3.1648e-15
5442.32  3.17219e-15
5443.77  3.17742e-15
5445.22  3.18109e-15
5446.66  3.18373e-15
5448.11  3.18567e-15
5449.55  3.18687e-15
5451     3.18691e-15
5452.45  3.18507e-15
5453.89  3.18059e-15
5455.34  3.17285e-15
5456.79  3.16165e-15
5458.23  3.1474e-15
5459.68  3.13112e-15
5461.12  3.1144e-15
5462.57  3.09916e-15
5464.02  3.08736e-15
5465.46  3.0806e-15
5466.91  3.07987e-15
5468.36  3.08529e-15
5469.8   3.09608e-15
5471.25  3.11067e-15
5472.69  3.1269e-15
5474.14  3.14241e-15
5475.59  3.15499e-15
5477.03  3.16293e-15
5478.48  3.16529e-15
5479.93  3.16203e-15
5481.37  3.15393e-15
5482.82  3.14248e-15
5484.27  3.12961e-15
5485.71  3.11732e-15
5487.16  3.1074e-15
5488.6   3.10116e-15
5490.05  3.0993e-15
5491.5   3.10182e-15
5492.94  3.10817e-15
5494.39  3.11739e-15
5495.84  3.12836e-15
5497.28  3.14006e-15
5498.73  3.15176e-15
5500.17  3.16312e-15
5501.62  3.17423e-15
5503.07  3.18552e-15
5504.51  3.19758e-15
5505.96  3.21104e-15
5507.41  3.22632e-15
5508.85  3.24354e-15
5510.3   3.26248e-15
5511.74  3.28262e-15
5513.19  3.30323e-15
5514.64  3.32353e-15
5516.08  3.34282e-15
5517.53  3.36067e-15
5518.98  3.37686e-15
5520.42  3.39148e-15
5521.87  3.40472e-15
5523.31  3.41681e-15
5524.76  3.42782e-15
5526.21  3.43753e-15
5527.65  3.44534e-15
5529.1   3.45031e-15
5530.55  3.45122e-15
5531.99  3.44681e-15
5533.44  3.43595e-15
5534.88  3.41799e-15
5536.33  3.39294e-15
5537.78  3.36162e-15
5539.22  3.32575e-15
5540.67  3.28778e-15
5542.12  3.25076e-15
5543.56  3.21788e-15
5545.01  3.19213e-15
5546.45  3.17583e-15
5547.9   3.17031e-15
5549.35  3.17561e-15
5550.79  3.1905e-15
5552.24  3.21257e-15
5553.69  3.23858e-15
5555.13  3.26498e-15
5556.58  3.28837e-15
5558.02  3.30606e-15
5559.47  3.31645e-15
5560.92  3.31922e-15
5562.36  3.31529e-15
5563.81  3.30659e-15
5565.26  3.29564e-15
5566.7   3.28502e-15
5568.15  3.27684e-15
5569.6   3.27231e-15
5571.04  3.27152e-15
5572.49  3.27332e-15
5573.93  3.27557e-15
5575.38  3.27545e-15
5576.83  3.26997e-15
5578.27  3.25653e-15
5579.72  3.23334e-15
5581.17  3.19985e-15
5582.61  3.15689e-15
5584.06  3.10667e-15
5585.5   3.05256e-15
5586.95  2.99872e-15
5588.4   2.94965e-15
5589.84  2.90962e-15
5591.29  2.88221e-15
5592.74  2.86989e-15
5594.18  2.87374e-15
5595.63  2.89332e-15
5597.07  2.92668e-15
5598.52  2.97057e-15
5599.97  3.02075e-15
5601.41  3.07242e-15
5602.86  3.12067e-15
5604.31  3.16102e-15
5605.75  3.18982e-15
5607.2   3.20464e-15
5608.64  3.20451e-15
5610.09  3.18998e-15
5611.54  3.16309e-15
5612.98  3.12706e-15
5614.43  3.08602e-15
5615.88  3.04444e-15
5617.32  3.00673e-15
5618.77  2.97665e-15
5620.21  2.95694e-15
5621.66  2.94892e-15
5623.11  2.95238e-15
5624.55  2.96552e-15
5626     2.98518e-15
5627.45  3.00713e-15
5628.89  3.02664e-15
5630.34  3.03902e-15
5631.78  3.04028e-15
5633.23  3.02771e-15
5634.68  3.00029e-15
5636.12  2.9589e-15
5637.57  2.90638e-15
5639.02  2.84712e-15
5640.46  2.78663e-15
5641.91  2.73073e-15
5643.36  2.68481e-15
5644.8   2.6531e-15
5646.25  2.63802e-15
5647.69  2.63991e-15
5649.14  2.65698e-15
5650.59  2.68563e-15
5652.03  2.72097e-15
5653.48  2.75761e-15
5654.93  2.79036e-15
5656.37  2.81501e-15
5657.82  2.82879e-15
5659.26  2.8307e-15
5660.71  2.82147e-15
5662.16  2.80332e-15
5663.6   2.77952e-15
5665.05  2.7538e-15
5666.5   2.72977e-15
5667.94  2.71046e-15
5669.39  2.69787e-15
5670.83  2.69284e-15
5672.28  2.69504e-15
5673.73  2.70308e-15
5675.17  2.7149e-15
5676.62  2.72803e-15
5678.07  2.74009e-15
5679.51  2.74903e-15
5680.96  2.75345e-15
5682.4   2.75268e-15
5683.85  2.74686e-15
5685.3   2.73675e-15
5686.74  2.72359e-15
5688.19  2.70884e-15
5689.64  2.69385e-15
5691.08  2.67968e-15
5692.53  2.66687e-15
5693.97  2.65542e-15
5695.42  2.64478e-15
5696.87  2.63405e-15
5698.31  2.62224e-15
5699.76  2.60855e-15
5701.21  2.5927e-15
5702.65  2.57514e-15
5704.1   2.55716e-15
5705.54  2.54082e-15
5706.99  2.52867e-15
5708.44  2.52334e-15
5709.88  2.52707e-15
5711.33  2.54115e-15
5712.78  2.56559e-15
5714.22  2.59886e-15
5715.67  2.63803e-15
5717.11  2.67902e-15
5718.56  2.71726e-15
5720.01  2.74832e-15
5721.45  2.76873e-15
5722.9   2.77649e-15
5724.35  2.77152e-15
5725.79  2.75567e-15
5727.24  2.73245e-15
5728.69  2.7064e-15
5730.13  2.68235e-15
5731.58  2.66455e-15
5733.02  2.65592e-15
5734.47  2.65755e-15
5735.92  2.66854e-15
5737.36  2.68621e-15
5738.81  2.70658e-15
5740.26  2.7252e-15
5741.7   2.73796e-15
5743.15  2.74188e-15
5744.59  2.73564e-15
5746.04  2.71989e-15
5747.49  2.69705e-15
5748.93  2.67093e-15
5750.38  2.64605e-15
5751.83  2.6268e-15
5753.27  2.61676e-15
5754.72  2.61809e-15
5756.16  2.63122e-15
5757.61  2.65484e-15
5759.06  2.68618e-15
5760.5   2.72149e-15
5761.95  2.7567e-15
5763.4   2.78802e-15
5764.84  2.81252e-15
5766.29  2.82854e-15
5767.73  2.83587e-15
5769.18  2.83567e-15
5770.63  2.83022e-15
5772.07  2.8225e-15
5773.52  2.81569e-15
5774.97  2.81263e-15
5776.41  2.81537e-15
5777.86  2.82489e-15
5779.3   2.84093e-15
5780.75  2.86211e-15
5782.2   2.88617e-15
5783.64  2.91032e-15
5785.09  2.93177e-15
5786.54  2.94813e-15
5787.98  2.95779e-15
5789.43  2.96016e-15
5790.87  2.95571e-15
5792.32  2.94583e-15
5793.77  2.93257e-15
5795.21  2.91821e-15
5796.66  2.90488e-15
5798.11  2.8941e-15
5799.55  2.88657e-15
5801     2.88202e-15
5802.44  2.87929e-15
5803.89  2.87661e-15
5805.34  2.872e-15
5806.78  2.86368e-15
5808.23  2.85057e-15
5809.68  2.83259e-15
5811.12  2.81078e-15
5812.57  2.78727e-15
5814.02  2.76489e-15
5815.46  2.74678e-15
5816.91  2.73578e-15
5818.35  2.73393e-15
5819.8   2.74198e-15
5821.25  2.75928e-15
5822.69  2.78374e-15
5824.14  2.81222e-15
5825.59  2.841e-15
5827.03  2.86643e-15
5828.48  2.88555e-15
5829.92  2.89661e-15
5831.37  2.89933e-15
5832.82  2.89496e-15
5834.26  2.88597e-15
5835.71  2.8756e-15
5837.16  2.86718e-15
5838.6   2.86353e-15
5840.05  2.86629e-15
5841.49  2.87563e-15
5842.94  2.89008e-15
5844.39  2.90668e-15
5845.83  2.92151e-15
5847.28  2.93023e-15
5848.73  2.92891e-15
5850.17  2.91471e-15
5851.62  2.88642e-15
5853.06  2.84484e-15
5854.51  2.79275e-15
5855.96  2.73458e-15
5857.4   2.67584e-15
5858.85  2.62232e-15
5860.3   2.57924e-15
5861.74  2.55054e-15
5863.19  2.53832e-15
5864.63  2.54258e-15
5866.08  2.56137e-15
5867.53  2.59115e-15
5868.97  2.62744e-15
5870.42  2.6655e-15
5871.87  2.70102e-15
5873.31  2.73064e-15
5874.76  2.75226e-15
5876.2   2.76508e-15
5877.65  2.76943e-15
5879.1   2.76647e-15
5880.54  2.75781e-15
5881.99  2.74516e-15
5883.44  2.73013e-15
5884.88  2.71409e-15
5886.33  2.69817e-15
5887.78  2.68335e-15
5889.22  2.67045e-15
5890.67  2.66022e-15
5892.11  2.65324e-15
5893.56  2.64981e-15
5895.01  2.64975e-15
5896.45  2.65233e-15
5897.9   2.65621e-15
5899.35  2.65957e-15
5900.79  2.66033e-15
5902.24  2.65658e-15
5903.68  2.64694e-15
5905.13  2.63092e-15
5906.58  2.60917e-15
5908.02  2.58349e-15
5909.47  2.55659e-15
5910.92  2.5317e-15
5912.36  2.51202e-15
5913.81  2.5001e-15
5915.25  2.49742e-15
5916.7   2.50402e-15
5918.15  2.51846e-15
5919.59  2.53804e-15
5921.04  2.55927e-15
5922.49  2.57844e-15
5923.93  2.59227e-15
5925.38  2.59848e-15
5926.82  2.59613e-15
5928.27  2.58577e-15
5929.72  2.56927e-15
5931.16  2.54946e-15
5932.61  2.5296e-15
5934.06  2.51278e-15
5935.5   2.50146e-15
5936.95  2.49705e-15
5938.39  2.49977e-15
5939.84  2.50873e-15
5941.29  2.5221e-15
5942.73  2.53756e-15
5944.18  2.55269e-15
5945.63  2.56539e-15
5947.07  2.57422e-15
5948.52  2.57861e-15
5949.96  2.57885e-15
5951.41  2.57595e-15
5952.86  2.57141e-15
5954.3   2.56685e-15
5955.75  2.56359e-15
5957.2   2.5624e-15
5958.64  2.56325e-15
5960.09  2.56527e-15
5961.53  2.56694e-15
5962.98  2.56634e-15
5964.43  2.56158e-15
5965.87  2.55124e-15
5967.32  2.53477e-15
5968.77  2.51268e-15
5970.21  2.48663e-15
5971.66  2.45922e-15
5973.11  2.43359e-15
5974.55  2.41293e-15
5976     2.39988e-15
5977.44  2.39606e-15
5978.89  2.40169e-15
5980.34  2.41551e-15
5981.78  2.43494e-15
5983.23  2.45645e-15
5984.68  2.47619e-15
5986.12  2.49059e-15
5987.57  2.49698e-15
5989.01  2.49411e-15
5990.46  2.4823e-15
5991.91  2.4634e-15
5993.35  2.44047e-15
5994.8   2.4172e-15
5996.25  2.39724e-15
5997.69  2.38356e-15
5999.14  2.37786e-15
6000.58  2.38033e-15
6002.03  2.38961e-15
6003.48  2.40304e-15
6004.92  2.41724e-15
6006.37  2.42873e-15
6007.82  2.43462e-15
6009.26  2.43317e-15
6010.71  2.42413e-15
6012.15  2.40882e-15
6013.6   2.38986e-15
6015.05  2.37074e-15
6016.49  2.35514e-15
6017.94  2.34632e-15
6019.39  2.34653e-15
6020.83  2.35662e-15
6022.28  2.37598e-15
6023.72  2.40264e-15
6025.17  2.43367e-15
6026.62  2.46569e-15
6028.06  2.49543e-15
6029.51  2.52026e-15
6030.96  2.53851e-15
6032.4   2.54965e-15
6033.85  2.55429e-15
6035.29  2.55387e-15
6036.74  2.55042e-15
6038.19  2.5461e-15
6039.63  2.54286e-15
6041.08  2.54217e-15
6042.53  2.5448e-15
6043.97  2.55085e-15
6045.42  2.55979e-15
6046.87  2.57065e-15
6048.31  2.58224e-15
6049.76  2.59339e-15
6051.2   2.60308e-15
6052.65  2.61062e-15
6054.1   2.61568e-15
6055.54  2.61829e-15
6056.99  2.61877e-15
6058.44  2.61765e-15
6059.88  2.61557e-15
6061.33  2.61316e-15
6062.77  2.611e-15
6064.22  2.60949e-15
6065.67  2.60883e-15
6067.11  2.60897e-15
6068.56  2.60958e-15
6070.01  2.61007e-15
6071.45  2.60961e-15
6072.9   2.60722e-15
6074.34  2.60187e-15
6075.79  2.59267e-15
6077.24  2.57898e-15
6078.68  2.56061e-15
6080.13  2.5379e-15
6081.58  2.51175e-15
6083.02  2.48361e-15
6084.47  2.45529e-15
6085.91  2.42874e-15
6087.36  2.40583e-15
6088.81  2.38805e-15
6090.25  2.37628e-15
6091.7   2.37069e-15
6093.15  2.3707e-15
6094.59  2.37502e-15
6096.04  2.38191e-15
6097.48  2.38936e-15
6098.93  2.39538e-15
6100.38  2.39827e-15
6101.82  2.39679e-15
6103.27  2.39033e-15
6104.72  2.37891e-15
6106.16  2.36317e-15
6107.61  2.34424e-15
6109.05  2.32357e-15
6110.5   2.30274e-15
6111.95  2.28325e-15
6113.39  2.26633e-15
6114.84  2.25278e-15
6116.29  2.24282e-15
6117.73  2.23611e-15
6119.18  2.2317e-15
6120.62  2.22823e-15
6122.07  2.22404e-15
6123.52  2.21752e-15
6124.96  2.20731e-15
6126.41  2.19265e-15
6127.86  2.17351e-15
6129.3   2.15076e-15
6130.75  2.12606e-15
6132.2   2.10172e-15
6133.64  2.0804e-15
6135.09  2.06472e-15
6136.53  2.05689e-15
6137.98  2.05833e-15
6139.43  2.06944e-15
6140.87  2.08946e-15
6142.32  2.11651e-15
6143.77  2.14781e-15
6145.21  2.17995e-15
6146.66  2.20931e-15
6148.1   2.23251e-15
6149.55  2.24682e-15
6151     2.25049e-15
6152.44  2.24299e-15
6153.89  2.22509e-15
6155.34  2.19876e-15
6156.78  2.16692e-15
6158.23  2.1331e-15
6159.67  2.10093e-15
6161.12  2.07374e-15
6162.57  2.05403e-15
6164.01  2.04323e-15
6165.46  2.04148e-15
6166.91  2.04764e-15
6168.35  2.05948e-15
6169.8   2.07403e-15
6171.24  2.08809e-15
6172.69  2.09865e-15
6174.14  2.10347e-15
6175.58  2.10138e-15
6177.03  2.09252e-15
6178.48  2.07831e-15
6179.92  2.06128e-15
6181.37  2.04464e-15
6182.81  2.03181e-15
6184.26  2.02589e-15
6185.71  2.02916e-15
6187.15  2.04276e-15
6188.6   2.0665e-15
6190.05  2.09891e-15
6191.49  2.1375e-15
6192.94  2.17904e-15
6194.38  2.22011e-15
6195.83  2.25748e-15
6197.28  2.28853e-15
6198.72  2.31153e-15
6200.17  2.32577e-15
6201.62  2.33153e-15
6203.06  2.32998e-15
6204.51  2.32285e-15
6205.95  2.31219e-15
6207.4   2.30003e-15
6208.85  2.28808e-15
6210.29  2.27754e-15
6211.74  2.26896e-15
6213.19  2.26227e-15
6214.63  2.25688e-15
6216.08  2.25184e-15
6217.53  2.24611e-15
6218.97  2.23883e-15
6220.42  2.22955e-15
6221.86  2.2184e-15
6223.31  2.20616e-15
6224.76  2.19417e-15
6226.2   2.18418e-15
6227.65  2.17804e-15
6229.1   2.17732e-15
6230.54  2.18298e-15
6231.99  2.19506e-15
6233.43  2.21248e-15
6234.88  2.23307e-15
6236.33  2.2537e-15
6237.77  2.27074e-15
6239.22  2.28049e-15
6240.67  2.27981e-15
6242.11  2.26667e-15
6243.56  2.24059e-15
6245     2.20286e-15
6246.45  2.15659e-15
6247.9   2.10634e-15
6249.34  2.05766e-15
6250.79  2.01635e-15
6252.24  1.98764e-15
6253.68  1.97547e-15
6255.13  1.98183e-15
6256.57  2.00641e-15
6258.02  2.04664e-15
6259.47  2.09793e-15
6260.91  2.15439e-15
6262.36  2.20969e-15
6263.81  2.25798e-15
6265.25  2.29483e-15
6266.7   2.31783e-15
6268.14  2.32694e-15
6269.59  2.32438e-15
6271.04  2.31415e-15
6272.48  2.30121e-15
6273.93  2.2906e-15
6275.38  2.28645e-15
6276.82  2.29124e-15
6278.27  2.30541e-15
6279.71  2.32729e-15
6281.16  2.35346e-15
6282.61  2.37943e-15
6284.05  2.40043e-15
6285.5   2.41235e-15
6286.95  2.41242e-15
6288.39  2.39965e-15
6289.84  2.37505e-15
6291.29  2.34135e-15
6292.73  2.30261e-15
6294.18  2.26354e-15
6295.62  2.22882e-15
6297.07  2.20254e-15
6298.52  2.1877e-15
6299.96  2.18601e-15
6301.41  2.19785e-15
6302.86  2.22241e-15
6304.3   2.25793e-15
6305.75  2.30198e-15
6307.19  2.35166e-15
6308.64  2.40386e-15
6310.09  2.45532e-15
6311.53  2.50278e-15
6312.98  2.54305e-15
6314.43  2.57326e-15
6315.87  2.59102e-15
6317.32  2.59475e-15
6318.76  2.584e-15
6320.21  2.55967e-15
6321.66  2.52416e-15
6323.1   2.48129e-15
6324.55  2.43599e-15
6326     2.39385e-15
6327.44  2.36038e-15
6328.89  2.34033e-15
6330.33  2.337e-15
6331.78  2.35166e-15
6333.23  2.3833e-15
6334.67  2.42868e-15
6336.12  2.4826e-15
6337.57  2.53862e-15
6339.01  2.58979e-15
6340.46  2.62963e-15
6341.9   2.65291e-15
6343.35  2.65637e-15
6344.8   2.63917e-15
6346.24  2.60296e-15
6347.69  2.55171e-15
6349.14  2.49118e-15
6350.58  2.42823e-15
6352.03  2.37e-15
6353.47  2.32303e-15
6354.92  2.29253e-15
6356.37  2.28185e-15
6357.81  2.29211e-15
6359.26  2.32216e-15
6360.71  2.36884e-15
6362.15  2.42738e-15
6363.6   2.49205e-15
6365.04  2.55685e-15
6366.49  2.61617e-15
6367.94  2.66544e-15
6369.38  2.70153e-15
6370.83  2.723e-15
6372.28  2.73015e-15
6373.72  2.72478e-15
6375.17  2.70989e-15
6376.62  2.6892e-15
6378.06  2.66666e-15
6379.51  2.64599e-15
6380.95  2.63028e-15
6382.4   2.62175e-15
6383.85  2.62166e-15
6385.29  2.63029e-15
6386.74  2.64713e-15
6388.19  2.67105e-15
6389.63  2.70055e-15
6391.08  2.7339e-15
6392.52  2.76933e-15
6393.97  2.80506e-15
6395.42  2.83926e-15
6396.86  2.87005e-15
6398.31  2.89547e-15
6399.76  2.91345e-15
6401.2   2.92199e-15
6402.65  2.91935e-15
6404.09  2.90437e-15
6405.54  2.8768e-15
6406.99  2.83765e-15
6408.43  2.78927e-15
6409.88  2.73541e-15
6411.33  2.68088e-15
6412.77  2.63104e-15
6414.22  2.5911e-15
6415.66  2.56534e-15
6417.11  2.55639e-15
6418.56  2.56475e-15
6420     2.58856e-15
6421.45  2.62386e-15
6422.9   2.66513e-15
6424.34  2.70616e-15
6425.79  2.74109e-15
6427.23  2.76535e-15
6428.68  2.77646e-15
6430.13  2.77442e-15
6431.57  2.76171e-15
6433.02  2.74278e-15
6434.47  2.72319e-15
6435.91  2.70858e-15
6437.36  2.70355e-15
6438.8   2.7107e-15
6440.25  2.73007e-15
6441.7   2.75901e-15
6443.14  2.79256e-15
6444.59  2.82434e-15
6446.04  2.84775e-15
6447.48  2.85725e-15
6448.93  2.84967e-15
6450.38  2.82503e-15
6451.82  2.78703e-15
6453.27  2.74272e-15
6454.71  2.70172e-15
6456.16  2.6748e-15
6457.61  2.67214e-15
6459.05  2.70163e-15
6460.5   2.76731e-15
6461.95  2.86838e-15
6463.39  2.99896e-15
6464.84  3.14857e-15
6466.28  3.30345e-15
6467.73  3.44834e-15
6469.18  3.5686e-15
6470.62  3.65217e-15
6472.07  3.69121e-15
6473.52  3.68299e-15
6474.96  3.63013e-15
6476.41  3.5399e-15
6477.85  3.42301e-15
6479.3   3.29196e-15
6480.75  3.15935e-15
6482.19  3.03626e-15
6483.64  2.93117e-15
6485.09  2.84938e-15
6486.53  2.79289e-15
6487.98  2.76087e-15
6489.42  2.7504e-15
6490.87  2.75726e-15
6492.32  2.77681e-15
6493.76  2.80458e-15
6495.21  2.83669e-15
6496.66  2.87005e-15
6498.1   2.90236e-15
6499.55  2.93202e-15
6500.99  2.95807e-15
6502.44  2.98008e-15
6503.89  2.99813e-15
6505.33  3.01278e-15
6506.78  3.02501e-15
6508.23  3.0361e-15
6509.67  3.04744e-15
6511.12  3.06022e-15
6512.56  3.07518e-15
6514.01  3.09234e-15
6515.46  3.11084e-15
6516.9   3.12901e-15
6518.35  3.14452e-15
6519.8   3.15476e-15
6521.24  3.15731e-15
6522.69  3.15038e-15
6524.13  3.1332e-15
6525.58  3.10626e-15
6527.03  3.07131e-15
6528.47  3.03113e-15
6529.92  2.98914e-15
6531.37  2.94892e-15
6532.81  2.91362e-15
6534.26  2.88553e-15
6535.71  2.86578e-15
6537.15  2.85424e-15
6538.6   2.8497e-15
6540.04  2.85013e-15
6541.49  2.85321e-15
6542.94  2.8568e-15
6544.38  2.85933e-15
6545.83  2.86012e-15
6547.28  2.85938e-15
6548.72  2.8581e-15
6550.17  2.8576e-15
6551.61  2.85917e-15
6553.06  2.86351e-15
6554.51  2.87045e-15
6555.95  2.87874e-15
6557.4   2.88617e-15
6558.85  2.88993e-15
6560.29  2.8871e-15
6561.74  2.87538e-15
6563.18  2.85362e-15
6564.63  2.8223e-15
6566.08  2.78374e-15
6567.52  2.74193e-15
6568.97  2.70208e-15
6570.42  2.66988e-15
6571.86  2.65065e-15
6573.31  2.64841e-15
6574.75  2.66512e-15
6576.2   2.70027e-15
6577.65  2.7507e-15
6579.09  2.81095e-15
6580.54  2.87392e-15
6581.99  2.93179e-15
6583.43  2.97709e-15
6584.88  3.00374e-15
6586.32  3.00789e-15
6587.77  2.98842e-15
6589.22  2.94705e-15
6590.66  2.88808e-15
6592.11  2.81777e-15
6593.56  2.74347e-15
6595     2.67267e-15
6596.45  2.61209e-15
6597.89  2.56699e-15
6599.34  2.5406e-15
6600.79  2.53395e-15
6602.23  2.54592e-15
6603.68  2.5735e-15
6605.13  2.61225e-15
6606.57  2.65681e-15
6608.02  2.70149e-15
6609.46  2.74081e-15
6610.91  2.77004e-15
6612.36  2.7856e-15
6613.8   2.78539e-15
6615.25  2.76899e-15
6616.7   2.73774e-15
6618.14  2.69459e-15
6619.59  2.64383e-15
6621.04  2.59069e-15
6622.48  2.54078e-15
6623.93  2.49941e-15
6625.37  2.47105e-15
6626.82  2.4587e-15
6628.27  2.4635e-15
6629.71  2.48457e-15
6631.16  2.51904e-15
6632.61  2.56238e-15
6634.05  2.60897e-15
6635.5   2.65282e-15
6636.94  2.68837e-15
6638.39  2.71121e-15
6639.84  2.7187e-15
6641.28  2.71027e-15
6642.73  2.68747e-15
6644.18  2.65368e-15
6645.62  2.61355e-15
6647.07  2.57233e-15
6648.51  2.53504e-15
6649.96  2.50576e-15
6651.41  2.48714e-15
6652.85  2.48003e-15
6654.3   2.48349e-15
6655.75  2.49499e-15
6657.19  2.51086e-15
6658.64  2.52688e-15
6660.08  2.53883e-15
6661.53  2.54311e-15
6662.98  2.53717e-15
6664.42  2.51985e-15
6665.87  2.49145e-15
6667.32  2.45368e-15
6668.76  2.40945e-15
6670.21  2.36252e-15
6671.65  2.31699e-15
6673.1   2.27689e-15
6674.55  2.2457e-15
6675.99  2.22589e-15
6677.44  2.2187e-15
6678.89  2.22395e-15
6680.33  2.24005e-15
6681.78  2.2642e-15
6683.22  2.29269e-15
6684.67  2.32134e-15
6686.12  2.34599e-15
6687.56  2.36297e-15
6689.01  2.36954e-15
6690.46  2.36419e-15
6691.9   2.3468e-15
6693.35  2.31861e-15
6694.8   2.28204e-15
6696.24  2.24035e-15
6697.69  2.1972e-15
6699.13  2.15619e-15
6700.58  2.12044e-15
6702.03  2.09218e-15
6703.47  2.07263e-15
6704.92  2.06191e-15
6706.37  2.0592e-15
6707.81  2.06301e-15
6709.26  2.0715e-15
6710.7   2.08283e-15
6712.15  2.0955e-15
6713.6   2.10845e-15
6715.04  2.12116e-15
6716.49  2.1335e-15
6717.94  2.14559e-15
6719.38  2.1575e-15
6720.83  2.16905e-15
6722.27  2.17969e-15
6723.72  2.18845e-15
6725.17  2.19407e-15
6726.61  2.1952e-15
6728.06  2.1907e-15
6729.51  2.17989e-15
6730.95  2.16278e-15
6732.4   2.14016e-15
6733.84  2.11355e-15
6735.29  2.08506e-15
6736.74  2.05706e-15
6738.18  2.03187e-15
6739.63  2.01145e-15
6741.08  1.9971e-15
6742.52  1.98937e-15
6743.97  1.98801e-15
6745.41  1.99211e-15
6746.86  2.00027e-15
6748.31  2.01095e-15
6749.75  2.0227e-15
6751.2   2.03439e-15
6752.65  2.0454e-15
6754.09  2.05561e-15
6755.54  2.06538e-15
6756.98  2.07531e-15
6758.43  2.08603e-15
6759.88  2.09793e-15
6761.32  2.11089e-15
6762.77  2.12418e-15
6764.22  2.13639e-15
6765.66  2.14556e-15
6767.11  2.14945e-15
6768.55  2.14589e-15
6770     2.13322e-15
6771.45  2.11066e-15
6772.89  2.07858e-15
6774.34  2.03866e-15
6775.79  1.99378e-15
6777.23  1.94766e-15
6778.68  1.90445e-15
6780.13  1.86805e-15
6781.57  1.8416e-15
6783.02  1.8269e-15
6784.46  1.82419e-15
6785.91  1.83208e-15
6787.36  1.84776e-15
6788.8   1.86756e-15
6790.25  1.88748e-15
6791.7   1.9039e-15
6793.14  1.91416e-15
6794.59  1.91695e-15
6796.03  1.91244e-15
6797.48  1.90218e-15
6798.93  1.88872e-15
6800.37  1.87509e-15
6801.82  1.86424e-15
6803.27  1.85856e-15
6804.71  1.85955e-15
6806.16  1.86765e-15
6807.6   1.88238e-15
6809.05  1.90258e-15
6810.5   1.92674e-15
6811.94  1.95337e-15
6813.39  1.98124e-15
6814.84  2.0095e-15
6816.28  2.03763e-15
6817.73  2.06524e-15
6819.17  2.09185e-15
6820.62  2.11668e-15
6822.07  2.13851e-15
6823.51  2.15576e-15
6824.96  2.16667e-15
6826.41  2.16968e-15
6827.85  2.16376e-15
6829.3   2.14888e-15
6830.74  2.12614e-15
6832.19  2.09784e-15
6833.64  2.06733e-15
6835.08  2.03854e-15
6836.53  2.01549e-15
6837.98  2.00162e-15
6839.42  1.99935e-15
6840.87  2.00958e-15
6842.31  2.0316e-15
6843.76  2.06319e-15
6845.21  2.10093e-15
6846.65  2.14082e-15
6848.1   2.17884e-15
6849.55  2.21165e-15
6850.99  2.23705e-15
6852.44  2.25422e-15
6853.89  2.26378e-15
6855.33  2.26747e-15
6856.78  2.26763e-15
6858.22  2.26667e-15
6859.67  2.26638e-15
6861.12  2.26753e-15
6862.56  2.26961e-15
6864.01  2.27096e-15
6865.46  2.26907e-15
6866.9   2.26123e-15
6868.35  2.24519e-15
6869.79  2.21985e-15
6871.24  2.1857e-15
6872.69  2.14498e-15
6874.13  2.10156e-15
6875.58  2.06032e-15
6877.03  2.02647e-15
6878.47  2.00456e-15
6879.92  1.99774e-15
6881.36  2.0071e-15
6882.81  2.03144e-15
6884.26  2.06738e-15
6885.7   2.10989e-15
6887.15  2.15309e-15
6888.6   2.19112e-15
6890.04  2.2191e-15
6891.49  2.23376e-15
6892.93  2.23386e-15
6894.38  2.22022e-15
6895.83  2.19546e-15
6897.27  2.16351e-15
6898.72  2.12893e-15
6900.17  2.09627e-15
6901.61  2.06957e-15
6903.06  2.05197e-15
6904.5   2.04548e-15
6905.95  2.05104e-15
6907.4   2.06855e-15
6908.84  2.09703e-15
6910.29  2.13476e-15
6911.74  2.17937e-15
6913.18  2.22793e-15
6914.63  2.27696e-15
6916.07  2.32258e-15
6917.52  2.36065e-15
6918.97  2.38706e-15
6920.41  2.39816e-15
6921.86  2.39124e-15
6923.31  2.36503e-15
6924.75  2.32017e-15
6926.2   2.25937e-15
6927.64  2.18751e-15
6929.09  2.11123e-15
6930.54  2.03834e-15
6931.98  1.9769e-15
6933.43  1.93423e-15
6934.88  1.91585e-15
6936.32  1.92458e-15
6937.77  1.96006e-15
6939.22  2.01858e-15
6940.66  2.09344e-15
6942.11  2.17574e-15
6943.55  2.25557e-15
6945     2.32327e-15
6946.45  2.37085e-15
6947.89  2.39299e-15
6949.34  2.38783e-15
6950.79  2.35714e-15
6952.23  2.30602e-15
6953.68  2.24205e-15
6955.12  2.17417e-15
6956.57  2.11128e-15
6958.02  2.06096e-15
6959.46  2.02839e-15
6960.91  2.01573e-15
6962.36  2.02199e-15
6963.8   2.0434e-15
6965.25  2.07427e-15
6966.69  2.10808e-15
6968.14  2.13871e-15
6969.59  2.16146e-15
6971.03  2.1738e-15
6972.48  2.17561e-15
6973.93  2.16899e-15
6975.37  2.15762e-15
6976.82  2.14587e-15
6978.26  2.13776e-15
6979.71  2.13615e-15
6981.16  2.14216e-15
6982.6   2.15497e-15
6984.05  2.17209e-15
6985.5   2.18996e-15
6986.94  2.20472e-15
6988.39  2.21311e-15
6989.83  2.21311e-15
6991.28  2.20439e-15
6992.73  2.1884e-15
6994.17  2.16802e-15
6995.62  2.147e-15
6997.07  2.12918e-15
6998.51  2.1177e-15
6999.96  2.11435e-15
7001.4   2.11917e-15
7002.85  2.13041e-15
7004.3   2.14482e-15
7005.74  2.15825e-15
7007.19  2.16639e-15
7008.64  2.16564e-15
7010.08  2.15374e-15
7011.53  2.13029e-15
7012.97  2.09682e-15
7014.42  2.05657e-15
7015.87  2.01391e-15
7017.31  1.97359e-15
7018.76  1.93987e-15
7020.21  1.9158e-15
7021.65  1.90266e-15
7023.1   1.89983e-15
7024.55  1.90494e-15
7025.99  1.9144e-15
7027.44  1.9241e-15
7028.88  1.93028e-15
7030.33  1.9302e-15
7031.78  1.92272e-15
7033.22  1.90843e-15
7034.67  1.88953e-15
7036.12  1.86933e-15
7037.56  1.85155e-15
7039.01  1.83946e-15
7040.45  1.83518e-15
7041.9   1.83904e-15
7043.35  1.84937e-15
7044.79  1.86262e-15
7046.24  1.87384e-15
7047.69  1.87756e-15
7049.13  1.86874e-15
7050.58  1.84393e-15
7052.02  1.8021e-15
7053.47  1.74526e-15
7054.92  1.67856e-15
7056.36  1.60986e-15
7057.81  1.54883e-15
7059.26  1.50552e-15
7060.7   1.48889e-15
7062.15  1.50525e-15
7063.59  1.55701e-15
7065.04  1.642e-15
7066.49  1.75343e-15
7067.93  1.88058e-15
7069.38  2.01013e-15
7070.83  2.12792e-15
7072.27  2.22097e-15
7073.72  2.27928e-15
7075.16  2.29725e-15
7076.61  2.27445e-15
7078.06  2.21557e-15
7079.5   2.12966e-15
7080.95  2.02871e-15
7082.4   1.92587e-15
7083.84  1.83359e-15
7085.29  1.76195e-15
7086.73  1.71749e-15
7088.18  1.70261e-15
7089.63  1.7157e-15
7091.07  1.75173e-15
7092.52  1.80339e-15
7093.97  1.86233e-15
7095.41  1.92044e-15
7096.86  1.97085e-15
7098.31  2.00873e-15
7099.75  2.0315e-15
7101.2   2.03887e-15
7102.64  2.03242e-15
7104.09  2.0151e-15
7105.54  1.9906e-15
7106.98  1.96278e-15
7108.43  1.93518e-15
7109.88  1.91073e-15
7111.32  1.89146e-15
7112.77  1.87853e-15
7114.21  1.87222e-15
7115.66  1.87205e-15
7117.11  1.87695e-15
7118.55  1.88543e-15
7120     1.89581e-15
7121.45  1.90644e-15
7122.89  1.91588e-15
7124.34  1.92309e-15
7125.78  1.92754e-15
7127.23  1.92922e-15
7128.68  1.92861e-15
7130.12  1.92652e-15
7131.57  1.9239e-15
7133.02  1.9216e-15
7134.46  1.92017e-15
7135.91  1.9197e-15
7137.35  1.91978e-15
7138.8   1.91961e-15
7140.25  1.91813e-15
7141.69  1.91433e-15
7143.14  1.90743e-15
7144.59  1.89716e-15
7146.03  1.88387e-15
7147.48  1.86848e-15
7148.92  1.85243e-15
7150.37  1.83735e-15
7151.82  1.82483e-15
7153.26  1.81608e-15
7154.71  1.81173e-15
7156.16  1.8117e-15
7157.6   1.81519e-15
7159.05  1.82082e-15
7160.49  1.82691e-15
7161.94  1.83176e-15
7163.39  1.83389e-15
7164.83  1.83237e-15
7166.28  1.82686e-15
7167.73  1.81765e-15
7169.17  1.80555e-15
7170.62  1.79173e-15
7172.06  1.77745e-15
7173.51  1.76388e-15
7174.96  1.75194e-15
7176.4   1.74216e-15
7177.85  1.73472e-15
7179.3   1.72947e-15
7180.74  1.72607e-15
7182.19  1.72405e-15
7183.64  1.72297e-15
7185.08  1.72246e-15
7186.53  1.72225e-15
7187.97  1.72218e-15
7189.42  1.72216e-15
7190.87  1.72216e-15
7192.31  1.72216e-15
7193.76  1.72216e-15