#52.14888871185707
3704.29  3.90896e-16
3705.79  3.87239e-16
3707.28  3.83486e-16
3708.77  3.79629e-16
3710.27  3.75656e-16
3711.76  3.71551e-16
3713.26  3.67298e-16
3714.75  3.62879e-16
3716.24  3.58276e-16
3717.74  3.53473e-16
3719.23  3.48457e-16
3720.72  3.43216e-16
3722.22  3.37746e-16
3723.71  3.32045e-16
3725.21  3.2612e-16
3726.7   3.19981e-16
3728.19  3.13646e-16
3729.69  3.07139e-16
3731.18  3.0049e-16
3732.67  2.93734e-16
3734.17  2.86908e-16
3735.66  2.80054e-16
3737.15  2.73215e-16
3738.65  2.66433e-16
3740.14  2.5975e-16
3741.64  2.53205e-16
3743.13  2.4683e-16
3744.62  2.40657e-16
3746.12  2.34708e-16
3747.61  2.28998e-16
3749.1   2.23537e-16
3750.6   2.18326e-16
3752.09  2.13361e-16
3753.58  2.08629e-16
3755.08  2.04114e-16
3756.57  1.99794e-16
3758.07  1.95646e-16
3759.56  1.91643e-16
3761.05  1.87761e-16
3762.55  1.83976e-16
3764.04  1.80269e-16
3765.53  1.76624e-16
3767.03  1.73031e-16
3768.52  1.6949e-16
3770.02  1.66003e-16
3771.51  1.62584e-16
3773     1.59254e-16
3774.5   1.56039e-16
3775.99  1.52975e-16
3777.48  1.50101e-16
3778.98  1.47461e-16
3780.47  1.45102e-16
3781.96  1.43071e-16
3783.46  1.41416e-16
3784.95  1.40182e-16
3786.45  1.39409e-16
3787.94  1.39134e-16
3789.43  1.39383e-16
3790.93  1.40178e-16
3792.42  1.4153e-16
3793.91  1.43442e-16
3795.41  1.45907e-16
3796.9   1.48908e-16
3798.39  1.52419e-16
3799.89  1.56408e-16
3801.38  1.60835e-16
3802.88  1.65653e-16
3804.37  1.70814e-16
3805.86  1.76264e-16
3807.36  1.81951e-16
3808.85  1.87823e-16
3810.34  1.93829e-16
3811.84  1.99925e-16
3813.33  2.0607e-16
3814.83  2.12229e-16
3816.32  2.18377e-16
3817.81  2.24495e-16
3819.31  2.30571e-16
3820.8   2.36602e-16
3822.29  2.42595e-16
3823.79  2.48561e-16
3825.28  2.54518e-16
3826.77  2.60492e-16
3828.27  2.66509e-16
3829.76  2.72602e-16
3831.26  2.78804e-16
3832.75  2.85148e-16
3834.24  2.91667e-16
3835.74  2.98393e-16
3837.23  3.05352e-16
3838.72  3.12569e-16
3840.22  3.20066e-16
3841.71  3.27856e-16
3843.2   3.35952e-16
3844.7   3.4436e-16
3846.19  3.53081e-16
3847.69  3.62115e-16
3849.18  3.71456e-16
3850.67  3.81098e-16
3852.17  3.9103e-16
3853.66  4.01244e-16
3855.15  4.11729e-16
3856.65  4.22476e-16
3858.14  4.33477e-16
3859.64  4.44725e-16
3861.13  4.56214e-16
3862.62  4.67942e-16
3864.12  4.79905e-16
3865.61  4.92103e-16
3867.1   5.04535e-16
3868.6   5.172e-16
3870.09  5.30094e-16
3871.58  5.43214e-16
3873.08  5.5655e-16
3874.57  5.70091e-16
3876.07  5.8382e-16
3877.56  5.97712e-16
3879.05  6.1174e-16
3880.55  6.25868e-16
3882.04  6.40053e-16
3883.53  6.54248e-16
3885.03  6.68399e-16
3886.52  6.82449e-16
3888.01  6.96337e-16
3889.51  7.10001e-16
3891     7.23378e-16
3892.5   7.36408e-16
3893.99  7.49035e-16
3895.48  7.61207e-16
3896.98  7.7288e-16
3898.47  7.84022e-16
3899.96  7.94607e-16
3901.46  8.04623e-16
3902.95  8.1407e-16
3904.45  8.22961e-16
3905.94  8.31319e-16
3907.43  8.39182e-16
3908.93  8.46596e-16
3910.42  8.53619e-16
3911.91  8.60313e-16
3913.41  8.66749e-16
3914.9   8.72998e-16
3916.39  8.79134e-16
3917.89  8.85226e-16
3919.38  8.91342e-16
3920.88  8.9754e-16
3922.37  9.03869e-16
3923.86  9.10368e-16
3925.36  9.17063e-16
3926.85  9.23965e-16
3928.34  9.31072e-16
3929.84  9.38366e-16
3931.33  9.45815e-16
3932.82  9.53375e-16
3934.32  9.60989e-16
3935.81  9.68591e-16
3937.31  9.76104e-16
3938.8   9.83449e-16
3940.29  9.90542e-16
3941.79  9.97302e-16
3943.28  1.00365e-15
3944.77  1.0095e-15
3946.27  1.0148e-15
3947.76  1.01949e-15
3949.26  1.02352e-15
3950.75  1.02687e-15
3952.24  1.02951e-15
3953.74  1.03146e-15
3955.23  1.03271e-15
3956.72  1.0333e-15
3958.22  1.03328e-15
3959.71  1.03269e-15
3961.2   1.0316e-15
3962.7   1.03008e-15
3964.19  1.02821e-15
3965.69  1.02607e-15
3967.18  1.02373e-15
3968.67  1.02126e-15
3970.17  1.01874e-15
3971.66  1.01623e-15
3973.15  1.01378e-15
3974.65  1.01142e-15
3976.14  1.00917e-15
3977.63  1.00705e-15
3979.13  1.00506e-15
3980.62  1.00317e-15
3982.12  1.00134e-15
3983.61  9.99539e-16
3985.1   9.97703e-16
3986.6   9.95766e-16
3988.09  9.93656e-16
3989.58  9.91296e-16
3991.08  9.88607e-16
3992.57  9.85511e-16
3994.07  9.81936e-16
3995.56  9.77812e-16
3997.05  9.73083e-16
3998.55  9.67699e-16
4000.04  9.61625e-16
4001.53  9.54838e-16
4003.03  9.47331e-16
4004.52  9.3911e-16
4006.01  9.30196e-16
4007.51  9.20624e-16
4009     9.10443e-16
4010.5   8.99711e-16
4011.99  8.885e-16
4013.48  8.76887e-16
4014.98  8.64954e-16
4016.47  8.52791e-16
4017.96  8.40487e-16
4019.46  8.28129e-16
4020.95  8.15804e-16
4022.44  8.03593e-16
4023.94  7.91572e-16
4025.43  7.79808e-16
4026.93  7.68361e-16
4028.42  7.57281e-16
4029.91  7.46608e-16
4031.41  7.36373e-16
4032.9   7.26597e-16
4034.39  7.17291e-16
4035.89  7.08458e-16
4037.38  7.00094e-16
4038.88  6.92189e-16
4040.37  6.84725e-16
4041.86  6.77681e-16
4043.36  6.71033e-16
4044.85  6.64756e-16
4046.34  6.5882e-16
4047.84  6.53201e-16
4049.33  6.47869e-16
4050.82  6.42801e-16
4052.32  6.37972e-16
4053.81  6.33362e-16
4055.31  6.28952e-16
4056.8   6.24726e-16
4058.29  6.20671e-16
4059.79  6.16776e-16
4061.28  6.13033e-16
4062.77  6.09435e-16
4064.27  6.05978e-16
4065.76  6.02657e-16
4067.25  5.99472e-16
4068.75  5.9642e-16
4070.24  5.935e-16
4071.74  5.9071e-16
4073.23  5.88048e-16
4074.72  5.85514e-16
4076.22  5.83104e-16
4077.71  5.80814e-16
4079.2   5.78641e-16
4080.7   5.7658e-16
4082.19  5.74624e-16
4083.69  5.72767e-16
4085.18  5.71003e-16
4086.67  5.69323e-16
4088.17  5.67719e-16
4089.66  5.66182e-16
4091.15  5.64704e-16
4092.65  5.63277e-16
4094.14  5.61891e-16
4095.63  5.60538e-16
4097.13  5.59211e-16
4098.62  5.57901e-16
4100.12  5.56603e-16
4101.61  5.5531e-16
4103.1   5.54017e-16
4104.6   5.52722e-16
4106.09  5.51421e-16
4107.58  5.50114e-16
4109.08  5.48801e-16
4110.57  5.47485e-16
4112.06  5.46171e-16
4113.56  5.44865e-16
4115.05  5.43576e-16
4116.55  5.42316e-16
4118.04  5.41096e-16
4119.53  5.39935e-16
4121.03  5.38848e-16
4122.52  5.37856e-16
4124.01  5.36981e-16
4125.51  5.36245e-16
4127     5.35674e-16
4128.5   5.35291e-16
4129.99  5.35122e-16
4131.48  5.35191e-16
4132.98  5.35521e-16
4134.47  5.36134e-16
4135.96  5.37048e-16
4137.46  5.38279e-16
4138.95  5.39838e-16
4140.44  5.41733e-16
4141.94  5.43966e-16
4143.43  5.46535e-16
4144.93  5.4943e-16
4146.42  5.52639e-16
4147.91  5.56142e-16
4149.41  5.59913e-16
4150.9   5.63924e-16
4152.39  5.68142e-16
4153.89  5.72528e-16
4155.38  5.77042e-16
4156.87  5.81643e-16
4158.37  5.86288e-16
4159.86  5.90935e-16
4161.36  5.95541e-16
4162.85  6.00069e-16
4164.34  6.04481e-16
4165.84  6.08747e-16
4167.33  6.12837e-16
4168.82  6.1673e-16
4170.32  6.20409e-16
4171.81  6.23862e-16
4173.31  6.27083e-16
4174.8   6.30071e-16
4176.29  6.3283e-16
4177.79  6.35368e-16
4179.28  6.37696e-16
4180.77  6.3983e-16
4182.27  6.41785e-16
4183.76  6.43578e-16
4185.25  6.45229e-16
4186.75  6.46753e-16
4188.24  6.48166e-16
4189.74  6.49482e-16
4191.23  6.50714e-16
4192.72  6.51869e-16
4194.22  6.52954e-16
4195.71  6.53974e-16
4197.2   6.54928e-16
4198.7   6.55817e-16
4200.19  6.56636e-16
4201.68  6.57383e-16
4203.18  6.58052e-16
4204.67  6.58639e-16
4206.17  6.5914e-16
4207.66  6.59553e-16
4209.15  6.59878e-16
4210.65  6.60115e-16
4212.14  6.60271e-16
4213.63  6.60352e-16
4215.13  6.60371e-16
4216.62  6.6034e-16
4218.12  6.60278e-16
4219.61  6.60205e-16
4221.1   6.60141e-16
4222.6   6.60113e-16
4224.09  6.60143e-16
4225.58  6.60258e-16
4227.08  6.60483e-16
4228.57  6.60841e-16
4230.06  6.61355e-16
4231.56  6.62043e-16
4233.05  6.62923e-16
4234.55  6.64005e-16
4236.04  6.653e-16
4237.53  6.66809e-16
4239.03  6.68532e-16
4240.52  6.70463e-16
4242.01  6.72591e-16
4243.51  6.74901e-16
4245     6.77374e-16
4246.49  6.79985e-16
4247.99  6.82709e-16
4249.48  6.85516e-16
4250.98  6.88375e-16
4252.47  6.91255e-16
4253.96  6.94122e-16
4255.46  6.96945e-16
4256.95  6.99693e-16
4258.44  7.02338e-16
4259.94  7.04855e-16
4261.43  7.0722e-16
4262.93  7.09417e-16
4264.42  7.11433e-16
4265.91  7.13259e-16
4267.41  7.14893e-16
4268.9   7.16337e-16
4270.39  7.17602e-16
4271.89  7.18702e-16
4273.38  7.19656e-16
4274.87  7.20489e-16
4276.37  7.21232e-16
4277.86  7.21918e-16
4279.36  7.22583e-16
4280.85  7.23267e-16
4282.34  7.2401e-16
4283.84  7.24853e-16
4285.33  7.25834e-16
4286.82  7.26992e-16
4288.32  7.28361e-16
4289.81  7.2997e-16
4291.3   7.31843e-16
4292.8   7.33996e-16
4294.29  7.36439e-16
4295.79  7.39174e-16
4297.28  7.42191e-16
4298.77  7.45474e-16
4300.27  7.48995e-16
4301.76  7.52717e-16
4303.25  7.56594e-16
4304.75  7.60572e-16
4306.24  7.64589e-16
4307.74  7.68576e-16
4309.23  7.7246e-16
4310.72  7.76163e-16
4312.22  7.79606e-16
4313.71  7.82708e-16
4315.2   7.85392e-16
4316.7   7.87583e-16
4318.19  7.89212e-16
4319.68  7.90217e-16
4321.18  7.90543e-16
4322.67  7.90147e-16
4324.17  7.88995e-16
4325.66  7.87066e-16
4327.15  7.84352e-16
4328.65  7.80855e-16
4330.14  7.76591e-16
4331.63  7.71589e-16
4333.13  7.65886e-16
4334.62  7.59531e-16
4336.11  7.52581e-16
4337.61  7.45101e-16
4339.1   7.37159e-16
4340.6   7.28829e-16
4342.09  7.20185e-16
4343.58  7.11301e-16
4345.08  7.02248e-16
4346.57  6.93094e-16
4348.06  6.83902e-16
4349.56  6.74725e-16
4351.05  6.65613e-16
4352.55  6.56602e-16
4354.04  6.47723e-16
4355.53  6.38996e-16
4357.03  6.30431e-16
4358.52  6.22031e-16
4360.01  6.1379e-16
4361.51  6.05695e-16
4363     5.97729e-16
4364.49  5.89869e-16
4365.99  5.8209e-16
4367.48  5.74365e-16
4368.98  5.66669e-16
4370.47  5.58979e-16
4371.96  5.51274e-16
4373.46  5.43538e-16
4374.95  5.35763e-16
4376.44  5.27945e-16
4377.94  5.20089e-16
4379.43  5.12207e-16
4380.92  5.04319e-16
4382.42  4.96451e-16
4383.91  4.88639e-16
4385.41  4.80921e-16
4386.9   4.73345e-16
4388.39  4.65957e-16
4389.89  4.58811e-16
4391.38  4.51959e-16
4392.87  4.45452e-16
4394.37  4.39341e-16
4395.86  4.33672e-16
4397.36  4.28488e-16
4398.85  4.23822e-16
4400.34  4.19704e-16
4401.84  4.16152e-16
4403.33  4.13179e-16
4404.82  4.10785e-16
4406.32  4.08964e-16
4407.81  4.07698e-16
4409.3   4.06963e-16
4410.8   4.06724e-16
4412.29  4.06942e-16
4413.79  4.0757e-16
4415.28  4.08555e-16
4416.77  4.09845e-16
4418.27  4.11381e-16
4419.76  4.13106e-16
4421.25  4.14963e-16
4422.75  4.169e-16
4424.24  4.18864e-16
4425.73  4.20812e-16
4427.23  4.22702e-16
4428.72  4.24502e-16
4430.22  4.26186e-16
4431.71  4.27736e-16
4433.2   4.29142e-16
4434.7   4.30402e-16
4436.19  4.31521e-16
4437.68  4.32514e-16
4439.18  4.334e-16
4440.67  4.34205e-16
4442.17  4.3496e-16
4443.66  4.35702e-16
4445.15  4.36469e-16
4446.65  4.37303e-16
4448.14  4.38246e-16
4449.63  4.39342e-16
4451.13  4.40633e-16
4452.62  4.42158e-16
4454.11  4.43956e-16
4455.61  4.4606e-16
4457.1   4.485e-16
4458.6   4.51302e-16
4460.09  4.54485e-16
4461.58  4.58063e-16
4463.08  4.62046e-16
4464.57  4.66437e-16
4466.06  4.71232e-16
4467.56  4.76425e-16
4469.05  4.82001e-16
4470.54  4.87945e-16
4472.04  4.94234e-16
4473.53  5.00844e-16
4475.03  5.07747e-16
4476.52  5.14915e-16
4478.01  5.22318e-16
4479.51  5.29924e-16
4481     5.37706e-16
4482.49  5.45633e-16
4483.99  5.5368e-16
4485.48  5.61823e-16
4486.98  5.70042e-16
4488.47  5.78318e-16
4489.96  5.8664e-16
4491.46  5.94999e-16
4492.95  6.03389e-16
4494.44  6.11812e-16
4495.94  6.2027e-16
4497.43  6.28773e-16
4498.92  6.37332e-16
4500.42  6.45963e-16
4501.91  6.54683e-16
4503.41  6.63514e-16
4504.9   6.72477e-16
4506.39  6.81595e-16
4507.89  6.90894e-16
4509.38  7.00397e-16
4510.87  7.10129e-16
4512.37  7.20112e-16
4513.86  7.30368e-16
4515.35  7.40917e-16
4516.85  7.51777e-16
4518.34  7.62965e-16
4519.84  7.74493e-16
4521.33  7.86374e-16
4522.82  7.98614e-16
4524.32  8.11222e-16
4525.81  8.24199e-16
4527.3   8.37548e-16
4528.8   8.51267e-16
4530.29  8.65354e-16
4531.79  8.79802e-16
4533.28  8.94605e-16
4534.77  9.09752e-16
4536.27  9.25231e-16
4537.76  9.4103e-16
4539.25  9.57132e-16
4540.75  9.73519e-16
4542.24  9.9017e-16
4543.73  1.00706e-15
4545.23  1.02417e-15
4546.72  1.04147e-15
4548.22  1.05893e-15
4549.71  1.07651e-15
4551.2   1.09419e-15
4552.7   1.11192e-15
4554.19  1.12967e-15
4555.68  1.14741e-15
4557.18  1.16508e-15
4558.67  1.18265e-15
4560.16  1.20008e-15
4561.66  1.21734e-15
4563.15  1.23438e-15
4564.65  1.25117e-15
4566.14  1.26769e-15
4567.63  1.2839e-15
4569.13  1.29978e-15
4570.62  1.31531e-15
4572.11  1.33049e-15
4573.61  1.3453e-15
4575.1   1.35975e-15
4576.6   1.37383e-15
4578.09  1.38757e-15
4579.58  1.40096e-15
4581.08  1.41405e-15
4582.57  1.42683e-15
4584.06  1.43936e-15
4585.56  1.45164e-15
4587.05  1.46371e-15
4588.54  1.47561e-15
4590.04  1.48735e-15
4591.53  1.49896e-15
4593.03  1.51047e-15
4594.52  1.52189e-15
4596.01  1.53323e-15
4597.51  1.54451e-15
4599     1.55571e-15
4600.49  1.56684e-15
4601.99  1.57789e-15
4603.48  1.58883e-15
4604.97  1.59964e-15
4606.47  1.61028e-15
4607.96  1.62073e-15
4609.46  1.63093e-15
4610.95  1.64085e-15
4612.44  1.65044e-15
4613.94  1.65964e-15
4615.43  1.6684e-15
4616.92  1.67668e-15
4618.42  1.68442e-15
4619.91  1.69157e-15
4621.41  1.69809e-15
4622.9   1.70393e-15
4624.39  1.70906e-15
4625.89  1.71343e-15
4627.38  1.71702e-15
4628.87  1.71979e-15
4630.37  1.72173e-15
4631.86  1.7228e-15
4633.35  1.723e-15
4634.85  1.72232e-15
4636.34  1.72073e-15
4637.84  1.71824e-15
4639.33  1.71483e-15
4640.82  1.71051e-15
4642.32  1.70527e-15
4643.81  1.69911e-15
4645.3   1.69202e-15
4646.8   1.68402e-15
4648.29  1.6751e-15
4649.78  1.66526e-15
4651.28  1.65451e-15
4652.77  1.64285e-15
4654.27  1.63028e-15
4655.76  1.61682e-15
4657.25  1.60248e-15
4658.75  1.58727e-15
4660.24  1.57121e-15
4661.73  1.55432e-15
4663.23  1.53662e-15
4664.72  1.51816e-15
4666.22  1.49897e-15
4667.71  1.47908e-15
4669.2   1.45856e-15
4670.7   1.43746e-15
4672.19  1.41583e-15
4673.68  1.39374e-15
4675.18  1.37126e-15
4676.67  1.34847e-15
4678.16  1.32543e-15
4679.66  1.30224e-15
4681.15  1.27897e-15
4682.65  1.25569e-15
4684.14  1.23249e-15
4685.63  1.20944e-15
4687.13  1.18661e-15
4688.62  1.16408e-15
4690.11  1.1419e-15
4691.61  1.12012e-15
4693.1   1.09881e-15
4694.59  1.078e-15
4696.09  1.05772e-15
4697.58  1.038e-15
4699.08  1.01885e-15
4700.57  1.00029e-15
4702.06  9.82307e-16
4703.56  9.64909e-16
4705.05  9.48078e-16
4706.54  9.31797e-16
4708.04  9.16045e-16
4709.53  9.00794e-16
4711.03  8.86017e-16
4712.52  8.71683e-16
4714.01  8.57761e-16
4715.51  8.44221e-16
4717     8.31032e-16
4718.49  8.18168e-16
4719.99  8.05604e-16
4721.48  7.93318e-16
4722.97  7.81293e-16
4724.47  7.69515e-16
4725.96  7.57974e-16
4727.46  7.46666e-16
4728.95  7.35589e-16
4730.44  7.24747e-16
4731.94  7.14147e-16
4733.43  7.03798e-16
4734.92  6.93714e-16
4736.42  6.8391e-16
4737.91  6.74404e-16
4739.4   6.65213e-16
4740.9   6.56357e-16
4742.39  6.47854e-16
4743.89  6.39725e-16
4745.38  6.31985e-16
4746.87  6.24653e-16
4748.37  6.17742e-16
4749.86  6.11264e-16
4751.35  6.05231e-16
4752.85  5.9965e-16
4754.34  5.94526e-16
4755.84  5.89861e-16
4757.33  5.85656e-16
4758.82  5.81908e-16
4760.32  5.78613e-16
4761.81  5.75765e-16
4763.3   5.73354e-16
4764.8   5.71372e-16
4766.29  5.69809e-16
4767.78  5.68652e-16
4769.28  5.6789e-16
4770.77  5.67513e-16
4772.27  5.67508e-16
4773.76  5.67866e-16
4775.25  5.68577e-16
4776.75  5.69631e-16
4778.24  5.71021e-16
4779.73  5.72739e-16
4781.23  5.74781e-16
4782.72  5.77141e-16
4784.21  5.79815e-16
4785.71  5.82796e-16
4787.2   5.86082e-16
4788.7   5.89667e-16
4790.19  5.93545e-16
4791.68  5.97707e-16
4793.18  6.02144e-16
4794.67  6.06845e-16
4796.16  6.11792e-16
4797.66  6.16969e-16
4799.15  6.22353e-16
4800.65  6.27918e-16
4802.14  6.33634e-16
4803.63  6.39469e-16
4805.13  6.45384e-16
4806.62  6.51339e-16
4808.11  6.5729e-16
4809.61  6.63192e-16
4811.1   6.68995e-16
4812.59  6.74651e-16
4814.09  6.8011e-16
4815.58  6.85324e-16
4817.08  6.90245e-16
4818.57  6.94831e-16
4820.06  6.99039e-16
4821.56  7.02834e-16
4823.05  7.06186e-16
4824.54  7.09069e-16
4826.04  7.11467e-16
4827.53  7.13369e-16
4829.02  7.14773e-16
4830.52  7.15683e-16
4832.01  7.16113e-16
4833.51  7.16084e-16
4835     7.15625e-16
4836.49  7.14769e-16
4837.99  7.13559e-16
4839.48  7.12041e-16
4840.97  7.10266e-16
4842.47  7.0829e-16
4843.96  7.06169e-16
4845.46  7.03964e-16
4846.95  7.01733e-16
4848.44  6.99536e-16
4849.94  6.97432e-16
4851.43  6.95476e-16
4852.92  6.93721e-16
4854.42  6.92217e-16
4855.91  6.91008e-16
4857.4   6.90137e-16
4858.9   6.89638e-16
4860.39  6.89544e-16
4861.89  6.8988e-16
4863.38  6.90668e-16
4864.87  6.91923e-16
4866.37  6.93659e-16
4867.86  6.95882e-16
4869.35  6.98598e-16
4870.85  7.01806e-16
4872.34  7.05503e-16
4873.83  7.09685e-16
4875.33  7.14344e-16
4876.82  7.19471e-16
4878.32  7.25053e-16
4879.81  7.31079e-16
4881.3   7.37535e-16
4882.8   7.44405e-16
4884.29  7.51673e-16
4885.78  7.59321e-16
4887.28  7.67333e-16
4888.77  7.75687e-16
4890.27  7.84364e-16
4891.76  7.93343e-16
4893.25  8.02599e-16
4894.75  8.1211e-16
4896.24  8.2185e-16
4897.73  8.31792e-16
4899.23  8.4191e-16
4900.72  8.52174e-16
4902.21  8.62557e-16
4903.71  8.7303e-16
4905.2   8.83562e-16
4906.7   8.94126e-16
4908.19  9.04694e-16
4909.68  9.15239e-16
4911.18  9.25735e-16
4912.67  9.3616e-16
4914.16  9.46491e-16
4915.66  9.5671e-16
4917.15  9.66799e-16
4918.64  9.76745e-16
4920.14  9.86536e-16
4921.63  9.96161e-16
4923.13  1.00561e-15
4924.62  1.01488e-15
4926.11  1.02397e-15
4927.61  1.03286e-15
4929.1   1.04156e-15
4930.59  1.05004e-15
4932.09  1.05832e-15
4933.58  1.06636e-15
4935.08  1.07415e-15
4936.57  1.08168e-15
4938.06  1.08892e-15
4939.56  1.09584e-15
4941.05  1.10239e-15
4942.54  1.10855e-15
4944.04  1.11427e-15
4945.53  1.11949e-15
4947.02  1.12416e-15
4948.52  1.12822e-15
4950.01  1.13161e-15
4951.51  1.13427e-15
4953     1.13614e-15
4954.49  1.13716e-15
4955.99  1.13726e-15
4957.48  1.1364e-15
4958.97  1.13454e-15
4960.47  1.13163e-15
4961.96  1.12765e-15
4963.45  1.12257e-15
4964.95  1.1164e-15
4966.44  1.10913e-15
4967.94  1.10079e-15
4969.43  1.0914e-15
4970.92  1.08101e-15
4972.42  1.06967e-15
4973.91  1.05746e-15
4975.4   1.04446e-15
4976.9   1.03074e-15
4978.39  1.01642e-15
4979.89  1.0016e-15
4981.38  9.86375e-16
4982.87  9.70875e-16
4984.37  9.55209e-16
4985.86  9.39493e-16
4987.35  9.2384e-16
4988.85  9.0836e-16
4990.34  8.93156e-16
4991.83  8.78326e-16
4993.33  8.6396e-16
4994.82  8.5014e-16
4996.32  8.36938e-16
4997.81  8.24415e-16
4999.3   8.12622e-16
5000.8   8.01602e-16
5002.29  7.91386e-16
5003.78  7.81994e-16
5005.28  7.73437e-16
5006.77  7.65718e-16
5008.26  7.58832e-16
5009.76  7.52763e-16
5011.25  7.4749e-16
5012.75  7.42987e-16
5014.24  7.39219e-16
5015.73  7.36149e-16
5017.23  7.33735e-16
5018.72  7.31929e-16
5020.21  7.30684e-16
5021.71  7.29948e-16
5023.2   7.29667e-16
5024.7   7.29787e-16
5026.19  7.30254e-16
5027.68  7.31011e-16
5029.18  7.32004e-16
5030.67  7.33179e-16
5032.16  7.34483e-16
5033.66  7.35866e-16
5035.15  7.37281e-16
5036.64  7.38682e-16
5038.14  7.4003e-16
5039.63  7.41289e-16
5041.13  7.42426e-16
5042.62  7.43418e-16
5044.11  7.44243e-16
5045.61  7.44889e-16
5047.1   7.45348e-16
5048.59  7.45621e-16
5050.09  7.45711e-16
5051.58  7.45632e-16
5053.07  7.454e-16
5054.57  7.4504e-16
5056.06  7.44577e-16
5057.56  7.44043e-16
5059.05  7.43471e-16
5060.54  7.42897e-16
5062.04  7.42357e-16
5063.53  7.41885e-16
5065.02  7.41516e-16
5066.52  7.41281e-16
5068.01  7.41205e-16
5069.51  7.41313e-16
5071     7.4162e-16
5072.49  7.42137e-16
5073.99  7.4287e-16
5075.48  7.43816e-16
5076.97  7.44968e-16
5078.47  7.4631e-16
5079.96  7.47823e-16
5081.45  7.49482e-16
5082.95  7.51258e-16
5084.44  7.53118e-16
5085.94  7.5503e-16
5087.43  7.56958e-16
5088.92  7.58868e-16
5090.42  7.60727e-16
5091.91  7.62506e-16
5093.4   7.64177e-16
5094.9   7.6572e-16
5096.39  7.67117e-16
5097.88  7.68358e-16
5099.38  7.69438e-16
5100.87  7.70358e-16
5102.37  7.71125e-16
5103.86  7.7175e-16
5105.35  7.72251e-16
5106.85  7.72649e-16
5108.34  7.72967e-16
5109.83  7.73231e-16
5111.33  7.73467e-16
5112.82  7.73703e-16
5114.32  7.73964e-16
5115.81  7.74272e-16
5117.3   7.74648e-16
5118.8   7.75109e-16
5120.29  7.75666e-16
5121.78  7.76326e-16
5123.28  7.77092e-16
5124.77  7.77962e-16
5126.26  7.78929e-16
5127.76  7.79982e-16
5129.25  7.81106e-16
5130.75  7.82285e-16
5132.24  7.835e-16
5133.73  7.84731e-16
5135.23  7.85959e-16
5136.72  7.87164e-16
5138.21  7.88329e-16
5139.71  7.89442e-16
5141.2   7.90489e-16
5142.69  7.91466e-16
5144.19  7.92369e-16
5145.68  7.932e-16
5147.18  7.93965e-16
5148.67  7.94677e-16
5150.16  7.95349e-16
5151.66  7.96002e-16
5153.15  7.96658e-16
5154.64  7.97342e-16
5156.14  7.9808e-16
5157.63  7.98902e-16
5159.13  7.99836e-16
5160.62  8.00912e-16
5162.11  8.02157e-16
5163.61  8.03597e-16
5165.1   8.05258e-16
5166.59  8.07161e-16
5168.09  8.09327e-16
5169.58  8.11771e-16
5171.07  8.14508e-16
5172.57  8.17548e-16
5174.06  8.209e-16
5175.56  8.24568e-16
5177.05  8.28555e-16
5178.54  8.32862e-16
5180.04  8.37488e-16
5181.53  8.42429e-16
5183.02  8.47683e-16
5184.52  8.53242e-16
5186.01  8.59103e-16
5187.5   8.65258e-16
5189     8.71701e-16
5190.49  8.78424e-16
5191.99  8.85422e-16
5193.48  8.92685e-16
5194.97  9.00206e-16
5196.47  9.07978e-16
5197.96  9.1599e-16
5199.45  9.24233e-16
5200.95  9.32697e-16
5202.44  9.41369e-16
5203.94  9.50236e-16
5205.43  9.59284e-16
5206.92  9.68498e-16
5208.42  9.77859e-16
5209.91  9.87349e-16
5211.4   9.96948e-16
5212.9   1.00663e-15
5214.39  1.01639e-15
5215.88  1.02618e-15
5217.38  1.036e-15
5218.87  1.04582e-15
5220.37  1.05561e-15
5221.86  1.06536e-15
5223.35  1.07504e-15
5224.85  1.08465e-15
5226.34  1.09415e-15
5227.83  1.10355e-15
5229.33  1.11284e-15
5230.82  1.12199e-15
5232.31  1.13102e-15
5233.81  1.13992e-15
5235.3   1.14869e-15
5236.8   1.15735e-15
5238.29  1.1659e-15
5239.78  1.17435e-15
5241.28  1.18272e-15
5242.77  1.19102e-15
5244.26  1.19928e-15
5245.76  1.20751e-15
5247.25  1.21573e-15
5248.75  1.22396e-15
5250.24  1.23223e-15
5251.73  1.24054e-15
5253.23  1.24893e-15
5254.72  1.25741e-15
5256.21  1.26599e-15
5257.71  1.27468e-15
5259.2   1.2835e-15
5260.69  1.29244e-15
5262.19  1.30152e-15
5263.68  1.31074e-15
5265.18  1.32009e-15
5266.67  1.32957e-15
5268.16  1.33917e-15
5269.66  1.34888e-15
5271.15  1.35868e-15
5272.64  1.36856e-15
5274.14  1.3785e-15
5275.63  1.38848e-15
5277.12  1.39847e-15
5278.62  1.40845e-15
5280.11  1.4184e-15
5281.61  1.42829e-15
5283.1   1.43808e-15
5284.59  1.44777e-15
5286.09  1.45731e-15
5287.58  1.46668e-15
5289.07  1.47586e-15
5290.57  1.48482e-15
5292.06  1.49355e-15
5293.56  1.50201e-15
5295.05  1.5102e-15
5296.54  1.51809e-15
5298.04  1.52568e-15
5299.53  1.53296e-15
5301.02  1.53991e-15
5302.52  1.54653e-15
5304.01  1.55284e-15
5305.5   1.55882e-15
5307     1.56448e-15
5308.49  1.56984e-15
5309.99  1.5749e-15
5311.48  1.57969e-15
5312.97  1.58422e-15
5314.47  1.58851e-15
5315.96  1.59259e-15
5317.45  1.59647e-15
5318.95  1.60019e-15
5320.44  1.60376e-15
5321.93  1.60721e-15
5323.43  1.61056e-15
5324.92  1.61383e-15
5326.42  1.61705e-15
5327.91  1.62022e-15
5329.4   1.62337e-15
5330.9   1.6265e-15
5332.39  1.62963e-15
5333.88  1.63275e-15
5335.38  1.63586e-15
5336.87  1.63897e-15
5338.37  1.64207e-15
5339.86  1.64516e-15
5341.35  1.64821e-15
5342.85  1.65124e-15
5344.34  1.65422e-15
5345.83  1.65714e-15
5347.33  1.66001e-15
5348.82  1.66281e-15
5350.31  1.66554e-15
5351.81  1.6682e-15
5353.3   1.67081e-15
5354.8   1.67336e-15
5356.29  1.67587e-15
5357.78  1.67837e-15
5359.28  1.68088e-15
5360.77  1.68342e-15
5362.26  1.68603e-15
5363.76  1.68875e-15
5365.25  1.6916e-15
5366.75  1.69463e-15
5368.24  1.69788e-15
5369.73  1.70137e-15
5371.23  1.70514e-15
5372.72  1.70921e-15
5374.21  1.7136e-15
5375.71  1.71833e-15
5377.2   1.7234e-15
5378.69  1.7288e-15
5380.19  1.73451e-15
5381.68  1.74051e-15
5383.18  1.74676e-15
5384.67  1.75322e-15
5386.16  1.75982e-15
5387.66  1.7665e-15
5389.15  1.77319e-15
5390.64  1.77981e-15
5392.14  1.78629e-15
5393.63  1.79253e-15
5395.12  1.79846e-15
5396.62  1.804e-15
5398.11  1.80907e-15
5399.61  1.8136e-15
5401.1   1.81753e-15
5402.59  1.82083e-15
5404.09  1.82344e-15
5405.58  1.82534e-15
5407.07  1.82653e-15
5408.57  1.82701e-15
5410.06  1.82679e-15
5411.56  1.82592e-15
5413.05  1.82443e-15
5414.54  1.82239e-15
5416.04  1.81986e-15
5417.53  1.81693e-15
5419.02  1.81368e-15
5420.52  1.81019e-15
5422.01  1.80658e-15
5423.5   1.80292e-15
5425     1.79932e-15
5426.49  1.79587e-15
5427.99  1.79265e-15
5429.48  1.78973e-15
5430.97  1.78719e-15
5432.47  1.78509e-15
5433.96  1.78348e-15
5435.45  1.78238e-15
5436.95  1.78184e-15
5438.44  1.78186e-15
5439.93  1.78244e-15
5441.43  1.78359e-15
5442.92  1.78527e-15
5444.42  1.78748e-15
5445.91  1.79018e-15
5447.4   1.79334e-15
5448.9   1.79691e-15
5450.39  1.80087e-15
5451.88  1.80517e-15
5453.38  1.80978e-15
5454.87  1.81467e-15
5456.37  1.8198e-15
5457.86  1.82516e-15
5459.35  1.83073e-15
5460.85  1.83651e-15
5462.34  1.84249e-15
5463.83  1.84869e-15
5465.33  1.85511e-15
5466.82  1.86177e-15
5468.31  1.86872e-15
5469.81  1.87597e-15
5471.3   1.88356e-15
5472.8   1.89152e-15
5474.29  1.89991e-15
5475.78  1.90874e-15
5477.28  1.91806e-15
5478.77  1.9279e-15
5480.26  1.93828e-15
5481.76  1.94922e-15
5483.25  1.96073e-15
5484.74  1.97281e-15
5486.24  1.98547e-15
5487.73  1.99867e-15
5489.23  2.01241e-15
5490.72  2.02663e-15
5492.21  2.04131e-15
5493.71  2.05639e-15
5495.2   2.07182e-15
5496.69  2.08752e-15
5498.19  2.10342e-15
5499.68  2.11946e-15
5501.18  2.13556e-15
5502.67  2.15163e-15
5504.16  2.1676e-15
5505.66  2.18339e-15
5507.15  2.19894e-15
5508.64  2.21416e-15
5510.14  2.229e-15
5511.63  2.24339e-15
5513.12  2.25728e-15
5514.62  2.27062e-15
5516.11  2.28339e-15
5517.61  2.29553e-15
5519.1   2.30705e-15
5520.59  2.3179e-15
5522.09  2.3281e-15
5523.58  2.33764e-15
5525.07  2.34651e-15
5526.57  2.35474e-15
5528.06  2.36233e-15
5529.55  2.3693e-15
5531.05  2.37568e-15
5532.54  2.38148e-15
5534.04  2.38674e-15
5535.53  2.39146e-15
5537.02  2.39568e-15
5538.52  2.39941e-15
5540.01  2.40267e-15
5541.5   2.40548e-15
5543     2.40784e-15
5544.49  2.40976e-15
5545.99  2.41123e-15
5547.48  2.41225e-15
5548.97  2.4128e-15
5550.47  2.41286e-15
5551.96  2.41241e-15
5553.45  2.41141e-15
5554.95  2.40983e-15
5556.44  2.40762e-15
5557.93  2.40473e-15
5559.43  2.40111e-15
5560.92  2.3967e-15
5562.42  2.39145e-15
5563.91  2.3853e-15
5565.4   2.3782e-15
5566.9   2.3701e-15
5568.39  2.36094e-15
5569.88  2.35068e-15
5571.38  2.3393e-15
5572.87  2.32676e-15
5574.36  2.31306e-15
5575.86  2.29818e-15
5577.35  2.28214e-15
5578.85  2.26497e-15
5580.34  2.24669e-15
5581.83  2.22736e-15
5583.33  2.20705e-15
5584.82  2.18583e-15
5586.31  2.16379e-15
5587.81  2.14104e-15
5589.3   2.11768e-15
5590.8   2.09384e-15
5592.29  2.06963e-15
5593.78  2.0452e-15
5595.28  2.02066e-15
5596.77  1.99614e-15
5598.26  1.97178e-15
5599.76  1.94768e-15
5601.25  1.92395e-15
5602.74  1.9007e-15
5604.24  1.878e-15
5605.73  1.85593e-15
5607.23  1.83455e-15
5608.72  1.81389e-15
5610.21  1.79398e-15
5611.71  1.77481e-15
5613.2   1.7564e-15
5614.69  1.7387e-15
5616.19  1.72168e-15
5617.68  1.70529e-15
5619.17  1.68947e-15
5620.67  1.67416e-15
5622.16  1.65928e-15
5623.66  1.64476e-15
5625.15  1.63052e-15
5626.64  1.6165e-15
5628.14  1.60262e-15
5629.63  1.58883e-15
5631.12  1.57508e-15
5632.62  1.56132e-15
5634.11  1.54753e-15
5635.61  1.53369e-15
5637.1   1.51979e-15
5638.59  1.50584e-15
5640.09  1.49187e-15
5641.58  1.47789e-15
5643.07  1.46396e-15
5644.57  1.4501e-15
5646.06  1.43639e-15
5647.55  1.42286e-15
5649.05  1.40958e-15
5650.54  1.3966e-15
5652.04  1.38398e-15
5653.53  1.37177e-15
5655.02  1.36001e-15
5656.52  1.34873e-15
5658.01  1.33796e-15
5659.5   1.32772e-15
5661     1.31801e-15
5662.49  1.30883e-15
5663.98  1.30017e-15
5665.48  1.292e-15
5666.97  1.28428e-15
5668.47  1.27699e-15
5669.96  1.27008e-15
5671.45  1.26349e-15
5672.95  1.25717e-15
5674.44  1.25106e-15
5675.93  1.24513e-15
5677.43  1.2393e-15
5678.92  1.23354e-15
5680.42  1.2278e-15
5681.91  1.22205e-15
5683.4   1.21626e-15
5684.9   1.2104e-15
5686.39  1.20446e-15
5687.88  1.19844e-15
5689.38  1.19234e-15
5690.87  1.18617e-15
5692.36  1.17996e-15
5693.86  1.17372e-15
5695.35  1.16749e-15
5696.85  1.16132e-15
5698.34  1.15523e-15
5699.83  1.14927e-15
5701.33  1.1435e-15
5702.82  1.13796e-15
5704.31  1.1327e-15
5705.81  1.12778e-15
5707.3   1.12322e-15
5708.79  1.11909e-15
5710.29  1.11542e-15
5711.78  1.11226e-15
5713.28  1.10963e-15
5714.77  1.10758e-15
5716.26  1.10613e-15
5717.76  1.1053e-15
5719.25  1.10511e-15
5720.74  1.10559e-15
5722.24  1.10673e-15
5723.73  1.10856e-15
5725.23  1.11107e-15
5726.72  1.11426e-15
5728.21  1.11813e-15
5729.71  1.12267e-15
5731.2   1.12786e-15
5732.69  1.1337e-15
5734.19  1.14017e-15
5735.68  1.14724e-15
5737.17  1.1549e-15
5738.67  1.16311e-15
5740.16  1.17184e-15
5741.66  1.18107e-15
5743.15  1.19076e-15
5744.64  1.20089e-15
5746.14  1.21141e-15
5747.63  1.2223e-15
5749.12  1.23353e-15
5750.62  1.24507e-15
5752.11  1.25688e-15
5753.6   1.26895e-15
5755.1   1.28126e-15
5756.59  1.29379e-15
5758.09  1.30653e-15
5759.58  1.31948e-15
5761.07  1.33264e-15
5762.57  1.34602e-15
5764.06  1.35963e-15
5765.55  1.37349e-15
5767.05  1.38764e-15
5768.54  1.40209e-15
5770.04  1.41688e-15
5771.53  1.43206e-15
5773.02  1.44765e-15
5774.52  1.46371e-15
5776.01  1.48025e-15
5777.5   1.49733e-15
5779     1.51496e-15
5780.49  1.53316e-15
5781.98  1.55196e-15
5783.48  1.57136e-15
5784.97  1.59134e-15
5786.47  1.61189e-15
5787.96  1.63298e-15
5789.45  1.65456e-15
5790.95  1.67658e-15
5792.44  1.69896e-15
5793.93  1.72163e-15
5795.43  1.74451e-15
5796.92  1.76748e-15
5798.41  1.79045e-15
5799.91  1.81332e-15
5801.4   1.83598e-15
5802.9   1.85832e-15
5804.39  1.88025e-15
5805.88  1.90167e-15
5807.38  1.92251e-15
5808.87  1.94269e-15
5810.36  1.96217e-15
5811.86  1.98091e-15
5813.35  1.99889e-15
5814.85  2.01612e-15
5816.34  2.0326e-15
5817.83  2.04838e-15
5819.33  2.0635e-15
5820.82  2.07803e-15
5822.31  2.09205e-15
5823.81  2.10564e-15
5825.3   2.11888e-15
5826.79  2.13186e-15
5828.29  2.14467e-15
5829.78  2.15737e-15
5831.28  2.17004e-15
5832.77  2.18273e-15
5834.26  2.19545e-15
5835.76  2.20821e-15
5837.25  2.221e-15
5838.74  2.23376e-15
5840.24  2.24642e-15
5841.73  2.25889e-15
5843.22  2.27104e-15
5844.72  2.28271e-15
5846.21  2.29375e-15
5847.71  2.30397e-15
5849.2   2.31317e-15
5850.69  2.32115e-15
5852.19  2.32772e-15
5853.68  2.33268e-15
5855.17  2.33585e-15
5856.67  2.33708e-15
5858.16  2.33624e-15
5859.66  2.33322e-15
5861.15  2.32797e-15
5862.64  2.32047e-15
5864.14  2.31074e-15
5865.63  2.29885e-15
5867.12  2.28492e-15
5868.62  2.26911e-15
5870.11  2.25164e-15
5871.6   2.23274e-15
5873.1   2.2127e-15
5874.59  2.19183e-15
5876.09  2.17045e-15
5877.58  2.14892e-15
5879.07  2.12758e-15
5880.57  2.10678e-15
5882.06  2.08684e-15
5883.55  2.06807e-15
5885.05  2.05076e-15
5886.54  2.03514e-15
5888.03  2.0214e-15
5889.53  2.00968e-15
5891.02  2.00009e-15
5892.52  1.99263e-15
5894.01  1.98731e-15
5895.5   1.98402e-15
5897     1.98265e-15
5898.49  1.98299e-15
5899.98  1.98483e-15
5901.48  1.9879e-15
5902.97  1.99191e-15
5904.47  1.99654e-15
5905.96  2.00146e-15
5907.45  2.00633e-15
5908.95  2.01085e-15
5910.44  2.01469e-15
5911.93  2.01757e-15
5913.43  2.01923e-15
5914.92  2.01944e-15
5916.41  2.01804e-15
5917.91  2.01487e-15
5919.4   2.00986e-15
5920.9   2.00294e-15
5922.39  1.99414e-15
5923.88  1.98348e-15
5925.38  1.97106e-15
5926.87  1.957e-15
5928.36  1.94145e-15
5929.86  1.9246e-15
5931.35  1.90665e-15
5932.84  1.88781e-15
5934.34  1.8683e-15
5935.83  1.84835e-15
5937.33  1.82817e-15
5938.82  1.80797e-15
5940.31  1.78794e-15
5941.81  1.76826e-15
5943.3   1.74907e-15
5944.79  1.73051e-15
5946.29  1.71267e-15
5947.78  1.69562e-15
5949.28  1.67941e-15
5950.77  1.66407e-15
5952.26  1.64957e-15
5953.76  1.6359e-15
5955.25  1.62301e-15
5956.74  1.61084e-15
5958.24  1.5993e-15
5959.73  1.5883e-15
5961.22  1.57776e-15
5962.72  1.56757e-15
5964.21  1.55764e-15
5965.71  1.54786e-15
5967.2   1.53814e-15
5968.69  1.52839e-15
5970.19  1.51854e-15
5971.68  1.50853e-15
5973.17  1.49829e-15
5974.67  1.48778e-15
5976.16  1.47698e-15
5977.65  1.46586e-15
5979.15  1.45442e-15
5980.64  1.44267e-15
5982.14  1.43061e-15
5983.63  1.41828e-15
5985.12  1.40571e-15
5986.62  1.39293e-15
5988.11  1.37999e-15
5989.6   1.36694e-15
5991.1   1.35383e-15
5992.59  1.3407e-15
5994.09  1.32761e-15
5995.58  1.31461e-15
5997.07  1.30174e-15
5998.57  1.28904e-15
6000.06  1.27654e-15
6001.55  1.2643e-15
6003.05  1.25233e-15
6004.54  1.24065e-15
6006.03  1.22928e-15
6007.53  1.21825e-15
6009.02  1.20755e-15
6010.52  1.1972e-15
6012.01  1.1872e-15
6013.5   1.17754e-15
6015     1.16823e-15
6016.49  1.15926e-15
6017.98  1.15063e-15
6019.48  1.14234e-15
6020.97  1.13438e-15
6022.46  1.12676e-15
6023.96  1.11947e-15
6025.45  1.11252e-15
6026.95  1.10591e-15
6028.44  1.09965e-15
6029.93  1.09376e-15
6031.43  1.08824e-15
6032.92  1.08311e-15
6034.41  1.07837e-15
6035.91  1.07406e-15
6037.4   1.07018e-15
6038.9   1.06675e-15
6040.39  1.06379e-15
6041.88  1.06129e-15
6043.38  1.05928e-15
6044.87  1.05776e-15
6046.36  1.05673e-15
6047.86  1.05619e-15
6049.35  1.05613e-15
6050.84  1.05654e-15
6052.34  1.0574e-15
6053.83  1.05869e-15
6055.33  1.06038e-15
6056.82  1.06244e-15
6058.31  1.06483e-15
6059.81  1.06752e-15
6061.3   1.07047e-15
6062.79  1.07363e-15
6064.29  1.07695e-15
6065.78  1.08039e-15
6067.27  1.08391e-15
6068.77  1.08746e-15
6070.26  1.091e-15
6071.76  1.09449e-15
6073.25  1.0979e-15
6074.74  1.1012e-15
6076.24  1.10437e-15
6077.73  1.10738e-15
6079.22  1.11021e-15
6080.72  1.11286e-15
6082.21  1.11533e-15
6083.71  1.11762e-15
6085.2   1.11972e-15
6086.69  1.12166e-15
6088.19  1.12345e-15
6089.68  1.1251e-15
6091.17  1.12663e-15
6092.67  1.12806e-15
6094.16  1.12942e-15
6095.65  1.13073e-15
6097.15  1.13201e-15
6098.64  1.13327e-15
6100.14  1.13454e-15
6101.63  1.13583e-15
6103.12  1.13714e-15
6104.62  1.13849e-15
6106.11  1.13988e-15
6107.6   1.1413e-15
6109.1   1.14276e-15
6110.59  1.14423e-15
6112.08  1.14572e-15
6113.58  1.14719e-15
6115.07  1.14864e-15
6116.57  1.15003e-15
6118.06  1.15136e-15
6119.55  1.1526e-15
6121.05  1.15372e-15
6122.54  1.15471e-15
6124.03  1.15556e-15
6125.53  1.15624e-15
6127.02  1.15675e-15
6128.52  1.1571e-15
6130.01  1.15727e-15
6131.5   1.15728e-15
6133     1.15714e-15
6134.49  1.15688e-15
6135.98  1.15651e-15
6137.48  1.15607e-15
6138.97  1.15559e-15
6140.46  1.15513e-15
6141.96  1.1547e-15
6143.45  1.15438e-15
6144.95  1.15419e-15
6146.44  1.15419e-15
6147.93  1.15442e-15
6149.43  1.15493e-15
6150.92  1.15576e-15
6152.41  1.15693e-15
6153.91  1.15849e-15
6155.4   1.16044e-15
6156.89  1.16282e-15
6158.39  1.16564e-15
6159.88  1.16888e-15
6161.38  1.17257e-15
6162.87  1.17667e-15
6164.36  1.18119e-15
6165.86  1.18609e-15
6167.35  1.19135e-15
6168.84  1.19695e-15
6170.34  1.20286e-15
6171.83  1.20903e-15
6173.33  1.21544e-15
6174.82  1.22205e-15
6176.31  1.22884e-15
6177.81  1.23577e-15
6179.3   1.24282e-15
6180.79  1.24995e-15
6182.29  1.25716e-15
6183.78  1.26442e-15
6185.27  1.27172e-15
6186.77  1.27905e-15
6188.26  1.2864e-15
6189.76  1.29377e-15
6191.25  1.30116e-15
6192.74  1.30855e-15
6194.24  1.31596e-15
6195.73  1.32337e-15
6197.22  1.33079e-15
6198.72  1.33821e-15
6200.21  1.34563e-15
6201.7   1.35303e-15
6203.2   1.36041e-15
6204.69  1.36774e-15
6206.19  1.37501e-15
6207.68  1.3822e-15
6209.17  1.38927e-15
6210.67  1.3962e-15
6212.16  1.40294e-15
6213.65  1.40947e-15
6215.15  1.41575e-15
6216.64  1.42172e-15
6218.14  1.42735e-15
6219.63  1.4326e-15
6221.12  1.43742e-15
6222.62  1.44176e-15
6224.11  1.44559e-15
6225.6   1.44887e-15
6227.1   1.45155e-15
6228.59  1.45361e-15
6230.08  1.45502e-15
6231.58  1.45575e-15
6233.07  1.45578e-15
6234.57  1.4551e-15
6236.06  1.45369e-15
6237.55  1.45157e-15
6239.05  1.44873e-15
6240.54  1.44517e-15
6242.03  1.44093e-15
6243.53  1.43601e-15
6245.02  1.43045e-15
6246.51  1.42429e-15
6248.01  1.41755e-15
6249.5   1.41028e-15
6251     1.40253e-15
6252.49  1.39436e-15
6253.98  1.3858e-15
6255.48  1.37692e-15
6256.97  1.36777e-15
6258.46  1.35841e-15
6259.96  1.34888e-15
6261.45  1.33924e-15
6262.95  1.32955e-15
6264.44  1.31983e-15
6265.93  1.31015e-15
6267.43  1.30052e-15
6268.92  1.29099e-15
6270.41  1.28158e-15
6271.91  1.2723e-15
6273.4   1.26318e-15
6274.89  1.25421e-15
6276.39  1.24541e-15
6277.88  1.23677e-15
6279.38  1.22828e-15
6280.87  1.21993e-15
6282.36  1.2117e-15
6283.86  1.20358e-15
6285.35  1.19555e-15
6286.84  1.18759e-15
6288.34  1.17968e-15
6289.83  1.1718e-15
6291.32  1.16394e-15
6292.82  1.15609e-15
6294.31  1.14824e-15
6295.81  1.14039e-15
6297.3   1.13255e-15
6298.79  1.12471e-15
6300.29  1.11691e-15
6301.78  1.10915e-15
6303.27  1.10146e-15
6304.77  1.09389e-15
6306.26  1.08646e-15
6307.76  1.07922e-15
6309.25  1.07221e-15
6310.74  1.06549e-15
6312.24  1.05909e-15
6313.73  1.05308e-15
6315.22  1.04749e-15
6316.72  1.04238e-15
6318.21  1.03779e-15
6319.7   1.03377e-15
6321.2   1.03035e-15
6322.69  1.02756e-15
6324.19  1.02542e-15
6325.68  1.02396e-15
6327.17  1.02318e-15
6328.67  1.0231e-15
6330.16  1.0237e-15
6331.65  1.02498e-15
6333.15  1.02691e-15
6334.64  1.02949e-15
6336.13  1.03267e-15
6337.63  1.03643e-15
6339.12  1.04072e-15
6340.62  1.04551e-15
6342.11  1.05075e-15
6343.6   1.05639e-15
6345.1   1.06239e-15
6346.59  1.0687e-15
6348.08  1.07528e-15
6349.58  1.08208e-15
6351.07  1.08908e-15
6352.57  1.09622e-15
6354.06  1.10349e-15
6355.55  1.11085e-15
6357.05  1.11828e-15
6358.54  1.12576e-15
6360.03  1.1333e-15
6361.53  1.14086e-15
6363.02  1.14847e-15
6364.51  1.15611e-15
6366.01  1.16381e-15
6367.5   1.17155e-15
6369     1.17937e-15
6370.49  1.18728e-15
6371.98  1.19529e-15
6373.48  1.20342e-15
6374.97  1.21169e-15
6376.46  1.22012e-15
6377.96  1.22872e-15
6379.45  1.23751e-15
6380.94  1.24651e-15
6382.44  1.25572e-15
6383.93  1.26515e-15
6385.43  1.27482e-15
6386.92  1.28471e-15
6388.41  1.29483e-15
6389.91  1.30518e-15
6391.4   1.31575e-15
6392.89  1.32653e-15
6394.39  1.33751e-15
6395.88  1.34868e-15
6397.38  1.36003e-15
6398.87  1.37153e-15
6400.36  1.38318e-15
6401.86  1.39495e-15
6403.35  1.40683e-15
6404.84  1.41881e-15
6406.34  1.43086e-15
6407.83  1.44298e-15
6409.32  1.45514e-15
6410.82  1.46733e-15
6412.31  1.47954e-15
6413.81  1.49176e-15
6415.3   1.50398e-15
6416.79  1.51619e-15
6418.29  1.52838e-15
6419.78  1.54054e-15
6421.27  1.55267e-15
6422.77  1.56476e-15
6424.26  1.57681e-15
6425.75  1.58881e-15
6427.25  1.60075e-15
6428.74  1.61264e-15
6430.24  1.62447e-15
6431.73  1.63624e-15
6433.22  1.64794e-15
6434.72  1.65957e-15
6436.21  1.67113e-15
6437.7   1.68262e-15
6439.2   1.69404e-15
6440.69  1.70537e-15
6442.19  1.71663e-15
6443.68  1.72781e-15
6445.17  1.7389e-15
6446.67  1.74991e-15
6448.16  1.76083e-15
6449.65  1.77168e-15
6451.15  1.78243e-15
6452.64  1.79311e-15
6454.13  1.8037e-15
6455.63  1.81421e-15
6457.12  1.82465e-15
6458.62  1.83502e-15
6460.11  1.84532e-15
6461.6   1.85555e-15
6463.1   1.86573e-15
6464.59  1.87586e-15
6466.08  1.88594e-15
6467.58  1.89598e-15
6469.07  1.90598e-15
6470.56  1.91596e-15
6472.06  1.92591e-15
6473.55  1.93584e-15
6475.05  1.94574e-15
6476.54  1.95563e-15
6478.03  1.96549e-15
6479.53  1.97532e-15
6481.02  1.98512e-15
6482.51  1.99488e-15
6484.01  2.00458e-15
6485.5   2.01422e-15
6487     2.02377e-15
6488.49  2.03322e-15
6489.98  2.04255e-15
6491.48  2.05173e-15
6492.97  2.06075e-15
6494.46  2.06957e-15
6495.96  2.07817e-15
6497.45  2.08652e-15
6498.94  2.09461e-15
6500.44  2.1024e-15
6501.93  2.10987e-15
6503.43  2.117e-15
6504.92  2.12376e-15
6506.41  2.13015e-15
6507.91  2.13613e-15
6509.4   2.1417e-15
6510.89  2.14686e-15
6512.39  2.15157e-15
6513.88  2.15585e-15
6515.37  2.15969e-15
6516.87  2.16309e-15
6518.36  2.16604e-15
6519.86  2.16855e-15
6521.35  2.17062e-15
6522.84  2.17226e-15
6524.34  2.17348e-15
6525.83  2.17427e-15
6527.32  2.17466e-15
6528.82  2.17463e-15
6530.31  2.17421e-15
6531.81  2.17338e-15
6533.3   2.17217e-15
6534.79  2.17056e-15
6536.29  2.16856e-15
6537.78  2.16617e-15
6539.27  2.16339e-15
6540.77  2.16021e-15
6542.26  2.15662e-15
6543.75  2.15263e-15
6545.25  2.14822e-15
6546.74  2.14338e-15
6548.24  2.1381e-15
6549.73  2.13237e-15
6551.22  2.12619e-15
6552.72  2.11954e-15
6554.21  2.11241e-15
6555.7   2.10479e-15
6557.2   2.09669e-15
6558.69  2.08809e-15
6560.18  2.079e-15
6561.68  2.06941e-15
6563.17  2.05934e-15
6564.67  2.04879e-15
6566.16  2.03777e-15
6567.65  2.02631e-15
6569.15  2.01442e-15
6570.64  2.00213e-15
6572.13  1.98947e-15
6573.63  1.97647e-15
6575.12  1.96317e-15
6576.62  1.9496e-15
6578.11  1.93581e-15
6579.6   1.92183e-15
6581.1   1.90772e-15
6582.59  1.89351e-15
6584.08  1.87924e-15
6585.58  1.86495e-15
6587.07  1.85068e-15
6588.56  1.83647e-15
6590.06  1.82234e-15
6591.55  1.80832e-15
6593.05  1.79443e-15
6594.54  1.78069e-15
6596.03  1.7671e-15
6597.53  1.75368e-15
6599.02  1.74041e-15
6600.51  1.7273e-15
6602.01  1.71432e-15
6603.5   1.70146e-15
6604.99  1.6887e-15
6606.49  1.67601e-15
6607.98  1.66337e-15
6609.48  1.65073e-15
6610.97  1.63806e-15
6612.46  1.62533e-15
6613.96  1.6125e-15
6615.45  1.59954e-15
6616.94  1.58641e-15
6618.44  1.57308e-15
6619.93  1.55952e-15
6621.43  1.54571e-15
6622.92  1.53162e-15
6624.41  1.51725e-15
6625.91  1.50257e-15
6627.4   1.48758e-15
6628.89  1.47228e-15
6630.39  1.45668e-15
6631.88  1.44079e-15
6633.37  1.42462e-15
6634.87  1.40819e-15
6636.36  1.39154e-15
6637.86  1.37468e-15
6639.35  1.35765e-15
6640.84  1.34049e-15
6642.34  1.32324e-15
6643.83  1.30594e-15
6645.32  1.28863e-15
6646.82  1.27134e-15
6648.31  1.25412e-15
6649.8   1.23701e-15
6651.3   1.22005e-15
6652.79  1.20327e-15
6654.29  1.18669e-15
6655.78  1.17035e-15
6657.27  1.15427e-15
6658.77  1.13847e-15
6660.26  1.12297e-15
6661.75  1.10776e-15
6663.25  1.09287e-15
6664.74  1.07829e-15
6666.24  1.06402e-15
6667.73  1.05006e-15
6669.22  1.03639e-15
6670.72  1.02301e-15
6672.21  1.00991e-15
6673.7   9.97071e-16
6675.2   9.84481e-16
6676.69  9.72126e-16
6678.18  9.59991e-16
6679.68  9.48065e-16
6681.17  9.36334e-16
6682.67  9.24789e-16
6684.16  9.13422e-16
6685.65  9.02226e-16
6687.15  8.91197e-16
6688.64  8.80333e-16
6690.13  8.69633e-16
6691.63  8.59102e-16
6693.12  8.48741e-16
6694.61  8.38558e-16
6696.11  8.28559e-16
6697.6   8.18751e-16
6699.1   8.09144e-16
6700.59  7.99747e-16
6702.08  7.90568e-16
6703.58  7.81616e-16
6705.07  7.72899e-16
6706.56  7.64424e-16
6708.06  7.56197e-16
6709.55  7.48221e-16
6711.05  7.40499e-16
6712.54  7.33033e-16
6714.03  7.25821e-16
6715.53  7.18861e-16
6717.02  7.1215e-16
6718.51  7.05681e-16
6720.01  6.99447e-16
6721.5   6.9344e-16
6722.99  6.8765e-16
6724.49  6.82068e-16
6725.98  6.76683e-16
6727.48  6.71482e-16
6728.97  6.66457e-16
6730.46  6.61595e-16
6731.96  6.56886e-16
6733.45  6.5232e-16
6734.94  6.47888e-16
6736.44  6.43583e-16
6737.93  6.39398e-16
6739.42  6.35327e-16
6740.92  6.31365e-16
6742.41  6.2751e-16
6743.91  6.2376e-16
6745.4   6.20114e-16
6746.89  6.16573e-16
6748.39  6.13139e-16
6749.88  6.09812e-16
6751.37  6.06597e-16
6752.87  6.03497e-16
6754.36  6.00516e-16
6755.86  5.97656e-16
6757.35  5.94922e-16
6758.84  5.92316e-16
6760.34  5.89842e-16
6761.83  5.87501e-16
6763.32  5.85295e-16
6764.82  5.83224e-16
6766.31  5.81287e-16
6767.8   5.79484e-16
6769.3   5.77812e-16
6770.79  5.76268e-16
6772.29  5.74849e-16
6773.78  5.73549e-16
6775.27  5.72364e-16
6776.77  5.7129e-16
6778.26  5.70321e-16
6779.75  5.69453e-16
6781.25  5.6868e-16
6782.74  5.68e-16
6784.23  5.67408e-16
6785.73  5.66903e-16
6787.22  5.66484e-16
6788.72  5.66149e-16
6790.21  5.65899e-16
6791.7   5.65737e-16
6793.2   5.65665e-16
6794.69  5.65687e-16
6796.18  5.65806e-16
6797.68  5.66027e-16
6799.17  5.66357e-16
6800.67  5.66799e-16
6802.16  5.6736e-16
6803.65  5.68043e-16
6805.15  5.68853e-16
6806.64  5.69794e-16
6808.13  5.70868e-16
6809.63  5.72076e-16
6811.12  5.73419e-16
6812.61  5.74895e-16
6814.11  5.76503e-16
6815.6   5.78239e-16
6817.1   5.80098e-16
6818.59  5.82073e-16
6820.08  5.84159e-16
6821.58  5.86347e-16
6823.07  5.88628e-16
6824.56  5.90993e-16
6826.06  5.93431e-16
6827.55  5.95932e-16
6829.04  5.98485e-16
6830.54  6.01077e-16
6832.03  6.03697e-16
6833.53  6.06334e-16
6835.02  6.08975e-16
6836.51  6.11608e-16
6838.01  6.14222e-16
6839.5   6.16803e-16
6840.99  6.19339e-16
6842.49  6.2182e-16
6843.98  6.24232e-16
6845.48  6.26566e-16
6846.97  6.28809e-16
6848.46  6.30951e-16
6849.96  6.32984e-16
6851.45  6.34898e-16
6852.94  6.36686e-16
6854.44  6.38343e-16
6855.93  6.39863e-16
6857.42  6.41245e-16
6858.92  6.42488e-16
6860.41  6.43595e-16
6861.91  6.44569e-16
6863.4   6.45418e-16
6864.89  6.46152e-16
6866.39  6.46783e-16
6867.88  6.47325e-16
6869.37  6.47796e-16
6870.87  6.48216e-16
6872.36  6.48607e-16
6873.85  6.48991e-16
6875.35  6.49393e-16
6876.84  6.4984e-16
6878.34  6.50355e-16
6879.83  6.50964e-16
6881.32  6.51692e-16
6882.82  6.52561e-16
6884.31  6.5359e-16
6885.8   6.54797e-16
6887.3   6.56196e-16
6888.79  6.57796e-16
6890.29  6.59602e-16
6891.78  6.61616e-16
6893.27  6.63831e-16
6894.77  6.66239e-16
6896.26  6.68824e-16
6897.75  6.71567e-16
6899.25  6.74444e-16
6900.74  6.77426e-16
6902.23  6.80481e-16
6903.73  6.83574e-16
6905.22  6.86669e-16
6906.72  6.89726e-16
6908.21  6.92709e-16
6909.7   6.95579e-16
6911.2   6.983e-16
6912.69  7.00838e-16
6914.18  7.03164e-16
6915.68  7.05251e-16
6917.17  7.07079e-16
6918.66  7.0863e-16
6920.16  7.09894e-16
6921.65  7.10867e-16
6923.15  7.1155e-16
6924.64  7.1195e-16
6926.13  7.1208e-16
6927.63  7.11956e-16
6929.12  7.11601e-16
6930.61  7.11041e-16
6932.11  7.10304e-16
6933.6   7.09422e-16
6935.1   7.08428e-16
6936.59  7.07354e-16
6938.08  7.06233e-16
6939.58  7.05096e-16
6941.07  7.03974e-16
6942.56  7.02892e-16
6944.06  7.01876e-16
6945.55  7.00944e-16
6947.04  7.00113e-16
6948.54  6.99394e-16
6950.03  6.98795e-16
6951.53  6.98319e-16
6953.02  6.97965e-16
6954.51  6.97727e-16
6956.01  6.97597e-16
6957.5   6.97563e-16
6958.99  6.9761e-16
6960.49  6.97721e-16
6961.98  6.97878e-16
6963.47  6.98062e-16
6964.97  6.98253e-16
6966.46  6.98431e-16
6967.96  6.98576e-16
6969.45  6.98672e-16
6970.94  6.987e-16
6972.44  6.98648e-16
6973.93  6.98502e-16
6975.42  6.98253e-16
6976.92  6.97894e-16
6978.41  6.97421e-16
6979.91  6.96832e-16
6981.4   6.9613e-16
6982.89  6.95319e-16
6984.39  6.94407e-16
6985.88  6.93402e-16
6987.37  6.92318e-16
6988.87  6.9117e-16
6990.36  6.89972e-16
6991.85  6.88744e-16
6993.35  6.87504e-16
6994.84  6.86273e-16
6996.34  6.85071e-16
6997.83  6.8392e-16
6999.32  6.82841e-16
7000.82  6.81853e-16
7002.31  6.80978e-16
7003.8   6.80233e-16
7005.3   6.79636e-16
7006.79  6.79203e-16
7008.28  6.78946e-16
7009.78  6.78878e-16
7011.27  6.79005e-16
7012.77  6.79334e-16
7014.26  6.79866e-16
7015.75  6.806e-16
7017.25  6.8153e-16
7018.74  6.82647e-16
7020.23  6.83939e-16
7021.73  6.8539e-16
7023.22  6.86978e-16
7024.72  6.8868e-16
7026.21  6.90471e-16
7027.7   6.92319e-16
7029.2   6.94194e-16
7030.69  6.96063e-16
7032.18  6.97892e-16
7033.68  6.99647e-16
7035.17  7.01293e-16
7036.66  7.02801e-16
7038.16  7.0414e-16
7039.65  7.05284e-16
7041.15  7.0621e-16
7042.64  7.06903e-16
7044.13  7.07348e-16
7045.63  7.0754e-16
7047.12  7.07478e-16
7048.61  7.07168e-16
7050.11  7.06623e-16
7051.6   7.05859e-16
7053.09  7.04902e-16
7054.59  7.0378e-16
7056.08  7.02526e-16
7057.58  7.01178e-16
7059.07  6.99776e-16
7060.56  6.98362e-16
7062.06  6.96979e-16
7063.55  6.95668e-16
7065.04  6.94471e-16
7066.54  6.93426e-16
7068.03  6.92569e-16
7069.53  6.91931e-16
7071.02  6.91538e-16
7072.51  6.91411e-16
7074.01  6.91567e-16
7075.5   6.92013e-16
7076.99  6.92754e-16
7078.49  6.93788e-16
7079.98  6.95105e-16
7081.47  6.96695e-16
7082.97  6.98538e-16
7084.46  7.00614e-16
7085.96  7.02897e-16
7087.45  7.05362e-16
7088.94  7.07979e-16
7090.44  7.1072e-16
7091.93  7.13555e-16
7093.42  7.16457e-16
7094.92  7.19399e-16
7096.41  7.22356e-16
7097.9   7.25306e-16
7099.4   7.28232e-16
7100.89  7.31116e-16
7102.39  7.33948e-16
7103.88  7.36718e-16
7105.37  7.39421e-16
7106.87  7.42056e-16
7108.36  7.44625e-16
7109.85  7.4713e-16
7111.35  7.4958e-16
7112.84  7.51983e-16
7114.34  7.5435e-16
7115.83  7.56694e-16
7117.32  7.59028e-16
7118.82  7.61366e-16
7120.31  7.63722e-16
7121.8   7.66112e-16
7123.3   7.68551e-16
7124.79  7.71053e-16
7126.28  7.73632e-16
7127.78  7.76301e-16
7129.27  7.79073e-16
7130.77  7.81961e-16
7132.26  7.84975e-16
7133.75  7.88125e-16
7135.25  7.91421e-16
7136.74  7.94872e-16
7138.23  7.98483e-16
7139.73  8.0226e-16
7141.22  8.06208e-16
7142.71  8.10329e-16
7144.21  8.14624e-16
7145.7   8.19092e-16
7147.2   8.23728e-16
7148.69  8.28527e-16
7150.18  8.3348e-16
7151.68  8.38577e-16
7153.17  8.43803e-16
7154.66  8.49142e-16
7156.16  8.54572e-16
7157.65  8.60073e-16
7159.15  8.65618e-16
7160.64  8.71181e-16
7162.13  8.76732e-16
7163.63  8.8224e-16
7165.12  8.87673e-16
7166.61  8.93e-16
7168.11  8.98189e-16
7169.6   9.0321e-16
7171.09  9.08033e-16
7172.59  9.12635e-16
7174.08  9.16991e-16
7175.58  9.21084e-16
7177.07  9.24901e-16
7178.56  9.28432e-16
7180.06  9.31676e-16
7181.55  9.34635e-16
7183.04  9.37319e-16
7184.54  9.39743e-16
7186.03  9.41927e-16
7187.52  9.43896e-16
7189.02  9.45681e-16
7190.51  9.47317e-16
7192.01  9.48839e-16
7193.5   9.50288e-16
7194.99  9.51703e-16
7196.49  9.53124e-16
7197.98  9.54589e-16
7199.47  9.56136e-16
7200.97  9.57798e-16
7202.46  9.59604e-16
7203.96  9.61579e-16
7205.45  9.63742e-16
7206.94  9.66108e-16
7208.44  9.68683e-16
7209.93  9.71472e-16
7211.42  9.7447e-16
7212.92  9.77669e-16
7214.41  9.81057e-16
7215.9   9.84616e-16
7217.4   9.88328e-16
7218.89  9.92171e-16
7220.39  9.96121e-16
7221.88  1.00016e-15
7223.37  1.00425e-15
7224.87  1.00839e-15
7226.36  1.01255e-15
7227.85  1.01671e-15
7229.35  1.02086e-15
7230.84  1.02499e-15
7232.33  1.02909e-15
7233.83  1.03316e-15
7235.32  1.03719e-15
7236.82  1.04118e-15
7238.31  1.04514e-15
7239.8   1.04906e-15
7241.3   1.05296e-15
7242.79  1.05683e-15
7244.28  1.06067e-15
7245.78  1.06448e-15
7247.27  1.06827e-15
7248.77  1.07202e-15
7250.26  1.07574e-15
7251.75  1.07941e-15
7253.25  1.08302e-15
7254.74  1.08656e-15
7256.23  1.09001e-15
7257.73  1.09337e-15
7259.22  1.09661e-15
7260.71  1.09971e-15
7262.21  1.10266e-15
7263.7   1.10545e-15
7265.2   1.10807e-15
7266.69  1.1105e-15
7268.18  1.11274e-15
7269.68  1.11478e-15
7271.17  1.11663e-15
7272.66  1.11829e-15
7274.16  1.11976e-15
7275.65  1.12107e-15
7277.14  1.1222e-15
7278.64  1.12319e-15
7280.13  1.12405e-15
7281.63  1.12479e-15
7283.12  1.12542e-15
7284.61  1.12595e-15
7286.11  1.12641e-15
7287.6   1.12678e-15
7289.09  1.12709e-15
7290.59  1.12733e-15
7292.08  1.12749e-15
7293.58  1.12757e-15
7295.07  1.12755e-15
7296.56  1.12743e-15
7298.06  1.12719e-15
7299.55  1.1268e-15
7301.04  1.12625e-15
7302.54  1.12551e-15
7304.03  1.12456e-15
7305.52  1.1234e-15
7307.02  1.12199e-15
7308.51  1.12033e-15
7310.01  1.11841e-15
7311.5   1.11624e-15
7312.99  1.1138e-15
7314.49  1.11112e-15
7315.98  1.1082e-15
7317.47  1.10507e-15
7318.97  1.10176e-15
7320.46  1.09831e-15
7321.95  1.09474e-15
7323.45  1.0911e-15
7324.94  1.08744e-15
7326.44  1.0838e-15
7327.93  1.08023e-15
7329.42  1.07678e-15
7330.92  1.07349e-15
7332.41  1.07039e-15
7333.9   1.06754e-15
7335.4   1.06495e-15
7336.89  1.06266e-15
7338.39  1.06069e-15
7339.88  1.05904e-15
7341.37  1.05771e-15
7342.87  1.05672e-15
7344.36  1.05603e-15
7345.85  1.05565e-15
7347.35  1.05553e-15
7348.84  1.05564e-15
7350.33  1.05596e-15
7351.83  1.05643e-15
7353.32  1.05702e-15
7354.82  1.05767e-15
7356.31  1.05834e-15
7357.8   1.05898e-15
7359.3   1.05954e-15
7360.79  1.05999e-15
7362.28  1.06027e-15
7363.78  1.06036e-15
7365.27  1.06023e-15
7366.76  1.05985e-15
7368.26  1.05921e-15
7369.75  1.0583e-15
7371.25  1.05713e-15
7372.74  1.05569e-15
7374.23  1.05401e-15
7375.73  1.05212e-15
7377.22  1.05003e-15
7378.71  1.0478e-15
7380.21  1.04546e-15
7381.7   1.04306e-15
7383.2   1.04067e-15
7384.69  1.03832e-15
7386.18  1.03608e-15
7387.68  1.03401e-15
7389.17  1.03216e-15
7390.66  1.03059e-15
7392.16  1.02935e-15
7393.65  1.02849e-15
7395.14  1.02804e-15
7396.64  1.02804e-15
7398.13  1.02851e-15
7399.63  1.02948e-15
7401.12  1.03095e-15
7402.61  1.03293e-15
7404.11  1.0354e-15
7405.6   1.03834e-15
7407.09  1.04174e-15
7408.59  1.04555e-15
7410.08  1.04973e-15
7411.57  1.05423e-15
7413.07  1.059e-15
7414.56  1.06398e-15
7416.06  1.06911e-15
7417.55  1.07432e-15
7419.04  1.07955e-15
7420.54  1.08474e-15
7422.03  1.08982e-15
7423.52  1.09474e-15
7425.02  1.09945e-15
7426.51  1.10389e-15
7428.01  1.10803e-15
7429.5   1.11182e-15
7430.99  1.11526e-15
7432.49  1.11831e-15
7433.98  1.12096e-15
7435.47  1.12322e-15
7436.97  1.12508e-15
7438.46  1.12656e-15
7439.95  1.12767e-15
7441.45  1.12843e-15
7442.94  1.12887e-15
7444.44  1.12902e-15
7445.93  1.12892e-15
7447.42  1.12859e-15
7448.92  1.12807e-15
7450.41  1.1274e-15
7451.9   1.12662e-15
7453.4   1.12574e-15
7454.89  1.12482e-15
7456.38  1.12387e-15
7457.88  1.12291e-15
7459.37  1.12197e-15
7460.87  1.12107e-15
7462.36  1.12022e-15
7463.85  1.11943e-15
7465.35  1.11871e-15
7466.84  1.11807e-15
7468.33  1.11749e-15
7469.83  1.117e-15
7471.32  1.11657e-15
7472.82  1.11621e-15
7474.31  1.11591e-15
7475.8   1.11567e-15
7477.3   1.11547e-15
7478.79  1.11532e-15
7480.28  1.1152e-15
7481.78  1.11511e-15
7483.27  1.11505e-15
7484.76  1.115e-15
7486.26  1.11497e-15
7487.75  1.11495e-15
7489.25  1.11494e-15
7490.74  1.11493e-15
7492.23  1.11492e-15
7493.73  1.11492e-15
7495.22  1.11492e-15
7496.71  1.11492e-15
7498.21  1.11492e-15
7499.7   1.11492e-15
7501.19  1.11492e-15
7502.69  1.11492e-15
7504.18  1.11492e-15
7505.68  1.11492e-15
7507.17  1.11492e-15
7508.66  1.11492e-15