3428.62  6.15511e-16
3430.07  5.09828e-16
3431.52  3.98371e-16
3432.97  2.90342e-16
3434.42  1.95341e-16
3435.87  1.22147e-16
3437.32  7.75348e-17
3438.77  6.53072e-17
3440.22  8.56866e-17
3441.67  1.35183e-16
3443.12  2.06977e-16
3444.57  2.91781e-16
3446.02  3.79076e-16
3447.47  4.58547e-16
3448.92  5.2151e-16
3450.37  5.62102e-16
3451.81  5.78055e-16
3453.26  5.70911e-16
3454.71  5.45629e-16
3456.16  5.09658e-16
3457.61  4.71595e-16
3459.06  4.39672e-16
3460.51  4.20326e-16
3461.96  4.17087e-16
3463.41  4.29999e-16
3464.86  4.55657e-16
3466.31  4.87874e-16
3467.76  5.18844e-16
3469.21  5.40595e-16
3470.66  5.46472e-16
3472.11  5.32379e-16
3473.56  4.97552e-16
3475.01  4.44731e-16
3476.46  3.79696e-16
3477.91  3.10268e-16
3479.36  2.44941e-16
3480.81  1.91415e-16
3482.26  1.55279e-16
3483.7   1.39096e-16
3485.15  1.42022e-16
3486.6   1.60049e-16
3488.05  1.86794e-16
3489.5   2.14706e-16
3490.95  2.36456e-16
3492.4   2.46281e-16
3493.85  2.41039e-16
3495.3   2.20805e-16
3496.75  1.88908e-16
3498.2   1.51408e-16
3499.65  1.16121e-16
3501.1   9.13306e-17
3502.55  8.44383e-17
3504     1.00738e-16
3505.45  1.42534e-16
3506.9   2.08726e-16
3508.35  2.94927e-16
3509.8   3.94077e-16
3511.25  4.97449e-16
3512.7   5.9588e-16
3514.15  6.81022e-16
3515.59  7.46414e-16
3517.04  7.88219e-16
3518.49  8.05519e-16
3519.94  8.00143e-16
3521.39  7.76097e-16
3522.84  7.38704e-16
3524.29  6.93627e-16
3525.74  6.45953e-16
3527.19  5.99493e-16
3528.64  5.56399e-16
3530.09  5.17157e-16
3531.54  4.80907e-16
3532.99  4.46018e-16
3534.44  4.1078e-16
3535.89  3.74065e-16
3537.34  3.35832e-16
3538.79  2.97374e-16
3540.24  2.61266e-16
3541.69  2.31038e-16
3543.14  2.10619e-16
3544.59  2.0368e-16
3546.04  2.12961e-16
3547.48  2.39719e-16
3548.93  2.83366e-16
3550.38  3.41363e-16
3551.83  4.09392e-16
3553.28  4.81778e-16
3554.73  5.5211e-16
3556.18  6.13999e-16
3557.63  6.61851e-16
3559.08  6.91584e-16
3560.53  7.01162e-16
3561.98  6.90896e-16
3563.43  6.63432e-16
3564.88  6.23439e-16
3566.33  5.7701e-16
3567.78  5.30853e-16
3569.23  4.91376e-16
3570.68  4.63789e-16
3572.13  4.51365e-16
3573.58  4.54957e-16
3575.03  4.72863e-16
3576.48  5.01076e-16
3577.93  5.33881e-16
3579.38  5.64729e-16
3580.82  5.87257e-16
3582.27  5.96303e-16
3583.72  5.88751e-16
3585.17  5.64081e-16
3586.62  5.2452e-16
3588.07  4.74782e-16
3589.52  4.21417e-16
3590.97  3.71887e-16
3592.42  3.33504e-16
3593.87  3.12379e-16
3595.32  3.12563e-16
3596.77  3.35474e-16
3598.22  3.79705e-16
3599.67  4.4121e-16
3601.12  5.13838e-16
3602.57  5.9012e-16
3604.02  6.62202e-16
3605.47  7.22791e-16
3606.92  7.65993e-16
3608.37  7.87961e-16
3609.82  7.87268e-16
3611.27  7.64984e-16
3612.71  7.24458e-16
3614.16  6.70843e-16
3615.61  6.10426e-16
3617.06  5.49851e-16
3618.51  4.95338e-16
3619.96  4.51973e-16
3621.41  4.23191e-16
3622.86  4.10468e-16
3624.31  4.13289e-16
3625.76  4.29353e-16
3627.21  4.54999e-16
3628.66  4.85769e-16
3630.11  5.17022e-16
3631.56  5.44537e-16
3633.01  5.65009e-16
3634.46  5.76391e-16
3635.91  5.78063e-16
3637.36  5.70805e-16
3638.81  5.56613e-16
3640.26  5.3837e-16
3641.71  5.19436e-16
3643.16  5.03197e-16
3644.6   4.92618e-16
3646.05  4.89858e-16
3647.5   4.95985e-16
3648.95  5.1081e-16
3650.4   5.3288e-16
3651.85  5.59622e-16
3653.3   5.87628e-16
3654.75  6.13063e-16
3656.2   6.32142e-16
3657.65  6.41623e-16
3659.1   6.39254e-16
3660.55  6.24122e-16
3662     5.96834e-16
3663.45  5.59523e-16
3664.9   5.15652e-16
3666.35  4.69636e-16
3667.8   4.26337e-16
3669.25  3.90465e-16
3670.7   3.65996e-16
3672.15  3.55659e-16
3673.6   3.60581e-16
3675.05  3.80147e-16
3676.49  4.12105e-16
3677.94  4.52897e-16
3679.39  4.98193e-16
3680.84  5.43524e-16
3682.29  5.84925e-16
3683.74  6.19475e-16
3685.19  6.45638e-16
3686.64  6.63352e-16
3688.09  6.73854e-16
3689.54  6.79285e-16
3690.99  6.82153e-16
3692.44  6.84779e-16
3693.89  6.8883e-16
3695.34  6.95041e-16
3696.79  7.03158e-16
3698.24  7.12114e-16
3699.69  7.20374e-16
3701.14  7.26352e-16
3702.59  7.28804e-16
3704.04  7.27105e-16
3705.49  7.2134e-16
3706.94  7.12219e-16
3708.38  7.00829e-16
3709.83  6.88319e-16
3711.28  6.75592e-16
3712.73  6.63085e-16
3714.18  6.50693e-16
3715.63  6.37844e-16
3717.08  6.23705e-16
3718.53  6.07452e-16
3719.98  5.88524e-16
3721.43  5.66822e-16
3722.88  5.42766e-16
3724.33  5.17235e-16
3725.78  4.9139e-16
3727.23  4.6644e-16
3728.68  4.43398e-16
3730.13  4.22911e-16
3731.58  4.05174e-16
3733.03  3.89964e-16
3734.48  3.76778e-16
3735.93  3.65022e-16
3737.38  3.54223e-16
3738.83  3.44188e-16
3740.27  3.3509e-16
3741.72  3.27443e-16
3743.17  3.21982e-16
3744.62  3.19461e-16
3746.07  3.20417e-16
3747.52  3.24963e-16
3748.97  3.32635e-16
3750.42  3.42365e-16
3751.87  3.52572e-16
3753.32  3.61375e-16
3754.77  3.66898e-16
3756.22  3.67611e-16
3757.67  3.62633e-16
3759.12  3.51952e-16
3760.57  3.36496e-16
3762.02  3.18042e-16
3763.47  2.98961e-16
3764.92  2.81849e-16
3766.37  2.69092e-16
3767.82  2.62457e-16
3769.27  2.62773e-16
3770.72  2.69761e-16
3772.16  2.82054e-16
3773.61  2.97399e-16
3775.06  3.13002e-16
3776.51  3.25964e-16
3777.96  3.33728e-16
3779.41  3.34469e-16
3780.86  3.27355e-16
3782.31  3.12656e-16
3783.76  2.91687e-16
3785.21  2.66597e-16
3786.66  2.40069e-16
3788.11  2.14953e-16
3789.56  1.93908e-16
3791.01  1.79096e-16
3792.46  1.71951e-16
3793.91  1.7306e-16
3795.36  1.82144e-16
3796.81  1.9814e-16
3798.26  2.19358e-16
3799.71  2.437e-16
3801.16  2.68904e-16
3802.61  2.92788e-16
3804.05  3.13476e-16
3805.5   3.29568e-16
3806.95  3.40259e-16
3808.4   3.45373e-16
3809.85  3.45334e-16
3811.3   3.41062e-16
3812.75  3.33826e-16
3814.2   3.25065e-16
3815.65  3.16199e-16
3817.1   3.08475e-16
3818.55  3.02835e-16
3820     2.99853e-16
3821.45  2.99728e-16
3822.9   3.02341e-16
3824.35  3.07349e-16
3825.8   3.14318e-16
3827.25  3.22847e-16
3828.7   3.32677e-16
3830.15  3.43751e-16
3831.6   3.5621e-16
3833.05  3.70326e-16
3834.5   3.8638e-16
3835.94  4.04505e-16
3837.39  4.24521e-16
3838.84  4.45808e-16
3840.29  4.6725e-16
3841.74  4.87265e-16
3843.19  5.03956e-16
3844.64  5.15349e-16
3846.09  5.19701e-16
3847.54  5.15826e-16
3848.99  5.03376e-16
3850.44  4.83027e-16
3851.89  4.56516e-16
3853.34  4.26505e-16
3854.79  3.96299e-16
3856.24  3.69431e-16
3857.69  3.49196e-16
3859.14  3.38204e-16
3860.59  3.3802e-16
3862.04  3.48966e-16
3863.49  3.70105e-16
3864.94  3.99406e-16
3866.39  4.34074e-16
3867.83  4.70972e-16
3869.28  5.07067e-16
3870.73  5.39837e-16
3872.18  5.67561e-16
3873.63  5.89474e-16
3875.08  6.05744e-16
3876.53  6.17312e-16
3877.98  6.25614e-16
3879.43  6.32251e-16
3880.88  6.38662e-16
3882.33  6.45857e-16
3883.78  6.54263e-16
3885.23  6.63691e-16
3886.68  6.73436e-16
3888.13  6.82467e-16
3889.58  6.89682e-16
3891.03  6.94154e-16
3892.48  6.95329e-16
3893.93  6.93141e-16
3895.38  6.88018e-16
3896.83  6.80792e-16
3898.28  6.72537e-16
3899.72  6.64385e-16
3901.17  6.57348e-16
3902.62  6.52197e-16
3904.07  6.49411e-16
3905.52  6.49191e-16
3906.97  6.51531e-16
3908.42  6.56308e-16
3909.87  6.63362e-16
3911.32  6.72547e-16
3912.77  6.83736e-16
3914.22  6.96795e-16
3915.67  7.11533e-16
3917.12  7.2766e-16
3918.57  7.44775e-16
3920.02  7.62383e-16
3921.47  7.79965e-16
3922.92  7.9706e-16
3924.37  8.13357e-16
3925.82  8.28766e-16
3927.27  8.43442e-16
3928.72  8.57749e-16
3930.17  8.72177e-16
3931.61  8.8721e-16
3933.06  9.03185e-16
3934.51  9.20169e-16
3935.96  9.37878e-16
3937.41  9.55671e-16
3938.86  9.72611e-16
3940.31  9.876e-16
3941.76  9.99557e-16
3943.21  1.00761e-15
3944.66  1.01125e-15
3946.11  1.01049e-15
3947.56  1.00586e-15
3949.01  9.98418e-16
3950.46  9.89601e-16
3951.91  9.81056e-16
3953.36  9.74419e-16
3954.81  9.71079e-16
3956.26  9.71973e-16
3957.71  9.77433e-16
3959.16  9.87115e-16
3960.61  1.00002e-15
3962.06  1.0146e-15
3963.5   1.02898e-15
3964.95  1.04119e-15
3966.4   1.04945e-15
3967.85  1.05243e-15
3969.3   1.04946e-15
3970.75  1.04063e-15
3972.2   1.02679e-15
3973.65  1.0095e-15
3975.1   9.90726e-16
3976.55  9.72654e-16
3978     9.57322e-16
3979.45  9.46347e-16
3980.9   9.40689e-16
3982.35  9.40535e-16
3983.8   9.45289e-16
3985.25  9.53708e-16
3986.7   9.64125e-16
3988.15  9.74745e-16
3989.6   9.8394e-16
3991.05  9.90506e-16
3992.5   9.93811e-16
3993.95  9.93841e-16
3995.39  9.9111e-16
3996.84  9.8648e-16
3998.29  9.80917e-16
3999.74  9.75247e-16
4001.19  9.6997e-16
4002.64  9.65149e-16
4004.09  9.60424e-16
4005.54  9.55116e-16
4006.99  9.48416e-16
4008.44  9.39602e-16
4009.89  9.28237e-16
4011.34  9.14313e-16
4012.79  8.98296e-16
4014.24  8.81079e-16
4015.69  8.63853e-16
4017.14  8.4791e-16
4018.59  8.34431e-16
4020.04  8.24293e-16
4021.49  8.17915e-16
4022.94  8.15178e-16
4024.39  8.15428e-16
4025.84  8.17546e-16
4027.29  8.20089e-16
4028.73  8.21478e-16
4030.18  8.20204e-16
4031.63  8.15035e-16
4033.08  8.05193e-16
4034.53  7.90474e-16
4035.98  7.71299e-16
4037.43  7.48675e-16
4038.88  7.24075e-16
4040.33  6.99246e-16
4041.78  6.75972e-16
4043.23  6.55822e-16
4044.68  6.39935e-16
4046.13  6.28849e-16
4047.58  6.22435e-16
4049.03  6.19909e-16
4050.48  6.19952e-16
4051.93  6.209e-16
4053.38  6.20989e-16
4054.83  6.18619e-16
4056.28  6.12598e-16
4057.73  6.02342e-16
4059.18  5.88007e-16
4060.62  5.70508e-16
4062.07  5.5145e-16
4063.52  5.3294e-16
4064.97  5.17321e-16
4066.42  5.06835e-16
4067.87  5.03286e-16
4069.32  5.07725e-16
4070.77  5.20238e-16
4072.22  5.39855e-16
4073.67  5.64624e-16
4075.12  5.91843e-16
4076.57  6.1842e-16
4078.02  6.41313e-16
4079.47  6.57981e-16
4080.92  6.66764e-16
4082.37  6.67138e-16
4083.82  6.59783e-16
4085.27  6.46469e-16
4086.72  6.29765e-16
4088.17  6.12617e-16
4089.62  5.97886e-16
4091.07  5.87907e-16
4092.51  5.84149e-16
4093.96  5.87027e-16
4095.41  5.95901e-16
4096.86  6.09235e-16
4098.31  6.24896e-16
4099.76  6.40517e-16
4101.21  6.53873e-16
4102.66  6.63191e-16
4104.11  6.67365e-16
4105.56  6.66035e-16
4107.01  6.59551e-16
4108.46  6.48834e-16
4109.91  6.35182e-16
4111.36  6.20047e-16
4112.81  6.04841e-16
4114.26  5.90776e-16
4115.71  5.78762e-16
4117.16  5.6935e-16
4118.61  5.62733e-16
4120.06  5.58759e-16
4121.51  5.56985e-16
4122.96  5.56743e-16
4124.4   5.57217e-16
4125.85  5.57549e-16
4127.3   5.56942e-16
4128.75  5.54787e-16
4130.2   5.50767e-16
4131.65  5.44938e-16
4133.1   5.37766e-16
4134.55  5.3009e-16
4136     5.23023e-16
4137.45  5.17779e-16
4138.9   5.15463e-16
4140.35  5.16847e-16
4141.8   5.22175e-16
4143.25  5.31046e-16
4144.7   5.42395e-16
4146.15  5.54602e-16
4147.6   5.65708e-16
4149.05  5.73715e-16
4150.5   5.76931e-16
4151.95  5.74275e-16
4153.4   5.65507e-16
4154.85  5.51329e-16
4156.29  5.3332e-16
4157.74  5.13734e-16
4159.19  4.95163e-16
4160.64  4.80151e-16
4162.09  4.70799e-16
4163.54  4.68448e-16
4164.99  4.7349e-16
4166.44  4.85326e-16
4167.89  5.02493e-16
4169.34  5.2291e-16
4170.79  5.44214e-16
4172.24  5.64112e-16
4173.69  5.80691e-16
4175.14  5.92644e-16
4176.59  5.99377e-16
4178.04  6.00997e-16
4179.49  5.98196e-16
4180.94  5.92066e-16
4182.39  5.83886e-16
4183.84  5.74927e-16
4185.29  5.66295e-16
4186.74  5.58848e-16
4188.18  5.53167e-16
4189.63  5.49598e-16
4191.08  5.48318e-16
4192.53  5.49416e-16
4193.98  5.52961e-16
4195.43  5.59027e-16
4196.88  5.67688e-16
4198.33  5.78962e-16
4199.78  5.92731e-16
4201.23  6.08647e-16
4202.68  6.2605e-16
4204.13  6.43934e-16
4205.58  6.60957e-16
4207.03  6.75534e-16
4208.48  6.85994e-16
4209.93  6.90797e-16
4211.38  6.88778e-16
4212.83  6.79386e-16
4214.28  6.62874e-16
4215.73  6.40388e-16
4217.18  6.13933e-16
4218.63  5.86205e-16
4220.07  5.6028e-16
4221.52  5.39225e-16
4222.97  5.25655e-16
4224.42  5.21336e-16
4225.87  5.26888e-16
4227.32  5.41644e-16
4228.77  5.63705e-16
4230.22  5.90192e-16
4231.67  6.17646e-16
4233.12  6.42529e-16
4234.57  6.61739e-16
4236.02  6.73041e-16
4237.47  6.75365e-16
4238.92  6.68904e-16
4240.37  6.55012e-16
4241.82  6.35917e-16
4243.27  6.14311e-16
4244.72  5.92898e-16
4246.17  5.73968e-16
4247.62  5.59082e-16
4249.07  5.48921e-16
4250.52  5.43303e-16
4251.96  5.41362e-16
4253.41  5.4185e-16
4254.86  5.43475e-16
4256.31  5.45223e-16
4257.76  5.46585e-16
4259.21  5.47651e-16
4260.66  5.49048e-16
4262.11  5.51754e-16
4263.56  5.56818e-16
4265.01  5.65053e-16
4266.46  5.76781e-16
4267.91  5.9167e-16
4269.36  6.08725e-16
4270.81  6.26414e-16
4272.26  6.42925e-16
4273.71  6.56486e-16
4275.16  6.65703e-16
4276.61  6.69822e-16
4278.06  6.68878e-16
4279.51  6.63697e-16
4280.96  6.55739e-16
4282.41  6.46829e-16
4283.85  6.38822e-16
4285.3   6.33263e-16
4286.75  6.31123e-16
4288.2   6.3265e-16
4289.65  6.37366e-16
4291.1   6.442e-16
4292.55  6.51736e-16
4294     6.58506e-16
4295.45  6.63293e-16
4296.9   6.65361e-16
4298.35  6.64586e-16
4299.8   6.61462e-16
4301.25  6.56993e-16
4302.7   6.52486e-16
4304.15  6.49307e-16
4305.6   6.48622e-16
4307.05  6.512e-16
4308.5   6.57281e-16
4309.95  6.66551e-16
4311.4   6.78204e-16
4312.85  6.91086e-16
4314.3   7.03888e-16
4315.74  7.15342e-16
4317.19  7.24404e-16
4318.64  7.30385e-16
4320.09  7.33011e-16
4321.54  7.32419e-16
4322.99  7.29085e-16
4324.44  7.2371e-16
4325.89  7.17082e-16
4327.34  7.09938e-16
4328.79  7.02848e-16
4330.24  6.96141e-16
4331.69  6.89873e-16
4333.14  6.83854e-16
4334.59  6.77704e-16
4336.04  6.70952e-16
4337.49  6.63142e-16
4338.94  6.5393e-16
4340.39  6.43167e-16
4341.84  6.30939e-16
4343.29  6.1757e-16
4344.74  6.0358e-16
4346.19  5.89612e-16
4347.63  5.76335e-16
4349.08  5.64343e-16
4350.53  5.54063e-16
4351.98  5.45694e-16
4353.43  5.39173e-16
4354.88  5.34188e-16
4356.33  5.30221e-16
4357.78  5.2663e-16
4359.23  5.22734e-16
4360.68  5.17919e-16
4362.13  5.11723e-16
4363.58  5.0391e-16
4365.03  4.94511e-16
4366.48  4.83829e-16
4367.93  4.72417e-16
4369.38  4.61016e-16
4370.83  4.50471e-16
4372.28  4.41632e-16
4373.73  4.35248e-16
4375.18  4.31864e-16
4376.63  4.31737e-16
4378.08  4.34779e-16
4379.52  4.40534e-16
4380.97  4.48204e-16
4382.42  4.5671e-16
4383.87  4.64814e-16
4385.32  4.71257e-16
4386.77  4.74927e-16
4388.22  4.75027e-16
4389.67  4.71203e-16
4391.12  4.63626e-16
4392.57  4.52999e-16
4394.02  4.40475e-16
4395.47  4.27503e-16
4396.92  4.15616e-16
4398.37  4.06189e-16
4399.82  4.00224e-16
4401.27  3.98189e-16
4402.72  3.99943e-16
4404.17  4.04778e-16
4405.62  4.11541e-16
4407.07  4.18851e-16
4408.52  4.25326e-16
4409.97  4.29811e-16
4411.41  4.31543e-16
4412.86  4.30226e-16
4414.31  4.26024e-16
4415.76  4.19465e-16
4417.21  4.11294e-16
4418.66  4.02315e-16
4420.11  3.93257e-16
4421.56  3.84684e-16
4423.01  3.76974e-16
4424.46  3.7035e-16
4425.91  3.64948e-16
4427.36  3.60895e-16
4428.81  3.58368e-16
4430.26  3.57627e-16
4431.71  3.58986e-16
4433.16  3.62766e-16
4434.61  3.69203e-16
4436.06  3.78363e-16
4437.51  3.90068e-16
4438.96  4.03866e-16
4440.41  4.1903e-16
4441.86  4.34623e-16
4443.3   4.49585e-16
4444.75  4.62856e-16
4446.2   4.735e-16
4447.65  4.80819e-16
4449.1   4.84437e-16
4450.55  4.84345e-16
4452     4.80897e-16
4453.45  4.7476e-16
4454.9   4.66829e-16
4456.35  4.58111e-16
4457.8   4.49604e-16
4459.25  4.42182e-16
4460.7   4.36502e-16
4462.15  4.32944e-16
4463.6   4.31603e-16
4465.05  4.32309e-16
4466.5   4.34692e-16
4467.95  4.38263e-16
4469.4   4.42508e-16
4470.85  4.46962e-16
4472.3   4.51273e-16
4473.75  4.55226e-16
4475.19  4.58738e-16
4476.64  4.6183e-16
4478.09  4.64577e-16
4479.54  4.67069e-16
4480.99  4.69364e-16
4482.44  4.71481e-16
4483.89  4.73397e-16
4485.34  4.75083e-16
4486.79  4.76543e-16
4488.24  4.77863e-16
4489.69  4.79256e-16
4491.14  4.81086e-16
4492.59  4.83863e-16
4494.04  4.88209e-16
4495.49  4.94795e-16
4496.94  5.04237e-16
4498.39  5.16992e-16
4499.84  5.33245e-16
4501.29  5.52827e-16
4502.74  5.75166e-16
4504.19  5.99308e-16
4505.64  6.23999e-16
4507.09  6.47829e-16
4508.53  6.69425e-16
4509.98  6.87661e-16
4511.43  7.01843e-16
4512.88  7.11848e-16
4514.33  7.18177e-16
4515.78  7.21897e-16
4517.23  7.24493e-16
4518.68  7.2763e-16
4520.13  7.32873e-16
4521.58  7.41403e-16
4523.03  7.53793e-16
4524.48  7.69868e-16
4525.93  7.88699e-16
4527.38  8.08733e-16
4528.83  8.28035e-16
4530.28  8.44618e-16
4531.73  8.56799e-16
4533.18  8.6352e-16
4534.63  8.64578e-16
4536.08  8.6072e-16
4537.53  8.53575e-16
4538.98  8.45443e-16
4540.42  8.38955e-16
4541.87  8.36676e-16
4543.32  8.40703e-16
4544.77  8.52336e-16
4546.22  8.71867e-16
4547.67  8.98532e-16
4549.12  9.30624e-16
4550.57  9.65751e-16
4552.02  1.00119e-15
4553.47  1.03431e-15
4554.92  1.0629e-15
4556.37  1.0855e-15
4557.82  1.10152e-15
4559.27  1.11129e-15
4560.72  1.1159e-15
4562.17  1.11699e-15
4563.62  1.11643e-15
4565.07  1.11604e-15
4566.52  1.1173e-15
4567.97  1.12121e-15
4569.42  1.12819e-15
4570.87  1.1381e-15
4572.31  1.15038e-15
4573.76  1.16417e-15
4575.21  1.17853e-15
4576.66  1.19254e-15
4578.11  1.20547e-15
4579.56  1.21683e-15
4581.01  1.22635e-15
4582.46  1.23403e-15
4583.91  1.24003e-15
4585.36  1.24464e-15
4586.81  1.24824e-15
4588.26  1.25119e-15
4589.71  1.25388e-15
4591.16  1.25663e-15
4592.61  1.25972e-15
4594.06  1.26337e-15
4595.51  1.26773e-15
4596.96  1.27288e-15
4598.41  1.27888e-15
4599.86  1.28574e-15
4601.31  1.29346e-15
4602.76  1.30205e-15
4604.2   1.31153e-15
4605.65  1.32188e-15
4607.1   1.33309e-15
4608.55  1.34503e-15
4610     1.35748e-15
4611.45  1.37004e-15
4612.9   1.38214e-15
4614.35  1.39308e-15
4615.8   1.40205e-15
4617.25  1.40824e-15
4618.7   1.41095e-15
4620.15  1.40972e-15
4621.6   1.40444e-15
4623.05  1.39536e-15
4624.5   1.38321e-15
4625.95  1.369e-15
4627.4   1.35403e-15
4628.85  1.33961e-15
4630.3   1.3269e-15
4631.75  1.31669e-15
4633.2   1.30927e-15
4634.65  1.30429e-15
4636.09  1.30082e-15
4637.54  1.29746e-15
4638.99  1.29254e-15
4640.44  1.28438e-15
4641.89  1.27162e-15
4643.34  1.25344e-15
4644.79  1.22974e-15
4646.24  1.20119e-15
4647.69  1.16919e-15
4649.14  1.13565e-15
4650.59  1.10275e-15
4652.04  1.07256e-15
4653.49  1.04684e-15
4654.94  1.02672e-15
4656.39  1.01262e-15
4657.84  1.00421e-15
4659.29  1.00053e-15
4660.74  1.00019e-15
4662.19  1.00157e-15
4663.64  1.00311e-15
4665.09  1.00347e-15
4666.54  1.00167e-15
4667.98  9.97151e-16
4669.43  9.89708e-16
4670.88  9.794e-16
4672.33  9.66412e-16
4673.78  9.50929e-16
4675.23  9.33048e-16
4676.68  9.12751e-16
4678.13  8.89949e-16
4679.58  8.64577e-16
4681.03  8.36723e-16
4682.48  8.06751e-16
4683.93  7.75379e-16
4685.38  7.43693e-16
4686.83  7.1308e-16
4688.28  6.85077e-16
4689.73  6.61168e-16
4691.18  6.42563e-16
4692.63  6.3e-16
4694.08  6.23603e-16
4695.53  6.22836e-16
4696.98  6.26556e-16
4698.43  6.3316e-16
4699.87  6.40807e-16
4701.32  6.47674e-16
4702.77  6.52202e-16
4704.22  6.53296e-16
4705.67  6.50457e-16
4707.12  6.43804e-16
4708.57  6.3402e-16
4710.02  6.22208e-16
4711.47  6.09701e-16
4712.92  5.97851e-16
4714.37  5.8783e-16
4715.82  5.80477e-16
4717.27  5.76207e-16
4718.72  5.74984e-16
4720.17  5.76372e-16
4721.62  5.79632e-16
4723.07  5.83861e-16
4724.52  5.88138e-16
4725.97  5.91659e-16
4727.42  5.93839e-16
4728.87  5.94371e-16
4730.32  5.93232e-16
4731.76  5.90652e-16
4733.21  5.87039e-16
4734.66  5.82892e-16
4736.11  5.78715e-16
4737.56  5.7494e-16
4739.01  5.71874e-16
4740.46  5.69672e-16
4741.91  5.68338e-16
4743.36  5.67745e-16
4744.81  5.67668e-16
4746.26  5.67824e-16
4747.71  5.67915e-16
4749.16  5.67672e-16
4750.61  5.66882e-16
4752.06  5.65427e-16
4753.51  5.63296e-16
4754.96  5.60601e-16
4756.41  5.57565e-16
4757.86  5.5451e-16
4759.31  5.5182e-16
4760.76  5.499e-16
4762.21  5.49123e-16
4763.65  5.49784e-16
4765.1   5.52053e-16
4766.55  5.55951e-16
4768     5.61335e-16
4769.45  5.67908e-16
4770.9   5.75252e-16
4772.35  5.82872e-16
4773.8   5.90255e-16
4775.25  5.96933e-16
4776.7   6.02538e-16
4778.15  6.06854e-16
4779.6   6.09835e-16
4781.05  6.11612e-16
4782.5   6.1247e-16
4783.95  6.12809e-16
4785.4   6.1309e-16
4786.85  6.13782e-16
4788.3   6.15314e-16
4789.75  6.18047e-16
4791.2   6.2226e-16
4792.65  6.28154e-16
4794.1   6.35863e-16
4795.54  6.45463e-16
4796.99  6.56967e-16
4798.44  6.70308e-16
4799.89  6.85302e-16
4801.34  7.01608e-16
4802.79  7.18692e-16
4804.24  7.35822e-16
4805.69  7.52092e-16
4807.14  7.66499e-16
4808.59  7.78056e-16
4810.04  7.85931e-16
4811.49  7.89584e-16
4812.94  7.88887e-16
4814.39  7.84177e-16
4815.84  7.76252e-16
4817.29  7.66282e-16
4818.74  7.55659e-16
4820.19  7.45796e-16
4821.64  7.37922e-16
4823.09  7.32901e-16
4824.54  7.31111e-16
4825.99  7.32401e-16
4827.43  7.36148e-16
4828.88  7.41383e-16
4830.33  7.46983e-16
4831.78  7.51874e-16
4833.23  7.55224e-16
4834.68  7.56573e-16
4836.13  7.55893e-16
4837.58  7.53557e-16
4839.03  7.5024e-16
4840.48  7.46764e-16
4841.93  7.4393e-16
4843.38  7.42364e-16
4844.83  7.42406e-16
4846.28  7.44064e-16
4847.73  7.47027e-16
4849.18  7.50731e-16
4850.63  7.54464e-16
4852.08  7.57477e-16
4853.53  7.59088e-16
4854.98  7.58761e-16
4856.43  7.56158e-16
4857.88  7.51157e-16
4859.32  7.43845e-16
4860.77  7.34507e-16
4862.22  7.23597e-16
4863.67  7.1171e-16
4865.12  6.99561e-16
4866.57  6.87947e-16
4868.02  6.77711e-16
4869.47  6.69689e-16
4870.92  6.6465e-16
4872.37  6.63227e-16
4873.82  6.65853e-16
4875.27  6.72705e-16
4876.72  6.83676e-16
4878.17  6.98381e-16
4879.62  7.1619e-16
4881.07  7.36308e-16
4882.52  7.57866e-16
4883.97  7.80025e-16
4885.42  8.02074e-16
4886.87  8.23499e-16
4888.32  8.4401e-16
4889.77  8.63525e-16
4891.21  8.82111e-16
4892.66  8.99892e-16
4894.11  9.16946e-16
4895.56  9.33214e-16
4897.01  9.48445e-16
4898.46  9.62196e-16
4899.91  9.7389e-16
4901.36  9.82932e-16
4902.81  9.88863e-16
4904.26  9.91512e-16
4905.71  9.91133e-16
4907.16  9.88468e-16
4908.61  9.84736e-16
4910.06  9.81523e-16
4911.51  9.80597e-16
4912.96  9.83665e-16
4914.41  9.92117e-16
4915.86  1.0068e-15
4917.31  1.02787e-15
4918.76  1.05473e-15
4920.21  1.08611e-15
4921.66  1.12019e-15
4923.1   1.15488e-15
4924.55  1.18807e-15
4926     1.21791e-15
4927.45  1.24298e-15
4928.9   1.2625e-15
4930.35  1.27627e-15
4931.8   1.2847e-15
4933.25  1.28863e-15
4934.7   1.28922e-15
4936.15  1.2877e-15
4937.6   1.28528e-15
4939.05  1.283e-15
4940.5   1.28166e-15
4941.95  1.28182e-15
4943.4   1.28374e-15
4944.85  1.28748e-15
4946.3   1.29289e-15
4947.75  1.29963e-15
4949.2   1.30722e-15
4950.65  1.31505e-15
4952.1   1.32243e-15
4953.55  1.3286e-15
4955     1.33281e-15
4956.44  1.33436e-15
4957.89  1.3327e-15
4959.34  1.32746e-15
4960.79  1.31845e-15
4962.24  1.30571e-15
4963.69  1.28946e-15
4965.14  1.27003e-15
4966.59  1.24783e-15
4968.04  1.22326e-15
4969.49  1.19668e-15
4970.94  1.16837e-15
4972.39  1.13858e-15
4973.84  1.10753e-15
4975.29  1.07548e-15
4976.74  1.04277e-15
4978.19  1.00987e-15
4979.64  9.77361e-16
4981.09  9.4594e-16
4982.54  9.16336e-16
4983.99  8.89232e-16
4985.44  8.65164e-16
4986.89  8.44439e-16
4988.33  8.27071e-16
4989.78  8.12777e-16
4991.23  8.01011e-16
4992.68  7.91055e-16
4994.13  7.82142e-16
4995.58  7.73585e-16
4997.03  7.64893e-16
4998.48  7.55845e-16
4999.93  7.46514e-16
5001.38  7.37224e-16
5002.83  7.28466e-16
5004.28  7.20776e-16
5005.73  7.14608e-16
5007.18  7.10228e-16
5008.63  7.07644e-16
5010.08  7.06591e-16
5011.53  7.06571e-16
5012.98  7.06925e-16
5014.43  7.06948e-16
5015.88  7.05999e-16
5017.33  7.03601e-16
5018.78  6.99515e-16
5020.22  6.9377e-16
5021.67  6.86664e-16
5023.12  6.78714e-16
5024.57  6.70591e-16
5026.02  6.63033e-16
5027.47  6.56755e-16
5028.92  6.52369e-16
5030.37  6.50309e-16
5031.82  6.50787e-16
5033.27  6.53759e-16
5034.72  6.58921e-16
5036.17  6.65723e-16
5037.62  6.73408e-16
5039.07  6.81069e-16
5040.52  6.87721e-16
5041.97  6.92393e-16
5043.42  6.94231e-16
5044.87  6.92597e-16
5046.32  6.8716e-16
5047.77  6.7797e-16
5049.22  6.65491e-16
5050.67  6.5058e-16
5052.11  6.3443e-16
5053.56  6.18443e-16
5055.01  6.04076e-16
5056.46  5.92653e-16
5057.91  5.85198e-16
5059.36  5.82278e-16
5060.81  5.83923e-16
5062.26  5.89607e-16
5063.71  5.98321e-16
5065.16  6.08721e-16
5066.61  6.19325e-16
5068.06  6.28742e-16
5069.51  6.35886e-16
5070.96  6.40147e-16
5072.41  6.41476e-16
5073.86  6.40379e-16
5075.31  6.37826e-16
5076.76  6.35059e-16
5078.21  6.33371e-16
5079.66  6.33861e-16
5081.11  6.37217e-16
5082.56  6.43578e-16
5084     6.52477e-16
5085.45  6.62893e-16
5086.9   6.73397e-16
5088.35  6.82375e-16
5089.8   6.88279e-16
5091.25  6.8988e-16
5092.7   6.86468e-16
5094.15  6.77974e-16
5095.6   6.64989e-16
5097.05  6.48695e-16
5098.5   6.30693e-16
5099.95  6.12789e-16
5101.4   5.96751e-16
5102.85  5.84075e-16
5104.3   5.75814e-16
5105.75  5.72462e-16
5107.2   5.73923e-16
5108.65  5.79565e-16
5110.1   5.88325e-16
5111.55  5.98868e-16
5113     6.09762e-16
5114.45  6.19649e-16
5115.89  6.27389e-16
5117.34  6.3217e-16
5118.79  6.33568e-16
5120.24  6.31565e-16
5121.69  6.26525e-16
5123.14  6.19129e-16
5124.59  6.10297e-16
5126.04  6.01087e-16
5127.49  5.9259e-16
5128.94  5.85825e-16
5130.39  5.81643e-16
5131.84  5.80644e-16
5133.29  5.83108e-16
5134.74  5.88961e-16
5136.19  5.97765e-16
5137.64  6.08744e-16
5139.09  6.20858e-16
5140.54  6.32905e-16
5141.99  6.43652e-16
5143.44  6.5198e-16
5144.89  6.57027e-16
5146.34  6.58298e-16
5147.78  6.55741e-16
5149.23  6.49756e-16
5150.68  6.41152e-16
5152.13  6.31035e-16
5153.58  6.20668e-16
5155.03  6.11296e-16
5156.48  6.03978e-16
5157.93  5.99452e-16
5159.38  5.98035e-16
5160.83  5.99598e-16
5162.28  6.03594e-16
5163.73  6.09153e-16
5165.18  6.15222e-16
5166.63  6.20737e-16
5168.08  6.24793e-16
5169.53  6.26801e-16
5170.98  6.26592e-16
5172.43  6.24469e-16
5173.88  6.21179e-16
5175.33  6.1781e-16
5176.78  6.15631e-16
5178.23  6.15881e-16
5179.67  6.19553e-16
5181.12  6.27203e-16
5182.57  6.38811e-16
5184.02  6.53738e-16
5185.47  6.70781e-16
5186.92  6.88338e-16
5188.37  7.04646e-16
5189.82  7.18069e-16
5191.27  7.27387e-16
5192.72  7.32022e-16
5194.17  7.32169e-16
5195.62  7.28802e-16
5197.07  7.23535e-16
5198.52  7.18373e-16
5199.97  7.15382e-16
5201.42  7.16341e-16
5202.87  7.22439e-16
5204.32  7.34074e-16
5205.77  7.50791e-16
5207.22  7.71375e-16
5208.67  7.94073e-16
5210.12  8.16912e-16
5211.56  8.38042e-16
5213.01  8.56043e-16
5214.46  8.70136e-16
5215.91  8.80261e-16
5217.36  8.87015e-16
5218.81  8.91471e-16
5220.26  8.94919e-16
5221.71  8.98589e-16
5223.16  9.03409e-16
5224.61  9.09855e-16
5226.06  9.17901e-16
5227.51  9.27086e-16
5228.96  9.36664e-16
5230.41  9.458e-16
5231.86  9.53774e-16
5233.31  9.60136e-16
5234.76  9.64798e-16
5236.21  9.68032e-16
5237.66  9.70401e-16
5239.11  9.72624e-16
5240.56  9.75424e-16
5242.01  9.79384e-16
5243.45  9.84836e-16
5244.9   9.91816e-16
5246.35  1.00007e-15
5247.8   1.00912e-15
5249.25  1.01837e-15
5250.7   1.0272e-15
5252.15  1.03507e-15
5253.6   1.04163e-15
5255.05  1.04671e-15
5256.5   1.05033e-15
5257.95  1.0527e-15
5259.4   1.05415e-15
5260.85  1.05504e-15
5262.3   1.0558e-15
5263.75  1.05679e-15
5265.2   1.05837e-15
5266.65  1.06085e-15
5268.1   1.06449e-15
5269.55  1.06952e-15
5271     1.07609e-15
5272.45  1.08426e-15
5273.9   1.09396e-15
5275.34  1.10496e-15
5276.79  1.11687e-15
5278.24  1.12912e-15
5279.69  1.14098e-15
5281.14  1.15171e-15
5282.59  1.16056e-15
5284.04  1.16696e-15
5285.49  1.17056e-15
5286.94  1.17136e-15
5288.39  1.16971e-15
5289.84  1.16629e-15
5291.29  1.16202e-15
5292.74  1.15797e-15
5294.19  1.15519e-15
5295.64  1.15452e-15
5297.09  1.15655e-15
5298.54  1.16146e-15
5299.99  1.16905e-15
5301.44  1.17877e-15
5302.89  1.18978e-15
5304.34  1.20114e-15
5305.79  1.21189e-15
5307.23  1.22119e-15
5308.68  1.22842e-15
5310.13  1.23323e-15
5311.58  1.23555e-15
5313.03  1.23553e-15
5314.48  1.23352e-15
5315.93  1.22998e-15
5317.38  1.2254e-15
5318.83  1.22028e-15
5320.28  1.21508e-15
5321.73  1.21021e-15
5323.18  1.20601e-15
5324.63  1.20279e-15
5326.08  1.20077e-15
5327.53  1.20009e-15
5328.98  1.20077e-15
5330.43  1.20269e-15
5331.88  1.20553e-15
5333.33  1.2088e-15
5334.78  1.21187e-15
5336.23  1.21401e-15
5337.68  1.21449e-15
5339.12  1.2127e-15
5340.57  1.20825e-15
5342.02  1.20103e-15
5343.47  1.1913e-15
5344.92  1.17962e-15
5346.37  1.16684e-15
5347.82  1.15396e-15
5349.27  1.14199e-15
5350.72  1.13185e-15
5352.17  1.12416e-15
5353.62  1.11926e-15
5355.07  1.11707e-15
5356.52  1.1172e-15
5357.97  1.11898e-15
5359.42  1.12158e-15
5360.87  1.12415e-15
5362.32  1.12597e-15
5363.77  1.1265e-15
5365.22  1.12551e-15
5366.67  1.12307e-15
5368.12  1.11951e-15
5369.57  1.1154e-15
5371.01  1.11146e-15
5372.46  1.1084e-15
5373.91  1.10691e-15
5375.36  1.10748e-15
5376.81  1.11046e-15
5378.26  1.11592e-15
5379.71  1.12379e-15
5381.16  1.13378e-15
5382.61  1.14554e-15
5384.06  1.15864e-15
5385.51  1.17264e-15
5386.96  1.18711e-15
5388.41  1.20167e-15
5389.86  1.2159e-15
5391.31  1.22943e-15
5392.76  1.24182e-15
5394.21  1.25265e-15
5395.66  1.26151e-15
5397.11  1.26801e-15
5398.56  1.27191e-15
5400.01  1.27314e-15
5401.46  1.27182e-15
5402.91  1.26835e-15
5404.35  1.26335e-15
5405.8   1.25765e-15
5407.25  1.2522e-15
5408.7   1.24802e-15
5410.15  1.24603e-15
5411.6   1.24701e-15
5413.05  1.25147e-15
5414.5   1.25965e-15
5415.95  1.27145e-15
5417.4   1.2865e-15
5418.85  1.30419e-15
5420.3   1.32379e-15
5421.75  1.34449e-15
5423.2   1.36558e-15
5424.65  1.38646e-15
5426.1   1.40673e-15
5427.55  1.42617e-15
5429     1.44476e-15
5430.45  1.46259e-15
5431.9   1.4798e-15
5433.35  1.49651e-15
5434.8   1.51275e-15
5436.24  1.52845e-15
5437.69  1.54344e-15
5439.14  1.5575e-15
5440.59  1.57045e-15
5442.04  1.58223e-15
5443.49  1.59296e-15
5444.94  1.60301e-15
5446.39  1.61295e-15
5447.84  1.62348e-15
5449.29  1.63532e-15
5450.74  1.64903e-15
5452.19  1.66489e-15
5453.64  1.6828e-15
5455.09  1.7022e-15
5456.54  1.72219e-15
5457.99  1.74157e-15
5459.44  1.75913e-15
5460.89  1.77384e-15
5462.34  1.78503e-15
5463.79  1.79263e-15
5465.24  1.79713e-15
5466.69  1.79962e-15
5468.13  1.80152e-15
5469.58  1.80445e-15
5471.03  1.80984e-15
5472.48  1.81873e-15
5473.93  1.83154e-15
5475.38  1.84797e-15
5476.83  1.86704e-15
5478.28  1.88724e-15
5479.73  1.90682e-15
5481.18  1.92404e-15
5482.63  1.93754e-15
5484.08  1.94658e-15
5485.53  1.95117e-15
5486.98  1.95215e-15
5488.43  1.95102e-15
5489.88  1.94974e-15
5491.33  1.95035e-15
5492.78  1.95466e-15
5494.23  1.96388e-15
5495.68  1.97845e-15
5497.13  1.99788e-15
5498.58  2.02089e-15
5500.02  2.04562e-15
5501.47  2.06996e-15
5502.92  2.09193e-15
5504.37  2.11007e-15
5505.82  2.12369e-15
5507.27  2.13298e-15
5508.72  2.13896e-15
5510.17  2.14325e-15
5511.62  2.14771e-15
5513.07  2.15406e-15
5514.52  2.16352e-15
5515.97  2.17656e-15
5517.42  2.19275e-15
5518.87  2.21087e-15
5520.32  2.22913e-15
5521.77  2.24547e-15
5523.22  2.258e-15
5524.67  2.26526e-15
5526.12  2.26652e-15
5527.57  2.26189e-15
5529.02  2.25225e-15
5530.47  2.23907e-15
5531.91  2.22412e-15
5533.36  2.20919e-15
5534.81  2.19578e-15
5536.26  2.18488e-15
5537.71  2.17689e-15
5539.16  2.17163e-15
5540.61  2.16848e-15
5542.06  2.16658e-15
5543.51  2.16504e-15
5544.96  2.16314e-15
5546.41  2.16047e-15
5547.86  2.15697e-15
5549.31  2.1529e-15
5550.76  2.14873e-15
5552.21  2.14498e-15
5553.66  2.14207e-15
5555.11  2.14016e-15
5556.56  2.1391e-15
5558.01  2.13838e-15
5559.46  2.13721e-15
5560.91  2.13463e-15
5562.36  2.12967e-15
5563.8   2.12153e-15
5565.25  2.10971e-15
5566.7   2.09414e-15
5568.15  2.07523e-15
5569.6   2.05382e-15
5571.05  2.03109e-15
5572.5   2.00846e-15
5573.95  1.98735e-15
5575.4   1.96903e-15
5576.85  1.95445e-15
5578.3   1.9441e-15
5579.75  1.93798e-15
5581.2   1.93562e-15
5582.65  1.93613e-15
5584.1   1.93837e-15
5585.55  1.94111e-15
5587     1.94324e-15
5588.45  1.94388e-15
5589.9   1.94252e-15
5591.35  1.93907e-15
5592.8   1.9338e-15
5594.25  1.92726e-15
5595.69  1.92015e-15
5597.14  1.91314e-15
5598.59  1.90674e-15
5600.04  1.90115e-15
5601.49  1.89623e-15
5602.94  1.8915e-15
5604.39  1.88615e-15
5605.84  1.87925e-15
5607.29  1.86983e-15
5608.74  1.8571e-15
5610.19  1.8406e-15
5611.64  1.82028e-15
5613.09  1.79663e-15
5614.54  1.77056e-15
5615.99  1.74339e-15
5617.44  1.71663e-15
5618.89  1.6918e-15
5620.34  1.67021e-15
5621.79  1.65277e-15
5623.24  1.63983e-15
5624.69  1.63114e-15
5626.14  1.62587e-15
5627.58  1.62272e-15
5629.03  1.6201e-15
5630.48  1.61639e-15
5631.93  1.61012e-15
5633.38  1.6002e-15
5634.83  1.58608e-15
5636.28  1.56779e-15
5637.73  1.546e-15
5639.18  1.52187e-15
5640.63  1.49691e-15
5642.08  1.47283e-15
5643.53  1.4513e-15
5644.98  1.43373e-15
5646.43  1.42112e-15
5647.88  1.41392e-15
5649.33  1.41199e-15
5650.78  1.41458e-15
5652.23  1.42043e-15
5653.68  1.42791e-15
5655.13  1.43522e-15
5656.58  1.44057e-15
5658.03  1.44244e-15
5659.47  1.43973e-15
5660.92  1.43188e-15
5662.37  1.41894e-15
5663.82  1.40156e-15
5665.27  1.38086e-15
5666.72  1.35832e-15
5668.17  1.33555e-15
5669.62  1.31411e-15
5671.07  1.29535e-15
5672.52  1.28024e-15
5673.97  1.26927e-15
5675.42  1.26249e-15
5676.87  1.25946e-15
5678.32  1.25938e-15
5679.77  1.26123e-15
5681.22  1.26385e-15
5682.67  1.26613e-15
5684.12  1.26709e-15
5685.57  1.26603e-15
5687.02  1.26253e-15
5688.47  1.25653e-15
5689.92  1.24826e-15
5691.36  1.23827e-15
5692.81  1.2273e-15
5694.26  1.21622e-15
5695.71  1.20596e-15
5697.16  1.19738e-15
5698.61  1.19123e-15
5700.06  1.18801e-15
5701.51  1.18798e-15
5702.96  1.19106e-15
5704.41  1.19682e-15
5705.86  1.20455e-15
5707.31  1.21324e-15
5708.76  1.22174e-15
5710.21  1.22885e-15
5711.66  1.23347e-15
5713.11  1.23474e-15
5714.56  1.23218e-15
5716.01  1.22574e-15
5717.46  1.21584e-15
5718.91  1.20333e-15
5720.36  1.18939e-15
5721.81  1.17538e-15
5723.25  1.16266e-15
5724.7   1.15241e-15
5726.15  1.14551e-15
5727.6   1.14238e-15
5729.05  1.14302e-15
5730.5   1.14694e-15
5731.95  1.15334e-15
5733.4   1.16119e-15
5734.85  1.16942e-15
5736.3   1.17706e-15
5737.75  1.18338e-15
5739.2   1.18796e-15
5740.65  1.19074e-15
5742.1   1.19193e-15
5743.55  1.19198e-15
5745     1.19142e-15
5746.45  1.19076e-15
5747.9   1.19035e-15
5749.35  1.19035e-15
5750.8   1.1907e-15
5752.25  1.19113e-15
5753.7   1.19126e-15
5755.14  1.19071e-15
5756.59  1.18917e-15
5758.04  1.18656e-15
5759.49  1.18302e-15
5760.94  1.17898e-15
5762.39  1.17506e-15
5763.84  1.17204e-15
5765.29  1.17072e-15
5766.74  1.17178e-15
5768.19  1.1757e-15
5769.64  1.18267e-15
5771.09  1.19254e-15
5772.54  1.20488e-15
5773.99  1.21902e-15
5775.44  1.23416e-15
5776.89  1.24951e-15
5778.34  1.26439e-15
5779.79  1.27834e-15
5781.24  1.29117e-15
5782.69  1.303e-15
5784.14  1.31419e-15
5785.59  1.32527e-15
5787.03  1.33685e-15
5788.48  1.34946e-15
5789.93  1.36342e-15
5791.38  1.37876e-15
5792.83  1.3951e-15
5794.28  1.41168e-15
5795.73  1.42736e-15
5797.18  1.44077e-15
5798.63  1.45046e-15
5800.08  1.45514e-15
5801.53  1.45386e-15
5802.98  1.44627e-15
5804.43  1.43272e-15
5805.88  1.41436e-15
5807.33  1.39305e-15
5808.78  1.37124e-15
5810.23  1.35169e-15
5811.68  1.33711e-15
5813.13  1.32987e-15
5814.58  1.33164e-15
5816.03  1.34315e-15
5817.48  1.36402e-15
5818.92  1.39285e-15
5820.37  1.42729e-15
5821.82  1.46436e-15
5823.27  1.50082e-15
5824.72  1.53356e-15
5826.17  1.55998e-15
5827.62  1.57836e-15
5829.07  1.588e-15
5830.52  1.58929e-15
5831.97  1.58363e-15
5833.42  1.57319e-15
5834.87  1.56055e-15
5836.32  1.54833e-15
5837.77  1.53884e-15
5839.22  1.53372e-15
5840.67  1.53379e-15
5842.12  1.53894e-15
5843.57  1.54824e-15
5845.02  1.56011e-15
5846.47  1.57259e-15
5847.92  1.58364e-15
5849.37  1.59146e-15
5850.82  1.59471e-15
5852.26  1.59266e-15
5853.71  1.58527e-15
5855.16  1.57314e-15
5856.61  1.55736e-15
5858.06  1.53937e-15
5859.51  1.52072e-15
5860.96  1.50291e-15
5862.41  1.48717e-15
5863.86  1.47439e-15
5865.31  1.46508e-15
5866.76  1.45934e-15
5868.21  1.45694e-15
5869.66  1.45739e-15
5871.11  1.46007e-15
5872.56  1.46426e-15
5874.01  1.46925e-15
5875.46  1.47434e-15
5876.91  1.47889e-15
5878.36  1.48232e-15
5879.81  1.48409e-15
5881.26  1.48375e-15
5882.71  1.48097e-15
5884.15  1.47557e-15
5885.6   1.46756e-15
5887.05  1.45718e-15
5888.5   1.44492e-15
5889.95  1.43146e-15
5891.4   1.41761e-15
5892.85  1.40423e-15
5894.3   1.39209e-15
5895.75  1.38179e-15
5897.2   1.3736e-15
5898.65  1.36752e-15
5900.1   1.36319e-15
5901.55  1.36e-15
5903     1.35721e-15
5904.45  1.35408e-15
5905.9   1.34998e-15
5907.35  1.34457e-15
5908.8   1.3378e-15
5910.25  1.32998e-15
5911.7   1.32167e-15
5913.15  1.31358e-15
5914.6   1.30642e-15
5916.04  1.30073e-15
5917.49  1.29676e-15
5918.94  1.29441e-15
5920.39  1.2932e-15
5921.84  1.29233e-15
5923.29  1.29087e-15
5924.74  1.28787e-15
5926.19  1.28259e-15
5927.64  1.27461e-15
5929.09  1.26397e-15
5930.54  1.25118e-15
5931.99  1.23717e-15
5933.44  1.22318e-15
5934.89  1.21054e-15
5936.34  1.20052e-15
5937.79  1.19404e-15
5939.24  1.19157e-15
5940.69  1.19299e-15
5942.14  1.19756e-15
5943.59  1.20401e-15
5945.04  1.21069e-15
5946.49  1.21581e-15
5947.93  1.21766e-15
5949.38  1.21491e-15
5950.83  1.20678e-15
5952.28  1.19318e-15
5953.73  1.17481e-15
5955.18  1.15298e-15
5956.63  1.12956e-15
5958.08  1.10666e-15
5959.53  1.0864e-15
5960.98  1.0706e-15
5962.43  1.06054e-15
5963.88  1.0568e-15
5965.33  1.05919e-15
5966.78  1.06674e-15
5968.23  1.07786e-15
5969.68  1.09057e-15
5971.13  1.1027e-15
5972.58  1.11224e-15
5974.03  1.11753e-15
5975.48  1.1175e-15
5976.93  1.11177e-15
5978.38  1.10064e-15
5979.82  1.08503e-15
5981.27  1.06629e-15
5982.72  1.04602e-15
5984.17  1.0258e-15
5985.62  1.00701e-15
5987.07  9.9069e-16
5988.52  9.77424e-16
5989.97  9.67355e-16
5991.42  9.60231e-16
5992.87  9.55516e-16
5994.32  9.52518e-16
5995.77  9.5052e-16
5997.22  9.48889e-16
5998.67  9.47159e-16
6000.12  9.45066e-16
6001.57  9.42552e-16
6003.02  9.39737e-16
6004.47  9.36871e-16
6005.92  9.34269e-16
6007.37  9.32261e-16
6008.82  9.31134e-16
6010.27  9.31099e-16
6011.71  9.32272e-16
6013.16  9.34663e-16
6014.61  9.38184e-16
6016.06  9.42656e-16
6017.51  9.47821e-16
6018.96  9.53353e-16
6020.41  9.58865e-16
6021.86  9.63921e-16
6023.31  9.6805e-16
6024.76  9.70774e-16
6026.21  9.71645e-16
6027.66  9.703e-16
6029.11  9.66525e-16
6030.56  9.60307e-16
6032.01  9.51888e-16
6033.46  9.41782e-16
6034.91  9.30753e-16
6036.36  9.19763e-16
6037.81  9.09867e-16
6039.26  9.02089e-16
6040.71  8.97286e-16
6042.16  8.96026e-16
6043.6   8.98493e-16
6045.05  9.04447e-16
6046.5   9.13244e-16
6047.95  9.2391e-16
6049.4   9.35267e-16
6050.85  9.46081e-16
6052.3   9.55225e-16
6053.75  9.61814e-16
6055.2   9.65299e-16
6056.65  9.65518e-16
6058.1   9.62679e-16
6059.55  9.57306e-16
6061     9.5014e-16
6062.45  9.42027e-16
6063.9   9.33808e-16
6065.35  9.26224e-16
6066.8   9.19841e-16
6068.25  9.15014e-16
6069.7   9.11877e-16
6071.15  9.10348e-16
6072.6   9.10166e-16
6074.05  9.10926e-16
6075.49  9.12137e-16
6076.94  9.13272e-16
6078.39  9.13831e-16
6079.84  9.13405e-16
6081.29  9.11731e-16
6082.74  9.0874e-16
6084.19  9.04581e-16
6085.64  8.99625e-16
6087.09  8.94423e-16
6088.54  8.89641e-16
6089.99  8.8596e-16
6091.44  8.8397e-16
6092.89  8.84053e-16
6094.34  8.863e-16
6095.79  8.90453e-16
6097.24  8.95912e-16
6098.69  9.01785e-16
6100.14  9.06998e-16
6101.59  9.10433e-16
6103.04  9.11095e-16
6104.49  9.08264e-16
6105.94  9.01613e-16
6107.38  8.9128e-16
6108.83  8.7787e-16
6110.28  8.62383e-16
6111.73  8.46092e-16
6113.18  8.30367e-16
6114.63  8.16492e-16
6116.08  8.0549e-16
6117.53  7.97987e-16
6118.98  7.94133e-16
6120.43  7.93597e-16
6121.88  7.95616e-16
6123.33  7.99118e-16
6124.78  8.02858e-16
6126.23  8.05588e-16
6127.68  8.06207e-16
6129.13  8.03887e-16
6130.58  7.98156e-16
6132.03  7.88939e-16
6133.48  7.76545e-16
6134.93  7.61616e-16
6136.38  7.45039e-16
6137.83  7.27838e-16
6139.27  7.11048e-16
6140.72  6.95602e-16
6142.17  6.82225e-16
6143.62  6.7136e-16
6145.07  6.63135e-16
6146.52  6.57373e-16
6147.97  6.53647e-16
6149.42  6.51374e-16
6150.87  6.49931e-16
6152.32  6.4878e-16
6153.77  6.47567e-16
6155.22  6.46195e-16
6156.67  6.44843e-16
6158.12  6.4392e-16
6159.57  6.43987e-16
6161.02  6.45631e-16
6162.47  6.49331e-16
6163.92  6.55339e-16
6165.37  6.63592e-16
6166.82  6.73684e-16
6168.27  6.84893e-16
6169.72  6.96263e-16
6171.16  7.06741e-16
6172.61  7.15317e-16
6174.06  7.21179e-16
6175.51  7.23822e-16
6176.96  7.23127e-16
6178.41  7.19363e-16
6179.86  7.13151e-16
6181.31  7.05359e-16
6182.76  6.96987e-16
6184.21  6.89029e-16
6185.66  6.82354e-16
6187.11  6.77619e-16
6188.56  6.75217e-16
6190.01  6.75267e-16
6191.46  6.77642e-16
6192.91  6.82019e-16
6194.36  6.87936e-16
6195.81  6.94856e-16
6197.26  7.02215e-16
6198.71  7.09464e-16
6200.16  7.16101e-16
6201.61  7.21701e-16
6203.05  7.25937e-16
6204.5   7.28616e-16
6205.95  7.29707e-16
6207.4   7.29366e-16
6208.85  7.27951e-16
6210.3   7.26014e-16
6211.75  7.24266e-16
6213.2   7.23507e-16
6214.65  7.24535e-16
6216.1   7.28033e-16
6217.55  7.34458e-16
6219     7.43946e-16
6220.45  7.56252e-16
6221.9   7.70747e-16
6223.35  7.86466e-16
6224.8   8.02217e-16
6226.25  8.16735e-16
6227.7   8.28855e-16
6229.15  8.37677e-16
6230.6   8.42705e-16
6232.05  8.43919e-16
6233.5   8.41778e-16
6234.94  8.37147e-16
6236.39  8.31158e-16
6237.84  8.25034e-16
6239.29  8.19899e-16
6240.74  8.16613e-16
6242.19  8.15655e-16
6243.64  8.17071e-16
6245.09  8.20492e-16
6246.54  8.25226e-16
6247.99  8.3038e-16
6249.44  8.3502e-16
6250.89  8.38313e-16
6252.34  8.39655e-16
6253.79  8.38754e-16
6255.24  8.35666e-16
6256.69  8.30786e-16
6258.14  8.24793e-16
6259.59  8.18566e-16
6261.04  8.13076e-16
6262.49  8.09272e-16
6263.94  8.07964e-16
6265.39  8.09717e-16
6266.83  8.14772e-16
6268.28  8.22998e-16
6269.73  8.33875e-16
6271.18  8.46538e-16
6272.63  8.59854e-16
6274.08  8.72547e-16
6275.53  8.83356e-16
6276.98  8.91193e-16
6278.43  8.95304e-16
6279.88  8.95385e-16
6281.33  8.91641e-16
6282.78  8.84785e-16
6284.23  8.75947e-16
6285.68  8.66527e-16
6287.13  8.57999e-16
6288.58  8.51701e-16
6290.03  8.48635e-16
6291.48  8.49328e-16
6292.93  8.53762e-16
6294.38  8.61394e-16
6295.83  8.71267e-16
6297.28  8.82183e-16
6298.72  8.92911e-16
6300.17  9.02408e-16
6301.62  9.0998e-16
6303.07  9.15392e-16
6304.52  9.1888e-16
6305.97  9.21073e-16
6307.42  9.2285e-16
6308.87  9.2514e-16
6310.32  9.28727e-16
6311.77  9.3408e-16
6313.22  9.41252e-16
6314.67  9.49861e-16
6316.12  9.59164e-16
6317.57  9.68208e-16
6319.02  9.76029e-16
6320.47  9.81858e-16
6321.92  9.85299e-16
6323.37  9.86445e-16
6324.82  9.8589e-16
6326.27  9.84651e-16
6327.72  9.84002e-16
6329.17  9.85244e-16
6330.62  9.8946e-16
6332.06  9.97301e-16
6333.51  1.00883e-15
6334.96  1.0235e-15
6336.41  1.04017e-15
6337.86  1.05731e-15
6339.31  1.07322e-15
6340.76  1.08629e-15
6342.21  1.09527e-15
6343.66  1.0995e-15
6345.11  1.09896e-15
6346.56  1.09434e-15
6348.01  1.08687e-15
6349.46  1.07819e-15
6350.91  1.07007e-15
6352.36  1.06415e-15
6353.81  1.06172e-15
6355.26  1.06354e-15
6356.71  1.06979e-15
6358.16  1.08007e-15
6359.61  1.09353e-15
6361.06  1.10905e-15
6362.51  1.12541e-15
6363.95  1.14153e-15
6365.4   1.15657e-15
6366.85  1.17005e-15
6368.3   1.18186e-15
6369.75  1.19218e-15
6371.2   1.20141e-15
6372.65  1.21001e-15
6374.1   1.21839e-15
6375.55  1.22682e-15
6377     1.23536e-15
6378.45  1.24389e-15
6379.9   1.25213e-15
6381.35  1.25971e-15
6382.8   1.26626e-15
6384.25  1.27148e-15
6385.7   1.27518e-15
6387.15  1.27729e-15
6388.6   1.27788e-15
6390.05  1.27712e-15
6391.5   1.27523e-15
6392.95  1.27247e-15
6394.4   1.26909e-15
6395.84  1.26535e-15
6397.29  1.26149e-15
6398.74  1.25779e-15
6400.19  1.25456e-15
6401.64  1.25215e-15
6403.09  1.25097e-15
6404.54  1.25144e-15
6405.99  1.254e-15
6407.44  1.25899e-15
6408.89  1.26662e-15
6410.34  1.27691e-15
6411.79  1.28963e-15
6413.24  1.3043e-15
6414.69  1.32022e-15
6416.14  1.33648e-15
6417.59  1.35212e-15
6419.04  1.36622e-15
6420.49  1.37802e-15
6421.94  1.38705e-15
6423.39  1.39317e-15
6424.84  1.39667e-15
6426.29  1.39818e-15
6427.73  1.3986e-15
6429.18  1.39901e-15
6430.63  1.40046e-15
6432.08  1.40387e-15
6433.53  1.40988e-15
6434.98  1.41876e-15
6436.43  1.43042e-15
6437.88  1.44445e-15
6439.33  1.46015e-15
6440.78  1.47674e-15
6442.23  1.49343e-15
6443.68  1.50954e-15
6445.13  1.52461e-15
6446.58  1.5384e-15
6448.03  1.55084e-15
6449.48  1.56203e-15
6450.93  1.5721e-15
6452.38  1.58112e-15
6453.83  1.58907e-15
6455.28  1.59582e-15
6456.73  1.60111e-15
6458.18  1.60467e-15
6459.62  1.60633e-15
6461.07  1.60609e-15
6462.52  1.60423e-15
6463.97  1.60135e-15
6465.42  1.59837e-15
6466.87  1.59637e-15
6468.32  1.59649e-15
6469.77  1.59974e-15
6471.22  1.6068e-15
6472.67  1.61792e-15
6474.12  1.63281e-15
6475.57  1.65071e-15
6477.02  1.67042e-15
6478.47  1.69057e-15
6479.92  1.70972e-15
6481.37  1.72666e-15
6482.82  1.74053e-15
6484.27  1.75088e-15
6485.72  1.75778e-15
6487.17  1.76167e-15
6488.62  1.76328e-15
6490.07  1.76346e-15
6491.51  1.76301e-15
6492.96  1.76261e-15
6494.41  1.76267e-15
6495.86  1.76336e-15
6497.31  1.76462e-15
6498.76  1.76625e-15
6500.21  1.76799e-15
6501.66  1.76961e-15
6503.11  1.77096e-15
6504.56  1.77201e-15
6506.01  1.7728e-15
6507.46  1.77347e-15
6508.91  1.77412e-15
6510.36  1.77482e-15
6511.81  1.77557e-15
6513.26  1.77626e-15
6514.71  1.7767e-15
6516.16  1.77668e-15
6517.61  1.77599e-15
6519.06  1.77448e-15
6520.51  1.77207e-15
6521.96  1.7688e-15
6523.4   1.76476e-15
6524.85  1.76014e-15
6526.3   1.7551e-15
6527.75  1.74983e-15
6529.2   1.74445e-15
6530.65  1.73909e-15
6532.1   1.73383e-15
6533.55  1.72874e-15
6535     1.72395e-15
6536.45  1.71961e-15
6537.9   1.71592e-15
6539.35  1.7131e-15
6540.8   1.71139e-15
6542.25  1.71096e-15
6543.7   1.71191e-15
6545.15  1.7142e-15
6546.6   1.71765e-15
6548.05  1.72189e-15
6549.5   1.72646e-15
6550.95  1.73076e-15
6552.4   1.73418e-15
6553.85  1.7361e-15
6555.29  1.73601e-15
6556.74  1.73354e-15
6558.19  1.72851e-15
6559.64  1.72095e-15
6561.09  1.71109e-15
6562.54  1.69935e-15
6563.99  1.68624e-15
6565.44  1.67234e-15
6566.89  1.6582e-15
6568.34  1.64427e-15
6569.79  1.63086e-15
6571.24  1.61811e-15
6572.69  1.60602e-15
6574.14  1.59448e-15
6575.59  1.58333e-15
6577.04  1.57244e-15
6578.49  1.56175e-15
6579.94  1.55131e-15
6581.39  1.54132e-15
6582.84  1.53204e-15
6584.29  1.52376e-15
6585.74  1.51674e-15
6587.18  1.51111e-15
6588.63  1.50682e-15
6590.08  1.50363e-15
6591.53  1.50108e-15
6592.98  1.49859e-15
6594.43  1.49551e-15
6595.88  1.4912e-15
6597.33  1.48515e-15
6598.78  1.47703e-15
6600.23  1.46672e-15
6601.68  1.45437e-15
6603.13  1.44033e-15
6604.58  1.42514e-15
6606.03  1.4094e-15
6607.48  1.3938e-15
6608.93  1.37894e-15
6610.38  1.36535e-15
6611.83  1.35341e-15
6613.28  1.34331e-15
6614.73  1.33507e-15
6616.18  1.32854e-15
6617.63  1.32343e-15
6619.07  1.31934e-15
6620.52  1.3158e-15
6621.97  1.31236e-15
6623.42  1.30859e-15
6624.87  1.30413e-15
6626.32  1.29873e-15
6627.77  1.29225e-15
6629.22  1.28466e-15
6630.67  1.276e-15
6632.12  1.26642e-15
6633.57  1.25606e-15
6635.02  1.24513e-15
6636.47  1.23381e-15
6637.92  1.22231e-15
6639.37  1.21078e-15
6640.82  1.1994e-15
6642.27  1.18831e-15
6643.72  1.17765e-15
6645.17  1.16752e-15
6646.62  1.15801e-15
6648.07  1.14916e-15
6649.52  1.141e-15
6650.96  1.13347e-15
6652.41  1.12652e-15
6653.86  1.12003e-15
6655.31  1.11387e-15
6656.76  1.10789e-15
6658.21  1.10195e-15
6659.66  1.09589e-15
6661.11  1.0896e-15
6662.56  1.083e-15
6664.01  1.07604e-15
6665.46  1.06874e-15
6666.91  1.06116e-15
6668.36  1.0534e-15
6669.81  1.04559e-15
6671.26  1.03783e-15
6672.71  1.03017e-15
6674.16  1.02256e-15
6675.61  1.01482e-15
6677.06  1.00669e-15
6678.51  9.97784e-16
6679.96  9.87721e-16
6681.41  9.76173e-16
6682.85  9.62972e-16
6684.3   9.48195e-16
6685.75  9.32208e-16
6687.2   9.15673e-16
6688.65  8.99473e-16
6690.1   8.846e-16
6691.55  8.71991e-16
6693     8.62353e-16
6694.45  8.56016e-16
6695.9   8.52838e-16
6697.35  8.52197e-16
6698.8   8.53066e-16
6700.25  8.54185e-16
6701.7   8.5428e-16
6703.15  8.52295e-16
6704.6   8.4761e-16
6706.05  8.40161e-16
6707.5   8.30474e-16
6708.95  8.19574e-16
6710.4   8.0879e-16
6711.85  7.995e-16
6713.3   7.92848e-16
6714.74  7.89501e-16
6716.19  7.89497e-16
6717.64  7.92207e-16
6719.09  7.96424e-16
6720.54  8.00577e-16
6721.99  8.0301e-16
6723.44  8.02292e-16
6724.89  7.9749e-16
6726.34  7.8835e-16
6727.79  7.75365e-16
6729.24  7.597e-16
6730.69  7.43004e-16
6732.14  7.27135e-16
6733.59  7.1385e-16
6735.04  7.04528e-16
6736.49  6.99958e-16
6737.94  7.00242e-16
6739.39  7.04815e-16
6740.84  7.12583e-16
6742.29  7.22132e-16
6743.74  7.31983e-16
6745.19  7.40823e-16
6746.63  7.47692e-16
6748.08  7.52077e-16
6749.53  7.53911e-16
6750.98  7.53486e-16
6752.43  7.51306e-16
6753.88  7.47912e-16
6755.33  7.43719e-16
6756.78  7.38909e-16
6758.23  7.33393e-16
6759.68  7.26852e-16
6761.13  7.18847e-16
6762.58  7.08965e-16
6764.03  6.96985e-16
6765.48  6.82998e-16
6766.93  6.67479e-16
6768.38  6.51269e-16
6769.83  6.35486e-16
6771.28  6.21357e-16
6772.73  6.1002e-16
6774.18  6.02331e-16
6775.63  5.98702e-16
6777.08  5.99025e-16
6778.53  6.02678e-16
6779.97  6.08633e-16
6781.42  6.15635e-16
6782.87  6.22418e-16
6784.32  6.27926e-16
6785.77  6.31485e-16
6787.22  6.32902e-16
6788.67  6.32471e-16
6790.12  6.3088e-16
6791.57  6.29058e-16
6793.02  6.27977e-16
6794.47  6.28454e-16
6795.92  6.31001e-16
6797.37  6.35739e-16
6798.82  6.42391e-16
6800.27  6.50356e-16
6801.72  6.58834e-16
6803.17  6.66982e-16
6804.62  6.74063e-16
6806.07  6.79557e-16
6807.52  6.83222e-16
6808.97  6.85086e-16
6810.42  6.85387e-16
6811.86  6.84485e-16
6813.31  6.82749e-16
6814.76  6.80479e-16
6816.21  6.77848e-16
6817.66  6.74902e-16
6819.11  6.71596e-16
6820.56  6.67867e-16
6822.01  6.63702e-16
6823.46  6.59197e-16
6824.91  6.54576e-16
6826.36  6.50166e-16
6827.81  6.46329e-16
6829.26  6.43367e-16
6830.71  6.41431e-16
6832.16  6.40455e-16
6833.61  6.40131e-16
6835.06  6.39958e-16
6836.51  6.39333e-16
6837.96  6.37682e-16
6839.41  6.34609e-16
6840.86  6.30008e-16
6842.31  6.24126e-16
6843.75  6.17553e-16
6845.2   6.11134e-16
6846.65  6.05818e-16
6848.1   6.02474e-16
6849.55  6.01712e-16
6851     6.03747e-16
6852.45  6.0834e-16
6853.9   6.1483e-16
6855.35  6.22242e-16
6856.8   6.29474e-16
6858.25  6.35494e-16
6859.7   6.3954e-16
6861.15  6.41248e-16
6862.6   6.4071e-16
6864.05  6.38437e-16
6865.5   6.35236e-16
6866.95  6.3204e-16
6868.4   6.29709e-16
6869.85  6.2887e-16
6871.3   6.29795e-16
6872.75  6.32381e-16
6874.2   6.36191e-16
6875.64  6.40581e-16
6877.09  6.44856e-16
6878.54  6.48436e-16
6879.99  6.50987e-16
6881.44  6.52492e-16
6882.89  6.5325e-16
6884.34  6.53798e-16
6885.79  6.54782e-16
6887.24  6.56804e-16
6888.69  6.6028e-16
6890.14  6.65334e-16
6891.59  6.71767e-16
6893.04  6.79092e-16
6894.49  6.86632e-16
6895.94  6.93664e-16
6897.39  6.9957e-16
6898.84  7.03963e-16
6900.29  7.06772e-16
6901.74  7.08244e-16
6903.19  7.08887e-16
6904.64  7.09358e-16
6906.09  7.10311e-16
6907.53  7.12256e-16
6908.98  7.15441e-16
6910.43  7.19795e-16
6911.88  7.24936e-16
6913.33  7.30241e-16
6914.78  7.34976e-16
6916.23  7.38439e-16
6917.68  7.40115e-16
6919.13  7.39781e-16
6920.58  7.37573e-16
6922.03  7.33974e-16
6923.48  7.29743e-16
6924.93  7.2578e-16
6926.38  7.2297e-16
6927.83  7.22006e-16
6929.28  7.23252e-16
6930.73  7.26652e-16
6932.18  7.31703e-16
6933.63  7.37519e-16
6935.08  7.42953e-16
6936.53  7.46778e-16
6937.98  7.47887e-16
6939.42  7.45488e-16
6940.87  7.39253e-16
6942.32  7.29395e-16
6943.77  7.16669e-16
6945.22  7.02283e-16
6946.67  6.87737e-16
6948.12  6.74622e-16
6949.57  6.64397e-16
6951.02  6.58188e-16
6952.47  6.56645e-16
6953.92  6.59856e-16
6955.37  6.67356e-16
6956.82  6.78207e-16
6958.27  6.91137e-16
6959.72  7.0472e-16
6961.17  7.17556e-16
6962.62  7.28442e-16
6964.07  7.36488e-16
6965.52  7.41192e-16
6966.97  7.42454e-16
6968.42  7.40541e-16
6969.87  7.36014e-16
6971.31  7.29645e-16
6972.76  7.22313e-16
6974.21  7.14919e-16
6975.66  7.08301e-16
6977.11  7.03177e-16
6978.56  7.00093e-16
6980.01  6.99391e-16
6981.46  7.01191e-16
6982.91  7.05389e-16
6984.36  7.11669e-16
6985.81  7.19538e-16
6987.26  7.28363e-16
6988.71  7.37435e-16
6990.16  7.46027e-16
6991.61  7.53463e-16
6993.06  7.59175e-16
6994.51  7.62752e-16
6995.96  7.63976e-16
6997.41  7.62831e-16
6998.86  7.59505e-16
7000.31  7.54358e-16
7001.76  7.47878e-16
7003.2   7.40623e-16
7004.65  7.3315e-16
7006.1   7.25947e-16
7007.55  7.19373e-16
7009     7.1361e-16
7010.45  7.08652e-16
7011.9   7.04311e-16
7013.35  7.00264e-16
7014.8   6.96113e-16
7016.25  6.9147e-16
7017.7   6.86039e-16
7019.15  6.79686e-16
7020.6   6.7248e-16
7022.05  6.64711e-16
7023.5   6.56853e-16
7024.95  6.49499e-16
7026.4   6.43269e-16
7027.85  6.38706e-16
7029.3   6.36171e-16
7030.75  6.35778e-16
7032.2   6.37356e-16
7033.65  6.40475e-16
7035.09  6.44515e-16
7036.54  6.48778e-16
7037.99  6.52618e-16
7039.44  6.55576e-16
7040.89  6.57469e-16
7042.34  6.58441e-16
7043.79  6.58939e-16
7045.24  6.59627e-16
7046.69  6.61243e-16
7048.14  6.64434e-16
7049.59  6.69594e-16
7051.04  6.7674e-16
7052.49  6.85457e-16
7053.94  6.94921e-16
7055.39  7.04006e-16
7056.84  7.11453e-16
7058.29  7.16078e-16
7059.74  7.16967e-16
7061.19  7.13648e-16
7062.64  7.06183e-16
7064.09  6.95174e-16
7065.54  6.81688e-16
7066.98  6.671e-16
7068.43  6.52895e-16
7069.88  6.40453e-16
7071.33  6.30856e-16
7072.78  6.24752e-16
7074.23  6.22289e-16
7075.68  6.23126e-16
7077.13  6.2652e-16
7078.58  6.3146e-16
7080.03  6.36831e-16
7081.48  6.41573e-16
7082.93  6.44814e-16
7084.38  6.45956e-16
7085.83  6.44717e-16
7087.28  6.41119e-16
7088.73  6.35444e-16
7090.18  6.28176e-16
7091.63  6.19931e-16
7093.08  6.11398e-16
7094.53  6.03297e-16
7095.98  5.96341e-16
7097.43  5.91212e-16
7098.87  5.88537e-16
7100.32  5.88851e-16
7101.77  5.92558e-16
7103.22  5.99882e-16
7104.67  6.10818e-16
7106.12  6.25088e-16
7107.57  6.42128e-16
7109.02  6.61087e-16
7110.47  6.80875e-16
7111.92  7.00239e-16
7113.37  7.17872e-16
7114.82  7.32538e-16
7116.27  7.43199e-16
7117.72  7.49133e-16
7119.17  7.50013e-16
7120.62  7.45942e-16
7122.07  7.37442e-16
7123.52  7.25387e-16
7124.97  7.10897e-16
7126.42  6.95214e-16
7127.87  6.79555e-16
7129.32  6.64995e-16
7130.76  6.52366e-16
7132.21  6.42194e-16
7133.66  6.34689e-16
7135.11  6.29765e-16
7136.56  6.27104e-16
7138.01  6.26241e-16
7139.46  6.26659e-16
7140.91  6.27887e-16
7142.36  6.29569e-16
7143.81  6.31515e-16
7145.26  6.33709e-16
7146.71  6.36285e-16
7148.16  6.39474e-16
7149.61  6.43531e-16
7151.06  6.48656e-16
7152.51  6.54936e-16
7153.96  6.62309e-16
7155.41  6.70561e-16
7156.86  6.79359e-16
7158.31  6.88315e-16
7159.76  6.97057e-16
7161.21  7.05297e-16
7162.65  7.12881e-16
7164.1   7.19802e-16
7165.55  7.26178e-16
7167     7.322e-16
7168.45  7.38061e-16
7169.9   7.43873e-16
7171.35  7.49615e-16
7172.8   7.55089e-16
7174.25  7.59934e-16
7175.7   7.63662e-16
7177.15  7.65737e-16
7178.6   7.65671e-16
7180.05  7.63125e-16
7181.5   7.57998e-16
7182.95  7.50488e-16
7184.4   7.41113e-16
7185.85  7.30689e-16
7187.3   7.20258e-16
7188.75  7.10985e-16
7190.2   7.04026e-16
7191.65  7.00395e-16
7193.1   7.00837e-16
7194.54  7.05729e-16
7195.99  7.15021e-16
7197.44  7.28223e-16
7198.89  7.44437e-16
7200.34  7.62434e-16
7201.79  7.80768e-16
7203.24  7.97915e-16
7204.69  8.12426e-16
7206.14  8.23083e-16
7207.59  8.29039e-16
7209.04  8.29925e-16
7210.49  8.25919e-16
7211.94  8.17748e-16
7213.39  8.06631e-16
7214.84  7.9416e-16
7216.29  7.82118e-16
7217.74  7.72273e-16
7219.19  7.66153e-16
7220.64  7.64846e-16
7222.09  7.6885e-16
7223.54  7.77993e-16
7224.99  7.91445e-16
7226.44  8.07819e-16
7227.88  8.2536e-16
7229.33  8.42184e-16
7230.78  8.56547e-16
7232.23  8.671e-16
7233.68  8.73085e-16
7235.13  8.74447e-16
7236.58  8.71831e-16
7238.03  8.66476e-16
7239.48  8.59996e-16
7240.93  8.54108e-16
7242.38  8.50329e-16
7243.83  8.4971e-16
7245.28  8.52643e-16
7246.73  8.58784e-16
7248.18  8.67098e-16
7249.63  8.76032e-16
7251.08  8.83777e-16
7252.53  8.88584e-16
7253.98  8.89071e-16
7255.43  8.84472e-16
7256.88  8.74786e-16
7258.33  8.60803e-16
7259.77  8.43999e-16
7261.22  8.26323e-16
7262.67  8.09911e-16
7264.12  7.96782e-16
7265.57  7.88555e-16
7267.02  7.86245e-16
7268.47  7.90148e-16
7269.92  7.99842e-16
7271.37  8.14286e-16
7272.82  8.31998e-16
7274.27  8.51269e-16
7275.72  8.70395e-16
7277.17  8.87871e-16
7278.62  9.02534e-16
7280.07  9.13654e-16
7281.52  9.2094e-16
7282.97  9.24505e-16
7284.42  9.2478e-16
7285.87  9.22406e-16
7287.32  9.18129e-16
7288.77  9.12696e-16
7290.22  9.06783e-16
7291.66  9.00938e-16
7293.11  8.95562e-16
7294.56  8.90907e-16
7296.01  8.8709e-16
7297.46  8.84121e-16
7298.91  8.81933e-16
7300.36  8.80408e-16
7301.81  8.79409e-16
7303.26  8.78799e-16
7304.71  8.78455e-16
7306.16  8.78279e-16
7307.61  8.78198e-16
7309.06  8.78166e-16
7310.51  8.78155e-16
7311.96  8.78152e-16
7313.41  8.78151e-16
7314.86  8.78151e-16
7316.31  8.78151e-16