#34.03922128290537
3588  1.25693e-16
3589  1.25126e-16
3590  1.24545e-16
3591  1.2395e-16
3592  1.23344e-16
3593  1.22727e-16
3594  1.221e-16
3595  1.21466e-16
3596  1.20824e-16
3597  1.20178e-16
3598  1.19527e-16
3599  1.18874e-16
3600  1.18221e-16
3601  1.17567e-16
3602  1.16916e-16
3603  1.16268e-16
3604  1.15626e-16
3605  1.1499e-16
3606  1.14362e-16
3607  1.13745e-16
3608  1.13138e-16
3609  1.12545e-16
3610  1.11965e-16
3611  1.11402e-16
3612  1.10856e-16
3613  1.10329e-16
3614  1.09822e-16
3615  1.09337e-16
3616  1.08875e-16
3617  1.08437e-16
3618  1.08025e-16
3619  1.07639e-16
3620  1.07282e-16
3621  1.06954e-16
3622  1.06656e-16
3623  1.06389e-16
3624  1.06154e-16
3625  1.05953e-16
3626  1.05785e-16
3627  1.05652e-16
3628  1.05554e-16
3629  1.05492e-16
3630  1.05467e-16
3631  1.05478e-16
3632  1.05526e-16
3633  1.05612e-16
3634  1.05735e-16
3635  1.05895e-16
3636  1.06094e-16
3637  1.06329e-16
3638  1.06602e-16
3639  1.06912e-16
3640  1.07259e-16
3641  1.07642e-16
3642  1.0806e-16
3643  1.08514e-16
3644  1.09001e-16
3645  1.09522e-16
3646  1.10076e-16
3647  1.10661e-16
3648  1.11277e-16
3649  1.11922e-16
3650  1.12595e-16
3651  1.13295e-16
3652  1.1402e-16
3653  1.14769e-16
3654  1.15541e-16
3655  1.16333e-16
3656  1.17145e-16
3657  1.17974e-16
3658  1.18819e-16
3659  1.19677e-16
3660  1.20548e-16
3661  1.21428e-16
3662  1.22317e-16
3663  1.23211e-16
3664  1.2411e-16
3665  1.25011e-16
3666  1.25912e-16
3667  1.2681e-16
3668  1.27704e-16
3669  1.28592e-16
3670  1.29471e-16
3671  1.3034e-16
3672  1.31196e-16
3673  1.32036e-16
3674  1.3286e-16
3675  1.33665e-16
3676  1.34449e-16
3677  1.35209e-16
3678  1.35945e-16
3679  1.36653e-16
3680  1.37332e-16
3681  1.3798e-16
3682  1.38596e-16
3683  1.39177e-16
3684  1.39722e-16
3685  1.40229e-16
3686  1.40697e-16
3687  1.41124e-16
3688  1.41508e-16
3689  1.41849e-16
3690  1.42145e-16
3691  1.42395e-16
3692  1.42597e-16
3693  1.42751e-16
3694  1.42856e-16
3695  1.42911e-16
3696  1.42916e-16
3697  1.42868e-16
3698  1.42769e-16
3699  1.42617e-16
3700  1.42412e-16
3701  1.42155e-16
3702  1.41844e-16
3703  1.4148e-16
3704  1.41063e-16
3705  1.40592e-16
3706  1.40069e-16
3707  1.39493e-16
3708  1.38866e-16
3709  1.38186e-16
3710  1.37456e-16
3711  1.36676e-16
3712  1.35847e-16
3713  1.34969e-16
3714  1.34044e-16
3715  1.33073e-16
3716  1.32057e-16
3717  1.30997e-16
3718  1.29894e-16
3719  1.28751e-16
3720  1.27568e-16
3721  1.26347e-16
3722  1.2509e-16
3723  1.23799e-16
3724  1.22474e-16
3725  1.21119e-16
3726  1.19734e-16
3727  1.18322e-16
3728  1.16885e-16
3729  1.15425e-16
3730  1.13943e-16
3731  1.12443e-16
3732  1.10925e-16
3733  1.09392e-16
3734  1.07846e-16
3735  1.0629e-16
3736  1.04725e-16
3737  1.03154e-16
3738  1.01579e-16
3739  1.00002e-16
3740  9.84244e-17
3741  9.68494e-17
3742  9.52789e-17
3743  9.37149e-17
3744  9.21594e-17
3745  9.06147e-17
3746  8.90826e-17
3747  8.75652e-17
3748  8.60645e-17
3749  8.45823e-17
3750  8.31205e-17
3751  8.1681e-17
3752  8.02655e-17
3753  7.88758e-17
3754  7.75134e-17
3755  7.61801e-17
3756  7.48773e-17
3757  7.36065e-17
3758  7.23691e-17
3759  7.11665e-17
3760  7e-17
3761  6.88707e-17
3762  6.77798e-17
3763  6.67284e-17
3764  6.57173e-17
3765  6.47476e-17
3766  6.38201e-17
3767  6.29355e-17
3768  6.20944e-17
3769  6.12976e-17
3770  6.05454e-17
3771  5.98385e-17
3772  5.9177e-17
3773  5.85614e-17
3774  5.79918e-17
3775  5.74684e-17
3776  5.69912e-17
3777  5.65603e-17
3778  5.61755e-17
3779  5.58367e-17
3780  5.55438e-17
3781  5.52964e-17
3782  5.50941e-17
3783  5.49366e-17
3784  5.48234e-17
3785  5.4754e-17
3786  5.47277e-17
3787  5.4744e-17
3788  5.48022e-17
3789  5.49014e-17
3790  5.50409e-17
3791  5.522e-17
3792  5.54376e-17
3793  5.56929e-17
3794  5.5985e-17
3795  5.63128e-17
3796  5.66753e-17
3797  5.70715e-17
3798  5.75004e-17
3799  5.79607e-17
3800  5.84515e-17
3801  5.89716e-17
3802  5.95198e-17
3803  6.0095e-17
3804  6.06961e-17
3805  6.13218e-17
3806  6.1971e-17
3807  6.26426e-17
3808  6.33353e-17
3809  6.4048e-17
3810  6.47795e-17
3811  6.55287e-17
3812  6.62945e-17
3813  6.70757e-17
3814  6.78713e-17
3815  6.86801e-17
3816  6.95011e-17
3817  7.03332e-17
3818  7.11755e-17
3819  7.20269e-17
3820  7.28864e-17
3821  7.37532e-17
3822  7.46264e-17
3823  7.5505e-17
3824  7.63882e-17
3825  7.72752e-17
3826  7.81653e-17
3827  7.90577e-17
3828  7.99518e-17
3829  8.08467e-17
3830  8.1742e-17
3831  8.26371e-17
3832  8.35314e-17
3833  8.44243e-17
3834  8.53155e-17
3835  8.62045e-17
3836  8.70909e-17
3837  8.79743e-17
3838  8.88545e-17
3839  8.97312e-17
3840  9.06041e-17
3841  9.1473e-17
3842  9.23378e-17
3843  9.31983e-17
3844  9.40544e-17
3845  9.49061e-17
3846  9.57532e-17
3847  9.6596e-17
3848  9.74342e-17
3849  9.8268e-17
3850  9.90976e-17
3851  9.99229e-17
3852  1.00744e-16
3853  1.01561e-16
3854  1.02375e-16
3855  1.03185e-16
3856  1.03991e-16
3857  1.04795e-16
3858  1.05595e-16
3859  1.06393e-16
3860  1.07188e-16
3861  1.07982e-16
3862  1.08773e-16
3863  1.09563e-16
3864  1.10352e-16
3865  1.11139e-16
3866  1.11926e-16
3867  1.12713e-16
3868  1.13499e-16
3869  1.14285e-16
3870  1.15072e-16
3871  1.1586e-16
3872  1.16648e-16
3873  1.17438e-16
3874  1.18229e-16
3875  1.19021e-16
3876  1.19816e-16
3877  1.20612e-16
3878  1.2141e-16
3879  1.22211e-16
3880  1.23014e-16
3881  1.23819e-16
3882  1.24627e-16
3883  1.25438e-16
3884  1.26251e-16
3885  1.27067e-16
3886  1.27885e-16
3887  1.28706e-16
3888  1.2953e-16
3889  1.30355e-16
3890  1.31183e-16
3891  1.32013e-16
3892  1.32845e-16
3893  1.33678e-16
3894  1.34513e-16
3895  1.35348e-16
3896  1.36185e-16
3897  1.37022e-16
3898  1.37859e-16
3899  1.38695e-16
3900  1.39531e-16
3901  1.40365e-16
3902  1.41198e-16
3903  1.42029e-16
3904  1.42856e-16
3905  1.43681e-16
3906  1.44502e-16
3907  1.45318e-16
3908  1.46129e-16
3909  1.46935e-16
3910  1.47734e-16
3911  1.48526e-16
3912  1.4931e-16
3913  1.50086e-16
3914  1.50853e-16
3915  1.5161e-16
3916  1.52357e-16
3917  1.53092e-16
3918  1.53816e-16
3919  1.54527e-16
3920  1.55224e-16
3921  1.55907e-16
3922  1.56575e-16
3923  1.57227e-16
3924  1.57863e-16
3925  1.58482e-16
3926  1.59082e-16
3927  1.59665e-16
3928  1.60228e-16
3929  1.60771e-16
3930  1.61293e-16
3931  1.61794e-16
3932  1.62273e-16
3933  1.6273e-16
3934  1.63164e-16
3935  1.63574e-16
3936  1.63959e-16
3937  1.6432e-16
3938  1.64656e-16
3939  1.64966e-16
3940  1.65251e-16
3941  1.65508e-16
3942  1.65739e-16
3943  1.65942e-16
3944  1.66119e-16
3945  1.66267e-16
3946  1.66388e-16
3947  1.6648e-16
3948  1.66544e-16
3949  1.6658e-16
3950  1.66587e-16
3951  1.66566e-16
3952  1.66517e-16
3953  1.66439e-16
3954  1.66333e-16
3955  1.66198e-16
3956  1.66036e-16
3957  1.65846e-16
3958  1.65628e-16
3959  1.65384e-16
3960  1.65112e-16
3961  1.64814e-16
3962  1.64489e-16
3963  1.6414e-16
3964  1.63764e-16
3965  1.63365e-16
3966  1.62941e-16
3967  1.62493e-16
3968  1.62023e-16
3969  1.61531e-16
3970  1.61016e-16
3971  1.60481e-16
3972  1.59926e-16
3973  1.59352e-16
3974  1.58758e-16
3975  1.58147e-16
3976  1.57519e-16
3977  1.56875e-16
3978  1.56215e-16
3979  1.55541e-16
3980  1.54853e-16
3981  1.54153e-16
3982  1.53441e-16
3983  1.52718e-16
3984  1.51985e-16
3985  1.51242e-16
3986  1.50492e-16
3987  1.49734e-16
3988  1.4897e-16
3989  1.48201e-16
3990  1.47427e-16
3991  1.46649e-16
3992  1.45868e-16
3993  1.45086e-16
3994  1.44302e-16
3995  1.43518e-16
3996  1.42734e-16
3997  1.41952e-16
3998  1.41172e-16
3999  1.40395e-16
4000  1.39621e-16
4001  1.38851e-16
4002  1.38087e-16
4003  1.37327e-16
4004  1.36574e-16
4005  1.35828e-16
4006  1.35089e-16
4007  1.34358e-16
4008  1.33635e-16
4009  1.3292e-16
4010  1.32215e-16
4011  1.31519e-16
4012  1.30833e-16
4013  1.30157e-16
4014  1.29492e-16
4015  1.28837e-16
4016  1.28192e-16
4017  1.27559e-16
4018  1.26937e-16
4019  1.26326e-16
4020  1.25726e-16
4021  1.25138e-16
4022  1.2456e-16
4023  1.23994e-16
4024  1.23439e-16
4025  1.22894e-16
4026  1.22361e-16
4027  1.21838e-16
4028  1.21325e-16
4029  1.20823e-16
4030  1.2033e-16
4031  1.19847e-16
4032  1.19374e-16
4033  1.18909e-16
4034  1.18453e-16
4035  1.18005e-16
4036  1.17566e-16
4037  1.17133e-16
4038  1.16708e-16
4039  1.16289e-16
4040  1.15877e-16
4041  1.15471e-16
4042  1.15069e-16
4043  1.14673e-16
4044  1.14281e-16
4045  1.13894e-16
4046  1.13509e-16
4047  1.13128e-16
4048  1.1275e-16
4049  1.12374e-16
4050  1.12e-16
4051  1.11627e-16
4052  1.11256e-16
4053  1.10885e-16
4054  1.10514e-16
4055  1.10143e-16
4056  1.09773e-16
4057  1.09401e-16
4058  1.09029e-16
4059  1.08655e-16
4060  1.0828e-16
4061  1.07903e-16
4062  1.07525e-16
4063  1.07145e-16
4064  1.06762e-16
4065  1.06378e-16
4066  1.05991e-16
4067  1.05602e-16
4068  1.05211e-16
4069  1.04818e-16
4070  1.04422e-16
4071  1.04024e-16
4072  1.03624e-16
4073  1.03223e-16
4074  1.0282e-16
4075  1.02415e-16
4076  1.0201e-16
4077  1.01603e-16
4078  1.01196e-16
4079  1.00788e-16
4080  1.00381e-16
4081  9.99736e-17
4082  9.95674e-17
4083  9.91626e-17
4084  9.87594e-17
4085  9.83585e-17
4086  9.79603e-17
4087  9.75654e-17
4088  9.71741e-17
4089  9.67872e-17
4090  9.64052e-17
4091  9.60285e-17
4092  9.56579e-17
4093  9.52939e-17
4094  9.49371e-17
4095  9.45881e-17
4096  9.42475e-17
4097  9.39159e-17
4098  9.3594e-17
4099  9.32822e-17
4100  9.29813e-17
4101  9.26918e-17
4102  9.24143e-17
4103  9.21493e-17
4104  9.18975e-17
4105  9.16593e-17
4106  9.14353e-17
4107  9.1226e-17
4108  9.10319e-17
4109  9.08535e-17
4110  9.06911e-17
4111  9.05453e-17
4112  9.04164e-17
4113  9.03047e-17
4114  9.02106e-17
4115  9.01345e-17
4116  9.00765e-17
4117  9.00369e-17
4118  9.0016e-17
4119  9.00138e-17
4120  9.00306e-17
4121  9.00663e-17
4122  9.01211e-17
4123  9.0195e-17
4124  9.02879e-17
4125  9.03998e-17
4126  9.05305e-17
4127  9.06801e-17
4128  9.08481e-17
4129  9.10345e-17
4130  9.1239e-17
4131  9.14612e-17
4132  9.17008e-17
4133  9.19575e-17
4134  9.22308e-17
4135  9.25202e-17
4136  9.28253e-17
4137  9.31455e-17
4138  9.34803e-17
4139  9.38291e-17
4140  9.41912e-17
4141  9.45659e-17
4142  9.49526e-17
4143  9.53506e-17
4144  9.57591e-17
4145  9.61773e-17
4146  9.66045e-17
4147  9.70397e-17
4148  9.74822e-17
4149  9.79312e-17
4150  9.83856e-17
4151  9.88447e-17
4152  9.93076e-17
4153  9.97733e-17
4154  1.00241e-16
4155  1.00709e-16
4156  1.01178e-16
4157  1.01646e-16
4158  1.02112e-16
4159  1.02575e-16
4160  1.03035e-16
4161  1.0349e-16
4162  1.03939e-16
4163  1.04383e-16
4164  1.04819e-16
4165  1.05247e-16
4166  1.05666e-16
4167  1.06075e-16
4168  1.06473e-16
4169  1.06861e-16
4170  1.07236e-16
4171  1.07598e-16
4172  1.07947e-16
4173  1.08282e-16
4174  1.08602e-16
4175  1.08906e-16
4176  1.09195e-16
4177  1.09467e-16
4178  1.09722e-16
4179  1.0996e-16
4180  1.1018e-16
4181  1.10381e-16
4182  1.10564e-16
4183  1.10729e-16
4184  1.10874e-16
4185  1.11e-16
4186  1.11107e-16
4187  1.11195e-16
4188  1.11263e-16
4189  1.11311e-16
4190  1.1134e-16
4191  1.1135e-16
4192  1.11341e-16
4193  1.11312e-16
4194  1.11265e-16
4195  1.11199e-16
4196  1.11115e-16
4197  1.11014e-16
4198  1.10895e-16
4199  1.10758e-16
4200  1.10606e-16
4201  1.10437e-16
4202  1.10253e-16
4203  1.10054e-16
4204  1.09841e-16
4205  1.09615e-16
4206  1.09375e-16
4207  1.09124e-16
4208  1.08861e-16
4209  1.08588e-16
4210  1.08305e-16
4211  1.08013e-16
4212  1.07713e-16
4213  1.07406e-16
4214  1.07093e-16
4215  1.06775e-16
4216  1.06452e-16
4217  1.06126e-16
4218  1.05797e-16
4219  1.05467e-16
4220  1.05136e-16
4221  1.04806e-16
4222  1.04476e-16
4223  1.0415e-16
4224  1.03826e-16
4225  1.03507e-16
4226  1.03193e-16
4227  1.02884e-16
4228  1.02583e-16
4229  1.0229e-16
4230  1.02005e-16
4231  1.0173e-16
4232  1.01466e-16
4233  1.01213e-16
4234  1.00972e-16
4235  1.00743e-16
4236  1.00529e-16
4237  1.00328e-16
4238  1.00143e-16
4239  9.99727e-17
4240  9.98189e-17
4241  9.96819e-17
4242  9.95621e-17
4243  9.94601e-17
4244  9.93762e-17
4245  9.9311e-17
4246  9.92647e-17
4247  9.92377e-17
4248  9.92303e-17
4249  9.92426e-17
4250  9.92749e-17
4251  9.93273e-17
4252  9.93999e-17
4253  9.94927e-17
4254  9.96057e-17
4255  9.9739e-17
4256  9.98923e-17
4257  1.00066e-16
4258  1.00259e-16
4259  1.00471e-16
4260  1.00703e-16
4261  1.00954e-16
4262  1.01223e-16
4263  1.0151e-16
4264  1.01815e-16
4265  1.02138e-16
4266  1.02476e-16
4267  1.02831e-16
4268  1.03202e-16
4269  1.03587e-16
4270  1.03986e-16
4271  1.04399e-16
4272  1.04824e-16
4273  1.05261e-16
4274  1.05709e-16
4275  1.06168e-16
4276  1.06635e-16
4277  1.07111e-16
4278  1.07595e-16
4279  1.08085e-16
4280  1.0858e-16
4281  1.09081e-16
4282  1.09584e-16
4283  1.10091e-16
4284  1.10599e-16
4285  1.11107e-16
4286  1.11615e-16
4287  1.12122e-16
4288  1.12626e-16
4289  1.13126e-16
4290  1.13622e-16
4291  1.14112e-16
4292  1.14595e-16
4293  1.15071e-16
4294  1.15538e-16
4295  1.15995e-16
4296  1.16441e-16
4297  1.16876e-16
4298  1.17298e-16
4299  1.17706e-16
4300  1.181e-16
4301  1.18478e-16
4302  1.1884e-16
4303  1.19185e-16
4304  1.19512e-16
4305  1.1982e-16
4306  1.20109e-16
4307  1.20377e-16
4308  1.20624e-16
4309  1.2085e-16
4310  1.21053e-16
4311  1.21233e-16
4312  1.2139e-16
4313  1.21523e-16
4314  1.21632e-16
4315  1.21716e-16
4316  1.21774e-16
4317  1.21807e-16
4318  1.21814e-16
4319  1.21794e-16
4320  1.21748e-16
4321  1.21676e-16
4322  1.21576e-16
4323  1.2145e-16
4324  1.21297e-16
4325  1.21116e-16
4326  1.20909e-16
4327  1.20675e-16
4328  1.20414e-16
4329  1.20127e-16
4330  1.19813e-16
4331  1.19473e-16
4332  1.19107e-16
4333  1.18715e-16
4334  1.18298e-16
4335  1.17856e-16
4336  1.1739e-16
4337  1.169e-16
4338  1.16386e-16
4339  1.1585e-16
4340  1.15291e-16
4341  1.14711e-16
4342  1.14109e-16
4343  1.13487e-16
4344  1.12845e-16
4345  1.12185e-16
4346  1.11506e-16
4347  1.1081e-16
4348  1.10097e-16
4349  1.09368e-16
4350  1.08624e-16
4351  1.07866e-16
4352  1.07095e-16
4353  1.06312e-16
4354  1.05517e-16
4355  1.04712e-16
4356  1.03898e-16
4357  1.03074e-16
4358  1.02244e-16
4359  1.01406e-16
4360  1.00563e-16
4361  9.97151e-17
4362  9.88635e-17
4363  9.80092e-17
4364  9.71532e-17
4365  9.62963e-17
4366  9.54397e-17
4367  9.45842e-17
4368  9.37308e-17
4369  9.28805e-17
4370  9.20342e-17
4371  9.11928e-17
4372  9.03573e-17
4373  8.95286e-17
4374  8.87075e-17
4375  8.78949e-17
4376  8.70917e-17
4377  8.62987e-17
4378  8.55167e-17
4379  8.47466e-17
4380  8.39891e-17
4381  8.32449e-17
4382  8.25148e-17
4383  8.17995e-17
4384  8.10997e-17
4385  8.0416e-17
4386  7.9749e-17
4387  7.90994e-17
4388  7.84678e-17
4389  7.78546e-17
4390  7.72603e-17
4391  7.66856e-17
4392  7.61308e-17
4393  7.55963e-17
4394  7.50826e-17
4395  7.459e-17
4396  7.41188e-17
4397  7.36695e-17
4398  7.32421e-17
4399  7.2837e-17
4400  7.24544e-17
4401  7.20945e-17
4402  7.17575e-17
4403  7.14434e-17
4404  7.11523e-17
4405  7.08844e-17
4406  7.06396e-17
4407  7.0418e-17
4408  7.02195e-17
4409  7.00442e-17
4410  6.98918e-17
4411  6.97625e-17
4412  6.96559e-17
4413  6.9572e-17
4414  6.95106e-17
4415  6.94715e-17
4416  6.94544e-17
4417  6.94593e-17
4418  6.94857e-17
4419  6.95334e-17
4420  6.96021e-17
4421  6.96915e-17
4422  6.98013e-17
4423  6.99312e-17
4424  7.00806e-17
4425  7.02494e-17
4426  7.04371e-17
4427  7.06432e-17
4428  7.08674e-17
4429  7.11093e-17
4430  7.13684e-17
4431  7.16443e-17
4432  7.19366e-17
4433  7.22447e-17
4434  7.25683e-17
4435  7.29069e-17
4436  7.326e-17
4437  7.36271e-17
4438  7.40079e-17
4439  7.44017e-17
4440  7.48083e-17
4441  7.52271e-17
4442  7.56576e-17
4443  7.60994e-17
4444  7.65521e-17
4445  7.70153e-17
4446  7.74884e-17
4447  7.79711e-17
4448  7.84629e-17
4449  7.89635e-17
4450  7.94725e-17
4451  7.99894e-17
4452  8.05139e-17
4453  8.10456e-17
4454  8.15842e-17
4455  8.21293e-17
4456  8.26807e-17
4457  8.3238e-17
4458  8.38009e-17
4459  8.43691e-17
4460  8.49424e-17
4461  8.55206e-17
4462  8.61033e-17
4463  8.66905e-17
4464  8.72818e-17
4465  8.78772e-17
4466  8.84764e-17
4467  8.90794e-17
4468  8.96859e-17
4469  9.02959e-17
4470  9.09094e-17
4471  9.15261e-17
4472  9.21461e-17
4473  9.27694e-17
4474  9.33958e-17
4475  9.40255e-17
4476  9.46585e-17
4477  9.52946e-17
4478  9.59342e-17
4479  9.65771e-17
4480  9.72234e-17
4481  9.78734e-17
4482  9.8527e-17
4483  9.91844e-17
4484  9.98458e-17
4485  1.00511e-16
4486  1.01181e-16
4487  1.01855e-16
4488  1.02534e-16
4489  1.03218e-16
4490  1.03907e-16
4491  1.04602e-16
4492  1.05302e-16
4493  1.06007e-16
4494  1.06719e-16
4495  1.07438e-16
4496  1.08163e-16
4497  1.08895e-16
4498  1.09634e-16
4499  1.10381e-16
4500  1.11135e-16
4501  1.11898e-16
4502  1.12669e-16
4503  1.13449e-16
4504  1.14238e-16
4505  1.15037e-16
4506  1.15845e-16
4507  1.16663e-16
4508  1.17492e-16
4509  1.18331e-16
4510  1.19182e-16
4511  1.20043e-16
4512  1.20916e-16
4513  1.21801e-16
4514  1.22698e-16
4515  1.23607e-16
4516  1.24529e-16
4517  1.25464e-16
4518  1.26412e-16
4519  1.27374e-16
4520  1.28349e-16
4521  1.29337e-16
4522  1.3034e-16
4523  1.31356e-16
4524  1.32387e-16
4525  1.33433e-16
4526  1.34493e-16
4527  1.35567e-16
4528  1.36656e-16
4529  1.3776e-16
4530  1.38878e-16
4531  1.40011e-16
4532  1.41159e-16
4533  1.42322e-16
4534  1.435e-16
4535  1.44691e-16
4536  1.45898e-16
4537  1.47118e-16
4538  1.48353e-16
4539  1.49602e-16
4540  1.50864e-16
4541  1.5214e-16
4542  1.53429e-16
4543  1.5473e-16
4544  1.56045e-16
4545  1.57371e-16
4546  1.58709e-16
4547  1.60059e-16
4548  1.61419e-16
4549  1.6279e-16
4550  1.6417e-16
4551  1.6556e-16
4552  1.66958e-16
4553  1.68364e-16
4554  1.69778e-16
4555  1.71198e-16
4556  1.72625e-16
4557  1.74057e-16
4558  1.75493e-16
4559  1.76932e-16
4560  1.78375e-16
4561  1.7982e-16
4562  1.81265e-16
4563  1.82711e-16
4564  1.84156e-16
4565  1.85599e-16
4566  1.8704e-16
4567  1.88477e-16
4568  1.89909e-16
4569  1.91335e-16
4570  1.92754e-16
4571  1.94165e-16
4572  1.95567e-16
4573  1.96959e-16
4574  1.98339e-16
4575  1.99707e-16
4576  2.0106e-16
4577  2.02399e-16
4578  2.03721e-16
4579  2.05026e-16
4580  2.06312e-16
4581  2.07579e-16
4582  2.08824e-16
4583  2.10047e-16
4584  2.11246e-16
4585  2.1242e-16
4586  2.13568e-16
4587  2.14689e-16
4588  2.15781e-16
4589  2.16844e-16
4590  2.17875e-16
4591  2.18875e-16
4592  2.19841e-16
4593  2.20772e-16
4594  2.21668e-16
4595  2.22527e-16
4596  2.23348e-16
4597  2.2413e-16
4598  2.24872e-16
4599  2.25574e-16
4600  2.26233e-16
4601  2.26849e-16
4602  2.27421e-16
4603  2.27948e-16
4604  2.28429e-16
4605  2.28864e-16
4606  2.29252e-16
4607  2.29591e-16
4608  2.29882e-16
4609  2.30123e-16
4610  2.30314e-16
4611  2.30455e-16
4612  2.30545e-16
4613  2.30582e-16
4614  2.30568e-16
4615  2.30502e-16
4616  2.30382e-16
4617  2.3021e-16
4618  2.29985e-16
4619  2.29706e-16
4620  2.29374e-16
4621  2.28989e-16
4622  2.2855e-16
4623  2.28057e-16
4624  2.27512e-16
4625  2.26913e-16
4626  2.26262e-16
4627  2.25558e-16
4628  2.24803e-16
4629  2.23995e-16
4630  2.23136e-16
4631  2.22227e-16
4632  2.21268e-16
4633  2.20259e-16
4634  2.19201e-16
4635  2.18096e-16
4636  2.16943e-16
4637  2.15744e-16
4638  2.145e-16
4639  2.13211e-16
4640  2.11879e-16
4641  2.10505e-16
4642  2.09089e-16
4643  2.07634e-16
4644  2.06139e-16
4645  2.04607e-16
4646  2.03039e-16
4647  2.01436e-16
4648  1.99799e-16
4649  1.9813e-16
4650  1.9643e-16
4651  1.947e-16
4652  1.92943e-16
4653  1.9116e-16
4654  1.89351e-16
4655  1.8752e-16
4656  1.85666e-16
4657  1.83793e-16
4658  1.81901e-16
4659  1.79993e-16
4660  1.78069e-16
4661  1.76132e-16
4662  1.74182e-16
4663  1.72223e-16
4664  1.70255e-16
4665  1.68281e-16
4666  1.66301e-16
4667  1.64318e-16
4668  1.62333e-16
4669  1.60348e-16
4670  1.58364e-16
4671  1.56384e-16
4672  1.54408e-16
4673  1.52439e-16
4674  1.50478e-16
4675  1.48526e-16
4676  1.46585e-16
4677  1.44657e-16
4678  1.42744e-16
4679  1.40846e-16
4680  1.38965e-16
4681  1.37102e-16
4682  1.3526e-16
4683  1.33439e-16
4684  1.3164e-16
4685  1.29865e-16
4686  1.28116e-16
4687  1.26393e-16
4688  1.24698e-16
4689  1.23031e-16
4690  1.21394e-16
4691  1.19789e-16
4692  1.18215e-16
4693  1.16674e-16
4694  1.15167e-16
4695  1.13695e-16
4696  1.12258e-16
4697  1.10858e-16
4698  1.09495e-16
4699  1.0817e-16
4700  1.06883e-16
4701  1.05636e-16
4702  1.04428e-16
4703  1.03261e-16
4704  1.02135e-16
4705  1.0105e-16
4706  1.00006e-16
4707  9.90041e-17
4708  9.80446e-17
4709  9.71276e-17
4710  9.62532e-17
4711  9.54217e-17
4712  9.46331e-17
4713  9.38874e-17
4714  9.31848e-17
4715  9.25252e-17
4716  9.19084e-17
4717  9.13345e-17
4718  9.08032e-17
4719  9.03143e-17
4720  8.98675e-17
4721  8.94627e-17
4722  8.90995e-17
4723  8.87774e-17
4724  8.84962e-17
4725  8.82553e-17
4726  8.80543e-17
4727  8.78926e-17
4728  8.77698e-17
4729  8.76851e-17
4730  8.76381e-17
4731  8.76279e-17
4732  8.76541e-17
4733  8.77157e-17
4734  8.78121e-17
4735  8.79425e-17
4736  8.81061e-17
4737  8.83021e-17
4738  8.85295e-17
4739  8.87875e-17
4740  8.90751e-17
4741  8.93916e-17
4742  8.97358e-17
4743  9.01068e-17
4744  9.05036e-17
4745  9.09252e-17
4746  9.13705e-17
4747  9.18385e-17
4748  9.23282e-17
4749  9.28384e-17
4750  9.3368e-17
4751  9.3916e-17
4752  9.44812e-17
4753  9.50626e-17
4754  9.56589e-17
4755  9.6269e-17
4756  9.68918e-17
4757  9.75261e-17
4758  9.81709e-17
4759  9.88248e-17
4760  9.94869e-17
4761  1.00156e-16
4762  1.00831e-16
4763  1.0151e-16
4764  1.02193e-16
4765  1.02879e-16
4766  1.03565e-16
4767  1.04252e-16
4768  1.04938e-16
4769  1.05622e-16
4770  1.06303e-16
4771  1.0698e-16
4772  1.07651e-16
4773  1.08317e-16
4774  1.08975e-16
4775  1.09625e-16
4776  1.10267e-16
4777  1.10898e-16
4778  1.11518e-16
4779  1.12127e-16
4780  1.12723e-16
4781  1.13306e-16
4782  1.13875e-16
4783  1.14429e-16
4784  1.14967e-16
4785  1.15489e-16
4786  1.15994e-16
4787  1.16482e-16
4788  1.16952e-16
4789  1.17404e-16
4790  1.17836e-16
4791  1.18249e-16
4792  1.18643e-16
4793  1.19016e-16
4794  1.19369e-16
4795  1.19701e-16
4796  1.20013e-16
4797  1.20304e-16
4798  1.20573e-16
4799  1.20822e-16
4800  1.21049e-16
4801  1.21255e-16
4802  1.2144e-16
4803  1.21605e-16
4804  1.21748e-16
4805  1.21872e-16
4806  1.21975e-16
4807  1.22058e-16
4808  1.22122e-16
4809  1.22167e-16
4810  1.22193e-16
4811  1.22202e-16
4812  1.22193e-16
4813  1.22167e-16
4814  1.22125e-16
4815  1.22068e-16
4816  1.21996e-16
4817  1.2191e-16
4818  1.21811e-16
4819  1.21699e-16
4820  1.21576e-16
4821  1.21443e-16
4822  1.21301e-16
4823  1.2115e-16
4824  1.20991e-16
4825  1.20826e-16
4826  1.20656e-16
4827  1.20482e-16
4828  1.20304e-16
4829  1.20125e-16
4830  1.19944e-16
4831  1.19764e-16
4832  1.19586e-16
4833  1.1941e-16
4834  1.19238e-16
4835  1.19072e-16
4836  1.18911e-16
4837  1.18758e-16
4838  1.18614e-16
4839  1.1848e-16
4840  1.18357e-16
4841  1.18246e-16
4842  1.18149e-16
4843  1.18066e-16
4844  1.17999e-16
4845  1.17949e-16
4846  1.17917e-16
4847  1.17903e-16
4848  1.1791e-16
4849  1.17937e-16
4850  1.17986e-16
4851  1.18058e-16
4852  1.18154e-16
4853  1.18275e-16
4854  1.1842e-16
4855  1.18592e-16
4856  1.1879e-16
4857  1.19016e-16
4858  1.1927e-16
4859  1.19552e-16
4860  1.19864e-16
4861  1.20205e-16
4862  1.20576e-16
4863  1.20976e-16
4864  1.21408e-16
4865  1.2187e-16
4866  1.22362e-16
4867  1.22886e-16
4868  1.2344e-16
4869  1.24025e-16
4870  1.2464e-16
4871  1.25286e-16
4872  1.25962e-16
4873  1.26668e-16
4874  1.27403e-16
4875  1.28167e-16
4876  1.2896e-16
4877  1.2978e-16
4878  1.30628e-16
4879  1.31502e-16
4880  1.32401e-16
4881  1.33326e-16
4882  1.34274e-16
4883  1.35246e-16
4884  1.36239e-16
4885  1.37253e-16
4886  1.38287e-16
4887  1.39339e-16
4888  1.40409e-16
4889  1.41494e-16
4890  1.42594e-16
4891  1.43708e-16
4892  1.44833e-16
4893  1.45969e-16
4894  1.47114e-16
4895  1.48266e-16
4896  1.49424e-16
4897  1.50586e-16
4898  1.5175e-16
4899  1.52916e-16
4900  1.54081e-16
4901  1.55243e-16
4902  1.56402e-16
4903  1.57555e-16
4904  1.587e-16
4905  1.59836e-16
4906  1.60961e-16
4907  1.62073e-16
4908  1.63171e-16
4909  1.64253e-16
4910  1.65318e-16
4911  1.66362e-16
4912  1.67386e-16
4913  1.68387e-16
4914  1.69364e-16
4915  1.70315e-16
4916  1.71239e-16
4917  1.72133e-16
4918  1.72998e-16
4919  1.7383e-16
4920  1.74629e-16
4921  1.75393e-16
4922  1.76122e-16
4923  1.76813e-16
4924  1.77466e-16
4925  1.78079e-16
4926  1.78652e-16
4927  1.79182e-16
4928  1.79671e-16
4929  1.80115e-16
4930  1.80516e-16
4931  1.80871e-16
4932  1.8118e-16
4933  1.81442e-16
4934  1.81658e-16
4935  1.81826e-16
4936  1.81945e-16
4937  1.82017e-16
4938  1.82039e-16
4939  1.82013e-16
4940  1.81937e-16
4941  1.81813e-16
4942  1.81639e-16
4943  1.81417e-16
4944  1.81145e-16
4945  1.80825e-16
4946  1.80456e-16
4947  1.8004e-16
4948  1.79576e-16
4949  1.79065e-16
4950  1.78507e-16
4951  1.77904e-16
4952  1.77256e-16
4953  1.76564e-16
4954  1.75828e-16
4955  1.7505e-16
4956  1.74231e-16
4957  1.73371e-16
4958  1.72472e-16
4959  1.71535e-16
4960  1.70561e-16
4961  1.69551e-16
4962  1.68507e-16
4963  1.6743e-16
4964  1.66321e-16
4965  1.65182e-16
4966  1.64014e-16
4967  1.62819e-16
4968  1.61599e-16
4969  1.60354e-16
4970  1.59087e-16
4971  1.57798e-16
4972  1.56491e-16
4973  1.55166e-16
4974  1.53824e-16
4975  1.52469e-16
4976  1.51101e-16
4977  1.49722e-16
4978  1.48333e-16
4979  1.46937e-16
4980  1.45535e-16
4981  1.44129e-16
4982  1.4272e-16
4983  1.4131e-16
4984  1.39901e-16
4985  1.38494e-16
4986  1.37091e-16
4987  1.35693e-16
4988  1.34302e-16
4989  1.3292e-16
4990  1.31548e-16
4991  1.30187e-16
4992  1.28839e-16
4993  1.27505e-16
4994  1.26186e-16
4995  1.24885e-16
4996  1.23601e-16
4997  1.22336e-16
4998  1.21092e-16
4999  1.19869e-16
5000  1.18668e-16
5001  1.17491e-16
5002  1.16339e-16
5003  1.15211e-16
5004  1.1411e-16
5005  1.13035e-16
5006  1.11988e-16
5007  1.10969e-16
5008  1.09979e-16
5009  1.09018e-16
5010  1.08087e-16
5011  1.07186e-16
5012  1.06316e-16
5013  1.05477e-16
5014  1.04668e-16
5015  1.03891e-16
5016  1.03145e-16
5017  1.02431e-16
5018  1.01748e-16
5019  1.01097e-16
5020  1.00477e-16
5021  9.98878e-17
5022  9.93297e-17
5023  9.88023e-17
5024  9.83052e-17
5025  9.78381e-17
5026  9.74006e-17
5027  9.69922e-17
5028  9.66124e-17
5029  9.62607e-17
5030  9.59365e-17
5031  9.56392e-17
5032  9.53681e-17
5033  9.51224e-17
5034  9.49016e-17
5035  9.47048e-17
5036  9.45312e-17
5037  9.43801e-17
5038  9.42506e-17
5039  9.41418e-17
5040  9.40528e-17
5041  9.39828e-17
5042  9.39308e-17
5043  9.3896e-17
5044  9.38773e-17
5045  9.38738e-17
5046  9.38846e-17
5047  9.39087e-17
5048  9.39451e-17
5049  9.3993e-17
5050  9.40512e-17
5051  9.41189e-17
5052  9.41951e-17
5053  9.42789e-17
5054  9.43694e-17
5055  9.44655e-17
5056  9.45665e-17
5057  9.46715e-17
5058  9.47794e-17
5059  9.48896e-17
5060  9.50011e-17
5061  9.51133e-17
5062  9.52251e-17
5063  9.53361e-17
5064  9.54452e-17
5065  9.5552e-17
5066  9.56557e-17
5067  9.57556e-17
5068  9.58512e-17
5069  9.59419e-17
5070  9.6027e-17
5071  9.61062e-17
5072  9.61789e-17
5073  9.62447e-17
5074  9.63032e-17
5075  9.63539e-17
5076  9.63967e-17
5077  9.64311e-17
5078  9.64569e-17
5079  9.64739e-17
5080  9.64819e-17
5081  9.64808e-17
5082  9.64704e-17
5083  9.64507e-17
5084  9.64216e-17
5085  9.63832e-17
5086  9.63354e-17
5087  9.62783e-17
5088  9.62121e-17
5089  9.61369e-17
5090  9.60528e-17
5091  9.596e-17
5092  9.58588e-17
5093  9.57494e-17
5094  9.56322e-17
5095  9.55074e-17
5096  9.53754e-17
5097  9.52366e-17
5098  9.50914e-17
5099  9.49401e-17
5100  9.47833e-17
5101  9.46214e-17
5102  9.44549e-17
5103  9.42843e-17
5104  9.41101e-17
5105  9.39328e-17
5106  9.37531e-17
5107  9.35714e-17
5108  9.33883e-17
5109  9.32045e-17
5110  9.30205e-17
5111  9.28369e-17
5112  9.26544e-17
5113  9.24735e-17
5114  9.22948e-17
5115  9.2119e-17
5116  9.19467e-17
5117  9.17785e-17
5118  9.1615e-17
5119  9.14569e-17
5120  9.13046e-17
5121  9.11589e-17
5122  9.10202e-17
5123  9.08893e-17
5124  9.07666e-17
5125  9.06527e-17
5126  9.05482e-17
5127  9.04536e-17
5128  9.03694e-17
5129  9.02962e-17
5130  9.02343e-17
5131  9.01844e-17
5132  9.01468e-17
5133  9.01219e-17
5134  9.01103e-17
5135  9.01123e-17
5136  9.01282e-17
5137  9.01585e-17
5138  9.02035e-17
5139  9.02635e-17
5140  9.03388e-17
5141  9.04297e-17
5142  9.05363e-17
5143  9.06591e-17
5144  9.07981e-17
5145  9.09535e-17
5146  9.11256e-17
5147  9.13144e-17
5148  9.15201e-17
5149  9.17428e-17
5150  9.19824e-17
5151  9.22392e-17
5152  9.25131e-17
5153  9.28042e-17
5154  9.31123e-17
5155  9.34376e-17
5156  9.37799e-17
5157  9.41391e-17
5158  9.45152e-17
5159  9.4908e-17
5160  9.53175e-17
5161  9.57435e-17
5162  9.61857e-17
5163  9.66441e-17
5164  9.71185e-17
5165  9.76085e-17
5166  9.81141e-17
5167  9.86348e-17
5168  9.91706e-17
5169  9.97211e-17
5170  1.00286e-16
5171  1.00865e-16
5172  1.01458e-16
5173  1.02065e-16
5174  1.02684e-16
5175  1.03317e-16
5176  1.03962e-16
5177  1.04619e-16
5178  1.05288e-16
5179  1.05969e-16
5180  1.06661e-16
5181  1.07363e-16
5182  1.08076e-16
5183  1.08799e-16
5184  1.09531e-16
5185  1.10273e-16
5186  1.11023e-16
5187  1.11782e-16
5188  1.12549e-16
5189  1.13324e-16
5190  1.14106e-16
5191  1.14895e-16
5192  1.1569e-16
5193  1.16492e-16
5194  1.17299e-16
5195  1.18112e-16
5196  1.1893e-16
5197  1.19752e-16
5198  1.20579e-16
5199  1.21409e-16
5200  1.22243e-16
5201  1.23081e-16
5202  1.23921e-16
5203  1.24763e-16
5204  1.25608e-16
5205  1.26455e-16
5206  1.27303e-16
5207  1.28152e-16
5208  1.29002e-16
5209  1.29852e-16
5210  1.30702e-16
5211  1.31553e-16
5212  1.32403e-16
5213  1.33252e-16
5214  1.341e-16
5215  1.34947e-16
5216  1.35792e-16
5217  1.36635e-16
5218  1.37477e-16
5219  1.38315e-16
5220  1.39151e-16
5221  1.39984e-16
5222  1.40814e-16
5223  1.41641e-16
5224  1.42463e-16
5225  1.43282e-16
5226  1.44097e-16
5227  1.44907e-16
5228  1.45713e-16
5229  1.46514e-16
5230  1.4731e-16
5231  1.481e-16
5232  1.48885e-16
5233  1.49665e-16
5234  1.50439e-16
5235  1.51206e-16
5236  1.51968e-16
5237  1.52723e-16
5238  1.53471e-16
5239  1.54213e-16
5240  1.54948e-16
5241  1.55676e-16
5242  1.56397e-16
5243  1.5711e-16
5244  1.57816e-16
5245  1.58514e-16
5246  1.59205e-16
5247  1.59888e-16
5248  1.60562e-16
5249  1.61229e-16
5250  1.61887e-16
5251  1.62538e-16
5252  1.63179e-16
5253  1.63812e-16
5254  1.64437e-16
5255  1.65053e-16
5256  1.6566e-16
5257  1.66259e-16
5258  1.66848e-16
5259  1.67429e-16
5260  1.68001e-16
5261  1.68563e-16
5262  1.69117e-16
5263  1.69662e-16
5264  1.70197e-16
5265  1.70724e-16
5266  1.71242e-16
5267  1.7175e-16
5268  1.7225e-16
5269  1.72741e-16
5270  1.73223e-16
5271  1.73695e-16
5272  1.7416e-16
5273  1.74615e-16
5274  1.75062e-16
5275  1.755e-16
5276  1.75929e-16
5277  1.76351e-16
5278  1.76764e-16
5279  1.77169e-16
5280  1.77565e-16
5281  1.77954e-16
5282  1.78336e-16
5283  1.78709e-16
5284  1.79076e-16
5285  1.79435e-16
5286  1.79787e-16
5287  1.80132e-16
5288  1.80471e-16
5289  1.80803e-16
5290  1.81129e-16
5291  1.81449e-16
5292  1.81763e-16
5293  1.82072e-16
5294  1.82376e-16
5295  1.82674e-16
5296  1.82968e-16
5297  1.83258e-16
5298  1.83543e-16
5299  1.83824e-16
5300  1.84102e-16
5301  1.84376e-16
5302  1.84648e-16
5303  1.84916e-16
5304  1.85182e-16
5305  1.85446e-16
5306  1.85709e-16
5307  1.85969e-16
5308  1.86229e-16
5309  1.86487e-16
5310  1.86745e-16
5311  1.87003e-16
5312  1.87261e-16
5313  1.87519e-16
5314  1.87778e-16
5315  1.88038e-16
5316  1.88299e-16
5317  1.88561e-16
5318  1.88826e-16
5319  1.89093e-16
5320  1.89362e-16
5321  1.89634e-16
5322  1.89909e-16
5323  1.90188e-16
5324  1.9047e-16
5325  1.90756e-16
5326  1.91046e-16
5327  1.9134e-16
5328  1.9164e-16
5329  1.91944e-16
5330  1.92253e-16
5331  1.92568e-16
5332  1.92888e-16
5333  1.93214e-16
5334  1.93546e-16
5335  1.93884e-16
5336  1.94228e-16
5337  1.94579e-16
5338  1.94937e-16
5339  1.95302e-16
5340  1.95673e-16
5341  1.96052e-16
5342  1.96437e-16
5343  1.96831e-16
5344  1.97231e-16
5345  1.97639e-16
5346  1.98055e-16
5347  1.98478e-16
5348  1.98909e-16
5349  1.99347e-16
5350  1.99793e-16
5351  2.00248e-16
5352  2.0071e-16
5353  2.01179e-16
5354  2.01657e-16
5355  2.02142e-16
5356  2.02635e-16
5357  2.03135e-16
5358  2.03644e-16
5359  2.0416e-16
5360  2.04683e-16
5361  2.05214e-16
5362  2.05752e-16
5363  2.06297e-16
5364  2.0685e-16
5365  2.07409e-16
5366  2.07976e-16
5367  2.08549e-16
5368  2.09129e-16
5369  2.09716e-16
5370  2.10309e-16
5371  2.10908e-16
5372  2.11513e-16
5373  2.12125e-16
5374  2.12742e-16
5375  2.13365e-16
5376  2.13993e-16
5377  2.14627e-16
5378  2.15266e-16
5379  2.1591e-16
5380  2.16558e-16
5381  2.17212e-16
5382  2.1787e-16
5383  2.18532e-16
5384  2.19198e-16
5385  2.19869e-16
5386  2.20543e-16
5387  2.21221e-16
5388  2.21902e-16
5389  2.22587e-16
5390  2.23275e-16
5391  2.23965e-16
5392  2.24659e-16
5393  2.25356e-16
5394  2.26055e-16
5395  2.26756e-16
5396  2.2746e-16
5397  2.28166e-16
5398  2.28874e-16
5399  2.29583e-16
5400  2.30295e-16
5401  2.31008e-16
5402  2.31723e-16
5403  2.32439e-16
5404  2.33156e-16
5405  2.33875e-16
5406  2.34595e-16
5407  2.35316e-16
5408  2.36038e-16
5409  2.36761e-16
5410  2.37484e-16
5411  2.38209e-16
5412  2.38934e-16
5413  2.3966e-16
5414  2.40386e-16
5415  2.41113e-16
5416  2.4184e-16
5417  2.42568e-16
5418  2.43296e-16
5419  2.44025e-16
5420  2.44754e-16
5421  2.45483e-16
5422  2.46212e-16
5423  2.46942e-16
5424  2.47672e-16
5425  2.48402e-16
5426  2.49133e-16
5427  2.49864e-16
5428  2.50594e-16
5429  2.51325e-16
5430  2.52056e-16
5431  2.52787e-16
5432  2.53519e-16
5433  2.5425e-16
5434  2.54981e-16
5435  2.55713e-16
5436  2.56444e-16
5437  2.57175e-16
5438  2.57907e-16
5439  2.58638e-16
5440  2.59368e-16
5441  2.60099e-16
5442  2.6083e-16
5443  2.6156e-16
5444  2.62289e-16
5445  2.63018e-16
5446  2.63747e-16
5447  2.64475e-16
5448  2.65202e-16
5449  2.65929e-16
5450  2.66655e-16
5451  2.67379e-16
5452  2.68103e-16
5453  2.68825e-16
5454  2.69546e-16
5455  2.70265e-16
5456  2.70982e-16
5457  2.71698e-16
5458  2.72412e-16
5459  2.73123e-16
5460  2.73833e-16
5461  2.74539e-16
5462  2.75243e-16
5463  2.75944e-16
5464  2.76642e-16
5465  2.77336e-16
5466  2.78027e-16
5467  2.78714e-16
5468  2.79396e-16
5469  2.80075e-16
5470  2.80749e-16
5471  2.81418e-16
5472  2.82081e-16
5473  2.8274e-16
5474  2.83393e-16
5475  2.84039e-16
5476  2.8468e-16
5477  2.85314e-16
5478  2.8594e-16
5479  2.8656e-16
5480  2.87173e-16
5481  2.87777e-16
5482  2.88374e-16
5483  2.88962e-16
5484  2.89541e-16
5485  2.90111e-16
5486  2.90672e-16
5487  2.91224e-16
5488  2.91765e-16
5489  2.92296e-16
5490  2.92817e-16
5491  2.93326e-16
5492  2.93825e-16
5493  2.94312e-16
5494  2.94787e-16
5495  2.9525e-16
5496  2.95701e-16
5497  2.9614e-16
5498  2.96565e-16
5499  2.96978e-16
5500  2.97377e-16
5501  2.97762e-16
5502  2.98134e-16
5503  2.98491e-16
5504  2.98834e-16
5505  2.99163e-16
5506  2.99477e-16
5507  2.99777e-16
5508  3.00061e-16
5509  3.0033e-16
5510  3.00584e-16
5511  3.00822e-16
5512  3.01045e-16
5513  3.01252e-16
5514  3.01443e-16
5515  3.01619e-16
5516  3.01778e-16
5517  3.01922e-16
5518  3.02049e-16
5519  3.0216e-16
5520  3.02256e-16
5521  3.02335e-16
5522  3.02398e-16
5523  3.02445e-16
5524  3.02476e-16
5525  3.0249e-16
5526  3.02489e-16
5527  3.02472e-16
5528  3.02439e-16
5529  3.02391e-16
5530  3.02327e-16
5531  3.02247e-16
5532  3.02152e-16
5533  3.02041e-16
5534  3.01916e-16
5535  3.01775e-16
5536  3.0162e-16
5537  3.0145e-16
5538  3.01265e-16
5539  3.01066e-16
5540  3.00853e-16
5541  3.00626e-16
5542  3.00385e-16
5543  3.00131e-16
5544  2.99863e-16
5545  2.99582e-16
5546  2.99288e-16
5547  2.98981e-16
5548  2.98662e-16
5549  2.9833e-16
5550  2.97986e-16
5551  2.9763e-16
5552  2.97263e-16
5553  2.96883e-16
5554  2.96493e-16
5555  2.96091e-16
5556  2.95678e-16
5557  2.95254e-16
5558  2.9482e-16
5559  2.94375e-16
5560  2.93919e-16
5561  2.93454e-16
5562  2.92978e-16
5563  2.92493e-16
5564  2.91997e-16
5565  2.91492e-16
5566  2.90978e-16
5567  2.90453e-16
5568  2.8992e-16
5569  2.89377e-16
5570  2.88825e-16
5571  2.88264e-16
5572  2.87693e-16
5573  2.87114e-16
5574  2.86525e-16
5575  2.85927e-16
5576  2.8532e-16
5577  2.84704e-16
5578  2.84079e-16
5579  2.83444e-16
5580  2.82801e-16
5581  2.82148e-16
5582  2.81486e-16
5583  2.80814e-16
5584  2.80133e-16
5585  2.79442e-16
5586  2.78741e-16
5587  2.78031e-16
5588  2.77311e-16
5589  2.7658e-16
5590  2.7584e-16
5591  2.75089e-16
5592  2.74327e-16
5593  2.73555e-16
5594  2.72772e-16
5595  2.71978e-16
5596  2.71173e-16
5597  2.70357e-16
5598  2.69529e-16
5599  2.6869e-16
5600  2.67839e-16
5601  2.66976e-16
5602  2.66102e-16
5603  2.65214e-16
5604  2.64315e-16
5605  2.63403e-16
5606  2.62479e-16
5607  2.61542e-16
5608  2.60592e-16
5609  2.59629e-16
5610  2.58653e-16
5611  2.57664e-16
5612  2.56662e-16
5613  2.55647e-16
5614  2.54619e-16
5615  2.53577e-16
5616  2.52522e-16
5617  2.51454e-16
5618  2.50373e-16
5619  2.49278e-16
5620  2.48171e-16
5621  2.4705e-16
5622  2.45917e-16
5623  2.44771e-16
5624  2.43613e-16
5625  2.42442e-16
5626  2.41259e-16
5627  2.40064e-16
5628  2.38858e-16
5629  2.3764e-16
5630  2.36411e-16
5631  2.35171e-16
5632  2.33921e-16
5633  2.32661e-16
5634  2.31391e-16
5635  2.30113e-16
5636  2.28825e-16
5637  2.2753e-16
5638  2.26226e-16
5639  2.24916e-16
5640  2.23599e-16
5641  2.22276e-16
5642  2.20947e-16
5643  2.19614e-16
5644  2.18277e-16
5645  2.16936e-16
5646  2.15593e-16
5647  2.14247e-16
5648  2.12901e-16
5649  2.11554e-16
5650  2.10207e-16
5651  2.08861e-16
5652  2.07517e-16
5653  2.06176e-16
5654  2.04838e-16
5655  2.03505e-16
5656  2.02177e-16
5657  2.00855e-16
5658  1.99541e-16
5659  1.98234e-16
5660  1.96936e-16
5661  1.95648e-16
5662  1.9437e-16
5663  1.93104e-16
5664  1.91851e-16
5665  1.9061e-16
5666  1.89384e-16
5667  1.88174e-16
5668  1.86979e-16
5669  1.85801e-16
5670  1.84641e-16
5671  1.835e-16
5672  1.82378e-16
5673  1.81276e-16
5674  1.80196e-16
5675  1.79138e-16
5676  1.78102e-16
5677  1.7709e-16
5678  1.76102e-16
5679  1.7514e-16
5680  1.74202e-16
5681  1.73292e-16
5682  1.72408e-16
5683  1.71552e-16
5684  1.70724e-16
5685  1.69925e-16
5686  1.69155e-16
5687  1.68415e-16
5688  1.67705e-16
5689  1.67026e-16
5690  1.66377e-16
5691  1.65761e-16
5692  1.65175e-16
5693  1.64622e-16
5694  1.64101e-16
5695  1.63613e-16
5696  1.63157e-16
5697  1.62733e-16
5698  1.62343e-16
5699  1.61985e-16
5700  1.6166e-16
5701  1.61368e-16
5702  1.61108e-16
5703  1.60881e-16
5704  1.60687e-16
5705  1.60524e-16
5706  1.60394e-16
5707  1.60295e-16
5708  1.60228e-16
5709  1.60192e-16
5710  1.60186e-16
5711  1.60211e-16
5712  1.60265e-16
5713  1.60348e-16
5714  1.60461e-16
5715  1.60601e-16
5716  1.60769e-16
5717  1.60964e-16
5718  1.61186e-16
5719  1.61433e-16
5720  1.61705e-16
5721  1.62002e-16
5722  1.62322e-16
5723  1.62665e-16
5724  1.6303e-16
5725  1.63416e-16
5726  1.63822e-16
5727  1.64249e-16
5728  1.64693e-16
5729  1.65156e-16
5730  1.65636e-16
5731  1.66132e-16
5732  1.66644e-16
5733  1.6717e-16
5734  1.6771e-16
5735  1.68262e-16
5736  1.68826e-16
5737  1.69402e-16
5738  1.69987e-16
5739  1.70582e-16
5740  1.71185e-16
5741  1.71796e-16
5742  1.72414e-16
5743  1.73038e-16
5744  1.73667e-16
5745  1.743e-16
5746  1.74938e-16
5747  1.75578e-16
5748  1.7622e-16
5749  1.76865e-16
5750  1.7751e-16
5751  1.78155e-16
5752  1.788e-16
5753  1.79445e-16
5754  1.80087e-16
5755  1.80728e-16
5756  1.81366e-16
5757  1.82002e-16
5758  1.82633e-16
5759  1.83262e-16
5760  1.83885e-16
5761  1.84505e-16
5762  1.85119e-16
5763  1.85729e-16
5764  1.86333e-16
5765  1.86931e-16
5766  1.87524e-16
5767  1.8811e-16
5768  1.88691e-16
5769  1.89266e-16
5770  1.89834e-16
5771  1.90396e-16
5772  1.90952e-16
5773  1.91502e-16
5774  1.92046e-16
5775  1.92583e-16
5776  1.93115e-16
5777  1.93641e-16
5778  1.94162e-16
5779  1.94677e-16
5780  1.95187e-16
5781  1.95692e-16
5782  1.96193e-16
5783  1.96689e-16
5784  1.97181e-16
5785  1.9767e-16
5786  1.98155e-16
5787  1.98637e-16
5788  1.99116e-16
5789  1.99593e-16
5790  2.00068e-16
5791  2.00542e-16
5792  2.01014e-16
5793  2.01486e-16
5794  2.01957e-16
5795  2.02428e-16
5796  2.029e-16
5797  2.03372e-16
5798  2.03846e-16
5799  2.04321e-16
5800  2.04798e-16
5801  2.05277e-16
5802  2.05759e-16
5803  2.06244e-16
5804  2.06732e-16
5805  2.07224e-16
5806  2.0772e-16
5807  2.0822e-16
5808  2.08724e-16
5809  2.09233e-16
5810  2.09747e-16
5811  2.10266e-16
5812  2.1079e-16
5813  2.11319e-16
5814  2.11854e-16
5815  2.12394e-16
5816  2.1294e-16
5817  2.13492e-16
5818  2.14049e-16
5819  2.14611e-16
5820  2.15179e-16
5821  2.15753e-16
5822  2.16331e-16
5823  2.16915e-16
5824  2.17503e-16
5825  2.18096e-16
5826  2.18693e-16
5827  2.19294e-16
5828  2.19899e-16
5829  2.20507e-16
5830  2.21118e-16
5831  2.21731e-16
5832  2.22347e-16
5833  2.22963e-16
5834  2.23581e-16
5835  2.24199e-16
5836  2.24817e-16
5837  2.25434e-16
5838  2.2605e-16
5839  2.26663e-16
5840  2.27273e-16
5841  2.2788e-16
5842  2.28483e-16
5843  2.29081e-16
5844  2.29672e-16
5845  2.30257e-16
5846  2.30835e-16
5847  2.31404e-16
5848  2.31964e-16
5849  2.32515e-16
5850  2.33054e-16
5851  2.33581e-16
5852  2.34096e-16
5853  2.34598e-16
5854  2.35085e-16
5855  2.35557e-16
5856  2.36013e-16
5857  2.36451e-16
5858  2.36872e-16
5859  2.37274e-16
5860  2.37656e-16
5861  2.38018e-16
5862  2.38358e-16
5863  2.38677e-16
5864  2.38972e-16
5865  2.39244e-16
5866  2.39491e-16
5867  2.39712e-16
5868  2.39908e-16
5869  2.40077e-16
5870  2.40219e-16
5871  2.40332e-16
5872  2.40417e-16
5873  2.40473e-16
5874  2.40498e-16
5875  2.40494e-16
5876  2.40458e-16
5877  2.40392e-16
5878  2.40293e-16
5879  2.40163e-16
5880  2.4e-16
5881  2.39804e-16
5882  2.39575e-16
5883  2.39313e-16
5884  2.39018e-16
5885  2.38689e-16
5886  2.38327e-16
5887  2.37931e-16
5888  2.37501e-16
5889  2.37037e-16
5890  2.3654e-16
5891  2.3601e-16
5892  2.35446e-16
5893  2.34849e-16
5894  2.3422e-16
5895  2.33558e-16
5896  2.32864e-16
5897  2.32138e-16
5898  2.3138e-16
5899  2.30592e-16
5900  2.29774e-16
5901  2.28925e-16
5902  2.28048e-16
5903  2.27142e-16
5904  2.26208e-16
5905  2.25246e-16
5906  2.24258e-16
5907  2.23245e-16
5908  2.22206e-16
5909  2.21143e-16
5910  2.20057e-16
5911  2.18949e-16
5912  2.17819e-16
5913  2.16668e-16
5914  2.15497e-16
5915  2.14308e-16
5916  2.13102e-16
5917  2.11878e-16
5918  2.10639e-16
5919  2.09385e-16
5920  2.08118e-16
5921  2.06838e-16
5922  2.05547e-16
5923  2.04245e-16
5924  2.02934e-16
5925  2.01614e-16
5926  2.00288e-16
5927  1.98955e-16
5928  1.97617e-16
5929  1.96276e-16
5930  1.94931e-16
5931  1.93585e-16
5932  1.92238e-16
5933  1.90891e-16
5934  1.89545e-16
5935  1.88202e-16
5936  1.86862e-16
5937  1.85527e-16
5938  1.84196e-16
5939  1.82872e-16
5940  1.81555e-16
5941  1.80246e-16
5942  1.78946e-16
5943  1.77656e-16
5944  1.76376e-16
5945  1.75108e-16
5946  1.73852e-16
5947  1.72609e-16
5948  1.7138e-16
5949  1.70165e-16
5950  1.68965e-16
5951  1.6778e-16
5952  1.66612e-16
5953  1.65461e-16
5954  1.64327e-16
5955  1.63211e-16
5956  1.62114e-16
5957  1.61035e-16
5958  1.59976e-16
5959  1.58936e-16
5960  1.57915e-16
5961  1.56916e-16
5962  1.55936e-16
5963  1.54978e-16
5964  1.5404e-16
5965  1.53124e-16
5966  1.52229e-16
5967  1.51355e-16
5968  1.50503e-16
5969  1.49672e-16
5970  1.48863e-16
5971  1.48076e-16
5972  1.4731e-16
5973  1.46566e-16
5974  1.45843e-16
5975  1.45142e-16
5976  1.44462e-16
5977  1.43803e-16
5978  1.43164e-16
5979  1.42547e-16
5980  1.4195e-16
5981  1.41373e-16
5982  1.40816e-16
5983  1.40279e-16
5984  1.39761e-16
5985  1.39263e-16
5986  1.38783e-16
5987  1.38321e-16
5988  1.37878e-16
5989  1.37452e-16
5990  1.37043e-16
5991  1.36652e-16
5992  1.36276e-16
5993  1.35917e-16
5994  1.35574e-16
5995  1.35245e-16
5996  1.34932e-16
5997  1.34632e-16
5998  1.34347e-16
5999  1.34075e-16
6000  1.33816e-16
6001  1.33569e-16
6002  1.33335e-16
6003  1.33112e-16
6004  1.329e-16
6005  1.32698e-16
6006  1.32507e-16
6007  1.32326e-16
6008  1.32154e-16
6009  1.31991e-16
6010  1.31836e-16
6011  1.31689e-16
6012  1.31549e-16
6013  1.31417e-16
6014  1.31291e-16
6015  1.31171e-16
6016  1.31057e-16
6017  1.30948e-16
6018  1.30845e-16
6019  1.30746e-16
6020  1.30651e-16
6021  1.3056e-16
6022  1.30472e-16
6023  1.30387e-16
6024  1.30305e-16
6025  1.30226e-16
6026  1.30148e-16
6027  1.30073e-16
6028  1.29998e-16
6029  1.29925e-16
6030  1.29853e-16
6031  1.29781e-16
6032  1.29709e-16
6033  1.29638e-16
6034  1.29566e-16
6035  1.29494e-16
6036  1.29421e-16
6037  1.29348e-16
6038  1.29273e-16
6039  1.29197e-16
6040  1.2912e-16
6041  1.29041e-16
6042  1.2896e-16
6043  1.28878e-16
6044  1.28793e-16
6045  1.28707e-16
6046  1.28619e-16
6047  1.28528e-16
6048  1.28435e-16
6049  1.2834e-16
6050  1.28242e-16
6051  1.28142e-16
6052  1.28039e-16
6053  1.27934e-16
6054  1.27827e-16
6055  1.27718e-16
6056  1.27606e-16
6057  1.27492e-16
6058  1.27375e-16
6059  1.27257e-16
6060  1.27137e-16
6061  1.27015e-16
6062  1.26891e-16
6063  1.26765e-16
6064  1.26639e-16
6065  1.26511e-16
6066  1.26381e-16
6067  1.26251e-16
6068  1.26121e-16
6069  1.25989e-16
6070  1.25858e-16
6071  1.25727e-16
6072  1.25596e-16
6073  1.25465e-16
6074  1.25336e-16
6075  1.25208e-16
6076  1.25081e-16
6077  1.24955e-16
6078  1.24832e-16
6079  1.24712e-16
6080  1.24594e-16
6081  1.24479e-16
6082  1.24368e-16
6083  1.2426e-16
6084  1.24157e-16
6085  1.24059e-16
6086  1.23965e-16
6087  1.23877e-16
6088  1.23794e-16
6089  1.23718e-16
6090  1.23648e-16
6091  1.23585e-16
6092  1.2353e-16
6093  1.23482e-16
6094  1.23442e-16
6095  1.23411e-16
6096  1.23389e-16
6097  1.23376e-16
6098  1.23372e-16
6099  1.23379e-16
6100  1.23396e-16
6101  1.23424e-16
6102  1.23463e-16
6103  1.23513e-16
6104  1.23575e-16
6105  1.2365e-16
6106  1.23736e-16
6107  1.23835e-16
6108  1.23947e-16
6109  1.24073e-16
6110  1.24211e-16
6111  1.24364e-16
6112  1.2453e-16
6113  1.2471e-16
6114  1.24904e-16
6115  1.25112e-16
6116  1.25335e-16
6117  1.25572e-16
6118  1.25824e-16
6119  1.2609e-16
6120  1.2637e-16
6121  1.26666e-16
6122  1.26975e-16
6123  1.27299e-16
6124  1.27637e-16
6125  1.2799e-16
6126  1.28356e-16
6127  1.28736e-16
6128  1.29129e-16
6129  1.29536e-16
6130  1.29956e-16
6131  1.30389e-16
6132  1.30834e-16
6133  1.31291e-16
6134  1.31759e-16
6135  1.32239e-16
6136  1.32729e-16
6137  1.33229e-16
6138  1.3374e-16
6139  1.34259e-16
6140  1.34787e-16
6141  1.35323e-16
6142  1.35866e-16
6143  1.36416e-16
6144  1.36972e-16
6145  1.37533e-16
6146  1.38099e-16
6147  1.38669e-16
6148  1.39242e-16
6149  1.39817e-16
6150  1.40395e-16
6151  1.40973e-16
6152  1.4155e-16
6153  1.42128e-16
6154  1.42703e-16
6155  1.43276e-16
6156  1.43846e-16
6157  1.44411e-16
6158  1.44972e-16
6159  1.45526e-16
6160  1.46074e-16
6161  1.46615e-16
6162  1.47146e-16
6163  1.47669e-16
6164  1.48181e-16
6165  1.48683e-16
6166  1.49172e-16
6167  1.49649e-16
6168  1.50113e-16
6169  1.50562e-16
6170  1.50997e-16
6171  1.51416e-16
6172  1.51818e-16
6173  1.52204e-16
6174  1.52571e-16
6175  1.5292e-16
6176  1.53251e-16
6177  1.53561e-16
6178  1.53852e-16
6179  1.54122e-16
6180  1.5437e-16
6181  1.54597e-16
6182  1.54802e-16
6183  1.54985e-16
6184  1.55144e-16
6185  1.55281e-16
6186  1.55394e-16
6187  1.55484e-16
6188  1.5555e-16
6189  1.55592e-16
6190  1.55609e-16
6191  1.55603e-16
6192  1.55573e-16
6193  1.55518e-16
6194  1.5544e-16
6195  1.55338e-16
6196  1.55212e-16
6197  1.55062e-16
6198  1.54889e-16
6199  1.54693e-16
6200  1.54474e-16
6201  1.54233e-16
6202  1.53969e-16
6203  1.53685e-16
6204  1.53379e-16
6205  1.53053e-16
6206  1.52706e-16
6207  1.52341e-16
6208  1.51956e-16
6209  1.51554e-16
6210  1.51134e-16
6211  1.50697e-16
6212  1.50245e-16
6213  1.49777e-16
6214  1.49295e-16
6215  1.488e-16
6216  1.48292e-16
6217  1.47772e-16
6218  1.47241e-16
6219  1.467e-16
6220  1.4615e-16
6221  1.45593e-16
6222  1.45027e-16
6223  1.44456e-16
6224  1.4388e-16
6225  1.43299e-16
6226  1.42715e-16
6227  1.42129e-16
6228  1.41541e-16
6229  1.40953e-16
6230  1.40366e-16
6231  1.3978e-16
6232  1.39197e-16
6233  1.38618e-16
6234  1.38043e-16
6235  1.37473e-16
6236  1.3691e-16
6237  1.36354e-16
6238  1.35806e-16
6239  1.35267e-16
6240  1.34738e-16
6241  1.3422e-16
6242  1.33713e-16
6243  1.33218e-16
6244  1.32736e-16
6245  1.32268e-16
6246  1.31814e-16
6247  1.31376e-16
6248  1.30952e-16
6249  1.30545e-16
6250  1.30155e-16
6251  1.29782e-16
6252  1.29427e-16
6253  1.2909e-16
6254  1.28772e-16
6255  1.28473e-16
6256  1.28193e-16
6257  1.27934e-16
6258  1.27694e-16
6259  1.27474e-16
6260  1.27275e-16
6261  1.27096e-16
6262  1.26938e-16
6263  1.26802e-16
6264  1.26686e-16
6265  1.26591e-16
6266  1.26517e-16
6267  1.26464e-16
6268  1.26432e-16
6269  1.2642e-16
6270  1.2643e-16
6271  1.2646e-16
6272  1.2651e-16
6273  1.2658e-16
6274  1.2667e-16
6275  1.2678e-16
6276  1.2691e-16
6277  1.27058e-16
6278  1.27225e-16
6279  1.2741e-16
6280  1.27613e-16
6281  1.27834e-16
6282  1.28072e-16
6283  1.28327e-16
6284  1.28598e-16
6285  1.28885e-16
6286  1.29188e-16
6287  1.29505e-16
6288  1.29837e-16
6289  1.30183e-16
6290  1.30542e-16
6291  1.30915e-16
6292  1.313e-16
6293  1.31697e-16
6294  1.32106e-16
6295  1.32526e-16
6296  1.32956e-16
6297  1.33397e-16
6298  1.33847e-16
6299  1.34307e-16
6300  1.34775e-16
6301  1.35252e-16
6302  1.35736e-16
6303  1.36228e-16
6304  1.36727e-16
6305  1.37233e-16
6306  1.37745e-16
6307  1.38263e-16
6308  1.38786e-16
6309  1.39315e-16
6310  1.39848e-16
6311  1.40387e-16
6312  1.40929e-16
6313  1.41475e-16
6314  1.42026e-16
6315  1.42579e-16
6316  1.43136e-16
6317  1.43697e-16
6318  1.4426e-16
6319  1.44826e-16
6320  1.45395e-16
6321  1.45966e-16
6322  1.4654e-16
6323  1.47116e-16
6324  1.47694e-16
6325  1.48275e-16
6326  1.48858e-16
6327  1.49443e-16
6328  1.5003e-16
6329  1.5062e-16
6330  1.51212e-16
6331  1.51806e-16
6332  1.52403e-16
6333  1.53002e-16
6334  1.53604e-16
6335  1.54208e-16
6336  1.54815e-16
6337  1.55425e-16
6338  1.56038e-16
6339  1.56654e-16
6340  1.57274e-16
6341  1.57897e-16
6342  1.58523e-16
6343  1.59153e-16
6344  1.59787e-16
6345  1.60425e-16
6346  1.61067e-16
6347  1.61714e-16
6348  1.62365e-16
6349  1.6302e-16
6350  1.6368e-16
6351  1.64346e-16
6352  1.65016e-16
6353  1.65692e-16
6354  1.66373e-16
6355  1.67059e-16
6356  1.67751e-16
6357  1.68449e-16
6358  1.69152e-16
6359  1.69861e-16
6360  1.70577e-16
6361  1.71298e-16
6362  1.72025e-16
6363  1.72758e-16
6364  1.73497e-16
6365  1.74243e-16
6366  1.74994e-16
6367  1.75752e-16
6368  1.76515e-16
6369  1.77285e-16
6370  1.7806e-16
6371  1.78841e-16
6372  1.79628e-16
6373  1.8042e-16
6374  1.81218e-16
6375  1.82022e-16
6376  1.8283e-16
6377  1.83643e-16
6378  1.84461e-16
6379  1.85284e-16
6380  1.86111e-16
6381  1.86942e-16
6382  1.87778e-16
6383  1.88616e-16
6384  1.89458e-16
6385  1.90303e-16
6386  1.91151e-16
6387  1.92002e-16
6388  1.92854e-16
6389  1.93708e-16
6390  1.94564e-16
6391  1.95421e-16
6392  1.96279e-16
6393  1.97137e-16
6394  1.97995e-16
6395  1.98852e-16
6396  1.99709e-16
6397  2.00565e-16
6398  2.0142e-16
6399  2.02272e-16
6400  2.03123e-16
6401  2.0397e-16
6402  2.04815e-16
6403  2.05656e-16
6404  2.06494e-16
6405  2.07327e-16
6406  2.08156e-16
6407  2.0898e-16
6408  2.09799e-16
6409  2.10612e-16
6410  2.11419e-16
6411  2.1222e-16
6412  2.13014e-16
6413  2.13802e-16
6414  2.14582e-16
6415  2.15354e-16
6416  2.16119e-16
6417  2.16875e-16
6418  2.17623e-16
6419  2.18363e-16
6420  2.19093e-16
6421  2.19815e-16
6422  2.20527e-16
6423  2.2123e-16
6424  2.21923e-16
6425  2.22606e-16
6426  2.23279e-16
6427  2.23942e-16
6428  2.24595e-16
6429  2.25237e-16
6430  2.25869e-16
6431  2.26491e-16
6432  2.27102e-16
6433  2.27703e-16
6434  2.28292e-16
6435  2.28872e-16
6436  2.2944e-16
6437  2.29999e-16
6438  2.30546e-16
6439  2.31083e-16
6440  2.3161e-16
6441  2.32127e-16
6442  2.32633e-16
6443  2.33129e-16
6444  2.33615e-16
6445  2.34092e-16
6446  2.34558e-16
6447  2.35015e-16
6448  2.35463e-16
6449  2.35901e-16
6450  2.36331e-16
6451  2.36751e-16
6452  2.37163e-16
6453  2.37567e-16
6454  2.37962e-16
6455  2.38349e-16
6456  2.38729e-16
6457  2.391e-16
6458  2.39465e-16
6459  2.39822e-16
6460  2.40172e-16
6461  2.40516e-16
6462  2.40853e-16
6463  2.41184e-16
6464  2.41508e-16
6465  2.41827e-16
6466  2.4214e-16
6467  2.42448e-16
6468  2.4275e-16
6469  2.43048e-16
6470  2.4334e-16
6471  2.43628e-16
6472  2.43911e-16
6473  2.4419e-16
6474  2.44464e-16
6475  2.44734e-16
6476  2.45001e-16
6477  2.45263e-16
6478  2.45522e-16
6479  2.45777e-16
6480  2.46028e-16
6481  2.46276e-16
6482  2.4652e-16
6483  2.4676e-16
6484  2.46997e-16
6485  2.47231e-16
6486  2.47461e-16
6487  2.47688e-16
6488  2.47911e-16
6489  2.48131e-16
6490  2.48347e-16
6491  2.48559e-16
6492  2.48767e-16
6493  2.48972e-16
6494  2.49172e-16
6495  2.49369e-16
6496  2.49561e-16
6497  2.49748e-16
6498  2.49931e-16
6499  2.50109e-16
6500  2.50282e-16
6501  2.5045e-16
6502  2.50612e-16
6503  2.50768e-16
6504  2.50919e-16
6505  2.51064e-16
6506  2.51202e-16
6507  2.51334e-16
6508  2.51458e-16
6509  2.51576e-16
6510  2.51686e-16
6511  2.51788e-16
6512  2.51883e-16
6513  2.51969e-16
6514  2.52046e-16
6515  2.52115e-16
6516  2.52175e-16
6517  2.52225e-16
6518  2.52266e-16
6519  2.52296e-16
6520  2.52317e-16
6521  2.52326e-16
6522  2.52326e-16
6523  2.52314e-16
6524  2.5229e-16
6525  2.52256e-16
6526  2.52209e-16
6527  2.52151e-16
6528  2.5208e-16
6529  2.51997e-16
6530  2.51901e-16
6531  2.51793e-16
6532  2.51671e-16
6533  2.51537e-16
6534  2.51389e-16
6535  2.51227e-16
6536  2.51052e-16
6537  2.50864e-16
6538  2.50661e-16
6539  2.50445e-16
6540  2.50215e-16
6541  2.49971e-16
6542  2.49714e-16
6543  2.49442e-16
6544  2.49156e-16
6545  2.48856e-16
6546  2.48542e-16
6547  2.48215e-16
6548  2.47874e-16
6549  2.47519e-16
6550  2.4715e-16
6551  2.46768e-16
6552  2.46372e-16
6553  2.45964e-16
6554  2.45542e-16
6555  2.45107e-16
6556  2.4466e-16
6557  2.442e-16
6558  2.43728e-16
6559  2.43244e-16
6560  2.42748e-16
6561  2.42241e-16
6562  2.41722e-16
6563  2.41192e-16
6564  2.40652e-16
6565  2.40101e-16
6566  2.3954e-16
6567  2.38969e-16
6568  2.38389e-16
6569  2.378e-16
6570  2.37201e-16
6571  2.36595e-16
6572  2.3598e-16
6573  2.35357e-16
6574  2.34727e-16
6575  2.34089e-16
6576  2.33445e-16
6577  2.32794e-16
6578  2.32137e-16
6579  2.31475e-16
6580  2.30807e-16
6581  2.30133e-16
6582  2.29455e-16
6583  2.28773e-16
6584  2.28086e-16
6585  2.27396e-16
6586  2.26702e-16
6587  2.26004e-16
6588  2.25304e-16
6589  2.24601e-16
6590  2.23895e-16
6591  2.23188e-16
6592  2.22478e-16
6593  2.21767e-16
6594  2.21054e-16
6595  2.2034e-16
6596  2.19625e-16
6597  2.18908e-16
6598  2.18192e-16
6599  2.17474e-16
6600  2.16756e-16
6601  2.16038e-16
6602  2.15319e-16
6603  2.14601e-16
6604  2.13882e-16
6605  2.13163e-16
6606  2.12445e-16
6607  2.11727e-16
6608  2.11008e-16
6609  2.1029e-16
6610  2.09572e-16
6611  2.08854e-16
6612  2.08137e-16
6613  2.07419e-16
6614  2.06701e-16
6615  2.05984e-16
6616  2.05266e-16
6617  2.04548e-16
6618  2.03829e-16
6619  2.03111e-16
6620  2.02391e-16
6621  2.01671e-16
6622  2.00951e-16
6623  2.00229e-16
6624  1.99506e-16
6625  1.98782e-16
6626  1.98057e-16
6627  1.9733e-16
6628  1.96601e-16
6629  1.95871e-16
6630  1.95138e-16
6631  1.94403e-16
6632  1.93666e-16
6633  1.92926e-16
6634  1.92183e-16
6635  1.91438e-16
6636  1.90689e-16
6637  1.89937e-16
6638  1.89182e-16
6639  1.88423e-16
6640  1.8766e-16
6641  1.86894e-16
6642  1.86123e-16
6643  1.85349e-16
6644  1.8457e-16
6645  1.83787e-16
6646  1.82999e-16
6647  1.82207e-16
6648  1.8141e-16
6649  1.80608e-16
6650  1.79802e-16
6651  1.78991e-16
6652  1.78175e-16
6653  1.77354e-16
6654  1.76528e-16
6655  1.75698e-16
6656  1.74862e-16
6657  1.74022e-16
6658  1.73177e-16
6659  1.72328e-16
6660  1.71474e-16
6661  1.70616e-16
6662  1.69753e-16
6663  1.68886e-16
6664  1.68015e-16
6665  1.6714e-16
6666  1.66261e-16
6667  1.65379e-16
6668  1.64493e-16
6669  1.63604e-16
6670  1.62713e-16
6671  1.61818e-16
6672  1.60922e-16
6673  1.60023e-16
6674  1.59122e-16
6675  1.5822e-16
6676  1.57317e-16
6677  1.56413e-16
6678  1.55508e-16
6679  1.54603e-16
6680  1.53698e-16
6681  1.52793e-16
6682  1.51889e-16
6683  1.50987e-16
6684  1.50086e-16
6685  1.49187e-16
6686  1.4829e-16
6687  1.47396e-16
6688  1.46505e-16
6689  1.45618e-16
6690  1.44734e-16
6691  1.43855e-16
6692  1.4298e-16
6693  1.42111e-16
6694  1.41247e-16
6695  1.40389e-16
6696  1.39538e-16
6697  1.38693e-16
6698  1.37855e-16
6699  1.37024e-16
6700  1.36202e-16
6701  1.35387e-16
6702  1.34581e-16
6703  1.33784e-16
6704  1.32996e-16
6705  1.32218e-16
6706  1.3145e-16
6707  1.30691e-16
6708  1.29944e-16
6709  1.29207e-16
6710  1.28481e-16
6711  1.27767e-16
6712  1.27064e-16
6713  1.26373e-16
6714  1.25694e-16
6715  1.25027e-16
6716  1.24373e-16
6717  1.23732e-16
6718  1.23103e-16
6719  1.22487e-16
6720  1.21885e-16
6721  1.21295e-16
6722  1.20719e-16
6723  1.20157e-16
6724  1.19608e-16
6725  1.19072e-16
6726  1.18551e-16
6727  1.18042e-16
6728  1.17548e-16
6729  1.17067e-16
6730  1.166e-16
6731  1.16147e-16
6732  1.15707e-16
6733  1.15281e-16
6734  1.14868e-16
6735  1.14469e-16
6736  1.14083e-16
6737  1.1371e-16
6738  1.13351e-16
6739  1.13004e-16
6740  1.1267e-16
6741  1.12349e-16
6742  1.1204e-16
6743  1.11744e-16
6744  1.1146e-16
6745  1.11188e-16
6746  1.10927e-16
6747  1.10678e-16
6748  1.10441e-16
6749  1.10215e-16
6750  1.09999e-16
6751  1.09794e-16
6752  1.096e-16
6753  1.09416e-16
6754  1.09242e-16
6755  1.09077e-16
6756  1.08922e-16
6757  1.08777e-16
6758  1.0864e-16
6759  1.08512e-16
6760  1.08392e-16
6761  1.08281e-16
6762  1.08177e-16
6763  1.08082e-16
6764  1.07993e-16
6765  1.07912e-16
6766  1.07838e-16
6767  1.07771e-16
6768  1.0771e-16
6769  1.07655e-16
6770  1.07607e-16
6771  1.07564e-16
6772  1.07527e-16
6773  1.07495e-16
6774  1.07468e-16
6775  1.07446e-16
6776  1.07429e-16
6777  1.07416e-16
6778  1.07408e-16
6779  1.07403e-16
6780  1.07403e-16
6781  1.07407e-16
6782  1.07414e-16
6783  1.07424e-16
6784  1.07438e-16
6785  1.07454e-16
6786  1.07474e-16
6787  1.07497e-16
6788  1.07522e-16
6789  1.0755e-16
6790  1.0758e-16
6791  1.07612e-16
6792  1.07647e-16
6793  1.07684e-16
6794  1.07722e-16
6795  1.07762e-16
6796  1.07804e-16
6797  1.07848e-16
6798  1.07893e-16
6799  1.0794e-16
6800  1.07988e-16
6801  1.08037e-16
6802  1.08087e-16
6803  1.08139e-16
6804  1.08191e-16
6805  1.08244e-16
6806  1.08299e-16
6807  1.08353e-16
6808  1.08409e-16
6809  1.08465e-16
6810  1.08521e-16
6811  1.08578e-16
6812  1.08635e-16
6813  1.08692e-16
6814  1.0875e-16
6815  1.08807e-16
6816  1.08865e-16
6817  1.08922e-16
6818  1.08979e-16
6819  1.09036e-16
6820  1.09092e-16
6821  1.09148e-16
6822  1.09203e-16
6823  1.09257e-16
6824  1.09311e-16
6825  1.09363e-16
6826  1.09414e-16
6827  1.09464e-16
6828  1.09513e-16
6829  1.0956e-16
6830  1.09606e-16
6831  1.0965e-16
6832  1.09692e-16
6833  1.09732e-16
6834  1.0977e-16
6835  1.09805e-16
6836  1.09839e-16
6837  1.09869e-16
6838  1.09897e-16
6839  1.09922e-16
6840  1.09944e-16
6841  1.09962e-16
6842  1.09978e-16
6843  1.0999e-16
6844  1.09998e-16
6845  1.10002e-16
6846  1.10003e-16
6847  1.09999e-16
6848  1.09991e-16
6849  1.09979e-16
6850  1.09962e-16
6851  1.09941e-16
6852  1.09915e-16
6853  1.09884e-16
6854  1.09847e-16
6855  1.09806e-16
6856  1.09759e-16
6857  1.09707e-16
6858  1.09649e-16
6859  1.09586e-16
6860  1.09517e-16
6861  1.09442e-16
6862  1.09361e-16
6863  1.09274e-16
6864  1.09181e-16
6865  1.09082e-16
6866  1.08977e-16
6867  1.08865e-16
6868  1.08748e-16
6869  1.08624e-16
6870  1.08493e-16
6871  1.08357e-16
6872  1.08214e-16
6873  1.08065e-16
6874  1.07909e-16
6875  1.07748e-16
6876  1.0758e-16
6877  1.07406e-16
6878  1.07226e-16
6879  1.07039e-16
6880  1.06847e-16
6881  1.0665e-16
6882  1.06446e-16
6883  1.06237e-16
6884  1.06022e-16
6885  1.05802e-16
6886  1.05577e-16
6887  1.05347e-16
6888  1.05112e-16
6889  1.04872e-16
6890  1.04628e-16
6891  1.04379e-16
6892  1.04126e-16
6893  1.0387e-16
6894  1.03609e-16
6895  1.03345e-16
6896  1.03078e-16
6897  1.02808e-16
6898  1.02535e-16
6899  1.02259e-16
6900  1.01982e-16
6901  1.01702e-16
6902  1.0142e-16
6903  1.01137e-16
6904  1.00852e-16
6905  1.00567e-16
6906  1.00281e-16
6907  9.99943e-17
6908  9.97075e-17
6909  9.94208e-17
6910  9.91344e-17
6911  9.88487e-17
6912  9.85638e-17
6913  9.82802e-17
6914  9.79979e-17
6915  9.77173e-17
6916  9.74386e-17
6917  9.7162e-17
6918  9.68879e-17
6919  9.66165e-17
6920  9.63479e-17
6921  9.60825e-17
6922  9.58204e-17
6923  9.55618e-17
6924  9.5307e-17
6925  9.50561e-17
6926  9.48094e-17
6927  9.4567e-17
6928  9.4329e-17
6929  9.40957e-17
6930  9.38672e-17
6931  9.36436e-17
6932  9.34251e-17
6933  9.32118e-17
6934  9.30037e-17
6935  9.2801e-17
6936  9.26038e-17
6937  9.24121e-17
6938  9.2226e-17
6939  9.20455e-17
6940  9.18707e-17
6941  9.17016e-17
6942  9.15383e-17
6943  9.13806e-17
6944  9.12287e-17
6945  9.10824e-17
6946  9.09418e-17
6947  9.08068e-17
6948  9.06773e-17
6949  9.05533e-17
6950  9.04347e-17
6951  9.03214e-17
6952  9.02134e-17
6953  9.01104e-17
6954  9.00124e-17
6955  8.99193e-17
6956  8.98308e-17
6957  8.97469e-17
6958  8.96674e-17
6959  8.95922e-17
6960  8.9521e-17
6961  8.94537e-17
6962  8.93901e-17
6963  8.933e-17
6964  8.92732e-17
6965  8.92195e-17
6966  8.91687e-17
6967  8.91205e-17
6968  8.90748e-17
6969  8.90313e-17
6970  8.89898e-17
6971  8.89501e-17
6972  8.8912e-17
6973  8.88751e-17
6974  8.88393e-17
6975  8.88044e-17
6976  8.877e-17
6977  8.87361e-17
6978  8.87023e-17
6979  8.86684e-17
6980  8.86341e-17
6981  8.85994e-17
6982  8.85639e-17
6983  8.85274e-17
6984  8.84897e-17
6985  8.84506e-17
6986  8.84099e-17
6987  8.83673e-17
6988  8.83228e-17
6989  8.82761e-17
6990  8.8227e-17
6991  8.81754e-17
6992  8.81211e-17
6993  8.80639e-17
6994  8.80037e-17
6995  8.79403e-17
6996  8.78737e-17
6997  8.78036e-17
6998  8.77301e-17
6999  8.76529e-17
7000  8.7572e-17
7001  8.74872e-17
7002  8.73987e-17
7003  8.73061e-17
7004  8.72096e-17
7005  8.71091e-17
7006  8.70045e-17
7007  8.68958e-17
7008  8.67831e-17
7009  8.66662e-17
7010  8.65453e-17
7011  8.64204e-17
7012  8.62914e-17
7013  8.61585e-17
7014  8.60217e-17
7015  8.5881e-17
7016  8.57366e-17
7017  8.55886e-17
7018  8.5437e-17
7019  8.52819e-17
7020  8.51235e-17
7021  8.49619e-17
7022  8.47972e-17
7023  8.46297e-17
7024  8.44593e-17
7025  8.42864e-17
7026  8.41111e-17
7027  8.39336e-17
7028  8.3754e-17
7029  8.35726e-17
7030  8.33896e-17
7031  8.32051e-17
7032  8.30194e-17
7033  8.28328e-17
7034  8.26454e-17
7035  8.24576e-17
7036  8.22694e-17
7037  8.20812e-17
7038  8.18932e-17
7039  8.17057e-17
7040  8.1519e-17
7041  8.13332e-17
7042  8.11486e-17
7043  8.09655e-17
7044  8.07842e-17
7045  8.06049e-17
7046  8.04278e-17
7047  8.02533e-17
7048  8.00816e-17
7049  7.99128e-17
7050  7.97474e-17
7051  7.95855e-17
7052  7.94274e-17
7053  7.92734e-17
7054  7.91236e-17
7055  7.89783e-17
7056  7.88377e-17
7057  7.87021e-17
7058  7.85717e-17
7059  7.84467e-17
7060  7.83272e-17
7061  7.82136e-17
7062  7.81059e-17
7063  7.80045e-17
7064  7.79093e-17
7065  7.78207e-17
7066  7.77388e-17
7067  7.76637e-17
7068  7.75955e-17
7069  7.75345e-17
7070  7.74806e-17
7071  7.74341e-17
7072  7.73951e-17
7073  7.73635e-17
7074  7.73396e-17
7075  7.73233e-17
7076  7.73148e-17
7077  7.7314e-17
7078  7.73211e-17
7079  7.7336e-17
7080  7.73588e-17
7081  7.73894e-17
7082  7.74279e-17
7083  7.74742e-17
7084  7.75284e-17
7085  7.75903e-17
7086  7.76599e-17
7087  7.77372e-17
7088  7.78221e-17
7089  7.79144e-17
7090  7.80142e-17
7091  7.81213e-17
7092  7.82355e-17
7093  7.83569e-17
7094  7.84851e-17
7095  7.86202e-17
7096  7.87619e-17
7097  7.89101e-17
7098  7.90646e-17
7099  7.92252e-17
7100  7.93918e-17
7101  7.95641e-17
7102  7.97421e-17
7103  7.99253e-17
7104  8.01138e-17
7105  8.03072e-17
7106  8.05052e-17
7107  8.07078e-17
7108  8.09147e-17
7109  8.11255e-17
7110  8.13402e-17
7111  8.15584e-17
7112  8.17799e-17
7113  8.20044e-17
7114  8.22318e-17
7115  8.24617e-17
7116  8.26939e-17
7117  8.29282e-17
7118  8.31643e-17
7119  8.34019e-17
7120  8.36408e-17
7121  8.38808e-17
7122  8.41216e-17
7123  8.43629e-17
7124  8.46046e-17
7125  8.48463e-17
7126  8.50879e-17
7127  8.53291e-17
7128  8.55697e-17
7129  8.58094e-17
7130  8.60481e-17
7131  8.62855e-17
7132  8.65214e-17
7133  8.67557e-17
7134  8.6988e-17
7135  8.72183e-17
7136  8.74464e-17
7137  8.7672e-17
7138  8.7895e-17
7139  8.81152e-17
7140  8.83325e-17
7141  8.85468e-17
7142  8.87578e-17
7143  8.89655e-17
7144  8.91698e-17
7145  8.93704e-17
7146  8.95674e-17
7147  8.97606e-17
7148  8.99499e-17
7149  9.01352e-17
7150  9.03165e-17
7151  9.04937e-17
7152  9.06668e-17
7153  9.08356e-17
7154  9.10001e-17
7155  9.11604e-17
7156  9.13164e-17
7157  9.14679e-17
7158  9.16152e-17
7159  9.17581e-17
7160  9.18966e-17
7161  9.20307e-17
7162  9.21606e-17
7163  9.22861e-17
7164  9.24073e-17
7165  9.25243e-17
7166  9.2637e-17
7167  9.27456e-17
7168  9.28501e-17
7169  9.29505e-17
7170  9.30468e-17
7171  9.31393e-17
7172  9.32279e-17
7173  9.33127e-17
7174  9.33938e-17
7175  9.34712e-17
7176  9.3545e-17
7177  9.36154e-17
7178  9.36825e-17
7179  9.37462e-17
7180  9.38067e-17
7181  9.38641e-17
7182  9.39185e-17
7183  9.39699e-17
7184  9.40186e-17
7185  9.40645e-17
7186  9.41078e-17
7187  9.41485e-17
7188  9.41868e-17
7189  9.42228e-17
7190  9.42566e-17
7191  9.42881e-17
7192  9.43177e-17
7193  9.43453e-17
7194  9.4371e-17
7195  9.43949e-17
7196  9.44172e-17
7197  9.44378e-17
7198  9.44569e-17
7199  9.44746e-17
7200  9.44909e-17
7201  9.4506e-17
7202  9.45198e-17
7203  9.45325e-17
7204  9.45442e-17
7205  9.45548e-17
7206  9.45646e-17
7207  9.45734e-17
7208  9.45815e-17
7209  9.45888e-17
7210  9.45954e-17
7211  9.46014e-17
7212  9.46068e-17
7213  9.46116e-17
7214  9.4616e-17
7215  9.46199e-17
7216  9.46233e-17
7217  9.46264e-17
7218  9.46292e-17
7219  9.46316e-17
7220  9.46337e-17
7221  9.46356e-17
7222  9.46372e-17
7223  9.46386e-17
7224  9.46399e-17
7225  9.4641e-17
7226  9.46419e-17
7227  9.46427e-17
7228  9.46434e-17
7229  9.4644e-17
7230  9.46445e-17
7231  9.46449e-17
7232  9.46452e-17
7233  9.46455e-17
7234  9.46458e-17
7235  9.4646e-17
7236  9.46461e-17
7237  9.46463e-17
7238  9.46464e-17
7239  9.46465e-17
7240  9.46466e-17
7241  9.46466e-17
7242  9.46467e-17
7243  9.46467e-17
7244  9.46467e-17
7245  9.46467e-17
7246  9.46467e-17
7247  9.46468e-17
7248  9.46468e-17
7249  9.46468e-17
7250  9.46468e-17
7251  9.46468e-17
7252  9.46468e-17
7253  9.46468e-17
7254  9.46468e-17
7255  9.46468e-17
7256  9.46468e-17
7257  9.46468e-17
7258  9.46468e-17
7259  9.46468e-17
7260  9.46468e-17
7261  9.46468e-17
7262  9.46468e-17
7263  9.46468e-17
7264  9.46468e-17
7265  9.46468e-17
7266  9.46468e-17
7267  9.46468e-17
7268  9.46468e-17
7269  9.46468e-17
7270  9.46468e-17
7271  9.46468e-17