#-2.2799103192633914
3300  6.80042e-16
3301  6.76187e-16
3302  6.72377e-16
3303  6.68618e-16
3304  6.64916e-16
3305  6.61278e-16
3306  6.57708e-16
3307  6.54214e-16
3308  6.508e-16
3309  6.47473e-16
3310  6.44239e-16
3311  6.41102e-16
3312  6.38068e-16
3313  6.35142e-16
3314  6.3233e-16
3315  6.29637e-16
3316  6.27068e-16
3317  6.24627e-16
3318  6.22318e-16
3319  6.20147e-16
3320  6.18117e-16
3321  6.16232e-16
3322  6.14496e-16
3323  6.12912e-16
3324  6.11484e-16
3325  6.10215e-16
3326  6.09108e-16
3327  6.08164e-16
3328  6.07387e-16
3329  6.06779e-16
3330  6.06341e-16
3331  6.06074e-16
3332  6.05981e-16
3333  6.06061e-16
3334  6.06316e-16
3335  6.06747e-16
3336  6.07352e-16
3337  6.08133e-16
3338  6.09088e-16
3339  6.10217e-16
3340  6.1152e-16
3341  6.12994e-16
3342  6.14638e-16
3343  6.16451e-16
3344  6.1843e-16
3345  6.20573e-16
3346  6.22878e-16
3347  6.25341e-16
3348  6.2796e-16
3349  6.30732e-16
3350  6.33652e-16
3351  6.36716e-16
3352  6.39922e-16
3353  6.43264e-16
3354  6.46739e-16
3355  6.50341e-16
3356  6.54066e-16
3357  6.57909e-16
3358  6.61864e-16
3359  6.65927e-16
3360  6.70092e-16
3361  6.74353e-16
3362  6.78704e-16
3363  6.83141e-16
3364  6.87656e-16
3365  6.92244e-16
3366  6.96898e-16
3367  7.01613e-16
3368  7.06383e-16
3369  7.112e-16
3370  7.16059e-16
3371  7.20954e-16
3372  7.25878e-16
3373  7.30825e-16
3374  7.35788e-16
3375  7.40762e-16
3376  7.4574e-16
3377  7.50716e-16
3378  7.55683e-16
3379  7.60637e-16
3380  7.65571e-16
3381  7.70479e-16
3382  7.75356e-16
3383  7.80196e-16
3384  7.84993e-16
3385  7.89743e-16
3386  7.9444e-16
3387  7.99078e-16
3388  8.03655e-16
3389  8.08164e-16
3390  8.12601e-16
3391  8.16962e-16
3392  8.21244e-16
3393  8.25441e-16
3394  8.29551e-16
3395  8.3357e-16
3396  8.37494e-16
3397  8.41322e-16
3398  8.4505e-16
3399  8.48675e-16
3400  8.52196e-16
3401  8.55609e-16
3402  8.58915e-16
3403  8.6211e-16
3404  8.65194e-16
3405  8.68165e-16
3406  8.71023e-16
3407  8.73766e-16
3408  8.76396e-16
3409  8.7891e-16
3410  8.8131e-16
3411  8.83596e-16
3412  8.85769e-16
3413  8.87828e-16
3414  8.89775e-16
3415  8.91612e-16
3416  8.93339e-16
3417  8.94958e-16
3418  8.96471e-16
3419  8.9788e-16
3420  8.99187e-16
3421  9.00393e-16
3422  9.01503e-16
3423  9.02518e-16
3424  9.0344e-16
3425  9.04274e-16
3426  9.05021e-16
3427  9.05685e-16
3428  9.06269e-16
3429  9.06777e-16
3430  9.07211e-16
3431  9.07576e-16
3432  9.07874e-16
3433  9.0811e-16
3434  9.08288e-16
3435  9.0841e-16
3436  9.0848e-16
3437  9.08503e-16
3438  9.08482e-16
3439  9.08421e-16
3440  9.08323e-16
3441  9.08193e-16
3442  9.08033e-16
3443  9.07849e-16
3444  9.07642e-16
3445  9.07418e-16
3446  9.07179e-16
3447  9.06929e-16
3448  9.0667e-16
3449  9.06408e-16
3450  9.06144e-16
3451  9.05882e-16
3452  9.05624e-16
3453  9.05374e-16
3454  9.05135e-16
3455  9.04908e-16
3456  9.04697e-16
3457  9.04504e-16
3458  9.04331e-16
3459  9.0418e-16
3460  9.04054e-16
3461  9.03954e-16
3462  9.03881e-16
3463  9.03838e-16
3464  9.03826e-16
3465  9.03845e-16
3466  9.03898e-16
3467  9.03984e-16
3468  9.04106e-16
3469  9.04263e-16
3470  9.04455e-16
3471  9.04685e-16
3472  9.0495e-16
3473  9.05253e-16
3474  9.05592e-16
3475  9.05967e-16
3476  9.06379e-16
3477  9.06826e-16
3478  9.07308e-16
3479  9.07824e-16
3480  9.08375e-16
3481  9.08957e-16
3482  9.09572e-16
3483  9.10217e-16
3484  9.10891e-16
3485  9.11593e-16
3486  9.12322e-16
3487  9.13076e-16
3488  9.13854e-16
3489  9.14653e-16
3490  9.15474e-16
3491  9.16313e-16
3492  9.17169e-16
3493  9.1804e-16
3494  9.18925e-16
3495  9.19822e-16
3496  9.20728e-16
3497  9.21642e-16
3498  9.22563e-16
3499  9.23488e-16
3500  9.24415e-16
3501  9.25343e-16
3502  9.2627e-16
3503  9.27193e-16
3504  9.28112e-16
3505  9.29025e-16
3506  9.2993e-16
3507  9.30824e-16
3508  9.31708e-16
3509  9.32579e-16
3510  9.33435e-16
3511  9.34276e-16
3512  9.35099e-16
3513  9.35905e-16
3514  9.36691e-16
3515  9.37456e-16
3516  9.382e-16
3517  9.38921e-16
3518  9.39619e-16
3519  9.40292e-16
3520  9.40941e-16
3521  9.41564e-16
3522  9.4216e-16
3523  9.42731e-16
3524  9.43274e-16
3525  9.43789e-16
3526  9.44278e-16
3527  9.44738e-16
3528  9.45171e-16
3529  9.45576e-16
3530  9.45953e-16
3531  9.46303e-16
3532  9.46626e-16
3533  9.46922e-16
3534  9.47191e-16
3535  9.47434e-16
3536  9.47651e-16
3537  9.47843e-16
3538  9.48011e-16
3539  9.48154e-16
3540  9.48274e-16
3541  9.48372e-16
3542  9.48448e-16
3543  9.48502e-16
3544  9.48536e-16
3545  9.48551e-16
3546  9.48547e-16
3547  9.48525e-16
3548  9.48485e-16
3549  9.4843e-16
3550  9.48358e-16
3551  9.48272e-16
3552  9.48172e-16
3553  9.48058e-16
3554  9.47932e-16
3555  9.47794e-16
3556  9.47644e-16
3557  9.47484e-16
3558  9.47313e-16
3559  9.47132e-16
3560  9.46943e-16
3561  9.46744e-16
3562  9.46536e-16
3563  9.4632e-16
3564  9.46096e-16
3565  9.45864e-16
3566  9.45623e-16
3567  9.45374e-16
3568  9.45117e-16
3569  9.44851e-16
3570  9.44576e-16
3571  9.44291e-16
3572  9.43997e-16
3573  9.43692e-16
3574  9.43376e-16
3575  9.43048e-16
3576  9.42707e-16
3577  9.42353e-16
3578  9.41983e-16
3579  9.41598e-16
3580  9.41196e-16
3581  9.40775e-16
3582  9.40334e-16
3583  9.39872e-16
3584  9.39387e-16
3585  9.38878e-16
3586  9.38342e-16
3587  9.37779e-16
3588  9.37185e-16
3589  9.3656e-16
3590  9.35901e-16
3591  9.35207e-16
3592  9.34475e-16
3593  9.33702e-16
3594  9.32888e-16
3595  9.32029e-16
3596  9.31124e-16
3597  9.30169e-16
3598  9.29164e-16
3599  9.28105e-16
3600  9.26991e-16
3601  9.25818e-16
3602  9.24585e-16
3603  9.23289e-16
3604  9.21928e-16
3605  9.205e-16
3606  9.19002e-16
3607  9.17432e-16
3608  9.15789e-16
3609  9.14068e-16
3610  9.1227e-16
3611  9.10391e-16
3612  9.0843e-16
3613  9.06384e-16
3614  9.04252e-16
3615  9.02031e-16
3616  8.99721e-16
3617  8.9732e-16
3618  8.94825e-16
3619  8.92237e-16
3620  8.89552e-16
3621  8.8677e-16
3622  8.8389e-16
3623  8.80911e-16
3624  8.77831e-16
3625  8.7465e-16
3626  8.71368e-16
3627  8.67984e-16
3628  8.64497e-16
3629  8.60907e-16
3630  8.57213e-16
3631  8.53417e-16
3632  8.49517e-16
3633  8.45515e-16
3634  8.4141e-16
3635  8.37203e-16
3636  8.32894e-16
3637  8.28485e-16
3638  8.23977e-16
3639  8.19369e-16
3640  8.14664e-16
3641  8.09863e-16
3642  8.04967e-16
3643  7.99978e-16
3644  7.94897e-16
3645  7.89726e-16
3646  7.84468e-16
3647  7.79124e-16
3648  7.73697e-16
3649  7.68188e-16
3650  7.62601e-16
3651  7.56937e-16
3652  7.51199e-16
3653  7.45391e-16
3654  7.39514e-16
3655  7.33572e-16
3656  7.27567e-16
3657  7.21503e-16
3658  7.15383e-16
3659  7.0921e-16
3660  7.02987e-16
3661  6.96717e-16
3662  6.90405e-16
3663  6.84052e-16
3664  6.77663e-16
3665  6.71242e-16
3666  6.64791e-16
3667  6.58314e-16
3668  6.51815e-16
3669  6.45297e-16
3670  6.38764e-16
3671  6.32219e-16
3672  6.25667e-16
3673  6.19109e-16
3674  6.12551e-16
3675  6.05996e-16
3676  5.99446e-16
3677  5.92906e-16
3678  5.86379e-16
3679  5.79868e-16
3680  5.73377e-16
3681  5.66909e-16
3682  5.60468e-16
3683  5.54055e-16
3684  5.47675e-16
3685  5.41331e-16
3686  5.35025e-16
3687  5.28761e-16
3688  5.22542e-16
3689  5.16369e-16
3690  5.10247e-16
3691  5.04177e-16
3692  4.98163e-16
3693  4.92206e-16
3694  4.86309e-16
3695  4.80474e-16
3696  4.74704e-16
3697  4.69001e-16
3698  4.63367e-16
3699  4.57804e-16
3700  4.52313e-16
3701  4.46898e-16
3702  4.41558e-16
3703  4.36296e-16
3704  4.31114e-16
3705  4.26014e-16
3706  4.20995e-16
3707  4.16061e-16
3708  4.11212e-16
3709  4.06449e-16
3710  4.01774e-16
3711  3.97187e-16
3712  3.9269e-16
3713  3.88284e-16
3714  3.83969e-16
3715  3.79747e-16
3716  3.75617e-16
3717  3.71582e-16
3718  3.67641e-16
3719  3.63796e-16
3720  3.60046e-16
3721  3.56393e-16
3722  3.52837e-16
3723  3.49379e-16
3724  3.46019e-16
3725  3.42757e-16
3726  3.39594e-16
3727  3.36531e-16
3728  3.33567e-16
3729  3.30704e-16
3730  3.27941e-16
3731  3.2528e-16
3732  3.2272e-16
3733  3.20262e-16
3734  3.17906e-16
3735  3.15653e-16
3736  3.13503e-16
3737  3.11456e-16
3738  3.09513e-16
3739  3.07675e-16
3740  3.05941e-16
3741  3.04313e-16
3742  3.0279e-16
3743  3.01374e-16
3744  3.00064e-16
3745  2.98861e-16
3746  2.97766e-16
3747  2.96778e-16
3748  2.959e-16
3749  2.95131e-16
3750  2.94471e-16
3751  2.93922e-16
3752  2.93484e-16
3753  2.93157e-16
3754  2.92942e-16
3755  2.9284e-16
3756  2.92851e-16
3757  2.92976e-16
3758  2.93214e-16
3759  2.93568e-16
3760  2.94037e-16
3761  2.94622e-16
3762  2.95323e-16
3763  2.96141e-16
3764  2.97076e-16
3765  2.98128e-16
3766  2.99299e-16
3767  3.00588e-16
3768  3.01995e-16
3769  3.03522e-16
3770  3.05167e-16
3771  3.06931e-16
3772  3.08815e-16
3773  3.10817e-16
3774  3.12939e-16
3775  3.1518e-16
3776  3.1754e-16
3777  3.20018e-16
3778  3.22614e-16
3779  3.25328e-16
3780  3.28159e-16
3781  3.31107e-16
3782  3.3417e-16
3783  3.37348e-16
3784  3.4064e-16
3785  3.44044e-16
3786  3.47561e-16
3787  3.51188e-16
3788  3.54924e-16
3789  3.58767e-16
3790  3.62716e-16
3791  3.6677e-16
3792  3.70926e-16
3793  3.75182e-16
3794  3.79537e-16
3795  3.83988e-16
3796  3.88532e-16
3797  3.93168e-16
3798  3.97892e-16
3799  4.02703e-16
3800  4.07597e-16
3801  4.12572e-16
3802  4.17623e-16
3803  4.22749e-16
3804  4.27947e-16
3805  4.33211e-16
3806  4.38541e-16
3807  4.43931e-16
3808  4.49378e-16
3809  4.54879e-16
3810  4.60429e-16
3811  4.66025e-16
3812  4.71664e-16
3813  4.7734e-16
3814  4.8305e-16
3815  4.8879e-16
3816  4.94556e-16
3817  5.00343e-16
3818  5.06147e-16
3819  5.11965e-16
3820  5.17791e-16
3821  5.23621e-16
3822  5.29452e-16
3823  5.35279e-16
3824  5.41097e-16
3825  5.46903e-16
3826  5.52691e-16
3827  5.58459e-16
3828  5.64201e-16
3829  5.69914e-16
3830  5.75593e-16
3831  5.81235e-16
3832  5.86835e-16
3833  5.92391e-16
3834  5.97897e-16
3835  6.0335e-16
3836  6.08748e-16
3837  6.14085e-16
3838  6.1936e-16
3839  6.24568e-16
3840  6.29707e-16
3841  6.34774e-16
3842  6.39765e-16
3843  6.44679e-16
3844  6.49512e-16
3845  6.54263e-16
3846  6.58928e-16
3847  6.63507e-16
3848  6.67998e-16
3849  6.72398e-16
3850  6.76706e-16
3851  6.80921e-16
3852  6.85041e-16
3853  6.89067e-16
3854  6.92997e-16
3855  6.9683e-16
3856  7.00567e-16
3857  7.04207e-16
3858  7.0775e-16
3859  7.11197e-16
3860  7.14548e-16
3861  7.17804e-16
3862  7.20965e-16
3863  7.24034e-16
3864  7.2701e-16
3865  7.29897e-16
3866  7.32694e-16
3867  7.35405e-16
3868  7.38032e-16
3869  7.40576e-16
3870  7.4304e-16
3871  7.45427e-16
3872  7.47739e-16
3873  7.4998e-16
3874  7.52153e-16
3875  7.54261e-16
3876  7.56308e-16
3877  7.58297e-16
3878  7.60232e-16
3879  7.62117e-16
3880  7.63956e-16
3881  7.65753e-16
3882  7.67512e-16
3883  7.69238e-16
3884  7.70936e-16
3885  7.72609e-16
3886  7.74264e-16
3887  7.75903e-16
3888  7.77533e-16
3889  7.79157e-16
3890  7.80782e-16
3891  7.82411e-16
3892  7.8405e-16
3893  7.85704e-16
3894  7.87378e-16
3895  7.89077e-16
3896  7.90806e-16
3897  7.9257e-16
3898  7.94373e-16
3899  7.96222e-16
3900  7.9812e-16
3901  8.00073e-16
3902  8.02085e-16
3903  8.04161e-16
3904  8.06306e-16
3905  8.08524e-16
3906  8.10819e-16
3907  8.13197e-16
3908  8.15661e-16
3909  8.18215e-16
3910  8.20863e-16
3911  8.23609e-16
3912  8.26457e-16
3913  8.2941e-16
3914  8.32471e-16
3915  8.35644e-16
3916  8.38931e-16
3917  8.42336e-16
3918  8.45861e-16
3919  8.49508e-16
3920  8.53279e-16
3921  8.57177e-16
3922  8.61204e-16
3923  8.6536e-16
3924  8.69646e-16
3925  8.74066e-16
3926  8.78618e-16
3927  8.83303e-16
3928  8.88123e-16
3929  8.93076e-16
3930  8.98163e-16
3931  9.03384e-16
3932  9.08738e-16
3933  9.14223e-16
3934  9.19839e-16
3935  9.25585e-16
3936  9.31458e-16
3937  9.37457e-16
3938  9.43579e-16
3939  9.49823e-16
3940  9.56184e-16
3941  9.62662e-16
3942  9.69251e-16
3943  9.75949e-16
3944  9.82752e-16
3945  9.89656e-16
3946  9.96658e-16
3947  1.00375e-15
3948  1.01093e-15
3949  1.0182e-15
3950  1.02554e-15
3951  1.03295e-15
3952  1.04044e-15
3953  1.04798e-15
3954  1.05558e-15
3955  1.06322e-15
3956  1.07092e-15
3957  1.07864e-15
3958  1.0864e-15
3959  1.09418e-15
3960  1.10197e-15
3961  1.10978e-15
3962  1.11759e-15
3963  1.12539e-15
3964  1.13318e-15
3965  1.14094e-15
3966  1.14868e-15
3967  1.15639e-15
3968  1.16405e-15
3969  1.17165e-15
3970  1.1792e-15
3971  1.18669e-15
3972  1.19409e-15
3973  1.20142e-15
3974  1.20865e-15
3975  1.21578e-15
3976  1.22281e-15
3977  1.22972e-15
3978  1.23651e-15
3979  1.24317e-15
3980  1.24969e-15
3981  1.25607e-15
3982  1.26229e-15
3983  1.26835e-15
3984  1.27425e-15
3985  1.27997e-15
3986  1.28551e-15
3987  1.29086e-15
3988  1.29602e-15
3989  1.30098e-15
3990  1.30572e-15
3991  1.31026e-15
3992  1.31458e-15
3993  1.31867e-15
3994  1.32254e-15
3995  1.32617e-15
3996  1.32956e-15
3997  1.33271e-15
3998  1.33562e-15
3999  1.33827e-15
4000  1.34066e-15
4001  1.3428e-15
4002  1.34468e-15
4003  1.3463e-15
4004  1.34765e-15
4005  1.34874e-15
4006  1.34956e-15
4007  1.3501e-15
4008  1.35038e-15
4009  1.35039e-15
4010  1.35013e-15
4011  1.3496e-15
4012  1.3488e-15
4013  1.34774e-15
4014  1.34641e-15
4015  1.34481e-15
4016  1.34296e-15
4017  1.34084e-15
4018  1.33847e-15
4019  1.33585e-15
4020  1.33298e-15
4021  1.32987e-15
4022  1.32651e-15
4023  1.32293e-15
4024  1.31911e-15
4025  1.31508e-15
4026  1.31082e-15
4027  1.30636e-15
4028  1.30169e-15
4029  1.29683e-15
4030  1.29177e-15
4031  1.28654e-15
4032  1.28113e-15
4033  1.27556e-15
4034  1.26984e-15
4035  1.26396e-15
4036  1.25795e-15
4037  1.2518e-15
4038  1.24554e-15
4039  1.23917e-15
4040  1.2327e-15
4041  1.22613e-15
4042  1.21949e-15
4043  1.21278e-15
4044  1.20601e-15
4045  1.19919e-15
4046  1.19234e-15
4047  1.18545e-15
4048  1.17855e-15
4049  1.17165e-15
4050  1.16475e-15
4051  1.15787e-15
4052  1.15101e-15
4053  1.14419e-15
4054  1.13743e-15
4055  1.13072e-15
4056  1.12408e-15
4057  1.11752e-15
4058  1.11105e-15
4059  1.10468e-15
4060  1.09842e-15
4061  1.09229e-15
4062  1.08628e-15
4063  1.08041e-15
4064  1.07469e-15
4065  1.06913e-15
4066  1.06374e-15
4067  1.05852e-15
4068  1.05348e-15
4069  1.04863e-15
4070  1.04399e-15
4071  1.03954e-15
4072  1.03531e-15
4073  1.0313e-15
4074  1.02751e-15
4075  1.02395e-15
4076  1.02062e-15
4077  1.01754e-15
4078  1.0147e-15
4079  1.01211e-15
4080  1.00977e-15
4081  1.00768e-15
4082  1.00586e-15
4083  1.00429e-15
4084  1.00299e-15
4085  1.00195e-15
4086  1.00118e-15
4087  1.00067e-15
4088  1.00043e-15
4089  1.00045e-15
4090  1.00074e-15
4091  1.00129e-15
4092  1.00211e-15
4093  1.00318e-15
4094  1.00451e-15
4095  1.0061e-15
4096  1.00793e-15
4097  1.01002e-15
4098  1.01234e-15
4099  1.01491e-15
4100  1.01771e-15
4101  1.02074e-15
4102  1.02399e-15
4103  1.02746e-15
4104  1.03114e-15
4105  1.03502e-15
4106  1.0391e-15
4107  1.04338e-15
4108  1.04783e-15
4109  1.05246e-15
4110  1.05726e-15
4111  1.06221e-15
4112  1.06732e-15
4113  1.07256e-15
4114  1.07794e-15
4115  1.08345e-15
4116  1.08907e-15
4117  1.09479e-15
4118  1.10061e-15
4119  1.10651e-15
4120  1.1125e-15
4121  1.11855e-15
4122  1.12465e-15
4123  1.13081e-15
4124  1.137e-15
4125  1.14322e-15
4126  1.14946e-15
4127  1.15571e-15
4128  1.16196e-15
4129  1.16819e-15
4130  1.17441e-15
4131  1.1806e-15
4132  1.18675e-15
4133  1.19285e-15
4134  1.1989e-15
4135  1.20488e-15
4136  1.21078e-15
4137  1.21661e-15
4138  1.22234e-15
4139  1.22798e-15
4140  1.23351e-15
4141  1.23893e-15
4142  1.24422e-15
4143  1.24939e-15
4144  1.25443e-15
4145  1.25933e-15
4146  1.26407e-15
4147  1.26867e-15
4148  1.27311e-15
4149  1.27739e-15
4150  1.2815e-15
4151  1.28543e-15
4152  1.28919e-15
4153  1.29278e-15
4154  1.29617e-15
4155  1.29938e-15
4156  1.30241e-15
4157  1.30524e-15
4158  1.30787e-15
4159  1.31031e-15
4160  1.31256e-15
4161  1.3146e-15
4162  1.31645e-15
4163  1.3181e-15
4164  1.31955e-15
4165  1.3208e-15
4166  1.32185e-15
4167  1.32271e-15
4168  1.32336e-15
4169  1.32383e-15
4170  1.3241e-15
4171  1.32418e-15
4172  1.32407e-15
4173  1.32378e-15
4174  1.3233e-15
4175  1.32265e-15
4176  1.32181e-15
4177  1.32081e-15
4178  1.31963e-15
4179  1.3183e-15
4180  1.3168e-15
4181  1.31514e-15
4182  1.31334e-15
4183  1.31138e-15
4184  1.30929e-15
4185  1.30706e-15
4186  1.3047e-15
4187  1.30221e-15
4188  1.2996e-15
4189  1.29688e-15
4190  1.29404e-15
4191  1.2911e-15
4192  1.28807e-15
4193  1.28494e-15
4194  1.28172e-15
4195  1.27843e-15
4196  1.27506e-15
4197  1.27162e-15
4198  1.26811e-15
4199  1.26455e-15
4200  1.26094e-15
4201  1.25727e-15
4202  1.25357e-15
4203  1.24983e-15
4204  1.24606e-15
4205  1.24227e-15
4206  1.23846e-15
4207  1.23463e-15
4208  1.23079e-15
4209  1.22695e-15
4210  1.22311e-15
4211  1.21927e-15
4212  1.21544e-15
4213  1.21162e-15
4214  1.20783e-15
4215  1.20405e-15
4216  1.20029e-15
4217  1.19657e-15
4218  1.19288e-15
4219  1.18922e-15
4220  1.1856e-15
4221  1.18202e-15
4222  1.17849e-15
4223  1.175e-15
4224  1.17156e-15
4225  1.16817e-15
4226  1.16483e-15
4227  1.16154e-15
4228  1.15832e-15
4229  1.15514e-15
4230  1.15203e-15
4231  1.14897e-15
4232  1.14598e-15
4233  1.14304e-15
4234  1.14016e-15
4235  1.13734e-15
4236  1.13459e-15
4237  1.13189e-15
4238  1.12925e-15
4239  1.12667e-15
4240  1.12415e-15
4241  1.12169e-15
4242  1.11928e-15
4243  1.11693e-15
4244  1.11463e-15
4245  1.11238e-15
4246  1.11018e-15
4247  1.10804e-15
4248  1.10594e-15
4249  1.10388e-15
4250  1.10187e-15
4251  1.09989e-15
4252  1.09796e-15
4253  1.09606e-15
4254  1.09419e-15
4255  1.09236e-15
4256  1.09055e-15
4257  1.08877e-15
4258  1.08701e-15
4259  1.08527e-15
4260  1.08355e-15
4261  1.08184e-15
4262  1.08015e-15
4263  1.07846e-15
4264  1.07678e-15
4265  1.0751e-15
4266  1.07342e-15
4267  1.07174e-15
4268  1.07005e-15
4269  1.06836e-15
4270  1.06665e-15
4271  1.06492e-15
4272  1.06318e-15
4273  1.06142e-15
4274  1.05964e-15
4275  1.05783e-15
4276  1.05599e-15
4277  1.05412e-15
4278  1.05222e-15
4279  1.05029e-15
4280  1.04831e-15
4281  1.0463e-15
4282  1.04424e-15
4283  1.04214e-15
4284  1.03999e-15
4285  1.03779e-15
4286  1.03555e-15
4287  1.03325e-15
4288  1.0309e-15
4289  1.02849e-15
4290  1.02603e-15
4291  1.02351e-15
4292  1.02093e-15
4293  1.01829e-15
4294  1.01559e-15
4295  1.01283e-15
4296  1.01001e-15
4297  1.00713e-15
4298  1.00418e-15
4299  1.00117e-15
4300  9.98096e-16
4301  9.94959e-16
4302  9.9176e-16
4303  9.88497e-16
4304  9.85172e-16
4305  9.81785e-16
4306  9.78336e-16
4307  9.74827e-16
4308  9.71257e-16
4309  9.67629e-16
4310  9.63944e-16
4311  9.60201e-16
4312  9.56404e-16
4313  9.52553e-16
4314  9.48651e-16
4315  9.44698e-16
4316  9.40697e-16
4317  9.36649e-16
4318  9.32558e-16
4319  9.28424e-16
4320  9.2425e-16
4321  9.2004e-16
4322  9.15794e-16
4323  9.11516e-16
4324  9.07209e-16
4325  9.02875e-16
4326  8.98518e-16
4327  8.94139e-16
4328  8.89743e-16
4329  8.85333e-16
4330  8.80911e-16
4331  8.76481e-16
4332  8.72047e-16
4333  8.67611e-16
4334  8.63178e-16
4335  8.58751e-16
4336  8.54333e-16
4337  8.49928e-16
4338  8.4554e-16
4339  8.41173e-16
4340  8.3683e-16
4341  8.32515e-16
4342  8.28232e-16
4343  8.23984e-16
4344  8.19776e-16
4345  8.15612e-16
4346  8.11495e-16
4347  8.07428e-16
4348  8.03417e-16
4349  7.99464e-16
4350  7.95574e-16
4351  7.91749e-16
4352  7.87995e-16
4353  7.84314e-16
4354  7.8071e-16
4355  7.77186e-16
4356  7.73747e-16
4357  7.70395e-16
4358  7.67134e-16
4359  7.63967e-16
4360  7.60898e-16
4361  7.57929e-16
4362  7.55063e-16
4363  7.52304e-16
4364  7.49654e-16
4365  7.47115e-16
4366  7.44691e-16
4367  7.42384e-16
4368  7.40195e-16
4369  7.38128e-16
4370  7.36184e-16
4371  7.34365e-16
4372  7.32674e-16
4373  7.3111e-16
4374  7.29677e-16
4375  7.28374e-16
4376  7.27204e-16
4377  7.26167e-16
4378  7.25264e-16
4379  7.24496e-16
4380  7.23862e-16
4381  7.23364e-16
4382  7.23001e-16
4383  7.22772e-16
4384  7.22679e-16
4385  7.2272e-16
4386  7.22895e-16
4387  7.23202e-16
4388  7.23641e-16
4389  7.2421e-16
4390  7.24908e-16
4391  7.25733e-16
4392  7.26684e-16
4393  7.27759e-16
4394  7.28955e-16
4395  7.3027e-16
4396  7.31701e-16
4397  7.33246e-16
4398  7.34902e-16
4399  7.36666e-16
4400  7.38535e-16
4401  7.40505e-16
4402  7.42572e-16
4403  7.44734e-16
4404  7.46987e-16
4405  7.49326e-16
4406  7.51747e-16
4407  7.54246e-16
4408  7.5682e-16
4409  7.59462e-16
4410  7.6217e-16
4411  7.64939e-16
4412  7.67763e-16
4413  7.70638e-16
4414  7.73559e-16
4415  7.76521e-16
4416  7.7952e-16
4417  7.8255e-16
4418  7.85606e-16
4419  7.88684e-16
4420  7.91777e-16
4421  7.94882e-16
4422  7.97992e-16
4423  8.01104e-16
4424  8.04211e-16
4425  8.07309e-16
4426  8.10394e-16
4427  8.13459e-16
4428  8.165e-16
4429  8.19513e-16
4430  8.22492e-16
4431  8.25433e-16
4432  8.28332e-16
4433  8.31184e-16
4434  8.33984e-16
4435  8.3673e-16
4436  8.39415e-16
4437  8.42038e-16
4438  8.44593e-16
4439  8.47078e-16
4440  8.49489e-16
4441  8.51822e-16
4442  8.54075e-16
4443  8.56244e-16
4444  8.58327e-16
4445  8.60322e-16
4446  8.62226e-16
4447  8.64036e-16
4448  8.65752e-16
4449  8.67371e-16
4450  8.68892e-16
4451  8.70314e-16
4452  8.71636e-16
4453  8.72856e-16
4454  8.73974e-16
4455  8.74991e-16
4456  8.75905e-16
4457  8.76717e-16
4458  8.77427e-16
4459  8.78036e-16
4460  8.78544e-16
4461  8.78953e-16
4462  8.79264e-16
4463  8.79479e-16
4464  8.79598e-16
4465  8.79624e-16
4466  8.79558e-16
4467  8.79404e-16
4468  8.79164e-16
4469  8.7884e-16
4470  8.78435e-16
4471  8.77952e-16
4472  8.77395e-16
4473  8.76767e-16
4474  8.76071e-16
4475  8.75311e-16
4476  8.74491e-16
4477  8.73614e-16
4478  8.72686e-16
4479  8.71709e-16
4480  8.7069e-16
4481  8.6963e-16
4482  8.68536e-16
4483  8.67412e-16
4484  8.66263e-16
4485  8.65092e-16
4486  8.63905e-16
4487  8.62707e-16
4488  8.61502e-16
4489  8.60296e-16
4490  8.59092e-16
4491  8.57896e-16
4492  8.56712e-16
4493  8.55546e-16
4494  8.54401e-16
4495  8.53283e-16
4496  8.52196e-16
4497  8.51144e-16
4498  8.50133e-16
4499  8.49165e-16
4500  8.48246e-16
4501  8.4738e-16
4502  8.4657e-16
4503  8.45821e-16
4504  8.45136e-16
4505  8.44519e-16
4506  8.43973e-16
4507  8.43501e-16
4508  8.43107e-16
4509  8.42794e-16
4510  8.42564e-16
4511  8.4242e-16
4512  8.42364e-16
4513  8.42398e-16
4514  8.42525e-16
4515  8.42746e-16
4516  8.43063e-16
4517  8.43477e-16
4518  8.43989e-16
4519  8.44601e-16
4520  8.45313e-16
4521  8.46125e-16
4522  8.47039e-16
4523  8.48053e-16
4524  8.49168e-16
4525  8.50384e-16
4526  8.517e-16
4527  8.53115e-16
4528  8.54628e-16
4529  8.56239e-16
4530  8.57946e-16
4531  8.59746e-16
4532  8.6164e-16
4533  8.63624e-16
4534  8.65697e-16
4535  8.67856e-16
4536  8.70099e-16
4537  8.72423e-16
4538  8.74825e-16
4539  8.77304e-16
4540  8.79855e-16
4541  8.82475e-16
4542  8.85161e-16
4543  8.8791e-16
4544  8.90718e-16
4545  8.93582e-16
4546  8.96497e-16
4547  8.99461e-16
4548  9.02468e-16
4549  9.05516e-16
4550  9.086e-16
4551  9.11716e-16
4552  9.1486e-16
4553  9.18028e-16
4554  9.21216e-16
4555  9.24419e-16
4556  9.27635e-16
4557  9.30857e-16
4558  9.34083e-16
4559  9.37308e-16
4560  9.40529e-16
4561  9.4374e-16
4562  9.46939e-16
4563  9.50122e-16
4564  9.53284e-16
4565  9.56422e-16
4566  9.59532e-16
4567  9.62611e-16
4568  9.65655e-16
4569  9.68661e-16
4570  9.71625e-16
4571  9.74545e-16
4572  9.77418e-16
4573  9.8024e-16
4574  9.83009e-16
4575  9.85722e-16
4576  9.88377e-16
4577  9.90971e-16
4578  9.93503e-16
4579  9.9597e-16
4580  9.9837e-16
4581  1.0007e-15
4582  1.00296e-15
4583  1.00516e-15
4584  1.00727e-15
4585  1.00932e-15
4586  1.01129e-15
4587  1.01318e-15
4588  1.015e-15
4589  1.01674e-15
4590  1.01841e-15
4591  1.02e-15
4592  1.02151e-15
4593  1.02295e-15
4594  1.02431e-15
4595  1.02559e-15
4596  1.02679e-15
4597  1.02793e-15
4598  1.02898e-15
4599  1.02997e-15
4600  1.03088e-15
4601  1.03172e-15
4602  1.0325e-15
4603  1.0332e-15
4604  1.03384e-15
4605  1.03441e-15
4606  1.03492e-15
4607  1.03536e-15
4608  1.03575e-15
4609  1.03607e-15
4610  1.03634e-15
4611  1.03656e-15
4612  1.03672e-15
4613  1.03683e-15
4614  1.0369e-15
4615  1.03691e-15
4616  1.03689e-15
4617  1.03681e-15
4618  1.0367e-15
4619  1.03655e-15
4620  1.03637e-15
4621  1.03614e-15
4622  1.03589e-15
4623  1.03561e-15
4624  1.03529e-15
4625  1.03495e-15
4626  1.03459e-15
4627  1.0342e-15
4628  1.03379e-15
4629  1.03335e-15
4630  1.0329e-15
4631  1.03244e-15
4632  1.03195e-15
4633  1.03146e-15
4634  1.03095e-15
4635  1.03042e-15
4636  1.02989e-15
4637  1.02934e-15
4638  1.02879e-15
4639  1.02823e-15
4640  1.02765e-15
4641  1.02708e-15
4642  1.02649e-15
4643  1.0259e-15
4644  1.0253e-15
4645  1.02469e-15
4646  1.02408e-15
4647  1.02346e-15
4648  1.02283e-15
4649  1.0222e-15
4650  1.02155e-15
4651  1.0209e-15
4652  1.02024e-15
4653  1.01958e-15
4654  1.0189e-15
4655  1.01821e-15
4656  1.01751e-15
4657  1.01679e-15
4658  1.01606e-15
4659  1.01532e-15
4660  1.01456e-15
4661  1.01378e-15
4662  1.01298e-15
4663  1.01217e-15
4664  1.01133e-15
4665  1.01047e-15
4666  1.00958e-15
4667  1.00867e-15
4668  1.00773e-15
4669  1.00676e-15
4670  1.00576e-15
4671  1.00473e-15
4672  1.00367e-15
4673  1.00257e-15
4674  1.00144e-15
4675  1.00026e-15
4676  9.9905e-16
4677  9.97798e-16
4678  9.96503e-16
4679  9.95166e-16
4680  9.93784e-16
4681  9.92357e-16
4682  9.90883e-16
4683  9.89361e-16
4684  9.87791e-16
4685  9.86171e-16
4686  9.84501e-16
4687  9.82779e-16
4688  9.81006e-16
4689  9.79181e-16
4690  9.77303e-16
4691  9.75372e-16
4692  9.73387e-16
4693  9.71349e-16
4694  9.69258e-16
4695  9.67113e-16
4696  9.64914e-16
4697  9.62663e-16
4698  9.60359e-16
4699  9.58002e-16
4700  9.55594e-16
4701  9.53135e-16
4702  9.50626e-16
4703  9.48067e-16
4704  9.4546e-16
4705  9.42806e-16
4706  9.40107e-16
4707  9.37362e-16
4708  9.34575e-16
4709  9.31745e-16
4710  9.28876e-16
4711  9.25968e-16
4712  9.23024e-16
4713  9.20045e-16
4714  9.17033e-16
4715  9.1399e-16
4716  9.10918e-16
4717  9.07819e-16
4718  9.04697e-16
4719  9.01551e-16
4720  8.98386e-16
4721  8.95203e-16
4722  8.92005e-16
4723  8.88794e-16
4724  8.85572e-16
4725  8.82343e-16
4726  8.79107e-16
4727  8.75869e-16
4728  8.7263e-16
4729  8.69392e-16
4730  8.66159e-16
4731  8.62933e-16
4732  8.59715e-16
4733  8.56509e-16
4734  8.53317e-16
4735  8.50141e-16
4736  8.46984e-16
4737  8.43847e-16
4738  8.40733e-16
4739  8.37644e-16
4740  8.34583e-16
4741  8.3155e-16
4742  8.28549e-16
4743  8.25581e-16
4744  8.22648e-16
4745  8.19751e-16
4746  8.16892e-16
4747  8.14074e-16
4748  8.11296e-16
4749  8.08561e-16
4750  8.05871e-16
4751  8.03226e-16
4752  8.00627e-16
4753  7.98075e-16
4754  7.95572e-16
4755  7.93118e-16
4756  7.90714e-16
4757  7.88361e-16
4758  7.86059e-16
4759  7.83809e-16
4760  7.81611e-16
4761  7.79465e-16
4762  7.77372e-16
4763  7.75332e-16
4764  7.73345e-16
4765  7.7141e-16
4766  7.69528e-16
4767  7.67698e-16
4768  7.6592e-16
4769  7.64194e-16
4770  7.62519e-16
4771  7.60895e-16
4772  7.59322e-16
4773  7.57798e-16
4774  7.56322e-16
4775  7.54896e-16
4776  7.53516e-16
4777  7.52183e-16
4778  7.50896e-16
4779  7.49654e-16
4780  7.48456e-16
4781  7.47301e-16
4782  7.46187e-16
4783  7.45115e-16
4784  7.44083e-16
4785  7.4309e-16
4786  7.42135e-16
4787  7.41217e-16
4788  7.40334e-16
4789  7.39487e-16
4790  7.38673e-16
4791  7.37892e-16
4792  7.37144e-16
4793  7.36426e-16
4794  7.35738e-16
4795  7.35078e-16
4796  7.34447e-16
4797  7.33843e-16
4798  7.33266e-16
4799  7.32714e-16
4800  7.32186e-16
4801  7.31683e-16
4802  7.31203e-16
4803  7.30745e-16
4804  7.30309e-16
4805  7.29895e-16
4806  7.29501e-16
4807  7.29127e-16
4808  7.28773e-16
4809  7.28438e-16
4810  7.28122e-16
4811  7.27824e-16
4812  7.27544e-16
4813  7.27281e-16
4814  7.27036e-16
4815  7.26808e-16
4816  7.26597e-16
4817  7.26402e-16
4818  7.26223e-16
4819  7.2606e-16
4820  7.25914e-16
4821  7.25783e-16
4822  7.25668e-16
4823  7.25568e-16
4824  7.25483e-16
4825  7.25413e-16
4826  7.25359e-16
4827  7.25319e-16
4828  7.25294e-16
4829  7.25283e-16
4830  7.25286e-16
4831  7.25303e-16
4832  7.25334e-16
4833  7.25378e-16
4834  7.25435e-16
4835  7.25505e-16
4836  7.25587e-16
4837  7.25681e-16
4838  7.25787e-16
4839  7.25903e-16
4840  7.26029e-16
4841  7.26165e-16
4842  7.26309e-16
4843  7.26462e-16
4844  7.26622e-16
4845  7.26788e-16
4846  7.2696e-16
4847  7.27136e-16
4848  7.27316e-16
4849  7.27498e-16
4850  7.2768e-16
4851  7.27863e-16
4852  7.28044e-16
4853  7.28222e-16
4854  7.28395e-16
4855  7.28562e-16
4856  7.28722e-16
4857  7.28873e-16
4858  7.29012e-16
4859  7.29139e-16
4860  7.29251e-16
4861  7.29346e-16
4862  7.29423e-16
4863  7.2948e-16
4864  7.29514e-16
4865  7.29524e-16
4866  7.29507e-16
4867  7.29462e-16
4868  7.29385e-16
4869  7.29276e-16
4870  7.29131e-16
4871  7.28949e-16
4872  7.28727e-16
4873  7.28463e-16
4874  7.28155e-16
4875  7.27802e-16
4876  7.27399e-16
4877  7.26947e-16
4878  7.26441e-16
4879  7.25881e-16
4880  7.25264e-16
4881  7.24589e-16
4882  7.23853e-16
4883  7.23054e-16
4884  7.22191e-16
4885  7.21263e-16
4886  7.20266e-16
4887  7.19201e-16
4888  7.18065e-16
4889  7.16857e-16
4890  7.15575e-16
4891  7.1422e-16
4892  7.12789e-16
4893  7.11282e-16
4894  7.09697e-16
4895  7.08035e-16
4896  7.06295e-16
4897  7.04477e-16
4898  7.02579e-16
4899  7.00603e-16
4900  6.98548e-16
4901  6.96414e-16
4902  6.94202e-16
4903  6.91912e-16
4904  6.89546e-16
4905  6.87103e-16
4906  6.84585e-16
4907  6.81994e-16
4908  6.79329e-16
4909  6.76594e-16
4910  6.73789e-16
4911  6.70917e-16
4912  6.67979e-16
4913  6.64978e-16
4914  6.61915e-16
4915  6.58794e-16
4916  6.55617e-16
4917  6.52386e-16
4918  6.49105e-16
4919  6.45777e-16
4920  6.42404e-16
4921  6.38991e-16
4922  6.3554e-16
4923  6.32055e-16
4924  6.2854e-16
4925  6.24998e-16
4926  6.21434e-16
4927  6.17851e-16
4928  6.14254e-16
4929  6.10646e-16
4930  6.07032e-16
4931  6.03416e-16
4932  5.99802e-16
4933  5.96195e-16
4934  5.92599e-16
4935  5.89019e-16
4936  5.85459e-16
4937  5.81924e-16
4938  5.78417e-16
4939  5.74944e-16
4940  5.7151e-16
4941  5.68117e-16
4942  5.64772e-16
4943  5.61477e-16
4944  5.58239e-16
4945  5.5506e-16
4946  5.51945e-16
4947  5.48899e-16
4948  5.45925e-16
4949  5.43027e-16
4950  5.40209e-16
4951  5.37474e-16
4952  5.34828e-16
4953  5.32272e-16
4954  5.29811e-16
4955  5.27447e-16
4956  5.25184e-16
4957  5.23024e-16
4958  5.20971e-16
4959  5.19027e-16
4960  5.17194e-16
4961  5.15475e-16
4962  5.13872e-16
4963  5.12386e-16
4964  5.1102e-16
4965  5.09775e-16
4966  5.08652e-16
4967  5.07653e-16
4968  5.06778e-16
4969  5.06029e-16
4970  5.05405e-16
4971  5.04907e-16
4972  5.04535e-16
4973  5.04289e-16
4974  5.0417e-16
4975  5.04175e-16
4976  5.04305e-16
4977  5.04559e-16
4978  5.04936e-16
4979  5.05434e-16
4980  5.06052e-16
4981  5.06789e-16
4982  5.07641e-16
4983  5.08608e-16
4984  5.09688e-16
4985  5.10877e-16
4986  5.12173e-16
4987  5.13574e-16
4988  5.15077e-16
4989  5.16678e-16
4990  5.18374e-16
4991  5.20163e-16
4992  5.2204e-16
4993  5.24003e-16
4994  5.26046e-16
4995  5.28168e-16
4996  5.30363e-16
4997  5.32628e-16
4998  5.34958e-16
4999  5.3735e-16
5000  5.398e-16
5001  5.42302e-16
5002  5.44853e-16
5003  5.47448e-16
5004  5.50083e-16
5005  5.52753e-16
5006  5.55454e-16
5007  5.58182e-16
5008  5.60931e-16
5009  5.63698e-16
5010  5.66478e-16
5011  5.69267e-16
5012  5.7206e-16
5013  5.74852e-16
5014  5.77641e-16
5015  5.80421e-16
5016  5.83187e-16
5017  5.85937e-16
5018  5.88666e-16
5019  5.91371e-16
5020  5.94046e-16
5021  5.96689e-16
5022  5.99296e-16
5023  6.01864e-16
5024  6.04388e-16
5025  6.06867e-16
5026  6.09295e-16
5027  6.11672e-16
5028  6.13994e-16
5029  6.16257e-16
5030  6.1846e-16
5031  6.20601e-16
5032  6.22676e-16
5033  6.24684e-16
5034  6.26624e-16
5035  6.28492e-16
5036  6.30288e-16
5037  6.3201e-16
5038  6.33657e-16
5039  6.35228e-16
5040  6.36723e-16
5041  6.38139e-16
5042  6.39477e-16
5043  6.40737e-16
5044  6.41918e-16
5045  6.4302e-16
5046  6.44043e-16
5047  6.44988e-16
5048  6.45855e-16
5049  6.46645e-16
5050  6.47359e-16
5051  6.47997e-16
5052  6.48561e-16
5053  6.49051e-16
5054  6.49471e-16
5055  6.4982e-16
5056  6.50101e-16
5057  6.50315e-16
5058  6.50465e-16
5059  6.50553e-16
5060  6.5058e-16
5061  6.5055e-16
5062  6.50464e-16
5063  6.50326e-16
5064  6.50138e-16
5065  6.49902e-16
5066  6.49622e-16
5067  6.493e-16
5068  6.4894e-16
5069  6.48545e-16
5070  6.48117e-16
5071  6.4766e-16
5072  6.47177e-16
5073  6.46672e-16
5074  6.46147e-16
5075  6.45607e-16
5076  6.45054e-16
5077  6.44492e-16
5078  6.43924e-16
5079  6.43354e-16
5080  6.42785e-16
5081  6.42221e-16
5082  6.41664e-16
5083  6.41118e-16
5084  6.40587e-16
5085  6.40074e-16
5086  6.39582e-16
5087  6.39113e-16
5088  6.38672e-16
5089  6.38262e-16
5090  6.37885e-16
5091  6.37544e-16
5092  6.37242e-16
5093  6.36982e-16
5094  6.36766e-16
5095  6.36598e-16
5096  6.36479e-16
5097  6.36413e-16
5098  6.364e-16
5099  6.36444e-16
5100  6.36547e-16
5101  6.36709e-16
5102  6.36934e-16
5103  6.37223e-16
5104  6.37577e-16
5105  6.37999e-16
5106  6.38488e-16
5107  6.39046e-16
5108  6.39675e-16
5109  6.40375e-16
5110  6.41147e-16
5111  6.41992e-16
5112  6.42909e-16
5113  6.439e-16
5114  6.44964e-16
5115  6.46102e-16
5116  6.47313e-16
5117  6.48597e-16
5118  6.49953e-16
5119  6.51382e-16
5120  6.52882e-16
5121  6.54453e-16
5122  6.56094e-16
5123  6.57803e-16
5124  6.59579e-16
5125  6.61421e-16
5126  6.63328e-16
5127  6.65298e-16
5128  6.67328e-16
5129  6.69418e-16
5130  6.71565e-16
5131  6.73767e-16
5132  6.76022e-16
5133  6.78328e-16
5134  6.80682e-16
5135  6.83082e-16
5136  6.85525e-16
5137  6.88009e-16
5138  6.9053e-16
5139  6.93086e-16
5140  6.95675e-16
5141  6.98292e-16
5142  7.00935e-16
5143  7.03602e-16
5144  7.06288e-16
5145  7.08991e-16
5146  7.11708e-16
5147  7.14435e-16
5148  7.17169e-16
5149  7.19907e-16
5150  7.22645e-16
5151  7.25381e-16
5152  7.2811e-16
5153  7.30831e-16
5154  7.33538e-16
5155  7.3623e-16
5156  7.38904e-16
5157  7.41554e-16
5158  7.4418e-16
5159  7.46777e-16
5160  7.49343e-16
5161  7.51875e-16
5162  7.54369e-16
5163  7.56823e-16
5164  7.59234e-16
5165  7.616e-16
5166  7.63917e-16
5167  7.66184e-16
5168  7.68397e-16
5169  7.70555e-16
5170  7.72655e-16
5171  7.74696e-16
5172  7.76674e-16
5173  7.78589e-16
5174  7.80438e-16
5175  7.8222e-16
5176  7.83933e-16
5177  7.85576e-16
5178  7.87148e-16
5179  7.88647e-16
5180  7.90073e-16
5181  7.91425e-16
5182  7.92701e-16
5183  7.93902e-16
5184  7.95027e-16
5185  7.96075e-16
5186  7.97047e-16
5187  7.97943e-16
5188  7.98762e-16
5189  7.99505e-16
5190  8.00173e-16
5191  8.00765e-16
5192  8.01283e-16
5193  8.01728e-16
5194  8.021e-16
5195  8.02401e-16
5196  8.02631e-16
5197  8.02792e-16
5198  8.02887e-16
5199  8.02915e-16
5200  8.02879e-16
5201  8.02781e-16
5202  8.02623e-16
5203  8.02407e-16
5204  8.02134e-16
5205  8.01808e-16
5206  8.0143e-16
5207  8.01003e-16
5208  8.0053e-16
5209  8.00012e-16
5210  7.99452e-16
5211  7.98854e-16
5212  7.9822e-16
5213  7.97552e-16
5214  7.96854e-16
5215  7.96128e-16
5216  7.95378e-16
5217  7.94605e-16
5218  7.93813e-16
5219  7.93005e-16
5220  7.92183e-16
5221  7.91352e-16
5222  7.90512e-16
5223  7.89668e-16
5224  7.88821e-16
5225  7.87976e-16
5226  7.87134e-16
5227  7.86297e-16
5228  7.8547e-16
5229  7.84654e-16
5230  7.83852e-16
5231  7.83065e-16
5232  7.82297e-16
5233  7.8155e-16
5234  7.80825e-16
5235  7.80125e-16
5236  7.79451e-16
5237  7.78805e-16
5238  7.7819e-16
5239  7.77606e-16
5240  7.77055e-16
5241  7.76538e-16
5242  7.76056e-16
5243  7.75611e-16
5244  7.75203e-16
5245  7.74832e-16
5246  7.745e-16
5247  7.74207e-16
5248  7.73953e-16
5249  7.73738e-16
5250  7.73563e-16
5251  7.73426e-16
5252  7.73328e-16
5253  7.73268e-16
5254  7.73246e-16
5255  7.73261e-16
5256  7.73311e-16
5257  7.73396e-16
5258  7.73515e-16
5259  7.73666e-16
5260  7.73847e-16
5261  7.74057e-16
5262  7.74294e-16
5263  7.74556e-16
5264  7.74842e-16
5265  7.75148e-16
5266  7.75474e-16
5267  7.75815e-16
5268  7.7617e-16
5269  7.76537e-16
5270  7.76911e-16
5271  7.77292e-16
5272  7.77675e-16
5273  7.78059e-16
5274  7.78439e-16
5275  7.78812e-16
5276  7.79177e-16
5277  7.79529e-16
5278  7.79865e-16
5279  7.80183e-16
5280  7.80478e-16
5281  7.80747e-16
5282  7.80988e-16
5283  7.81197e-16
5284  7.8137e-16
5285  7.81505e-16
5286  7.81598e-16
5287  7.81646e-16
5288  7.81645e-16
5289  7.81594e-16
5290  7.81488e-16
5291  7.81324e-16
5292  7.81101e-16
5293  7.80814e-16
5294  7.80462e-16
5295  7.80041e-16
5296  7.79548e-16
5297  7.78983e-16
5298  7.78341e-16
5299  7.77622e-16
5300  7.76822e-16
5301  7.75941e-16
5302  7.74975e-16
5303  7.73924e-16
5304  7.72785e-16
5305  7.71559e-16
5306  7.70242e-16
5307  7.68835e-16
5308  7.67335e-16
5309  7.65744e-16
5310  7.64059e-16
5311  7.62282e-16
5312  7.6041e-16
5313  7.58445e-16
5314  7.56386e-16
5315  7.54234e-16
5316  7.51989e-16
5317  7.49652e-16
5318  7.47224e-16
5319  7.44706e-16
5320  7.42098e-16
5321  7.39403e-16
5322  7.36621e-16
5323  7.33755e-16
5324  7.30806e-16
5325  7.27776e-16
5326  7.24668e-16
5327  7.21483e-16
5328  7.18225e-16
5329  7.14896e-16
5330  7.11499e-16
5331  7.08036e-16
5332  7.0451e-16
5333  7.00926e-16
5334  6.97285e-16
5335  6.93592e-16
5336  6.8985e-16
5337  6.86063e-16
5338  6.82233e-16
5339  6.78366e-16
5340  6.74465e-16
5341  6.70534e-16
5342  6.66577e-16
5343  6.62598e-16
5344  6.586e-16
5345  6.5459e-16
5346  6.50569e-16
5347  6.46544e-16
5348  6.42517e-16
5349  6.38494e-16
5350  6.34478e-16
5351  6.30475e-16
5352  6.26487e-16
5353  6.2252e-16
5354  6.18577e-16
5355  6.14663e-16
5356  6.10783e-16
5357  6.06939e-16
5358  6.03136e-16
5359  5.99379e-16
5360  5.9567e-16
5361  5.92015e-16
5362  5.88416e-16
5363  5.84877e-16
5364  5.81403e-16
5365  5.77996e-16
5366  5.7466e-16
5367  5.71398e-16
5368  5.68214e-16
5369  5.65109e-16
5370  5.62089e-16
5371  5.59154e-16
5372  5.56308e-16
5373  5.53553e-16
5374  5.50892e-16
5375  5.48327e-16
5376  5.45861e-16
5377  5.43494e-16
5378  5.41229e-16
5379  5.39067e-16
5380  5.37011e-16
5381  5.3506e-16
5382  5.33218e-16
5383  5.31483e-16
5384  5.29859e-16
5385  5.28344e-16
5386  5.2694e-16
5387  5.25648e-16
5388  5.24466e-16
5389  5.23396e-16
5390  5.22438e-16
5391  5.2159e-16
5392  5.20853e-16
5393  5.20227e-16
5394  5.1971e-16
5395  5.19302e-16
5396  5.19002e-16
5397  5.18808e-16
5398  5.1872e-16
5399  5.18736e-16
5400  5.18855e-16
5401  5.19075e-16
5402  5.19393e-16
5403  5.19809e-16
5404  5.20321e-16
5405  5.20926e-16
5406  5.21621e-16
5407  5.22406e-16
5408  5.23276e-16
5409  5.24231e-16
5410  5.25267e-16
5411  5.26381e-16
5412  5.27571e-16
5413  5.28833e-16
5414  5.30166e-16
5415  5.31566e-16
5416  5.3303e-16
5417  5.34554e-16
5418  5.36137e-16
5419  5.37773e-16
5420  5.39462e-16
5421  5.41198e-16
5422  5.42978e-16
5423  5.448e-16
5424  5.4666e-16
5425  5.48555e-16
5426  5.50481e-16
5427  5.52434e-16
5428  5.54412e-16
5429  5.56411e-16
5430  5.58428e-16
5431  5.60459e-16
5432  5.625e-16
5433  5.64549e-16
5434  5.66602e-16
5435  5.68655e-16
5436  5.70706e-16
5437  5.72752e-16
5438  5.74788e-16
5439  5.76811e-16
5440  5.7882e-16
5441  5.8081e-16
5442  5.82778e-16
5443  5.84721e-16
5444  5.86638e-16
5445  5.88523e-16
5446  5.90375e-16
5447  5.92192e-16
5448  5.93969e-16
5449  5.95705e-16
5450  5.97397e-16
5451  5.99043e-16
5452  6.00639e-16
5453  6.02185e-16
5454  6.03677e-16
5455  6.05113e-16
5456  6.06491e-16
5457  6.0781e-16
5458  6.09066e-16
5459  6.10259e-16
5460  6.11387e-16
5461  6.12448e-16
5462  6.1344e-16
5463  6.14362e-16
5464  6.15212e-16
5465  6.1599e-16
5466  6.16694e-16
5467  6.17322e-16
5468  6.17874e-16
5469  6.1835e-16
5470  6.18747e-16
5471  6.19066e-16
5472  6.19306e-16
5473  6.19465e-16
5474  6.19545e-16
5475  6.19544e-16
5476  6.19463e-16
5477  6.19301e-16
5478  6.19058e-16
5479  6.18734e-16
5480  6.1833e-16
5481  6.17845e-16
5482  6.1728e-16
5483  6.16636e-16
5484  6.15913e-16
5485  6.15112e-16
5486  6.14234e-16
5487  6.13279e-16
5488  6.12249e-16
5489  6.11144e-16
5490  6.09966e-16
5491  6.08715e-16
5492  6.07394e-16
5493  6.06004e-16
5494  6.04546e-16
5495  6.03022e-16
5496  6.01434e-16
5497  5.99783e-16
5498  5.98071e-16
5499  5.96301e-16
5500  5.94474e-16
5501  5.92592e-16
5502  5.90659e-16
5503  5.88675e-16
5504  5.86643e-16
5505  5.84566e-16
5506  5.82447e-16
5507  5.80287e-16
5508  5.7809e-16
5509  5.75858e-16
5510  5.73594e-16
5511  5.71301e-16
5512  5.68981e-16
5513  5.66638e-16
5514  5.64275e-16
5515  5.61894e-16
5516  5.59498e-16
5517  5.57092e-16
5518  5.54677e-16
5519  5.52257e-16
5520  5.49835e-16
5521  5.47414e-16
5522  5.44998e-16
5523  5.4259e-16
5524  5.40193e-16
5525  5.3781e-16
5526  5.35445e-16
5527  5.331e-16
5528  5.3078e-16
5529  5.28486e-16
5530  5.26224e-16
5531  5.23995e-16
5532  5.21802e-16
5533  5.1965e-16
5534  5.17541e-16
5535  5.15479e-16
5536  5.13465e-16
5537  5.11504e-16
5538  5.09598e-16
5539  5.07751e-16
5540  5.05964e-16
5541  5.04241e-16
5542  5.02584e-16
5543  5.00997e-16
5544  4.99481e-16
5545  4.98039e-16
5546  4.96674e-16
5547  4.95387e-16
5548  4.94182e-16
5549  4.93059e-16
5550  4.92022e-16
5551  4.91072e-16
5552  4.9021e-16
5553  4.89439e-16
5554  4.88761e-16
5555  4.88175e-16
5556  4.87685e-16
5557  4.87291e-16
5558  4.86995e-16
5559  4.86796e-16
5560  4.86697e-16
5561  4.86698e-16
5562  4.86799e-16
5563  4.87001e-16
5564  4.87305e-16
5565  4.8771e-16
5566  4.88216e-16
5567  4.88824e-16
5568  4.89534e-16
5569  4.90344e-16
5570  4.91255e-16
5571  4.92265e-16
5572  4.93375e-16
5573  4.94583e-16
5574  4.95888e-16
5575  4.9729e-16
5576  4.98786e-16
5577  5.00375e-16
5578  5.02057e-16
5579  5.03829e-16
5580  5.05689e-16
5581  5.07636e-16
5582  5.09667e-16
5583  5.11781e-16
5584  5.13975e-16
5585  5.16247e-16
5586  5.18595e-16
5587  5.21015e-16
5588  5.23506e-16
5589  5.26065e-16
5590  5.28688e-16
5591  5.31374e-16
5592  5.34118e-16
5593  5.36918e-16
5594  5.39772e-16
5595  5.42674e-16
5596  5.45624e-16
5597  5.48617e-16
5598  5.51649e-16
5599  5.54718e-16
5600  5.57821e-16
5601  5.60953e-16
5602  5.64112e-16
5603  5.67293e-16
5604  5.70494e-16
5605  5.73711e-16
5606  5.7694e-16
5607  5.80179e-16
5608  5.83423e-16
5609  5.86669e-16
5610  5.89914e-16
5611  5.93154e-16
5612  5.96386e-16
5613  5.99607e-16
5614  6.02813e-16
5615  6.06002e-16
5616  6.09169e-16
5617  6.12312e-16
5618  6.15428e-16
5619  6.18514e-16
5620  6.21566e-16
5621  6.24583e-16
5622  6.2756e-16
5623  6.30497e-16
5624  6.33389e-16
5625  6.36235e-16
5626  6.39032e-16
5627  6.41778e-16
5628  6.4447e-16
5629  6.47107e-16
5630  6.49687e-16
5631  6.52207e-16
5632  6.54666e-16
5633  6.57062e-16
5634  6.59393e-16
5635  6.61659e-16
5636  6.63858e-16
5637  6.65989e-16
5638  6.6805e-16
5639  6.70041e-16
5640  6.71961e-16
5641  6.73809e-16
5642  6.75584e-16
5643  6.77287e-16
5644  6.78916e-16
5645  6.80472e-16
5646  6.81954e-16
5647  6.83363e-16
5648  6.84698e-16
5649  6.85961e-16
5650  6.8715e-16
5651  6.88266e-16
5652  6.89311e-16
5653  6.90285e-16
5654  6.91188e-16
5655  6.92022e-16
5656  6.92787e-16
5657  6.93485e-16
5658  6.94116e-16
5659  6.94682e-16
5660  6.95185e-16
5661  6.95625e-16
5662  6.96004e-16
5663  6.96323e-16
5664  6.96586e-16
5665  6.96792e-16
5666  6.96943e-16
5667  6.97043e-16
5668  6.97092e-16
5669  6.97092e-16
5670  6.97046e-16
5671  6.96955e-16
5672  6.96821e-16
5673  6.96647e-16
5674  6.96435e-16
5675  6.96186e-16
5676  6.95904e-16
5677  6.95589e-16
5678  6.95245e-16
5679  6.94874e-16
5680  6.94477e-16
5681  6.94057e-16
5682  6.93616e-16
5683  6.93156e-16
5684  6.9268e-16
5685  6.9219e-16
5686  6.91688e-16
5687  6.91175e-16
5688  6.90655e-16
5689  6.90129e-16
5690  6.89599e-16
5691  6.89068e-16
5692  6.88536e-16
5693  6.88007e-16
5694  6.87482e-16
5695  6.86963e-16
5696  6.86451e-16
5697  6.85949e-16
5698  6.85458e-16
5699  6.8498e-16
5700  6.84515e-16
5701  6.84067e-16
5702  6.83636e-16
5703  6.83224e-16
5704  6.82831e-16
5705  6.8246e-16
5706  6.8211e-16
5707  6.81785e-16
5708  6.81484e-16
5709  6.81208e-16
5710  6.80958e-16
5711  6.80736e-16
5712  6.80541e-16
5713  6.80375e-16
5714  6.80238e-16
5715  6.8013e-16
5716  6.80052e-16
5717  6.80005e-16
5718  6.79988e-16
5719  6.80002e-16
5720  6.80047e-16
5721  6.80122e-16
5722  6.80229e-16
5723  6.80366e-16
5724  6.80534e-16
5725  6.80732e-16
5726  6.8096e-16
5727  6.81218e-16
5728  6.81505e-16
5729  6.8182e-16
5730  6.82163e-16
5731  6.82534e-16
5732  6.82931e-16
5733  6.83353e-16
5734  6.83801e-16
5735  6.84272e-16
5736  6.84767e-16
5737  6.85283e-16
5738  6.8582e-16
5739  6.86377e-16
5740  6.86952e-16
5741  6.87544e-16
5742  6.88153e-16
5743  6.88776e-16
5744  6.89412e-16
5745  6.90061e-16
5746  6.90719e-16
5747  6.91387e-16
5748  6.92062e-16
5749  6.92743e-16
5750  6.93428e-16
5751  6.94116e-16
5752  6.94805e-16
5753  6.95494e-16
5754  6.96181e-16
5755  6.96864e-16
5756  6.97541e-16
5757  6.98212e-16
5758  6.98874e-16
5759  6.99525e-16
5760  7.00165e-16
5761  7.00791e-16
5762  7.01401e-16
5763  7.01995e-16
5764  7.0257e-16
5765  7.03124e-16
5766  7.03657e-16
5767  7.04167e-16
5768  7.04652e-16
5769  7.0511e-16
5770  7.0554e-16
5771  7.05941e-16
5772  7.06311e-16
5773  7.06649e-16
5774  7.06953e-16
5775  7.07222e-16
5776  7.07455e-16
5777  7.07651e-16
5778  7.07807e-16
5779  7.07925e-16
5780  7.08001e-16
5781  7.08035e-16
5782  7.08027e-16
5783  7.07975e-16
5784  7.07878e-16
5785  7.07736e-16
5786  7.07547e-16
5787  7.07312e-16
5788  7.07029e-16
5789  7.06698e-16
5790  7.06319e-16
5791  7.0589e-16
5792  7.05413e-16
5793  7.04885e-16
5794  7.04308e-16
5795  7.03681e-16
5796  7.03004e-16
5797  7.02277e-16
5798  7.015e-16
5799  7.00673e-16
5800  6.99796e-16
5801  6.9887e-16
5802  6.97895e-16
5803  6.96871e-16
5804  6.95799e-16
5805  6.9468e-16
5806  6.93513e-16
5807  6.92301e-16
5808  6.91042e-16
5809  6.89739e-16
5810  6.88392e-16
5811  6.87002e-16
5812  6.8557e-16
5813  6.84097e-16
5814  6.82584e-16
5815  6.81032e-16
5816  6.79443e-16
5817  6.77818e-16
5818  6.76157e-16
5819  6.74464e-16
5820  6.72738e-16
5821  6.70981e-16
5822  6.69195e-16
5823  6.67381e-16
5824  6.65541e-16
5825  6.63676e-16
5826  6.61789e-16
5827  6.59879e-16
5828  6.5795e-16
5829  6.56003e-16
5830  6.5404e-16
5831  6.52061e-16
5832  6.5007e-16
5833  6.48067e-16
5834  6.46055e-16
5835  6.44035e-16
5836  6.42008e-16
5837  6.39977e-16
5838  6.37944e-16
5839  6.35909e-16
5840  6.33875e-16
5841  6.31843e-16
5842  6.29815e-16
5843  6.27793e-16
5844  6.25778e-16
5845  6.23772e-16
5846  6.21776e-16
5847  6.19791e-16
5848  6.1782e-16
5849  6.15864e-16
5850  6.13924e-16
5851  6.12002e-16
5852  6.10098e-16
5853  6.08215e-16
5854  6.06353e-16
5855  6.04513e-16
5856  6.02697e-16
5857  6.00906e-16
5858  5.99141e-16
5859  5.97403e-16
5860  5.95693e-16
5861  5.94011e-16
5862  5.92358e-16
5863  5.90736e-16
5864  5.89145e-16
5865  5.87586e-16
5866  5.86059e-16
5867  5.84564e-16
5868  5.83103e-16
5869  5.81675e-16
5870  5.80282e-16
5871  5.78923e-16
5872  5.77598e-16
5873  5.76308e-16
5874  5.75054e-16
5875  5.73834e-16
5876  5.72649e-16
5877  5.715e-16
5878  5.70385e-16
5879  5.69305e-16
5880  5.68261e-16
5881  5.6725e-16
5882  5.66274e-16
5883  5.65332e-16
5884  5.64423e-16
5885  5.63548e-16
5886  5.62706e-16
5887  5.61896e-16
5888  5.61118e-16
5889  5.60371e-16
5890  5.59655e-16
5891  5.5897e-16
5892  5.58314e-16
5893  5.57687e-16
5894  5.57089e-16
5895  5.56518e-16
5896  5.55974e-16
5897  5.55457e-16
5898  5.54965e-16
5899  5.54498e-16
5900  5.54055e-16
5901  5.53636e-16
5902  5.53239e-16
5903  5.52864e-16
5904  5.52511e-16
5905  5.52177e-16
5906  5.51863e-16
5907  5.51568e-16
5908  5.51291e-16
5909  5.51032e-16
5910  5.50789e-16
5911  5.50561e-16
5912  5.50349e-16
5913  5.50152e-16
5914  5.49968e-16
5915  5.49797e-16
5916  5.49638e-16
5917  5.49492e-16
5918  5.49356e-16
5919  5.49231e-16
5920  5.49115e-16
5921  5.49009e-16
5922  5.48912e-16
5923  5.48823e-16
5924  5.48741e-16
5925  5.48667e-16
5926  5.48599e-16
5927  5.48538e-16
5928  5.48482e-16
5929  5.48432e-16
5930  5.48387e-16
5931  5.48346e-16
5932  5.48309e-16
5933  5.48276e-16
5934  5.48247e-16
5935  5.48221e-16
5936  5.48198e-16
5937  5.48178e-16
5938  5.4816e-16
5939  5.48144e-16
5940  5.4813e-16
5941  5.48118e-16
5942  5.48108e-16
5943  5.48099e-16
5944  5.48091e-16
5945  5.48085e-16
5946  5.48079e-16
5947  5.48074e-16
5948  5.4807e-16
5949  5.48067e-16
5950  5.48064e-16
5951  5.48062e-16
5952  5.4806e-16
5953  5.48059e-16
5954  5.48058e-16
5955  5.48057e-16
5956  5.48056e-16
5957  5.48056e-16
5958  5.48055e-16
5959  5.48055e-16
5960  5.48055e-16
5961  5.48055e-16
5962  5.48055e-16
5963  5.48055e-16
5964  5.48055e-16
5965  5.48055e-16
5966  5.48055e-16
5967  5.48055e-16
5968  5.48055e-16
5969  5.48055e-16
5970  5.48055e-16
5971  5.48055e-16
5972  5.48055e-16
5973  5.48055e-16
5974  5.48055e-16
5975  5.48055e-16
5976  5.48055e-16
5977  5.48055e-16
5978  5.48055e-16
5979  5.48055e-16
5980  5.48055e-16
5981  5.48055e-16
5982  5.48055e-16
5983  5.48055e-16
5984  5.48055e-16
5985  5.48055e-16
5986  5.48055e-16
5987  5.48055e-16
5988  5.48055e-16
5989  5.48055e-16
5990  5.48055e-16
5991  5.48055e-16
5992  5.48055e-16
5993  5.48055e-16
5994  5.48055e-16
5995  5.48055e-16
5996  5.48055e-16
5997  5.48055e-16
5998  5.48055e-16
5999  5.48055e-16
6000  5.48055e-16
6001  5.48055e-16
6002  5.48055e-16
6003  5.48055e-16