#-2.8318653203928044
3711  1.09749e-16
3712  1.08838e-16
3713  1.07925e-16
3714  1.07013e-16
3715  1.06102e-16
3716  1.05194e-16
3717  1.0429e-16
3718  1.03392e-16
3719  1.025e-16
3720  1.01616e-16
3721  1.00742e-16
3722  9.98774e-17
3723  9.90247e-17
3724  9.81848e-17
3725  9.73589e-17
3726  9.65479e-17
3727  9.57531e-17
3728  9.49755e-17
3729  9.4216e-17
3730  9.34757e-17
3731  9.27555e-17
3732  9.20563e-17
3733  9.13789e-17
3734  9.07241e-17
3735  9.00926e-17
3736  8.94851e-17
3737  8.89022e-17
3738  8.83445e-17
3739  8.78126e-17
3740  8.73067e-17
3741  8.68274e-17
3742  8.6375e-17
3743  8.59497e-17
3744  8.55518e-17
3745  8.51812e-17
3746  8.48382e-17
3747  8.45228e-17
3748  8.42348e-17
3749  8.39741e-17
3750  8.37407e-17
3751  8.35341e-17
3752  8.33542e-17
3753  8.32005e-17
3754  8.30726e-17
3755  8.297e-17
3756  8.28922e-17
3757  8.28386e-17
3758  8.28086e-17
3759  8.28014e-17
3760  8.28162e-17
3761  8.28524e-17
3762  8.29091e-17
3763  8.29853e-17
3764  8.30802e-17
3765  8.31929e-17
3766  8.33223e-17
3767  8.34675e-17
3768  8.36275e-17
3769  8.38011e-17
3770  8.39874e-17
3771  8.41853e-17
3772  8.43936e-17
3773  8.46114e-17
3774  8.48374e-17
3775  8.50707e-17
3776  8.53102e-17
3777  8.55547e-17
3778  8.58033e-17
3779  8.60549e-17
3780  8.63085e-17
3781  8.65631e-17
3782  8.68179e-17
3783  8.70717e-17
3784  8.73239e-17
3785  8.75736e-17
3786  8.78199e-17
3787  8.80622e-17
3788  8.82998e-17
3789  8.8532e-17
3790  8.87582e-17
3791  8.89781e-17
3792  8.9191e-17
3793  8.93968e-17
3794  8.9595e-17
3795  8.97854e-17
3796  8.99679e-17
3797  9.01425e-17
3798  9.0309e-17
3799  9.04676e-17
3800  9.06185e-17
3801  9.07619e-17
3802  9.08982e-17
3803  9.10276e-17
3804  9.11508e-17
3805  9.12683e-17
3806  9.13808e-17
3807  9.14889e-17
3808  9.15936e-17
3809  9.16958e-17
3810  9.17963e-17
3811  9.18963e-17
3812  9.19969e-17
3813  9.20992e-17
3814  9.22047e-17
3815  9.23146e-17
3816  9.24303e-17
3817  9.25533e-17
3818  9.26851e-17
3819  9.28273e-17
3820  9.29815e-17
3821  9.31494e-17
3822  9.33328e-17
3823  9.35334e-17
3824  9.37529e-17
3825  9.39933e-17
3826  9.42562e-17
3827  9.45437e-17
3828  9.48576e-17
3829  9.51997e-17
3830  9.55719e-17
3831  9.59761e-17
3832  9.64143e-17
3833  9.68881e-17
3834  9.73996e-17
3835  9.79504e-17
3836  9.85424e-17
3837  9.91772e-17
3838  9.98566e-17
3839  1.00582e-16
3840  1.01356e-16
3841  1.02178e-16
3842  1.03052e-16
3843  1.03977e-16
3844  1.04956e-16
3845  1.0599e-16
3846  1.0708e-16
3847  1.08226e-16
3848  1.0943e-16
3849  1.10692e-16
3850  1.12014e-16
3851  1.13396e-16
3852  1.14838e-16
3853  1.16341e-16
3854  1.17905e-16
3855  1.1953e-16
3856  1.21217e-16
3857  1.22964e-16
3858  1.24772e-16
3859  1.2664e-16
3860  1.28568e-16
3861  1.30555e-16
3862  1.326e-16
3863  1.34702e-16
3864  1.36861e-16
3865  1.39074e-16
3866  1.41341e-16
3867  1.4366e-16
3868  1.46028e-16
3869  1.48446e-16
3870  1.50909e-16
3871  1.53417e-16
3872  1.55967e-16
3873  1.58557e-16
3874  1.61184e-16
3875  1.63846e-16
3876  1.66539e-16
3877  1.69261e-16
3878  1.7201e-16
3879  1.74781e-16
3880  1.77573e-16
3881  1.80381e-16
3882  1.83202e-16
3883  1.86033e-16
3884  1.8887e-16
3885  1.9171e-16
3886  1.94549e-16
3887  1.97383e-16
3888  2.00209e-16
3889  2.03022e-16
3890  2.0582e-16
3891  2.08597e-16
3892  2.11351e-16
3893  2.14077e-16
3894  2.16772e-16
3895  2.19431e-16
3896  2.22051e-16
3897  2.24627e-16
3898  2.27157e-16
3899  2.29635e-16
3900  2.3206e-16
3901  2.34425e-16
3902  2.36729e-16
3903  2.38968e-16
3904  2.41138e-16
3905  2.43235e-16
3906  2.45257e-16
3907  2.472e-16
3908  2.49061e-16
3909  2.50838e-16
3910  2.52527e-16
3911  2.54125e-16
3912  2.5563e-16
3913  2.57041e-16
3914  2.58353e-16
3915  2.59566e-16
3916  2.60677e-16
3917  2.61684e-16
3918  2.62587e-16
3919  2.63383e-16
3920  2.64071e-16
3921  2.6465e-16
3922  2.65119e-16
3923  2.65478e-16
3924  2.65726e-16
3925  2.65862e-16
3926  2.65887e-16
3927  2.65801e-16
3928  2.65603e-16
3929  2.65295e-16
3930  2.64877e-16
3931  2.6435e-16
3932  2.63714e-16
3933  2.62972e-16
3934  2.62125e-16
3935  2.61174e-16
3936  2.60122e-16
3937  2.58969e-16
3938  2.57719e-16
3939  2.56374e-16
3940  2.54937e-16
3941  2.5341e-16
3942  2.51795e-16
3943  2.50097e-16
3944  2.48319e-16
3945  2.46463e-16
3946  2.44533e-16
3947  2.42534e-16
3948  2.40468e-16
3949  2.3834e-16
3950  2.36154e-16
3951  2.33914e-16
3952  2.31623e-16
3953  2.29287e-16
3954  2.2691e-16
3955  2.24496e-16
3956  2.2205e-16
3957  2.19576e-16
3958  2.1708e-16
3959  2.14565e-16
3960  2.12036e-16
3961  2.09499e-16
3962  2.06957e-16
3963  2.04416e-16
3964  2.0188e-16
3965  1.99355e-16
3966  1.96844e-16
3967  1.94352e-16
3968  1.91884e-16
3969  1.89444e-16
3970  1.87038e-16
3971  1.84668e-16
3972  1.8234e-16
3973  1.80058e-16
3974  1.77825e-16
3975  1.75646e-16
3976  1.73525e-16
3977  1.71465e-16
3978  1.6947e-16
3979  1.67544e-16
3980  1.65689e-16
3981  1.63909e-16
3982  1.62207e-16
3983  1.60586e-16
3984  1.59048e-16
3985  1.57597e-16
3986  1.56233e-16
3987  1.5496e-16
3988  1.53779e-16
3989  1.52692e-16
3990  1.51701e-16
3991  1.50806e-16
3992  1.5001e-16
3993  1.49312e-16
3994  1.48715e-16
3995  1.48217e-16
3996  1.4782e-16
3997  1.47524e-16
3998  1.47328e-16
3999  1.47233e-16
4000  1.47238e-16
4001  1.47341e-16
4002  1.47543e-16
4003  1.47842e-16
4004  1.48237e-16
4005  1.48726e-16
4006  1.49308e-16
4007  1.4998e-16
4008  1.50741e-16
4009  1.51589e-16
4010  1.52521e-16
4011  1.53534e-16
4012  1.54626e-16
4013  1.55794e-16
4014  1.57036e-16
4015  1.58347e-16
4016  1.59724e-16
4017  1.61165e-16
4018  1.62665e-16
4019  1.64221e-16
4020  1.65829e-16
4021  1.67486e-16
4022  1.69187e-16
4023  1.70928e-16
4024  1.72706e-16
4025  1.74516e-16
4026  1.76354e-16
4027  1.78216e-16
4028  1.80098e-16
4029  1.81994e-16
4030  1.83902e-16
4031  1.85816e-16
4032  1.87733e-16
4033  1.89647e-16
4034  1.91556e-16
4035  1.93453e-16
4036  1.95336e-16
4037  1.97201e-16
4038  1.99042e-16
4039  2.00856e-16
4040  2.02638e-16
4041  2.04386e-16
4042  2.06095e-16
4043  2.07762e-16
4044  2.09382e-16
4045  2.10953e-16
4046  2.1247e-16
4047  2.13931e-16
4048  2.15332e-16
4049  2.16671e-16
4050  2.17944e-16
4051  2.19149e-16
4052  2.20283e-16
4053  2.21343e-16
4054  2.22328e-16
4055  2.23235e-16
4056  2.24063e-16
4057  2.24809e-16
4058  2.25471e-16
4059  2.26049e-16
4060  2.26541e-16
4061  2.26946e-16
4062  2.27264e-16
4063  2.27492e-16
4064  2.27631e-16
4065  2.2768e-16
4066  2.2764e-16
4067  2.27509e-16
4068  2.27289e-16
4069  2.2698e-16
4070  2.26581e-16
4071  2.26094e-16
4072  2.2552e-16
4073  2.2486e-16
4074  2.24114e-16
4075  2.23284e-16
4076  2.22372e-16
4077  2.21379e-16
4078  2.20308e-16
4079  2.19159e-16
4080  2.17935e-16
4081  2.16639e-16
4082  2.15272e-16
4083  2.13838e-16
4084  2.12338e-16
4085  2.10776e-16
4086  2.09154e-16
4087  2.07475e-16
4088  2.05743e-16
4089  2.03959e-16
4090  2.02128e-16
4091  2.00253e-16
4092  1.98337e-16
4093  1.96383e-16
4094  1.94395e-16
4095  1.92376e-16
4096  1.90329e-16
4097  1.88259e-16
4098  1.86169e-16
4099  1.84062e-16
4100  1.81942e-16
4101  1.79812e-16
4102  1.77676e-16
4103  1.75538e-16
4104  1.73401e-16
4105  1.71268e-16
4106  1.69143e-16
4107  1.67029e-16
4108  1.6493e-16
4109  1.62849e-16
4110  1.6079e-16
4111  1.58754e-16
4112  1.56746e-16
4113  1.54768e-16
4114  1.52824e-16
4115  1.50916e-16
4116  1.49047e-16
4117  1.47219e-16
4118  1.45435e-16
4119  1.43698e-16
4120  1.42009e-16
4121  1.40371e-16
4122  1.38786e-16
4123  1.37256e-16
4124  1.35783e-16
4125  1.34368e-16
4126  1.33013e-16
4127  1.3172e-16
4128  1.30489e-16
4129  1.29321e-16
4130  1.28219e-16
4131  1.27182e-16
4132  1.26211e-16
4133  1.25307e-16
4134  1.24471e-16
4135  1.23702e-16
4136  1.23001e-16
4137  1.22367e-16
4138  1.21802e-16
4139  1.21304e-16
4140  1.20873e-16
4141  1.20509e-16
4142  1.20211e-16
4143  1.19978e-16
4144  1.1981e-16
4145  1.19705e-16
4146  1.19662e-16
4147  1.19681e-16
4148  1.19759e-16
4149  1.19896e-16
4150  1.2009e-16
4151  1.20339e-16
4152  1.20641e-16
4153  1.20995e-16
4154  1.214e-16
4155  1.21852e-16
4156  1.2235e-16
4157  1.22892e-16
4158  1.23476e-16
4159  1.24099e-16
4160  1.24759e-16
4161  1.25455e-16
4162  1.26183e-16
4163  1.26941e-16
4164  1.27728e-16
4165  1.2854e-16
4166  1.29374e-16
4167  1.3023e-16
4168  1.31104e-16
4169  1.31993e-16
4170  1.32895e-16
4171  1.33809e-16
4172  1.3473e-16
4173  1.35658e-16
4174  1.36589e-16
4175  1.37522e-16
4176  1.38453e-16
4177  1.39381e-16
4178  1.40303e-16
4179  1.41217e-16
4180  1.42121e-16
4181  1.43013e-16
4182  1.43891e-16
4183  1.44753e-16
4184  1.45597e-16
4185  1.4642e-16
4186  1.47222e-16
4187  1.48001e-16
4188  1.48754e-16
4189  1.49481e-16
4190  1.5018e-16
4191  1.50849e-16
4192  1.51488e-16
4193  1.52094e-16
4194  1.52668e-16
4195  1.53207e-16
4196  1.53711e-16
4197  1.54179e-16
4198  1.5461e-16
4199  1.55003e-16
4200  1.55358e-16
4201  1.55675e-16
4202  1.55953e-16
4203  1.56191e-16
4204  1.5639e-16
4205  1.56549e-16
4206  1.56668e-16
4207  1.56747e-16
4208  1.56786e-16
4209  1.56786e-16
4210  1.56746e-16
4211  1.56668e-16
4212  1.5655e-16
4213  1.56395e-16
4214  1.56202e-16
4215  1.55973e-16
4216  1.55707e-16
4217  1.55405e-16
4218  1.55069e-16
4219  1.54699e-16
4220  1.54297e-16
4221  1.53862e-16
4222  1.53397e-16
4223  1.52902e-16
4224  1.52378e-16
4225  1.51827e-16
4226  1.51249e-16
4227  1.50647e-16
4228  1.50021e-16
4229  1.49372e-16
4230  1.48702e-16
4231  1.48012e-16
4232  1.47304e-16
4233  1.46579e-16
4234  1.45838e-16
4235  1.45082e-16
4236  1.44313e-16
4237  1.43533e-16
4238  1.42742e-16
4239  1.41943e-16
4240  1.41135e-16
4241  1.40322e-16
4242  1.39504e-16
4243  1.38682e-16
4244  1.37857e-16
4245  1.37032e-16
4246  1.36207e-16
4247  1.35383e-16
4248  1.34562e-16
4249  1.33744e-16
4250  1.32932e-16
4251  1.32125e-16
4252  1.31325e-16
4253  1.30533e-16
4254  1.2975e-16
4255  1.28977e-16
4256  1.28214e-16
4257  1.27463e-16
4258  1.26724e-16
4259  1.25999e-16
4260  1.25287e-16
4261  1.24589e-16
4262  1.23906e-16
4263  1.23239e-16
4264  1.22587e-16
4265  1.21952e-16
4266  1.21334e-16
4267  1.20733e-16
4268  1.2015e-16
4269  1.19584e-16
4270  1.19036e-16
4271  1.18506e-16
4272  1.17995e-16
4273  1.17501e-16
4274  1.17026e-16
4275  1.16569e-16
4276  1.1613e-16
4277  1.1571e-16
4278  1.15307e-16
4279  1.14922e-16
4280  1.14555e-16
4281  1.14205e-16
4282  1.13872e-16
4283  1.13556e-16
4284  1.13256e-16
4285  1.12973e-16
4286  1.12705e-16
4287  1.12452e-16
4288  1.12214e-16
4289  1.1199e-16
4290  1.11781e-16
4291  1.11585e-16
4292  1.11402e-16
4293  1.11231e-16
4294  1.11072e-16
4295  1.10925e-16
4296  1.10788e-16
4297  1.10663e-16
4298  1.10547e-16
4299  1.1044e-16
4300  1.10342e-16
4301  1.10253e-16
4302  1.10171e-16
4303  1.10097e-16
4304  1.1003e-16
4305  1.09969e-16
4306  1.09914e-16
4307  1.09865e-16
4308  1.09821e-16
4309  1.09782e-16
4310  1.09747e-16
4311  1.09717e-16
4312  1.0969e-16
4313  1.09666e-16
4314  1.09646e-16
4315  1.09629e-16
4316  1.09615e-16
4317  1.09603e-16
4318  1.09594e-16
4319  1.09587e-16
4320  1.09582e-16
4321  1.09579e-16
4322  1.09579e-16
4323  1.0958e-16
4324  1.09584e-16
4325  1.09591e-16
4326  1.09599e-16
4327  1.0961e-16
4328  1.09624e-16
4329  1.09641e-16
4330  1.09661e-16
4331  1.09685e-16
4332  1.09712e-16
4333  1.09743e-16
4334  1.09779e-16
4335  1.0982e-16
4336  1.09866e-16
4337  1.09917e-16
4338  1.09975e-16
4339  1.1004e-16
4340  1.10111e-16
4341  1.10191e-16
4342  1.10279e-16
4343  1.10375e-16
4344  1.10481e-16
4345  1.10598e-16
4346  1.10725e-16
4347  1.10863e-16
4348  1.11014e-16
4349  1.11177e-16
4350  1.11354e-16
4351  1.11545e-16
4352  1.1175e-16
4353  1.11971e-16
4354  1.12209e-16
4355  1.12463e-16
4356  1.12736e-16
4357  1.13026e-16
4358  1.13336e-16
4359  1.13665e-16
4360  1.14015e-16
4361  1.14386e-16
4362  1.14778e-16
4363  1.15194e-16
4364  1.15632e-16
4365  1.16094e-16
4366  1.1658e-16
4367  1.17092e-16
4368  1.17628e-16
4369  1.18191e-16
4370  1.18781e-16
4371  1.19398e-16
4372  1.20042e-16
4373  1.20714e-16
4374  1.21415e-16
4375  1.22145e-16
4376  1.22904e-16
4377  1.23693e-16
4378  1.24512e-16
4379  1.25361e-16
4380  1.2624e-16
4381  1.2715e-16
4382  1.28091e-16
4383  1.29063e-16
4384  1.30066e-16
4385  1.31101e-16
4386  1.32166e-16
4387  1.33263e-16
4388  1.34392e-16
4389  1.35551e-16
4390  1.36741e-16
4391  1.37963e-16
4392  1.39215e-16
4393  1.40497e-16
4394  1.4181e-16
4395  1.43153e-16
4396  1.44526e-16
4397  1.45928e-16
4398  1.47358e-16
4399  1.48818e-16
4400  1.50305e-16
4401  1.5182e-16
4402  1.53361e-16
4403  1.54929e-16
4404  1.56523e-16
4405  1.58142e-16
4406  1.59785e-16
4407  1.61452e-16
4408  1.63143e-16
4409  1.64855e-16
4410  1.66589e-16
4411  1.68343e-16
4412  1.70118e-16
4413  1.71911e-16
4414  1.73722e-16
4415  1.75551e-16
4416  1.77395e-16
4417  1.79255e-16
4418  1.81129e-16
4419  1.83016e-16
4420  1.84915e-16
4421  1.86826e-16
4422  1.88746e-16
4423  1.90676e-16
4424  1.92613e-16
4425  1.94557e-16
4426  1.96507e-16
4427  1.98461e-16
4428  2.00419e-16
4429  2.02379e-16
4430  2.04341e-16
4431  2.06302e-16
4432  2.08262e-16
4433  2.1022e-16
4434  2.12174e-16
4435  2.14124e-16
4436  2.16067e-16
4437  2.18004e-16
4438  2.19933e-16
4439  2.21852e-16
4440  2.23761e-16
4441  2.25658e-16
4442  2.27543e-16
4443  2.29414e-16
4444  2.3127e-16
4445  2.33109e-16
4446  2.34932e-16
4447  2.36736e-16
4448  2.38521e-16
4449  2.40286e-16
4450  2.4203e-16
4451  2.43751e-16
4452  2.45448e-16
4453  2.47122e-16
4454  2.4877e-16
4455  2.50392e-16
4456  2.51987e-16
4457  2.53555e-16
4458  2.55093e-16
4459  2.56602e-16
4460  2.58081e-16
4461  2.59528e-16
4462  2.60944e-16
4463  2.62327e-16
4464  2.63677e-16
4465  2.64993e-16
4466  2.66275e-16
4467  2.67522e-16
4468  2.68733e-16
4469  2.69909e-16
4470  2.71048e-16
4471  2.7215e-16
4472  2.73216e-16
4473  2.74243e-16
4474  2.75233e-16
4475  2.76185e-16
4476  2.77098e-16
4477  2.77973e-16
4478  2.7881e-16
4479  2.79608e-16
4480  2.80367e-16
4481  2.81087e-16
4482  2.81769e-16
4483  2.82412e-16
4484  2.83016e-16
4485  2.83583e-16
4486  2.84111e-16
4487  2.84601e-16
4488  2.85054e-16
4489  2.85469e-16
4490  2.85847e-16
4491  2.86189e-16
4492  2.86495e-16
4493  2.86765e-16
4494  2.87001e-16
4495  2.87201e-16
4496  2.87368e-16
4497  2.87502e-16
4498  2.87603e-16
4499  2.87672e-16
4500  2.8771e-16
4501  2.87718e-16
4502  2.87696e-16
4503  2.87646e-16
4504  2.87568e-16
4505  2.87462e-16
4506  2.87331e-16
4507  2.87175e-16
4508  2.86995e-16
4509  2.86791e-16
4510  2.86566e-16
4511  2.8632e-16
4512  2.86053e-16
4513  2.85768e-16
4514  2.85465e-16
4515  2.85146e-16
4516  2.8481e-16
4517  2.84461e-16
4518  2.84098e-16
4519  2.83723e-16
4520  2.83336e-16
4521  2.8294e-16
4522  2.82535e-16
4523  2.82123e-16
4524  2.81704e-16
4525  2.81279e-16
4526  2.8085e-16
4527  2.80419e-16
4528  2.79985e-16
4529  2.7955e-16
4530  2.79115e-16
4531  2.78681e-16
4532  2.7825e-16
4533  2.77822e-16
4534  2.77398e-16
4535  2.76979e-16
4536  2.76566e-16
4537  2.7616e-16
4538  2.75762e-16
4539  2.75372e-16
4540  2.74992e-16
4541  2.74622e-16
4542  2.74263e-16
4543  2.73916e-16
4544  2.73581e-16
4545  2.73259e-16
4546  2.72951e-16
4547  2.72656e-16
4548  2.72376e-16
4549  2.72111e-16
4550  2.71861e-16
4551  2.71627e-16
4552  2.71409e-16
4553  2.71207e-16
4554  2.71022e-16
4555  2.70853e-16
4556  2.707e-16
4557  2.70565e-16
4558  2.70446e-16
4559  2.70344e-16
4560  2.70258e-16
4561  2.70189e-16
4562  2.70135e-16
4563  2.70098e-16
4564  2.70077e-16
4565  2.70071e-16
4566  2.70079e-16
4567  2.70103e-16
4568  2.7014e-16
4569  2.7019e-16
4570  2.70254e-16
4571  2.7033e-16
4572  2.70417e-16
4573  2.70516e-16
4574  2.70624e-16
4575  2.70742e-16
4576  2.70869e-16
4577  2.71003e-16
4578  2.71145e-16
4579  2.71292e-16
4580  2.71445e-16
4581  2.71601e-16
4582  2.71761e-16
4583  2.71923e-16
4584  2.72086e-16
4585  2.72249e-16
4586  2.72411e-16
4587  2.72572e-16
4588  2.72729e-16
4589  2.72882e-16
4590  2.73029e-16
4591  2.73171e-16
4592  2.73305e-16
4593  2.7343e-16
4594  2.73546e-16
4595  2.73651e-16
4596  2.73744e-16
4597  2.73824e-16
4598  2.7389e-16
4599  2.73942e-16
4600  2.73977e-16
4601  2.73996e-16
4602  2.73996e-16
4603  2.73977e-16
4604  2.73939e-16
4605  2.73879e-16
4606  2.73798e-16
4607  2.73695e-16
4608  2.73568e-16
4609  2.73417e-16
4610  2.73241e-16
4611  2.7304e-16
4612  2.72812e-16
4613  2.72557e-16
4614  2.72275e-16
4615  2.71965e-16
4616  2.71627e-16
4617  2.71259e-16
4618  2.70862e-16
4619  2.70436e-16
4620  2.6998e-16
4621  2.69493e-16
4622  2.68976e-16
4623  2.68429e-16
4624  2.6785e-16
4625  2.67241e-16
4626  2.66602e-16
4627  2.65932e-16
4628  2.65231e-16
4629  2.645e-16
4630  2.63739e-16
4631  2.62947e-16
4632  2.62127e-16
4633  2.61277e-16
4634  2.60399e-16
4635  2.59492e-16
4636  2.58557e-16
4637  2.57596e-16
4638  2.56607e-16
4639  2.55593e-16
4640  2.54554e-16
4641  2.53491e-16
4642  2.52403e-16
4643  2.51293e-16
4644  2.50161e-16
4645  2.49008e-16
4646  2.47836e-16
4647  2.46644e-16
4648  2.45434e-16
4649  2.44207e-16
4650  2.42964e-16
4651  2.41707e-16
4652  2.40436e-16
4653  2.39153e-16
4654  2.37859e-16
4655  2.36554e-16
4656  2.35241e-16
4657  2.3392e-16
4658  2.32593e-16
4659  2.31262e-16
4660  2.29926e-16
4661  2.28588e-16
4662  2.27249e-16
4663  2.25911e-16
4664  2.24574e-16
4665  2.2324e-16
4666  2.2191e-16
4667  2.20586e-16
4668  2.19269e-16
4669  2.1796e-16
4670  2.1666e-16
4671  2.15371e-16
4672  2.14094e-16
4673  2.12831e-16
4674  2.11581e-16
4675  2.10348e-16
4676  2.09132e-16
4677  2.07934e-16
4678  2.06755e-16
4679  2.05596e-16
4680  2.04459e-16
4681  2.03345e-16
4682  2.02254e-16
4683  2.01188e-16
4684  2.00147e-16
4685  1.99134e-16
4686  1.98147e-16
4687  1.97189e-16
4688  1.96261e-16
4689  1.95362e-16
4690  1.94494e-16
4691  1.93657e-16
4692  1.92853e-16
4693  1.92082e-16
4694  1.91344e-16
4695  1.9064e-16
4696  1.8997e-16
4697  1.89336e-16
4698  1.88736e-16
4699  1.88173e-16
4700  1.87646e-16
4701  1.87154e-16
4702  1.867e-16
4703  1.86282e-16
4704  1.85901e-16
4705  1.85557e-16
4706  1.8525e-16
4707  1.8498e-16
4708  1.84747e-16
4709  1.84551e-16
4710  1.84392e-16
4711  1.84269e-16
4712  1.84182e-16
4713  1.84131e-16
4714  1.84117e-16
4715  1.84137e-16
4716  1.84192e-16
4717  1.84282e-16
4718  1.84405e-16
4719  1.84562e-16
4720  1.84752e-16
4721  1.84973e-16
4722  1.85227e-16
4723  1.85511e-16
4724  1.85825e-16
4725  1.86168e-16
4726  1.8654e-16
4727  1.86939e-16
4728  1.87365e-16
4729  1.87817e-16
4730  1.88293e-16
4731  1.88794e-16
4732  1.89317e-16
4733  1.89862e-16
4734  1.90427e-16
4735  1.91013e-16
4736  1.91616e-16
4737  1.92237e-16
4738  1.92875e-16
4739  1.93527e-16
4740  1.94193e-16
4741  1.94872e-16
4742  1.95562e-16
4743  1.96262e-16
4744  1.96971e-16
4745  1.97688e-16
4746  1.98411e-16
4747  1.99139e-16
4748  1.9987e-16
4749  2.00605e-16
4750  2.0134e-16
4751  2.02075e-16
4752  2.02809e-16
4753  2.0354e-16
4754  2.04267e-16
4755  2.04989e-16
4756  2.05704e-16
4757  2.06411e-16
4758  2.07109e-16
4759  2.07797e-16
4760  2.08473e-16
4761  2.09136e-16
4762  2.09786e-16
4763  2.1042e-16
4764  2.11037e-16
4765  2.11637e-16
4766  2.12219e-16
4767  2.12781e-16
4768  2.13321e-16
4769  2.1384e-16
4770  2.14337e-16
4771  2.14809e-16
4772  2.15256e-16
4773  2.15678e-16
4774  2.16074e-16
4775  2.16441e-16
4776  2.16781e-16
4777  2.17092e-16
4778  2.17373e-16
4779  2.17623e-16
4780  2.17843e-16
4781  2.18031e-16
4782  2.18186e-16
4783  2.18309e-16
4784  2.18399e-16
4785  2.18456e-16
4786  2.18478e-16
4787  2.18467e-16
4788  2.1842e-16
4789  2.1834e-16
4790  2.18224e-16
4791  2.18073e-16
4792  2.17888e-16
4793  2.17667e-16
4794  2.17412e-16
4795  2.17121e-16
4796  2.16797e-16
4797  2.16437e-16
4798  2.16044e-16
4799  2.15616e-16
4800  2.15155e-16
4801  2.14661e-16
4802  2.14135e-16
4803  2.13576e-16
4804  2.12986e-16
4805  2.12365e-16
4806  2.11714e-16
4807  2.11033e-16
4808  2.10324e-16
4809  2.09587e-16
4810  2.08824e-16
4811  2.08034e-16
4812  2.07219e-16
4813  2.0638e-16
4814  2.05519e-16
4815  2.04635e-16
4816  2.03731e-16
4817  2.02807e-16
4818  2.01865e-16
4819  2.00905e-16
4820  1.9993e-16
4821  1.98941e-16
4822  1.97938e-16
4823  1.96923e-16
4824  1.95898e-16
4825  1.94864e-16
4826  1.93822e-16
4827  1.92774e-16
4828  1.91721e-16
4829  1.90665e-16
4830  1.89607e-16
4831  1.88549e-16
4832  1.87492e-16
4833  1.86438e-16
4834  1.85388e-16
4835  1.84343e-16
4836  1.83306e-16
4837  1.82277e-16
4838  1.81258e-16
4839  1.80251e-16
4840  1.79257e-16
4841  1.78278e-16
4842  1.77314e-16
4843  1.76367e-16
4844  1.75439e-16
4845  1.7453e-16
4846  1.73643e-16
4847  1.72778e-16
4848  1.71937e-16
4849  1.71121e-16
4850  1.7033e-16
4851  1.69567e-16
4852  1.68831e-16
4853  1.68125e-16
4854  1.67449e-16
4855  1.66804e-16
4856  1.6619e-16
4857  1.6561e-16
4858  1.65062e-16
4859  1.64549e-16
4860  1.6407e-16
4861  1.63627e-16
4862  1.63219e-16
4863  1.62848e-16
4864  1.62513e-16
4865  1.62215e-16
4866  1.61954e-16
4867  1.6173e-16
4868  1.61544e-16
4869  1.61396e-16
4870  1.61284e-16
4871  1.6121e-16
4872  1.61173e-16
4873  1.61174e-16
4874  1.6121e-16
4875  1.61283e-16
4876  1.61392e-16
4877  1.61536e-16
4878  1.61715e-16
4879  1.61928e-16
4880  1.62175e-16
4881  1.62454e-16
4882  1.62765e-16
4883  1.63107e-16
4884  1.63479e-16
4885  1.6388e-16
4886  1.64309e-16
4887  1.64765e-16
4888  1.65247e-16
4889  1.65754e-16
4890  1.66283e-16
4891  1.66835e-16
4892  1.67407e-16
4893  1.67999e-16
4894  1.68609e-16
4895  1.69235e-16
4896  1.69876e-16
4897  1.7053e-16
4898  1.71197e-16
4899  1.71874e-16
4900  1.7256e-16
4901  1.73253e-16
4902  1.73952e-16
4903  1.74656e-16
4904  1.75361e-16
4905  1.76068e-16
4906  1.76774e-16
4907  1.77478e-16
4908  1.78177e-16
4909  1.78872e-16
4910  1.79559e-16
4911  1.80238e-16
4912  1.80907e-16
4913  1.81564e-16
4914  1.82208e-16
4915  1.82837e-16
4916  1.83451e-16
4917  1.84047e-16
4918  1.84625e-16
4919  1.85183e-16
4920  1.85719e-16
4921  1.86233e-16
4922  1.86723e-16
4923  1.87189e-16
4924  1.87629e-16
4925  1.88042e-16
4926  1.88428e-16
4927  1.88785e-16
4928  1.89112e-16
4929  1.8941e-16
4930  1.89676e-16
4931  1.89912e-16
4932  1.90115e-16
4933  1.90286e-16
4934  1.90424e-16
4935  1.90528e-16
4936  1.90599e-16
4937  1.90637e-16
4938  1.90641e-16
4939  1.9061e-16
4940  1.90546e-16
4941  1.90449e-16
4942  1.90317e-16
4943  1.90153e-16
4944  1.89955e-16
4945  1.89725e-16
4946  1.89463e-16
4947  1.89169e-16
4948  1.88844e-16
4949  1.88489e-16
4950  1.88104e-16
4951  1.8769e-16
4952  1.87249e-16
4953  1.8678e-16
4954  1.86285e-16
4955  1.85765e-16
4956  1.85221e-16
4957  1.84655e-16
4958  1.84067e-16
4959  1.83458e-16
4960  1.8283e-16
4961  1.82185e-16
4962  1.81523e-16
4963  1.80846e-16
4964  1.80155e-16
4965  1.79453e-16
4966  1.78739e-16
4967  1.78017e-16
4968  1.77287e-16
4969  1.7655e-16
4970  1.7581e-16
4971  1.75066e-16
4972  1.74321e-16
4973  1.73576e-16
4974  1.72833e-16
4975  1.72094e-16
4976  1.71359e-16
4977  1.70631e-16
4978  1.69911e-16
4979  1.69201e-16
4980  1.68501e-16
4981  1.67815e-16
4982  1.67142e-16
4983  1.66485e-16
4984  1.65845e-16
4985  1.65223e-16
4986  1.64621e-16
4987  1.6404e-16
4988  1.63481e-16
4989  1.62946e-16
4990  1.62435e-16
4991  1.6195e-16
4992  1.61492e-16
4993  1.61061e-16
4994  1.6066e-16
4995  1.60288e-16
4996  1.59947e-16
4997  1.59637e-16
4998  1.59359e-16
4999  1.59114e-16
5000  1.58902e-16
5001  1.58724e-16
5002  1.5858e-16
5003  1.58471e-16
5004  1.58398e-16
5005  1.58359e-16
5006  1.58357e-16
5007  1.58389e-16
5008  1.58458e-16
5009  1.58563e-16
5010  1.58703e-16
5011  1.58879e-16
5012  1.59091e-16
5013  1.59337e-16
5014  1.59619e-16
5015  1.59935e-16
5016  1.60286e-16
5017  1.60669e-16
5018  1.61086e-16
5019  1.61536e-16
5020  1.62017e-16
5021  1.62529e-16
5022  1.63072e-16
5023  1.63644e-16
5024  1.64245e-16
5025  1.64873e-16
5026  1.65529e-16
5027  1.6621e-16
5028  1.66916e-16
5029  1.67645e-16
5030  1.68398e-16
5031  1.69172e-16
5032  1.69966e-16
5033  1.7078e-16
5034  1.71612e-16
5035  1.7246e-16
5036  1.73324e-16
5037  1.74203e-16
5038  1.75095e-16
5039  1.75998e-16
5040  1.76913e-16
5041  1.77836e-16
5042  1.78768e-16
5043  1.79707e-16
5044  1.80651e-16
5045  1.816e-16
5046  1.82552e-16
5047  1.83505e-16
5048  1.8446e-16
5049  1.85414e-16
5050  1.86366e-16
5051  1.87316e-16
5052  1.88262e-16
5053  1.89202e-16
5054  1.90137e-16
5055  1.91065e-16
5056  1.91985e-16
5057  1.92896e-16
5058  1.93797e-16
5059  1.94687e-16
5060  1.95565e-16
5061  1.96432e-16
5062  1.97285e-16
5063  1.98124e-16
5064  1.98948e-16
5065  1.99758e-16
5066  2.00551e-16
5067  2.01329e-16
5068  2.0209e-16
5069  2.02833e-16
5070  2.03559e-16
5071  2.04267e-16
5072  2.04957e-16
5073  2.05628e-16
5074  2.06281e-16
5075  2.06915e-16
5076  2.0753e-16
5077  2.08126e-16
5078  2.08703e-16
5079  2.09261e-16
5080  2.09801e-16
5081  2.10321e-16
5082  2.10823e-16
5083  2.11307e-16
5084  2.11773e-16
5085  2.1222e-16
5086  2.1265e-16
5087  2.13063e-16
5088  2.1346e-16
5089  2.1384e-16
5090  2.14204e-16
5091  2.14552e-16
5092  2.14886e-16
5093  2.15205e-16
5094  2.15511e-16
5095  2.15803e-16
5096  2.16083e-16
5097  2.1635e-16
5098  2.16606e-16
5099  2.16851e-16
5100  2.17087e-16
5101  2.17312e-16
5102  2.17529e-16
5103  2.17738e-16
5104  2.17939e-16
5105  2.18134e-16
5106  2.18323e-16
5107  2.18506e-16
5108  2.18684e-16
5109  2.18858e-16
5110  2.19029e-16
5111  2.19197e-16
5112  2.19363e-16
5113  2.19527e-16
5114  2.1969e-16
5115  2.19853e-16
5116  2.20016e-16
5117  2.2018e-16
5118  2.20345e-16
5119  2.20511e-16
5120  2.2068e-16
5121  2.20852e-16
5122  2.21026e-16
5123  2.21204e-16
5124  2.21386e-16
5125  2.21572e-16
5126  2.21762e-16
5127  2.21957e-16
5128  2.22156e-16
5129  2.22361e-16
5130  2.22571e-16
5131  2.22787e-16
5132  2.23008e-16
5133  2.23234e-16
5134  2.23466e-16
5135  2.23704e-16
5136  2.23947e-16
5137  2.24195e-16
5138  2.24449e-16
5139  2.24708e-16
5140  2.24972e-16
5141  2.25241e-16
5142  2.25514e-16
5143  2.25792e-16
5144  2.26074e-16
5145  2.26359e-16
5146  2.26648e-16
5147  2.26939e-16
5148  2.27234e-16
5149  2.2753e-16
5150  2.27828e-16
5151  2.28127e-16
5152  2.28427e-16
5153  2.28727e-16
5154  2.29026e-16
5155  2.29325e-16
5156  2.29622e-16
5157  2.29918e-16
5158  2.3021e-16
5159  2.30499e-16
5160  2.30785e-16
5161  2.31066e-16
5162  2.31342e-16
5163  2.31612e-16
5164  2.31876e-16
5165  2.32132e-16
5166  2.32382e-16
5167  2.32623e-16
5168  2.32855e-16
5169  2.33078e-16
5170  2.33291e-16
5171  2.33494e-16
5172  2.33685e-16
5173  2.33864e-16
5174  2.34032e-16
5175  2.34186e-16
5176  2.34327e-16
5177  2.34455e-16
5178  2.34568e-16
5179  2.34667e-16
5180  2.3475e-16
5181  2.34818e-16
5182  2.3487e-16
5183  2.34906e-16
5184  2.34925e-16
5185  2.34927e-16
5186  2.34913e-16
5187  2.34881e-16
5188  2.34831e-16
5189  2.34764e-16
5190  2.34679e-16
5191  2.34576e-16
5192  2.34454e-16
5193  2.34315e-16
5194  2.34158e-16
5195  2.33983e-16
5196  2.3379e-16
5197  2.33579e-16
5198  2.3335e-16
5199  2.33104e-16
5200  2.3284e-16
5201  2.32559e-16
5202  2.32262e-16
5203  2.31947e-16
5204  2.31617e-16
5205  2.3127e-16
5206  2.30909e-16
5207  2.30531e-16
5208  2.3014e-16
5209  2.29734e-16
5210  2.29314e-16
5211  2.28881e-16
5212  2.28435e-16
5213  2.27978e-16
5214  2.27509e-16
5215  2.27029e-16
5216  2.26538e-16
5217  2.26038e-16
5218  2.25529e-16
5219  2.25012e-16
5220  2.24487e-16
5221  2.23955e-16
5222  2.23417e-16
5223  2.22874e-16
5224  2.22326e-16
5225  2.21773e-16
5226  2.21218e-16
5227  2.20659e-16
5228  2.20099e-16
5229  2.19538e-16
5230  2.18976e-16
5231  2.18415e-16
5232  2.17855e-16
5233  2.17296e-16
5234  2.1674e-16
5235  2.16187e-16
5236  2.15638e-16
5237  2.15093e-16
5238  2.14554e-16
5239  2.1402e-16
5240  2.13493e-16
5241  2.12973e-16
5242  2.1246e-16
5243  2.11956e-16
5244  2.1146e-16
5245  2.10974e-16
5246  2.10497e-16
5247  2.1003e-16
5248  2.09574e-16
5249  2.09129e-16
5250  2.08695e-16
5251  2.08273e-16
5252  2.07863e-16
5253  2.07466e-16
5254  2.07081e-16
5255  2.06709e-16
5256  2.0635e-16
5257  2.06004e-16
5258  2.05672e-16
5259  2.05353e-16
5260  2.05048e-16
5261  2.04757e-16
5262  2.04479e-16
5263  2.04215e-16
5264  2.03965e-16
5265  2.03728e-16
5266  2.03505e-16
5267  2.03295e-16
5268  2.03099e-16
5269  2.02915e-16
5270  2.02745e-16
5271  2.02587e-16
5272  2.02441e-16
5273  2.02308e-16
5274  2.02186e-16
5275  2.02075e-16
5276  2.01976e-16
5277  2.01888e-16
5278  2.0181e-16
5279  2.01742e-16
5280  2.01683e-16
5281  2.01633e-16
5282  2.01593e-16
5283  2.0156e-16
5284  2.01535e-16
5285  2.01517e-16
5286  2.01506e-16
5287  2.01501e-16
5288  2.01502e-16
5289  2.01508e-16
5290  2.01519e-16
5291  2.01534e-16
5292  2.01553e-16
5293  2.01574e-16
5294  2.01599e-16
5295  2.01625e-16
5296  2.01653e-16
5297  2.01682e-16
5298  2.01711e-16
5299  2.01741e-16
5300  2.0177e-16
5301  2.01798e-16
5302  2.01825e-16
5303  2.01851e-16
5304  2.01873e-16
5305  2.01894e-16
5306  2.01911e-16
5307  2.01925e-16
5308  2.01935e-16
5309  2.0194e-16
5310  2.01942e-16
5311  2.01938e-16
5312  2.01929e-16
5313  2.01915e-16
5314  2.01895e-16
5315  2.0187e-16
5316  2.01838e-16
5317  2.018e-16
5318  2.01755e-16
5319  2.01704e-16
5320  2.01646e-16
5321  2.01581e-16
5322  2.01509e-16
5323  2.0143e-16
5324  2.01344e-16
5325  2.01251e-16
5326  2.01151e-16
5327  2.01044e-16
5328  2.0093e-16
5329  2.00809e-16
5330  2.00681e-16
5331  2.00547e-16
5332  2.00406e-16
5333  2.00258e-16
5334  2.00104e-16
5335  1.99944e-16
5336  1.99778e-16
5337  1.99606e-16
5338  1.99428e-16
5339  1.99245e-16
5340  1.99057e-16
5341  1.98865e-16
5342  1.98667e-16
5343  1.98466e-16
5344  1.9826e-16
5345  1.98051e-16
5346  1.97838e-16
5347  1.97622e-16
5348  1.97403e-16
5349  1.97182e-16
5350  1.96958e-16
5351  1.96732e-16
5352  1.96505e-16
5353  1.96276e-16
5354  1.96046e-16
5355  1.95816e-16
5356  1.95585e-16
5357  1.95353e-16
5358  1.95122e-16
5359  1.94891e-16
5360  1.94661e-16
5361  1.94431e-16
5362  1.94203e-16
5363  1.93976e-16
5364  1.9375e-16
5365  1.93527e-16
5366  1.93305e-16
5367  1.93085e-16
5368  1.92867e-16
5369  1.92652e-16
5370  1.92439e-16
5371  1.92229e-16
5372  1.92022e-16
5373  1.91818e-16
5374  1.91617e-16
5375  1.91418e-16
5376  1.91223e-16
5377  1.9103e-16
5378  1.90841e-16
5379  1.90655e-16
5380  1.90471e-16
5381  1.90291e-16
5382  1.90113e-16
5383  1.89939e-16
5384  1.89767e-16
5385  1.89597e-16
5386  1.8943e-16
5387  1.89266e-16
5388  1.89103e-16
5389  1.88943e-16
5390  1.88785e-16
5391  1.88628e-16
5392  1.88473e-16
5393  1.88319e-16
5394  1.88166e-16
5395  1.88014e-16
5396  1.87862e-16
5397  1.87711e-16
5398  1.8756e-16
5399  1.87409e-16
5400  1.87257e-16
5401  1.87105e-16
5402  1.86952e-16
5403  1.86798e-16
5404  1.86642e-16
5405  1.86485e-16
5406  1.86326e-16
5407  1.86164e-16
5408  1.86e-16
5409  1.85834e-16
5410  1.85664e-16
5411  1.85492e-16
5412  1.85316e-16
5413  1.85137e-16
5414  1.84953e-16
5415  1.84766e-16
5416  1.84575e-16
5417  1.84379e-16
5418  1.84179e-16
5419  1.83975e-16
5420  1.83766e-16
5421  1.83552e-16
5422  1.83333e-16
5423  1.83109e-16
5424  1.8288e-16
5425  1.82647e-16
5426  1.82408e-16
5427  1.82164e-16
5428  1.81915e-16
5429  1.81661e-16
5430  1.81403e-16
5431  1.81139e-16
5432  1.80871e-16
5433  1.80599e-16
5434  1.80322e-16
5435  1.8004e-16
5436  1.79755e-16
5437  1.79466e-16
5438  1.79173e-16
5439  1.78878e-16
5440  1.78579e-16
5441  1.78277e-16
5442  1.77973e-16
5443  1.77666e-16
5444  1.77358e-16
5445  1.77049e-16
5446  1.76739e-16
5447  1.76428e-16
5448  1.76116e-16
5449  1.75806e-16
5450  1.75495e-16
5451  1.75186e-16
5452  1.74879e-16
5453  1.74573e-16
5454  1.7427e-16
5455  1.73971e-16
5456  1.73674e-16
5457  1.73382e-16
5458  1.73095e-16
5459  1.72812e-16
5460  1.72535e-16
5461  1.72265e-16
5462  1.72001e-16
5463  1.71744e-16
5464  1.71495e-16
5465  1.71254e-16
5466  1.71022e-16
5467  1.70799e-16
5468  1.70586e-16
5469  1.70383e-16
5470  1.7019e-16
5471  1.70009e-16
5472  1.6984e-16
5473  1.69682e-16
5474  1.69537e-16
5475  1.69405e-16
5476  1.69286e-16
5477  1.69181e-16
5478  1.6909e-16
5479  1.69014e-16
5480  1.68952e-16
5481  1.68905e-16
5482  1.68873e-16
5483  1.68857e-16
5484  1.68857e-16
5485  1.68873e-16
5486  1.68905e-16
5487  1.68953e-16
5488  1.69018e-16
5489  1.69099e-16
5490  1.69197e-16
5491  1.69312e-16
5492  1.69443e-16
5493  1.69591e-16
5494  1.69756e-16
5495  1.69938e-16
5496  1.70136e-16
5497  1.70351e-16
5498  1.70582e-16
5499  1.7083e-16
5500  1.71093e-16
5501  1.71372e-16
5502  1.71667e-16
5503  1.71977e-16
5504  1.72302e-16
5505  1.72642e-16
5506  1.72996e-16
5507  1.73364e-16
5508  1.73746e-16
5509  1.74141e-16
5510  1.74549e-16
5511  1.7497e-16
5512  1.75402e-16
5513  1.75846e-16
5514  1.763e-16
5515  1.76765e-16
5516  1.7724e-16
5517  1.77725e-16
5518  1.78218e-16
5519  1.78719e-16
5520  1.79228e-16
5521  1.79744e-16
5522  1.80267e-16
5523  1.80796e-16
5524  1.8133e-16
5525  1.81868e-16
5526  1.82411e-16
5527  1.82957e-16
5528  1.83506e-16
5529  1.84058e-16
5530  1.84611e-16
5531  1.85165e-16
5532  1.85719e-16
5533  1.86274e-16
5534  1.86827e-16
5535  1.8738e-16
5536  1.8793e-16
5537  1.88478e-16
5538  1.89023e-16
5539  1.89564e-16
5540  1.90101e-16
5541  1.90634e-16
5542  1.91161e-16
5543  1.91683e-16
5544  1.92199e-16
5545  1.92708e-16
5546  1.9321e-16
5547  1.93705e-16
5548  1.94192e-16
5549  1.9467e-16
5550  1.95141e-16
5551  1.95602e-16
5552  1.96054e-16
5553  1.96496e-16
5554  1.96929e-16
5555  1.97352e-16
5556  1.97764e-16
5557  1.98166e-16
5558  1.98557e-16
5559  1.98937e-16
5560  1.99306e-16
5561  1.99664e-16
5562  2.00011e-16
5563  2.00346e-16
5564  2.0067e-16
5565  2.00982e-16
5566  2.01282e-16
5567  2.01572e-16
5568  2.01849e-16
5569  2.02115e-16
5570  2.0237e-16
5571  2.02613e-16
5572  2.02844e-16
5573  2.03065e-16
5574  2.03274e-16
5575  2.03472e-16
5576  2.0366e-16
5577  2.03837e-16
5578  2.04003e-16
5579  2.04158e-16
5580  2.04304e-16
5581  2.0444e-16
5582  2.04565e-16
5583  2.04681e-16
5584  2.04788e-16
5585  2.04886e-16
5586  2.04975e-16
5587  2.05055e-16
5588  2.05126e-16
5589  2.0519e-16
5590  2.05246e-16
5591  2.05293e-16
5592  2.05334e-16
5593  2.05367e-16
5594  2.05394e-16
5595  2.05413e-16
5596  2.05426e-16
5597  2.05433e-16
5598  2.05434e-16
5599  2.05429e-16
5600  2.05419e-16
5601  2.05403e-16
5602  2.05382e-16
5603  2.05356e-16
5604  2.05326e-16
5605  2.0529e-16
5606  2.05251e-16
5607  2.05207e-16
5608  2.05159e-16
5609  2.05107e-16
5610  2.05051e-16
5611  2.04991e-16
5612  2.04928e-16
5613  2.04861e-16
5614  2.0479e-16
5615  2.04716e-16
5616  2.04638e-16
5617  2.04558e-16
5618  2.04473e-16
5619  2.04386e-16
5620  2.04295e-16
5621  2.042e-16
5622  2.04102e-16
5623  2.04e-16
5624  2.03895e-16
5625  2.03786e-16
5626  2.03674e-16
5627  2.03557e-16
5628  2.03437e-16
5629  2.03312e-16
5630  2.03183e-16
5631  2.0305e-16
5632  2.02912e-16
5633  2.02769e-16
5634  2.02621e-16
5635  2.02469e-16
5636  2.02311e-16
5637  2.02147e-16
5638  2.01977e-16
5639  2.01802e-16
5640  2.01621e-16
5641  2.01432e-16
5642  2.01238e-16
5643  2.01036e-16
5644  2.00828e-16
5645  2.00612e-16
5646  2.00388e-16
5647  2.00156e-16
5648  1.99917e-16
5649  1.99669e-16
5650  1.99412e-16
5651  1.99147e-16
5652  1.98872e-16
5653  1.98589e-16
5654  1.98295e-16
5655  1.97993e-16
5656  1.9768e-16
5657  1.97357e-16
5658  1.97024e-16
5659  1.9668e-16
5660  1.96326e-16
5661  1.9596e-16
5662  1.95584e-16
5663  1.95197e-16
5664  1.94798e-16
5665  1.94388e-16
5666  1.93967e-16
5667  1.93534e-16
5668  1.93089e-16
5669  1.92633e-16
5670  1.92165e-16
5671  1.91685e-16
5672  1.91194e-16
5673  1.9069e-16
5674  1.90175e-16
5675  1.89648e-16
5676  1.8911e-16
5677  1.8856e-16
5678  1.87998e-16
5679  1.87426e-16
5680  1.86841e-16
5681  1.86246e-16
5682  1.8564e-16
5683  1.85023e-16
5684  1.84396e-16
5685  1.83758e-16
5686  1.83111e-16
5687  1.82453e-16
5688  1.81786e-16
5689  1.81109e-16
5690  1.80424e-16
5691  1.7973e-16
5692  1.79028e-16
5693  1.78317e-16
5694  1.776e-16
5695  1.76875e-16
5696  1.76143e-16
5697  1.75405e-16
5698  1.74661e-16
5699  1.73911e-16
5700  1.73157e-16
5701  1.72398e-16
5702  1.71634e-16
5703  1.70867e-16
5704  1.70097e-16
5705  1.69325e-16
5706  1.6855e-16
5707  1.67774e-16
5708  1.66997e-16
5709  1.66219e-16
5710  1.65441e-16
5711  1.64664e-16
5712  1.63887e-16
5713  1.63113e-16
5714  1.6234e-16
5715  1.61571e-16
5716  1.60804e-16
5717  1.60042e-16
5718  1.59284e-16
5719  1.58531e-16
5720  1.57783e-16
5721  1.57041e-16
5722  1.56306e-16
5723  1.55578e-16
5724  1.54857e-16
5725  1.54145e-16
5726  1.53441e-16
5727  1.52746e-16
5728  1.52061e-16
5729  1.51385e-16
5730  1.50721e-16
5731  1.50067e-16
5732  1.49424e-16
5733  1.48794e-16
5734  1.48175e-16
5735  1.47569e-16
5736  1.46976e-16
5737  1.46397e-16
5738  1.45831e-16
5739  1.45279e-16
5740  1.44741e-16
5741  1.44218e-16
5742  1.4371e-16
5743  1.43217e-16
5744  1.4274e-16
5745  1.42278e-16
5746  1.41832e-16
5747  1.41402e-16
5748  1.40988e-16
5749  1.40591e-16
5750  1.4021e-16
5751  1.39845e-16
5752  1.39497e-16
5753  1.39166e-16
5754  1.38852e-16
5755  1.38555e-16
5756  1.38274e-16
5757  1.3801e-16
5758  1.37763e-16
5759  1.37533e-16
5760  1.3732e-16
5761  1.37123e-16
5762  1.36943e-16
5763  1.36779e-16
5764  1.36632e-16
5765  1.365e-16
5766  1.36385e-16
5767  1.36286e-16
5768  1.36202e-16
5769  1.36134e-16
5770  1.36081e-16
5771  1.36043e-16
5772  1.3602e-16
5773  1.36011e-16
5774  1.36017e-16
5775  1.36037e-16
5776  1.3607e-16
5777  1.36117e-16
5778  1.36178e-16
5779  1.36251e-16
5780  1.36336e-16
5781  1.36434e-16
5782  1.36544e-16
5783  1.36665e-16
5784  1.36798e-16
5785  1.36941e-16
5786  1.37095e-16
5787  1.3726e-16
5788  1.37434e-16
5789  1.37618e-16
5790  1.37811e-16
5791  1.38013e-16
5792  1.38224e-16
5793  1.38443e-16
5794  1.38669e-16
5795  1.38904e-16
5796  1.39145e-16
5797  1.39394e-16
5798  1.39649e-16
5799  1.39911e-16
5800  1.40178e-16
5801  1.40451e-16
5802  1.4073e-16
5803  1.41013e-16
5804  1.41302e-16
5805  1.41595e-16
5806  1.41893e-16
5807  1.42194e-16
5808  1.425e-16
5809  1.42809e-16
5810  1.43121e-16
5811  1.43437e-16
5812  1.43755e-16
5813  1.44076e-16
5814  1.444e-16
5815  1.44727e-16
5816  1.45055e-16
5817  1.45386e-16
5818  1.45718e-16
5819  1.46052e-16
5820  1.46388e-16
5821  1.46726e-16
5822  1.47065e-16
5823  1.47405e-16
5824  1.47746e-16
5825  1.48089e-16
5826  1.48433e-16
5827  1.48778e-16
5828  1.49124e-16
5829  1.4947e-16
5830  1.49818e-16
5831  1.50167e-16
5832  1.50516e-16
5833  1.50866e-16
5834  1.51217e-16
5835  1.51569e-16
5836  1.51921e-16
5837  1.52275e-16
5838  1.52629e-16
5839  1.52984e-16
5840  1.53339e-16
5841  1.53696e-16
5842  1.54054e-16
5843  1.54412e-16
5844  1.54771e-16
5845  1.55131e-16
5846  1.55493e-16
5847  1.55855e-16
5848  1.56218e-16
5849  1.56582e-16
5850  1.56947e-16
5851  1.57313e-16
5852  1.57681e-16
5853  1.58049e-16
5854  1.58419e-16
5855  1.5879e-16
5856  1.59162e-16
5857  1.59535e-16
5858  1.59909e-16
5859  1.60284e-16
5860  1.60661e-16
5861  1.61039e-16
5862  1.61417e-16
5863  1.61797e-16
5864  1.62178e-16
5865  1.6256e-16
5866  1.62943e-16
5867  1.63327e-16
5868  1.63712e-16
5869  1.64097e-16
5870  1.64483e-16
5871  1.6487e-16
5872  1.65258e-16
5873  1.65646e-16
5874  1.66034e-16
5875  1.66423e-16
5876  1.66812e-16
5877  1.67201e-16
5878  1.6759e-16
5879  1.67979e-16
5880  1.68368e-16
5881  1.68756e-16
5882  1.69144e-16
5883  1.69531e-16
5884  1.69917e-16
5885  1.70302e-16
5886  1.70685e-16
5887  1.71068e-16
5888  1.71449e-16
5889  1.71828e-16
5890  1.72205e-16
5891  1.7258e-16
5892  1.72953e-16
5893  1.73324e-16
5894  1.73691e-16
5895  1.74056e-16
5896  1.74418e-16
5897  1.74777e-16
5898  1.75132e-16
5899  1.75483e-16
5900  1.75831e-16
5901  1.76175e-16
5902  1.76514e-16
5903  1.76849e-16
5904  1.7718e-16
5905  1.77505e-16
5906  1.77826e-16
5907  1.78142e-16
5908  1.78452e-16
5909  1.78756e-16
5910  1.79055e-16
5911  1.79348e-16
5912  1.79635e-16
5913  1.79916e-16
5914  1.8019e-16
5915  1.80458e-16
5916  1.80719e-16
5917  1.80973e-16
5918  1.81221e-16
5919  1.81461e-16
5920  1.81694e-16
5921  1.8192e-16
5922  1.82139e-16
5923  1.8235e-16
5924  1.82553e-16
5925  1.82749e-16
5926  1.82937e-16
5927  1.83117e-16
5928  1.83289e-16
5929  1.83453e-16
5930  1.83609e-16
5931  1.83757e-16
5932  1.83898e-16
5933  1.8403e-16
5934  1.84153e-16
5935  1.84269e-16
5936  1.84377e-16
5937  1.84476e-16
5938  1.84568e-16
5939  1.84651e-16
5940  1.84726e-16
5941  1.84793e-16
5942  1.84852e-16
5943  1.84903e-16
5944  1.84946e-16
5945  1.84981e-16
5946  1.85008e-16
5947  1.85027e-16
5948  1.85038e-16
5949  1.85042e-16
5950  1.85038e-16
5951  1.85027e-16
5952  1.85008e-16
5953  1.84981e-16
5954  1.84947e-16
5955  1.84906e-16
5956  1.84857e-16
5957  1.84802e-16
5958  1.84739e-16
5959  1.84669e-16
5960  1.84592e-16
5961  1.84509e-16
5962  1.84418e-16
5963  1.84321e-16
5964  1.84217e-16
5965  1.84107e-16
5966  1.8399e-16
5967  1.83866e-16
5968  1.83736e-16
5969  1.83599e-16
5970  1.83456e-16
5971  1.83307e-16
5972  1.83151e-16
5973  1.82989e-16
5974  1.82821e-16
5975  1.82647e-16
5976  1.82466e-16
5977  1.82279e-16
5978  1.82086e-16
5979  1.81887e-16
5980  1.81681e-16
5981  1.81469e-16
5982  1.81251e-16
5983  1.81026e-16
5984  1.80795e-16
5985  1.80557e-16
5986  1.80313e-16
5987  1.80063e-16
5988  1.79805e-16
5989  1.79541e-16
5990  1.79271e-16
5991  1.78993e-16
5992  1.78708e-16
5993  1.78417e-16
5994  1.78118e-16
5995  1.77812e-16
5996  1.77498e-16
5997  1.77177e-16
5998  1.76848e-16
5999  1.76511e-16
6000  1.76167e-16
6001  1.75814e-16
6002  1.75453e-16
6003  1.75084e-16
6004  1.74707e-16
6005  1.7432e-16
6006  1.73925e-16
6007  1.73521e-16
6008  1.73108e-16
6009  1.72686e-16
6010  1.72254e-16
6011  1.71812e-16
6012  1.71361e-16
6013  1.709e-16
6014  1.7043e-16
6015  1.69948e-16
6016  1.69457e-16
6017  1.68955e-16
6018  1.68443e-16
6019  1.6792e-16
6020  1.67387e-16
6021  1.66842e-16
6022  1.66287e-16
6023  1.6572e-16
6024  1.65142e-16
6025  1.64553e-16
6026  1.63953e-16
6027  1.63342e-16
6028  1.62719e-16
6029  1.62084e-16
6030  1.61438e-16
6031  1.60781e-16
6032  1.60112e-16
6033  1.59431e-16
6034  1.5874e-16
6035  1.58036e-16
6036  1.57322e-16
6037  1.56596e-16
6038  1.55859e-16
6039  1.5511e-16
6040  1.54351e-16
6041  1.53581e-16
6042  1.528e-16
6043  1.52009e-16
6044  1.51207e-16
6045  1.50395e-16
6046  1.49572e-16
6047  1.4874e-16
6048  1.47899e-16
6049  1.47048e-16
6050  1.46188e-16
6051  1.4532e-16
6052  1.44443e-16
6053  1.43558e-16
6054  1.42665e-16
6055  1.41765e-16
6056  1.40857e-16
6057  1.39943e-16
6058  1.39023e-16
6059  1.38097e-16
6060  1.37165e-16
6061  1.36229e-16
6062  1.35288e-16
6063  1.34342e-16
6064  1.33394e-16
6065  1.32442e-16
6066  1.31488e-16
6067  1.30531e-16
6068  1.29573e-16
6069  1.28614e-16
6070  1.27655e-16
6071  1.26696e-16
6072  1.25737e-16
6073  1.2478e-16
6074  1.23825e-16
6075  1.22872e-16
6076  1.21922e-16
6077  1.20976e-16
6078  1.20034e-16
6079  1.19097e-16
6080  1.18166e-16
6081  1.17241e-16
6082  1.16322e-16
6083  1.15411e-16
6084  1.14507e-16
6085  1.13612e-16
6086  1.12727e-16
6087  1.11851e-16
6088  1.10985e-16
6089  1.10131e-16
6090  1.09288e-16
6091  1.08458e-16
6092  1.0764e-16
6093  1.06835e-16
6094  1.06044e-16
6095  1.05268e-16
6096  1.04507e-16
6097  1.03761e-16
6098  1.03032e-16
6099  1.02319e-16
6100  1.01623e-16
6101  1.00944e-16
6102  1.00284e-16
6103  9.96421e-17
6104  9.90192e-17
6105  9.84156e-17
6106  9.78317e-17
6107  9.7268e-17
6108  9.67248e-17
6109  9.62025e-17
6110  9.57014e-17
6111  9.52218e-17
6112  9.4764e-17
6113  9.43283e-17
6114  9.39149e-17
6115  9.35241e-17
6116  9.31561e-17
6117  9.2811e-17
6118  9.24891e-17
6119  9.21905e-17
6120  9.19153e-17
6121  9.16637e-17
6122  9.14357e-17
6123  9.12313e-17
6124  9.10507e-17
6125  9.08938e-17
6126  9.07606e-17
6127  9.06511e-17
6128  9.05653e-17
6129  9.05031e-17
6130  9.04644e-17
6131  9.04491e-17
6132  9.0457e-17
6133  9.04881e-17
6134  9.05421e-17
6135  9.06188e-17
6136  9.07181e-17
6137  9.08397e-17
6138  9.09834e-17
6139  9.1149e-17
6140  9.1336e-17
6141  9.15443e-17
6142  9.17734e-17
6143  9.20232e-17
6144  9.22932e-17
6145  9.25831e-17
6146  9.28925e-17
6147  9.32211e-17
6148  9.35683e-17
6149  9.39339e-17
6150  9.43174e-17
6151  9.47183e-17
6152  9.51362e-17
6153  9.55707e-17
6154  9.60213e-17
6155  9.64875e-17
6156  9.69688e-17
6157  9.74648e-17
6158  9.7975e-17
6159  9.84989e-17
6160  9.90359e-17
6161  9.95857e-17
6162  1.00148e-16
6163  1.00721e-16
6164  1.01306e-16
6165  1.01901e-16
6166  1.02506e-16
6167  1.03121e-16
6168  1.03746e-16
6169  1.04378e-16
6170  1.05019e-16
6171  1.05667e-16
6172  1.06323e-16
6173  1.06984e-16
6174  1.07652e-16
6175  1.08326e-16
6176  1.09004e-16
6177  1.09687e-16
6178  1.10374e-16
6179  1.11065e-16
6180  1.11759e-16
6181  1.12456e-16
6182  1.13154e-16
6183  1.13855e-16
6184  1.14557e-16
6185  1.1526e-16
6186  1.15963e-16
6187  1.16666e-16
6188  1.17369e-16
6189  1.18072e-16
6190  1.18773e-16
6191  1.19472e-16
6192  1.2017e-16
6193  1.20866e-16
6194  1.21559e-16
6195  1.22249e-16
6196  1.22935e-16
6197  1.23618e-16
6198  1.24298e-16
6199  1.24973e-16
6200  1.25643e-16
6201  1.26309e-16
6202  1.2697e-16
6203  1.27625e-16
6204  1.28275e-16
6205  1.28918e-16
6206  1.29556e-16
6207  1.30188e-16
6208  1.30813e-16
6209  1.31431e-16
6210  1.32042e-16
6211  1.32647e-16
6212  1.33243e-16
6213  1.33833e-16
6214  1.34414e-16
6215  1.34988e-16
6216  1.35554e-16
6217  1.36112e-16
6218  1.36662e-16
6219  1.37203e-16
6220  1.37735e-16
6221  1.38259e-16
6222  1.38774e-16
6223  1.39281e-16
6224  1.39778e-16
6225  1.40267e-16
6226  1.40746e-16
6227  1.41216e-16
6228  1.41677e-16
6229  1.42129e-16
6230  1.42571e-16
6231  1.43004e-16
6232  1.43427e-16
6233  1.43841e-16
6234  1.44246e-16
6235  1.4464e-16
6236  1.45026e-16
6237  1.45401e-16
6238  1.45767e-16
6239  1.46124e-16
6240  1.46471e-16
6241  1.46808e-16
6242  1.47136e-16
6243  1.47454e-16
6244  1.47763e-16
6245  1.48062e-16
6246  1.48352e-16
6247  1.48633e-16
6248  1.48904e-16
6249  1.49165e-16
6250  1.49418e-16
6251  1.49661e-16
6252  1.49896e-16
6253  1.50121e-16
6254  1.50337e-16
6255  1.50545e-16
6256  1.50744e-16
6257  1.50934e-16
6258  1.51116e-16
6259  1.51289e-16
6260  1.51454e-16
6261  1.51611e-16
6262  1.5176e-16
6263  1.51901e-16
6264  1.52034e-16
6265  1.5216e-16
6266  1.52279e-16
6267  1.5239e-16
6268  1.52494e-16
6269  1.52591e-16
6270  1.52681e-16
6271  1.52765e-16
6272  1.52843e-16
6273  1.52915e-16
6274  1.5298e-16
6275  1.5304e-16
6276  1.53095e-16
6277  1.53144e-16
6278  1.53189e-16
6279  1.53228e-16
6280  1.53263e-16
6281  1.53294e-16
6282  1.5332e-16
6283  1.53343e-16
6284  1.53363e-16
6285  1.53379e-16
6286  1.53392e-16
6287  1.53402e-16
6288  1.5341e-16
6289  1.53415e-16
6290  1.53419e-16
6291  1.53421e-16
6292  1.53422e-16
6293  1.53421e-16
6294  1.53419e-16
6295  1.53417e-16
6296  1.53415e-16
6297  1.53413e-16
6298  1.5341e-16
6299  1.53409e-16
6300  1.53408e-16
6301  1.53408e-16
6302  1.53409e-16
6303  1.53412e-16
6304  1.53417e-16
6305  1.53423e-16
6306  1.53432e-16
6307  1.53444e-16
6308  1.53458e-16
6309  1.53475e-16
6310  1.53495e-16
6311  1.53518e-16
6312  1.53545e-16
6313  1.53576e-16
6314  1.53611e-16
6315  1.5365e-16
6316  1.53692e-16
6317  1.5374e-16
6318  1.53791e-16
6319  1.53848e-16
6320  1.53909e-16
6321  1.53975e-16
6322  1.54046e-16
6323  1.54122e-16
6324  1.54203e-16
6325  1.54289e-16
6326  1.5438e-16
6327  1.54476e-16
6328  1.54578e-16
6329  1.54684e-16
6330  1.54796e-16
6331  1.54913e-16
6332  1.55035e-16
6333  1.55162e-16
6334  1.55294e-16
6335  1.5543e-16
6336  1.55571e-16
6337  1.55717e-16
6338  1.55868e-16
6339  1.56022e-16
6340  1.56181e-16
6341  1.56344e-16
6342  1.5651e-16
6343  1.5668e-16
6344  1.56853e-16
6345  1.5703e-16
6346  1.57209e-16
6347  1.57391e-16
6348  1.57575e-16
6349  1.57761e-16
6350  1.57949e-16
6351  1.58139e-16
6352  1.5833e-16
6353  1.58521e-16
6354  1.58713e-16
6355  1.58905e-16
6356  1.59097e-16
6357  1.59289e-16
6358  1.59479e-16
6359  1.59669e-16
6360  1.59856e-16
6361  1.60042e-16
6362  1.60226e-16
6363  1.60407e-16
6364  1.60584e-16
6365  1.60759e-16
6366  1.60929e-16
6367  1.61095e-16
6368  1.61257e-16
6369  1.61414e-16
6370  1.61566e-16
6371  1.61711e-16
6372  1.61851e-16
6373  1.61985e-16
6374  1.62111e-16
6375  1.62231e-16
6376  1.62343e-16
6377  1.62448e-16
6378  1.62545e-16
6379  1.62633e-16
6380  1.62713e-16
6381  1.62783e-16
6382  1.62845e-16
6383  1.62897e-16
6384  1.6294e-16
6385  1.62973e-16
6386  1.62995e-16
6387  1.63008e-16
6388  1.6301e-16
6389  1.63001e-16
6390  1.62982e-16
6391  1.62952e-16
6392  1.62911e-16
6393  1.62859e-16
6394  1.62795e-16
6395  1.62721e-16
6396  1.62636e-16
6397  1.62539e-16
6398  1.62431e-16
6399  1.62312e-16
6400  1.62181e-16
6401  1.6204e-16
6402  1.61888e-16
6403  1.61725e-16
6404  1.61551e-16
6405  1.61367e-16
6406  1.61173e-16
6407  1.60968e-16
6408  1.60753e-16
6409  1.60529e-16
6410  1.60295e-16
6411  1.60052e-16
6412  1.598e-16
6413  1.59539e-16
6414  1.5927e-16
6415  1.58994e-16
6416  1.58709e-16
6417  1.58418e-16
6418  1.58119e-16
6419  1.57815e-16
6420  1.57504e-16
6421  1.57187e-16
6422  1.56866e-16
6423  1.5654e-16
6424  1.5621e-16
6425  1.55876e-16
6426  1.55538e-16
6427  1.55198e-16
6428  1.54856e-16
6429  1.54512e-16
6430  1.54167e-16
6431  1.53821e-16
6432  1.53475e-16
6433  1.53129e-16
6434  1.52784e-16
6435  1.5244e-16
6436  1.52099e-16
6437  1.5176e-16
6438  1.51423e-16
6439  1.5109e-16
6440  1.50761e-16
6441  1.50437e-16
6442  1.50117e-16
6443  1.49803e-16
6444  1.49495e-16
6445  1.49193e-16
6446  1.48898e-16
6447  1.48611e-16
6448  1.48331e-16
6449  1.48059e-16
6450  1.47796e-16
6451  1.47542e-16
6452  1.47297e-16
6453  1.47061e-16
6454  1.46836e-16
6455  1.46621e-16
6456  1.46417e-16
6457  1.46224e-16
6458  1.46042e-16
6459  1.45871e-16
6460  1.45713e-16
6461  1.45565e-16
6462  1.45431e-16
6463  1.45308e-16
6464  1.45197e-16
6465  1.45099e-16
6466  1.45014e-16
6467  1.44941e-16
6468  1.44881e-16
6469  1.44834e-16
6470  1.44799e-16
6471  1.44777e-16
6472  1.44767e-16
6473  1.4477e-16
6474  1.44786e-16
6475  1.44813e-16
6476  1.44853e-16
6477  1.44905e-16
6478  1.44969e-16
6479  1.45044e-16
6480  1.4513e-16
6481  1.45228e-16
6482  1.45336e-16
6483  1.45455e-16
6484  1.45584e-16
6485  1.45723e-16
6486  1.45871e-16
6487  1.46029e-16
6488  1.46195e-16
6489  1.4637e-16
6490  1.46552e-16
6491  1.46742e-16
6492  1.46939e-16
6493  1.47143e-16
6494  1.47353e-16
6495  1.47569e-16
6496  1.4779e-16
6497  1.48015e-16
6498  1.48245e-16
6499  1.48478e-16
6500  1.48715e-16
6501  1.48954e-16
6502  1.49196e-16
6503  1.49439e-16
6504  1.49683e-16
6505  1.49928e-16
6506  1.50173e-16
6507  1.50418e-16
6508  1.50662e-16
6509  1.50904e-16
6510  1.51144e-16
6511  1.51382e-16
6512  1.51617e-16
6513  1.51849e-16
6514  1.52077e-16
6515  1.52301e-16
6516  1.52519e-16
6517  1.52733e-16
6518  1.52941e-16
6519  1.53143e-16
6520  1.53339e-16
6521  1.53528e-16
6522  1.5371e-16
6523  1.53885e-16
6524  1.54051e-16
6525  1.5421e-16
6526  1.5436e-16
6527  1.54502e-16
6528  1.54635e-16
6529  1.54758e-16
6530  1.54873e-16
6531  1.54978e-16
6532  1.55073e-16
6533  1.55158e-16
6534  1.55233e-16
6535  1.55299e-16
6536  1.55354e-16
6537  1.55399e-16
6538  1.55433e-16
6539  1.55458e-16
6540  1.55472e-16
6541  1.55476e-16
6542  1.55469e-16
6543  1.55453e-16
6544  1.55426e-16
6545  1.5539e-16
6546  1.55343e-16
6547  1.55287e-16
6548  1.55221e-16
6549  1.55146e-16
6550  1.55061e-16
6551  1.54968e-16
6552  1.54865e-16
6553  1.54754e-16
6554  1.54635e-16
6555  1.54508e-16
6556  1.54372e-16
6557  1.5423e-16
6558  1.5408e-16
6559  1.53923e-16
6560  1.53759e-16
6561  1.53589e-16
6562  1.53413e-16
6563  1.53231e-16
6564  1.53045e-16
6565  1.52853e-16
6566  1.52656e-16
6567  1.52455e-16
6568  1.52251e-16
6569  1.52042e-16
6570  1.51831e-16
6571  1.51616e-16
6572  1.51399e-16
6573  1.5118e-16
6574  1.50959e-16
6575  1.50736e-16
6576  1.50513e-16
6577  1.50288e-16
6578  1.50063e-16
6579  1.49838e-16
6580  1.49613e-16
6581  1.49388e-16
6582  1.49164e-16
6583  1.48941e-16
6584  1.48719e-16
6585  1.48499e-16
6586  1.4828e-16
6587  1.48064e-16
6588  1.4785e-16
6589  1.47638e-16
6590  1.47428e-16
6591  1.47222e-16
6592  1.47018e-16
6593  1.46818e-16
6594  1.46621e-16
6595  1.46427e-16
6596  1.46237e-16
6597  1.46051e-16
6598  1.45868e-16
6599  1.45689e-16
6600  1.45514e-16
6601  1.45343e-16
6602  1.45176e-16
6603  1.45013e-16
6604  1.44854e-16
6605  1.44699e-16
6606  1.44548e-16
6607  1.444e-16
6608  1.44257e-16
6609  1.44118e-16
6610  1.43982e-16
6611  1.4385e-16
6612  1.43722e-16
6613  1.43598e-16
6614  1.43477e-16
6615  1.43359e-16
6616  1.43245e-16
6617  1.43133e-16
6618  1.43025e-16
6619  1.4292e-16
6620  1.42817e-16
6621  1.42718e-16
6622  1.4262e-16
6623  1.42525e-16
6624  1.42432e-16
6625  1.42342e-16
6626  1.42253e-16
6627  1.42166e-16
6628  1.42081e-16
6629  1.41997e-16
6630  1.41914e-16
6631  1.41833e-16
6632  1.41753e-16
6633  1.41674e-16
6634  1.41595e-16
6635  1.41518e-16
6636  1.41441e-16
6637  1.41364e-16
6638  1.41288e-16
6639  1.41212e-16
6640  1.41136e-16
6641  1.41061e-16
6642  1.40985e-16
6643  1.40909e-16
6644  1.40834e-16
6645  1.40758e-16
6646  1.40682e-16
6647  1.40606e-16
6648  1.40529e-16
6649  1.40453e-16
6650  1.40376e-16
6651  1.40299e-16
6652  1.40222e-16
6653  1.40144e-16
6654  1.40067e-16
6655  1.39989e-16
6656  1.39911e-16
6657  1.39834e-16
6658  1.39756e-16
6659  1.39679e-16
6660  1.39602e-16
6661  1.39526e-16
6662  1.3945e-16
6663  1.39374e-16
6664  1.393e-16
6665  1.39226e-16
6666  1.39153e-16
6667  1.39082e-16
6668  1.39011e-16
6669  1.38942e-16
6670  1.38875e-16
6671  1.38809e-16
6672  1.38746e-16
6673  1.38684e-16
6674  1.38625e-16
6675  1.38567e-16
6676  1.38513e-16
6677  1.38461e-16
6678  1.38412e-16
6679  1.38366e-16
6680  1.38323e-16
6681  1.38283e-16
6682  1.38247e-16
6683  1.38215e-16
6684  1.38186e-16
6685  1.38161e-16
6686  1.38139e-16
6687  1.38122e-16
6688  1.38109e-16
6689  1.381e-16
6690  1.38096e-16
6691  1.38096e-16
6692  1.381e-16
6693  1.38109e-16
6694  1.38122e-16
6695  1.3814e-16
6696  1.38163e-16
6697  1.3819e-16
6698  1.38221e-16
6699  1.38258e-16
6700  1.38298e-16
6701  1.38343e-16
6702  1.38393e-16
6703  1.38447e-16
6704  1.38505e-16
6705  1.38567e-16
6706  1.38633e-16
6707  1.38703e-16
6708  1.38776e-16
6709  1.38853e-16
6710  1.38934e-16
6711  1.39017e-16
6712  1.39104e-16
6713  1.39193e-16
6714  1.39284e-16
6715  1.39378e-16
6716  1.39474e-16
6717  1.39571e-16
6718  1.3967e-16
6719  1.3977e-16
6720  1.3987e-16
6721  1.39971e-16
6722  1.40072e-16
6723  1.40173e-16
6724  1.40274e-16
6725  1.40373e-16
6726  1.40471e-16
6727  1.40568e-16
6728  1.40663e-16
6729  1.40755e-16
6730  1.40844e-16
6731  1.40931e-16
6732  1.41013e-16
6733  1.41092e-16
6734  1.41167e-16
6735  1.41237e-16
6736  1.41301e-16
6737  1.41361e-16
6738  1.41414e-16
6739  1.41462e-16
6740  1.41502e-16
6741  1.41536e-16
6742  1.41563e-16
6743  1.41582e-16
6744  1.41593e-16
6745  1.41595e-16
6746  1.41589e-16
6747  1.41574e-16
6748  1.4155e-16
6749  1.41516e-16
6750  1.41473e-16
6751  1.41419e-16
6752  1.41355e-16
6753  1.41281e-16
6754  1.41196e-16
6755  1.411e-16
6756  1.40992e-16
6757  1.40874e-16
6758  1.40744e-16
6759  1.40602e-16
6760  1.40449e-16
6761  1.40284e-16
6762  1.40108e-16
6763  1.39919e-16
6764  1.39719e-16
6765  1.39506e-16
6766  1.39282e-16
6767  1.39046e-16
6768  1.38798e-16
6769  1.38539e-16
6770  1.38268e-16
6771  1.37985e-16
6772  1.37691e-16
6773  1.37386e-16
6774  1.3707e-16
6775  1.36743e-16
6776  1.36406e-16
6777  1.36058e-16
6778  1.357e-16
6779  1.35332e-16
6780  1.34955e-16
6781  1.34569e-16
6782  1.34173e-16
6783  1.33769e-16
6784  1.33357e-16
6785  1.32938e-16
6786  1.3251e-16
6787  1.32076e-16
6788  1.31636e-16
6789  1.31189e-16
6790  1.30736e-16
6791  1.30278e-16
6792  1.29816e-16
6793  1.29349e-16
6794  1.28878e-16
6795  1.28404e-16
6796  1.27927e-16
6797  1.27448e-16
6798  1.26967e-16
6799  1.26484e-16
6800  1.26001e-16
6801  1.25518e-16
6802  1.25034e-16
6803  1.24551e-16
6804  1.2407e-16
6805  1.2359e-16
6806  1.23113e-16
6807  1.22638e-16
6808  1.22166e-16
6809  1.21698e-16
6810  1.21234e-16
6811  1.20775e-16
6812  1.2032e-16
6813  1.19872e-16
6814  1.19429e-16
6815  1.18992e-16
6816  1.18563e-16
6817  1.1814e-16
6818  1.17726e-16
6819  1.17319e-16
6820  1.1692e-16
6821  1.1653e-16
6822  1.16149e-16
6823  1.15778e-16
6824  1.15416e-16
6825  1.15063e-16
6826  1.14721e-16
6827  1.14389e-16
6828  1.14068e-16
6829  1.13757e-16
6830  1.13457e-16
6831  1.13169e-16
6832  1.12891e-16
6833  1.12625e-16
6834  1.1237e-16
6835  1.12126e-16
6836  1.11894e-16
6837  1.11674e-16
6838  1.11464e-16
6839  1.11267e-16
6840  1.11081e-16
6841  1.10906e-16
6842  1.10743e-16
6843  1.1059e-16
6844  1.10449e-16
6845  1.10319e-16
6846  1.102e-16
6847  1.10091e-16
6848  1.09993e-16
6849  1.09905e-16
6850  1.09827e-16
6851  1.09759e-16
6852  1.097e-16
6853  1.09651e-16
6854  1.09611e-16
6855  1.09579e-16
6856  1.09555e-16
6857  1.0954e-16
6858  1.09532e-16
6859  1.09532e-16
6860  1.09539e-16
6861  1.09552e-16
6862  1.09571e-16
6863  1.09597e-16
6864  1.09627e-16
6865  1.09663e-16
6866  1.09704e-16
6867  1.09749e-16
6868  1.09798e-16
6869  1.0985e-16
6870  1.09905e-16
6871  1.09963e-16
6872  1.10023e-16
6873  1.10085e-16
6874  1.10148e-16
6875  1.10213e-16
6876  1.10278e-16
6877  1.10343e-16
6878  1.10409e-16
6879  1.10473e-16
6880  1.10537e-16
6881  1.106e-16
6882  1.1066e-16
6883  1.10719e-16
6884  1.10776e-16
6885  1.1083e-16
6886  1.10881e-16
6887  1.10929e-16
6888  1.10973e-16
6889  1.11013e-16
6890  1.1105e-16
6891  1.11082e-16
6892  1.11109e-16
6893  1.11132e-16
6894  1.11149e-16
6895  1.11161e-16
6896  1.11168e-16
6897  1.1117e-16
6898  1.11166e-16
6899  1.11155e-16
6900  1.11139e-16
6901  1.11117e-16
6902  1.11089e-16
6903  1.11055e-16
6904  1.11014e-16
6905  1.10967e-16
6906  1.10914e-16
6907  1.10854e-16
6908  1.10789e-16
6909  1.10717e-16
6910  1.10638e-16
6911  1.10554e-16
6912  1.10464e-16
6913  1.10368e-16
6914  1.10265e-16
6915  1.10158e-16
6916  1.10044e-16
6917  1.09925e-16
6918  1.09801e-16
6919  1.09672e-16
6920  1.09537e-16
6921  1.09398e-16
6922  1.09255e-16
6923  1.09107e-16
6924  1.08955e-16
6925  1.08799e-16
6926  1.0864e-16
6927  1.08477e-16
6928  1.08311e-16
6929  1.08142e-16
6930  1.07971e-16
6931  1.07797e-16
6932  1.07621e-16
6933  1.07444e-16
6934  1.07265e-16
6935  1.07084e-16
6936  1.06903e-16
6937  1.06721e-16
6938  1.06539e-16
6939  1.06357e-16
6940  1.06175e-16
6941  1.05993e-16
6942  1.05813e-16
6943  1.05633e-16
6944  1.05454e-16
6945  1.05278e-16
6946  1.05103e-16
6947  1.0493e-16
6948  1.04759e-16
6949  1.04592e-16
6950  1.04427e-16
6951  1.04265e-16
6952  1.04106e-16
6953  1.03951e-16
6954  1.038e-16
6955  1.03652e-16
6956  1.03509e-16
6957  1.0337e-16
6958  1.03236e-16
6959  1.03106e-16
6960  1.02981e-16
6961  1.02861e-16
6962  1.02746e-16
6963  1.02636e-16
6964  1.02532e-16
6965  1.02432e-16
6966  1.02339e-16
6967  1.02251e-16
6968  1.02168e-16
6969  1.02091e-16
6970  1.0202e-16
6971  1.01955e-16
6972  1.01895e-16
6973  1.01842e-16
6974  1.01794e-16
6975  1.01751e-16
6976  1.01715e-16
6977  1.01684e-16
6978  1.01659e-16
6979  1.0164e-16
6980  1.01626e-16
6981  1.01617e-16
6982  1.01614e-16
6983  1.01617e-16
6984  1.01624e-16
6985  1.01637e-16
6986  1.01655e-16
6987  1.01678e-16
6988  1.01706e-16
6989  1.01738e-16
6990  1.01775e-16
6991  1.01817e-16
6992  1.01862e-16
6993  1.01912e-16
6994  1.01966e-16
6995  1.02024e-16
6996  1.02086e-16
6997  1.02151e-16
6998  1.0222e-16
6999  1.02291e-16
7000  1.02366e-16
7001  1.02445e-16
7002  1.02525e-16
7003  1.02609e-16
7004  1.02695e-16
7005  1.02783e-16
7006  1.02874e-16
7007  1.02967e-16
7008  1.03061e-16
7009  1.03158e-16
7010  1.03256e-16
7011  1.03355e-16
7012  1.03456e-16
7013  1.03559e-16
7014  1.03662e-16
7015  1.03766e-16
7016  1.03872e-16
7017  1.03978e-16
7018  1.04085e-16
7019  1.04192e-16
7020  1.043e-16
7021  1.04409e-16
7022  1.04517e-16
7023  1.04627e-16
7024  1.04736e-16
7025  1.04845e-16
7026  1.04955e-16
7027  1.05065e-16
7028  1.05174e-16
7029  1.05284e-16
7030  1.05394e-16
7031  1.05503e-16
7032  1.05613e-16
7033  1.05722e-16
7034  1.05831e-16
7035  1.0594e-16
7036  1.06049e-16
7037  1.06158e-16
7038  1.06267e-16
7039  1.06376e-16
7040  1.06485e-16
7041  1.06594e-16
7042  1.06702e-16
7043  1.06811e-16
7044  1.0692e-16
7045  1.07029e-16
7046  1.07139e-16
7047  1.07248e-16
7048  1.07358e-16
7049  1.07468e-16
7050  1.07578e-16
7051  1.07689e-16
7052  1.078e-16
7053  1.07912e-16
7054  1.08025e-16
7055  1.08138e-16
7056  1.08251e-16
7057  1.08366e-16
7058  1.08481e-16
7059  1.08597e-16
7060  1.08714e-16
7061  1.08831e-16
7062  1.0895e-16
7063  1.0907e-16
7064  1.0919e-16
7065  1.09312e-16
7066  1.09435e-16
7067  1.09558e-16
7068  1.09683e-16
7069  1.09809e-16
7070  1.09937e-16
7071  1.10065e-16
7072  1.10194e-16
7073  1.10325e-16
7074  1.10456e-16
7075  1.10589e-16
7076  1.10723e-16
7077  1.10858e-16
7078  1.10993e-16
7079  1.1113e-16
7080  1.11268e-16
7081  1.11406e-16
7082  1.11545e-16
7083  1.11686e-16
7084  1.11826e-16
7085  1.11968e-16
7086  1.12109e-16
7087  1.12252e-16
7088  1.12394e-16
7089  1.12537e-16
7090  1.1268e-16
7091  1.12823e-16
7092  1.12966e-16
7093  1.13108e-16
7094  1.13251e-16
7095  1.13393e-16
7096  1.13534e-16
7097  1.13675e-16
7098  1.13814e-16
7099  1.13953e-16
7100  1.14091e-16
7101  1.14227e-16
7102  1.14362e-16
7103  1.14496e-16
7104  1.14628e-16
7105  1.14758e-16
7106  1.14886e-16
7107  1.15012e-16
7108  1.15135e-16
7109  1.15256e-16
7110  1.15375e-16
7111  1.15491e-16
7112  1.15604e-16
7113  1.15714e-16
7114  1.1582e-16
7115  1.15924e-16
7116  1.16024e-16
7117  1.16121e-16
7118  1.16213e-16
7119  1.16302e-16
7120  1.16388e-16
7121  1.16469e-16
7122  1.16546e-16
7123  1.16619e-16
7124  1.16687e-16
7125  1.16751e-16
7126  1.1681e-16
7127  1.16865e-16
7128  1.16916e-16
7129  1.16961e-16
7130  1.17002e-16
7131  1.17038e-16
7132  1.17069e-16
7133  1.17095e-16
7134  1.17116e-16
7135  1.17132e-16
7136  1.17144e-16
7137  1.1715e-16
7138  1.17151e-16
7139  1.17148e-16
7140  1.17139e-16
7141  1.17126e-16
7142  1.17108e-16
7143  1.17085e-16
7144  1.17057e-16
7145  1.17024e-16
7146  1.16987e-16
7147  1.16946e-16
7148  1.169e-16
7149  1.16849e-16
7150  1.16795e-16
7151  1.16736e-16
7152  1.16673e-16
7153  1.16606e-16
7154  1.16536e-16
7155  1.16462e-16
7156  1.16384e-16
7157  1.16303e-16
7158  1.16219e-16
7159  1.16132e-16
7160  1.16041e-16
7161  1.15949e-16
7162  1.15853e-16
7163  1.15755e-16
7164  1.15655e-16
7165  1.15553e-16
7166  1.15449e-16
7167  1.15344e-16
7168  1.15237e-16
7169  1.15128e-16
7170  1.15019e-16
7171  1.14908e-16
7172  1.14797e-16
7173  1.14685e-16
7174  1.14573e-16
7175  1.14461e-16
7176  1.14348e-16
7177  1.14236e-16
7178  1.14124e-16
7179  1.14013e-16
7180  1.13902e-16
7181  1.13792e-16
7182  1.13683e-16
7183  1.13575e-16
7184  1.13469e-16
7185  1.13364e-16
7186  1.13261e-16
7187  1.13159e-16
7188  1.13059e-16
7189  1.12961e-16
7190  1.12866e-16
7191  1.12772e-16
7192  1.12681e-16
7193  1.12592e-16
7194  1.12506e-16
7195  1.12422e-16
7196  1.12341e-16
7197  1.12262e-16
7198  1.12187e-16
7199  1.12114e-16
7200  1.12044e-16
7201  1.11977e-16
7202  1.11912e-16
7203  1.11851e-16
7204  1.11792e-16
7205  1.11737e-16
7206  1.11684e-16
7207  1.11634e-16
7208  1.11587e-16
7209  1.11543e-16
7210  1.11502e-16
7211  1.11463e-16
7212  1.11427e-16
7213  1.11394e-16
7214  1.11363e-16
7215  1.11334e-16
7216  1.11308e-16
7217  1.11284e-16
7218  1.11262e-16
7219  1.11243e-16
7220  1.11225e-16
7221  1.11209e-16
7222  1.11195e-16
7223  1.11182e-16
7224  1.11171e-16
7225  1.11161e-16
7226  1.11152e-16
7227  1.11145e-16
7228  1.11138e-16
7229  1.11132e-16
7230  1.11126e-16
7231  1.11121e-16
7232  1.11116e-16
7233  1.11112e-16
7234  1.11107e-16
7235  1.11103e-16
7236  1.11098e-16
7237  1.11092e-16
7238  1.11086e-16
7239  1.11079e-16
7240  1.11072e-16
7241  1.11063e-16
7242  1.11053e-16
7243  1.11042e-16
7244  1.1103e-16
7245  1.11016e-16
7246  1.11e-16
7247  1.10983e-16
7248  1.10963e-16
7249  1.10942e-16
7250  1.10919e-16
7251  1.10893e-16
7252  1.10865e-16
7253  1.10835e-16
7254  1.10802e-16
7255  1.10767e-16
7256  1.10729e-16
7257  1.10688e-16
7258  1.10645e-16
7259  1.10599e-16
7260  1.1055e-16
7261  1.10499e-16
7262  1.10445e-16
7263  1.10388e-16
7264  1.10328e-16
7265  1.10265e-16
7266  1.10199e-16
7267  1.10131e-16
7268  1.1006e-16
7269  1.09986e-16
7270  1.09909e-16
7271  1.0983e-16
7272  1.09748e-16
7273  1.09663e-16
7274  1.09576e-16
7275  1.09486e-16
7276  1.09394e-16
7277  1.093e-16
7278  1.09204e-16
7279  1.09105e-16
7280  1.09005e-16
7281  1.08902e-16
7282  1.08798e-16
7283  1.08692e-16
7284  1.08584e-16
7285  1.08475e-16
7286  1.08365e-16
7287  1.08253e-16
7288  1.0814e-16
7289  1.08026e-16
7290  1.07912e-16
7291  1.07796e-16
7292  1.0768e-16
7293  1.07563e-16
7294  1.07446e-16
7295  1.07328e-16
7296  1.0721e-16
7297  1.07092e-16
7298  1.06975e-16
7299  1.06857e-16
7300  1.0674e-16
7301  1.06622e-16
7302  1.06506e-16
7303  1.0639e-16
7304  1.06274e-16
7305  1.0616e-16
7306  1.06046e-16
7307  1.05933e-16
7308  1.0582e-16
7309  1.05709e-16
7310  1.05599e-16
7311  1.0549e-16
7312  1.05382e-16
7313  1.05275e-16
7314  1.0517e-16
7315  1.05066e-16
7316  1.04962e-16
7317  1.0486e-16
7318  1.0476e-16
7319  1.0466e-16
7320  1.04562e-16
7321  1.04464e-16
7322  1.04368e-16
7323  1.04273e-16
7324  1.04179e-16
7325  1.04086e-16
7326  1.03993e-16
7327  1.03901e-16
7328  1.0381e-16
7329  1.0372e-16
7330  1.0363e-16
7331  1.0354e-16
7332  1.0345e-16
7333  1.03361e-16
7334  1.03271e-16
7335  1.03182e-16
7336  1.03092e-16
7337  1.03001e-16
7338  1.0291e-16
7339  1.02818e-16
7340  1.02724e-16
7341  1.0263e-16
7342  1.02534e-16
7343  1.02437e-16
7344  1.02338e-16
7345  1.02237e-16
7346  1.02134e-16
7347  1.02028e-16
7348  1.0192e-16
7349  1.0181e-16
7350  1.01696e-16
7351  1.01579e-16
7352  1.01459e-16
7353  1.01335e-16
7354  1.01208e-16
7355  1.01077e-16
7356  1.00941e-16
7357  1.00801e-16
7358  1.00657e-16
7359  1.00508e-16
7360  1.00354e-16
7361  1.00196e-16
7362  1.00032e-16
7363  9.98624e-17
7364  9.96875e-17
7365  9.95071e-17
7366  9.93208e-17
7367  9.91286e-17
7368  9.89304e-17
7369  9.8726e-17
7370  9.85154e-17
7371  9.82984e-17
7372  9.8075e-17
7373  9.7845e-17
7374  9.76085e-17
7375  9.73653e-17
7376  9.71154e-17
7377  9.68588e-17
7378  9.65955e-17
7379  9.63254e-17
7380  9.60486e-17
7381  9.57651e-17
7382  9.54748e-17
7383  9.51779e-17
7384  9.48743e-17
7385  9.45642e-17
7386  9.42477e-17
7387  9.39247e-17
7388  9.35954e-17
7389  9.326e-17
7390  9.29185e-17
7391  9.2571e-17
7392  9.22178e-17
7393  9.1859e-17
7394  9.14946e-17
7395  9.1125e-17
7396  9.07504e-17
7397  9.03708e-17
7398  8.99865e-17
7399  8.95978e-17
7400  8.92048e-17
7401  8.88079e-17
7402  8.84071e-17
7403  8.80029e-17
7404  8.75955e-17
7405  8.7185e-17
7406  8.67719e-17
7407  8.63563e-17
7408  8.59386e-17
7409  8.5519e-17
7410  8.50979e-17
7411  8.46755e-17
7412  8.42521e-17
7413  8.38281e-17
7414  8.34037e-17
7415  8.29793e-17
7416  8.25551e-17
7417  8.21315e-17
7418  8.17087e-17
7419  8.12871e-17
7420  8.08669e-17
7421  8.04486e-17
7422  8.00322e-17
7423  7.96183e-17
7424  7.92069e-17
7425  7.87985e-17
7426  7.83933e-17
7427  7.79915e-17
7428  7.75935e-17
7429  7.71994e-17
7430  7.68096e-17
7431  7.64243e-17
7432  7.60436e-17
7433  7.56679e-17
7434  7.52973e-17
7435  7.4932e-17
7436  7.45723e-17
7437  7.42183e-17
7438  7.38701e-17
7439  7.3528e-17
7440  7.3192e-17
7441  7.28624e-17
7442  7.25392e-17
7443  7.22225e-17
7444  7.19124e-17
7445  7.16091e-17
7446  7.13125e-17
7447  7.10228e-17
7448  7.07399e-17
7449  7.04639e-17
7450  7.01948e-17
7451  6.99327e-17
7452  6.96774e-17
7453  6.9429e-17
7454  6.91875e-17
7455  6.89527e-17
7456  6.87246e-17
7457  6.85031e-17
7458  6.82882e-17
7459  6.80797e-17
7460  6.78775e-17
7461  6.76816e-17
7462  6.74916e-17
7463  6.73076e-17
7464  6.71293e-17
7465  6.69566e-17
7466  6.67893e-17
7467  6.66272e-17
7468  6.64701e-17
7469  6.63178e-17
7470  6.61701e-17
7471  6.60268e-17
7472  6.58876e-17
7473  6.57523e-17
7474  6.56207e-17
7475  6.54926e-17
7476  6.53676e-17
7477  6.52456e-17
7478  6.51263e-17
7479  6.50095e-17
7480  6.48948e-17
7481  6.47821e-17
7482  6.46711e-17
7483  6.45615e-17
7484  6.4453e-17
7485  6.43456e-17
7486  6.42388e-17
7487  6.41324e-17
7488  6.40263e-17
7489  6.39201e-17
7490  6.38137e-17
7491  6.37068e-17
7492  6.35992e-17
7493  6.34907e-17
7494  6.33811e-17
7495  6.32702e-17
7496  6.31578e-17
7497  6.30438e-17
7498  6.2928e-17
7499  6.28102e-17
7500  6.26904e-17
7501  6.25683e-17
7502  6.24438e-17
7503  6.23169e-17
7504  6.21874e-17
7505  6.20553e-17
7506  6.19205e-17
7507  6.1783e-17
7508  6.16426e-17
7509  6.14995e-17
7510  6.13535e-17
7511  6.12047e-17
7512  6.1053e-17
7513  6.08986e-17
7514  6.07415e-17
7515  6.05817e-17
7516  6.04192e-17
7517  6.02543e-17
7518  6.0087e-17
7519  5.99173e-17
7520  5.97455e-17
7521  5.95717e-17
7522  5.9396e-17
7523  5.92187e-17
7524  5.90398e-17
7525  5.88597e-17
7526  5.86785e-17
7527  5.84964e-17
7528  5.83136e-17
7529  5.81305e-17
7530  5.79473e-17
7531  5.77642e-17
7532  5.75816e-17
7533  5.73996e-17
7534  5.72187e-17
7535  5.70391e-17
7536  5.68611e-17
7537  5.6685e-17
7538  5.65113e-17
7539  5.63401e-17
7540  5.61719e-17
7541  5.60071e-17
7542  5.58458e-17
7543  5.56886e-17
7544  5.55357e-17
7545  5.53875e-17
7546  5.52444e-17
7547  5.51068e-17
7548  5.49749e-17
7549  5.48492e-17
7550  5.473e-17
7551  5.46177e-17
7552  5.45126e-17
7553  5.44151e-17
7554  5.43256e-17
7555  5.42443e-17
7556  5.41716e-17
7557  5.41079e-17
7558  5.40535e-17
7559  5.40086e-17
7560  5.39737e-17
7561  5.3949e-17
7562  5.39349e-17
7563  5.39315e-17
7564  5.39392e-17
7565  5.39583e-17
7566  5.3989e-17
7567  5.40315e-17
7568  5.40861e-17
7569  5.41531e-17
7570  5.42326e-17
7571  5.43247e-17
7572  5.44299e-17
7573  5.4548e-17
7574  5.46795e-17
7575  5.48243e-17
7576  5.49826e-17
7577  5.51546e-17
7578  5.53403e-17
7579  5.55398e-17
7580  5.57532e-17
7581  5.59805e-17
7582  5.62219e-17
7583  5.64772e-17
7584  5.67466e-17
7585  5.703e-17
7586  5.73275e-17
7587  5.76389e-17
7588  5.79642e-17
7589  5.83034e-17
7590  5.86563e-17
7591  5.9023e-17
7592  5.94033e-17
7593  5.9797e-17
7594  6.02041e-17
7595  6.06243e-17
7596  6.10576e-17
7597  6.15038e-17
7598  6.19626e-17
7599  6.24338e-17
7600  6.29174e-17
7601  6.34129e-17
7602  6.39203e-17
7603  6.44392e-17
7604  6.49694e-17
7605  6.55107e-17
7606  6.60627e-17
7607  6.66252e-17
7608  6.71978e-17
7609  6.77804e-17
7610  6.83725e-17
7611  6.89739e-17
7612  6.95842e-17
7613  7.02031e-17
7614  7.08303e-17
7615  7.14654e-17
7616  7.21081e-17
7617  7.2758e-17
7618  7.34148e-17
7619  7.40781e-17
7620  7.47476e-17
7621  7.54229e-17
7622  7.61036e-17
7623  7.67893e-17
7624  7.74798e-17
7625  7.81746e-17
7626  7.88733e-17
7627  7.95757e-17
7628  8.02812e-17
7629  8.09896e-17
7630  8.17006e-17
7631  8.24136e-17
7632  8.31284e-17
7633  8.38446e-17
7634  8.45619e-17
7635  8.52799e-17
7636  8.59983e-17
7637  8.67166e-17
7638  8.74346e-17
7639  8.8152e-17
7640  8.88684e-17
7641  8.95835e-17
7642  9.02969e-17
7643  9.10084e-17
7644  9.17176e-17
7645  9.24243e-17
7646  9.31281e-17
7647  9.38288e-17
7648  9.4526e-17
7649  9.52196e-17
7650  9.59092e-17
7651  9.65945e-17
7652  9.72753e-17
7653  9.79514e-17
7654  9.86225e-17
7655  9.92884e-17
7656  9.99489e-17
7657  1.00604e-16
7658  1.01253e-16
7659  1.01895e-16
7660  1.02532e-16
7661  1.03162e-16
7662  1.03785e-16
7663  1.04402e-16
7664  1.05011e-16
7665  1.05614e-16
7666  1.06209e-16
7667  1.06796e-16
7668  1.07376e-16
7669  1.07948e-16
7670  1.08512e-16
7671  1.09068e-16
7672  1.09616e-16
7673  1.10156e-16
7674  1.10687e-16
7675  1.1121e-16
7676  1.11725e-16
7677  1.1223e-16
7678  1.12727e-16
7679  1.13215e-16
7680  1.13694e-16
7681  1.14165e-16
7682  1.14626e-16
7683  1.15078e-16
7684  1.15521e-16
7685  1.15955e-16
7686  1.16379e-16
7687  1.16794e-16
7688  1.172e-16
7689  1.17597e-16
7690  1.17984e-16
7691  1.18362e-16
7692  1.1873e-16
7693  1.19089e-16
7694  1.19439e-16
7695  1.19779e-16
7696  1.20109e-16
7697  1.20431e-16
7698  1.20742e-16
7699  1.21045e-16
7700  1.21337e-16
7701  1.21621e-16
7702  1.21895e-16
7703  1.2216e-16
7704  1.22415e-16
7705  1.22661e-16
7706  1.22897e-16
7707  1.23125e-16
7708  1.23343e-16
7709  1.23552e-16
7710  1.23751e-16
7711  1.23942e-16
7712  1.24123e-16
7713  1.24296e-16
7714  1.24459e-16
7715  1.24614e-16
7716  1.2476e-16
7717  1.24897e-16
7718  1.25025e-16
7719  1.25145e-16
7720  1.25256e-16
7721  1.25359e-16
7722  1.25453e-16
7723  1.25539e-16
7724  1.25616e-16
7725  1.25686e-16
7726  1.25747e-16
7727  1.25801e-16
7728  1.25846e-16
7729  1.25884e-16
7730  1.25914e-16
7731  1.25937e-16
7732  1.25952e-16
7733  1.2596e-16
7734  1.25961e-16
7735  1.25954e-16
7736  1.25941e-16
7737  1.25921e-16
7738  1.25894e-16
7739  1.2586e-16
7740  1.2582e-16
7741  1.25774e-16
7742  1.25721e-16
7743  1.25663e-16
7744  1.25598e-16
7745  1.25528e-16
7746  1.25452e-16
7747  1.25371e-16
7748  1.25285e-16
7749  1.25193e-16
7750  1.25096e-16
7751  1.24995e-16
7752  1.24889e-16
7753  1.24778e-16
7754  1.24663e-16
7755  1.24544e-16
7756  1.24421e-16
7757  1.24294e-16
7758  1.24163e-16
7759  1.24029e-16
7760  1.23891e-16
7761  1.2375e-16
7762  1.23606e-16
7763  1.23459e-16
7764  1.23309e-16
7765  1.23157e-16
7766  1.23003e-16
7767  1.22846e-16
7768  1.22687e-16
7769  1.22526e-16
7770  1.22363e-16
7771  1.22199e-16
7772  1.22033e-16
7773  1.21866e-16
7774  1.21697e-16
7775  1.21528e-16
7776  1.21357e-16
7777  1.21186e-16
7778  1.21014e-16
7779  1.20841e-16
7780  1.20668e-16
7781  1.20495e-16
7782  1.20322e-16
7783  1.20148e-16
7784  1.19975e-16
7785  1.19801e-16
7786  1.19628e-16
7787  1.19455e-16
7788  1.19282e-16
7789  1.1911e-16
7790  1.18939e-16
7791  1.18768e-16
7792  1.18597e-16
7793  1.18428e-16
7794  1.18259e-16
7795  1.18091e-16
7796  1.17924e-16
7797  1.17758e-16
7798  1.17593e-16
7799  1.17428e-16
7800  1.17265e-16
7801  1.17103e-16
7802  1.16941e-16
7803  1.16781e-16
7804  1.16622e-16
7805  1.16463e-16
7806  1.16306e-16
7807  1.16149e-16
7808  1.15994e-16
7809  1.15839e-16
7810  1.15686e-16
7811  1.15533e-16
7812  1.15381e-16
7813  1.15229e-16
7814  1.15078e-16
7815  1.14928e-16
7816  1.14779e-16
7817  1.1463e-16
7818  1.14481e-16
7819  1.14332e-16
7820  1.14184e-16
7821  1.14036e-16
7822  1.13889e-16
7823  1.13741e-16
7824  1.13593e-16
7825  1.13445e-16
7826  1.13296e-16
7827  1.13147e-16
7828  1.12998e-16
7829  1.12848e-16
7830  1.12698e-16
7831  1.12547e-16
7832  1.12395e-16
7833  1.12241e-16
7834  1.12087e-16
7835  1.11932e-16
7836  1.11775e-16
7837  1.11617e-16
7838  1.11458e-16
7839  1.11297e-16
7840  1.11134e-16
7841  1.1097e-16
7842  1.10803e-16
7843  1.10635e-16
7844  1.10465e-16
7845  1.10292e-16
7846  1.10118e-16
7847  1.09941e-16
7848  1.09761e-16
7849  1.0958e-16
7850  1.09395e-16
7851  1.09208e-16
7852  1.09019e-16
7853  1.08827e-16
7854  1.08632e-16
7855  1.08434e-16
7856  1.08234e-16
7857  1.08031e-16
7858  1.07824e-16
7859  1.07615e-16
7860  1.07403e-16
7861  1.07188e-16
7862  1.0697e-16
7863  1.06749e-16
7864  1.06525e-16
7865  1.06298e-16
7866  1.06068e-16
7867  1.05835e-16
7868  1.05599e-16
7869  1.05361e-16
7870  1.05119e-16
7871  1.04875e-16
7872  1.04627e-16
7873  1.04377e-16
7874  1.04125e-16
7875  1.03869e-16
7876  1.03611e-16
7877  1.03351e-16
7878  1.03088e-16
7879  1.02823e-16
7880  1.02556e-16
7881  1.02286e-16
7882  1.02014e-16
7883  1.01741e-16
7884  1.01465e-16
7885  1.01188e-16
7886  1.00909e-16
7887  1.00628e-16
7888  1.00346e-16
7889  1.00062e-16
7890  9.97775e-17
7891  9.94916e-17
7892  9.92047e-17
7893  9.8917e-17
7894  9.86285e-17
7895  9.83394e-17
7896  9.80498e-17
7897  9.77599e-17
7898  9.74697e-17
7899  9.71794e-17
7900  9.68891e-17
7901  9.6599e-17
7902  9.63092e-17
7903  9.60199e-17
7904  9.5731e-17
7905  9.54429e-17
7906  9.51556e-17
7907  9.48692e-17
7908  9.45838e-17
7909  9.42997e-17
7910  9.40168e-17
7911  9.37354e-17
7912  9.34556e-17
7913  9.31774e-17
7914  9.29009e-17
7915  9.26264e-17
7916  9.23538e-17
7917  9.20833e-17
7918  9.1815e-17
7919  9.1549e-17
7920  9.12854e-17
7921  9.10242e-17
7922  9.07656e-17
7923  9.05096e-17
7924  9.02563e-17
7925  9.00058e-17
7926  8.97582e-17
7927  8.95135e-17
7928  8.92717e-17
7929  8.9033e-17
7930  8.87974e-17
7931  8.85649e-17
7932  8.83356e-17
7933  8.81095e-17
7934  8.78867e-17
7935  8.76671e-17
7936  8.74509e-17
7937  8.7238e-17
7938  8.70284e-17
7939  8.68222e-17
7940  8.66194e-17
7941  8.642e-17
7942  8.62239e-17
7943  8.60313e-17
7944  8.5842e-17
7945  8.56561e-17
7946  8.54735e-17
7947  8.52943e-17
7948  8.51185e-17
7949  8.49459e-17
7950  8.47767e-17
7951  8.46107e-17
7952  8.44479e-17
7953  8.42883e-17
7954  8.41319e-17
7955  8.39787e-17
7956  8.38285e-17
7957  8.36814e-17
7958  8.35374e-17
7959  8.33963e-17
7960  8.32581e-17
7961  8.31228e-17
7962  8.29904e-17
7963  8.28608e-17
7964  8.27339e-17
7965  8.26097e-17
7966  8.24882e-17
7967  8.23693e-17
7968  8.2253e-17
7969  8.21391e-17
7970  8.20278e-17
7971  8.19188e-17
7972  8.18123e-17
7973  8.1708e-17
7974  8.1606e-17
7975  8.15063e-17
7976  8.14087e-17
7977  8.13133e-17
7978  8.122e-17
7979  8.11287e-17
7980  8.10394e-17
7981  8.09521e-17
7982  8.08668e-17
7983  8.07833e-17
7984  8.07017e-17
7985  8.06219e-17
7986  8.05439e-17
7987  8.04677e-17
7988  8.03931e-17
7989  8.03203e-17
7990  8.02491e-17
7991  8.01796e-17
7992  8.01116e-17
7993  8.00453e-17
7994  7.99805e-17
7995  7.99172e-17
7996  7.98554e-17
7997  7.97951e-17
7998  7.97362e-17
7999  7.96788e-17
8000  7.96228e-17
8001  7.95681e-17
8002  7.95149e-17
8003  7.9463e-17
8004  7.94124e-17
8005  7.93632e-17
8006  7.93152e-17
8007  7.92685e-17
8008  7.92231e-17
8009  7.91789e-17
8010  7.91359e-17
8011  7.90941e-17
8012  7.90534e-17
8013  7.90139e-17
8014  7.89755e-17
8015  7.89382e-17
8016  7.8902e-17
8017  7.88668e-17
8018  7.88326e-17
8019  7.87993e-17
8020  7.8767e-17
8021  7.87356e-17
8022  7.87051e-17
8023  7.86754e-17
8024  7.86465e-17
8025  7.86183e-17
8026  7.85908e-17
8027  7.85639e-17
8028  7.85377e-17
8029  7.8512e-17
8030  7.84867e-17
8031  7.84619e-17
8032  7.84374e-17
8033  7.84133e-17
8034  7.83893e-17
8035  7.83655e-17
8036  7.83418e-17
8037  7.83181e-17
8038  7.82944e-17
8039  7.82704e-17
8040  7.82463e-17
8041  7.82218e-17
8042  7.81969e-17
8043  7.81714e-17
8044  7.81454e-17
8045  7.81186e-17
8046  7.80911e-17
8047  7.80626e-17
8048  7.80331e-17
8049  7.80025e-17
8050  7.79706e-17
8051  7.79374e-17
8052  7.79027e-17
8053  7.78664e-17
8054  7.78284e-17
8055  7.77886e-17
8056  7.77468e-17
8057  7.7703e-17
8058  7.7657e-17
8059  7.76086e-17
8060  7.75578e-17
8061  7.75044e-17
8062  7.74484e-17
8063  7.73895e-17
8064  7.73276e-17
8065  7.72627e-17
8066  7.71946e-17
8067  7.71231e-17
8068  7.70482e-17
8069  7.69697e-17
8070  7.68875e-17
8071  7.68014e-17
8072  7.67115e-17
8073  7.66174e-17
8074  7.65192e-17
8075  7.64166e-17
8076  7.63097e-17
8077  7.61983e-17
8078  7.60822e-17
8079  7.59614e-17
8080  7.58358e-17
8081  7.57053e-17
8082  7.55698e-17
8083  7.54292e-17
8084  7.52834e-17
8085  7.51323e-17
8086  7.4976e-17
8087  7.48142e-17
8088  7.46469e-17
8089  7.44742e-17
8090  7.42958e-17
8091  7.41118e-17
8092  7.39222e-17
8093  7.37268e-17
8094  7.35256e-17
8095  7.33187e-17
8096  7.3106e-17
8097  7.28875e-17
8098  7.26632e-17
8099  7.2433e-17
8100  7.2197e-17
8101  7.19551e-17
8102  7.17075e-17
8103  7.14541e-17
8104  7.11949e-17
8105  7.093e-17
8106  7.06594e-17
8107  7.03832e-17
8108  7.01013e-17
8109  6.9814e-17
8110  6.95211e-17
8111  6.92229e-17
8112  6.89193e-17
8113  6.86105e-17
8114  6.82965e-17
8115  6.79774e-17
8116  6.76534e-17
8117  6.73245e-17
8118  6.69908e-17
8119  6.66525e-17
8120  6.63096e-17
8121  6.59623e-17
8122  6.56107e-17
8123  6.5255e-17
8124  6.48952e-17
8125  6.45316e-17
8126  6.41641e-17
8127  6.37931e-17
8128  6.34187e-17
8129  6.30409e-17
8130  6.266e-17
8131  6.22761e-17
8132  6.18894e-17
8133  6.15e-17
8134  6.11081e-17
8135  6.07139e-17
8136  6.03175e-17
8137  5.9919e-17
8138  5.95188e-17
8139  5.91168e-17
8140  5.87134e-17
8141  5.83086e-17
8142  5.79027e-17
8143  5.74958e-17
8144  5.7088e-17
8145  5.66796e-17
8146  5.62707e-17
8147  5.58615e-17
8148  5.54521e-17
8149  5.50427e-17
8150  5.46334e-17
8151  5.42245e-17
8152  5.3816e-17
8153  5.34082e-17
8154  5.30011e-17
8155  5.25949e-17
8156  5.21898e-17
8157  5.1786e-17
8158  5.13834e-17
8159  5.09823e-17
8160  5.05829e-17
8161  5.01851e-17
8162  4.97893e-17
8163  4.93953e-17
8164  4.90035e-17
8165  4.86139e-17
8166  4.82266e-17
8167  4.78416e-17
8168  4.74592e-17
8169  4.70794e-17
8170  4.67022e-17
8171  4.63278e-17
8172  4.59563e-17
8173  4.55877e-17
8174  4.5222e-17
8175  4.48595e-17
8176  4.45e-17
8177  4.41437e-17
8178  4.37907e-17
8179  4.34409e-17
8180  4.30944e-17
8181  4.27514e-17
8182  4.24117e-17
8183  4.20754e-17
8184  4.17426e-17
8185  4.14133e-17
8186  4.10876e-17
8187  4.07653e-17
8188  4.04466e-17
8189  4.01314e-17
8190  3.98199e-17
8191  3.95119e-17
8192  3.92074e-17
8193  3.89066e-17
8194  3.86094e-17
8195  3.83157e-17
8196  3.80256e-17
8197  3.77391e-17
8198  3.74562e-17
8199  3.71768e-17
8200  3.6901e-17
8201  3.66287e-17
8202  3.63599e-17
8203  3.60947e-17
8204  3.5833e-17
8205  3.55748e-17
8206  3.53201e-17
8207  3.50689e-17
8208  3.48211e-17
8209  3.45769e-17
8210  3.4336e-17
8211  3.40987e-17
8212  3.38648e-17
8213  3.36343e-17
8214  3.34073e-17
8215  3.31837e-17
8216  3.29635e-17
8217  3.27469e-17
8218  3.25336e-17
8219  3.23239e-17
8220  3.21176e-17
8221  3.19148e-17
8222  3.17155e-17
8223  3.15198e-17
8224  3.13276e-17
8225  3.1139e-17
8226  3.0954e-17
8227  3.07726e-17
8228  3.0595e-17
8229  3.0421e-17
8230  3.02508e-17
8231  3.00844e-17
8232  2.99218e-17
8233  2.97632e-17
8234  2.96085e-17
8235  2.94579e-17
8236  2.93113e-17
8237  2.91689e-17
8238  2.90307e-17
8239  2.88968e-17
8240  2.87672e-17
8241  2.86421e-17
8242  2.85215e-17
8243  2.84055e-17
8244  2.82942e-17
8245  2.81877e-17
8246  2.80861e-17
8247  2.79894e-17
8248  2.78978e-17
8249  2.78113e-17
8250  2.77301e-17
8251  2.76543e-17
8252  2.75839e-17
8253  2.75191e-17
8254  2.74599e-17
8255  2.74065e-17
8256  2.73589e-17
8257  2.73174e-17
8258  2.72819e-17
8259  2.72526e-17
8260  2.72296e-17
8261  2.7213e-17
8262  2.72028e-17
8263  2.71993e-17
8264  2.72025e-17
8265  2.72125e-17
8266  2.72293e-17
8267  2.72532e-17
8268  2.72841e-17
8269  2.73223e-17
8270  2.73676e-17
8271  2.74203e-17
8272  2.74805e-17
8273  2.75481e-17
8274  2.76233e-17
8275  2.77062e-17
8276  2.77967e-17
8277  2.7895e-17
8278  2.80012e-17
8279  2.81152e-17
8280  2.82371e-17
8281  2.8367e-17
8282  2.85049e-17
8283  2.86507e-17
8284  2.88047e-17
8285  2.89666e-17
8286  2.91367e-17
8287  2.93148e-17
8288  2.9501e-17
8289  2.96952e-17
8290  2.98975e-17
8291  3.01078e-17
8292  3.0326e-17
8293  3.05522e-17
8294  3.07863e-17
8295  3.10283e-17
8296  3.1278e-17
8297  3.15355e-17
8298  3.18006e-17
8299  3.20733e-17
8300  3.23534e-17
8301  3.2641e-17
8302  3.29357e-17
8303  3.32377e-17
8304  3.35467e-17
8305  3.38626e-17
8306  3.41853e-17
8307  3.45146e-17
8308  3.48505e-17
8309  3.51926e-17
8310  3.5541e-17
8311  3.58954e-17
8312  3.62555e-17
8313  3.66214e-17
8314  3.69927e-17
8315  3.73693e-17
8316  3.7751e-17
8317  3.81375e-17
8318  3.85287e-17
8319  3.89244e-17
8320  3.93243e-17
8321  3.97282e-17
8322  4.01358e-17
8323  4.05471e-17
8324  4.09616e-17
8325  4.13792e-17
8326  4.17996e-17
8327  4.22226e-17
8328  4.26479e-17
8329  4.30753e-17
8330  4.35045e-17
8331  4.39353e-17
8332  4.43674e-17
8333  4.48006e-17
8334  4.52345e-17
8335  4.5669e-17
8336  4.61038e-17
8337  4.65386e-17
8338  4.69731e-17
8339  4.74072e-17
8340  4.78405e-17
8341  4.82728e-17
8342  4.87038e-17
8343  4.91333e-17
8344  4.9561e-17
8345  4.99867e-17
8346  5.04102e-17
8347  5.08312e-17
8348  5.12495e-17
8349  5.16648e-17
8350  5.20769e-17
8351  5.24856e-17
8352  5.28907e-17
8353  5.32919e-17
8354  5.36891e-17
8355  5.40821e-17
8356  5.44706e-17
8357  5.48544e-17
8358  5.52335e-17
8359  5.56076e-17
8360  5.59765e-17
8361  5.63401e-17
8362  5.66983e-17
8363  5.70508e-17
8364  5.73976e-17
8365  5.77384e-17
8366  5.80733e-17
8367  5.84021e-17
8368  5.87246e-17
8369  5.90408e-17
8370  5.93505e-17
8371  5.96538e-17
8372  5.99505e-17
8373  6.02406e-17
8374  6.0524e-17
8375  6.08006e-17
8376  6.10705e-17
8377  6.13336e-17
8378  6.15898e-17
8379  6.18393e-17
8380  6.20819e-17
8381  6.23177e-17
8382  6.25467e-17
8383  6.27689e-17
8384  6.29844e-17
8385  6.31932e-17
8386  6.33953e-17
8387  6.35909e-17
8388  6.37799e-17
8389  6.39626e-17
8390  6.41388e-17
8391  6.43088e-17
8392  6.44726e-17
8393  6.46304e-17
8394  6.47822e-17
8395  6.49283e-17
8396  6.50686e-17
8397  6.52034e-17
8398  6.53328e-17
8399  6.54569e-17
8400  6.55759e-17
8401  6.569e-17
8402  6.57993e-17
8403  6.5904e-17
8404  6.60043e-17
8405  6.61004e-17
8406  6.61924e-17
8407  6.62805e-17
8408  6.6365e-17
8409  6.6446e-17
8410  6.65237e-17
8411  6.65984e-17
8412  6.66702e-17
8413  6.67394e-17
8414  6.68062e-17
8415  6.68707e-17
8416  6.69333e-17
8417  6.69941e-17
8418  6.70533e-17
8419  6.71112e-17
8420  6.7168e-17
8421  6.72239e-17
8422  6.72791e-17
8423  6.73338e-17
8424  6.73884e-17
8425  6.74429e-17
8426  6.74976e-17
8427  6.75528e-17
8428  6.76085e-17
8429  6.76651e-17
8430  6.77228e-17
8431  6.77817e-17
8432  6.78421e-17
8433  6.79041e-17
8434  6.7968e-17
8435  6.80339e-17
8436  6.81021e-17
8437  6.81726e-17
8438  6.82458e-17
8439  6.83218e-17
8440  6.84006e-17
8441  6.84826e-17
8442  6.85679e-17
8443  6.86565e-17
8444  6.87487e-17
8445  6.88446e-17
8446  6.89444e-17
8447  6.90481e-17
8448  6.91559e-17
8449  6.92679e-17
8450  6.93842e-17
8451  6.95049e-17
8452  6.96302e-17
8453  6.976e-17
8454  6.98944e-17
8455  7.00337e-17
8456  7.01777e-17
8457  7.03266e-17
8458  7.04804e-17
8459  7.06392e-17
8460  7.0803e-17
8461  7.09718e-17
8462  7.11456e-17
8463  7.13245e-17
8464  7.15084e-17
8465  7.16974e-17
8466  7.18914e-17
8467  7.20904e-17
8468  7.22944e-17
8469  7.25034e-17
8470  7.27173e-17
8471  7.29361e-17
8472  7.31596e-17
8473  7.33879e-17
8474  7.36209e-17
8475  7.38584e-17
8476  7.41005e-17
8477  7.43469e-17
8478  7.45977e-17
8479  7.48526e-17
8480  7.51117e-17
8481  7.53747e-17
8482  7.56415e-17
8483  7.59121e-17
8484  7.61862e-17
8485  7.64637e-17
8486  7.67445e-17
8487  7.70284e-17
8488  7.73152e-17
8489  7.76049e-17
8490  7.78971e-17
8491  7.81918e-17
8492  7.84887e-17
8493  7.87877e-17
8494  7.90886e-17
8495  7.93911e-17
8496  7.96952e-17
8497  8.00005e-17
8498  8.03069e-17
8499  8.06142e-17
8500  8.09221e-17
8501  8.12305e-17
8502  8.15392e-17
8503  8.18479e-17
8504  8.21563e-17
8505  8.24644e-17
8506  8.27718e-17
8507  8.30784e-17
8508  8.33839e-17
8509  8.36881e-17
8510  8.39908e-17
8511  8.42918e-17
8512  8.45907e-17
8513  8.48875e-17
8514  8.51819e-17
8515  8.54737e-17
8516  8.57626e-17
8517  8.60484e-17
8518  8.6331e-17
8519  8.66101e-17
8520  8.68854e-17
8521  8.71569e-17
8522  8.74242e-17
8523  8.76873e-17
8524  8.79458e-17
8525  8.81996e-17
8526  8.84485e-17
8527  8.86923e-17
8528  8.89308e-17
8529  8.91639e-17
8530  8.93914e-17
8531  8.9613e-17
8532  8.98287e-17
8533  9.00383e-17
8534  9.02416e-17
8535  9.04384e-17
8536  9.06287e-17
8537  9.08123e-17
8538  9.0989e-17
8539  9.11588e-17
8540  9.13215e-17
8541  9.1477e-17
8542  9.16252e-17
8543  9.1766e-17
8544  9.18993e-17
8545  9.2025e-17
8546  9.21431e-17
8547  9.22534e-17
8548  9.23559e-17
8549  9.24506e-17
8550  9.25373e-17
8551  9.26161e-17
8552  9.26869e-17
8553  9.27497e-17
8554  9.28045e-17
8555  9.28512e-17
8556  9.28899e-17
8557  9.29205e-17
8558  9.2943e-17
8559  9.29575e-17
8560  9.2964e-17
8561  9.29625e-17
8562  9.29531e-17
8563  9.29358e-17
8564  9.29106e-17
8565  9.28776e-17
8566  9.28369e-17
8567  9.27885e-17
8568  9.27326e-17
8569  9.26692e-17
8570  9.25983e-17
8571  9.25202e-17
8572  9.24349e-17
8573  9.23424e-17
8574  9.2243e-17
8575  9.21368e-17
8576  9.20238e-17
8577  9.19043e-17
8578  9.17783e-17
8579  9.16459e-17
8580  9.15074e-17
8581  9.13629e-17
8582  9.12126e-17
8583  9.10566e-17
8584  9.0895e-17
8585  9.07281e-17
8586  9.0556e-17
8587  9.03788e-17
8588  9.01969e-17
8589  9.00103e-17
8590  8.98192e-17
8591  8.96239e-17
8592  8.94245e-17
8593  8.92212e-17
8594  8.90142e-17
8595  8.88037e-17
8596  8.85898e-17
8597  8.83729e-17
8598  8.8153e-17
8599  8.79304e-17
8600  8.77053e-17
8601  8.74779e-17
8602  8.72484e-17
8603  8.70169e-17
8604  8.67837e-17
8605  8.6549e-17
8606  8.63129e-17
8607  8.60757e-17
8608  8.58375e-17
8609  8.55986e-17
8610  8.53591e-17
8611  8.51191e-17
8612  8.4879e-17
8613  8.46389e-17
8614  8.43989e-17
8615  8.41593e-17
8616  8.39201e-17
8617  8.36816e-17
8618  8.34439e-17
8619  8.32073e-17
8620  8.29717e-17
8621  8.27375e-17
8622  8.25047e-17
8623  8.22736e-17
8624  8.20441e-17
8625  8.18166e-17
8626  8.1591e-17
8627  8.13676e-17
8628  8.11464e-17
8629  8.09276e-17
8630  8.07113e-17
8631  8.04975e-17
8632  8.02865e-17
8633  8.00783e-17
8634  7.98729e-17
8635  7.96705e-17
8636  7.94712e-17
8637  7.9275e-17
8638  7.9082e-17
8639  7.88923e-17
8640  7.87059e-17
8641  7.85229e-17
8642  7.83433e-17
8643  7.81672e-17
8644  7.79947e-17
8645  7.78257e-17
8646  7.76604e-17
8647  7.74986e-17
8648  7.73405e-17
8649  7.71861e-17
8650  7.70353e-17
8651  7.68883e-17
8652  7.67449e-17
8653  7.66053e-17
8654  7.64693e-17
8655  7.6337e-17
8656  7.62084e-17
8657  7.60835e-17
8658  7.59622e-17
8659  7.58445e-17
8660  7.57304e-17
8661  7.56199e-17
8662  7.55129e-17
8663  7.54093e-17
8664  7.53093e-17
8665  7.52126e-17
8666  7.51193e-17
8667  7.50294e-17
8668  7.49427e-17
8669  7.48592e-17
8670  7.47789e-17
8671  7.47017e-17
8672  7.46275e-17
8673  7.45563e-17
8674  7.44881e-17
8675  7.44227e-17
8676  7.43601e-17
8677  7.43002e-17
8678  7.4243e-17
8679  7.41884e-17
8680  7.41363e-17
8681  7.40866e-17
8682  7.40393e-17
8683  7.39943e-17
8684  7.39515e-17
8685  7.39109e-17
8686  7.38723e-17
8687  7.38357e-17
8688  7.38011e-17
8689  7.37682e-17
8690  7.37371e-17
8691  7.37077e-17
8692  7.36799e-17
8693  7.36536e-17
8694  7.36288e-17
8695  7.36053e-17
8696  7.35831e-17
8697  7.3562e-17
8698  7.35421e-17
8699  7.35232e-17
8700  7.35052e-17
8701  7.34882e-17
8702  7.34719e-17
8703  7.34563e-17
8704  7.34413e-17
8705  7.34268e-17
8706  7.34128e-17
8707  7.33992e-17
8708  7.33859e-17
8709  7.33728e-17
8710  7.33598e-17
8711  7.33468e-17
8712  7.33338e-17
8713  7.33206e-17
8714  7.33073e-17
8715  7.32936e-17
8716  7.32796e-17
8717  7.32651e-17
8718  7.325e-17
8719  7.32343e-17
8720  7.32179e-17
8721  7.32006e-17
8722  7.31825e-17
8723  7.31634e-17
8724  7.31432e-17
8725  7.31218e-17
8726  7.30992e-17
8727  7.30753e-17
8728  7.30499e-17
8729  7.30231e-17
8730  7.29946e-17
8731  7.29644e-17
8732  7.29325e-17
8733  7.28987e-17
8734  7.28629e-17
8735  7.28251e-17
8736  7.27852e-17
8737  7.2743e-17
8738  7.26985e-17
8739  7.26516e-17
8740  7.26022e-17
8741  7.25503e-17
8742  7.24956e-17
8743  7.24382e-17
8744  7.23779e-17
8745  7.23147e-17
8746  7.22485e-17
8747  7.21791e-17
8748  7.21066e-17
8749  7.20308e-17
8750  7.19516e-17
8751  7.18689e-17
8752  7.17827e-17
8753  7.16929e-17
8754  7.15995e-17
8755  7.15022e-17
8756  7.14011e-17
8757  7.12961e-17
8758  7.11872e-17
8759  7.10741e-17
8760  7.09569e-17
8761  7.08356e-17
8762  7.071e-17
8763  7.05801e-17
8764  7.04458e-17
8765  7.03071e-17
8766  7.0164e-17
8767  7.00163e-17
8768  6.98641e-17
8769  6.97073e-17
8770  6.95458e-17
8771  6.93797e-17
8772  6.92088e-17
8773  6.90333e-17
8774  6.8853e-17
8775  6.86679e-17
8776  6.84781e-17
8777  6.82835e-17
8778  6.80842e-17
8779  6.788e-17
8780  6.76711e-17
8781  6.74574e-17
8782  6.7239e-17
8783  6.70159e-17
8784  6.6788e-17
8785  6.65555e-17
8786  6.63184e-17
8787  6.60767e-17
8788  6.58305e-17
8789  6.55798e-17
8790  6.53247e-17
8791  6.50652e-17
8792  6.48014e-17
8793  6.45335e-17
8794  6.42614e-17
8795  6.39852e-17
8796  6.37051e-17
8797  6.34212e-17
8798  6.31335e-17
8799  6.28421e-17
8800  6.25473e-17
8801  6.2249e-17
8802  6.19474e-17
8803  6.16426e-17
8804  6.13348e-17
8805  6.10241e-17
8806  6.07106e-17
8807  6.03946e-17
8808  6.0076e-17
8809  5.97551e-17
8810  5.94321e-17
8811  5.91071e-17
8812  5.87802e-17
8813  5.84516e-17
8814  5.81216e-17
8815  5.77902e-17
8816  5.74577e-17
8817  5.71241e-17
8818  5.67898e-17
8819  5.64548e-17
8820  5.61195e-17
8821  5.57838e-17
8822  5.54481e-17
8823  5.51124e-17
8824  5.47771e-17
8825  5.44423e-17
8826  5.41081e-17
8827  5.37748e-17
8828  5.34425e-17
8829  5.31114e-17
8830  5.27817e-17
8831  5.24536e-17
8832  5.21273e-17
8833  5.1803e-17
8834  5.14807e-17
8835  5.11607e-17
8836  5.08432e-17
8837  5.05284e-17
8838  5.02163e-17
8839  4.99072e-17
8840  4.96012e-17
8841  4.92984e-17
8842  4.89991e-17
8843  4.87034e-17
8844  4.84113e-17
8845  4.81231e-17
8846  4.78389e-17
8847  4.75587e-17
8848  4.72828e-17
8849  4.70113e-17
8850  4.67441e-17
8851  4.64815e-17
8852  4.62236e-17
8853  4.59704e-17
8854  4.5722e-17
8855  4.54786e-17
8856  4.52401e-17
8857  4.50067e-17
8858  4.47784e-17
8859  4.45552e-17
8860  4.43373e-17
8861  4.41246e-17
8862  4.39173e-17
8863  4.37152e-17
8864  4.35185e-17
8865  4.33272e-17
8866  4.31412e-17
8867  4.29606e-17
8868  4.27854e-17
8869  4.26155e-17
8870  4.2451e-17
8871  4.22918e-17
8872  4.2138e-17
8873  4.19894e-17
8874  4.1846e-17
8875  4.17078e-17
8876  4.15748e-17
8877  4.14468e-17
8878  4.13239e-17
8879  4.12059e-17
8880  4.10929e-17
8881  4.09846e-17
8882  4.08811e-17
8883  4.07823e-17
8884  4.06881e-17
8885  4.05983e-17
8886  4.05129e-17
8887  4.04319e-17
8888  4.0355e-17
8889  4.02823e-17
8890  4.02136e-17
8891  4.01487e-17
8892  4.00877e-17
8893  4.00303e-17
8894  3.99765e-17
8895  3.99261e-17
8896  3.98791e-17
8897  3.98354e-17
8898  3.97947e-17
8899  3.97571e-17
8900  3.97223e-17
8901  3.96903e-17
8902  3.9661e-17
8903  3.96342e-17
8904  3.96098e-17
8905  3.95878e-17
8906  3.9568e-17
8907  3.95502e-17
8908  3.95345e-17
8909  3.95206e-17
8910  3.95085e-17
8911  3.94981e-17
8912  3.94893e-17
8913  3.94819e-17
8914  3.94759e-17
8915  3.94712e-17
8916  3.94677e-17
8917  3.94653e-17
8918  3.9464e-17
8919  3.94635e-17
8920  3.94639e-17
8921  3.94651e-17
8922  3.9467e-17
8923  3.94696e-17
8924  3.94727e-17
8925  3.94763e-17
8926  3.94804e-17
8927  3.94848e-17
8928  3.94896e-17
8929  3.94946e-17
8930  3.94999e-17
8931  3.95053e-17
8932  3.95109e-17
8933  3.95166e-17
8934  3.95224e-17
8935  3.95282e-17
8936  3.95339e-17
8937  3.95397e-17
8938  3.95454e-17
8939  3.9551e-17
8940  3.95565e-17
8941  3.95619e-17
8942  3.95672e-17
8943  3.95723e-17
8944  3.95772e-17
8945  3.9582e-17
8946  3.95866e-17
8947  3.9591e-17
8948  3.95952e-17
8949  3.95992e-17
8950  3.9603e-17
8951  3.96066e-17
8952  3.961e-17
8953  3.96133e-17
8954  3.96163e-17
8955  3.96191e-17
8956  3.96218e-17
8957  3.96243e-17
8958  3.96266e-17
8959  3.96287e-17
8960  3.96306e-17
8961  3.96325e-17
8962  3.96341e-17
8963  3.96356e-17
8964  3.9637e-17
8965  3.96383e-17
8966  3.96394e-17
8967  3.96405e-17
8968  3.96414e-17
8969  3.96422e-17
8970  3.9643e-17
8971  3.96436e-17
8972  3.96442e-17
8973  3.96447e-17
8974  3.96452e-17
8975  3.96456e-17
8976  3.96459e-17
8977  3.96462e-17
8978  3.96465e-17
8979  3.96467e-17
8980  3.96469e-17
8981  3.96471e-17
8982  3.96472e-17
8983  3.96473e-17
8984  3.96474e-17
8985  3.96475e-17
8986  3.96475e-17
8987  3.96476e-17
8988  3.96476e-17
8989  3.96477e-17
8990  3.96477e-17
8991  3.96477e-17
8992  3.96477e-17
8993  3.96478e-17
8994  3.96478e-17
8995  3.96478e-17
8996  3.96478e-17
8997  3.96478e-17
8998  3.96478e-17
8999  3.96478e-17
9000  3.96478e-17
9001  3.96478e-17
9002  3.96478e-17
9003  3.96478e-17
9004  3.96478e-17
9005  3.96478e-17
9006  3.96478e-17
9007  3.96478e-17
9008  3.96478e-17
9009  3.96478e-17
9010  3.96478e-17
9011  3.96478e-17
9012  3.96478e-17
9013  3.96478e-17
9014  3.96478e-17
9015  3.96478e-17
9016  3.96478e-17
9017  3.96478e-17
9018  3.96478e-17