#-4.8725962264665785
3390  1.27501e-15
3391  1.27805e-15
3392  1.28123e-15
3393  1.28455e-15
3394  1.28801e-15
3395  1.29161e-15
3396  1.29535e-15
3397  1.29923e-15
3398  1.30325e-15
3399  1.30741e-15
3400  1.31171e-15
3401  1.31615e-15
3402  1.32073e-15
3403  1.32544e-15
3404  1.33029e-15
3405  1.33527e-15
3406  1.34038e-15
3407  1.34562e-15
3408  1.35099e-15
3409  1.35649e-15
3410  1.3621e-15
3411  1.36784e-15
3412  1.3737e-15
3413  1.37968e-15
3414  1.38577e-15
3415  1.39197e-15
3416  1.39827e-15
3417  1.40468e-15
3418  1.4112e-15
3419  1.41781e-15
3420  1.42451e-15
3421  1.43131e-15
3422  1.43819e-15
3423  1.44516e-15
3424  1.4522e-15
3425  1.45933e-15
3426  1.46652e-15
3427  1.47379e-15
3428  1.48112e-15
3429  1.48851e-15
3430  1.49595e-15
3431  1.50345e-15
3432  1.511e-15
3433  1.51859e-15
3434  1.52622e-15
3435  1.53389e-15
3436  1.54159e-15
3437  1.54931e-15
3438  1.55706e-15
3439  1.56483e-15
3440  1.57262e-15
3441  1.58042e-15
3442  1.58822e-15
3443  1.59603e-15
3444  1.60384e-15
3445  1.61164e-15
3446  1.61944e-15
3447  1.62722e-15
3448  1.63499e-15
3449  1.64273e-15
3450  1.65046e-15
3451  1.65816e-15
3452  1.66582e-15
3453  1.67346e-15
3454  1.68105e-15
3455  1.68861e-15
3456  1.69612e-15
3457  1.70358e-15
3458  1.711e-15
3459  1.71836e-15
3460  1.72566e-15
3461  1.73291e-15
3462  1.74009e-15
3463  1.74721e-15
3464  1.75426e-15
3465  1.76124e-15
3466  1.76815e-15
3467  1.77498e-15
3468  1.78173e-15
3469  1.7884e-15
3470  1.79499e-15
3471  1.8015e-15
3472  1.80791e-15
3473  1.81424e-15
3474  1.82047e-15
3475  1.82661e-15
3476  1.83266e-15
3477  1.8386e-15
3478  1.84445e-15
3479  1.85019e-15
3480  1.85582e-15
3481  1.86135e-15
3482  1.86677e-15
3483  1.87207e-15
3484  1.87726e-15
3485  1.88234e-15
3486  1.8873e-15
3487  1.89214e-15
3488  1.89685e-15
3489  1.90144e-15
3490  1.90591e-15
3491  1.91024e-15
3492  1.91445e-15
3493  1.91852e-15
3494  1.92245e-15
3495  1.92624e-15
3496  1.9299e-15
3497  1.93341e-15
3498  1.93677e-15
3499  1.93999e-15
3500  1.94305e-15
3501  1.94596e-15
3502  1.94871e-15
3503  1.95131e-15
3504  1.95374e-15
3505  1.956e-15
3506  1.9581e-15
3507  1.96002e-15
3508  1.96177e-15
3509  1.96335e-15
3510  1.96474e-15
3511  1.96594e-15
3512  1.96696e-15
3513  1.96779e-15
3514  1.96843e-15
3515  1.96886e-15
3516  1.9691e-15
3517  1.96913e-15
3518  1.96895e-15
3519  1.96857e-15
3520  1.96796e-15
3521  1.96714e-15
3522  1.9661e-15
3523  1.96483e-15
3524  1.96334e-15
3525  1.96161e-15
3526  1.95965e-15
3527  1.95745e-15
3528  1.95501e-15
3529  1.95232e-15
3530  1.94939e-15
3531  1.9462e-15
3532  1.94276e-15
3533  1.93906e-15
3534  1.93511e-15
3535  1.93089e-15
3536  1.92641e-15
3537  1.92166e-15
3538  1.91664e-15
3539  1.91135e-15
3540  1.90579e-15
3541  1.89995e-15
3542  1.89383e-15
3543  1.88744e-15
3544  1.88077e-15
3545  1.87382e-15
3546  1.86658e-15
3547  1.85907e-15
3548  1.85127e-15
3549  1.84319e-15
3550  1.83483e-15
3551  1.82618e-15
3552  1.81726e-15
3553  1.80805e-15
3554  1.79857e-15
3555  1.7888e-15
3556  1.77876e-15
3557  1.76845e-15
3558  1.75786e-15
3559  1.747e-15
3560  1.73587e-15
3561  1.72448e-15
3562  1.71283e-15
3563  1.70092e-15
3564  1.68876e-15
3565  1.67635e-15
3566  1.66369e-15
3567  1.65079e-15
3568  1.63766e-15
3569  1.62429e-15
3570  1.6107e-15
3571  1.5969e-15
3572  1.58287e-15
3573  1.56865e-15
3574  1.55422e-15
3575  1.5396e-15
3576  1.52479e-15
3577  1.5098e-15
3578  1.49465e-15
3579  1.47933e-15
3580  1.46385e-15
3581  1.44823e-15
3582  1.43247e-15
3583  1.41658e-15
3584  1.40056e-15
3585  1.38444e-15
3586  1.36821e-15
3587  1.35189e-15
3588  1.33548e-15
3589  1.319e-15
3590  1.30246e-15
3591  1.28586e-15
3592  1.26921e-15
3593  1.25253e-15
3594  1.23582e-15
3595  1.2191e-15
3596  1.20237e-15
3597  1.18564e-15
3598  1.16893e-15
3599  1.15225e-15
3600  1.1356e-15
3601  1.119e-15
3602  1.10245e-15
3603  1.08596e-15
3604  1.06955e-15
3605  1.05323e-15
3606  1.037e-15
3607  1.02087e-15
3608  1.00486e-15
3609  9.88974e-16
3610  9.73217e-16
3611  9.57602e-16
3612  9.42137e-16
3613  9.2683e-16
3614  9.11692e-16
3615  8.96729e-16
3616  8.8195e-16
3617  8.67363e-16
3618  8.52975e-16
3619  8.38795e-16
3620  8.24829e-16
3621  8.11083e-16
3622  7.97566e-16
3623  7.84283e-16
3624  7.71241e-16
3625  7.58445e-16
3626  7.45901e-16
3627  7.33615e-16
3628  7.21591e-16
3629  7.09834e-16
3630  6.98348e-16
3631  6.87139e-16
3632  6.76209e-16
3633  6.65563e-16
3634  6.55203e-16
3635  6.45133e-16
3636  6.35355e-16
3637  6.25872e-16
3638  6.16686e-16
3639  6.07798e-16
3640  5.9921e-16
3641  5.90924e-16
3642  5.8294e-16
3643  5.75259e-16
3644  5.67881e-16
3645  5.60807e-16
3646  5.54037e-16
3647  5.47569e-16
3648  5.41404e-16
3649  5.3554e-16
3650  5.29976e-16
3651  5.24712e-16
3652  5.19745e-16
3653  5.15074e-16
3654  5.10696e-16
3655  5.0661e-16
3656  5.02813e-16
3657  4.99303e-16
3658  4.96076e-16
3659  4.9313e-16
3660  4.90462e-16
3661  4.88069e-16
3662  4.85946e-16
3663  4.84092e-16
3664  4.82501e-16
3665  4.81171e-16
3666  4.80097e-16
3667  4.79275e-16
3668  4.78703e-16
3669  4.78374e-16
3670  4.78286e-16
3671  4.78434e-16
3672  4.78814e-16
3673  4.79421e-16
3674  4.80252e-16
3675  4.813e-16
3676  4.82563e-16
3677  4.84036e-16
3678  4.85715e-16
3679  4.87594e-16
3680  4.89669e-16
3681  4.91937e-16
3682  4.94392e-16
3683  4.97031e-16
3684  4.99848e-16
3685  5.0284e-16
3686  5.06002e-16
3687  5.0933e-16
3688  5.1282e-16
3689  5.16468e-16
3690  5.20269e-16
3691  5.24219e-16
3692  5.28316e-16
3693  5.32554e-16
3694  5.36929e-16
3695  5.41439e-16
3696  5.46079e-16
3697  5.50846e-16
3698  5.55736e-16
3699  5.60746e-16
3700  5.65872e-16
3701  5.71111e-16
3702  5.7646e-16
3703  5.81916e-16
3704  5.87474e-16
3705  5.93134e-16
3706  5.98891e-16
3707  6.04742e-16
3708  6.10686e-16
3709  6.16719e-16
3710  6.22838e-16
3711  6.29042e-16
3712  6.35327e-16
3713  6.41691e-16
3714  6.48132e-16
3715  6.54647e-16
3716  6.61235e-16
3717  6.67893e-16
3718  6.74619e-16
3719  6.81411e-16
3720  6.88267e-16
3721  6.95186e-16
3722  7.02164e-16
3723  7.09202e-16
3724  7.16296e-16
3725  7.23445e-16
3726  7.30647e-16
3727  7.37902e-16
3728  7.45207e-16
3729  7.5256e-16
3730  7.59961e-16
3731  7.67408e-16
3732  7.74899e-16
3733  7.82433e-16
3734  7.90009e-16
3735  7.97626e-16
3736  8.05282e-16
3737  8.12976e-16
3738  8.20706e-16
3739  8.28473e-16
3740  8.36274e-16
3741  8.44108e-16
3742  8.51975e-16
3743  8.59874e-16
3744  8.67802e-16
3745  8.7576e-16
3746  8.83747e-16
3747  8.91761e-16
3748  8.99802e-16
3749  9.07868e-16
3750  9.15959e-16
3751  9.24075e-16
3752  9.32214e-16
3753  9.40375e-16
3754  9.48559e-16
3755  9.56763e-16
3756  9.64989e-16
3757  9.73234e-16
3758  9.81499e-16
3759  9.89782e-16
3760  9.98084e-16
3761  1.0064e-15
3762  1.01474e-15
3763  1.0231e-15
3764  1.03147e-15
3765  1.03986e-15
3766  1.04826e-15
3767  1.05668e-15
3768  1.06512e-15
3769  1.07357e-15
3770  1.08203e-15
3771  1.09052e-15
3772  1.09902e-15
3773  1.10753e-15
3774  1.11606e-15
3775  1.12461e-15
3776  1.13317e-15
3777  1.14175e-15
3778  1.15034e-15
3779  1.15896e-15
3780  1.16759e-15
3781  1.17624e-15
3782  1.1849e-15
3783  1.19359e-15
3784  1.2023e-15
3785  1.21102e-15
3786  1.21977e-15
3787  1.22854e-15
3788  1.23734e-15
3789  1.24615e-15
3790  1.255e-15
3791  1.26386e-15
3792  1.27276e-15
3793  1.28168e-15
3794  1.29063e-15
3795  1.29961e-15
3796  1.30863e-15
3797  1.31767e-15
3798  1.32675e-15
3799  1.33586e-15
3800  1.34501e-15
3801  1.3542e-15
3802  1.36343e-15
3803  1.37269e-15
3804  1.382e-15
3805  1.39135e-15
3806  1.40075e-15
3807  1.41019e-15
3808  1.41968e-15
3809  1.42922e-15
3810  1.43881e-15
3811  1.44844e-15
3812  1.45814e-15
3813  1.46788e-15
3814  1.47769e-15
3815  1.48754e-15
3816  1.49746e-15
3817  1.50744e-15
3818  1.51747e-15
3819  1.52757e-15
3820  1.53773e-15
3821  1.54796e-15
3822  1.55825e-15
3823  1.5686e-15
3824  1.57902e-15
3825  1.58951e-15
3826  1.60007e-15
3827  1.6107e-15
3828  1.62139e-15
3829  1.63215e-15
3830  1.64299e-15
3831  1.65389e-15
3832  1.66486e-15
3833  1.67591e-15
3834  1.68702e-15
3835  1.6982e-15
3836  1.70945e-15
3837  1.72077e-15
3838  1.73216e-15
3839  1.74361e-15
3840  1.75513e-15
3841  1.76672e-15
3842  1.77837e-15
3843  1.79008e-15
3844  1.80185e-15
3845  1.81368e-15
3846  1.82556e-15
3847  1.83751e-15
3848  1.8495e-15
3849  1.86154e-15
3850  1.87363e-15
3851  1.88577e-15
3852  1.89794e-15
3853  1.91015e-15
3854  1.9224e-15
3855  1.93468e-15
3856  1.94699e-15
3857  1.95932e-15
3858  1.97167e-15
3859  1.98403e-15
3860  1.99641e-15
3861  2.00879e-15
3862  2.02117e-15
3863  2.03355e-15
3864  2.04592e-15
3865  2.05827e-15
3866  2.0706e-15
3867  2.08291e-15
3868  2.09519e-15
3869  2.10743e-15
3870  2.11962e-15
3871  2.13176e-15
3872  2.14385e-15
3873  2.15588e-15
3874  2.16783e-15
3875  2.17971e-15
3876  2.1915e-15
3877  2.20321e-15
3878  2.21481e-15
3879  2.22631e-15
3880  2.2377e-15
3881  2.24897e-15
3882  2.26011e-15
3883  2.27111e-15
3884  2.28198e-15
3885  2.29269e-15
3886  2.30325e-15
3887  2.31364e-15
3888  2.32386e-15
3889  2.3339e-15
3890  2.34375e-15
3891  2.35341e-15
3892  2.36286e-15
3893  2.3721e-15
3894  2.38113e-15
3895  2.38993e-15
3896  2.39851e-15
3897  2.40684e-15
3898  2.41493e-15
3899  2.42276e-15
3900  2.43034e-15
3901  2.43765e-15
3902  2.44469e-15
3903  2.45146e-15
3904  2.45794e-15
3905  2.46414e-15
3906  2.47004e-15
3907  2.47564e-15
3908  2.48094e-15
3909  2.48594e-15
3910  2.49062e-15
3911  2.49498e-15
3912  2.49903e-15
3913  2.50275e-15
3914  2.50615e-15
3915  2.50922e-15
3916  2.51196e-15
3917  2.51437e-15
3918  2.51645e-15
3919  2.51819e-15
3920  2.5196e-15
3921  2.52067e-15
3922  2.5214e-15
3923  2.5218e-15
3924  2.52187e-15
3925  2.5216e-15
3926  2.521e-15
3927  2.52008e-15
3928  2.51883e-15
3929  2.51725e-15
3930  2.51536e-15
3931  2.51315e-15
3932  2.51063e-15
3933  2.5078e-15
3934  2.50468e-15
3935  2.50125e-15
3936  2.49754e-15
3937  2.49355e-15
3938  2.48928e-15
3939  2.48474e-15
3940  2.47994e-15
3941  2.47489e-15
3942  2.46959e-15
3943  2.46406e-15
3944  2.4583e-15
3945  2.45233e-15
3946  2.44615e-15
3947  2.43977e-15
3948  2.43321e-15
3949  2.42647e-15
3950  2.41957e-15
3951  2.41252e-15
3952  2.40532e-15
3953  2.398e-15
3954  2.39056e-15
3955  2.38302e-15
3956  2.37539e-15
3957  2.36767e-15
3958  2.3599e-15
3959  2.35207e-15
3960  2.34419e-15
3961  2.3363e-15
3962  2.32839e-15
3963  2.32048e-15
3964  2.31258e-15
3965  2.30471e-15
3966  2.29688e-15
3967  2.2891e-15
3968  2.28139e-15
3969  2.27375e-15
3970  2.26621e-15
3971  2.25878e-15
3972  2.25146e-15
3973  2.24428e-15
3974  2.23723e-15
3975  2.23034e-15
3976  2.22362e-15
3977  2.21708e-15
3978  2.21072e-15
3979  2.20457e-15
3980  2.19862e-15
3981  2.1929e-15
3982  2.18741e-15
3983  2.18216e-15
3984  2.17716e-15
3985  2.17242e-15
3986  2.16795e-15
3987  2.16375e-15
3988  2.15984e-15
3989  2.15621e-15
3990  2.15289e-15
3991  2.14986e-15
3992  2.14714e-15
3993  2.14473e-15
3994  2.14264e-15
3995  2.14088e-15
3996  2.13943e-15
3997  2.13831e-15
3998  2.13753e-15
3999  2.13707e-15
4000  2.13694e-15
4001  2.13715e-15
4002  2.13769e-15
4003  2.13856e-15
4004  2.13977e-15
4005  2.1413e-15
4006  2.14316e-15
4007  2.14534e-15
4008  2.14784e-15
4009  2.15066e-15
4010  2.15379e-15
4011  2.15723e-15
4012  2.16097e-15
4013  2.165e-15
4014  2.16932e-15
4015  2.17393e-15
4016  2.17881e-15
4017  2.18395e-15
4018  2.18935e-15
4019  2.195e-15
4020  2.20089e-15
4021  2.20701e-15
4022  2.21335e-15
4023  2.2199e-15
4024  2.22665e-15
4025  2.23358e-15
4026  2.24069e-15
4027  2.24796e-15
4028  2.25539e-15
4029  2.26296e-15
4030  2.27065e-15
4031  2.27846e-15
4032  2.28636e-15
4033  2.29436e-15
4034  2.30244e-15
4035  2.31057e-15
4036  2.31876e-15
4037  2.32698e-15
4038  2.33523e-15
4039  2.34348e-15
4040  2.35173e-15
4041  2.35997e-15
4042  2.36817e-15
4043  2.37633e-15
4044  2.38444e-15
4045  2.39247e-15
4046  2.40042e-15
4047  2.40828e-15
4048  2.41603e-15
4049  2.42366e-15
4050  2.43116e-15
4051  2.43852e-15
4052  2.44572e-15
4053  2.45276e-15
4054  2.45963e-15
4055  2.4663e-15
4056  2.47278e-15
4057  2.47906e-15
4058  2.48512e-15
4059  2.49095e-15
4060  2.49656e-15
4061  2.50192e-15
4062  2.50703e-15
4063  2.51189e-15
4064  2.51649e-15
4065  2.52082e-15
4066  2.52487e-15
4067  2.52865e-15
4068  2.53214e-15
4069  2.53534e-15
4070  2.53825e-15
4071  2.54086e-15
4072  2.54317e-15
4073  2.54519e-15
4074  2.54689e-15
4075  2.5483e-15
4076  2.5494e-15
4077  2.55019e-15
4078  2.55068e-15
4079  2.55086e-15
4080  2.55074e-15
4081  2.55032e-15
4082  2.54959e-15
4083  2.54857e-15
4084  2.54725e-15
4085  2.54564e-15
4086  2.54374e-15
4087  2.54155e-15
4088  2.53909e-15
4089  2.53635e-15
4090  2.53335e-15
4091  2.53008e-15
4092  2.52655e-15
4093  2.52277e-15
4094  2.51874e-15
4095  2.51448e-15
4096  2.50998e-15
4097  2.50526e-15
4098  2.50033e-15
4099  2.49519e-15
4100  2.48985e-15
4101  2.48432e-15
4102  2.4786e-15
4103  2.47271e-15
4104  2.46665e-15
4105  2.46044e-15
4106  2.45408e-15
4107  2.44758e-15
4108  2.44095e-15
4109  2.4342e-15
4110  2.42734e-15
4111  2.42037e-15
4112  2.41331e-15
4113  2.40617e-15
4114  2.39895e-15
4115  2.39166e-15
4116  2.38432e-15
4117  2.37692e-15
4118  2.36949e-15
4119  2.36202e-15
4120  2.35452e-15
4121  2.34701e-15
4122  2.33949e-15
4123  2.33197e-15
4124  2.32445e-15
4125  2.31695e-15
4126  2.30946e-15
4127  2.302e-15
4128  2.29458e-15
4129  2.28719e-15
4130  2.27984e-15
4131  2.27255e-15
4132  2.2653e-15
4133  2.25812e-15
4134  2.251e-15
4135  2.24395e-15
4136  2.23697e-15
4137  2.23006e-15
4138  2.22323e-15
4139  2.21648e-15
4140  2.20981e-15
4141  2.20322e-15
4142  2.19673e-15
4143  2.19031e-15
4144  2.18399e-15
4145  2.17775e-15
4146  2.17161e-15
4147  2.16555e-15
4148  2.15957e-15
4149  2.15369e-15
4150  2.14789e-15
4151  2.14217e-15
4152  2.13654e-15
4153  2.13098e-15
4154  2.1255e-15
4155  2.1201e-15
4156  2.11477e-15
4157  2.10951e-15
4158  2.10431e-15
4159  2.09917e-15
4160  2.09409e-15
4161  2.08906e-15
4162  2.08408e-15
4163  2.07914e-15
4164  2.07424e-15
4165  2.06937e-15
4166  2.06453e-15
4167  2.05972e-15
4168  2.05492e-15
4169  2.05013e-15
4170  2.04534e-15
4171  2.04056e-15
4172  2.03577e-15
4173  2.03097e-15
4174  2.02615e-15
4175  2.0213e-15
4176  2.01643e-15
4177  2.01152e-15
4178  2.00656e-15
4179  2.00156e-15
4180  1.99651e-15
4181  1.99139e-15
4182  1.98621e-15
4183  1.98096e-15
4184  1.97564e-15
4185  1.97023e-15
4186  1.96473e-15
4187  1.95915e-15
4188  1.95346e-15
4189  1.94768e-15
4190  1.94179e-15
4191  1.93579e-15
4192  1.92967e-15
4193  1.92344e-15
4194  1.91709e-15
4195  1.91061e-15
4196  1.90401e-15
4197  1.89727e-15
4198  1.8904e-15
4199  1.8834e-15
4200  1.87626e-15
4201  1.86899e-15
4202  1.86157e-15
4203  1.85402e-15
4204  1.84632e-15
4205  1.83849e-15
4206  1.83051e-15
4207  1.8224e-15
4208  1.81414e-15
4209  1.80575e-15
4210  1.79722e-15
4211  1.78856e-15
4212  1.77976e-15
4213  1.77084e-15
4214  1.76179e-15
4215  1.75261e-15
4216  1.74332e-15
4217  1.73391e-15
4218  1.72439e-15
4219  1.71476e-15
4220  1.70503e-15
4221  1.6952e-15
4222  1.68528e-15
4223  1.67528e-15
4224  1.6652e-15
4225  1.65504e-15
4226  1.64482e-15
4227  1.63454e-15
4228  1.62421e-15
4229  1.61383e-15
4230  1.60342e-15
4231  1.59298e-15
4232  1.58251e-15
4233  1.57204e-15
4234  1.56156e-15
4235  1.55109e-15
4236  1.54063e-15
4237  1.53019e-15
4238  1.51978e-15
4239  1.50942e-15
4240  1.4991e-15
4241  1.48885e-15
4242  1.47866e-15
4243  1.46855e-15
4244  1.45853e-15
4245  1.44861e-15
4246  1.43879e-15
4247  1.42909e-15
4248  1.41952e-15
4249  1.41008e-15
4250  1.40079e-15
4251  1.39165e-15
4252  1.38267e-15
4253  1.37387e-15
4254  1.36525e-15
4255  1.35682e-15
4256  1.34859e-15
4257  1.34056e-15
4258  1.33275e-15
4259  1.32516e-15
4260  1.31781e-15
4261  1.31069e-15
4262  1.30383e-15
4263  1.29721e-15
4264  1.29085e-15
4265  1.28477e-15
4266  1.27895e-15
4267  1.27341e-15
4268  1.26816e-15
4269  1.2632e-15
4270  1.25853e-15
4271  1.25416e-15
4272  1.2501e-15
4273  1.24634e-15
4274  1.24289e-15
4275  1.23975e-15
4276  1.23694e-15
4277  1.23443e-15
4278  1.23225e-15
4279  1.23039e-15
4280  1.22886e-15
4281  1.22764e-15
4282  1.22675e-15
4283  1.22618e-15
4284  1.22593e-15
4285  1.226e-15
4286  1.2264e-15
4287  1.2271e-15
4288  1.22812e-15
4289  1.22946e-15
4290  1.2311e-15
4291  1.23304e-15
4292  1.23529e-15
4293  1.23783e-15
4294  1.24066e-15
4295  1.24377e-15
4296  1.24717e-15
4297  1.25083e-15
4298  1.25477e-15
4299  1.25896e-15
4300  1.26341e-15
4301  1.2681e-15
4302  1.27302e-15
4303  1.27818e-15
4304  1.28355e-15
4305  1.28914e-15
4306  1.29492e-15
4307  1.30091e-15
4308  1.30707e-15
4309  1.31341e-15
4310  1.31991e-15
4311  1.32656e-15
4312  1.33335e-15
4313  1.34028e-15
4314  1.34733e-15
4315  1.35449e-15
4316  1.36175e-15
4317  1.36909e-15
4318  1.37652e-15
4319  1.38401e-15
4320  1.39156e-15
4321  1.39915e-15
4322  1.40677e-15
4323  1.41441e-15
4324  1.42207e-15
4325  1.42972e-15
4326  1.43737e-15
4327  1.44499e-15
4328  1.45257e-15
4329  1.46012e-15
4330  1.46761e-15
4331  1.47503e-15
4332  1.48239e-15
4333  1.48966e-15
4334  1.49683e-15
4335  1.5039e-15
4336  1.51086e-15
4337  1.5177e-15
4338  1.52441e-15
4339  1.53098e-15
4340  1.53741e-15
4341  1.54369e-15
4342  1.5498e-15
4343  1.55575e-15
4344  1.56153e-15
4345  1.56712e-15
4346  1.57254e-15
4347  1.57776e-15
4348  1.58279e-15
4349  1.58762e-15
4350  1.59224e-15
4351  1.59666e-15
4352  1.60088e-15
4353  1.60487e-15
4354  1.60866e-15
4355  1.61223e-15
4356  1.61558e-15
4357  1.61872e-15
4358  1.62164e-15
4359  1.62434e-15
4360  1.62682e-15
4361  1.62909e-15
4362  1.63114e-15
4363  1.63298e-15
4364  1.63461e-15
4365  1.63603e-15
4366  1.63725e-15
4367  1.63827e-15
4368  1.63909e-15
4369  1.63971e-15
4370  1.64016e-15
4371  1.64042e-15
4372  1.6405e-15
4373  1.64041e-15
4374  1.64016e-15
4375  1.63975e-15
4376  1.63919e-15
4377  1.63848e-15
4378  1.63764e-15
4379  1.63667e-15
4380  1.63558e-15
4381  1.63438e-15
4382  1.63308e-15
4383  1.63167e-15
4384  1.63019e-15
4385  1.62862e-15
4386  1.62698e-15
4387  1.62529e-15
4388  1.62354e-15
4389  1.62176e-15
4390  1.61994e-15
4391  1.61809e-15
4392  1.61624e-15
4393  1.61438e-15
4394  1.61252e-15
4395  1.61068e-15
4396  1.60887e-15
4397  1.60709e-15
4398  1.60534e-15
4399  1.60365e-15
4400  1.60202e-15
4401  1.60045e-15
4402  1.59897e-15
4403  1.59756e-15
4404  1.59625e-15
4405  1.59504e-15
4406  1.59393e-15
4407  1.59294e-15
4408  1.59207e-15
4409  1.59133e-15
4410  1.59072e-15
4411  1.59025e-15
4412  1.58993e-15
4413  1.58976e-15
4414  1.58974e-15
4415  1.58989e-15
4416  1.5902e-15
4417  1.59067e-15
4418  1.59132e-15
4419  1.59214e-15
4420  1.59315e-15
4421  1.59433e-15
4422  1.59569e-15
4423  1.59723e-15
4424  1.59896e-15
4425  1.60087e-15
4426  1.60297e-15
4427  1.60525e-15
4428  1.60772e-15
4429  1.61036e-15
4430  1.61319e-15
4431  1.6162e-15
4432  1.61939e-15
4433  1.62275e-15
4434  1.62628e-15
4435  1.62998e-15
4436  1.63384e-15
4437  1.63787e-15
4438  1.64205e-15
4439  1.64638e-15
4440  1.65086e-15
4441  1.65548e-15
4442  1.66024e-15
4443  1.66513e-15
4444  1.67014e-15
4445  1.67526e-15
4446  1.6805e-15
4447  1.68585e-15
4448  1.69129e-15
4449  1.69681e-15
4450  1.70243e-15
4451  1.70811e-15
4452  1.71387e-15
4453  1.71968e-15
4454  1.72555e-15
4455  1.73146e-15
4456  1.7374e-15
4457  1.74338e-15
4458  1.74937e-15
4459  1.75538e-15
4460  1.76138e-15
4461  1.76739e-15
4462  1.77338e-15
4463  1.77935e-15
4464  1.7853e-15
4465  1.79121e-15
4466  1.79707e-15
4467  1.80288e-15
4468  1.80864e-15
4469  1.81433e-15
4470  1.81994e-15
4471  1.82548e-15
4472  1.83093e-15
4473  1.83629e-15
4474  1.84154e-15
4475  1.8467e-15
4476  1.85174e-15
4477  1.85666e-15
4478  1.86146e-15
4479  1.86613e-15
4480  1.87067e-15
4481  1.87508e-15
4482  1.87934e-15
4483  1.88345e-15
4484  1.88742e-15
4485  1.89124e-15
4486  1.8949e-15
4487  1.8984e-15
4488  1.90174e-15
4489  1.90492e-15
4490  1.90793e-15
4491  1.91077e-15
4492  1.91345e-15
4493  1.91596e-15
4494  1.91829e-15
4495  1.92046e-15
4496  1.92246e-15
4497  1.92429e-15
4498  1.92594e-15
4499  1.92743e-15
4500  1.92875e-15
4501  1.9299e-15
4502  1.93089e-15
4503  1.93172e-15
4504  1.93238e-15
4505  1.93288e-15
4506  1.93323e-15
4507  1.93342e-15
4508  1.93346e-15
4509  1.93335e-15
4510  1.93309e-15
4511  1.93269e-15
4512  1.93216e-15
4513  1.93149e-15
4514  1.93068e-15
4515  1.92976e-15
4516  1.9287e-15
4517  1.92753e-15
4518  1.92624e-15
4519  1.92484e-15
4520  1.92334e-15
4521  1.92173e-15
4522  1.92003e-15
4523  1.91823e-15
4524  1.91634e-15
4525  1.91437e-15
4526  1.91231e-15
4527  1.91018e-15
4528  1.90798e-15
4529  1.90572e-15
4530  1.90338e-15
4531  1.90099e-15
4532  1.89855e-15
4533  1.89605e-15
4534  1.89351e-15
4535  1.89092e-15
4536  1.88829e-15
4537  1.88563e-15
4538  1.88293e-15
4539  1.88021e-15
4540  1.87746e-15
4541  1.87468e-15
4542  1.87189e-15
4543  1.86907e-15
4544  1.86625e-15
4545  1.8634e-15
4546  1.86055e-15
4547  1.85769e-15
4548  1.85482e-15
4549  1.85195e-15
4550  1.84907e-15
4551  1.8462e-15
4552  1.84332e-15
4553  1.84044e-15
4554  1.83756e-15
4555  1.83468e-15
4556  1.8318e-15
4557  1.82893e-15
4558  1.82606e-15
4559  1.82319e-15
4560  1.82032e-15
4561  1.81746e-15
4562  1.8146e-15
4563  1.81174e-15
4564  1.80887e-15
4565  1.80601e-15
4566  1.80315e-15
4567  1.80028e-15
4568  1.79741e-15
4569  1.79454e-15
4570  1.79165e-15
4571  1.78876e-15
4572  1.78587e-15
4573  1.78295e-15
4574  1.78003e-15
4575  1.77709e-15
4576  1.77414e-15
4577  1.77117e-15
4578  1.76817e-15
4579  1.76516e-15
4580  1.76212e-15
4581  1.75906e-15
4582  1.75597e-15
4583  1.75285e-15
4584  1.74969e-15
4585  1.74651e-15
4586  1.74329e-15
4587  1.74003e-15
4588  1.73673e-15
4589  1.73339e-15
4590  1.73001e-15
4591  1.72659e-15
4592  1.72312e-15
4593  1.71961e-15
4594  1.71605e-15
4595  1.71243e-15
4596  1.70877e-15
4597  1.70506e-15
4598  1.70129e-15
4599  1.69747e-15
4600  1.6936e-15
4601  1.68967e-15
4602  1.68569e-15
4603  1.68165e-15
4604  1.67756e-15
4605  1.67341e-15
4606  1.6692e-15
4607  1.66494e-15
4608  1.66062e-15
4609  1.65625e-15
4610  1.65182e-15
4611  1.64734e-15
4612  1.64281e-15
4613  1.63822e-15
4614  1.63358e-15
4615  1.62889e-15
4616  1.62415e-15
4617  1.61937e-15
4618  1.61454e-15
4619  1.60966e-15
4620  1.60474e-15
4621  1.59978e-15
4622  1.59479e-15
4623  1.58975e-15
4624  1.58468e-15
4625  1.57958e-15
4626  1.57445e-15
4627  1.56929e-15
4628  1.5641e-15
4629  1.5589e-15
4630  1.55367e-15
4631  1.54842e-15
4632  1.54317e-15
4633  1.5379e-15
4634  1.53262e-15
4635  1.52734e-15
4636  1.52205e-15
4637  1.51677e-15
4638  1.51149e-15
4639  1.50622e-15
4640  1.50095e-15
4641  1.4957e-15
4642  1.49047e-15
4643  1.48526e-15
4644  1.48007e-15
4645  1.4749e-15
4646  1.46977e-15
4647  1.46467e-15
4648  1.4596e-15
4649  1.45457e-15
4650  1.44959e-15
4651  1.44465e-15
4652  1.43976e-15
4653  1.43492e-15
4654  1.43013e-15
4655  1.4254e-15
4656  1.42073e-15
4657  1.41613e-15
4658  1.41159e-15
4659  1.40712e-15
4660  1.40271e-15
4661  1.39839e-15
4662  1.39413e-15
4663  1.38996e-15
4664  1.38587e-15
4665  1.38186e-15
4666  1.37793e-15
4667  1.3741e-15
4668  1.37035e-15
4669  1.36669e-15
4670  1.36313e-15
4671  1.35966e-15
4672  1.35628e-15
4673  1.35301e-15
4674  1.34983e-15
4675  1.34676e-15
4676  1.34379e-15
4677  1.34092e-15
4678  1.33815e-15
4679  1.33549e-15
4680  1.33294e-15
4681  1.33049e-15
4682  1.32815e-15
4683  1.32592e-15
4684  1.32379e-15
4685  1.32178e-15
4686  1.31987e-15
4687  1.31808e-15
4688  1.31639e-15
4689  1.31481e-15
4690  1.31334e-15
4691  1.31198e-15
4692  1.31073e-15
4693  1.30958e-15
4694  1.30855e-15
4695  1.30761e-15
4696  1.30679e-15
4697  1.30607e-15
4698  1.30545e-15
4699  1.30493e-15
4700  1.30452e-15
4701  1.30421e-15
4702  1.30399e-15
4703  1.30387e-15
4704  1.30385e-15
4705  1.30392e-15
4706  1.30408e-15
4707  1.30434e-15
4708  1.30468e-15
4709  1.3051e-15
4710  1.30561e-15
4711  1.30621e-15
4712  1.30688e-15
4713  1.30762e-15
4714  1.30844e-15
4715  1.30933e-15
4716  1.31029e-15
4717  1.31132e-15
4718  1.31241e-15
4719  1.31355e-15
4720  1.31476e-15
4721  1.31601e-15
4722  1.31732e-15
4723  1.31867e-15
4724  1.32007e-15
4725  1.3215e-15
4726  1.32298e-15
4727  1.32448e-15
4728  1.32602e-15
4729  1.32757e-15
4730  1.32915e-15
4731  1.33075e-15
4732  1.33236e-15
4733  1.33398e-15
4734  1.33561e-15
4735  1.33724e-15
4736  1.33886e-15
4737  1.34048e-15
4738  1.34209e-15
4739  1.34369e-15
4740  1.34526e-15
4741  1.34681e-15
4742  1.34834e-15
4743  1.34983e-15
4744  1.35129e-15
4745  1.3527e-15
4746  1.35408e-15
4747  1.3554e-15
4748  1.35668e-15
4749  1.35789e-15
4750  1.35905e-15
4751  1.36014e-15
4752  1.36117e-15
4753  1.36212e-15
4754  1.363e-15
4755  1.36379e-15
4756  1.36451e-15
4757  1.36513e-15
4758  1.36567e-15
4759  1.36611e-15
4760  1.36646e-15
4761  1.3667e-15
4762  1.36684e-15
4763  1.36687e-15
4764  1.3668e-15
4765  1.36661e-15
4766  1.36631e-15
4767  1.36589e-15
4768  1.36535e-15
4769  1.36468e-15
4770  1.3639e-15
4771  1.36299e-15
4772  1.36195e-15
4773  1.36078e-15
4774  1.35948e-15
4775  1.35805e-15
4776  1.35649e-15
4777  1.35479e-15
4778  1.35296e-15
4779  1.351e-15
4780  1.3489e-15
4781  1.34666e-15
4782  1.34429e-15
4783  1.34179e-15
4784  1.33915e-15
4785  1.33638e-15
4786  1.33347e-15
4787  1.33044e-15
4788  1.32727e-15
4789  1.32398e-15
4790  1.32056e-15
4791  1.31702e-15
4792  1.31335e-15
4793  1.30956e-15
4794  1.30566e-15
4795  1.30164e-15
4796  1.29751e-15
4797  1.29327e-15
4798  1.28892e-15
4799  1.28447e-15
4800  1.27993e-15
4801  1.27529e-15
4802  1.27055e-15
4803  1.26573e-15
4804  1.26083e-15
4805  1.25585e-15
4806  1.2508e-15
4807  1.24568e-15
4808  1.24049e-15
4809  1.23524e-15
4810  1.22994e-15
4811  1.22459e-15
4812  1.2192e-15
4813  1.21377e-15
4814  1.2083e-15
4815  1.20281e-15
4816  1.1973e-15
4817  1.19176e-15
4818  1.18622e-15
4819  1.18067e-15
4820  1.17512e-15
4821  1.16958e-15
4822  1.16405e-15
4823  1.15853e-15
4824  1.15304e-15
4825  1.14757e-15
4826  1.14214e-15
4827  1.13675e-15
4828  1.1314e-15
4829  1.1261e-15
4830  1.12086e-15
4831  1.11567e-15
4832  1.11056e-15
4833  1.10551e-15
4834  1.10054e-15
4835  1.09565e-15
4836  1.09084e-15
4837  1.08613e-15
4838  1.08151e-15
4839  1.07698e-15
4840  1.07256e-15
4841  1.06825e-15
4842  1.06404e-15
4843  1.05995e-15
4844  1.05598e-15
4845  1.05212e-15
4846  1.04839e-15
4847  1.04479e-15
4848  1.04131e-15
4849  1.03797e-15
4850  1.03476e-15
4851  1.03169e-15
4852  1.02875e-15
4853  1.02595e-15
4854  1.0233e-15
4855  1.02078e-15
4856  1.01841e-15
4857  1.01619e-15
4858  1.0141e-15
4859  1.01216e-15
4860  1.01037e-15
4861  1.00872e-15
4862  1.00721e-15
4863  1.00585e-15
4864  1.00463e-15
4865  1.00356e-15
4866  1.00262e-15
4867  1.00182e-15
4868  1.00117e-15
4869  1.00064e-15
4870  1.00026e-15
4871  1e-15
4872  9.99878e-16
4873  9.99881e-16
4874  1.00001e-15
4875  1.00026e-15
4876  1.00063e-15
4877  1.00112e-15
4878  1.00172e-15
4879  1.00243e-15
4880  1.00324e-15
4881  1.00416e-15
4882  1.00518e-15
4883  1.00629e-15
4884  1.0075e-15
4885  1.00879e-15
4886  1.01017e-15
4887  1.01163e-15
4888  1.01316e-15
4889  1.01477e-15
4890  1.01644e-15
4891  1.01818e-15
4892  1.01997e-15
4893  1.02182e-15
4894  1.02372e-15
4895  1.02567e-15
4896  1.02766e-15
4897  1.02968e-15
4898  1.03174e-15
4899  1.03383e-15
4900  1.03594e-15
4901  1.03808e-15
4902  1.04023e-15
4903  1.0424e-15
4904  1.04457e-15
4905  1.04675e-15
4906  1.04893e-15
4907  1.05111e-15
4908  1.05329e-15
4909  1.05545e-15
4910  1.05761e-15
4911  1.05975e-15
4912  1.06187e-15
4913  1.06397e-15
4914  1.06604e-15
4915  1.06809e-15
4916  1.07011e-15
4917  1.0721e-15
4918  1.07405e-15
4919  1.07597e-15
4920  1.07785e-15
4921  1.07969e-15
4922  1.08149e-15
4923  1.08325e-15
4924  1.08496e-15
4925  1.08662e-15
4926  1.08824e-15
4927  1.08981e-15
4928  1.09134e-15
4929  1.09281e-15
4930  1.09424e-15
4931  1.09561e-15
4932  1.09694e-15
4933  1.09822e-15
4934  1.09944e-15
4935  1.10062e-15
4936  1.10175e-15
4937  1.10283e-15
4938  1.10386e-15
4939  1.10485e-15
4940  1.10579e-15
4941  1.10669e-15
4942  1.10755e-15
4943  1.10836e-15
4944  1.10913e-15
4945  1.10986e-15
4946  1.11056e-15
4947  1.11122e-15
4948  1.11185e-15
4949  1.11245e-15
4950  1.11302e-15
4951  1.11356e-15
4952  1.11407e-15
4953  1.11457e-15
4954  1.11504e-15
4955  1.11549e-15
4956  1.11593e-15
4957  1.11636e-15
4958  1.11678e-15
4959  1.11718e-15
4960  1.11759e-15
4961  1.11799e-15
4962  1.11839e-15
4963  1.11879e-15
4964  1.1192e-15
4965  1.11962e-15
4966  1.12005e-15
4967  1.12049e-15
4968  1.12095e-15
4969  1.12142e-15
4970  1.12192e-15
4971  1.12244e-15
4972  1.12299e-15
4973  1.12356e-15
4974  1.12417e-15
4975  1.12481e-15
4976  1.12549e-15
4977  1.1262e-15
4978  1.12696e-15
4979  1.12775e-15
4980  1.1286e-15
4981  1.12948e-15
4982  1.13042e-15
4983  1.13141e-15
4984  1.13245e-15
4985  1.13354e-15
4986  1.13469e-15
4987  1.1359e-15
4988  1.13716e-15
4989  1.13849e-15
4990  1.13987e-15
4991  1.14132e-15
4992  1.14283e-15
4993  1.1444e-15
4994  1.14604e-15
4995  1.14774e-15
4996  1.14951e-15
4997  1.15134e-15
4998  1.15324e-15
4999  1.15521e-15
5000  1.15725e-15
5001  1.15935e-15
5002  1.16152e-15
5003  1.16376e-15
5004  1.16606e-15
5005  1.16843e-15
5006  1.17087e-15
5007  1.17337e-15
5008  1.17593e-15
5009  1.17856e-15
5010  1.18125e-15
5011  1.184e-15
5012  1.18681e-15
5013  1.18968e-15
5014  1.19261e-15
5015  1.1956e-15
5016  1.19864e-15
5017  1.20174e-15
5018  1.20488e-15
5019  1.20808e-15
5020  1.21132e-15
5021  1.21462e-15
5022  1.21795e-15
5023  1.22133e-15
5024  1.22475e-15
5025  1.2282e-15
5026  1.23169e-15
5027  1.23522e-15
5028  1.23877e-15
5029  1.24235e-15
5030  1.24596e-15
5031  1.2496e-15
5032  1.25325e-15
5033  1.25692e-15
5034  1.26061e-15
5035  1.26431e-15
5036  1.26802e-15
5037  1.27174e-15
5038  1.27546e-15
5039  1.27919e-15
5040  1.28291e-15
5041  1.28663e-15
5042  1.29035e-15
5043  1.29405e-15
5044  1.29775e-15
5045  1.30142e-15
5046  1.30509e-15
5047  1.30873e-15
5048  1.31235e-15
5049  1.31594e-15
5050  1.31951e-15
5051  1.32304e-15
5052  1.32654e-15
5053  1.33001e-15
5054  1.33343e-15
5055  1.33682e-15
5056  1.34016e-15
5057  1.34346e-15
5058  1.34671e-15
5059  1.34991e-15
5060  1.35305e-15
5061  1.35615e-15
5062  1.35918e-15
5063  1.36216e-15
5064  1.36508e-15
5065  1.36793e-15
5066  1.37073e-15
5067  1.37345e-15
5068  1.37611e-15
5069  1.37871e-15
5070  1.38123e-15
5071  1.38368e-15
5072  1.38606e-15
5073  1.38837e-15
5074  1.39061e-15
5075  1.39276e-15
5076  1.39485e-15
5077  1.39686e-15
5078  1.39879e-15
5079  1.40064e-15
5080  1.40242e-15
5081  1.40412e-15
5082  1.40574e-15
5083  1.40729e-15
5084  1.40875e-15
5085  1.41014e-15
5086  1.41146e-15
5087  1.41269e-15
5088  1.41385e-15
5089  1.41494e-15
5090  1.41595e-15
5091  1.41689e-15
5092  1.41775e-15
5093  1.41854e-15
5094  1.41926e-15
5095  1.41991e-15
5096  1.42049e-15
5097  1.42101e-15
5098  1.42146e-15
5099  1.42185e-15
5100  1.42217e-15
5101  1.42243e-15
5102  1.42263e-15
5103  1.42278e-15
5104  1.42287e-15
5105  1.4229e-15
5106  1.42289e-15
5107  1.42282e-15
5108  1.42271e-15
5109  1.42254e-15
5110  1.42234e-15
5111  1.42209e-15
5112  1.42181e-15
5113  1.42148e-15
5114  1.42112e-15
5115  1.42073e-15
5116  1.4203e-15
5117  1.41985e-15
5118  1.41937e-15
5119  1.41886e-15
5120  1.41833e-15
5121  1.41778e-15
5122  1.41721e-15
5123  1.41662e-15
5124  1.41601e-15
5125  1.41539e-15
5126  1.41476e-15
5127  1.41412e-15
5128  1.41348e-15
5129  1.41282e-15
5130  1.41216e-15
5131  1.41149e-15
5132  1.41083e-15
5133  1.41016e-15
5134  1.40949e-15
5135  1.40882e-15
5136  1.40815e-15
5137  1.40748e-15
5138  1.40682e-15
5139  1.40616e-15
5140  1.40551e-15
5141  1.40486e-15
5142  1.40422e-15
5143  1.40358e-15
5144  1.40295e-15
5145  1.40232e-15
5146  1.4017e-15
5147  1.40108e-15
5148  1.40047e-15
5149  1.39987e-15
5150  1.39926e-15
5151  1.39867e-15
5152  1.39807e-15
5153  1.39747e-15
5154  1.39688e-15
5155  1.39628e-15
5156  1.39569e-15
5157  1.39508e-15
5158  1.39448e-15
5159  1.39387e-15
5160  1.39325e-15
5161  1.39262e-15
5162  1.39198e-15
5163  1.39132e-15
5164  1.39065e-15
5165  1.38997e-15
5166  1.38926e-15
5167  1.38853e-15
5168  1.38778e-15
5169  1.387e-15
5170  1.3862e-15
5171  1.38536e-15
5172  1.38449e-15
5173  1.38359e-15
5174  1.38265e-15
5175  1.38166e-15
5176  1.38064e-15
5177  1.37957e-15
5178  1.37845e-15
5179  1.37728e-15
5180  1.37606e-15
5181  1.37478e-15
5182  1.37345e-15
5183  1.37206e-15
5184  1.37061e-15
5185  1.36909e-15
5186  1.36751e-15
5187  1.36585e-15
5188  1.36413e-15
5189  1.36234e-15
5190  1.36047e-15
5191  1.35853e-15
5192  1.35651e-15
5193  1.35442e-15
5194  1.35224e-15
5195  1.34998e-15
5196  1.34764e-15
5197  1.34522e-15
5198  1.34271e-15
5199  1.34012e-15
5200  1.33744e-15
5201  1.33467e-15
5202  1.33182e-15
5203  1.32888e-15
5204  1.32586e-15
5205  1.32275e-15
5206  1.31955e-15
5207  1.31626e-15
5208  1.31289e-15
5209  1.30944e-15
5210  1.3059e-15
5211  1.30228e-15
5212  1.29858e-15
5213  1.2948e-15
5214  1.29094e-15
5215  1.287e-15
5216  1.28299e-15
5217  1.27891e-15
5218  1.27475e-15
5219  1.27053e-15
5220  1.26624e-15
5221  1.26188e-15
5222  1.25747e-15
5223  1.253e-15
5224  1.24847e-15
5225  1.2439e-15
5226  1.23927e-15
5227  1.2346e-15
5228  1.22989e-15
5229  1.22514e-15
5230  1.22036e-15
5231  1.21555e-15
5232  1.21071e-15
5233  1.20585e-15
5234  1.20097e-15
5235  1.19608e-15
5236  1.19118e-15
5237  1.18627e-15
5238  1.18136e-15
5239  1.17646e-15
5240  1.17156e-15
5241  1.16668e-15
5242  1.16182e-15
5243  1.15697e-15
5244  1.15215e-15
5245  1.14737e-15
5246  1.14261e-15
5247  1.1379e-15
5248  1.13323e-15
5249  1.12861e-15
5250  1.12405e-15
5251  1.11954e-15
5252  1.11509e-15
5253  1.11071e-15
5254  1.1064e-15
5255  1.10216e-15
5256  1.098e-15
5257  1.09392e-15
5258  1.08993e-15
5259  1.08603e-15
5260  1.08222e-15
5261  1.07851e-15
5262  1.0749e-15
5263  1.07139e-15
5264  1.06799e-15
5265  1.0647e-15
5266  1.06152e-15
5267  1.05846e-15
5268  1.05551e-15
5269  1.05268e-15
5270  1.04998e-15
5271  1.0474e-15
5272  1.04495e-15
5273  1.04262e-15
5274  1.04043e-15
5275  1.03837e-15
5276  1.03644e-15
5277  1.03464e-15
5278  1.03298e-15
5279  1.03145e-15
5280  1.03006e-15
5281  1.0288e-15
5282  1.02768e-15
5283  1.0267e-15
5284  1.02585e-15
5285  1.02514e-15
5286  1.02456e-15
5287  1.02412e-15
5288  1.02381e-15
5289  1.02363e-15
5290  1.02358e-15
5291  1.02367e-15
5292  1.02388e-15
5293  1.02421e-15
5294  1.02467e-15
5295  1.02526e-15
5296  1.02596e-15
5297  1.02678e-15
5298  1.02772e-15
5299  1.02876e-15
5300  1.02992e-15
5301  1.03119e-15
5302  1.03255e-15
5303  1.03402e-15
5304  1.03558e-15
5305  1.03724e-15
5306  1.03898e-15
5307  1.04082e-15
5308  1.04273e-15
5309  1.04472e-15
5310  1.04679e-15
5311  1.04892e-15
5312  1.05113e-15
5313  1.05339e-15
5314  1.05571e-15
5315  1.05808e-15
5316  1.06051e-15
5317  1.06297e-15
5318  1.06548e-15
5319  1.06802e-15
5320  1.07059e-15
5321  1.07319e-15
5322  1.07581e-15
5323  1.07845e-15
5324  1.0811e-15
5325  1.08375e-15
5326  1.08641e-15
5327  1.08907e-15
5328  1.09172e-15
5329  1.09436e-15
5330  1.09698e-15
5331  1.09959e-15
5332  1.10217e-15
5333  1.10472e-15
5334  1.10724e-15
5335  1.10972e-15
5336  1.11217e-15
5337  1.11456e-15
5338  1.11691e-15
5339  1.1192e-15
5340  1.12144e-15
5341  1.12361e-15
5342  1.12572e-15
5343  1.12776e-15
5344  1.12973e-15
5345  1.13163e-15
5346  1.13345e-15
5347  1.13518e-15
5348  1.13683e-15
5349  1.1384e-15
5350  1.13987e-15
5351  1.14126e-15
5352  1.14254e-15
5353  1.14373e-15
5354  1.14482e-15
5355  1.14581e-15
5356  1.1467e-15
5357  1.14748e-15
5358  1.14816e-15
5359  1.14873e-15
5360  1.14919e-15
5361  1.14954e-15
5362  1.14978e-15
5363  1.1499e-15
5364  1.14992e-15
5365  1.14982e-15
5366  1.14961e-15
5367  1.14929e-15
5368  1.14885e-15
5369  1.1483e-15
5370  1.14764e-15
5371  1.14687e-15
5372  1.14599e-15
5373  1.145e-15
5374  1.1439e-15
5375  1.1427e-15
5376  1.14138e-15
5377  1.13997e-15
5378  1.13845e-15
5379  1.13683e-15
5380  1.13511e-15
5381  1.1333e-15
5382  1.13139e-15
5383  1.12939e-15
5384  1.1273e-15
5385  1.12513e-15
5386  1.12287e-15
5387  1.12053e-15
5388  1.11812e-15
5389  1.11563e-15
5390  1.11308e-15
5391  1.11045e-15
5392  1.10776e-15
5393  1.10502e-15
5394  1.10222e-15
5395  1.09936e-15
5396  1.09646e-15
5397  1.09352e-15
5398  1.09053e-15
5399  1.08751e-15
5400  1.08446e-15
5401  1.08139e-15
5402  1.07829e-15
5403  1.07517e-15
5404  1.07205e-15
5405  1.06891e-15
5406  1.06577e-15
5407  1.06263e-15
5408  1.05949e-15
5409  1.05637e-15
5410  1.05325e-15
5411  1.05016e-15
5412  1.04709e-15
5413  1.04405e-15
5414  1.04104e-15
5415  1.03807e-15
5416  1.03514e-15
5417  1.03226e-15
5418  1.02943e-15
5419  1.02665e-15
5420  1.02393e-15
5421  1.02127e-15
5422  1.01868e-15
5423  1.01616e-15
5424  1.01372e-15
5425  1.01135e-15
5426  1.00907e-15
5427  1.00688e-15
5428  1.00477e-15
5429  1.00276e-15
5430  1.00084e-15
5431  9.9902e-16
5432  9.97303e-16
5433  9.95692e-16
5434  9.94189e-16
5435  9.92796e-16
5436  9.91515e-16
5437  9.90349e-16
5438  9.89301e-16
5439  9.88371e-16
5440  9.87561e-16
5441  9.86874e-16
5442  9.8631e-16
5443  9.85871e-16
5444  9.85558e-16
5445  9.85371e-16
5446  9.85312e-16
5447  9.8538e-16
5448  9.85577e-16
5449  9.85902e-16
5450  9.86355e-16
5451  9.86936e-16
5452  9.87645e-16
5453  9.88481e-16
5454  9.89444e-16
5455  9.90531e-16
5456  9.91743e-16
5457  9.93078e-16
5458  9.94535e-16
5459  9.96111e-16
5460  9.97806e-16
5461  9.99617e-16
5462  1.00154e-15
5463  1.00358e-15
5464  1.00572e-15
5465  1.00798e-15
5466  1.01033e-15
5467  1.01279e-15
5468  1.01534e-15
5469  1.01799e-15
5470  1.02074e-15
5471  1.02357e-15
5472  1.02648e-15
5473  1.02948e-15
5474  1.03255e-15
5475  1.03569e-15
5476  1.03891e-15
5477  1.04219e-15
5478  1.04554e-15
5479  1.04894e-15
5480  1.05239e-15
5481  1.05589e-15
5482  1.05944e-15
5483  1.06303e-15
5484  1.06665e-15
5485  1.0703e-15
5486  1.07399e-15
5487  1.07769e-15
5488  1.08141e-15
5489  1.08515e-15
5490  1.08889e-15
5491  1.09264e-15
5492  1.09639e-15
5493  1.10013e-15
5494  1.10387e-15
5495  1.10759e-15
5496  1.11129e-15
5497  1.11498e-15
5498  1.11864e-15
5499  1.12226e-15
5500  1.12586e-15
5501  1.12941e-15
5502  1.13293e-15
5503  1.1364e-15
5504  1.13982e-15
5505  1.14318e-15
5506  1.1465e-15
5507  1.14975e-15
5508  1.15294e-15
5509  1.15606e-15
5510  1.15911e-15
5511  1.1621e-15
5512  1.16501e-15
5513  1.16784e-15
5514  1.17059e-15
5515  1.17326e-15
5516  1.17585e-15
5517  1.17835e-15
5518  1.18077e-15
5519  1.18309e-15
5520  1.18533e-15
5521  1.18747e-15
5522  1.18952e-15
5523  1.19148e-15
5524  1.19334e-15
5525  1.19511e-15
5526  1.19678e-15
5527  1.19835e-15
5528  1.19983e-15
5529  1.20121e-15
5530  1.20249e-15
5531  1.20368e-15
5532  1.20477e-15
5533  1.20577e-15
5534  1.20667e-15
5535  1.20748e-15
5536  1.2082e-15
5537  1.20882e-15
5538  1.20936e-15
5539  1.20981e-15
5540  1.21017e-15
5541  1.21044e-15
5542  1.21063e-15
5543  1.21074e-15
5544  1.21077e-15
5545  1.21073e-15
5546  1.21061e-15
5547  1.21041e-15
5548  1.21015e-15
5549  1.20982e-15
5550  1.20943e-15
5551  1.20897e-15
5552  1.20846e-15
5553  1.20789e-15
5554  1.20726e-15
5555  1.20659e-15
5556  1.20587e-15
5557  1.20511e-15
5558  1.2043e-15
5559  1.20346e-15
5560  1.20259e-15
5561  1.20169e-15
5562  1.20075e-15
5563  1.1998e-15
5564  1.19882e-15
5565  1.19783e-15
5566  1.19682e-15
5567  1.1958e-15
5568  1.19478e-15
5569  1.19375e-15
5570  1.19272e-15
5571  1.19169e-15
5572  1.19067e-15
5573  1.18965e-15
5574  1.18865e-15
5575  1.18766e-15
5576  1.18669e-15
5577  1.18574e-15
5578  1.18481e-15
5579  1.18391e-15
5580  1.18303e-15
5581  1.18219e-15
5582  1.18137e-15
5583  1.1806e-15
5584  1.17986e-15
5585  1.17916e-15
5586  1.1785e-15
5587  1.17789e-15
5588  1.17732e-15
5589  1.17679e-15
5590  1.17632e-15
5591  1.17589e-15
5592  1.17552e-15
5593  1.1752e-15
5594  1.17493e-15
5595  1.17471e-15
5596  1.17455e-15
5597  1.17444e-15
5598  1.17439e-15
5599  1.17439e-15
5600  1.17445e-15
5601  1.17457e-15
5602  1.17474e-15
5603  1.17497e-15
5604  1.17525e-15
5605  1.17558e-15
5606  1.17597e-15
5607  1.17642e-15
5608  1.17691e-15
5609  1.17746e-15
5610  1.17805e-15
5611  1.1787e-15
5612  1.17939e-15
5613  1.18012e-15
5614  1.18091e-15
5615  1.18173e-15
5616  1.18259e-15
5617  1.18349e-15
5618  1.18443e-15
5619  1.1854e-15
5620  1.1864e-15
5621  1.18743e-15
5622  1.18849e-15
5623  1.18957e-15
5624  1.19067e-15
5625  1.19179e-15
5626  1.19293e-15
5627  1.19408e-15
5628  1.19523e-15
5629  1.1964e-15
5630  1.19757e-15
5631  1.19874e-15
5632  1.19991e-15
5633  1.20107e-15
5634  1.20223e-15
5635  1.20337e-15
5636  1.2045e-15
5637  1.20561e-15
5638  1.20669e-15
5639  1.20776e-15
5640  1.20879e-15
5641  1.2098e-15
5642  1.21077e-15
5643  1.2117e-15
5644  1.2126e-15
5645  1.21345e-15
5646  1.21426e-15
5647  1.21501e-15
5648  1.21572e-15
5649  1.21637e-15
5650  1.21696e-15
5651  1.21749e-15
5652  1.21797e-15
5653  1.21837e-15
5654  1.21871e-15
5655  1.21898e-15
5656  1.21918e-15
5657  1.2193e-15
5658  1.21935e-15
5659  1.21932e-15
5660  1.21921e-15
5661  1.21902e-15
5662  1.21874e-15
5663  1.21839e-15
5664  1.21795e-15
5665  1.21742e-15
5666  1.2168e-15
5667  1.2161e-15
5668  1.21531e-15
5669  1.21443e-15
5670  1.21346e-15
5671  1.2124e-15
5672  1.21124e-15
5673  1.21e-15
5674  1.20867e-15
5675  1.20725e-15
5676  1.20574e-15
5677  1.20415e-15
5678  1.20246e-15
5679  1.20069e-15
5680  1.19883e-15
5681  1.19689e-15
5682  1.19486e-15
5683  1.19276e-15
5684  1.19057e-15
5685  1.1883e-15
5686  1.18596e-15
5687  1.18354e-15
5688  1.18105e-15
5689  1.17849e-15
5690  1.17586e-15
5691  1.17316e-15
5692  1.17041e-15
5693  1.16759e-15
5694  1.16471e-15
5695  1.16178e-15
5696  1.1588e-15
5697  1.15577e-15
5698  1.15269e-15
5699  1.14957e-15
5700  1.14641e-15
5701  1.14321e-15
5702  1.13999e-15
5703  1.13673e-15
5704  1.13344e-15
5705  1.13014e-15
5706  1.12681e-15
5707  1.12348e-15
5708  1.12012e-15
5709  1.11676e-15
5710  1.1134e-15
5711  1.11004e-15
5712  1.10668e-15
5713  1.10332e-15
5714  1.09998e-15
5715  1.09664e-15
5716  1.09333e-15
5717  1.09004e-15
5718  1.08677e-15
5719  1.08352e-15
5720  1.08031e-15
5721  1.07714e-15
5722  1.074e-15
5723  1.0709e-15
5724  1.06784e-15
5725  1.06483e-15
5726  1.06188e-15
5727  1.05897e-15
5728  1.05612e-15
5729  1.05333e-15
5730  1.0506e-15
5731  1.04793e-15
5732  1.04533e-15
5733  1.04279e-15
5734  1.04033e-15
5735  1.03793e-15
5736  1.03562e-15
5737  1.03337e-15
5738  1.03121e-15
5739  1.02912e-15
5740  1.02712e-15
5741  1.02519e-15
5742  1.02335e-15
5743  1.02159e-15
5744  1.01992e-15
5745  1.01834e-15
5746  1.01684e-15
5747  1.01542e-15
5748  1.0141e-15
5749  1.01286e-15
5750  1.01171e-15
5751  1.01065e-15
5752  1.00967e-15
5753  1.00878e-15
5754  1.00798e-15
5755  1.00727e-15
5756  1.00664e-15
5757  1.00609e-15
5758  1.00563e-15
5759  1.00526e-15
5760  1.00496e-15
5761  1.00475e-15
5762  1.00462e-15
5763  1.00456e-15
5764  1.00459e-15
5765  1.00468e-15
5766  1.00486e-15
5767  1.0051e-15
5768  1.00541e-15
5769  1.0058e-15
5770  1.00625e-15
5771  1.00676e-15
5772  1.00734e-15
5773  1.00798e-15
5774  1.00867e-15
5775  1.00942e-15
5776  1.01023e-15
5777  1.01109e-15
5778  1.012e-15
5779  1.01295e-15
5780  1.01395e-15
5781  1.01499e-15
5782  1.01607e-15
5783  1.0172e-15
5784  1.01835e-15
5785  1.01954e-15
5786  1.02076e-15
5787  1.02201e-15
5788  1.02329e-15
5789  1.02459e-15
5790  1.02591e-15
5791  1.02725e-15
5792  1.02861e-15
5793  1.02999e-15
5794  1.03138e-15
5795  1.03278e-15
5796  1.03419e-15
5797  1.0356e-15
5798  1.03703e-15
5799  1.03845e-15
5800  1.03988e-15
5801  1.04132e-15
5802  1.04275e-15
5803  1.04417e-15
5804  1.0456e-15
5805  1.04701e-15
5806  1.04843e-15
5807  1.04983e-15
5808  1.05122e-15
5809  1.05261e-15
5810  1.05398e-15
5811  1.05534e-15
5812  1.05669e-15
5813  1.05803e-15
5814  1.05935e-15
5815  1.06065e-15
5816  1.06194e-15
5817  1.06321e-15
5818  1.06447e-15
5819  1.06571e-15
5820  1.06693e-15
5821  1.06814e-15
5822  1.06932e-15
5823  1.07049e-15
5824  1.07164e-15
5825  1.07277e-15
5826  1.07388e-15
5827  1.07498e-15
5828  1.07606e-15
5829  1.07712e-15
5830  1.07816e-15
5831  1.07918e-15
5832  1.08019e-15
5833  1.08118e-15
5834  1.08215e-15
5835  1.08311e-15
5836  1.08405e-15
5837  1.08498e-15
5838  1.08589e-15
5839  1.08678e-15
5840  1.08767e-15
5841  1.08853e-15
5842  1.08939e-15
5843  1.09023e-15
5844  1.09105e-15
5845  1.09187e-15
5846  1.09267e-15
5847  1.09346e-15
5848  1.09424e-15
5849  1.095e-15
5850  1.09576e-15
5851  1.0965e-15
5852  1.09724e-15
5853  1.09796e-15
5854  1.09867e-15
5855  1.09937e-15
5856  1.10006e-15
5857  1.10075e-15
5858  1.10142e-15
5859  1.10208e-15
5860  1.10272e-15
5861  1.10336e-15
5862  1.10399e-15
5863  1.1046e-15
5864  1.10521e-15
5865  1.1058e-15
5866  1.10637e-15
5867  1.10694e-15
5868  1.10749e-15
5869  1.10803e-15
5870  1.10855e-15
5871  1.10906e-15
5872  1.10955e-15
5873  1.11002e-15
5874  1.11048e-15
5875  1.11091e-15
5876  1.11133e-15
5877  1.11173e-15
5878  1.11211e-15
5879  1.11246e-15
5880  1.11279e-15
5881  1.1131e-15
5882  1.11338e-15
5883  1.11363e-15
5884  1.11386e-15
5885  1.11406e-15
5886  1.11423e-15
5887  1.11437e-15
5888  1.11448e-15
5889  1.11455e-15
5890  1.11459e-15
5891  1.1146e-15
5892  1.11457e-15
5893  1.1145e-15
5894  1.11439e-15
5895  1.11425e-15
5896  1.11406e-15
5897  1.11383e-15
5898  1.11356e-15
5899  1.11325e-15
5900  1.11289e-15
5901  1.11249e-15
5902  1.11205e-15
5903  1.11155e-15
5904  1.11101e-15
5905  1.11042e-15
5906  1.10978e-15
5907  1.1091e-15
5908  1.10836e-15
5909  1.10757e-15
5910  1.10674e-15
5911  1.10585e-15
5912  1.10491e-15
5913  1.10392e-15
5914  1.10288e-15
5915  1.10179e-15
5916  1.10065e-15
5917  1.09945e-15
5918  1.09821e-15
5919  1.09691e-15
5920  1.09557e-15
5921  1.09417e-15
5922  1.09272e-15
5923  1.09123e-15
5924  1.08969e-15
5925  1.0881e-15
5926  1.08646e-15
5927  1.08478e-15
5928  1.08305e-15
5929  1.08127e-15
5930  1.07946e-15
5931  1.0776e-15
5932  1.0757e-15
5933  1.07376e-15
5934  1.07178e-15
5935  1.06977e-15
5936  1.06771e-15
5937  1.06563e-15
5938  1.06351e-15
5939  1.06136e-15
5940  1.05918e-15
5941  1.05697e-15
5942  1.05473e-15
5943  1.05247e-15
5944  1.05018e-15
5945  1.04788e-15
5946  1.04555e-15
5947  1.0432e-15
5948  1.04084e-15
5949  1.03846e-15
5950  1.03606e-15
5951  1.03366e-15
5952  1.03124e-15
5953  1.02882e-15
5954  1.02638e-15
5955  1.02395e-15
5956  1.0215e-15
5957  1.01906e-15
5958  1.01661e-15
5959  1.01417e-15
5960  1.01172e-15
5961  1.00928e-15
5962  1.00685e-15
5963  1.00442e-15
5964  1.00199e-15
5965  9.99579e-16
5966  9.97174e-16
5967  9.94778e-16
5968  9.92394e-16
5969  9.90022e-16
5970  9.87664e-16
5971  9.85319e-16
5972  9.82988e-16
5973  9.80672e-16
5974  9.78372e-16
5975  9.76088e-16
5976  9.7382e-16
5977  9.71569e-16
5978  9.69334e-16
5979  9.67116e-16
5980  9.64915e-16
5981  9.62731e-16
5982  9.60564e-16
5983  9.58413e-16
5984  9.56278e-16
5985  9.54159e-16
5986  9.52055e-16
5987  9.49965e-16
5988  9.4789e-16
5989  9.45827e-16
5990  9.43778e-16
5991  9.41739e-16
5992  9.39712e-16
5993  9.37693e-16
5994  9.35684e-16
5995  9.33682e-16
5996  9.31686e-16
5997  9.29695e-16
5998  9.27707e-16
5999  9.25722e-16
6000  9.23737e-16
6001  9.21752e-16
6002  9.19765e-16
6003  9.17774e-16
6004  9.15777e-16
6005  9.13774e-16
6006  9.11763e-16
6007  9.09741e-16
6008  9.07708e-16
6009  9.05661e-16
6010  9.03599e-16
6011  9.01521e-16
6012  8.99424e-16
6013  8.97307e-16
6014  8.95168e-16
6015  8.93006e-16
6016  8.9082e-16
6017  8.88607e-16
6018  8.86366e-16
6019  8.84095e-16
6020  8.81794e-16
6021  8.7946e-16
6022  8.77092e-16
6023  8.7469e-16
6024  8.72251e-16
6025  8.69775e-16
6026  8.6726e-16
6027  8.64706e-16
6028  8.62111e-16
6029  8.59474e-16
6030  8.56795e-16
6031  8.54073e-16
6032  8.51307e-16
6033  8.48496e-16
6034  8.45641e-16
6035  8.4274e-16
6036  8.39794e-16
6037  8.36801e-16
6038  8.33763e-16
6039  8.30679e-16
6040  8.27549e-16
6041  8.24373e-16
6042  8.21152e-16
6043  8.17886e-16
6044  8.14575e-16
6045  8.1122e-16
6046  8.07822e-16
6047  8.04382e-16
6048  8.009e-16
6049  7.97378e-16
6050  7.93816e-16
6051  7.90216e-16
6052  7.86579e-16
6053  7.82907e-16
6054  7.79201e-16
6055  7.75463e-16
6056  7.71694e-16
6057  7.67897e-16
6058  7.64072e-16
6059  7.60223e-16
6060  7.5635e-16
6061  7.52457e-16
6062  7.48546e-16
6063  7.44618e-16
6064  7.40677e-16
6065  7.36724e-16
6066  7.32763e-16
6067  7.28795e-16
6068  7.24823e-16
6069  7.2085e-16
6070  7.16879e-16
6071  7.12913e-16
6072  7.08954e-16
6073  7.05005e-16
6074  7.01069e-16
6075  6.97149e-16
6076  6.93248e-16
6077  6.89369e-16
6078  6.85514e-16
6079  6.81688e-16
6080  6.77892e-16
6081  6.7413e-16
6082  6.70405e-16
6083  6.66719e-16
6084  6.63077e-16
6085  6.5948e-16
6086  6.55932e-16
6087  6.52435e-16
6088  6.48993e-16
6089  6.45609e-16
6090  6.42284e-16
6091  6.39022e-16
6092  6.35826e-16
6093  6.32699e-16
6094  6.29642e-16
6095  6.26659e-16
6096  6.23752e-16
6097  6.20924e-16
6098  6.18177e-16
6099  6.15513e-16
6100  6.12935e-16
6101  6.10444e-16
6102  6.08043e-16
6103  6.05734e-16
6104  6.03519e-16
6105  6.01399e-16
6106  5.99377e-16
6107  5.97454e-16
6108  5.95632e-16
6109  5.93911e-16
6110  5.92295e-16
6111  5.90783e-16
6112  5.89377e-16
6113  5.88079e-16
6114  5.86888e-16
6115  5.85807e-16
6116  5.84835e-16
6117  5.83974e-16
6118  5.83225e-16
6119  5.82586e-16
6120  5.8206e-16
6121  5.81647e-16
6122  5.81346e-16
6123  5.81157e-16
6124  5.81081e-16
6125  5.81118e-16
6126  5.81267e-16
6127  5.81527e-16
6128  5.819e-16
6129  5.82383e-16
6130  5.82977e-16
6131  5.83681e-16
6132  5.84494e-16
6133  5.85414e-16
6134  5.86442e-16
6135  5.87577e-16
6136  5.88816e-16
6137  5.90158e-16
6138  5.91604e-16
6139  5.9315e-16
6140  5.94796e-16
6141  5.96541e-16
6142  5.98381e-16
6143  6.00317e-16
6144  6.02346e-16
6145  6.04467e-16
6146  6.06676e-16
6147  6.08974e-16
6148  6.11357e-16
6149  6.13824e-16
6150  6.16373e-16
6151  6.19001e-16
6152  6.21707e-16
6153  6.24488e-16
6154  6.27342e-16
6155  6.30267e-16
6156  6.33261e-16
6157  6.3632e-16
6158  6.39444e-16
6159  6.42629e-16
6160  6.45874e-16
6161  6.49175e-16
6162  6.52531e-16
6163  6.55939e-16
6164  6.59396e-16
6165  6.62901e-16
6166  6.6645e-16
6167  6.70042e-16
6168  6.73674e-16
6169  6.77343e-16
6170  6.81048e-16
6171  6.84785e-16
6172  6.88553e-16
6173  6.9235e-16
6174  6.96172e-16
6175  7.00017e-16
6176  7.03884e-16
6177  7.07769e-16
6178  7.11671e-16
6179  7.15588e-16
6180  7.19517e-16
6181  7.23457e-16
6182  7.27404e-16
6183  7.31358e-16
6184  7.35315e-16
6185  7.39275e-16
6186  7.43234e-16
6187  7.47192e-16
6188  7.51146e-16
6189  7.55095e-16
6190  7.59036e-16
6191  7.62968e-16
6192  7.6689e-16
6193  7.70799e-16
6194  7.74694e-16
6195  7.78574e-16
6196  7.82437e-16
6197  7.86282e-16
6198  7.90107e-16
6199  7.93911e-16
6200  7.97692e-16
6201  8.0145e-16
6202  8.05183e-16
6203  8.0889e-16
6204  8.1257e-16
6205  8.16222e-16
6206  8.19845e-16
6207  8.23438e-16
6208  8.27001e-16
6209  8.30531e-16
6210  8.3403e-16
6211  8.37495e-16
6212  8.40926e-16
6213  8.44322e-16
6214  8.47684e-16
6215  8.51009e-16
6216  8.54299e-16
6217  8.57552e-16
6218  8.60768e-16
6219  8.63946e-16
6220  8.67086e-16
6221  8.70188e-16
6222  8.73252e-16
6223  8.76277e-16
6224  8.79263e-16
6225  8.8221e-16
6226  8.85118e-16
6227  8.87987e-16
6228  8.90816e-16
6229  8.93605e-16
6230  8.96355e-16
6231  8.99066e-16
6232  9.01737e-16
6233  9.04369e-16
6234  9.06961e-16
6235  9.09514e-16
6236  9.12028e-16
6237  9.14503e-16
6238  9.16939e-16
6239  9.19336e-16
6240  9.21695e-16
6241  9.24015e-16
6242  9.26297e-16
6243  9.28541e-16
6244  9.30747e-16
6245  9.32915e-16
6246  9.35047e-16
6247  9.37141e-16
6248  9.39198e-16
6249  9.41219e-16
6250  9.43204e-16
6251  9.45152e-16
6252  9.47065e-16
6253  9.48942e-16
6254  9.50783e-16
6255  9.5259e-16
6256  9.54362e-16
6257  9.56099e-16
6258  9.57802e-16
6259  9.59471e-16
6260  9.61106e-16
6261  9.62708e-16
6262  9.64277e-16
6263  9.65812e-16
6264  9.67315e-16
6265  9.68785e-16
6266  9.70223e-16
6267  9.71629e-16
6268  9.73003e-16
6269  9.74345e-16
6270  9.75656e-16
6271  9.76936e-16
6272  9.78185e-16
6273  9.79403e-16
6274  9.80591e-16
6275  9.81748e-16
6276  9.82875e-16
6277  9.83973e-16
6278  9.8504e-16
6279  9.86078e-16
6280  9.87087e-16
6281  9.88066e-16
6282  9.89017e-16
6283  9.89938e-16
6284  9.90831e-16
6285  9.91696e-16
6286  9.92533e-16
6287  9.93341e-16
6288  9.94122e-16
6289  9.94875e-16
6290  9.95601e-16
6291  9.963e-16
6292  9.96972e-16
6293  9.97617e-16
6294  9.98235e-16
6295  9.98828e-16
6296  9.99394e-16
6297  9.99934e-16
6298  1.00045e-15
6299  1.00094e-15
6300  1.0014e-15
6301  1.00184e-15
6302  1.00226e-15
6303  1.00265e-15
6304  1.00302e-15
6305  1.00336e-15
6306  1.00368e-15
6307  1.00398e-15
6308  1.00425e-15
6309  1.00451e-15
6310  1.00474e-15
6311  1.00495e-15
6312  1.00513e-15
6313  1.0053e-15
6314  1.00545e-15
6315  1.00557e-15
6316  1.00568e-15
6317  1.00577e-15
6318  1.00583e-15
6319  1.00588e-15
6320  1.00591e-15
6321  1.00593e-15
6322  1.00593e-15
6323  1.0059e-15
6324  1.00587e-15
6325  1.00582e-15
6326  1.00575e-15
6327  1.00566e-15
6328  1.00557e-15
6329  1.00545e-15
6330  1.00533e-15
6331  1.00519e-15
6332  1.00504e-15
6333  1.00487e-15
6334  1.00469e-15
6335  1.00451e-15
6336  1.00431e-15
6337  1.0041e-15
6338  1.00387e-15
6339  1.00364e-15
6340  1.0034e-15
6341  1.00315e-15
6342  1.00289e-15
6343  1.00263e-15
6344  1.00235e-15
6345  1.00207e-15
6346  1.00178e-15
6347  1.00148e-15
6348  1.00117e-15
6349  1.00086e-15
6350  1.00054e-15
6351  1.00021e-15
6352  9.9988e-16
6353  9.99542e-16
6354  9.99198e-16
6355  9.98849e-16
6356  9.98493e-16
6357  9.98132e-16
6358  9.97766e-16
6359  9.97394e-16
6360  9.97016e-16
6361  9.96633e-16
6362  9.96245e-16
6363  9.95851e-16
6364  9.95452e-16
6365  9.95046e-16
6366  9.94636e-16
6367  9.94219e-16
6368  9.93795e-16
6369  9.93366e-16
6370  9.9293e-16
6371  9.92487e-16
6372  9.92037e-16
6373  9.9158e-16
6374  9.91116e-16
6375  9.90643e-16
6376  9.90162e-16
6377  9.89672e-16
6378  9.89173e-16
6379  9.88665e-16
6380  9.88147e-16
6381  9.87619e-16
6382  9.8708e-16
6383  9.8653e-16
6384  9.85969e-16
6385  9.85395e-16
6386  9.84808e-16
6387  9.84209e-16
6388  9.83596e-16
6389  9.82969e-16
6390  9.82328e-16
6391  9.81671e-16
6392  9.80999e-16
6393  9.80311e-16
6394  9.79606e-16
6395  9.78884e-16
6396  9.78144e-16
6397  9.77387e-16
6398  9.76611e-16
6399  9.75816e-16
6400  9.75001e-16
6401  9.74167e-16
6402  9.73312e-16
6403  9.72437e-16
6404  9.7154e-16
6405  9.70623e-16
6406  9.69683e-16
6407  9.68721e-16
6408  9.67737e-16
6409  9.6673e-16
6410  9.657e-16
6411  9.64647e-16
6412  9.63571e-16
6413  9.62471e-16
6414  9.61348e-16
6415  9.60201e-16
6416  9.59031e-16
6417  9.57836e-16
6418  9.56618e-16
6419  9.55377e-16
6420  9.54112e-16
6421  9.52824e-16
6422  9.51513e-16
6423  9.50179e-16
6424  9.48822e-16
6425  9.47443e-16
6426  9.46043e-16
6427  9.44621e-16
6428  9.43178e-16
6429  9.41714e-16
6430  9.40231e-16
6431  9.38728e-16
6432  9.37207e-16
6433  9.35668e-16
6434  9.34112e-16
6435  9.32539e-16
6436  9.30951e-16
6437  9.29348e-16
6438  9.27731e-16
6439  9.26102e-16
6440  9.24461e-16
6441  9.22809e-16
6442  9.21147e-16
6443  9.19477e-16
6444  9.17799e-16
6445  9.16116e-16
6446  9.14427e-16
6447  9.12735e-16
6448  9.1104e-16
6449  9.09344e-16
6450  9.07649e-16
6451  9.05955e-16
6452  9.04265e-16
6453  9.02579e-16
6454  9.00899e-16
6455  8.99226e-16
6456  8.97562e-16
6457  8.95909e-16
6458  8.94267e-16
6459  8.92639e-16
6460  8.91026e-16
6461  8.89429e-16
6462  8.8785e-16
6463  8.86291e-16
6464  8.84753e-16
6465  8.83237e-16
6466  8.81745e-16
6467  8.80278e-16
6468  8.78839e-16
6469  8.77428e-16
6470  8.76046e-16
6471  8.74696e-16
6472  8.73378e-16
6473  8.72094e-16
6474  8.70844e-16
6475  8.69632e-16
6476  8.68457e-16
6477  8.6732e-16
6478  8.66224e-16
6479  8.65168e-16
6480  8.64154e-16
6481  8.63184e-16
6482  8.62257e-16
6483  8.61375e-16
6484  8.60538e-16
6485  8.59748e-16
6486  8.59004e-16
6487  8.58308e-16
6488  8.5766e-16
6489  8.57061e-16
6490  8.5651e-16
6491  8.56009e-16
6492  8.55557e-16
6493  8.55154e-16
6494  8.54801e-16
6495  8.54498e-16
6496  8.54245e-16
6497  8.54041e-16
6498  8.53886e-16
6499  8.5378e-16
6500  8.53722e-16
6501  8.53712e-16
6502  8.5375e-16
6503  8.53834e-16
6504  8.53965e-16
6505  8.5414e-16
6506  8.5436e-16
6507  8.54623e-16
6508  8.54928e-16
6509  8.55274e-16
6510  8.55661e-16
6511  8.56085e-16
6512  8.56547e-16
6513  8.57044e-16
6514  8.57576e-16
6515  8.58141e-16
6516  8.58736e-16
6517  8.59361e-16
6518  8.60013e-16
6519  8.60691e-16
6520  8.61392e-16
6521  8.62116e-16
6522  8.62859e-16
6523  8.6362e-16
6524  8.64398e-16
6525  8.65188e-16
6526  8.65991e-16
6527  8.66802e-16
6528  8.67621e-16
6529  8.68445e-16
6530  8.69272e-16
6531  8.70099e-16
6532  8.70924e-16
6533  8.71745e-16
6534  8.7256e-16
6535  8.73366e-16
6536  8.74162e-16
6537  8.74944e-16
6538  8.75711e-16
6539  8.7646e-16
6540  8.77189e-16
6541  8.77896e-16
6542  8.78579e-16
6543  8.79236e-16
6544  8.79865e-16
6545  8.80463e-16
6546  8.81028e-16
6547  8.8156e-16
6548  8.82055e-16
6549  8.82512e-16
6550  8.82929e-16
6551  8.83305e-16
6552  8.83637e-16
6553  8.83925e-16
6554  8.84167e-16
6555  8.84361e-16
6556  8.84506e-16
6557  8.84601e-16
6558  8.84644e-16
6559  8.84635e-16
6560  8.84573e-16
6561  8.84456e-16
6562  8.84284e-16
6563  8.84057e-16
6564  8.83772e-16
6565  8.83431e-16
6566  8.83033e-16
6567  8.82576e-16
6568  8.82062e-16
6569  8.81489e-16
6570  8.80858e-16
6571  8.80169e-16
6572  8.79422e-16
6573  8.78617e-16
6574  8.77755e-16
6575  8.76836e-16
6576  8.75861e-16
6577  8.74829e-16
6578  8.73743e-16
6579  8.72603e-16
6580  8.71409e-16
6581  8.70162e-16
6582  8.68865e-16
6583  8.67517e-16
6584  8.6612e-16
6585  8.64676e-16
6586  8.63186e-16
6587  8.6165e-16
6588  8.60072e-16
6589  8.58451e-16
6590  8.56791e-16
6591  8.55092e-16
6592  8.53357e-16
6593  8.51587e-16
6594  8.49784e-16
6595  8.47949e-16
6596  8.46086e-16
6597  8.44195e-16
6598  8.42279e-16
6599  8.4034e-16
6600  8.3838e-16
6601  8.36401e-16
6602  8.34404e-16
6603  8.32393e-16
6604  8.30368e-16
6605  8.28333e-16
6606  8.2629e-16
6607  8.24239e-16
6608  8.22184e-16
6609  8.20127e-16
6610  8.18069e-16
6611  8.16013e-16
6612  8.13961e-16
6613  8.11914e-16
6614  8.09874e-16
6615  8.07844e-16
6616  8.05825e-16
6617  8.03819e-16
6618  8.01828e-16
6619  7.99854e-16
6620  7.97898e-16
6621  7.95962e-16
6622  7.94047e-16
6623  7.92155e-16
6624  7.90288e-16
6625  7.88446e-16
6626  7.86632e-16
6627  7.84846e-16
6628  7.83089e-16
6629  7.81363e-16
6630  7.79669e-16
6631  7.78008e-16
6632  7.7638e-16
6633  7.74786e-16
6634  7.73228e-16
6635  7.71706e-16
6636  7.7022e-16
6637  7.6877e-16
6638  7.67359e-16
6639  7.65985e-16
6640  7.64649e-16
6641  7.63351e-16
6642  7.62092e-16
6643  7.60871e-16
6644  7.59688e-16
6645  7.58544e-16
6646  7.57438e-16
6647  7.5637e-16
6648  7.55339e-16
6649  7.54346e-16
6650  7.5339e-16
6651  7.5247e-16
6652  7.51586e-16
6653  7.50737e-16
6654  7.49922e-16
6655  7.49141e-16
6656  7.48393e-16
6657  7.47677e-16
6658  7.46993e-16
6659  7.46338e-16
6660  7.45713e-16
6661  7.45116e-16
6662  7.44547e-16
6663  7.44003e-16
6664  7.43484e-16
6665  7.42989e-16
6666  7.42517e-16
6667  7.42066e-16
6668  7.41635e-16
6669  7.41223e-16
6670  7.40828e-16
6671  7.4045e-16
6672  7.40087e-16
6673  7.39737e-16
6674  7.39399e-16
6675  7.39073e-16
6676  7.38756e-16
6677  7.38448e-16
6678  7.38146e-16
6679  7.37851e-16
6680  7.37559e-16
6681  7.37271e-16
6682  7.36985e-16
6683  7.367e-16
6684  7.36414e-16
6685  7.36127e-16
6686  7.35837e-16
6687  7.35542e-16
6688  7.35243e-16
6689  7.34938e-16
6690  7.34625e-16
6691  7.34304e-16
6692  7.33974e-16
6693  7.33634e-16
6694  7.33284e-16
6695  7.32921e-16
6696  7.32547e-16
6697  7.32159e-16
6698  7.31757e-16
6699  7.3134e-16
6700  7.30909e-16
6701  7.30462e-16
6702  7.29999e-16
6703  7.29519e-16
6704  7.29023e-16
6705  7.28509e-16
6706  7.27979e-16
6707  7.2743e-16
6708  7.26864e-16
6709  7.2628e-16
6710  7.25677e-16
6711  7.25058e-16
6712  7.2442e-16
6713  7.23764e-16
6714  7.23091e-16
6715  7.22401e-16
6716  7.21694e-16
6717  7.2097e-16
6718  7.2023e-16
6719  7.19474e-16
6720  7.18702e-16
6721  7.17916e-16
6722  7.17115e-16
6723  7.16301e-16
6724  7.15473e-16
6725  7.14634e-16
6726  7.13782e-16
6727  7.1292e-16
6728  7.12047e-16
6729  7.11166e-16
6730  7.10276e-16
6731  7.09378e-16
6732  7.08474e-16
6733  7.07565e-16
6734  7.0665e-16
6735  7.05732e-16
6736  7.04812e-16
6737  7.0389e-16
6738  7.02967e-16
6739  7.02044e-16
6740  7.01123e-16
6741  7.00205e-16
6742  6.9929e-16
6743  6.9838e-16
6744  6.97476e-16
6745  6.96579e-16
6746  6.95689e-16
6747  6.94809e-16
6748  6.93938e-16
6749  6.93079e-16
6750  6.92231e-16
6751  6.91397e-16
6752  6.90577e-16
6753  6.89772e-16
6754  6.88983e-16
6755  6.88211e-16
6756  6.87456e-16
6757  6.8672e-16
6758  6.86004e-16
6759  6.85308e-16
6760  6.84634e-16
6761  6.83981e-16
6762  6.83351e-16
6763  6.82744e-16
6764  6.82161e-16
6765  6.81602e-16
6766  6.81069e-16
6767  6.80561e-16
6768  6.80079e-16
6769  6.79623e-16
6770  6.79194e-16
6771  6.78793e-16
6772  6.78419e-16
6773  6.78072e-16
6774  6.77753e-16
6775  6.77463e-16
6776  6.772e-16
6777  6.76966e-16
6778  6.7676e-16
6779  6.76582e-16
6780  6.76432e-16
6781  6.76309e-16
6782  6.76215e-16
6783  6.76148e-16
6784  6.76108e-16
6785  6.76095e-16
6786  6.76108e-16
6787  6.76148e-16
6788  6.76213e-16
6789  6.76303e-16
6790  6.76418e-16
6791  6.76556e-16
6792  6.76718e-16
6793  6.76903e-16
6794  6.77109e-16
6795  6.77337e-16
6796  6.77585e-16
6797  6.77853e-16
6798  6.7814e-16
6799  6.78445e-16
6800  6.78767e-16
6801  6.79105e-16
6802  6.79459e-16
6803  6.79826e-16
6804  6.80208e-16
6805  6.80601e-16
6806  6.81006e-16
6807  6.81421e-16
6808  6.81846e-16
6809  6.82279e-16
6810  6.82719e-16
6811  6.83165e-16
6812  6.83617e-16
6813  6.84073e-16
6814  6.84531e-16
6815  6.84992e-16
6816  6.85454e-16
6817  6.85915e-16
6818  6.86376e-16
6819  6.86835e-16
6820  6.8729e-16
6821  6.87741e-16
6822  6.88187e-16
6823  6.88628e-16
6824  6.89061e-16
6825  6.89486e-16
6826  6.89903e-16
6827  6.9031e-16
6828  6.90707e-16
6829  6.91092e-16
6830  6.91465e-16
6831  6.91826e-16
6832  6.92173e-16
6833  6.92506e-16
6834  6.92825e-16
6835  6.93128e-16
6836  6.93415e-16
6837  6.93685e-16
6838  6.93939e-16
6839  6.94175e-16
6840  6.94393e-16
6841  6.94593e-16
6842  6.94775e-16
6843  6.94938e-16
6844  6.95081e-16
6845  6.95206e-16
6846  6.95311e-16
6847  6.95396e-16
6848  6.95462e-16
6849  6.95508e-16
6850  6.95535e-16
6851  6.95541e-16
6852  6.95529e-16
6853  6.95497e-16
6854  6.95446e-16
6855  6.95375e-16
6856  6.95286e-16
6857  6.95179e-16
6858  6.95053e-16
6859  6.94909e-16
6860  6.94749e-16
6861  6.94571e-16
6862  6.94376e-16
6863  6.94166e-16
6864  6.9394e-16
6865  6.93699e-16
6866  6.93443e-16
6867  6.93174e-16
6868  6.92892e-16
6869  6.92597e-16
6870  6.9229e-16
6871  6.91972e-16
6872  6.91643e-16
6873  6.91305e-16
6874  6.90957e-16
6875  6.90602e-16
6876  6.90238e-16
6877  6.89868e-16
6878  6.89492e-16
6879  6.89111e-16
6880  6.88725e-16
6881  6.88336e-16
6882  6.87943e-16
6883  6.87549e-16
6884  6.87153e-16
6885  6.86757e-16
6886  6.8636e-16
6887  6.85965e-16
6888  6.85571e-16
6889  6.85179e-16
6890  6.84791e-16
6891  6.84406e-16
6892  6.84026e-16
6893  6.83651e-16
6894  6.83282e-16
6895  6.82919e-16
6896  6.82562e-16
6897  6.82214e-16
6898  6.81873e-16
6899  6.81541e-16
6900  6.81218e-16
6901  6.80905e-16
6902  6.80601e-16
6903  6.80308e-16
6904  6.80026e-16
6905  6.79754e-16
6906  6.79494e-16
6907  6.79246e-16
6908  6.79009e-16
6909  6.78785e-16
6910  6.78573e-16
6911  6.78373e-16
6912  6.78186e-16
6913  6.78011e-16
6914  6.77849e-16
6915  6.77699e-16
6916  6.77562e-16
6917  6.77438e-16
6918  6.77326e-16
6919  6.77226e-16
6920  6.77138e-16
6921  6.77062e-16
6922  6.76998e-16
6923  6.76946e-16
6924  6.76904e-16
6925  6.76873e-16
6926  6.76853e-16
6927  6.76843e-16
6928  6.76843e-16
6929  6.76852e-16
6930  6.7687e-16
6931  6.76896e-16
6932  6.7693e-16
6933  6.76971e-16
6934  6.7702e-16
6935  6.77074e-16
6936  6.77135e-16
6937  6.77201e-16
6938  6.77271e-16
6939  6.77345e-16
6940  6.77423e-16
6941  6.77503e-16
6942  6.77586e-16
6943  6.7767e-16
6944  6.77755e-16
6945  6.7784e-16
6946  6.77925e-16
6947  6.78009e-16
6948  6.78091e-16
6949  6.78171e-16
6950  6.78247e-16
6951  6.78321e-16
6952  6.7839e-16
6953  6.78454e-16
6954  6.78513e-16
6955  6.78566e-16
6956  6.78612e-16
6957  6.78652e-16
6958  6.78683e-16
6959  6.78707e-16
6960  6.78722e-16
6961  6.78727e-16
6962  6.78723e-16
6963  6.78709e-16
6964  6.78684e-16
6965  6.78648e-16
6966  6.78601e-16
6967  6.78542e-16
6968  6.78471e-16
6969  6.78388e-16
6970  6.78292e-16
6971  6.78183e-16
6972  6.7806e-16
6973  6.77925e-16
6974  6.77776e-16
6975  6.77613e-16
6976  6.77436e-16
6977  6.77245e-16
6978  6.7704e-16
6979  6.76821e-16
6980  6.76588e-16
6981  6.76341e-16
6982  6.7608e-16
6983  6.75804e-16
6984  6.75515e-16
6985  6.75211e-16
6986  6.74894e-16
6987  6.74564e-16
6988  6.7422e-16
6989  6.73863e-16
6990  6.73493e-16
6991  6.7311e-16
6992  6.72715e-16
6993  6.72308e-16
6994  6.71889e-16
6995  6.71458e-16
6996  6.71017e-16
6997  6.70565e-16
6998  6.70102e-16
6999  6.69629e-16
7000  6.69147e-16
7001  6.68656e-16
7002  6.68157e-16
7003  6.67649e-16
7004  6.67134e-16
7005  6.66611e-16
7006  6.66082e-16
7007  6.65547e-16
7008  6.65006e-16
7009  6.6446e-16
7010  6.63909e-16
7011  6.63354e-16
7012  6.62796e-16
7013  6.62235e-16
7014  6.61671e-16
7015  6.61106e-16
7016  6.60539e-16
7017  6.59971e-16
7018  6.59403e-16
7019  6.58835e-16
7020  6.58268e-16
7021  6.57702e-16
7022  6.57138e-16
7023  6.56576e-16
7024  6.56018e-16
7025  6.55462e-16
7026  6.5491e-16
7027  6.54363e-16
7028  6.5382e-16
7029  6.53283e-16
7030  6.52751e-16
7031  6.52225e-16
7032  6.51706e-16
7033  6.51194e-16
7034  6.50688e-16
7035  6.50191e-16
7036  6.49702e-16
7037  6.49221e-16
7038  6.48748e-16
7039  6.48285e-16
7040  6.47831e-16
7041  6.47387e-16
7042  6.46952e-16
7043  6.46528e-16
7044  6.46114e-16
7045  6.45711e-16
7046  6.45318e-16
7047  6.44937e-16
7048  6.44566e-16
7049  6.44207e-16
7050  6.43859e-16
7051  6.43523e-16
7052  6.43199e-16
7053  6.42886e-16
7054  6.42585e-16
7055  6.42296e-16
7056  6.42019e-16
7057  6.41753e-16
7058  6.415e-16
7059  6.41258e-16
7060  6.41029e-16
7061  6.40811e-16
7062  6.40605e-16
7063  6.4041e-16
7064  6.40228e-16
7065  6.40056e-16
7066  6.39896e-16
7067  6.39748e-16
7068  6.3961e-16
7069  6.39483e-16
7070  6.39368e-16
7071  6.39263e-16
7072  6.39168e-16
7073  6.39083e-16
7074  6.39009e-16
7075  6.38945e-16
7076  6.3889e-16
7077  6.38844e-16
7078  6.38808e-16
7079  6.3878e-16
7080  6.38762e-16
7081  6.38751e-16
7082  6.38749e-16
7083  6.38755e-16
7084  6.38768e-16
7085  6.38788e-16
7086  6.38816e-16
7087  6.3885e-16
7088  6.38891e-16
7089  6.38938e-16
7090  6.38991e-16
7091  6.3905e-16
7092  6.39113e-16
7093  6.39182e-16
7094  6.39256e-16
7095  6.39334e-16
7096  6.39416e-16
7097  6.39502e-16
7098  6.39592e-16
7099  6.39685e-16
7100  6.39781e-16
7101  6.3988e-16
7102  6.39982e-16
7103  6.40085e-16
7104  6.40191e-16
7105  6.40298e-16
7106  6.40407e-16
7107  6.40517e-16
7108  6.40628e-16
7109  6.4074e-16
7110  6.40852e-16
7111  6.40965e-16
7112  6.41078e-16
7113  6.4119e-16
7114  6.41303e-16
7115  6.41414e-16
7116  6.41526e-16
7117  6.41636e-16
7118  6.41746e-16
7119  6.41854e-16
7120  6.41961e-16
7121  6.42066e-16
7122  6.4217e-16
7123  6.42273e-16
7124  6.42373e-16
7125  6.42472e-16
7126  6.42568e-16
7127  6.42663e-16
7128  6.42755e-16
7129  6.42846e-16
7130  6.42933e-16
7131  6.43019e-16
7132  6.43102e-16
7133  6.43183e-16
7134  6.43261e-16
7135  6.43336e-16
7136  6.4341e-16
7137  6.4348e-16
7138  6.43548e-16
7139  6.43614e-16
7140  6.43677e-16
7141  6.43738e-16
7142  6.43796e-16
7143  6.43851e-16
7144  6.43904e-16
7145  6.43955e-16
7146  6.44003e-16
7147  6.44049e-16
7148  6.44093e-16
7149  6.44135e-16
7150  6.44174e-16
7151  6.44211e-16
7152  6.44247e-16
7153  6.4428e-16
7154  6.44311e-16
7155  6.4434e-16
7156  6.44368e-16
7157  6.44394e-16
7158  6.44418e-16
7159  6.4444e-16
7160  6.44461e-16
7161  6.44481e-16
7162  6.44499e-16
7163  6.44516e-16
7164  6.44531e-16
7165  6.44546e-16
7166  6.44559e-16
7167  6.44571e-16
7168  6.44582e-16
7169  6.44592e-16
7170  6.44602e-16
7171  6.4461e-16
7172  6.44618e-16
7173  6.44625e-16
7174  6.44631e-16
7175  6.44636e-16
7176  6.44641e-16
7177  6.44646e-16
7178  6.4465e-16
7179  6.44654e-16
7180  6.44657e-16
7181  6.4466e-16
7182  6.44662e-16
7183  6.44664e-16
7184  6.44666e-16
7185  6.44668e-16
7186  6.44669e-16
7187  6.44671e-16
7188  6.44672e-16
7189  6.44672e-16
7190  6.44673e-16
7191  6.44674e-16
7192  6.44674e-16
7193  6.44675e-16
7194  6.44675e-16
7195  6.44676e-16
7196  6.44676e-16
7197  6.44676e-16
7198  6.44676e-16
7199  6.44676e-16
7200  6.44676e-16
7201  6.44677e-16
7202  6.44677e-16
7203  6.44677e-16
7204  6.44677e-16
7205  6.44677e-16
7206  6.44677e-16
7207  6.44677e-16
7208  6.44677e-16
7209  6.44677e-16
7210  6.44677e-16
7211  6.44677e-16
7212  6.44677e-16
7213  6.44677e-16
7214  6.44677e-16
7215  6.44677e-16
7216  6.44677e-16
7217  6.44677e-16
7218  6.44677e-16
7219  6.44677e-16
7220  6.44677e-16
7221  6.44677e-16
7222  6.44677e-16
7223  6.44677e-16
7224  6.44677e-16
7225  6.44677e-16
7226  6.44677e-16
7227  6.44677e-16
7228  6.44677e-16
7229  6.44677e-16
7230  6.44677e-16