#-11.290922098635606
3296.03  1.06403e-13
3298.41  1.06227e-13
3300.79  1.06066e-13
3303.16  1.0592e-13
3305.54  1.05793e-13
3307.92  1.05686e-13
3310.3   1.05598e-13
3312.68  1.05532e-13
3315.05  1.05486e-13
3317.43  1.05461e-13
3319.81  1.05456e-13
3322.19  1.05471e-13
3324.57  1.05504e-13
3326.95  1.05555e-13
3329.32  1.05623e-13
3331.7   1.05707e-13
3334.08  1.05807e-13
3336.46  1.05922e-13
3338.84  1.06053e-13
3341.21  1.06201e-13
3343.59  1.06365e-13
3345.97  1.06549e-13
3348.35  1.06753e-13
3350.73  1.0698e-13
3353.1   1.07232e-13
3355.48  1.07512e-13
3357.86  1.07824e-13
3360.24  1.0817e-13
3362.62  1.08555e-13
3364.99  1.0898e-13
3367.37  1.09449e-13
3369.75  1.09966e-13
3372.13  1.10531e-13
3374.51  1.11148e-13
3376.88  1.11818e-13
3379.26  1.12541e-13
3381.64  1.13318e-13
3384.02  1.14149e-13
3386.4   1.15032e-13
3388.78  1.15966e-13
3391.15  1.16948e-13
3393.53  1.17976e-13
3395.91  1.19047e-13
3398.29  1.20157e-13
3400.67  1.21302e-13
3403.04  1.22478e-13
3405.42  1.23682e-13
3407.8   1.2491e-13
3410.18  1.26158e-13
3412.56  1.27423e-13
3414.93  1.28702e-13
3417.31  1.29993e-13
3419.69  1.31294e-13
3422.07  1.32605e-13
3424.45  1.33925e-13
3426.82  1.35255e-13
3429.2   1.36596e-13
3431.58  1.37949e-13
3433.96  1.39318e-13
3436.34  1.40706e-13
3438.72  1.42114e-13
3441.09  1.43548e-13
3443.47  1.4501e-13
3445.85  1.46505e-13
3448.23  1.48034e-13
3450.61  1.49602e-13
3452.98  1.51211e-13
3455.36  1.52861e-13
3457.74  1.54554e-13
3460.12  1.56289e-13
3462.5   1.58065e-13
3464.87  1.59879e-13
3467.25  1.61727e-13
3469.63  1.63605e-13
3472.01  1.65506e-13
3474.39  1.67424e-13
3476.76  1.6935e-13
3479.14  1.71274e-13
3481.52  1.73188e-13
3483.9   1.75082e-13
3486.28  1.76944e-13
3488.66  1.78763e-13
3491.03  1.80531e-13
3493.41  1.82235e-13
3495.79  1.83866e-13
3498.17  1.85415e-13
3500.55  1.86874e-13
3502.92  1.88234e-13
3505.3   1.8949e-13
3507.68  1.90637e-13
3510.06  1.9167e-13
3512.44  1.92587e-13
3514.81  1.93387e-13
3517.19  1.94069e-13
3519.57  1.94635e-13
3521.95  1.95086e-13
3524.33  1.95427e-13
3526.7   1.95662e-13
3529.08  1.95795e-13
3531.46  1.95832e-13
3533.84  1.9578e-13
3536.22  1.95645e-13
3538.59  1.95435e-13
3540.97  1.95154e-13
3543.35  1.94812e-13
3545.73  1.94413e-13
3548.11  1.93963e-13
3550.49  1.93469e-13
3552.86  1.92934e-13
3555.24  1.92363e-13
3557.62  1.91759e-13
3560     1.91123e-13
3562.38  1.90457e-13
3564.75  1.8976e-13
3567.13  1.89032e-13
3569.51  1.8827e-13
3571.89  1.87471e-13
3574.27  1.8663e-13
3576.64  1.85742e-13
3579.02  1.848e-13
3581.4   1.83797e-13
3583.78  1.82725e-13
3586.16  1.81575e-13
3588.53  1.80337e-13
3590.91  1.79003e-13
3593.29  1.77563e-13
3595.67  1.76007e-13
3598.05  1.74326e-13
3600.43  1.72513e-13
3602.8   1.70559e-13
3605.18  1.68458e-13
3607.56  1.66204e-13
3609.94  1.63796e-13
3612.32  1.61229e-13
3614.69  1.58505e-13
3617.07  1.55626e-13
3619.45  1.52595e-13
3621.83  1.4942e-13
3624.21  1.46109e-13
3626.58  1.42672e-13
3628.96  1.39123e-13
3631.34  1.35477e-13
3633.72  1.3175e-13
3636.1   1.2796e-13
3638.47  1.24127e-13
3640.85  1.20272e-13
3643.23  1.16416e-13
3645.61  1.12581e-13
3647.99  1.08788e-13
3650.37  1.05059e-13
3652.74  1.01416e-13
3655.12  9.78777e-14
3657.5   9.44639e-14
3659.88  9.1192e-14
3662.26  8.80778e-14
3664.63  8.51354e-14
3667.01  8.2377e-14
3669.39  7.98126e-14
3671.77  7.74503e-14
3674.15  7.52959e-14
3676.52  7.33533e-14
3678.9   7.16245e-14
3681.28  7.01093e-14
3683.66  6.88061e-14
3686.04  6.77115e-14
3688.41  6.68207e-14
3690.79  6.61278e-14
3693.17  6.56257e-14
3695.55  6.53063e-14
3697.93  6.51611e-14
3700.3   6.51809e-14
3702.68  6.53559e-14
3705.06  6.56765e-14
3707.44  6.61324e-14
3709.82  6.67138e-14
3712.2   6.74107e-14
3714.57  6.82132e-14
3716.95  6.91117e-14
3719.33  7.00968e-14
3721.71  7.11595e-14
3724.09  7.22911e-14
3726.46  7.34833e-14
3728.84  7.47283e-14
3731.22  7.60186e-14
3733.6   7.73476e-14
3735.98  7.87089e-14
3738.35  8.00969e-14
3740.73  8.15069e-14
3743.11  8.29346e-14
3745.49  8.43768e-14
3747.87  8.58311e-14
3750.24  8.7296e-14
3752.62  8.8771e-14
3755     9.02566e-14
3757.38  9.17543e-14
3759.76  9.32666e-14
3762.14  9.47969e-14
3764.51  9.63498e-14
3766.89  9.79304e-14
3769.27  9.95449e-14
3771.65  1.012e-13
3774.03  1.02902e-13
3776.4   1.0466e-13
3778.78  1.06481e-13
3781.16  1.08372e-13
3783.54  1.10341e-13
3785.92  1.12395e-13
3788.29  1.14539e-13
3790.67  1.1678e-13
3793.05  1.19121e-13
3795.43  1.21565e-13
3797.81  1.24114e-13
3800.18  1.26769e-13
3802.56  1.29527e-13
3804.94  1.32386e-13
3807.32  1.35341e-13
3809.7   1.38385e-13
3812.08  1.41511e-13
3814.45  1.44709e-13
3816.83  1.4797e-13
3819.21  1.51281e-13
3821.59  1.54631e-13
3823.97  1.58006e-13
3826.34  1.61394e-13
3828.72  1.64781e-13
3831.1   1.68154e-13
3833.48  1.71501e-13
3835.86  1.74809e-13
3838.23  1.78069e-13
3840.61  1.8127e-13
3842.99  1.84404e-13
3845.37  1.87465e-13
3847.75  1.90446e-13
3850.12  1.93345e-13
3852.5   1.96158e-13
3854.88  1.98886e-13
3857.26  2.01528e-13
3859.64  2.04086e-13
3862.01  2.06564e-13
3864.39  2.08964e-13
3866.77  2.11292e-13
3869.15  2.1355e-13
3871.53  2.15745e-13
3873.91  2.17879e-13
3876.28  2.19956e-13
3878.66  2.21979e-13
3881.04  2.2395e-13
3883.42  2.25869e-13
3885.8   2.27735e-13
3888.17  2.29545e-13
3890.55  2.31296e-13
3892.93  2.32983e-13
3895.31  2.34597e-13
3897.69  2.36131e-13
3900.06  2.37575e-13
3902.44  2.38918e-13
3904.82  2.40149e-13
3907.2   2.41255e-13
3909.58  2.42225e-13
3911.95  2.43045e-13
3914.33  2.43705e-13
3916.71  2.44194e-13
3919.09  2.44501e-13
3921.47  2.44619e-13
3923.85  2.4454e-13
3926.22  2.44261e-13
3928.6   2.43778e-13
3930.98  2.43093e-13
3933.36  2.42206e-13
3935.74  2.41124e-13
3938.11  2.39853e-13
3940.49  2.38404e-13
3942.87  2.36789e-13
3945.25  2.35023e-13
3947.63  2.33123e-13
3950     2.31108e-13
3952.38  2.28997e-13
3954.76  2.26812e-13
3957.14  2.24576e-13
3959.52  2.22312e-13
3961.89  2.20043e-13
3964.27  2.17793e-13
3966.65  2.15584e-13
3969.03  2.1344e-13
3971.41  2.11382e-13
3973.79  2.0943e-13
3976.16  2.07603e-13
3978.54  2.05919e-13
3980.92  2.04393e-13
3983.3   2.03039e-13
3985.68  2.01869e-13
3988.05  2.00891e-13
3990.43  2.00114e-13
3992.81  1.99542e-13
3995.19  1.99178e-13
3997.57  1.99023e-13
3999.94  1.99076e-13
4002.32  1.99333e-13
4004.7   1.99788e-13
4007.08  2.00435e-13
4009.46  2.01263e-13
4011.83  2.02262e-13
4014.21  2.03419e-13
4016.59  2.04721e-13
4018.97  2.0615e-13
4021.35  2.07691e-13
4023.72  2.09326e-13
4026.1   2.11035e-13
4028.48  2.128e-13
4030.86  2.146e-13
4033.24  2.16415e-13
4035.62  2.18225e-13
4037.99  2.20007e-13
4040.37  2.21743e-13
4042.75  2.23413e-13
4045.13  2.24998e-13
4047.51  2.26479e-13
4049.88  2.2784e-13
4052.26  2.29065e-13
4054.64  2.30143e-13
4057.02  2.3106e-13
4059.4   2.31808e-13
4061.77  2.3238e-13
4064.15  2.3277e-13
4066.53  2.32978e-13
4068.91  2.33004e-13
4071.29  2.32851e-13
4073.66  2.32525e-13
4076.04  2.32034e-13
4078.42  2.3139e-13
4080.8   2.30605e-13
4083.18  2.29694e-13
4085.56  2.28674e-13
4087.93  2.27562e-13
4090.31  2.26378e-13
4092.69  2.25141e-13
4095.07  2.23871e-13
4097.45  2.22587e-13
4099.82  2.21308e-13
4102.2   2.20052e-13
4104.58  2.18835e-13
4106.96  2.17671e-13
4109.34  2.16573e-13
4111.71  2.15552e-13
4114.09  2.14613e-13
4116.47  2.13763e-13
4118.85  2.13004e-13
4121.23  2.12333e-13
4123.6   2.11749e-13
4125.98  2.11244e-13
4128.36  2.10811e-13
4130.74  2.10438e-13
4133.12  2.10115e-13
4135.5   2.09826e-13
4137.87  2.09557e-13
4140.25  2.09293e-13
4142.63  2.09018e-13
4145.01  2.08717e-13
4147.39  2.08374e-13
4149.76  2.07978e-13
4152.14  2.07515e-13
4154.52  2.06974e-13
4156.9   2.06348e-13
4159.28  2.0563e-13
4161.65  2.04815e-13
4164.03  2.03901e-13
4166.41  2.0289e-13
4168.79  2.01784e-13
4171.17  2.00587e-13
4173.54  1.99307e-13
4175.92  1.97952e-13
4178.3   1.96533e-13
4180.68  1.9506e-13
4183.06  1.93545e-13
4185.43  1.92002e-13
4187.81  1.90442e-13
4190.19  1.88877e-13
4192.57  1.87321e-13
4194.95  1.85783e-13
4197.33  1.84274e-13
4199.7   1.82802e-13
4202.08  1.81374e-13
4204.46  1.79995e-13
4206.84  1.78668e-13
4209.22  1.77395e-13
4211.59  1.76176e-13
4213.97  1.75008e-13
4216.35  1.73888e-13
4218.73  1.7281e-13
4221.11  1.71766e-13
4223.48  1.7075e-13
4225.86  1.69752e-13
4228.24  1.68763e-13
4230.62  1.67772e-13
4233     1.66769e-13
4235.37  1.65745e-13
4237.75  1.64691e-13
4240.13  1.63598e-13
4242.51  1.62459e-13
4244.89  1.61267e-13
4247.27  1.60019e-13
4249.64  1.58711e-13
4252.02  1.57343e-13
4254.4   1.55916e-13
4256.78  1.54433e-13
4259.16  1.52899e-13
4261.53  1.51321e-13
4263.91  1.49708e-13
4266.29  1.4807e-13
4268.67  1.4642e-13
4271.05  1.44771e-13
4273.42  1.43137e-13
4275.8   1.41533e-13
4278.18  1.39975e-13
4280.56  1.38478e-13
4282.94  1.37057e-13
4285.31  1.35728e-13
4287.69  1.34503e-13
4290.07  1.33395e-13
4292.45  1.32415e-13
4294.83  1.31571e-13
4297.21  1.3087e-13
4299.58  1.30317e-13
4301.96  1.29914e-13
4304.34  1.2966e-13
4306.72  1.29552e-13
4309.1   1.29586e-13
4311.47  1.29754e-13
4313.85  1.30045e-13
4316.23  1.30448e-13
4318.61  1.30949e-13
4320.99  1.31533e-13
4323.36  1.32185e-13
4325.74  1.32887e-13
4328.12  1.33622e-13
4330.5   1.34373e-13
4332.88  1.35124e-13
4335.25  1.35858e-13
4337.63  1.3656e-13
4340.01  1.37218e-13
4342.39  1.37821e-13
4344.77  1.38358e-13
4347.14  1.38823e-13
4349.52  1.39211e-13
4351.9   1.3952e-13
4354.28  1.3975e-13
4356.66  1.39904e-13
4359.04  1.39986e-13
4361.41  1.40005e-13
4363.79  1.3997e-13
4366.17  1.3989e-13
4368.55  1.3978e-13
4370.93  1.39651e-13
4373.3   1.39518e-13
4375.68  1.39395e-13
4378.06  1.39296e-13
4380.44  1.39236e-13
4382.82  1.39226e-13
4385.19  1.39279e-13
4387.57  1.39406e-13
4389.95  1.39614e-13
4392.33  1.3991e-13
4394.71  1.40299e-13
4397.08  1.40784e-13
4399.46  1.41365e-13
4401.84  1.4204e-13
4404.22  1.42805e-13
4406.6   1.43654e-13
4408.98  1.44581e-13
4411.35  1.45575e-13
4413.73  1.46627e-13
4416.11  1.47726e-13
4418.49  1.48859e-13
4420.87  1.50015e-13
4423.24  1.51181e-13
4425.62  1.52345e-13
4428     1.53497e-13
4430.38  1.54625e-13
4432.76  1.5572e-13
4435.13  1.56773e-13
4437.51  1.57779e-13
4439.89  1.58731e-13
4442.27  1.59625e-13
4444.65  1.60459e-13
4447.02  1.61231e-13
4449.4   1.61941e-13
4451.78  1.62591e-13
4454.16  1.63181e-13
4456.54  1.63716e-13
4458.92  1.64199e-13
4461.29  1.64632e-13
4463.67  1.65021e-13
4466.05  1.65367e-13
4468.43  1.65676e-13
4470.81  1.6595e-13
4473.18  1.66191e-13
4475.56  1.664e-13
4477.94  1.6658e-13
4480.32  1.6673e-13
4482.7   1.6685e-13
4485.07  1.66939e-13
4487.45  1.66995e-13
4489.83  1.67017e-13
4492.21  1.67003e-13
4494.59  1.6695e-13
4496.96  1.66856e-13
4499.34  1.66721e-13
4501.72  1.66543e-13
4504.1   1.66322e-13
4506.48  1.66059e-13
4508.85  1.65755e-13
4511.23  1.65413e-13
4513.61  1.65038e-13
4515.99  1.64635e-13
4518.37  1.64209e-13
4520.75  1.63768e-13
4523.12  1.63319e-13
4525.5   1.62872e-13
4527.88  1.62436e-13
4530.26  1.62019e-13
4532.64  1.6163e-13
4535.01  1.61279e-13
4537.39  1.60972e-13
4539.77  1.60716e-13
4542.15  1.60517e-13
4544.53  1.60379e-13
4546.9   1.60303e-13
4549.28  1.60289e-13
4551.66  1.60335e-13
4554.04  1.60437e-13
4556.42  1.60589e-13
4558.79  1.60781e-13
4561.17  1.61003e-13
4563.55  1.61244e-13
4565.93  1.61489e-13
4568.31  1.61724e-13
4570.69  1.61933e-13
4573.06  1.62101e-13
4575.44  1.62212e-13
4577.82  1.6225e-13
4580.2   1.62202e-13
4582.58  1.62054e-13
4584.95  1.61796e-13
4587.33  1.61418e-13
4589.71  1.60915e-13
4592.09  1.60282e-13
4594.47  1.5952e-13
4596.84  1.58629e-13
4599.22  1.57617e-13
4601.6   1.5649e-13
4603.98  1.5526e-13
4606.36  1.53941e-13
4608.73  1.52549e-13
4611.11  1.51101e-13
4613.49  1.49618e-13
4615.87  1.48119e-13
4618.25  1.46626e-13
4620.63  1.45159e-13
4623     1.43738e-13
4625.38  1.42383e-13
4627.76  1.41111e-13
4630.14  1.39937e-13
4632.52  1.38873e-13
4634.89  1.37931e-13
4637.27  1.37115e-13
4639.65  1.36431e-13
4642.03  1.35877e-13
4644.41  1.3545e-13
4646.78  1.35143e-13
4649.16  1.34946e-13
4651.54  1.34846e-13
4653.92  1.34828e-13
4656.3   1.34874e-13
4658.67  1.34964e-13
4661.05  1.35078e-13
4663.43  1.35195e-13
4665.81  1.35294e-13
4668.19  1.35353e-13
4670.56  1.35355e-13
4672.94  1.3528e-13
4675.32  1.35113e-13
4677.7   1.34841e-13
4680.08  1.34453e-13
4682.46  1.33943e-13
4684.83  1.33306e-13
4687.21  1.32542e-13
4689.59  1.31655e-13
4691.97  1.3065e-13
4694.35  1.29538e-13
4696.72  1.28331e-13
4699.1   1.27045e-13
4701.48  1.25697e-13
4703.86  1.24307e-13
4706.24  1.22895e-13
4708.61  1.21483e-13
4710.99  1.20092e-13
4713.37  1.18743e-13
4715.75  1.17457e-13
4718.13  1.16252e-13
4720.5   1.15146e-13
4722.88  1.14153e-13
4725.26  1.13285e-13
4727.64  1.12551e-13
4730.02  1.11957e-13
4732.4   1.11506e-13
4734.77  1.11196e-13
4737.15  1.11024e-13
4739.53  1.10982e-13
4741.91  1.11061e-13
4744.29  1.11247e-13
4746.66  1.11525e-13
4749.04  1.11879e-13
4751.42  1.12288e-13
4753.8   1.12733e-13
4756.18  1.13195e-13
4758.55  1.13651e-13
4760.93  1.14083e-13
4763.31  1.14469e-13
4765.69  1.14792e-13
4768.07  1.15035e-13
4770.44  1.15183e-13
4772.82  1.15224e-13
4775.2   1.15146e-13
4777.58  1.14942e-13
4779.96  1.14607e-13
4782.34  1.14138e-13
4784.71  1.13536e-13
4787.09  1.12802e-13
4789.47  1.11943e-13
4791.85  1.10965e-13
4794.23  1.09877e-13
4796.6   1.08692e-13
4798.98  1.0742e-13
4801.36  1.06075e-13
4803.74  1.04673e-13
4806.12  1.03227e-13
4808.49  1.01754e-13
4810.87  1.00267e-13
4813.25  9.87825e-14
4815.63  9.73137e-14
4818.01  9.58742e-14
4820.38  9.44766e-14
4822.76  9.31321e-14
4825.14  9.18508e-14
4827.52  9.06416e-14
4829.9   8.95119e-14
4832.27  8.84677e-14
4834.65  8.75138e-14
4837.03  8.66535e-14
4839.41  8.5889e-14
4841.79  8.52212e-14
4844.17  8.46498e-14
4846.54  8.41736e-14
4848.92  8.37904e-14
4851.3   8.34972e-14
4853.68  8.32903e-14
4856.06  8.31655e-14
4858.43  8.31178e-14
4860.81  8.31422e-14
4863.19  8.32331e-14
4865.57  8.33847e-14
4867.95  8.35911e-14
4870.32  8.38464e-14
4872.7   8.41446e-14
4875.08  8.44797e-14
4877.46  8.4846e-14
4879.84  8.52379e-14
4882.21  8.56498e-14
4884.59  8.60767e-14
4886.97  8.65137e-14
4889.35  8.69563e-14
4891.73  8.74003e-14
4894.11  8.78422e-14
4896.48  8.82787e-14
4898.86  8.8707e-14
4901.24  8.91249e-14
4903.62  8.95307e-14
4906     8.99232e-14
4908.37  9.03017e-14
4910.75  9.0666e-14
4913.13  9.10165e-14
4915.51  9.13539e-14
4917.89  9.16794e-14
4920.26  9.19946e-14
4922.64  9.23013e-14
4925.02  9.26016e-14
4927.4   9.28976e-14
4929.78  9.31918e-14
4932.15  9.34864e-14
4934.53  9.37835e-14
4936.91  9.40853e-14
4939.29  9.43936e-14
4941.67  9.47099e-14
4944.04  9.50353e-14
4946.42  9.53706e-14
4948.8   9.57163e-14
4951.18  9.60721e-14
4953.56  9.64375e-14
4955.94  9.68118e-14
4958.31  9.71935e-14
4960.69  9.75811e-14
4963.07  9.79726e-14
4965.45  9.8366e-14
4967.83  9.8759e-14
4970.2   9.91493e-14
4972.58  9.95349e-14
4974.96  9.99135e-14
4977.34  1.00283e-13
4979.72  1.00643e-13
4982.09  1.00991e-13
4984.47  1.01327e-13
4986.85  1.0165e-13
4989.23  1.01961e-13
4991.61  1.0226e-13
4993.98  1.02548e-13
4996.36  1.02829e-13
4998.74  1.03102e-13
5001.12  1.03372e-13
5003.5   1.03641e-13
5005.88  1.03912e-13
5008.25  1.0419e-13
5010.63  1.04476e-13
5013.01  1.04776e-13
5015.39  1.05092e-13
5017.77  1.05427e-13
5020.14  1.05785e-13
5022.52  1.06169e-13
5024.9   1.06579e-13
5027.28  1.07017e-13
5029.66  1.07485e-13
5032.03  1.07981e-13
5034.41  1.08506e-13
5036.79  1.09057e-13
5039.17  1.09632e-13
5041.55  1.10228e-13
5043.92  1.1084e-13
5046.3   1.11464e-13
5048.68  1.12094e-13
5051.06  1.12724e-13
5053.44  1.13347e-13
5055.82  1.13955e-13
5058.19  1.14543e-13
5060.57  1.15102e-13
5062.95  1.15625e-13
5065.33  1.16105e-13
5067.71  1.16535e-13
5070.08  1.1691e-13
5072.46  1.17225e-13
5074.84  1.17474e-13
5077.22  1.17656e-13
5079.6   1.17768e-13
5081.97  1.1781e-13
5084.35  1.17783e-13
5086.73  1.17689e-13
5089.11  1.17532e-13
5091.49  1.17318e-13
5093.86  1.17052e-13
5096.24  1.16744e-13
5098.62  1.16403e-13
5101     1.16038e-13
5103.38  1.15662e-13
5105.75  1.15285e-13
5108.13  1.14919e-13
5110.51  1.14577e-13
5112.89  1.14269e-13
5115.27  1.14008e-13
5117.65  1.13803e-13
5120.02  1.13664e-13
5122.4   1.13598e-13
5124.78  1.13611e-13
5127.16  1.13708e-13
5129.54  1.13891e-13
5131.91  1.1416e-13
5134.29  1.14513e-13
5136.67  1.14946e-13
5139.05  1.15453e-13
5141.43  1.16025e-13
5143.8   1.16651e-13
5146.18  1.1732e-13
5148.56  1.18019e-13
5150.94  1.18732e-13
5153.32  1.19444e-13
5155.69  1.20139e-13
5158.07  1.208e-13
5160.45  1.21413e-13
5162.83  1.2196e-13
5165.21  1.22427e-13
5167.59  1.22801e-13
5169.96  1.2307e-13
5172.34  1.23224e-13
5174.72  1.23254e-13
5177.1   1.23156e-13
5179.48  1.22924e-13
5181.85  1.22558e-13
5184.23  1.22058e-13
5186.61  1.21428e-13
5188.99  1.20674e-13
5191.37  1.19802e-13
5193.74  1.18823e-13
5196.12  1.17747e-13
5198.5   1.16587e-13
5200.88  1.15355e-13
5203.26  1.14067e-13
5205.63  1.12736e-13
5208.01  1.11379e-13
5210.39  1.10008e-13
5212.77  1.0864e-13
5215.15  1.07286e-13
5217.53  1.0596e-13
5219.9   1.04673e-13
5222.28  1.03436e-13
5224.66  1.02257e-13
5227.04  1.01143e-13
5229.42  1.00101e-13
5231.79  9.91354e-14
5234.17  9.82479e-14
5236.55  9.74403e-14
5238.93  9.67125e-14
5241.31  9.60634e-14
5243.68  9.54907e-14
5246.06  9.49909e-14
5248.44  9.45601e-14
5250.82  9.41936e-14
5253.2   9.38862e-14
5255.57  9.36325e-14
5257.95  9.34268e-14
5260.33  9.32634e-14
5262.71  9.31369e-14
5265.09  9.30418e-14
5267.46  9.29731e-14
5269.84  9.2926e-14
5272.22  9.28962e-14
5274.6   9.28797e-14
5276.98  9.2873e-14
5279.36  9.28731e-14
5281.73  9.28771e-14
5284.11  9.2883e-14
5286.49  9.28887e-14
5288.87  9.28927e-14
5291.25  9.28937e-14
5293.62  9.28906e-14
5296     9.28826e-14
5298.38  9.28691e-14
5300.76  9.28496e-14
5303.14  9.28238e-14
5305.51  9.27913e-14
5307.89  9.27519e-14
5310.27  9.27057e-14
5312.65  9.26524e-14
5315.03  9.25921e-14
5317.4   9.25247e-14
5319.78  9.24502e-14
5322.16  9.23687e-14
5324.54  9.228e-14
5326.92  9.21841e-14
5329.3   9.20808e-14
5331.67  9.19699e-14
5334.05  9.18511e-14
5336.43  9.17238e-14
5338.81  9.15874e-14
5341.19  9.14412e-14
5343.56  9.12842e-14
5345.94  9.11151e-14
5348.32  9.09326e-14
5350.7   9.07351e-14
5353.08  9.05208e-14
5355.45  9.02879e-14
5357.83  9.00344e-14
5360.21  8.97581e-14
5362.59  8.9457e-14
5364.97  8.91291e-14
5367.34  8.87725e-14
5369.72  8.83856e-14
5372.1   8.7967e-14
5374.48  8.75157e-14
5376.86  8.70313e-14
5379.24  8.6514e-14
5381.61  8.59645e-14
5383.99  8.53842e-14
5386.37  8.47753e-14
5388.75  8.41409e-14
5391.13  8.34847e-14
5393.5   8.28114e-14
5395.88  8.21262e-14
5398.26  8.14352e-14
5400.64  8.07451e-14
5403.02  8.00632e-14
5405.39  7.93969e-14
5407.77  7.87543e-14
5410.15  7.81433e-14
5412.53  7.75719e-14
5414.91  7.70479e-14
5417.28  7.65786e-14
5419.66  7.61708e-14
5422.04  7.58305e-14
5424.42  7.5563e-14
5426.8   7.53724e-14
5429.17  7.52616e-14
5431.55  7.52325e-14
5433.93  7.52855e-14
5436.31  7.54197e-14
5438.69  7.56328e-14
5441.07  7.59213e-14
5443.44  7.62804e-14
5445.82  7.6704e-14
5448.2   7.71852e-14
5450.58  7.77161e-14
5452.96  7.8288e-14
5455.33  7.88918e-14
5457.71  7.95179e-14
5460.09  8.01568e-14
5462.47  8.0799e-14
5464.85  8.14353e-14
5467.22  8.2057e-14
5469.6   8.26562e-14
5471.98  8.32259e-14
5474.36  8.37598e-14
5476.74  8.42532e-14
5479.11  8.47022e-14
5481.49  8.51046e-14
5483.87  8.5459e-14
5486.25  8.57658e-14
5488.63  8.60261e-14
5491.01  8.62426e-14
5493.38  8.64187e-14
5495.76  8.65589e-14
5498.14  8.66684e-14
5500.52  8.6753e-14
5502.9   8.68186e-14
5505.27  8.68718e-14
5507.65  8.69187e-14
5510.03  8.69655e-14
5512.41  8.70181e-14
5514.79  8.70817e-14
5517.16  8.71608e-14
5519.54  8.72594e-14
5521.92  8.73804e-14
5524.3   8.75258e-14
5526.68  8.76969e-14
5529.05  8.78937e-14
5531.43  8.81155e-14
5533.81  8.83606e-14
5536.19  8.86265e-14
5538.57  8.89101e-14
5540.95  8.92077e-14
5543.32  8.95149e-14
5545.7   8.98274e-14
5548.08  9.01404e-14
5550.46  9.04491e-14
5552.84  9.07489e-14
5555.21  9.10355e-14
5557.59  9.13047e-14
5559.97  9.1553e-14
5562.35  9.17772e-14
5564.73  9.1975e-14
5567.1   9.21445e-14
5569.48  9.22845e-14
5571.86  9.23946e-14
5574.24  9.2475e-14
5576.62  9.25263e-14
5578.99  9.25501e-14
5581.37  9.2548e-14
5583.75  9.25225e-14
5586.13  9.24761e-14
5588.51  9.24117e-14
5590.88  9.23323e-14
5593.26  9.22409e-14
5595.64  9.21407e-14
5598.02  9.20345e-14
5600.4   9.19252e-14
5602.78  9.18152e-14
5605.15  9.17068e-14
5607.53  9.16018e-14
5609.91  9.15017e-14
5612.29  9.14076e-14
5614.67  9.13202e-14
5617.04  9.12396e-14
5619.42  9.11657e-14
5621.8   9.1098e-14
5624.18  9.10354e-14
5626.56  9.09768e-14
5628.93  9.09205e-14
5631.31  9.08648e-14
5633.69  9.08074e-14
5636.07  9.07461e-14
5638.45  9.06786e-14
5640.82  9.06022e-14
5643.2   9.05145e-14
5645.58  9.04128e-14
5647.96  9.02946e-14
5650.34  9.01573e-14
5652.72  8.99986e-14
5655.09  8.98161e-14
5657.47  8.96078e-14
5659.85  8.93719e-14
5662.23  8.91066e-14
5664.61  8.88105e-14
5666.98  8.84827e-14
5669.36  8.81223e-14
5671.74  8.7729e-14
5674.12  8.73027e-14
5676.5   8.68438e-14
5678.87  8.6353e-14
5681.25  8.58316e-14
5683.63  8.52811e-14
5686.01  8.47036e-14
5688.39  8.41013e-14
5690.76  8.34771e-14
5693.14  8.28342e-14
5695.52  8.21759e-14
5697.9   8.15062e-14
5700.28  8.08289e-14
5702.66  8.01483e-14
5705.03  7.94687e-14
5707.41  7.87945e-14
5709.79  7.81302e-14
5712.17  7.74803e-14
5714.55  7.68489e-14
5716.92  7.62402e-14
5719.3   7.56581e-14
5721.68  7.51062e-14
5724.06  7.45878e-14
5726.44  7.41057e-14
5728.81  7.36624e-14
5731.19  7.32599e-14
5733.57  7.28998e-14
5735.95  7.2583e-14
5738.33  7.23104e-14
5740.7   7.20819e-14
5743.08  7.18974e-14
5745.46  7.1756e-14
5747.84  7.16568e-14
5750.22  7.15984e-14
5752.59  7.1579e-14
5754.97  7.15968e-14
5757.35  7.16497e-14
5759.73  7.17353e-14
5762.11  7.18515e-14
5764.49  7.19959e-14
5766.86  7.21662e-14
5769.24  7.236e-14
5771.62  7.25753e-14
5774     7.28099e-14
5776.38  7.30619e-14
5778.75  7.33295e-14
5781.13  7.36109e-14
5783.51  7.39047e-14
5785.89  7.42095e-14
5788.27  7.45239e-14
5790.64  7.48468e-14
5793.02  7.5177e-14
5795.4   7.55136e-14
5797.78  7.58553e-14
5800.16  7.62012e-14
5802.53  7.65503e-14
5804.91  7.69013e-14
5807.29  7.72532e-14
5809.67  7.76047e-14
5812.05  7.79545e-14
5814.43  7.83013e-14
5816.8   7.86437e-14
5819.18  7.89801e-14
5821.56  7.93091e-14
5823.94  7.96293e-14
5826.32  7.99392e-14
5828.69  8.02374e-14
5831.07  8.05226e-14
5833.45  8.07937e-14
5835.83  8.10497e-14
5838.21  8.12898e-14
5840.58  8.15135e-14
5842.96  8.17204e-14
5845.34  8.19107e-14
5847.72  8.20845e-14
5850.1   8.22423e-14
5852.47  8.23852e-14
5854.85  8.25142e-14
5857.23  8.26306e-14
5859.61  8.27361e-14
5861.99  8.28324e-14
5864.37  8.29216e-14
5866.74  8.30055e-14
5869.12  8.30864e-14
5871.5   8.31662e-14
5873.88  8.32469e-14
5876.26  8.33303e-14
5878.63  8.3418e-14
5881.01  8.35115e-14
5883.39  8.36118e-14
5885.77  8.37196e-14
5888.15  8.38354e-14
5890.52  8.3959e-14
5892.9   8.40901e-14
5895.28  8.42277e-14
5897.66  8.43707e-14
5900.04  8.45172e-14
5902.41  8.46652e-14
5904.79  8.48124e-14
5907.17  8.49561e-14
5909.55  8.50933e-14
5911.93  8.52209e-14
5914.3   8.53357e-14
5916.68  8.54344e-14
5919.06  8.55136e-14
5921.44  8.55701e-14
5923.82  8.56009e-14
5926.2   8.5603e-14
5928.57  8.55736e-14
5930.95  8.55104e-14
5933.33  8.54113e-14
5935.71  8.52745e-14
5938.09  8.50985e-14
5940.46  8.48824e-14
5942.84  8.46255e-14
5945.22  8.43274e-14
5947.6   8.39882e-14
5949.98  8.36082e-14
5952.35  8.3188e-14
5954.73  8.27285e-14
5957.11  8.22307e-14
5959.49  8.16959e-14
5961.87  8.11254e-14
5964.24  8.05205e-14
5966.62  7.98828e-14
5969     7.92135e-14
5971.38  7.85142e-14
5973.76  7.77859e-14
5976.14  7.70299e-14
5978.51  7.62473e-14
5980.89  7.5439e-14
5983.27  7.46057e-14
5985.65  7.37482e-14
5988.03  7.28669e-14
5990.4   7.19623e-14
5992.78  7.10349e-14
5995.16  7.0085e-14
5997.54  6.9113e-14
5999.92  6.81193e-14
6002.29  6.71045e-14
6004.67  6.60691e-14
6007.05  6.5014e-14
6009.43  6.39401e-14
6011.81  6.28488e-14
6014.18  6.17414e-14
6016.56  6.06197e-14
6018.94  5.94857e-14
6021.32  5.8342e-14
6023.7   5.7191e-14
6026.08  5.60357e-14
6028.45  5.48793e-14
6030.83  5.37253e-14
6033.21  5.25774e-14
6035.59  5.14394e-14
6037.97  5.03152e-14
6040.34  4.92089e-14
6042.72  4.81247e-14
6045.1   4.70665e-14
6047.48  4.60383e-14
6049.86  4.5044e-14
6052.23  4.40873e-14
6054.61  4.31715e-14
6056.99  4.22997e-14
6059.37  4.14749e-14
6061.75  4.06994e-14
6064.12  3.99753e-14
6066.5   3.93044e-14
6068.88  3.86878e-14
6071.26  3.81264e-14
6073.64  3.76207e-14
6076.01  3.71707e-14
6078.39  3.67762e-14
6080.77  3.64364e-14
6083.15  3.61504e-14
6085.53  3.5917e-14
6087.91  3.57348e-14
6090.28  3.56022e-14
6092.66  3.55174e-14
6095.04  3.54786e-14
6097.42  3.5484e-14
6099.8   3.55317e-14
6102.17  3.56201e-14
6104.55  3.57473e-14
6106.93  3.59119e-14
6109.31  3.61125e-14
6111.69  3.63476e-14
6114.06  3.66164e-14
6116.44  3.69178e-14
6118.82  3.72512e-14
6121.2   3.76157e-14
6123.58  3.80111e-14
6125.95  3.8437e-14
6128.33  3.88929e-14
6130.71  3.93788e-14
6133.09  3.98944e-14
6135.47  4.04393e-14
6137.85  4.10133e-14
6140.22  4.1616e-14
6142.6   4.22469e-14
6144.98  4.29053e-14
6147.36  4.35902e-14
6149.74  4.43008e-14
6152.11  4.50356e-14
6154.49  4.57933e-14
6156.87  4.65723e-14
6159.25  4.73705e-14
6161.63  4.8186e-14
6164     4.90166e-14
6166.38  4.98599e-14
6168.76  5.07135e-14
6171.14  5.15748e-14
6173.52  5.24413e-14
6175.89  5.33103e-14
6178.27  5.41795e-14
6180.65  5.50462e-14
6183.03  5.59082e-14
6185.41  5.67632e-14
6187.79  5.76093e-14
6190.16  5.84445e-14
6192.54  5.92674e-14
6194.92  6.00764e-14
6197.3   6.08704e-14
6199.68  6.16485e-14
6202.05  6.24099e-14
6204.43  6.31542e-14
6206.81  6.38812e-14
6209.19  6.45906e-14
6211.57  6.52825e-14
6213.94  6.5957e-14
6216.32  6.66144e-14
6218.7   6.72549e-14
6221.08  6.78788e-14
6223.46  6.84863e-14
6225.83  6.90777e-14
6228.21  6.9653e-14
6230.59  7.02123e-14
6232.97  7.07553e-14
6235.35  7.12818e-14
6237.72  7.17914e-14
6240.1   7.22834e-14
6242.48  7.2757e-14
6244.86  7.32113e-14
6247.24  7.36453e-14
6249.62  7.40577e-14
6251.99  7.44474e-14
6254.37  7.4813e-14
6256.75  7.51533e-14
6259.13  7.54669e-14
6261.51  7.57528e-14
6263.88  7.60098e-14
6266.26  7.62371e-14
6268.64  7.6434e-14
6271.02  7.66002e-14
6273.4   7.67354e-14
6275.77  7.68399e-14
6278.15  7.69143e-14
6280.53  7.69593e-14
6282.91  7.69764e-14
6285.29  7.6967e-14
6287.66  7.69332e-14
6290.04  7.68773e-14
6292.42  7.68019e-14
6294.8   7.67099e-14
6297.18  7.66044e-14
6299.56  7.64886e-14
6301.93  7.6366e-14
6304.31  7.62401e-14
6306.69  7.61143e-14
6309.07  7.59919e-14
6311.45  7.58764e-14
6313.82  7.57706e-14
6316.2   7.56774e-14
6318.58  7.55993e-14
6320.96  7.55384e-14
6323.34  7.54965e-14
6325.71  7.54747e-14
6328.09  7.54739e-14
6330.47  7.54944e-14
6332.85  7.55362e-14
6335.23  7.55985e-14
6337.6   7.56805e-14
6339.98  7.57804e-14
6342.36  7.58967e-14
6344.74  7.60269e-14
6347.12  7.61686e-14
6349.5   7.63193e-14
6351.87  7.64758e-14
6354.25  7.66355e-14
6356.63  7.67951e-14
6359.01  7.69518e-14
6361.39  7.71027e-14
6363.76  7.72451e-14
6366.14  7.73766e-14
6368.52  7.74949e-14
6370.9   7.75981e-14
6373.28  7.76846e-14
6375.65  7.77531e-14
6378.03  7.78029e-14
6380.41  7.78334e-14
6382.79  7.78444e-14
6385.17  7.78363e-14
6387.54  7.78095e-14
6389.92  7.7765e-14
6392.3   7.77037e-14
6394.68  7.76272e-14
6397.06  7.75368e-14
6399.43  7.74343e-14
6401.81  7.73215e-14
6404.19  7.72001e-14
6406.57  7.7072e-14
6408.95  7.69389e-14
6411.33  7.68026e-14
6413.7   7.66646e-14
6416.08  7.65264e-14
6418.46  7.63893e-14
6420.84  7.62544e-14
6423.22  7.61227e-14
6425.59  7.59948e-14
6427.97  7.58714e-14
6430.35  7.57527e-14
6432.73  7.5639e-14
6435.11  7.55304e-14
6437.48  7.54266e-14
6439.86  7.53274e-14
6442.24  7.52324e-14
6444.62  7.51412e-14
6447     7.50534e-14
6449.37  7.49682e-14
6451.75  7.48851e-14
6454.13  7.48036e-14
6456.51  7.47231e-14
6458.89  7.4643e-14
6461.27  7.45627e-14
6463.64  7.44819e-14
6466.02  7.44001e-14
6468.4   7.43169e-14
6470.78  7.4232e-14
6473.16  7.41452e-14
6475.53  7.40563e-14
6477.91  7.39652e-14
6480.29  7.38718e-14
6482.67  7.37761e-14
6485.05  7.36781e-14
6487.42  7.35778e-14
6489.8   7.34753e-14
6492.18  7.33708e-14
6494.56  7.32643e-14
6496.94  7.31561e-14
6499.31  7.30462e-14
6501.69  7.29348e-14
6504.07  7.2822e-14
6506.45  7.2708e-14
6508.83  7.25929e-14
6511.2   7.24767e-14
6513.58  7.23596e-14
6515.96  7.22414e-14
6518.34  7.21223e-14
6520.72  7.20021e-14
6523.1   7.18808e-14
6525.47  7.17582e-14
6527.85  7.16341e-14
6530.23  7.15082e-14
6532.61  7.13804e-14
6534.99  7.12501e-14
6537.36  7.11173e-14
6539.74  7.09813e-14
6542.12  7.08419e-14
6544.5   7.06987e-14
6546.88  7.05513e-14
6549.25  7.03994e-14
6551.63  7.02427e-14
6554.01  7.00808e-14
6556.39  6.99137e-14
6558.77  6.97413e-14
6561.14  6.95636e-14
6563.52  6.93806e-14
6565.9   6.91927e-14
6568.28  6.90001e-14
6570.66  6.88034e-14
6573.04  6.86031e-14
6575.41  6.84e-14
6577.79  6.81948e-14
6580.17  6.79885e-14
6582.55  6.77821e-14
6584.93  6.75765e-14
6587.3   6.73729e-14
6589.68  6.71724e-14
6592.06  6.69759e-14
6594.44  6.67844e-14
6596.82  6.6599e-14
6599.19  6.64203e-14
6601.57  6.62492e-14
6603.95  6.6086e-14
6606.33  6.59312e-14
6608.71  6.5785e-14
6611.08  6.56472e-14
6613.46  6.55177e-14
6615.84  6.5396e-14
6618.22  6.52814e-14
6620.6   6.51732e-14
6622.98  6.50703e-14
6625.35  6.49715e-14
6627.73  6.48757e-14
6630.11  6.47813e-14
6632.49  6.46871e-14
6634.87  6.45915e-14
6637.24  6.44931e-14
6639.62  6.43905e-14
6642     6.42825e-14
6644.38  6.41678e-14
6646.76  6.40454e-14
6649.13  6.39145e-14
6651.51  6.37744e-14
6653.89  6.36247e-14
6656.27  6.34653e-14
6658.65  6.32961e-14
6661.02  6.31174e-14
6663.4   6.29297e-14
6665.78  6.27338e-14
6668.16  6.25305e-14
6670.54  6.23209e-14
6672.91  6.21062e-14
6675.29  6.18877e-14
6677.67  6.16667e-14
6680.05  6.14447e-14
6682.43  6.1223e-14
6684.81  6.10029e-14
6687.18  6.07858e-14
6689.56  6.05727e-14
6691.94  6.03647e-14
6694.32  6.01625e-14
6696.7   5.99669e-14
6699.07  5.97784e-14
6701.45  5.95971e-14
6703.83  5.94232e-14
6706.21  5.92565e-14
6708.59  5.90968e-14
6710.96  5.89436e-14
6713.34  5.87963e-14
6715.72  5.86543e-14
6718.1   5.85166e-14
6720.48  5.83826e-14
6722.85  5.82514e-14
6725.23  5.81221e-14
6727.61  5.7994e-14
6729.99  5.78663e-14
6732.37  5.77385e-14
6734.75  5.76101e-14
6737.12  5.74806e-14
6739.5   5.735e-14
6741.88  5.72182e-14
6744.26  5.70852e-14
6746.64  5.69513e-14
6749.01  5.68169e-14
6751.39  5.66825e-14
6753.77  5.65487e-14
6756.15  5.64162e-14
6758.53  5.62858e-14
6760.9   5.61581e-14
6763.28  5.60339e-14
6765.66  5.5914e-14
6768.04  5.5799e-14
6770.42  5.56894e-14
6772.79  5.55857e-14
6775.17  5.54882e-14
6777.55  5.53971e-14
6779.93  5.53123e-14
6782.31  5.52338e-14
6784.69  5.51611e-14
6787.06  5.50938e-14
6789.44  5.50314e-14
6791.82  5.4973e-14
6794.2   5.49177e-14
6796.58  5.48647e-14
6798.95  5.4813e-14
6801.33  5.47615e-14
6803.71  5.47092e-14
6806.09  5.46552e-14
6808.47  5.45986e-14
6810.84  5.45385e-14
6813.22  5.44744e-14
6815.6   5.44057e-14
6817.98  5.43322e-14
6820.36  5.42536e-14
6822.73  5.417e-14
6825.11  5.40818e-14
6827.49  5.39892e-14
6829.87  5.38931e-14
6832.25  5.37941e-14
6834.62  5.36933e-14
6837     5.35917e-14
6839.38  5.34905e-14
6841.76  5.33909e-14
6844.14  5.32942e-14
6846.52  5.32016e-14
6848.89  5.31143e-14
6851.27  5.30333e-14
6853.65  5.29596e-14
6856.03  5.28939e-14
6858.41  5.28368e-14
6860.78  5.27888e-14
6863.16  5.27499e-14
6865.54  5.27201e-14
6867.92  5.26989e-14
6870.3   5.26858e-14
6872.67  5.268e-14
6875.05  5.26804e-14
6877.43  5.26857e-14
6879.81  5.26946e-14
6882.19  5.27054e-14
6884.56  5.27166e-14
6886.94  5.27265e-14
6889.32  5.27333e-14
6891.7   5.27353e-14
6894.08  5.2731e-14
6896.46  5.27189e-14
6898.83  5.26975e-14
6901.21  5.26659e-14
6903.59  5.26229e-14
6905.97  5.25679e-14
6908.35  5.25004e-14
6910.72  5.24203e-14
6913.1   5.23276e-14
6915.48  5.22226e-14
6917.86  5.2106e-14
6920.24  5.19786e-14
6922.61  5.18415e-14
6924.99  5.16958e-14
6927.37  5.1543e-14
6929.75  5.13848e-14
6932.13  5.12226e-14
6934.5   5.10582e-14
6936.88  5.08934e-14
6939.26  5.07299e-14
6941.64  5.05693e-14
6944.02  5.04133e-14
6946.4   5.02633e-14
6948.77  5.01208e-14
6951.15  4.9987e-14
6953.53  4.98628e-14
6955.91  4.97493e-14
6958.29  4.9647e-14
6960.66  4.95566e-14
6963.04  4.94784e-14
6965.42  4.94124e-14
6967.8   4.93586e-14
6970.18  4.93169e-14
6972.55  4.92869e-14
6974.93  4.92681e-14
6977.31  4.92599e-14
6979.69  4.92616e-14
6982.07  4.92723e-14
6984.44  4.92912e-14
6986.82  4.93174e-14
6989.2   4.93499e-14
6991.58  4.93877e-14
6993.96  4.94298e-14
6996.33  4.94753e-14
6998.71  4.95233e-14
7001.09  4.95728e-14
7003.47  4.96229e-14
7005.85  4.9673e-14
7008.23  4.97222e-14
7010.6   4.977e-14
7012.98  4.98157e-14
7015.36  4.98588e-14
7017.74  4.9899e-14
7020.12  4.99359e-14
7022.49  4.99693e-14
7024.87  4.9999e-14
7027.25  5.0025e-14
7029.63  5.00472e-14
7032.01  5.00657e-14
7034.38  5.00807e-14
7036.76  5.00923e-14
7039.14  5.01008e-14
7041.52  5.01065e-14
7043.9   5.01096e-14
7046.27  5.01105e-14
7048.65  5.01097e-14
7051.03  5.01074e-14
7053.41  5.01041e-14
7055.79  5.01002e-14
7058.17  5.0096e-14
7060.54  5.0092e-14
7062.92  5.00884e-14
7065.3   5.00856e-14
7067.68  5.00839e-14
7070.06  5.00835e-14
7072.43  5.00847e-14
7074.81  5.00875e-14
7077.19  5.00923e-14
7079.57  5.00989e-14
7081.95  5.01073e-14
7084.32  5.01176e-14
7086.7   5.01295e-14
7089.08  5.01429e-14
7091.46  5.01574e-14
7093.84  5.01727e-14
7096.21  5.01883e-14
7098.59  5.02038e-14
7100.97  5.02186e-14
7103.35  5.0232e-14
7105.73  5.02433e-14
7108.11  5.02517e-14
7110.48  5.02565e-14
7112.86  5.02568e-14
7115.24  5.02517e-14
7117.62  5.02405e-14
7120     5.02223e-14
7122.37  5.01963e-14
7124.75  5.01618e-14
7127.13  5.01181e-14
7129.51  5.00647e-14
7131.89  5.00011e-14
7134.26  4.99272e-14
7136.64  4.98426e-14
7139.02  4.97475e-14
7141.4   4.9642e-14
7143.78  4.95266e-14
7146.15  4.94017e-14
7148.53  4.92681e-14
7150.91  4.91268e-14
7153.29  4.89787e-14
7155.67  4.88252e-14
7158.04  4.86676e-14
7160.42  4.85073e-14
7162.8   4.83459e-14
7165.18  4.81848e-14
7167.56  4.80256e-14
7169.94  4.78698e-14
7172.31  4.7719e-14
7174.69  4.75744e-14
7177.07  4.74372e-14
7179.45  4.73084e-14
7181.83  4.7189e-14
7184.2   4.70796e-14
7186.58  4.69805e-14
7188.96  4.6892e-14
7191.34  4.6814e-14
7193.72  4.67461e-14
7196.09  4.66878e-14
7198.47  4.66384e-14
7200.85  4.6597e-14
7203.23  4.65624e-14
7205.61  4.65333e-14
7207.98  4.65085e-14
7210.36  4.64866e-14
7212.74  4.6466e-14
7215.12  4.64453e-14
7217.5   4.64233e-14
7219.88  4.63984e-14
7222.25  4.63696e-14
7224.63  4.63358e-14
7227.01  4.6296e-14
7229.39  4.62496e-14
7231.77  4.61959e-14
7234.14  4.61347e-14
7236.52  4.60656e-14
7238.9   4.59889e-14
7241.28  4.59046e-14
7243.66  4.58131e-14
7246.03  4.57149e-14
7248.41  4.56105e-14
7250.79  4.55008e-14
7253.17  4.53864e-14
7255.55  4.52681e-14
7257.92  4.51467e-14
7260.3   4.5023e-14
7262.68  4.48978e-14
7265.06  4.47716e-14
7267.44  4.46452e-14
7269.82  4.4519e-14
7272.19  4.43934e-14
7274.57  4.42687e-14
7276.95  4.41451e-14
7279.33  4.40226e-14
7281.71  4.39014e-14
7284.08  4.37813e-14
7286.46  4.36622e-14
7288.84  4.35438e-14
7291.22  4.34261e-14
7293.6   4.33087e-14
7295.97  4.31916e-14
7298.35  4.30745e-14
7300.73  4.29574e-14
7303.11  4.28404e-14
7305.49  4.27234e-14
7307.86  4.26067e-14
7310.24  4.24906e-14
7312.62  4.23755e-14
7315     4.2262e-14
7317.38  4.21506e-14
7319.75  4.2042e-14
7322.13  4.19371e-14
7324.51  4.18368e-14
7326.89  4.17417e-14
7329.27  4.16529e-14
7331.65  4.15712e-14
7334.02  4.14973e-14
7336.4   4.1432e-14
7338.78  4.13758e-14
7341.16  4.13293e-14
7343.54  4.12927e-14
7345.91  4.1266e-14
7348.29  4.12493e-14
7350.67  4.12421e-14
7353.05  4.1244e-14
7355.43  4.12542e-14
7357.8   4.12715e-14
7360.18  4.12949e-14
7362.56  4.13229e-14
7364.94  4.13538e-14
7367.32  4.13859e-14
7369.69  4.14171e-14
7372.07  4.14456e-14
7374.45  4.14691e-14
7376.83  4.14856e-14
7379.21  4.1493e-14
7381.59  4.14891e-14
7383.96  4.1472e-14
7386.34  4.144e-14
7388.72  4.13912e-14
7391.1   4.13244e-14
7393.48  4.12384e-14
7395.85  4.11322e-14
7398.23  4.10052e-14
7400.61  4.08571e-14
7402.99  4.0688e-14
7405.37  4.04982e-14
7407.74  4.02885e-14
7410.12  4.00598e-14
7412.5   3.98135e-14
7414.88  3.95511e-14
7417.26  3.92746e-14
7419.63  3.89859e-14
7422.01  3.86874e-14
7424.39  3.83815e-14
7426.77  3.80706e-14
7429.15  3.77573e-14
7431.53  3.74441e-14
7433.9   3.71336e-14
7436.28  3.68282e-14
7438.66  3.65302e-14
7441.04  3.62417e-14
7443.42  3.59646e-14
7445.79  3.57007e-14
7448.17  3.54513e-14
7450.55  3.52176e-14
7452.93  3.50005e-14
7455.31  3.48006e-14
7457.68  3.46181e-14
7460.06  3.44529e-14
7462.44  3.43048e-14
7464.82  3.41733e-14
7467.2   3.40574e-14
7469.57  3.39563e-14
7471.95  3.38687e-14
7474.33  3.37932e-14
7476.71  3.37285e-14
7479.09  3.3673e-14
7481.46  3.36253e-14
7483.84  3.35837e-14
7486.22  3.35468e-14
7488.6   3.35132e-14
7490.98  3.34815e-14
7493.36  3.34507e-14
7495.73  3.34196e-14
7498.11  3.33875e-14
7500.49  3.33536e-14
7502.87  3.33176e-14
7505.25  3.3279e-14
7507.62  3.3238e-14
7510     3.31945e-14
7512.38  3.31489e-14
7514.76  3.31016e-14
7517.14  3.30532e-14
7519.51  3.30045e-14
7521.89  3.29562e-14
7524.27  3.29092e-14
7526.65  3.28644e-14
7529.03  3.28229e-14
7531.4   3.27854e-14
7533.78  3.2753e-14
7536.16  3.27265e-14
7538.54  3.27066e-14
7540.92  3.2694e-14
7543.3   3.26892e-14
7545.67  3.26927e-14
7548.05  3.27047e-14
7550.43  3.27254e-14
7552.81  3.27548e-14
7555.19  3.27926e-14
7557.56  3.28386e-14
7559.94  3.28925e-14
7562.32  3.29535e-14
7564.7   3.30212e-14
7567.08  3.30948e-14
7569.45  3.31735e-14
7571.83  3.32564e-14
7574.21  3.33428e-14
7576.59  3.34318e-14
7578.97  3.35226e-14
7581.34  3.36143e-14
7583.72  3.37062e-14
7586.1   3.37978e-14
7588.48  3.38884e-14
7590.86  3.39775e-14
7593.24  3.40649e-14
7595.61  3.41503e-14
7597.99  3.42335e-14
7600.37  3.43147e-14
7602.75  3.43937e-14
7605.13  3.44711e-14
7607.5   3.45469e-14
7609.88  3.46216e-14
7612.26  3.46958e-14
7614.64  3.47698e-14
7617.02  3.48443e-14
7619.39  3.49199e-14
7621.77  3.49972e-14
7624.15  3.50766e-14
7626.53  3.51588e-14
7628.91  3.52443e-14
7631.28  3.53334e-14
7633.66  3.54266e-14
7636.04  3.55241e-14
7638.42  3.56261e-14
7640.8   3.57326e-14
7643.17  3.58438e-14
7645.55  3.59595e-14
7647.93  3.60794e-14
7650.31  3.62035e-14
7652.69  3.63312e-14
7655.07  3.64622e-14
7657.44  3.65961e-14
7659.82  3.67323e-14
7662.2   3.68703e-14
7664.58  3.70095e-14
7666.96  3.71494e-14
7669.33  3.72895e-14
7671.71  3.74292e-14
7674.09  3.75681e-14
7676.47  3.77058e-14
7678.85  3.78418e-14
7681.22  3.79758e-14
7683.6   3.81076e-14
7685.98  3.8237e-14
7688.36  3.83638e-14
7690.74  3.84881e-14
7693.11  3.86097e-14
7695.49  3.87286e-14
7697.87  3.88451e-14
7700.25  3.89591e-14
7702.63  3.90708e-14
7705.01  3.91802e-14
7707.38  3.92876e-14
7709.76  3.9393e-14
7712.14  3.94965e-14
7714.52  3.95981e-14
7716.9   3.96979e-14
7719.27  3.97957e-14
7721.65  3.98914e-14
7724.03  3.99849e-14
7726.41  4.0076e-14
7728.79  4.01642e-14
7731.16  4.02492e-14
7733.54  4.03306e-14
7735.92  4.04079e-14
7738.3   4.04806e-14
7740.68  4.05482e-14
7743.05  4.061e-14
7745.43  4.06656e-14
7747.81  4.07143e-14
7750.19  4.07556e-14
7752.57  4.07892e-14
7754.95  4.08144e-14
7757.32  4.08312e-14
7759.7   4.0839e-14
7762.08  4.08379e-14
7764.46  4.08278e-14
7766.84  4.08087e-14
7769.21  4.07808e-14
7771.59  4.07443e-14
7773.97  4.06998e-14
7776.35  4.06476e-14
7778.73  4.05884e-14
7781.1   4.05229e-14
7783.48  4.04518e-14
7785.86  4.03759e-14
7788.24  4.0296e-14
7790.62  4.0213e-14
7792.99  4.01276e-14
7795.37  4.00408e-14
7797.75  3.99531e-14
7800.13  3.98653e-14
7802.51  3.9778e-14
7804.88  3.96915e-14
7807.26  3.96063e-14
7809.64  3.95225e-14
7812.02  3.94402e-14
7814.4   3.93594e-14
7816.78  3.92797e-14
7819.15  3.92009e-14
7821.53  3.91223e-14
7823.91  3.90435e-14
7826.29  3.89636e-14
7828.67  3.88819e-14
7831.04  3.87975e-14
7833.42  3.87093e-14
7835.8   3.86165e-14
7838.18  3.8518e-14
7840.56  3.8413e-14
7842.93  3.83004e-14
7845.31  3.81793e-14
7847.69  3.80491e-14
7850.07  3.79089e-14
7852.45  3.77582e-14
7854.82  3.75965e-14
7857.2   3.74233e-14
7859.58  3.72385e-14
7861.96  3.70419e-14
7864.34  3.68335e-14
7866.72  3.66133e-14
7869.09  3.63816e-14
7871.47  3.61386e-14
7873.85  3.58847e-14
7876.23  3.56203e-14
7878.61  3.53459e-14
7880.98  3.50619e-14
7883.36  3.47688e-14
7885.74  3.44671e-14
7888.12  3.41574e-14
7890.5   3.384e-14
7892.87  3.35154e-14
7895.25  3.3184e-14
7897.63  3.28462e-14
7900.01  3.25022e-14
7902.39  3.21524e-14
7904.76  3.17969e-14
7907.14  3.14362e-14
7909.52  3.10703e-14
7911.9   3.06996e-14
7914.28  3.03243e-14
7916.66  2.99446e-14
7919.03  2.9561e-14
7921.41  2.91739e-14
7923.79  2.87837e-14
7926.17  2.8391e-14
7928.55  2.79965e-14
7930.92  2.7601e-14
7933.3   2.72054e-14
7935.68  2.68106e-14
7938.06  2.64178e-14
7940.44  2.60282e-14
7942.81  2.5643e-14
7945.19  2.52636e-14
7947.57  2.48914e-14
7949.95  2.4528e-14
7952.33  2.41747e-14
7954.7   2.38331e-14
7957.08  2.35045e-14
7959.46  2.31905e-14
7961.84  2.28923e-14
7964.22  2.26112e-14
7966.59  2.23482e-14
7968.97  2.21043e-14
7971.35  2.18803e-14
7973.73  2.16768e-14
7976.11  2.14942e-14
7978.49  2.13326e-14
7980.86  2.11922e-14
7983.24  2.10726e-14
7985.62  2.09735e-14
7988     2.08942e-14
7990.38  2.08338e-14
7992.75  2.07914e-14
7995.13  2.07658e-14
7997.51  2.07555e-14
7999.89  2.07592e-14
8002.27  2.07753e-14
8004.64  2.08021e-14
8007.02  2.0838e-14
8009.4   2.08811e-14
8011.78  2.09298e-14
8014.16  2.09824e-14
8016.53  2.10372e-14
8018.91  2.10926e-14
8021.29  2.11473e-14
8023.67  2.11997e-14
8026.05  2.12488e-14
8028.43  2.12934e-14
8030.8   2.13326e-14
8033.18  2.13657e-14
8035.56  2.1392e-14
8037.94  2.14113e-14
8040.32  2.14233e-14
8042.69  2.14278e-14
8045.07  2.14249e-14
8047.45  2.14149e-14
8049.83  2.13982e-14
8052.21  2.13751e-14
8054.58  2.13462e-14
8056.96  2.13121e-14
8059.34  2.12735e-14
8061.72  2.12311e-14
8064.1   2.11857e-14
8066.47  2.11379e-14
8068.85  2.10884e-14
8071.23  2.10379e-14
8073.61  2.0987e-14
8075.99  2.09362e-14
8078.36  2.0886e-14
8080.74  2.08367e-14
8083.12  2.07886e-14
8085.5   2.0742e-14
8087.88  2.06968e-14
8090.26  2.06531e-14
8092.63  2.06109e-14
8095.01  2.057e-14
8097.39  2.05302e-14
8099.77  2.04912e-14
8102.15  2.04528e-14
8104.52  2.04146e-14
8106.9   2.03764e-14
8109.28  2.03377e-14
8111.66  2.02984e-14
8114.04  2.02582e-14
8116.41  2.02169e-14
8118.79  2.01742e-14
8121.17  2.01302e-14
8123.55  2.00848e-14
8125.93  2.00381e-14
8128.3   1.999e-14
8130.68  1.9941e-14
8133.06  1.98911e-14
8135.44  1.98408e-14
8137.82  1.97903e-14
8140.2   1.97402e-14
8142.57  1.96909e-14
8144.95  1.96429e-14
8147.33  1.95966e-14
8149.71  1.95528e-14
8152.09  1.95118e-14
8154.46  1.94743e-14
8156.84  1.94408e-14
8159.22  1.94118e-14
8161.6   1.93879e-14
8163.98  1.93695e-14
8166.35  1.93572e-14
8168.73  1.93515e-14
8171.11  1.93527e-14
8173.49  1.93613e-14
8175.87  1.93777e-14
8178.24  1.94023e-14
8180.62  1.94355e-14
8183     1.94776e-14
8185.38  1.95288e-14
8187.76  1.95895e-14
8190.14  1.96599e-14
8192.51  1.974e-14
8194.89  1.98301e-14
8197.27  1.99301e-14
8199.65  2.004e-14
8202.03  2.01596e-14
8204.4   2.02887e-14
8206.78  2.04269e-14
8209.16  2.05738e-14
8211.54  2.07286e-14
8213.92  2.08908e-14
8216.29  2.10593e-14
8218.67  2.12333e-14
8221.05  2.14116e-14
8223.43  2.15931e-14
8225.81  2.17763e-14
8228.18  2.19599e-14
8230.56  2.21426e-14
8232.94  2.23227e-14
8235.32  2.24989e-14
8237.7   2.26696e-14
8240.07  2.28336e-14
8242.45  2.29894e-14
8244.83  2.31358e-14
8247.21  2.32719e-14
8249.59  2.33966e-14
8251.97  2.35092e-14
8254.34  2.36093e-14
8256.72  2.36965e-14
8259.1   2.37707e-14
8261.48  2.38322e-14
8263.86  2.38813e-14
8266.23  2.39187e-14
8268.61  2.39451e-14
8270.99  2.39618e-14
8273.37  2.39699e-14
8275.75  2.39709e-14
8278.12  2.39663e-14
8280.5   2.39577e-14
8282.88  2.3947e-14
8285.26  2.39358e-14
8287.64  2.3926e-14
8290.01  2.39194e-14
8292.39  2.39175e-14
8294.77  2.39221e-14
8297.15  2.39347e-14
8299.53  2.39565e-14
8301.91  2.39888e-14
8304.28  2.40327e-14
8306.66  2.40888e-14
8309.04  2.41579e-14
8311.42  2.42404e-14
8313.8   2.43364e-14
8316.17  2.4446e-14
8318.55  2.4569e-14
8320.93  2.47049e-14
8323.31  2.48534e-14
8325.69  2.50135e-14
8328.06  2.51846e-14
8330.44  2.53657e-14
8332.82  2.55557e-14
8335.2   2.57535e-14
8337.58  2.59581e-14
8339.95  2.61681e-14
8342.33  2.63826e-14
8344.71  2.66002e-14
8347.09  2.68198e-14
8349.47  2.70405e-14
8351.85  2.72612e-14
8354.22  2.74809e-14
8356.6   2.76987e-14
8358.98  2.7914e-14
8361.36  2.81261e-14
8363.74  2.83343e-14
8366.11  2.85383e-14
8368.49  2.87376e-14
8370.87  2.89319e-14
8373.25  2.9121e-14
8375.63  2.93048e-14
8378     2.94832e-14
8380.38  2.96563e-14
8382.76  2.98241e-14
8385.14  2.99867e-14
8387.52  3.01442e-14
8389.89  3.02968e-14
8392.27  3.04447e-14
8394.65  3.05881e-14
8397.03  3.07272e-14
8399.41  3.08622e-14
8401.78  3.09933e-14
8404.16  3.11208e-14
8406.54  3.12448e-14
8408.92  3.13655e-14
8411.3   3.1483e-14
8413.68  3.15976e-14
8416.05  3.17093e-14
8418.43  3.18183e-14
8420.81  3.19247e-14
8423.19  3.20286e-14
8425.57  3.21301e-14
8427.94  3.22293e-14
8430.32  3.23264e-14
8432.7   3.24214e-14
8435.08  3.25144e-14
8437.46  3.26055e-14
8439.83  3.26949e-14
8442.21  3.27826e-14
8444.59  3.28689e-14
8446.97  3.29538e-14
8449.35  3.30374e-14
8451.72  3.31199e-14
8454.1   3.32014e-14
8456.48  3.32821e-14
8458.86  3.33619e-14
8461.24  3.34412e-14
8463.62  3.35198e-14
8465.99  3.35978e-14
8468.37  3.36754e-14
8470.75  3.37523e-14
8473.13  3.38287e-14
8475.51  3.39044e-14
8477.88  3.39792e-14
8480.26  3.40531e-14
8482.64  3.41257e-14
8485.02  3.41969e-14
8487.4   3.42663e-14
8489.77  3.43338e-14
8492.15  3.43988e-14
8494.53  3.44611e-14
8496.91  3.45203e-14
8499.29  3.45761e-14
8501.66  3.4628e-14
8504.04  3.46758e-14
8506.42  3.47192e-14
8508.8   3.47578e-14
8511.18  3.47914e-14
8513.56  3.482e-14
8515.93  3.48432e-14
8518.31  3.48612e-14
8520.69  3.48738e-14
8523.07  3.48812e-14
8525.45  3.48836e-14
8527.82  3.48812e-14
8530.2   3.48742e-14
8532.58  3.48631e-14
8534.96  3.48483e-14
8537.34  3.48302e-14
8539.71  3.48095e-14
8542.09  3.47865e-14
8544.47  3.4762e-14
8546.85  3.47366e-14
8549.23  3.47107e-14
8551.6   3.4685e-14
8553.98  3.46601e-14
8556.36  3.46364e-14
8558.74  3.46144e-14
8561.12  3.45947e-14
8563.49  3.45774e-14
8565.87  3.45629e-14
8568.25  3.45515e-14
8570.63  3.45432e-14
8573.01  3.45381e-14
8575.39  3.45362e-14
8577.76  3.45373e-14
8580.14  3.45414e-14
8582.52  3.45482e-14
8584.9   3.45575e-14
8587.28  3.45688e-14
8589.65  3.45818e-14
8592.03  3.45961e-14
8594.41  3.46113e-14
8596.79  3.4627e-14
8599.17  3.46427e-14
8601.54  3.4658e-14
8603.92  3.46725e-14
8606.3   3.46859e-14
8608.68  3.46979e-14
8611.06  3.47081e-14
8613.43  3.47164e-14
8615.81  3.47226e-14
8618.19  3.47264e-14
8620.57  3.4728e-14
8622.95  3.47272e-14
8625.33  3.47241e-14
8627.7   3.47187e-14
8630.08  3.47111e-14
8632.46  3.47015e-14
8634.84  3.469e-14
8637.22  3.46768e-14
8639.59  3.4662e-14
8641.97  3.46457e-14
8644.35  3.46283e-14
8646.73  3.46097e-14
8649.11  3.45901e-14
8651.48  3.45695e-14
8653.86  3.45481e-14
8656.24  3.45257e-14
8658.62  3.45024e-14
8661     3.44781e-14
8663.37  3.44527e-14
8665.75  3.44261e-14
8668.13  3.43981e-14
8670.51  3.43684e-14
8672.89  3.4337e-14
8675.27  3.43037e-14
8677.64  3.42681e-14
8680.02  3.42302e-14
8682.4   3.41898e-14
8684.78  3.41468e-14
8687.16  3.41011e-14
8689.53  3.40526e-14
8691.91  3.40013e-14
8694.29  3.39473e-14
8696.67  3.38907e-14
8699.05  3.38316e-14
8701.42  3.37703e-14
8703.8   3.3707e-14
8706.18  3.36419e-14
8708.56  3.35755e-14
8710.94  3.35079e-14
8713.31  3.34396e-14
8715.69  3.3371e-14
8718.07  3.33022e-14
8720.45  3.32337e-14
8722.83  3.31657e-14
8725.2   3.30984e-14
8727.58  3.30319e-14
8729.96  3.29663e-14
8732.34  3.29017e-14
8734.72  3.28379e-14
8737.1   3.27749e-14
8739.47  3.27122e-14
8741.85  3.26497e-14
8744.23  3.25869e-14
8746.61  3.25233e-14
8748.99  3.24585e-14
8751.36  3.23917e-14
8753.74  3.23225e-14
8756.12  3.22501e-14
8758.5   3.2174e-14
8760.88  3.20935e-14
8763.25  3.2008e-14
8765.63  3.19169e-14
8768.01  3.18198e-14
8770.39  3.17162e-14
8772.77  3.16057e-14
8775.14  3.14882e-14
8777.52  3.13634e-14
8779.9   3.12313e-14
8782.28  3.1092e-14
8784.66  3.09456e-14
8787.04  3.07923e-14
8789.41  3.06325e-14
8791.79  3.04667e-14
8794.17  3.02953e-14
8796.55  3.01188e-14
8798.93  2.9938e-14
8801.3   2.97535e-14
8803.68  2.95659e-14
8806.06  2.9376e-14
8808.44  2.91845e-14
8810.82  2.89919e-14
8813.19  2.8799e-14
8815.57  2.86064e-14
8817.95  2.84147e-14
8820.33  2.82244e-14
8822.71  2.8036e-14
8825.08  2.78499e-14
8827.46  2.76666e-14
8829.84  2.74863e-14
8832.22  2.73095e-14
8834.6   2.71363e-14
8836.98  2.69671e-14
8839.35  2.6802e-14
8841.73  2.66414e-14
8844.11  2.64853e-14
8846.49  2.63342e-14
8848.87  2.61881e-14
8851.24  2.60474e-14
8853.62  2.59122e-14
8856     2.57829e-14
8858.38  2.56598e-14
8860.76  2.55432e-14
8863.13  2.54333e-14
8865.51  2.53304e-14
8867.89  2.52349e-14
8870.27  2.51469e-14
8872.65  2.50668e-14
8875.02  2.49945e-14
8877.4   2.49303e-14
8879.78  2.48742e-14
8882.16  2.48261e-14
8884.54  2.47859e-14
8886.91  2.47533e-14
8889.29  2.4728e-14
8891.67  2.47094e-14
8894.05  2.46971e-14
8896.43  2.46904e-14
8898.81  2.46886e-14
8901.18  2.46908e-14
8903.56  2.46961e-14
8905.94  2.47036e-14
8908.32  2.47125e-14
8910.7   2.47216e-14
8913.07  2.47302e-14
8915.45  2.47373e-14
8917.83  2.47421e-14
8920.21  2.4744e-14
8922.59  2.47423e-14
8924.96  2.47367e-14
8927.34  2.47268e-14
8929.72  2.47125e-14
8932.1   2.46938e-14
8934.48  2.46711e-14
8936.85  2.46446e-14
8939.23  2.46149e-14
8941.61  2.45828e-14
8943.99  2.4549e-14
8946.37  2.45146e-14
8948.75  2.44805e-14
8951.12  2.44479e-14
8953.5   2.44178e-14
8955.88  2.43913e-14
8958.26  2.43695e-14
8960.64  2.43533e-14
8963.01  2.43436e-14
8965.39  2.4341e-14
8967.77  2.43461e-14
8970.15  2.43593e-14
8972.53  2.43807e-14
8974.9   2.44101e-14
8977.28  2.44474e-14
8979.66  2.44919e-14
8982.04  2.4543e-14
8984.42  2.45997e-14
8986.79  2.4661e-14
8989.17  2.47256e-14
8991.55  2.47923e-14
8993.93  2.48596e-14
8996.31  2.49262e-14
8998.69  2.49904e-14
9001.06  2.50511e-14
9003.44  2.51068e-14
9005.82  2.51564e-14
9008.2   2.51988e-14
9010.58  2.52332e-14
9012.95  2.52589e-14
9015.33  2.52754e-14
9017.71  2.52826e-14
9020.09  2.52805e-14
9022.47  2.52694e-14
9024.84  2.52496e-14
9027.22  2.52218e-14
9029.6   2.5187e-14
9031.98  2.51462e-14
9034.36  2.51004e-14
9036.73  2.5051e-14
9039.11  2.49993e-14
9041.49  2.49466e-14
9043.87  2.48942e-14
9046.25  2.48435e-14
9048.62  2.47956e-14
9051     2.47517e-14
9053.38  2.47127e-14
9055.76  2.46795e-14
9058.14  2.46528e-14
9060.52  2.46331e-14
9062.89  2.46206e-14
9065.27  2.46155e-14
9067.65  2.46178e-14
9070.03  2.46271e-14
9072.41  2.46432e-14
9074.78  2.46656e-14
9077.16  2.46935e-14
9079.54  2.47262e-14
9081.92  2.47628e-14
9084.3   2.48026e-14
9086.67  2.48446e-14
9089.05  2.48877e-14
9091.43  2.49313e-14
9093.81  2.49743e-14
9096.19  2.50159e-14
9098.56  2.50554e-14
9100.94  2.5092e-14
9103.32  2.51253e-14
9105.7   2.51547e-14
9108.08  2.51799e-14
9110.46  2.52006e-14
9112.83  2.52166e-14
9115.21  2.5228e-14
9117.59  2.52347e-14
9119.97  2.5237e-14
9122.35  2.52351e-14
9124.72  2.52294e-14
9127.1   2.52203e-14
9129.48  2.52084e-14
9131.86  2.51943e-14
9134.24  2.51785e-14
9136.61  2.51619e-14
9138.99  2.51452e-14
9141.37  2.51291e-14
9143.75  2.51144e-14
9146.13  2.5102e-14
9148.5   2.50926e-14
9150.88  2.50871e-14
9153.26  2.50861e-14
9155.64  2.50905e-14
9158.02  2.51008e-14
9160.4   2.51178e-14
9162.77  2.5142e-14
9165.15  2.51737e-14
9167.53  2.52134e-14
9169.91  2.52612e-14
9172.29  2.53173e-14
9174.66  2.53817e-14
9177.04  2.54541e-14
9179.42  2.55342e-14
9181.8   2.56216e-14
9184.18  2.57157e-14
9186.55  2.58156e-14
9188.93  2.59206e-14
9191.31  2.60295e-14
9193.69  2.61413e-14
9196.07  2.62548e-14
9198.44  2.63687e-14
9200.82  2.64816e-14
9203.2   2.65922e-14
9205.58  2.66991e-14
9207.96  2.6801e-14
9210.33  2.68968e-14
9212.71  2.69851e-14
9215.09  2.70649e-14
9217.47  2.71352e-14
9219.85  2.71952e-14
9222.23  2.72444e-14
9224.6   2.72821e-14
9226.98  2.73081e-14
9229.36  2.73223e-14
9231.74  2.73247e-14
9234.12  2.73154e-14
9236.49  2.7295e-14
9238.87  2.72639e-14
9241.25  2.72228e-14
9243.63  2.71723e-14
9246.01  2.71133e-14
9248.38  2.70467e-14
9250.76  2.69734e-14
9253.14  2.68942e-14
9255.52  2.681e-14
9257.9   2.67217e-14
9260.27  2.663e-14
9262.65  2.65356e-14
9265.03  2.6439e-14
9267.41  2.63408e-14
9269.79  2.62413e-14
9272.17  2.61408e-14
9274.54  2.60394e-14
9276.92  2.59372e-14
9279.3   2.58342e-14
9281.68  2.57303e-14
9284.06  2.56255e-14
9286.43  2.55194e-14
9288.81  2.54121e-14
9291.19  2.53033e-14
9293.57  2.5193e-14
9295.95  2.50812e-14
9298.32  2.49678e-14
9300.7   2.48531e-14
9303.08  2.47372e-14
9305.46  2.46205e-14
9307.84  2.45036e-14
9310.21  2.43869e-14
9312.59  2.42713e-14
9314.97  2.41574e-14
9317.35  2.40462e-14
9319.73  2.39387e-14
9322.11  2.38358e-14
9324.48  2.37386e-14
9326.86  2.3648e-14
9329.24  2.35652e-14
9331.62  2.3491e-14
9334     2.34262e-14
9336.37  2.33716e-14
9338.75  2.33278e-14
9341.13  2.32952e-14
9343.51  2.3274e-14
9345.89  2.32644e-14
9348.26  2.32661e-14
9350.64  2.32788e-14
9353.02  2.3302e-14
9355.4   2.33347e-14
9357.78  2.33762e-14
9360.15  2.34251e-14
9362.53  2.34802e-14
9364.91  2.35401e-14
9367.29  2.36031e-14
9369.67  2.36677e-14
9372.04  2.37322e-14
9374.42  2.37948e-14
9376.8   2.3854e-14
9379.18  2.3908e-14
9381.56  2.39555e-14
9383.94  2.3995e-14
9386.31  2.40253e-14
9388.69  2.40454e-14
9391.07  2.40544e-14
9393.45  2.40518e-14
9395.83  2.4037e-14
9398.2   2.40099e-14
9400.58  2.39707e-14
9402.96  2.39195e-14
9405.34  2.38568e-14
9407.72  2.37833e-14
9410.09  2.37e-14
9412.47  2.36076e-14
9414.85  2.35075e-14
9417.23  2.34007e-14
9419.61  2.32886e-14
9421.98  2.31723e-14
9424.36  2.30533e-14
9426.74  2.29327e-14
9429.12  2.28117e-14
9431.5   2.26916e-14
9433.88  2.25732e-14
9436.25  2.24576e-14
9438.63  2.23454e-14
9441.01  2.22374e-14
9443.39  2.21341e-14
9445.77  2.2036e-14
9448.14  2.19432e-14
9450.52  2.1856e-14
9452.9   2.17744e-14
9455.28  2.16983e-14
9457.66  2.16278e-14
9460.03  2.15626e-14
9462.41  2.15026e-14
9464.79  2.14475e-14
9467.17  2.13969e-14
9469.55  2.13508e-14
9471.92  2.13089e-14
9474.3   2.12708e-14
9476.68  2.12363e-14
9479.06  2.12053e-14
9481.44  2.11776e-14
9483.82  2.11529e-14
9486.19  2.1131e-14
9488.57  2.11119e-14
9490.95  2.10953e-14
9493.33  2.1081e-14
9495.71  2.10688e-14
9498.08  2.10584e-14
9500.46  2.10496e-14
9502.84  2.10421e-14
9505.22  2.10355e-14
9507.6   2.10294e-14
9509.97  2.10233e-14
9512.35  2.10169e-14
9514.73  2.10097e-14
9517.11  2.10011e-14
9519.49  2.09906e-14
9521.86  2.09776e-14
9524.24  2.09619e-14
9526.62  2.09427e-14
9529     2.09197e-14
9531.38  2.08926e-14
9533.75  2.08609e-14
9536.13  2.08245e-14
9538.51  2.07832e-14
9540.89  2.07368e-14
9543.27  2.06854e-14
9545.65  2.0629e-14
9548.02  2.05678e-14
9550.4   2.0502e-14
9552.78  2.0432e-14
9555.16  2.0358e-14
9557.54  2.02806e-14
9559.91  2.02001e-14
9562.29  2.01172e-14
9564.67  2.00324e-14
9567.05  1.99461e-14
9569.43  1.9859e-14
9571.8   1.97716e-14
9574.18  1.96844e-14
9576.56  1.95979e-14
9578.94  1.95125e-14
9581.32  1.94289e-14
9583.69  1.93472e-14
9586.07  1.92679e-14
9588.45  1.91913e-14
9590.83  1.91176e-14
9593.21  1.90471e-14
9595.59  1.898e-14
9597.96  1.89164e-14
9600.34  1.88564e-14
9602.72  1.88001e-14
9605.1   1.87476e-14
9607.48  1.86989e-14
9609.85  1.86539e-14
9612.23  1.86126e-14
9614.61  1.85749e-14
9616.99  1.85409e-14
9619.37  1.85102e-14
9621.74  1.84829e-14
9624.12  1.84587e-14
9626.5   1.84375e-14
9628.88  1.84191e-14
9631.26  1.84033e-14
9633.63  1.83899e-14
9636.01  1.83787e-14
9638.39  1.83693e-14
9640.77  1.83618e-14
9643.15  1.83557e-14
9645.52  1.83509e-14
9647.9   1.83472e-14
9650.28  1.83443e-14
9652.66  1.83423e-14
9655.04  1.83408e-14
9657.42  1.83397e-14
9659.79  1.8339e-14
9662.17  1.83385e-14
9664.55  1.83382e-14
9666.93  1.83381e-14
9669.31  1.8338e-14
9671.68  1.83379e-14
9674.06  1.83379e-14
9676.44  1.83379e-14
9678.82  1.83379e-14
9681.2   1.83379e-14
9683.57  1.83379e-14
9685.95  1.83379e-14
9688.33  1.83379e-14
9690.71  1.83379e-14
9693.09  1.83379e-14