#-4.5138174040094
3359  3.96623e-16
3360  3.95989e-16
3361  3.95468e-16
3362  3.95064e-16
3363  3.9478e-16
3364  3.9462e-16
3365  3.94585e-16
3366  3.9468e-16
3367  3.94906e-16
3368  3.95267e-16
3369  3.95763e-16
3370  3.96398e-16
3371  3.97172e-16
3372  3.98088e-16
3373  3.99146e-16
3374  4.00348e-16
3375  4.01694e-16
3376  4.03185e-16
3377  4.04821e-16
3378  4.06602e-16
3379  4.08528e-16
3380  4.10598e-16
3381  4.12812e-16
3382  4.15169e-16
3383  4.17667e-16
3384  4.20305e-16
3385  4.23081e-16
3386  4.25993e-16
3387  4.29039e-16
3388  4.32216e-16
3389  4.35521e-16
3390  4.38952e-16
3391  4.42505e-16
3392  4.46177e-16
3393  4.49964e-16
3394  4.53862e-16
3395  4.57867e-16
3396  4.61975e-16
3397  4.66181e-16
3398  4.70481e-16
3399  4.74869e-16
3400  4.79341e-16
3401  4.83891e-16
3402  4.88515e-16
3403  4.93205e-16
3404  4.97958e-16
3405  5.02767e-16
3406  5.07627e-16
3407  5.12531e-16
3408  5.17473e-16
3409  5.22448e-16
3410  5.27449e-16
3411  5.32471e-16
3412  5.37506e-16
3413  5.42549e-16
3414  5.47593e-16
3415  5.52633e-16
3416  5.57662e-16
3417  5.62674e-16
3418  5.67663e-16
3419  5.72622e-16
3420  5.77546e-16
3421  5.8243e-16
3422  5.87266e-16
3423  5.9205e-16
3424  5.96775e-16
3425  6.01437e-16
3426  6.0603e-16
3427  6.10549e-16
3428  6.14989e-16
3429  6.19345e-16
3430  6.23612e-16
3431  6.27786e-16
3432  6.31864e-16
3433  6.3584e-16
3434  6.3971e-16
3435  6.43473e-16
3436  6.47123e-16
3437  6.50657e-16
3438  6.54074e-16
3439  6.5737e-16
3440  6.60543e-16
3441  6.63591e-16
3442  6.66512e-16
3443  6.69303e-16
3444  6.71965e-16
3445  6.74496e-16
3446  6.76894e-16
3447  6.7916e-16
3448  6.81294e-16
3449  6.83294e-16
3450  6.85162e-16
3451  6.86897e-16
3452  6.88502e-16
3453  6.89976e-16
3454  6.91321e-16
3455  6.92538e-16
3456  6.93629e-16
3457  6.94597e-16
3458  6.95443e-16
3459  6.9617e-16
3460  6.9678e-16
3461  6.97277e-16
3462  6.97663e-16
3463  6.97942e-16
3464  6.98116e-16
3465  6.98191e-16
3466  6.98168e-16
3467  6.98053e-16
3468  6.97849e-16
3469  6.97561e-16
3470  6.97192e-16
3471  6.96747e-16
3472  6.96231e-16
3473  6.95648e-16
3474  6.95002e-16
3475  6.94299e-16
3476  6.93543e-16
3477  6.92739e-16
3478  6.91891e-16
3479  6.91005e-16
3480  6.90084e-16
3481  6.89135e-16
3482  6.88161e-16
3483  6.87167e-16
3484  6.86158e-16
3485  6.85138e-16
3486  6.84111e-16
3487  6.83083e-16
3488  6.82057e-16
3489  6.81038e-16
3490  6.80028e-16
3491  6.79034e-16
3492  6.78057e-16
3493  6.77101e-16
3494  6.76171e-16
3495  6.75268e-16
3496  6.74397e-16
3497  6.7356e-16
3498  6.7276e-16
3499  6.71998e-16
3500  6.71278e-16
3501  6.70602e-16
3502  6.6997e-16
3503  6.69386e-16
3504  6.68849e-16
3505  6.68361e-16
3506  6.67924e-16
3507  6.67537e-16
3508  6.67201e-16
3509  6.66916e-16
3510  6.66682e-16
3511  6.66499e-16
3512  6.66365e-16
3513  6.66282e-16
3514  6.66246e-16
3515  6.66257e-16
3516  6.66313e-16
3517  6.66413e-16
3518  6.66554e-16
3519  6.66735e-16
3520  6.66953e-16
3521  6.67204e-16
3522  6.67488e-16
3523  6.67799e-16
3524  6.68136e-16
3525  6.68494e-16
3526  6.6887e-16
3527  6.69261e-16
3528  6.69662e-16
3529  6.70069e-16
3530  6.70479e-16
3531  6.70886e-16
3532  6.71287e-16
3533  6.71677e-16
3534  6.72051e-16
3535  6.72405e-16
3536  6.72734e-16
3537  6.73032e-16
3538  6.73296e-16
3539  6.7352e-16
3540  6.73699e-16
3541  6.73829e-16
3542  6.73904e-16
3543  6.7392e-16
3544  6.73871e-16
3545  6.73753e-16
3546  6.73561e-16
3547  6.7329e-16
3548  6.72935e-16
3549  6.72493e-16
3550  6.71958e-16
3551  6.71325e-16
3552  6.70592e-16
3553  6.69753e-16
3554  6.68805e-16
3555  6.67744e-16
3556  6.66566e-16
3557  6.65267e-16
3558  6.63844e-16
3559  6.62295e-16
3560  6.60616e-16
3561  6.58804e-16
3562  6.56856e-16
3563  6.54772e-16
3564  6.52547e-16
3565  6.50181e-16
3566  6.47672e-16
3567  6.45018e-16
3568  6.42218e-16
3569  6.39271e-16
3570  6.36177e-16
3571  6.32936e-16
3572  6.29545e-16
3573  6.26007e-16
3574  6.22322e-16
3575  6.18489e-16
3576  6.1451e-16
3577  6.10386e-16
3578  6.06118e-16
3579  6.01707e-16
3580  5.97157e-16
3581  5.92468e-16
3582  5.87643e-16
3583  5.82685e-16
3584  5.77596e-16
3585  5.7238e-16
3586  5.67039e-16
3587  5.61578e-16
3588  5.56e-16
3589  5.50308e-16
3590  5.44508e-16
3591  5.38603e-16
3592  5.32598e-16
3593  5.26497e-16
3594  5.20305e-16
3595  5.14028e-16
3596  5.07671e-16
3597  5.01238e-16
3598  4.94735e-16
3599  4.88167e-16
3600  4.81542e-16
3601  4.74863e-16
3602  4.68137e-16
3603  4.6137e-16
3604  4.54568e-16
3605  4.47736e-16
3606  4.40882e-16
3607  4.34011e-16
3608  4.2713e-16
3609  4.20243e-16
3610  4.13359e-16
3611  4.06483e-16
3612  3.9962e-16
3613  3.92778e-16
3614  3.85963e-16
3615  3.7918e-16
3616  3.72435e-16
3617  3.65735e-16
3618  3.59085e-16
3619  3.52492e-16
3620  3.45961e-16
3621  3.39497e-16
3622  3.33106e-16
3623  3.26793e-16
3624  3.20564e-16
3625  3.14424e-16
3626  3.08378e-16
3627  3.02431e-16
3628  2.96587e-16
3629  2.90851e-16
3630  2.85227e-16
3631  2.7972e-16
3632  2.74333e-16
3633  2.6907e-16
3634  2.63936e-16
3635  2.58933e-16
3636  2.54064e-16
3637  2.49334e-16
3638  2.44744e-16
3639  2.40298e-16
3640  2.35998e-16
3641  2.31846e-16
3642  2.27844e-16
3643  2.23994e-16
3644  2.20299e-16
3645  2.16758e-16
3646  2.13375e-16
3647  2.10148e-16
3648  2.07081e-16
3649  2.04172e-16
3650  2.01424e-16
3651  1.98835e-16
3652  1.96406e-16
3653  1.94138e-16
3654  1.92029e-16
3655  1.90079e-16
3656  1.88288e-16
3657  1.86655e-16
3658  1.85178e-16
3659  1.83857e-16
3660  1.82691e-16
3661  1.81678e-16
3662  1.80816e-16
3663  1.80103e-16
3664  1.79538e-16
3665  1.79119e-16
3666  1.78844e-16
3667  1.7871e-16
3668  1.78715e-16
3669  1.78857e-16
3670  1.79133e-16
3671  1.7954e-16
3672  1.80076e-16
3673  1.80737e-16
3674  1.81522e-16
3675  1.82427e-16
3676  1.83449e-16
3677  1.84585e-16
3678  1.85831e-16
3679  1.87186e-16
3680  1.88645e-16
3681  1.90206e-16
3682  1.91865e-16
3683  1.93619e-16
3684  1.95465e-16
3685  1.974e-16
3686  1.9942e-16
3687  2.01522e-16
3688  2.03703e-16
3689  2.05959e-16
3690  2.08289e-16
3691  2.10688e-16
3692  2.13153e-16
3693  2.15682e-16
3694  2.18271e-16
3695  2.20918e-16
3696  2.23619e-16
3697  2.26371e-16
3698  2.29173e-16
3699  2.3202e-16
3700  2.34912e-16
3701  2.37844e-16
3702  2.40814e-16
3703  2.4382e-16
3704  2.4686e-16
3705  2.49931e-16
3706  2.5303e-16
3707  2.56157e-16
3708  2.59308e-16
3709  2.62482e-16
3710  2.65676e-16
3711  2.6889e-16
3712  2.7212e-16
3713  2.75366e-16
3714  2.78626e-16
3715  2.81899e-16
3716  2.85182e-16
3717  2.88474e-16
3718  2.91775e-16
3719  2.95083e-16
3720  2.98397e-16
3721  3.01716e-16
3722  3.05038e-16
3723  3.08363e-16
3724  3.11691e-16
3725  3.15019e-16
3726  3.18348e-16
3727  3.21677e-16
3728  3.25006e-16
3729  3.28333e-16
3730  3.31658e-16
3731  3.34982e-16
3732  3.38302e-16
3733  3.4162e-16
3734  3.44935e-16
3735  3.48246e-16
3736  3.51554e-16
3737  3.54858e-16
3738  3.58158e-16
3739  3.61454e-16
3740  3.64746e-16
3741  3.68034e-16
3742  3.71318e-16
3743  3.74598e-16
3744  3.77873e-16
3745  3.81145e-16
3746  3.84413e-16
3747  3.87677e-16
3748  3.90938e-16
3749  3.94194e-16
3750  3.97448e-16
3751  4.00698e-16
3752  4.03944e-16
3753  4.07188e-16
3754  4.10428e-16
3755  4.13666e-16
3756  4.16901e-16
3757  4.20133e-16
3758  4.23363e-16
3759  4.2659e-16
3760  4.29815e-16
3761  4.33037e-16
3762  4.36258e-16
3763  4.39476e-16
3764  4.42692e-16
3765  4.45907e-16
3766  4.49119e-16
3767  4.52329e-16
3768  4.55538e-16
3769  4.58744e-16
3770  4.61949e-16
3771  4.65151e-16
3772  4.68352e-16
3773  4.7155e-16
3774  4.74746e-16
3775  4.7794e-16
3776  4.81132e-16
3777  4.84321e-16
3778  4.87508e-16
3779  4.90692e-16
3780  4.93873e-16
3781  4.97051e-16
3782  5.00226e-16
3783  5.03398e-16
3784  5.06566e-16
3785  5.09731e-16
3786  5.12892e-16
3787  5.16049e-16
3788  5.19202e-16
3789  5.2235e-16
3790  5.25494e-16
3791  5.28633e-16
3792  5.31768e-16
3793  5.34897e-16
3794  5.38021e-16
3795  5.4114e-16
3796  5.44253e-16
3797  5.47361e-16
3798  5.50462e-16
3799  5.53557e-16
3800  5.56647e-16
3801  5.59729e-16
3802  5.62805e-16
3803  5.65875e-16
3804  5.68938e-16
3805  5.71993e-16
3806  5.75042e-16
3807  5.78084e-16
3808  5.81119e-16
3809  5.84146e-16
3810  5.87166e-16
3811  5.90178e-16
3812  5.93183e-16
3813  5.96181e-16
3814  5.99171e-16
3815  6.02154e-16
3816  6.05129e-16
3817  6.08096e-16
3818  6.11056e-16
3819  6.14008e-16
3820  6.16953e-16
3821  6.1989e-16
3822  6.22819e-16
3823  6.25741e-16
3824  6.28655e-16
3825  6.31562e-16
3826  6.34461e-16
3827  6.37353e-16
3828  6.40237e-16
3829  6.43113e-16
3830  6.45982e-16
3831  6.48843e-16
3832  6.51697e-16
3833  6.54542e-16
3834  6.5738e-16
3835  6.60211e-16
3836  6.63033e-16
3837  6.65847e-16
3838  6.68653e-16
3839  6.71451e-16
3840  6.7424e-16
3841  6.77021e-16
3842  6.79793e-16
3843  6.82555e-16
3844  6.85308e-16
3845  6.88052e-16
3846  6.90785e-16
3847  6.93508e-16
3848  6.96221e-16
3849  6.98922e-16
3850  7.01611e-16
3851  7.04288e-16
3852  7.06953e-16
3853  7.09604e-16
3854  7.12242e-16
3855  7.14865e-16
3856  7.17473e-16
3857  7.20066e-16
3858  7.22642e-16
3859  7.252e-16
3860  7.27741e-16
3861  7.30262e-16
3862  7.32764e-16
3863  7.35245e-16
3864  7.37704e-16
3865  7.40141e-16
3866  7.42555e-16
3867  7.44943e-16
3868  7.47306e-16
3869  7.49643e-16
3870  7.51951e-16
3871  7.54231e-16
3872  7.5648e-16
3873  7.58698e-16
3874  7.60883e-16
3875  7.63035e-16
3876  7.65152e-16
3877  7.67233e-16
3878  7.69277e-16
3879  7.71282e-16
3880  7.73247e-16
3881  7.75171e-16
3882  7.77053e-16
3883  7.78892e-16
3884  7.80686e-16
3885  7.82434e-16
3886  7.84135e-16
3887  7.85788e-16
3888  7.87391e-16
3889  7.88944e-16
3890  7.90446e-16
3891  7.91895e-16
3892  7.93291e-16
3893  7.94632e-16
3894  7.95917e-16
3895  7.97147e-16
3896  7.98319e-16
3897  7.99434e-16
3898  8.0049e-16
3899  8.01487e-16
3900  8.02424e-16
3901  8.033e-16
3902  8.04116e-16
3903  8.04871e-16
3904  8.05564e-16
3905  8.06196e-16
3906  8.06765e-16
3907  8.07273e-16
3908  8.07719e-16
3909  8.08103e-16
3910  8.08425e-16
3911  8.08686e-16
3912  8.08886e-16
3913  8.09025e-16
3914  8.09104e-16
3915  8.09124e-16
3916  8.09084e-16
3917  8.08987e-16
3918  8.08833e-16
3919  8.08623e-16
3920  8.08357e-16
3921  8.08038e-16
3922  8.07666e-16
3923  8.07243e-16
3924  8.0677e-16
3925  8.06249e-16
3926  8.05681e-16
3927  8.05068e-16
3928  8.04411e-16
3929  8.03713e-16
3930  8.02976e-16
3931  8.02201e-16
3932  8.0139e-16
3933  8.00547e-16
3934  7.99671e-16
3935  7.98767e-16
3936  7.97836e-16
3937  7.96881e-16
3938  7.95904e-16
3939  7.94907e-16
3940  7.93893e-16
3941  7.92864e-16
3942  7.91824e-16
3943  7.90774e-16
3944  7.89717e-16
3945  7.88655e-16
3946  7.87592e-16
3947  7.8653e-16
3948  7.85471e-16
3949  7.84418e-16
3950  7.83374e-16
3951  7.82341e-16
3952  7.81322e-16
3953  7.80319e-16
3954  7.79335e-16
3955  7.78372e-16
3956  7.77432e-16
3957  7.76519e-16
3958  7.75634e-16
3959  7.74779e-16
3960  7.73957e-16
3961  7.73169e-16
3962  7.72419e-16
3963  7.71707e-16
3964  7.71036e-16
3965  7.70408e-16
3966  7.69823e-16
3967  7.69285e-16
3968  7.68793e-16
3969  7.68351e-16
3970  7.67958e-16
3971  7.67617e-16
3972  7.67328e-16
3973  7.67092e-16
3974  7.6691e-16
3975  7.66784e-16
3976  7.66712e-16
3977  7.66697e-16
3978  7.66739e-16
3979  7.66836e-16
3980  7.66991e-16
3981  7.67203e-16
3982  7.67471e-16
3983  7.67795e-16
3984  7.68176e-16
3985  7.68612e-16
3986  7.69104e-16
3987  7.69649e-16
3988  7.70248e-16
3989  7.70899e-16
3990  7.71601e-16
3991  7.72354e-16
3992  7.73155e-16
3993  7.74003e-16
3994  7.74897e-16
3995  7.75835e-16
3996  7.76815e-16
3997  7.77835e-16
3998  7.78893e-16
3999  7.79988e-16
4000  7.81117e-16
4001  7.82278e-16
4002  7.83469e-16
4003  7.84686e-16
4004  7.85928e-16
4005  7.87193e-16
4006  7.88477e-16
4007  7.89778e-16
4008  7.91093e-16
4009  7.92419e-16
4010  7.93755e-16
4011  7.95096e-16
4012  7.9644e-16
4013  7.97784e-16
4014  7.99125e-16
4015  8.00461e-16
4016  8.01789e-16
4017  8.03105e-16
4018  8.04406e-16
4019  8.0569e-16
4020  8.06955e-16
4021  8.08196e-16
4022  8.09412e-16
4023  8.10599e-16
4024  8.11754e-16
4025  8.12876e-16
4026  8.13962e-16
4027  8.15008e-16
4028  8.16012e-16
4029  8.16972e-16
4030  8.17886e-16
4031  8.1875e-16
4032  8.19564e-16
4033  8.20324e-16
4034  8.21029e-16
4035  8.21676e-16
4036  8.22265e-16
4037  8.22792e-16
4038  8.23256e-16
4039  8.23656e-16
4040  8.23991e-16
4041  8.24258e-16
4042  8.24456e-16
4043  8.24585e-16
4044  8.24644e-16
4045  8.24631e-16
4046  8.24545e-16
4047  8.24386e-16
4048  8.24154e-16
4049  8.23847e-16
4050  8.23466e-16
4051  8.2301e-16
4052  8.22479e-16
4053  8.21874e-16
4054  8.21194e-16
4055  8.20439e-16
4056  8.1961e-16
4057  8.18708e-16
4058  8.17732e-16
4059  8.16684e-16
4060  8.15565e-16
4061  8.14375e-16
4062  8.13115e-16
4063  8.11786e-16
4064  8.1039e-16
4065  8.08928e-16
4066  8.074e-16
4067  8.0581e-16
4068  8.04157e-16
4069  8.02444e-16
4070  8.00673e-16
4071  7.98844e-16
4072  7.96961e-16
4073  7.95024e-16
4074  7.93036e-16
4075  7.90999e-16
4076  7.88914e-16
4077  7.86784e-16
4078  7.84611e-16
4079  7.82397e-16
4080  7.80143e-16
4081  7.77853e-16
4082  7.75529e-16
4083  7.73172e-16
4084  7.70784e-16
4085  7.68369e-16
4086  7.65928e-16
4087  7.63464e-16
4088  7.60978e-16
4089  7.58473e-16
4090  7.5595e-16
4091  7.53413e-16
4092  7.50863e-16
4093  7.48302e-16
4094  7.45733e-16
4095  7.43156e-16
4096  7.40575e-16
4097  7.37991e-16
4098  7.35406e-16
4099  7.32821e-16
4100  7.30239e-16
4101  7.27661e-16
4102  7.25088e-16
4103  7.22523e-16
4104  7.19967e-16
4105  7.1742e-16
4106  7.14885e-16
4107  7.12362e-16
4108  7.09854e-16
4109  7.0736e-16
4110  7.04882e-16
4111  7.0242e-16
4112  6.99977e-16
4113  6.97551e-16
4114  6.95145e-16
4115  6.92758e-16
4116  6.90392e-16
4117  6.88046e-16
4118  6.85721e-16
4119  6.83417e-16
4120  6.81134e-16
4121  6.78873e-16
4122  6.76633e-16
4123  6.74414e-16
4124  6.72216e-16
4125  6.7004e-16
4126  6.67883e-16
4127  6.65747e-16
4128  6.63631e-16
4129  6.61534e-16
4130  6.59456e-16
4131  6.57396e-16
4132  6.55352e-16
4133  6.53326e-16
4134  6.51315e-16
4135  6.49318e-16
4136  6.47336e-16
4137  6.45366e-16
4138  6.43409e-16
4139  6.41462e-16
4140  6.39524e-16
4141  6.37595e-16
4142  6.35674e-16
4143  6.33759e-16
4144  6.31848e-16
4145  6.29941e-16
4146  6.28037e-16
4147  6.26134e-16
4148  6.24231e-16
4149  6.22327e-16
4150  6.20419e-16
4151  6.18509e-16
4152  6.16592e-16
4153  6.1467e-16
4154  6.1274e-16
4155  6.10801e-16
4156  6.08852e-16
4157  6.06892e-16
4158  6.0492e-16
4159  6.02934e-16
4160  6.00933e-16
4161  5.98918e-16
4162  5.96885e-16
4163  5.94836e-16
4164  5.92767e-16
4165  5.9068e-16
4166  5.88573e-16
4167  5.86445e-16
4168  5.84296e-16
4169  5.82125e-16
4170  5.79931e-16
4171  5.77714e-16
4172  5.75474e-16
4173  5.73211e-16
4174  5.70923e-16
4175  5.68611e-16
4176  5.66275e-16
4177  5.63915e-16
4178  5.6153e-16
4179  5.59122e-16
4180  5.56689e-16
4181  5.54232e-16
4182  5.51753e-16
4183  5.4925e-16
4184  5.46725e-16
4185  5.44179e-16
4186  5.41611e-16
4187  5.39023e-16
4188  5.36416e-16
4189  5.3379e-16
4190  5.31147e-16
4191  5.28487e-16
4192  5.25812e-16
4193  5.23124e-16
4194  5.20422e-16
4195  5.17709e-16
4196  5.14987e-16
4197  5.12256e-16
4198  5.09519e-16
4199  5.06776e-16
4200  5.04031e-16
4201  5.01284e-16
4202  4.98537e-16
4203  4.95793e-16
4204  4.93053e-16
4205  4.90319e-16
4206  4.87593e-16
4207  4.84878e-16
4208  4.82176e-16
4209  4.79489e-16
4210  4.76818e-16
4211  4.74167e-16
4212  4.71538e-16
4213  4.68932e-16
4214  4.66352e-16
4215  4.63802e-16
4216  4.61282e-16
4217  4.58795e-16
4218  4.56344e-16
4219  4.53931e-16
4220  4.51558e-16
4221  4.49228e-16
4222  4.46943e-16
4223  4.44706e-16
4224  4.42518e-16
4225  4.40382e-16
4226  4.38301e-16
4227  4.36276e-16
4228  4.34309e-16
4229  4.32404e-16
4230  4.30561e-16
4231  4.28784e-16
4232  4.27073e-16
4233  4.25431e-16
4234  4.2386e-16
4235  4.22362e-16
4236  4.20938e-16
4237  4.1959e-16
4238  4.1832e-16
4239  4.17128e-16
4240  4.16018e-16
4241  4.14989e-16
4242  4.14044e-16
4243  4.13183e-16
4244  4.12407e-16
4245  4.11718e-16
4246  4.11116e-16
4247  4.10602e-16
4248  4.10176e-16
4249  4.0984e-16
4250  4.09594e-16
4251  4.09438e-16
4252  4.09372e-16
4253  4.09397e-16
4254  4.09512e-16
4255  4.09718e-16
4256  4.10013e-16
4257  4.10399e-16
4258  4.10873e-16
4259  4.11436e-16
4260  4.12087e-16
4261  4.12826e-16
4262  4.1365e-16
4263  4.1456e-16
4264  4.15554e-16
4265  4.1663e-16
4266  4.17788e-16
4267  4.19025e-16
4268  4.20341e-16
4269  4.21733e-16
4270  4.23199e-16
4271  4.24738e-16
4272  4.26348e-16
4273  4.28026e-16
4274  4.2977e-16
4275  4.31578e-16
4276  4.33447e-16
4277  4.35376e-16
4278  4.3736e-16
4279  4.39398e-16
4280  4.41487e-16
4281  4.43624e-16
4282  4.45805e-16
4283  4.48029e-16
4284  4.50293e-16
4285  4.52592e-16
4286  4.54924e-16
4287  4.57286e-16
4288  4.59674e-16
4289  4.62086e-16
4290  4.64518e-16
4291  4.66966e-16
4292  4.69428e-16
4293  4.71901e-16
4294  4.7438e-16
4295  4.76863e-16
4296  4.79346e-16
4297  4.81826e-16
4298  4.843e-16
4299  4.86764e-16
4300  4.89215e-16
4301  4.91651e-16
4302  4.94067e-16
4303  4.96462e-16
4304  4.9883e-16
4305  5.01171e-16
4306  5.03481e-16
4307  5.05756e-16
4308  5.07995e-16
4309  5.10194e-16
4310  5.1235e-16
4311  5.14462e-16
4312  5.16527e-16
4313  5.18543e-16
4314  5.20506e-16
4315  5.22416e-16
4316  5.24269e-16
4317  5.26065e-16
4318  5.27801e-16
4319  5.29475e-16
4320  5.31087e-16
4321  5.32634e-16
4322  5.34115e-16
4323  5.35529e-16
4324  5.36875e-16
4325  5.38152e-16
4326  5.3936e-16
4327  5.40497e-16
4328  5.41563e-16
4329  5.42557e-16
4330  5.43481e-16
4331  5.44332e-16
4332  5.45112e-16
4333  5.45821e-16
4334  5.46458e-16
4335  5.47025e-16
4336  5.47522e-16
4337  5.47949e-16
4338  5.48308e-16
4339  5.48599e-16
4340  5.48824e-16
4341  5.48984e-16
4342  5.4908e-16
4343  5.49113e-16
4344  5.49086e-16
4345  5.49e-16
4346  5.48856e-16
4347  5.48658e-16
4348  5.48406e-16
4349  5.48103e-16
4350  5.47751e-16
4351  5.47352e-16
4352  5.46909e-16
4353  5.46424e-16
4354  5.459e-16
4355  5.45339e-16
4356  5.44744e-16
4357  5.44117e-16
4358  5.43462e-16
4359  5.42781e-16
4360  5.42077e-16
4361  5.41352e-16
4362  5.40611e-16
4363  5.39854e-16
4364  5.39087e-16
4365  5.3831e-16
4366  5.37528e-16
4367  5.36743e-16
4368  5.35957e-16
4369  5.35175e-16
4370  5.34398e-16
4371  5.3363e-16
4372  5.32873e-16
4373  5.32129e-16
4374  5.31403e-16
4375  5.30695e-16
4376  5.30009e-16
4377  5.29348e-16
4378  5.28712e-16
4379  5.28106e-16
4380  5.27531e-16
4381  5.26989e-16
4382  5.26483e-16
4383  5.26014e-16
4384  5.25584e-16
4385  5.25195e-16
4386  5.24848e-16
4387  5.24546e-16
4388  5.2429e-16
4389  5.2408e-16
4390  5.23919e-16
4391  5.23807e-16
4392  5.23745e-16
4393  5.23735e-16
4394  5.23776e-16
4395  5.2387e-16
4396  5.24017e-16
4397  5.24217e-16
4398  5.24471e-16
4399  5.24778e-16
4400  5.2514e-16
4401  5.25555e-16
4402  5.26023e-16
4403  5.26544e-16
4404  5.27118e-16
4405  5.27744e-16
4406  5.28421e-16
4407  5.29149e-16
4408  5.29926e-16
4409  5.30751e-16
4410  5.31624e-16
4411  5.32543e-16
4412  5.33507e-16
4413  5.34514e-16
4414  5.35563e-16
4415  5.36652e-16
4416  5.3778e-16
4417  5.38945e-16
4418  5.40145e-16
4419  5.41378e-16
4420  5.42642e-16
4421  5.43936e-16
4422  5.45257e-16
4423  5.46603e-16
4424  5.47972e-16
4425  5.49362e-16
4426  5.50771e-16
4427  5.52196e-16
4428  5.53636e-16
4429  5.55087e-16
4430  5.56549e-16
4431  5.58018e-16
4432  5.59492e-16
4433  5.6097e-16
4434  5.62448e-16
4435  5.63925e-16
4436  5.65399e-16
4437  5.66867e-16
4438  5.68327e-16
4439  5.69778e-16
4440  5.71217e-16
4441  5.72641e-16
4442  5.7405e-16
4443  5.75442e-16
4444  5.76813e-16
4445  5.78164e-16
4446  5.79492e-16
4447  5.80795e-16
4448  5.82071e-16
4449  5.8332e-16
4450  5.8454e-16
4451  5.8573e-16
4452  5.86888e-16
4453  5.88013e-16
4454  5.89104e-16
4455  5.9016e-16
4456  5.9118e-16
4457  5.92163e-16
4458  5.93109e-16
4459  5.94017e-16
4460  5.94886e-16
4461  5.95715e-16
4462  5.96505e-16
4463  5.97256e-16
4464  5.97965e-16
4465  5.98635e-16
4466  5.99264e-16
4467  5.99853e-16
4468  6.00401e-16
4469  6.0091e-16
4470  6.01378e-16
4471  6.01807e-16
4472  6.02197e-16
4473  6.02548e-16
4474  6.02861e-16
4475  6.03136e-16
4476  6.03375e-16
4477  6.03577e-16
4478  6.03744e-16
4479  6.03877e-16
4480  6.03976e-16
4481  6.04042e-16
4482  6.04076e-16
4483  6.04079e-16
4484  6.04053e-16
4485  6.03998e-16
4486  6.03916e-16
4487  6.03807e-16
4488  6.03672e-16
4489  6.03514e-16
4490  6.03332e-16
4491  6.03128e-16
4492  6.02904e-16
4493  6.0266e-16
4494  6.02398e-16
4495  6.02118e-16
4496  6.01823e-16
4497  6.01512e-16
4498  6.01188e-16
4499  6.00851e-16
4500  6.00502e-16
4501  6.00143e-16
4502  5.99774e-16
4503  5.99396e-16
4504  5.99011e-16
4505  5.98619e-16
4506  5.98221e-16
4507  5.97818e-16
4508  5.97411e-16
4509  5.97001e-16
4510  5.96588e-16
4511  5.96172e-16
4512  5.95755e-16
4513  5.95337e-16
4514  5.94919e-16
4515  5.94501e-16
4516  5.94083e-16
4517  5.93666e-16
4518  5.93249e-16
4519  5.92834e-16
4520  5.92421e-16
4521  5.92009e-16
4522  5.91598e-16
4523  5.91189e-16
4524  5.90782e-16
4525  5.90376e-16
4526  5.89972e-16
4527  5.89569e-16
4528  5.89166e-16
4529  5.88765e-16
4530  5.88363e-16
4531  5.87962e-16
4532  5.8756e-16
4533  5.87157e-16
4534  5.86753e-16
4535  5.86347e-16
4536  5.85939e-16
4537  5.85527e-16
4538  5.85112e-16
4539  5.84692e-16
4540  5.84268e-16
4541  5.83837e-16
4542  5.834e-16
4543  5.82957e-16
4544  5.82505e-16
4545  5.82044e-16
4546  5.81575e-16
4547  5.81095e-16
4548  5.80604e-16
4549  5.80101e-16
4550  5.79586e-16
4551  5.79058e-16
4552  5.78516e-16
4553  5.77959e-16
4554  5.77387e-16
4555  5.76799e-16
4556  5.76193e-16
4557  5.75571e-16
4558  5.7493e-16
4559  5.7427e-16
4560  5.73591e-16
4561  5.72893e-16
4562  5.72173e-16
4563  5.71433e-16
4564  5.70671e-16
4565  5.69887e-16
4566  5.69081e-16
4567  5.68253e-16
4568  5.67401e-16
4569  5.66526e-16
4570  5.65628e-16
4571  5.64706e-16
4572  5.6376e-16
4573  5.6279e-16
4574  5.61797e-16
4575  5.60779e-16
4576  5.59737e-16
4577  5.58671e-16
4578  5.57582e-16
4579  5.56468e-16
4580  5.55332e-16
4581  5.54172e-16
4582  5.5299e-16
4583  5.51784e-16
4584  5.50557e-16
4585  5.49308e-16
4586  5.48038e-16
4587  5.46747e-16
4588  5.45436e-16
4589  5.44106e-16
4590  5.42756e-16
4591  5.41388e-16
4592  5.40003e-16
4593  5.38601e-16
4594  5.37183e-16
4595  5.3575e-16
4596  5.34302e-16
4597  5.3284e-16
4598  5.31366e-16
4599  5.2988e-16
4600  5.28384e-16
4601  5.26877e-16
4602  5.25361e-16
4603  5.23837e-16
4604  5.22307e-16
4605  5.2077e-16
4606  5.19228e-16
4607  5.17683e-16
4608  5.16134e-16
4609  5.14583e-16
4610  5.13032e-16
4611  5.1148e-16
4612  5.0993e-16
4613  5.08382e-16
4614  5.06837e-16
4615  5.05297e-16
4616  5.03761e-16
4617  5.02232e-16
4618  5.0071e-16
4619  4.99197e-16
4620  4.97692e-16
4621  4.96198e-16
4622  4.94714e-16
4623  4.93243e-16
4624  4.91784e-16
4625  4.90339e-16
4626  4.88908e-16
4627  4.87493e-16
4628  4.86094e-16
4629  4.84712e-16
4630  4.83348e-16
4631  4.82002e-16
4632  4.80675e-16
4633  4.79368e-16
4634  4.78081e-16
4635  4.76815e-16
4636  4.75571e-16
4637  4.74349e-16
4638  4.7315e-16
4639  4.71974e-16
4640  4.70822e-16
4641  4.69693e-16
4642  4.6859e-16
4643  4.67511e-16
4644  4.66457e-16
4645  4.65429e-16
4646  4.64426e-16
4647  4.6345e-16
4648  4.625e-16
4649  4.61577e-16
4650  4.6068e-16
4651  4.5981e-16
4652  4.58967e-16
4653  4.58151e-16
4654  4.57363e-16
4655  4.56601e-16
4656  4.55867e-16
4657  4.5516e-16
4658  4.5448e-16
4659  4.53827e-16
4660  4.53201e-16
4661  4.52602e-16
4662  4.5203e-16
4663  4.51484e-16
4664  4.50965e-16
4665  4.50473e-16
4666  4.50006e-16
4667  4.49566e-16
4668  4.4915e-16
4669  4.48761e-16
4670  4.48396e-16
4671  4.48056e-16
4672  4.47741e-16
4673  4.4745e-16
4674  4.47182e-16
4675  4.46938e-16
4676  4.46717e-16
4677  4.46519e-16
4678  4.46343e-16
4679  4.46189e-16
4680  4.46056e-16
4681  4.45944e-16
4682  4.45853e-16
4683  4.45781e-16
4684  4.45729e-16
4685  4.45696e-16
4686  4.45681e-16
4687  4.45685e-16
4688  4.45705e-16
4689  4.45743e-16
4690  4.45797e-16
4691  4.45866e-16
4692  4.4595e-16
4693  4.46049e-16
4694  4.46162e-16
4695  4.46288e-16
4696  4.46426e-16
4697  4.46576e-16
4698  4.46738e-16
4699  4.4691e-16
4700  4.47092e-16
4701  4.47283e-16
4702  4.47483e-16
4703  4.4769e-16
4704  4.47904e-16
4705  4.48124e-16
4706  4.4835e-16
4707  4.48581e-16
4708  4.48815e-16
4709  4.49053e-16
4710  4.49293e-16
4711  4.49534e-16
4712  4.49777e-16
4713  4.50019e-16
4714  4.5026e-16
4715  4.50499e-16
4716  4.50736e-16
4717  4.5097e-16
4718  4.51199e-16
4719  4.51423e-16
4720  4.51641e-16
4721  4.51852e-16
4722  4.52056e-16
4723  4.52251e-16
4724  4.52436e-16
4725  4.52612e-16
4726  4.52776e-16
4727  4.52928e-16
4728  4.53067e-16
4729  4.53192e-16
4730  4.53303e-16
4731  4.53399e-16
4732  4.53478e-16
4733  4.5354e-16
4734  4.53585e-16
4735  4.5361e-16
4736  4.53617e-16
4737  4.53603e-16
4738  4.53568e-16
4739  4.53512e-16
4740  4.53433e-16
4741  4.53331e-16
4742  4.53205e-16
4743  4.53055e-16
4744  4.5288e-16
4745  4.52679e-16
4746  4.52451e-16
4747  4.52198e-16
4748  4.51916e-16
4749  4.51607e-16
4750  4.5127e-16
4751  4.50904e-16
4752  4.50508e-16
4753  4.50084e-16
4754  4.49629e-16
4755  4.49144e-16
4756  4.48629e-16
4757  4.48084e-16
4758  4.47507e-16
4759  4.469e-16
4760  4.46262e-16
4761  4.45592e-16
4762  4.44892e-16
4763  4.4416e-16
4764  4.43398e-16
4765  4.42605e-16
4766  4.4178e-16
4767  4.40926e-16
4768  4.40041e-16
4769  4.39126e-16
4770  4.38182e-16
4771  4.37208e-16
4772  4.36205e-16
4773  4.35174e-16
4774  4.34115e-16
4775  4.33029e-16
4776  4.31916e-16
4777  4.30777e-16
4778  4.29613e-16
4779  4.28424e-16
4780  4.27211e-16
4781  4.25975e-16
4782  4.24716e-16
4783  4.23436e-16
4784  4.22136e-16
4785  4.20816e-16
4786  4.19478e-16
4787  4.18121e-16
4788  4.16749e-16
4789  4.15361e-16
4790  4.13958e-16
4791  4.12543e-16
4792  4.11115e-16
4793  4.09676e-16
4794  4.08228e-16
4795  4.06771e-16
4796  4.05307e-16
4797  4.03836e-16
4798  4.02361e-16
4799  4.00883e-16
4800  3.99402e-16
4801  3.9792e-16
4802  3.96438e-16
4803  3.94958e-16
4804  3.93481e-16
4805  3.92008e-16
4806  3.90541e-16
4807  3.8908e-16
4808  3.87628e-16
4809  3.86184e-16
4810  3.84751e-16
4811  3.8333e-16
4812  3.81922e-16
4813  3.80528e-16
4814  3.79149e-16
4815  3.77787e-16
4816  3.76442e-16
4817  3.75117e-16
4818  3.73811e-16
4819  3.72526e-16
4820  3.71262e-16
4821  3.70022e-16
4822  3.68805e-16
4823  3.67613e-16
4824  3.66447e-16
4825  3.65307e-16
4826  3.64195e-16
4827  3.6311e-16
4828  3.62054e-16
4829  3.61028e-16
4830  3.60031e-16
4831  3.59065e-16
4832  3.5813e-16
4833  3.57227e-16
4834  3.56356e-16
4835  3.55517e-16
4836  3.54711e-16
4837  3.53938e-16
4838  3.53198e-16
4839  3.52492e-16
4840  3.5182e-16
4841  3.51181e-16
4842  3.50576e-16
4843  3.50005e-16
4844  3.49467e-16
4845  3.48963e-16
4846  3.48493e-16
4847  3.48056e-16
4848  3.47652e-16
4849  3.47281e-16
4850  3.46943e-16
4851  3.46637e-16
4852  3.46362e-16
4853  3.46119e-16
4854  3.45907e-16
4855  3.45725e-16
4856  3.45573e-16
4857  3.4545e-16
4858  3.45355e-16
4859  3.45289e-16
4860  3.45249e-16
4861  3.45237e-16
4862  3.4525e-16
4863  3.45288e-16
4864  3.4535e-16
4865  3.45436e-16
4866  3.45545e-16
4867  3.45675e-16
4868  3.45826e-16
4869  3.45998e-16
4870  3.46189e-16
4871  3.46398e-16
4872  3.46624e-16
4873  3.46867e-16
4874  3.47126e-16
4875  3.47399e-16
4876  3.47687e-16
4877  3.47987e-16
4878  3.48299e-16
4879  3.48623e-16
4880  3.48957e-16
4881  3.493e-16
4882  3.49652e-16
4883  3.50012e-16
4884  3.50379e-16
4885  3.50752e-16
4886  3.5113e-16
4887  3.51513e-16
4888  3.519e-16
4889  3.5229e-16
4890  3.52682e-16
4891  3.53076e-16
4892  3.53472e-16
4893  3.53867e-16
4894  3.54263e-16
4895  3.54658e-16
4896  3.55052e-16
4897  3.55445e-16
4898  3.55835e-16
4899  3.56223e-16
4900  3.56608e-16
4901  3.56989e-16
4902  3.57367e-16
4903  3.57742e-16
4904  3.58112e-16
4905  3.58477e-16
4906  3.58839e-16
4907  3.59195e-16
4908  3.59547e-16
4909  3.59894e-16
4910  3.60236e-16
4911  3.60573e-16
4912  3.60905e-16
4913  3.61233e-16
4914  3.61555e-16
4915  3.61873e-16
4916  3.62187e-16
4917  3.62496e-16
4918  3.62802e-16
4919  3.63104e-16
4920  3.63402e-16
4921  3.63697e-16
4922  3.63989e-16
4923  3.64278e-16
4924  3.64566e-16
4925  3.64851e-16
4926  3.65136e-16
4927  3.65419e-16
4928  3.65702e-16
4929  3.65985e-16
4930  3.66269e-16
4931  3.66554e-16
4932  3.6684e-16
4933  3.67129e-16
4934  3.6742e-16
4935  3.67714e-16
4936  3.68012e-16
4937  3.68314e-16
4938  3.68621e-16
4939  3.68934e-16
4940  3.69253e-16
4941  3.69578e-16
4942  3.6991e-16
4943  3.7025e-16
4944  3.70598e-16
4945  3.70955e-16
4946  3.71321e-16
4947  3.71698e-16
4948  3.72084e-16
4949  3.72482e-16
4950  3.7289e-16
4951  3.73311e-16
4952  3.73744e-16
4953  3.74189e-16
4954  3.74648e-16
4955  3.75121e-16
4956  3.75607e-16
4957  3.76108e-16
4958  3.76623e-16
4959  3.77154e-16
4960  3.77699e-16
4961  3.78261e-16
4962  3.78838e-16
4963  3.79431e-16
4964  3.8004e-16
4965  3.80666e-16
4966  3.81308e-16
4967  3.81967e-16
4968  3.82642e-16
4969  3.83335e-16
4970  3.84044e-16
4971  3.8477e-16
4972  3.85512e-16
4973  3.86271e-16
4974  3.87047e-16
4975  3.87839e-16
4976  3.88648e-16
4977  3.89473e-16
4978  3.90313e-16
4979  3.91169e-16
4980  3.92041e-16
4981  3.92927e-16
4982  3.93829e-16
4983  3.94744e-16
4984  3.95674e-16
4985  3.96617e-16
4986  3.97574e-16
4987  3.98543e-16
4988  3.99524e-16
4989  4.00517e-16
4990  4.01522e-16
4991  4.02536e-16
4992  4.03561e-16
4993  4.04596e-16
4994  4.05639e-16
4995  4.0669e-16
4996  4.07749e-16
4997  4.08815e-16
4998  4.09887e-16
4999  4.10965e-16
5000  4.12047e-16
5001  4.13134e-16
5002  4.14223e-16
5003  4.15316e-16
5004  4.16411e-16
5005  4.17506e-16
5006  4.18602e-16
5007  4.19698e-16
5008  4.20793e-16
5009  4.21886e-16
5010  4.22976e-16
5011  4.24062e-16
5012  4.25145e-16
5013  4.26223e-16
5014  4.27295e-16
5015  4.2836e-16
5016  4.29419e-16
5017  4.3047e-16
5018  4.31512e-16
5019  4.32544e-16
5020  4.33567e-16
5021  4.34579e-16
5022  4.3558e-16
5023  4.36569e-16
5024  4.37545e-16
5025  4.38508e-16
5026  4.39457e-16
5027  4.40391e-16
5028  4.41311e-16
5029  4.42215e-16
5030  4.43102e-16
5031  4.43974e-16
5032  4.44828e-16
5033  4.45665e-16
5034  4.46484e-16
5035  4.47285e-16
5036  4.48067e-16
5037  4.48829e-16
5038  4.49573e-16
5039  4.50297e-16
5040  4.51001e-16
5041  4.51685e-16
5042  4.52349e-16
5043  4.52992e-16
5044  4.53615e-16
5045  4.54217e-16
5046  4.54798e-16
5047  4.55358e-16
5048  4.55898e-16
5049  4.56416e-16
5050  4.56914e-16
5051  4.57391e-16
5052  4.57847e-16
5053  4.58283e-16
5054  4.58698e-16
5055  4.59093e-16
5056  4.59467e-16
5057  4.59822e-16
5058  4.60158e-16
5059  4.60474e-16
5060  4.60771e-16
5061  4.6105e-16
5062  4.6131e-16
5063  4.61552e-16
5064  4.61777e-16
5065  4.61984e-16
5066  4.62175e-16
5067  4.62349e-16
5068  4.62508e-16
5069  4.62651e-16
5070  4.62779e-16
5071  4.62893e-16
5072  4.62993e-16
5073  4.6308e-16
5074  4.63154e-16
5075  4.63216e-16
5076  4.63266e-16
5077  4.63305e-16
5078  4.63333e-16
5079  4.63351e-16
5080  4.63359e-16
5081  4.63359e-16
5082  4.6335e-16
5083  4.63333e-16
5084  4.63309e-16
5085  4.63277e-16
5086  4.6324e-16
5087  4.63197e-16
5088  4.63148e-16
5089  4.63095e-16
5090  4.63037e-16
5091  4.62975e-16
5092  4.6291e-16
5093  4.62842e-16
5094  4.62771e-16
5095  4.62698e-16
5096  4.62623e-16
5097  4.62546e-16
5098  4.62468e-16
5099  4.62389e-16
5100  4.6231e-16
5101  4.6223e-16
5102  4.62149e-16
5103  4.62069e-16
5104  4.61988e-16
5105  4.61908e-16
5106  4.61828e-16
5107  4.61749e-16
5108  4.61669e-16
5109  4.61591e-16
5110  4.61512e-16
5111  4.61434e-16
5112  4.61356e-16
5113  4.61278e-16
5114  4.612e-16
5115  4.61121e-16
5116  4.61043e-16
5117  4.60963e-16
5118  4.60883e-16
5119  4.60801e-16
5120  4.60717e-16
5121  4.60632e-16
5122  4.60544e-16
5123  4.60453e-16
5124  4.6036e-16
5125  4.60262e-16
5126  4.6016e-16
5127  4.60054e-16
5128  4.59942e-16
5129  4.59825e-16
5130  4.59701e-16
5131  4.59571e-16
5132  4.59432e-16
5133  4.59286e-16
5134  4.59131e-16
5135  4.58966e-16
5136  4.58792e-16
5137  4.58606e-16
5138  4.58409e-16
5139  4.582e-16
5140  4.57979e-16
5141  4.57744e-16
5142  4.57494e-16
5143  4.5723e-16
5144  4.56951e-16
5145  4.56655e-16
5146  4.56342e-16
5147  4.56012e-16
5148  4.55664e-16
5149  4.55297e-16
5150  4.54911e-16
5151  4.54505e-16
5152  4.54078e-16
5153  4.5363e-16
5154  4.53161e-16
5155  4.52669e-16
5156  4.52155e-16
5157  4.51617e-16
5158  4.51057e-16
5159  4.50472e-16
5160  4.49862e-16
5161  4.49228e-16
5162  4.4857e-16
5163  4.47885e-16
5164  4.47175e-16
5165  4.4644e-16
5166  4.45678e-16
5167  4.44891e-16
5168  4.44077e-16
5169  4.43237e-16
5170  4.42371e-16
5171  4.41479e-16
5172  4.4056e-16
5173  4.39615e-16
5174  4.38645e-16
5175  4.37649e-16
5176  4.36627e-16
5177  4.3558e-16
5178  4.34508e-16
5179  4.33412e-16
5180  4.32292e-16
5181  4.31148e-16
5182  4.2998e-16
5183  4.28791e-16
5184  4.27579e-16
5185  4.26345e-16
5186  4.25091e-16
5187  4.23816e-16
5188  4.22523e-16
5189  4.2121e-16
5190  4.1988e-16
5191  4.18532e-16
5192  4.17169e-16
5193  4.1579e-16
5194  4.14397e-16
5195  4.1299e-16
5196  4.11571e-16
5197  4.10141e-16
5198  4.087e-16
5199  4.0725e-16
5200  4.05792e-16
5201  4.04327e-16
5202  4.02855e-16
5203  4.01379e-16
5204  3.99899e-16
5205  3.98417e-16
5206  3.96933e-16
5207  3.95449e-16
5208  3.93966e-16
5209  3.92485e-16
5210  3.91008e-16
5211  3.89535e-16
5212  3.88068e-16
5213  3.86608e-16
5214  3.85156e-16
5215  3.83713e-16
5216  3.82282e-16
5217  3.80861e-16
5218  3.79454e-16
5219  3.78061e-16
5220  3.76682e-16
5221  3.75321e-16
5222  3.73976e-16
5223  3.7265e-16
5224  3.71343e-16
5225  3.70057e-16
5226  3.68793e-16
5227  3.67551e-16
5228  3.66332e-16
5229  3.65138e-16
5230  3.63969e-16
5231  3.62827e-16
5232  3.61711e-16
5233  3.60623e-16
5234  3.59564e-16
5235  3.58533e-16
5236  3.57533e-16
5237  3.56563e-16
5238  3.55625e-16
5239  3.54718e-16
5240  3.53843e-16
5241  3.53001e-16
5242  3.52193e-16
5243  3.51418e-16
5244  3.50677e-16
5245  3.4997e-16
5246  3.49298e-16
5247  3.4866e-16
5248  3.48058e-16
5249  3.4749e-16
5250  3.46958e-16
5251  3.46461e-16
5252  3.45999e-16
5253  3.45573e-16
5254  3.45181e-16
5255  3.44825e-16
5256  3.44504e-16
5257  3.44217e-16
5258  3.43964e-16
5259  3.43746e-16
5260  3.43562e-16
5261  3.43411e-16
5262  3.43293e-16
5263  3.43207e-16
5264  3.43154e-16
5265  3.43132e-16
5266  3.43142e-16
5267  3.43181e-16
5268  3.43251e-16
5269  3.43349e-16
5270  3.43476e-16
5271  3.43631e-16
5272  3.43813e-16
5273  3.44021e-16
5274  3.44254e-16
5275  3.44512e-16
5276  3.44794e-16
5277  3.45098e-16
5278  3.45424e-16
5279  3.45771e-16
5280  3.46138e-16
5281  3.46524e-16
5282  3.46929e-16
5283  3.4735e-16
5284  3.47787e-16
5285  3.48239e-16
5286  3.48705e-16
5287  3.49184e-16
5288  3.49674e-16
5289  3.50176e-16
5290  3.50686e-16
5291  3.51206e-16
5292  3.51733e-16
5293  3.52266e-16
5294  3.52804e-16
5295  3.53346e-16
5296  3.53892e-16
5297  3.54439e-16
5298  3.54987e-16
5299  3.55535e-16
5300  3.56082e-16
5301  3.56626e-16
5302  3.57166e-16
5303  3.57702e-16
5304  3.58232e-16
5305  3.58756e-16
5306  3.59272e-16
5307  3.5978e-16
5308  3.60277e-16
5309  3.60765e-16
5310  3.6124e-16
5311  3.61703e-16
5312  3.62153e-16
5313  3.62588e-16
5314  3.63009e-16
5315  3.63413e-16
5316  3.638e-16
5317  3.6417e-16
5318  3.64522e-16
5319  3.64854e-16
5320  3.65167e-16
5321  3.65459e-16
5322  3.65731e-16
5323  3.6598e-16
5324  3.66208e-16
5325  3.66412e-16
5326  3.66594e-16
5327  3.66751e-16
5328  3.66884e-16
5329  3.66993e-16
5330  3.67077e-16
5331  3.67136e-16
5332  3.67169e-16
5333  3.67176e-16
5334  3.67157e-16
5335  3.67112e-16
5336  3.67041e-16
5337  3.66944e-16
5338  3.6682e-16
5339  3.66669e-16
5340  3.66492e-16
5341  3.66289e-16
5342  3.6606e-16
5343  3.65805e-16
5344  3.65524e-16
5345  3.65217e-16
5346  3.64885e-16
5347  3.64528e-16
5348  3.64146e-16
5349  3.63741e-16
5350  3.63311e-16
5351  3.62858e-16
5352  3.62382e-16
5353  3.61884e-16
5354  3.61364e-16
5355  3.60823e-16
5356  3.60262e-16
5357  3.59681e-16
5358  3.59081e-16
5359  3.58463e-16
5360  3.57828e-16
5361  3.57176e-16
5362  3.56508e-16
5363  3.55825e-16
5364  3.55129e-16
5365  3.54419e-16
5366  3.53698e-16
5367  3.52965e-16
5368  3.52222e-16
5369  3.51471e-16
5370  3.50711e-16
5371  3.49944e-16
5372  3.49172e-16
5373  3.48395e-16
5374  3.47614e-16
5375  3.46831e-16
5376  3.46047e-16
5377  3.45262e-16
5378  3.44478e-16
5379  3.43697e-16
5380  3.42919e-16
5381  3.42145e-16
5382  3.41377e-16
5383  3.40615e-16
5384  3.39862e-16
5385  3.39117e-16
5386  3.38383e-16
5387  3.3766e-16
5388  3.36949e-16
5389  3.36253e-16
5390  3.3557e-16
5391  3.34904e-16
5392  3.34254e-16
5393  3.33622e-16
5394  3.33009e-16
5395  3.32416e-16
5396  3.31844e-16
5397  3.31293e-16
5398  3.30765e-16
5399  3.30261e-16
5400  3.29781e-16
5401  3.29326e-16
5402  3.28898e-16
5403  3.28496e-16
5404  3.28121e-16
5405  3.27775e-16
5406  3.27457e-16
5407  3.27169e-16
5408  3.26911e-16
5409  3.26683e-16
5410  3.26486e-16
5411  3.2632e-16
5412  3.26186e-16
5413  3.26084e-16
5414  3.26014e-16
5415  3.25977e-16
5416  3.25973e-16
5417  3.26001e-16
5418  3.26062e-16
5419  3.26157e-16
5420  3.26284e-16
5421  3.26444e-16
5422  3.26637e-16
5423  3.26863e-16
5424  3.27121e-16
5425  3.27412e-16
5426  3.27734e-16
5427  3.28088e-16
5428  3.28473e-16
5429  3.28889e-16
5430  3.29335e-16
5431  3.29811e-16
5432  3.30316e-16
5433  3.30849e-16
5434  3.31411e-16
5435  3.32e-16
5436  3.32615e-16
5437  3.33256e-16
5438  3.33922e-16
5439  3.34612e-16
5440  3.35325e-16
5441  3.3606e-16
5442  3.36817e-16
5443  3.37594e-16
5444  3.38391e-16
5445  3.39206e-16
5446  3.40038e-16
5447  3.40887e-16
5448  3.4175e-16
5449  3.42628e-16
5450  3.43519e-16
5451  3.44421e-16
5452  3.45335e-16
5453  3.46258e-16
5454  3.47189e-16
5455  3.48127e-16
5456  3.49071e-16
5457  3.5002e-16
5458  3.50973e-16
5459  3.51929e-16
5460  3.52885e-16
5461  3.53842e-16
5462  3.54798e-16
5463  3.55751e-16
5464  3.56701e-16
5465  3.57647e-16
5466  3.58587e-16
5467  3.59521e-16
5468  3.60447e-16
5469  3.61364e-16
5470  3.62271e-16
5471  3.63168e-16
5472  3.64052e-16
5473  3.64924e-16
5474  3.65782e-16
5475  3.66626e-16
5476  3.67454e-16
5477  3.68266e-16
5478  3.69061e-16
5479  3.69838e-16
5480  3.70596e-16
5481  3.71335e-16
5482  3.72055e-16
5483  3.72753e-16
5484  3.73431e-16
5485  3.74087e-16
5486  3.7472e-16
5487  3.75331e-16
5488  3.7592e-16
5489  3.76484e-16
5490  3.77025e-16
5491  3.77542e-16
5492  3.78035e-16
5493  3.78503e-16
5494  3.78947e-16
5495  3.79366e-16
5496  3.7976e-16
5497  3.80129e-16
5498  3.80474e-16
5499  3.80794e-16
5500  3.81089e-16
5501  3.81359e-16
5502  3.81606e-16
5503  3.81828e-16
5504  3.82026e-16
5505  3.82201e-16
5506  3.82353e-16
5507  3.82481e-16
5508  3.82588e-16
5509  3.82672e-16
5510  3.82735e-16
5511  3.82776e-16
5512  3.82798e-16
5513  3.82799e-16
5514  3.82781e-16
5515  3.82744e-16
5516  3.8269e-16
5517  3.82618e-16
5518  3.82529e-16
5519  3.82424e-16
5520  3.82304e-16
5521  3.8217e-16
5522  3.82022e-16
5523  3.81861e-16
5524  3.81688e-16
5525  3.81504e-16
5526  3.81309e-16
5527  3.81105e-16
5528  3.80892e-16
5529  3.80671e-16
5530  3.80444e-16
5531  3.8021e-16
5532  3.79971e-16
5533  3.79727e-16
5534  3.7948e-16
5535  3.7923e-16
5536  3.78979e-16
5537  3.78726e-16
5538  3.78473e-16
5539  3.78222e-16
5540  3.77971e-16
5541  3.77723e-16
5542  3.77479e-16
5543  3.77238e-16
5544  3.77002e-16
5545  3.76772e-16
5546  3.76548e-16
5547  3.76331e-16
5548  3.76121e-16
5549  3.75921e-16
5550  3.75729e-16
5551  3.75547e-16
5552  3.75375e-16
5553  3.75214e-16
5554  3.75065e-16
5555  3.74928e-16
5556  3.74803e-16
5557  3.74691e-16
5558  3.74593e-16
5559  3.74509e-16
5560  3.74439e-16
5561  3.74384e-16
5562  3.74344e-16
5563  3.74319e-16
5564  3.7431e-16
5565  3.74317e-16
5566  3.74339e-16
5567  3.74378e-16
5568  3.74434e-16
5569  3.74506e-16
5570  3.74594e-16
5571  3.74699e-16
5572  3.74821e-16
5573  3.7496e-16
5574  3.75115e-16
5575  3.75286e-16
5576  3.75474e-16
5577  3.75678e-16
5578  3.75898e-16
5579  3.76134e-16
5580  3.76385e-16
5581  3.76652e-16
5582  3.76934e-16
5583  3.77231e-16
5584  3.77541e-16
5585  3.77866e-16
5586  3.78205e-16
5587  3.78556e-16
5588  3.7892e-16
5589  3.79297e-16
5590  3.79684e-16
5591  3.80083e-16
5592  3.80493e-16
5593  3.80912e-16
5594  3.81341e-16
5595  3.81779e-16
5596  3.82225e-16
5597  3.82678e-16
5598  3.83138e-16
5599  3.83604e-16
5600  3.84076e-16
5601  3.84552e-16
5602  3.85032e-16
5603  3.85516e-16
5604  3.86002e-16
5605  3.8649e-16
5606  3.86979e-16
5607  3.87468e-16
5608  3.87957e-16
5609  3.88445e-16
5610  3.8893e-16
5611  3.89413e-16
5612  3.89893e-16
5613  3.90368e-16
5614  3.90838e-16
5615  3.91302e-16
5616  3.9176e-16
5617  3.92211e-16
5618  3.92653e-16
5619  3.93087e-16
5620  3.93511e-16
5621  3.93926e-16
5622  3.94329e-16
5623  3.94722e-16
5624  3.95102e-16
5625  3.95469e-16
5626  3.95823e-16
5627  3.96163e-16
5628  3.96488e-16
5629  3.96798e-16
5630  3.97093e-16
5631  3.97372e-16
5632  3.97633e-16
5633  3.97878e-16
5634  3.98105e-16
5635  3.98314e-16
5636  3.98505e-16
5637  3.98676e-16
5638  3.98829e-16
5639  3.98962e-16
5640  3.99075e-16
5641  3.99168e-16
5642  3.99241e-16
5643  3.99294e-16
5644  3.99325e-16
5645  3.99336e-16
5646  3.99326e-16
5647  3.99294e-16
5648  3.99242e-16
5649  3.99168e-16
5650  3.99073e-16
5651  3.98957e-16
5652  3.98819e-16
5653  3.98661e-16
5654  3.98481e-16
5655  3.98281e-16
5656  3.98059e-16
5657  3.97817e-16
5658  3.97555e-16
5659  3.97273e-16
5660  3.9697e-16
5661  3.96648e-16
5662  3.96307e-16
5663  3.95946e-16
5664  3.95567e-16
5665  3.9517e-16
5666  3.94754e-16
5667  3.94322e-16
5668  3.93872e-16
5669  3.93405e-16
5670  3.92922e-16
5671  3.92424e-16
5672  3.9191e-16
5673  3.91382e-16
5674  3.9084e-16
5675  3.90284e-16
5676  3.89715e-16
5677  3.89133e-16
5678  3.8854e-16
5679  3.87936e-16
5680  3.8732e-16
5681  3.86695e-16
5682  3.8606e-16
5683  3.85416e-16
5684  3.84764e-16
5685  3.84105e-16
5686  3.83438e-16
5687  3.82765e-16
5688  3.82087e-16
5689  3.81403e-16
5690  3.80715e-16
5691  3.80024e-16
5692  3.79329e-16
5693  3.78631e-16
5694  3.77932e-16
5695  3.77231e-16
5696  3.7653e-16
5697  3.75829e-16
5698  3.75128e-16
5699  3.74428e-16
5700  3.7373e-16
5701  3.73035e-16
5702  3.72342e-16
5703  3.71652e-16
5704  3.70967e-16
5705  3.70286e-16
5706  3.69611e-16
5707  3.6894e-16
5708  3.68276e-16
5709  3.67618e-16
5710  3.66968e-16
5711  3.66325e-16
5712  3.65689e-16
5713  3.65062e-16
5714  3.64444e-16
5715  3.63835e-16
5716  3.63235e-16
5717  3.62645e-16
5718  3.62066e-16
5719  3.61497e-16
5720  3.60939e-16
5721  3.60392e-16
5722  3.59857e-16
5723  3.59333e-16
5724  3.58821e-16
5725  3.58322e-16
5726  3.57835e-16
5727  3.57361e-16
5728  3.56899e-16
5729  3.56451e-16
5730  3.56015e-16
5731  3.55593e-16
5732  3.55185e-16
5733  3.5479e-16
5734  3.54408e-16
5735  3.54041e-16
5736  3.53687e-16
5737  3.53347e-16
5738  3.53021e-16
5739  3.52709e-16
5740  3.52411e-16
5741  3.52126e-16
5742  3.51856e-16
5743  3.51599e-16
5744  3.51357e-16
5745  3.51128e-16
5746  3.50912e-16
5747  3.50711e-16
5748  3.50523e-16
5749  3.50348e-16
5750  3.50187e-16
5751  3.50039e-16
5752  3.49904e-16
5753  3.49782e-16
5754  3.49673e-16
5755  3.49576e-16
5756  3.49492e-16
5757  3.4942e-16
5758  3.4936e-16
5759  3.49312e-16
5760  3.49276e-16
5761  3.49251e-16
5762  3.49238e-16
5763  3.49235e-16
5764  3.49244e-16
5765  3.49263e-16
5766  3.49292e-16
5767  3.49331e-16
5768  3.4938e-16
5769  3.49439e-16
5770  3.49507e-16
5771  3.49584e-16
5772  3.49669e-16
5773  3.49763e-16
5774  3.49866e-16
5775  3.49976e-16
5776  3.50093e-16
5777  3.50218e-16
5778  3.5035e-16
5779  3.50489e-16
5780  3.50633e-16
5781  3.50784e-16
5782  3.50941e-16
5783  3.51103e-16
5784  3.51269e-16
5785  3.51441e-16
5786  3.51617e-16
5787  3.51797e-16
5788  3.51981e-16
5789  3.52168e-16
5790  3.52358e-16
5791  3.52551e-16
5792  3.52746e-16
5793  3.52943e-16
5794  3.53142e-16
5795  3.53343e-16
5796  3.53544e-16
5797  3.53746e-16
5798  3.53948e-16
5799  3.5415e-16
5800  3.54352e-16
5801  3.54553e-16
5802  3.54753e-16
5803  3.54952e-16
5804  3.55149e-16
5805  3.55343e-16
5806  3.55536e-16
5807  3.55725e-16
5808  3.55912e-16
5809  3.56095e-16
5810  3.56274e-16
5811  3.5645e-16
5812  3.56621e-16
5813  3.56787e-16
5814  3.56948e-16
5815  3.57104e-16
5816  3.57255e-16
5817  3.57399e-16
5818  3.57538e-16
5819  3.57669e-16
5820  3.57794e-16
5821  3.57912e-16
5822  3.58023e-16
5823  3.58126e-16
5824  3.58221e-16
5825  3.58308e-16
5826  3.58387e-16
5827  3.58457e-16
5828  3.58518e-16
5829  3.5857e-16
5830  3.58613e-16
5831  3.58646e-16
5832  3.5867e-16
5833  3.58684e-16
5834  3.58687e-16
5835  3.58681e-16
5836  3.58663e-16
5837  3.58636e-16
5838  3.58597e-16
5839  3.58548e-16
5840  3.58487e-16
5841  3.58415e-16
5842  3.58332e-16
5843  3.58238e-16
5844  3.58132e-16
5845  3.58014e-16
5846  3.57885e-16
5847  3.57743e-16
5848  3.5759e-16
5849  3.57425e-16
5850  3.57249e-16
5851  3.5706e-16
5852  3.56859e-16
5853  3.56646e-16
5854  3.56421e-16
5855  3.56183e-16
5856  3.55934e-16
5857  3.55673e-16
5858  3.554e-16
5859  3.55114e-16
5860  3.54817e-16
5861  3.54508e-16
5862  3.54187e-16
5863  3.53855e-16
5864  3.5351e-16
5865  3.53155e-16
5866  3.52787e-16
5867  3.52408e-16
5868  3.52018e-16
5869  3.51617e-16
5870  3.51205e-16
5871  3.50782e-16
5872  3.50348e-16
5873  3.49904e-16
5874  3.49449e-16
5875  3.48984e-16
5876  3.48509e-16
5877  3.48024e-16
5878  3.4753e-16
5879  3.47025e-16
5880  3.46512e-16
5881  3.45989e-16
5882  3.45458e-16
5883  3.44917e-16
5884  3.44369e-16
5885  3.43812e-16
5886  3.43247e-16
5887  3.42674e-16
5888  3.42094e-16
5889  3.41507e-16
5890  3.40912e-16
5891  3.40311e-16
5892  3.39703e-16
5893  3.39089e-16
5894  3.3847e-16
5895  3.37844e-16
5896  3.37213e-16
5897  3.36577e-16
5898  3.35936e-16
5899  3.3529e-16
5900  3.3464e-16
5901  3.33987e-16
5902  3.33329e-16
5903  3.32668e-16
5904  3.32004e-16
5905  3.31337e-16
5906  3.30667e-16
5907  3.29995e-16
5908  3.29322e-16
5909  3.28646e-16
5910  3.27969e-16
5911  3.27291e-16
5912  3.26612e-16
5913  3.25933e-16
5914  3.25253e-16
5915  3.24573e-16
5916  3.23894e-16
5917  3.23215e-16
5918  3.22537e-16
5919  3.2186e-16
5920  3.21185e-16
5921  3.20511e-16
5922  3.19839e-16
5923  3.19169e-16
5924  3.18502e-16
5925  3.17837e-16
5926  3.17175e-16
5927  3.16517e-16
5928  3.15861e-16
5929  3.15209e-16
5930  3.14561e-16
5931  3.13917e-16
5932  3.13276e-16
5933  3.12641e-16
5934  3.12009e-16
5935  3.11382e-16
5936  3.1076e-16
5937  3.10143e-16
5938  3.09532e-16
5939  3.08925e-16
5940  3.08323e-16
5941  3.07727e-16
5942  3.07137e-16
5943  3.06552e-16
5944  3.05973e-16
5945  3.054e-16
5946  3.04832e-16
5947  3.0427e-16
5948  3.03714e-16
5949  3.03164e-16
5950  3.02619e-16
5951  3.0208e-16
5952  3.01548e-16
5953  3.0102e-16
5954  3.00499e-16
5955  2.99983e-16
5956  2.99473e-16
5957  2.98968e-16
5958  2.98468e-16
5959  2.97974e-16
5960  2.97484e-16
5961  2.97e-16
5962  2.9652e-16
5963  2.96045e-16
5964  2.95574e-16
5965  2.95107e-16
5966  2.94645e-16
5967  2.94186e-16
5968  2.9373e-16
5969  2.93278e-16
5970  2.92829e-16
5971  2.92383e-16
5972  2.91939e-16
5973  2.91497e-16
5974  2.91057e-16
5975  2.90619e-16
5976  2.90182e-16
5977  2.89746e-16
5978  2.89311e-16
5979  2.88876e-16
5980  2.88441e-16
5981  2.88006e-16
5982  2.8757e-16
5983  2.87133e-16
5984  2.86694e-16
5985  2.86254e-16
5986  2.85812e-16
5987  2.85367e-16
5988  2.8492e-16
5989  2.8447e-16
5990  2.84016e-16
5991  2.83558e-16
5992  2.83096e-16
5993  2.82629e-16
5994  2.82158e-16
5995  2.81682e-16
5996  2.812e-16
5997  2.80712e-16
5998  2.80219e-16
5999  2.79719e-16
6000  2.79212e-16
6001  2.78698e-16
6002  2.78178e-16
6003  2.7765e-16
6004  2.77114e-16
6005  2.76571e-16
6006  2.76019e-16
6007  2.75459e-16
6008  2.74891e-16
6009  2.74315e-16
6010  2.73729e-16
6011  2.73135e-16
6012  2.72533e-16
6013  2.71921e-16
6014  2.713e-16
6015  2.7067e-16
6016  2.70031e-16
6017  2.69383e-16
6018  2.68726e-16
6019  2.6806e-16
6020  2.67385e-16
6021  2.66702e-16
6022  2.66009e-16
6023  2.65309e-16
6024  2.64599e-16
6025  2.63882e-16
6026  2.63157e-16
6027  2.62424e-16
6028  2.61683e-16
6029  2.60935e-16
6030  2.6018e-16
6031  2.59419e-16
6032  2.58652e-16
6033  2.57878e-16
6034  2.57099e-16
6035  2.56315e-16
6036  2.55526e-16
6037  2.54734e-16
6038  2.53937e-16
6039  2.53137e-16
6040  2.52334e-16
6041  2.51529e-16
6042  2.50723e-16
6043  2.49915e-16
6044  2.49107e-16
6045  2.48298e-16
6046  2.4749e-16
6047  2.46684e-16
6048  2.45879e-16
6049  2.45077e-16
6050  2.44277e-16
6051  2.43482e-16
6052  2.42691e-16
6053  2.41905e-16
6054  2.41124e-16
6055  2.40351e-16
6056  2.39584e-16
6057  2.38825e-16
6058  2.38074e-16
6059  2.37333e-16
6060  2.36601e-16
6061  2.3588e-16
6062  2.3517e-16
6063  2.34471e-16
6064  2.33786e-16
6065  2.33113e-16
6066  2.32454e-16
6067  2.3181e-16
6068  2.3118e-16
6069  2.30567e-16
6070  2.29969e-16
6071  2.29389e-16
6072  2.28826e-16
6073  2.28281e-16
6074  2.27755e-16
6075  2.27248e-16
6076  2.26761e-16
6077  2.26293e-16
6078  2.25847e-16
6079  2.25421e-16
6080  2.25017e-16
6081  2.24635e-16
6082  2.24276e-16
6083  2.23939e-16
6084  2.23625e-16
6085  2.23335e-16
6086  2.23069e-16
6087  2.22826e-16
6088  2.22608e-16
6089  2.22415e-16
6090  2.22246e-16
6091  2.22102e-16
6092  2.21983e-16
6093  2.2189e-16
6094  2.21821e-16
6095  2.21778e-16
6096  2.21761e-16
6097  2.21769e-16
6098  2.21803e-16
6099  2.21862e-16
6100  2.21946e-16
6101  2.22056e-16
6102  2.22191e-16
6103  2.22351e-16
6104  2.22536e-16
6105  2.22746e-16
6106  2.2298e-16
6107  2.23239e-16
6108  2.23522e-16
6109  2.23829e-16
6110  2.2416e-16
6111  2.24514e-16
6112  2.2489e-16
6113  2.2529e-16
6114  2.25711e-16
6115  2.26155e-16
6116  2.2662e-16
6117  2.27106e-16
6118  2.27612e-16
6119  2.28139e-16
6120  2.28686e-16
6121  2.29252e-16
6122  2.29836e-16
6123  2.30439e-16
6124  2.3106e-16
6125  2.31697e-16
6126  2.32352e-16
6127  2.33023e-16
6128  2.33709e-16
6129  2.3441e-16
6130  2.35126e-16
6131  2.35856e-16
6132  2.36599e-16
6133  2.37355e-16
6134  2.38124e-16
6135  2.38904e-16
6136  2.39695e-16
6137  2.40496e-16
6138  2.41308e-16
6139  2.42129e-16
6140  2.42959e-16
6141  2.43797e-16
6142  2.44643e-16
6143  2.45496e-16
6144  2.46355e-16
6145  2.47221e-16
6146  2.48092e-16
6147  2.48968e-16
6148  2.49849e-16
6149  2.50733e-16
6150  2.51621e-16
6151  2.52512e-16
6152  2.53406e-16
6153  2.54301e-16
6154  2.55198e-16
6155  2.56095e-16
6156  2.56994e-16
6157  2.57892e-16
6158  2.5879e-16
6159  2.59688e-16
6160  2.60584e-16
6161  2.61479e-16
6162  2.62372e-16
6163  2.63262e-16
6164  2.6415e-16
6165  2.65035e-16
6166  2.65917e-16
6167  2.66795e-16
6168  2.67669e-16
6169  2.68539e-16
6170  2.69404e-16
6171  2.70264e-16
6172  2.71119e-16
6173  2.71969e-16
6174  2.72813e-16
6175  2.73652e-16
6176  2.74484e-16
6177  2.7531e-16
6178  2.76129e-16
6179  2.76942e-16
6180  2.77747e-16
6181  2.78546e-16
6182  2.79338e-16
6183  2.80122e-16
6184  2.80898e-16
6185  2.81667e-16
6186  2.82428e-16
6187  2.83181e-16
6188  2.83926e-16
6189  2.84662e-16
6190  2.85391e-16
6191  2.86111e-16
6192  2.86822e-16
6193  2.87525e-16
6194  2.88219e-16
6195  2.88905e-16
6196  2.89581e-16
6197  2.90249e-16
6198  2.90908e-16
6199  2.91557e-16
6200  2.92198e-16
6201  2.92829e-16
6202  2.93452e-16
6203  2.94065e-16
6204  2.94668e-16
6205  2.95263e-16
6206  2.95848e-16
6207  2.96424e-16
6208  2.9699e-16
6209  2.97547e-16
6210  2.98094e-16
6211  2.98632e-16
6212  2.9916e-16
6213  2.99679e-16
6214  3.00188e-16
6215  3.00687e-16
6216  3.01177e-16
6217  3.01657e-16
6218  3.02128e-16
6219  3.02589e-16
6220  3.0304e-16
6221  3.03482e-16
6222  3.03914e-16
6223  3.04336e-16
6224  3.04749e-16
6225  3.05151e-16
6226  3.05545e-16
6227  3.05928e-16
6228  3.06302e-16
6229  3.06666e-16
6230  3.07021e-16
6231  3.07366e-16
6232  3.07701e-16
6233  3.08027e-16
6234  3.08343e-16
6235  3.0865e-16
6236  3.08947e-16
6237  3.09235e-16
6238  3.09513e-16
6239  3.09782e-16
6240  3.10042e-16
6241  3.10292e-16
6242  3.10533e-16
6243  3.10765e-16
6244  3.10988e-16
6245  3.11202e-16
6246  3.11407e-16
6247  3.11603e-16
6248  3.1179e-16
6249  3.11969e-16
6250  3.12138e-16
6251  3.123e-16
6252  3.12452e-16
6253  3.12597e-16
6254  3.12733e-16
6255  3.12861e-16
6256  3.12981e-16
6257  3.13094e-16
6258  3.13198e-16
6259  3.13295e-16
6260  3.13384e-16
6261  3.13466e-16
6262  3.13541e-16
6263  3.13609e-16
6264  3.1367e-16
6265  3.13724e-16
6266  3.13771e-16
6267  3.13812e-16
6268  3.13847e-16
6269  3.13875e-16
6270  3.13898e-16
6271  3.13915e-16
6272  3.13926e-16
6273  3.13932e-16
6274  3.13932e-16
6275  3.13928e-16
6276  3.13918e-16
6277  3.13904e-16
6278  3.13886e-16
6279  3.13863e-16
6280  3.13835e-16
6281  3.13804e-16
6282  3.13769e-16
6283  3.13731e-16
6284  3.13689e-16
6285  3.13643e-16
6286  3.13595e-16
6287  3.13543e-16
6288  3.13489e-16
6289  3.13432e-16
6290  3.13373e-16
6291  3.13312e-16
6292  3.13248e-16
6293  3.13182e-16
6294  3.13115e-16
6295  3.13046e-16
6296  3.12975e-16
6297  3.12903e-16
6298  3.1283e-16
6299  3.12755e-16
6300  3.1268e-16
6301  3.12603e-16
6302  3.12526e-16
6303  3.12448e-16
6304  3.1237e-16
6305  3.12291e-16
6306  3.12211e-16
6307  3.12131e-16
6308  3.12051e-16
6309  3.1197e-16
6310  3.11889e-16
6311  3.11809e-16
6312  3.11727e-16
6313  3.11646e-16
6314  3.11565e-16
6315  3.11484e-16
6316  3.11402e-16
6317  3.11321e-16
6318  3.1124e-16
6319  3.11158e-16
6320  3.11076e-16
6321  3.10995e-16
6322  3.10913e-16
6323  3.10831e-16
6324  3.10749e-16
6325  3.10666e-16
6326  3.10583e-16
6327  3.105e-16
6328  3.10416e-16
6329  3.10332e-16
6330  3.10247e-16
6331  3.10161e-16
6332  3.10074e-16
6333  3.09987e-16
6334  3.09899e-16
6335  3.09809e-16
6336  3.09719e-16
6337  3.09627e-16
6338  3.09533e-16
6339  3.09438e-16
6340  3.09342e-16
6341  3.09243e-16
6342  3.09143e-16
6343  3.09041e-16
6344  3.08936e-16
6345  3.0883e-16
6346  3.08721e-16
6347  3.08609e-16
6348  3.08495e-16
6349  3.08378e-16
6350  3.08259e-16
6351  3.08136e-16
6352  3.0801e-16
6353  3.07881e-16
6354  3.07749e-16
6355  3.07613e-16
6356  3.07473e-16
6357  3.0733e-16
6358  3.07183e-16
6359  3.07032e-16
6360  3.06878e-16
6361  3.06719e-16
6362  3.06555e-16
6363  3.06388e-16
6364  3.06216e-16
6365  3.0604e-16
6366  3.05859e-16
6367  3.05674e-16
6368  3.05483e-16
6369  3.05288e-16
6370  3.05089e-16
6371  3.04884e-16
6372  3.04675e-16
6373  3.0446e-16
6374  3.04241e-16
6375  3.04016e-16
6376  3.03786e-16
6377  3.03551e-16
6378  3.03311e-16
6379  3.03066e-16
6380  3.02816e-16
6381  3.0256e-16
6382  3.023e-16
6383  3.02034e-16
6384  3.01763e-16
6385  3.01486e-16
6386  3.01205e-16
6387  3.00918e-16
6388  3.00626e-16
6389  3.00329e-16
6390  3.00027e-16
6391  2.9972e-16
6392  2.99408e-16
6393  2.99091e-16
6394  2.98769e-16
6395  2.98442e-16
6396  2.98111e-16
6397  2.97774e-16
6398  2.97433e-16
6399  2.97088e-16
6400  2.96737e-16
6401  2.96382e-16
6402  2.96023e-16
6403  2.95659e-16
6404  2.95292e-16
6405  2.94919e-16
6406  2.94543e-16
6407  2.94163e-16
6408  2.93779e-16
6409  2.93391e-16
6410  2.92999e-16
6411  2.92604e-16
6412  2.92205e-16
6413  2.91802e-16
6414  2.91397e-16
6415  2.90988e-16
6416  2.90575e-16
6417  2.9016e-16
6418  2.89742e-16
6419  2.89321e-16
6420  2.88897e-16
6421  2.88471e-16
6422  2.88042e-16
6423  2.87611e-16
6424  2.87178e-16
6425  2.86743e-16
6426  2.86305e-16
6427  2.85866e-16
6428  2.85425e-16
6429  2.84983e-16
6430  2.84538e-16
6431  2.84093e-16
6432  2.83646e-16
6433  2.83199e-16
6434  2.8275e-16
6435  2.823e-16
6436  2.8185e-16
6437  2.814e-16
6438  2.80948e-16
6439  2.80497e-16
6440  2.80045e-16
6441  2.79594e-16
6442  2.79143e-16
6443  2.78691e-16
6444  2.78241e-16
6445  2.77791e-16
6446  2.77341e-16
6447  2.76893e-16
6448  2.76446e-16
6449  2.75999e-16
6450  2.75554e-16
6451  2.75111e-16
6452  2.74669e-16
6453  2.74229e-16
6454  2.73791e-16
6455  2.73355e-16
6456  2.72921e-16
6457  2.72489e-16
6458  2.7206e-16
6459  2.71633e-16
6460  2.7121e-16
6461  2.70789e-16
6462  2.70371e-16
6463  2.69956e-16
6464  2.69545e-16
6465  2.69137e-16
6466  2.68733e-16
6467  2.68332e-16
6468  2.67935e-16
6469  2.67542e-16
6470  2.67153e-16
6471  2.66769e-16
6472  2.66388e-16
6473  2.66012e-16
6474  2.65641e-16
6475  2.65274e-16
6476  2.64912e-16
6477  2.64554e-16
6478  2.64202e-16
6479  2.63854e-16
6480  2.63511e-16
6481  2.63174e-16
6482  2.62841e-16
6483  2.62514e-16
6484  2.62192e-16
6485  2.61876e-16
6486  2.61564e-16
6487  2.61258e-16
6488  2.60958e-16
6489  2.60663e-16
6490  2.60373e-16
6491  2.60089e-16
6492  2.59811e-16
6493  2.59537e-16
6494  2.59269e-16
6495  2.59007e-16
6496  2.5875e-16
6497  2.58498e-16
6498  2.58252e-16
6499  2.58011e-16
6500  2.57775e-16
6501  2.57544e-16
6502  2.57318e-16
6503  2.57098e-16
6504  2.56882e-16
6505  2.56671e-16
6506  2.56464e-16
6507  2.56263e-16
6508  2.56065e-16
6509  2.55873e-16
6510  2.55684e-16
6511  2.55499e-16
6512  2.55319e-16
6513  2.55142e-16
6514  2.54969e-16
6515  2.548e-16
6516  2.54634e-16
6517  2.54471e-16
6518  2.54312e-16
6519  2.54155e-16
6520  2.54001e-16
6521  2.5385e-16
6522  2.53701e-16
6523  2.53554e-16
6524  2.53409e-16
6525  2.53267e-16
6526  2.53125e-16
6527  2.52986e-16
6528  2.52847e-16
6529  2.5271e-16
6530  2.52574e-16
6531  2.52438e-16
6532  2.52304e-16
6533  2.52169e-16
6534  2.52035e-16
6535  2.51901e-16
6536  2.51766e-16
6537  2.51631e-16
6538  2.51496e-16
6539  2.51361e-16
6540  2.51224e-16
6541  2.51086e-16
6542  2.50948e-16
6543  2.50808e-16
6544  2.50666e-16
6545  2.50523e-16
6546  2.50379e-16
6547  2.50232e-16
6548  2.50084e-16
6549  2.49933e-16
6550  2.49781e-16
6551  2.49626e-16
6552  2.49468e-16
6553  2.49309e-16
6554  2.49146e-16
6555  2.48982e-16
6556  2.48814e-16
6557  2.48644e-16
6558  2.48471e-16
6559  2.48295e-16
6560  2.48116e-16
6561  2.47934e-16
6562  2.47749e-16
6563  2.47561e-16
6564  2.47371e-16
6565  2.47177e-16
6566  2.4698e-16
6567  2.46781e-16
6568  2.46578e-16
6569  2.46373e-16
6570  2.46165e-16
6571  2.45954e-16
6572  2.4574e-16
6573  2.45523e-16
6574  2.45304e-16
6575  2.45082e-16
6576  2.44858e-16
6577  2.44631e-16
6578  2.44401e-16
6579  2.4417e-16
6580  2.43936e-16
6581  2.437e-16
6582  2.43462e-16
6583  2.43222e-16
6584  2.42981e-16
6585  2.42737e-16
6586  2.42492e-16
6587  2.42246e-16
6588  2.41998e-16
6589  2.41749e-16
6590  2.41499e-16
6591  2.41248e-16
6592  2.40995e-16
6593  2.40743e-16
6594  2.40489e-16
6595  2.40235e-16
6596  2.39981e-16
6597  2.39726e-16
6598  2.39471e-16
6599  2.39216e-16
6600  2.38961e-16
6601  2.38706e-16
6602  2.38452e-16
6603  2.38198e-16
6604  2.37944e-16
6605  2.37691e-16
6606  2.37439e-16
6607  2.37188e-16
6608  2.36937e-16
6609  2.36688e-16
6610  2.36439e-16
6611  2.36192e-16
6612  2.35946e-16
6613  2.35702e-16
6614  2.35459e-16
6615  2.35217e-16
6616  2.34977e-16
6617  2.34739e-16
6618  2.34502e-16
6619  2.34267e-16
6620  2.34034e-16
6621  2.33803e-16
6622  2.33573e-16
6623  2.33346e-16
6624  2.33121e-16
6625  2.32898e-16
6626  2.32677e-16
6627  2.32458e-16
6628  2.32241e-16
6629  2.32026e-16
6630  2.31814e-16
6631  2.31604e-16
6632  2.31396e-16
6633  2.3119e-16
6634  2.30987e-16
6635  2.30786e-16
6636  2.30587e-16
6637  2.30391e-16
6638  2.30197e-16
6639  2.30005e-16
6640  2.29816e-16
6641  2.29629e-16
6642  2.29445e-16
6643  2.29263e-16
6644  2.29084e-16
6645  2.28907e-16
6646  2.28732e-16
6647  2.2856e-16
6648  2.28391e-16
6649  2.28224e-16
6650  2.28059e-16
6651  2.27897e-16
6652  2.27738e-16
6653  2.27581e-16
6654  2.27427e-16
6655  2.27275e-16
6656  2.27126e-16
6657  2.2698e-16
6658  2.26836e-16
6659  2.26695e-16
6660  2.26557e-16
6661  2.26422e-16
6662  2.26289e-16
6663  2.2616e-16
6664  2.26033e-16
6665  2.25909e-16
6666  2.25789e-16
6667  2.25671e-16
6668  2.25556e-16
6669  2.25444e-16
6670  2.25336e-16
6671  2.25231e-16
6672  2.25129e-16
6673  2.2503e-16
6674  2.24934e-16
6675  2.24842e-16
6676  2.24753e-16
6677  2.24668e-16
6678  2.24586e-16
6679  2.24508e-16
6680  2.24433e-16
6681  2.24362e-16
6682  2.24295e-16
6683  2.24231e-16
6684  2.24171e-16
6685  2.24114e-16
6686  2.24061e-16
6687  2.24012e-16
6688  2.23967e-16
6689  2.23926e-16
6690  2.23888e-16
6691  2.23854e-16
6692  2.23824e-16
6693  2.23797e-16
6694  2.23775e-16
6695  2.23756e-16
6696  2.23741e-16
6697  2.23729e-16
6698  2.23721e-16
6699  2.23717e-16
6700  2.23716e-16
6701  2.23718e-16
6702  2.23724e-16
6703  2.23734e-16
6704  2.23746e-16
6705  2.23762e-16
6706  2.2378e-16
6707  2.23802e-16
6708  2.23826e-16
6709  2.23853e-16
6710  2.23883e-16
6711  2.23915e-16
6712  2.23949e-16
6713  2.23986e-16
6714  2.24024e-16
6715  2.24064e-16
6716  2.24106e-16
6717  2.24149e-16
6718  2.24194e-16
6719  2.24239e-16
6720  2.24286e-16
6721  2.24333e-16
6722  2.2438e-16
6723  2.24428e-16
6724  2.24476e-16
6725  2.24523e-16
6726  2.2457e-16
6727  2.24617e-16
6728  2.24662e-16
6729  2.24706e-16
6730  2.24749e-16
6731  2.24791e-16
6732  2.2483e-16
6733  2.24867e-16
6734  2.24902e-16
6735  2.24934e-16
6736  2.24964e-16
6737  2.2499e-16
6738  2.25013e-16
6739  2.25032e-16
6740  2.25048e-16
6741  2.25059e-16
6742  2.25066e-16
6743  2.25069e-16
6744  2.25067e-16
6745  2.2506e-16
6746  2.25048e-16
6747  2.25031e-16
6748  2.25008e-16
6749  2.24979e-16
6750  2.24945e-16
6751  2.24905e-16
6752  2.24858e-16
6753  2.24805e-16
6754  2.24746e-16
6755  2.2468e-16
6756  2.24608e-16
6757  2.24528e-16
6758  2.24442e-16
6759  2.24349e-16
6760  2.24249e-16
6761  2.24142e-16
6762  2.24028e-16
6763  2.23907e-16
6764  2.23779e-16
6765  2.23644e-16
6766  2.23501e-16
6767  2.23352e-16
6768  2.23196e-16
6769  2.23033e-16
6770  2.22863e-16
6771  2.22686e-16
6772  2.22503e-16
6773  2.22314e-16
6774  2.22118e-16
6775  2.21916e-16
6776  2.21707e-16
6777  2.21493e-16
6778  2.21274e-16
6779  2.21049e-16
6780  2.20818e-16
6781  2.20583e-16
6782  2.20343e-16
6783  2.20098e-16
6784  2.1985e-16
6785  2.19597e-16
6786  2.1934e-16
6787  2.1908e-16
6788  2.18817e-16
6789  2.18551e-16
6790  2.18283e-16
6791  2.18012e-16
6792  2.1774e-16
6793  2.17466e-16
6794  2.1719e-16
6795  2.16914e-16
6796  2.16637e-16
6797  2.16361e-16
6798  2.16084e-16
6799  2.15808e-16
6800  2.15532e-16
6801  2.15258e-16
6802  2.14985e-16
6803  2.14714e-16
6804  2.14446e-16
6805  2.1418e-16
6806  2.13916e-16
6807  2.13656e-16
6808  2.134e-16
6809  2.13147e-16
6810  2.12898e-16
6811  2.12654e-16
6812  2.12414e-16
6813  2.1218e-16
6814  2.11951e-16
6815  2.11727e-16
6816  2.11509e-16
6817  2.11297e-16
6818  2.11091e-16
6819  2.10892e-16
6820  2.10699e-16
6821  2.10513e-16
6822  2.10334e-16
6823  2.10163e-16
6824  2.09998e-16
6825  2.09841e-16
6826  2.09692e-16
6827  2.09551e-16
6828  2.09417e-16
6829  2.09291e-16
6830  2.09172e-16
6831  2.09062e-16
6832  2.0896e-16
6833  2.08866e-16
6834  2.08779e-16
6835  2.08701e-16
6836  2.08631e-16
6837  2.08568e-16
6838  2.08513e-16
6839  2.08466e-16
6840  2.08427e-16
6841  2.08395e-16
6842  2.08371e-16
6843  2.08354e-16
6844  2.08344e-16
6845  2.08341e-16
6846  2.08344e-16
6847  2.08355e-16
6848  2.08371e-16
6849  2.08394e-16
6850  2.08423e-16
6851  2.08458e-16
6852  2.08499e-16
6853  2.08544e-16
6854  2.08595e-16
6855  2.0865e-16
6856  2.0871e-16
6857  2.08774e-16
6858  2.08843e-16
6859  2.08914e-16
6860  2.0899e-16
6861  2.09068e-16
6862  2.09149e-16
6863  2.09233e-16
6864  2.09319e-16
6865  2.09407e-16
6866  2.09497e-16
6867  2.09588e-16
6868  2.0968e-16
6869  2.09773e-16
6870  2.09866e-16
6871  2.09959e-16
6872  2.10053e-16
6873  2.10146e-16
6874  2.10239e-16
6875  2.1033e-16
6876  2.10421e-16
6877  2.1051e-16
6878  2.10598e-16
6879  2.10684e-16
6880  2.10767e-16
6881  2.10849e-16
6882  2.10928e-16
6883  2.11004e-16
6884  2.11077e-16
6885  2.11148e-16
6886  2.11215e-16
6887  2.11279e-16
6888  2.11339e-16
6889  2.11396e-16
6890  2.11449e-16
6891  2.11499e-16
6892  2.11544e-16
6893  2.11585e-16
6894  2.11623e-16
6895  2.11656e-16
6896  2.11685e-16
6897  2.1171e-16
6898  2.1173e-16
6899  2.11747e-16
6900  2.11759e-16
6901  2.11767e-16
6902  2.11771e-16
6903  2.11771e-16
6904  2.11767e-16
6905  2.11758e-16
6906  2.11746e-16
6907  2.1173e-16
6908  2.11711e-16
6909  2.11687e-16
6910  2.1166e-16
6911  2.1163e-16
6912  2.11597e-16
6913  2.1156e-16
6914  2.1152e-16
6915  2.11478e-16
6916  2.11433e-16
6917  2.11385e-16
6918  2.11335e-16
6919  2.11283e-16
6920  2.11229e-16
6921  2.11173e-16
6922  2.11115e-16
6923  2.11056e-16
6924  2.10996e-16
6925  2.10935e-16
6926  2.10873e-16
6927  2.1081e-16
6928  2.10746e-16
6929  2.10683e-16
6930  2.10619e-16
6931  2.10555e-16
6932  2.10492e-16
6933  2.10429e-16
6934  2.10366e-16
6935  2.10304e-16
6936  2.10243e-16
6937  2.10184e-16
6938  2.10125e-16
6939  2.10068e-16
6940  2.10012e-16
6941  2.09958e-16
6942  2.09906e-16
6943  2.09855e-16
6944  2.09807e-16
6945  2.09761e-16
6946  2.09717e-16
6947  2.09675e-16
6948  2.09635e-16
6949  2.09598e-16
6950  2.09564e-16
6951  2.09532e-16
6952  2.09503e-16
6953  2.09476e-16
6954  2.09452e-16
6955  2.0943e-16
6956  2.09411e-16
6957  2.09395e-16
6958  2.09381e-16
6959  2.0937e-16
6960  2.09362e-16
6961  2.09356e-16
6962  2.09352e-16
6963  2.09351e-16
6964  2.09353e-16
6965  2.09356e-16
6966  2.09362e-16
6967  2.0937e-16
6968  2.0938e-16
6969  2.09392e-16
6970  2.09405e-16
6971  2.09421e-16
6972  2.09438e-16
6973  2.09456e-16
6974  2.09476e-16
6975  2.09496e-16
6976  2.09518e-16
6977  2.09541e-16
6978  2.09565e-16
6979  2.09589e-16
6980  2.09614e-16
6981  2.09639e-16
6982  2.09664e-16
6983  2.0969e-16
6984  2.09715e-16
6985  2.0974e-16
6986  2.09765e-16
6987  2.09789e-16
6988  2.09812e-16
6989  2.09835e-16
6990  2.09856e-16
6991  2.09877e-16
6992  2.09896e-16
6993  2.09914e-16
6994  2.09931e-16
6995  2.09946e-16
6996  2.09959e-16
6997  2.09971e-16
6998  2.0998e-16
6999  2.09988e-16
7000  2.09993e-16
7001  2.09997e-16
7002  2.09998e-16
7003  2.09997e-16
7004  2.09993e-16
7005  2.09987e-16
7006  2.09979e-16
7007  2.09968e-16
7008  2.09954e-16
7009  2.09938e-16
7010  2.09919e-16
7011  2.09898e-16
7012  2.09874e-16
7013  2.09847e-16
7014  2.09818e-16
7015  2.09786e-16
7016  2.09752e-16
7017  2.09715e-16
7018  2.09675e-16
7019  2.09633e-16
7020  2.09589e-16
7021  2.09542e-16
7022  2.09493e-16
7023  2.09442e-16
7024  2.09388e-16
7025  2.09333e-16
7026  2.09275e-16
7027  2.09216e-16
7028  2.09155e-16
7029  2.09092e-16
7030  2.09027e-16
7031  2.08961e-16
7032  2.08893e-16
7033  2.08824e-16
7034  2.08754e-16
7035  2.08683e-16
7036  2.0861e-16
7037  2.08537e-16
7038  2.08463e-16
7039  2.08389e-16
7040  2.08313e-16
7041  2.08238e-16
7042  2.08162e-16
7043  2.08086e-16
7044  2.0801e-16
7045  2.07933e-16
7046  2.07857e-16
7047  2.07781e-16
7048  2.07706e-16
7049  2.07631e-16
7050  2.07556e-16
7051  2.07482e-16
7052  2.07409e-16
7053  2.07336e-16
7054  2.07265e-16
7055  2.07194e-16
7056  2.07125e-16
7057  2.07056e-16
7058  2.06989e-16
7059  2.06923e-16
7060  2.06859e-16
7061  2.06795e-16
7062  2.06733e-16
7063  2.06673e-16
7064  2.06614e-16
7065  2.06557e-16
7066  2.06501e-16
7067  2.06447e-16
7068  2.06394e-16
7069  2.06343e-16
7070  2.06294e-16
7071  2.06246e-16
7072  2.062e-16
7073  2.06156e-16
7074  2.06114e-16
7075  2.06073e-16
7076  2.06033e-16
7077  2.05996e-16
7078  2.0596e-16
7079  2.05925e-16
7080  2.05892e-16
7081  2.05861e-16
7082  2.05831e-16
7083  2.05803e-16
7084  2.05776e-16
7085  2.05751e-16
7086  2.05727e-16
7087  2.05704e-16
7088  2.05683e-16
7089  2.05663e-16
7090  2.05644e-16
7091  2.05627e-16
7092  2.0561e-16
7093  2.05595e-16
7094  2.0558e-16
7095  2.05567e-16
7096  2.05554e-16
7097  2.05543e-16
7098  2.05532e-16
7099  2.05523e-16
7100  2.05514e-16
7101  2.05505e-16
7102  2.05498e-16
7103  2.05491e-16
7104  2.05484e-16
7105  2.05479e-16
7106  2.05473e-16
7107  2.05469e-16
7108  2.05464e-16
7109  2.0546e-16
7110  2.05457e-16
7111  2.05454e-16
7112  2.05451e-16
7113  2.05449e-16
7114  2.05446e-16
7115  2.05444e-16
7116  2.05443e-16
7117  2.05441e-16
7118  2.0544e-16
7119  2.05439e-16
7120  2.05438e-16
7121  2.05437e-16
7122  2.05436e-16
7123  2.05436e-16
7124  2.05435e-16
7125  2.05435e-16
7126  2.05434e-16
7127  2.05434e-16
7128  2.05434e-16
7129  2.05434e-16
7130  2.05433e-16
7131  2.05433e-16
7132  2.05433e-16
7133  2.05433e-16
7134  2.05433e-16
7135  2.05433e-16
7136  2.05433e-16
7137  2.05433e-16
7138  2.05433e-16
7139  2.05433e-16
7140  2.05433e-16
7141  2.05433e-16
7142  2.05433e-16
7143  2.05433e-16
7144  2.05433e-16
7145  2.05433e-16
7146  2.05433e-16
7147  2.05433e-16
7148  2.05433e-16
7149  2.05433e-16
7150  2.05433e-16
7151  2.05433e-16
7152  2.05433e-16
7153  2.05433e-16
7154  2.05433e-16
7155  2.05433e-16
7156  2.05433e-16
7157  2.05433e-16
7158  2.05433e-16
7159  2.05433e-16
7160  2.05433e-16
7161  2.05433e-16
7162  2.05433e-16
7163  2.05433e-16