#24.637974643334754
3692.72  1.3668e-15
3694.21  1.35414e-15
3695.7   1.34035e-15
3697.19  1.3255e-15
3698.67  1.30969e-15
3700.16  1.29302e-15
3701.65  1.27562e-15
3703.14  1.25761e-15
3704.63  1.23915e-15
3706.12  1.22036e-15
3707.61  1.2014e-15
3709.1   1.18241e-15
3710.59  1.16352e-15
3712.08  1.14485e-15
3713.56  1.12653e-15
3715.05  1.10866e-15
3716.54  1.09131e-15
3718.03  1.07456e-15
3719.52  1.05846e-15
3721.01  1.04303e-15
3722.5   1.02828e-15
3723.99  1.01421e-15
3725.48  1.00079e-15
3726.97  9.87964e-16
3728.45  9.75687e-16
3729.94  9.63882e-16
3731.43  9.5247e-16
3732.92  9.41361e-16
3734.41  9.30463e-16
3735.9   9.1968e-16
3737.39  9.08921e-16
3738.88  8.98095e-16
3740.37  8.8712e-16
3741.86  8.75922e-16
3743.34  8.64438e-16
3744.83  8.52617e-16
3746.32  8.40421e-16
3747.81  8.27828e-16
3749.3   8.14828e-16
3750.79  8.0143e-16
3752.28  7.87655e-16
3753.77  7.73537e-16
3755.26  7.59126e-16
3756.75  7.44483e-16
3758.23  7.29679e-16
3759.72  7.14795e-16
3761.21  6.99919e-16
3762.7   6.85146e-16
3764.19  6.70574e-16
3765.68  6.56306e-16
3767.17  6.42443e-16
3768.66  6.29089e-16
3770.15  6.16342e-16
3771.64  6.04301e-16
3773.12  5.93058e-16
3774.61  5.82701e-16
3776.1   5.7331e-16
3777.59  5.64959e-16
3779.08  5.57714e-16
3780.57  5.51631e-16
3782.06  5.46757e-16
3783.55  5.43132e-16
3785.04  5.40784e-16
3786.53  5.39732e-16
3788.01  5.39984e-16
3789.5   5.4154e-16
3790.99  5.44389e-16
3792.48  5.48511e-16
3793.97  5.5388e-16
3795.46  5.60458e-16
3796.95  5.68203e-16
3798.44  5.77064e-16
3799.93  5.86988e-16
3801.42  5.97914e-16
3802.9   6.09782e-16
3804.39  6.22527e-16
3805.88  6.36085e-16
3807.37  6.50393e-16
3808.86  6.65389e-16
3810.35  6.81015e-16
3811.84  6.97216e-16
3813.33  7.13944e-16
3814.82  7.31155e-16
3816.31  7.48812e-16
3817.79  7.66886e-16
3819.28  7.85352e-16
3820.77  8.04195e-16
3822.26  8.23404e-16
3823.75  8.42976e-16
3825.24  8.62911e-16
3826.73  8.83214e-16
3828.22  9.03895e-16
3829.71  9.24964e-16
3831.2   9.46432e-16
3832.68  9.68309e-16
3834.17  9.90606e-16
3835.66  1.01333e-15
3837.15  1.03648e-15
3838.64  1.06005e-15
3840.13  1.08403e-15
3841.62  1.10841e-15
3843.11  1.13317e-15
3844.6   1.15826e-15
3846.09  1.18366e-15
3847.57  1.20931e-15
3849.06  1.23516e-15
3850.55  1.26115e-15
3852.04  1.28723e-15
3853.53  1.3133e-15
3855.02  1.33931e-15
3856.51  1.36518e-15
3858     1.39083e-15
3859.49  1.41618e-15
3860.98  1.44116e-15
3862.46  1.4657e-15
3863.95  1.48972e-15
3865.44  1.51317e-15
3866.93  1.53598e-15
3868.42  1.55811e-15
3869.91  1.57951e-15
3871.4   1.60013e-15
3872.89  1.61995e-15
3874.38  1.63895e-15
3875.87  1.6571e-15
3877.35  1.6744e-15
3878.84  1.69084e-15
3880.33  1.70643e-15
3881.82  1.72117e-15
3883.31  1.73507e-15
3884.8   1.74815e-15
3886.29  1.76044e-15
3887.78  1.77195e-15
3889.27  1.78272e-15
3890.76  1.79277e-15
3892.24  1.80215e-15
3893.73  1.81089e-15
3895.22  1.81903e-15
3896.71  1.82662e-15
3898.2   1.83369e-15
3899.69  1.84031e-15
3901.18  1.84653e-15
3902.67  1.85241e-15
3904.16  1.85801e-15
3905.65  1.8634e-15
3907.13  1.86865e-15
3908.62  1.87384e-15
3910.11  1.87903e-15
3911.6   1.88432e-15
3913.09  1.88977e-15
3914.58  1.89547e-15
3916.07  1.9015e-15
3917.56  1.90793e-15
3919.05  1.91482e-15
3920.54  1.92224e-15
3922.02  1.93023e-15
3923.51  1.93882e-15
3925     1.94805e-15
3926.49  1.95791e-15
3927.98  1.9684e-15
3929.47  1.97948e-15
3930.96  1.9911e-15
3932.45  2.00319e-15
3933.94  2.01566e-15
3935.43  2.0284e-15
3936.91  2.04128e-15
3938.4   2.05415e-15
3939.89  2.06686e-15
3941.38  2.07923e-15
3942.87  2.09109e-15
3944.36  2.10226e-15
3945.85  2.11254e-15
3947.34  2.12177e-15
3948.83  2.12977e-15
3950.32  2.13637e-15
3951.8   2.14144e-15
3953.29  2.14485e-15
3954.78  2.14649e-15
3956.27  2.14627e-15
3957.76  2.14415e-15
3959.25  2.14008e-15
3960.74  2.13406e-15
3962.23  2.12611e-15
3963.72  2.11628e-15
3965.21  2.10464e-15
3966.69  2.09127e-15
3968.18  2.07628e-15
3969.67  2.05981e-15
3971.16  2.04198e-15
3972.65  2.02294e-15
3974.14  2.00285e-15
3975.63  1.98185e-15
3977.12  1.96011e-15
3978.61  1.93778e-15
3980.1   1.915e-15
3981.58  1.8919e-15
3983.07  1.86862e-15
3984.56  1.84527e-15
3986.05  1.82196e-15
3987.54  1.79878e-15
3989.03  1.77582e-15
3990.52  1.75315e-15
3992.01  1.73083e-15
3993.5   1.70892e-15
3994.99  1.68748e-15
3996.47  1.66654e-15
3997.96  1.64615e-15
3999.45  1.62636e-15
4000.94  1.6072e-15
4002.43  1.58871e-15
4003.92  1.57095e-15
4005.41  1.55396e-15
4006.9   1.5378e-15
4008.39  1.5225e-15
4009.88  1.50814e-15
4011.36  1.49477e-15
4012.85  1.48245e-15
4014.34  1.47122e-15
4015.83  1.46115e-15
4017.32  1.45227e-15
4018.81  1.44462e-15
4020.3   1.43823e-15
4021.79  1.43311e-15
4023.28  1.42927e-15
4024.77  1.42668e-15
4026.25  1.42531e-15
4027.74  1.42512e-15
4029.23  1.42603e-15
4030.72  1.42795e-15
4032.21  1.43079e-15
4033.7   1.43441e-15
4035.19  1.43868e-15
4036.68  1.44344e-15
4038.17  1.44855e-15
4039.66  1.45382e-15
4041.14  1.45909e-15
4042.63  1.46419e-15
4044.12  1.46893e-15
4045.61  1.47317e-15
4047.1   1.47675e-15
4048.59  1.47952e-15
4050.08  1.48137e-15
4051.57  1.4822e-15
4053.06  1.48192e-15
4054.55  1.48049e-15
4056.03  1.47787e-15
4057.52  1.47406e-15
4059.01  1.46909e-15
4060.5   1.463e-15
4061.99  1.45587e-15
4063.48  1.44779e-15
4064.97  1.43889e-15
4066.46  1.4293e-15
4067.95  1.41916e-15
4069.44  1.40864e-15
4070.92  1.39791e-15
4072.41  1.38712e-15
4073.9   1.37645e-15
4075.39  1.36606e-15
4076.88  1.3561e-15
4078.37  1.34671e-15
4079.86  1.33801e-15
4081.35  1.3301e-15
4082.84  1.32307e-15
4084.33  1.31697e-15
4085.81  1.31184e-15
4087.3   1.30769e-15
4088.79  1.30451e-15
4090.28  1.30225e-15
4091.77  1.30085e-15
4093.26  1.30024e-15
4094.75  1.30032e-15
4096.24  1.30098e-15
4097.73  1.30209e-15
4099.21  1.30353e-15
4100.7   1.30516e-15
4102.19  1.30685e-15
4103.68  1.30846e-15
4105.17  1.30989e-15
4106.66  1.31101e-15
4108.15  1.31174e-15
4109.64  1.312e-15
4111.13  1.31173e-15
4112.62  1.31091e-15
4114.1   1.30952e-15
4115.59  1.30759e-15
4117.08  1.30514e-15
4118.57  1.30224e-15
4120.06  1.29899e-15
4121.55  1.29549e-15
4123.04  1.29186e-15
4124.53  1.28826e-15
4126.02  1.28483e-15
4127.51  1.28175e-15
4128.99  1.27918e-15
4130.48  1.27729e-15
4131.97  1.27625e-15
4133.46  1.27622e-15
4134.95  1.27735e-15
4136.44  1.27978e-15
4137.93  1.2836e-15
4139.42  1.28892e-15
4140.91  1.29579e-15
4142.4   1.30426e-15
4143.88  1.31433e-15
4145.37  1.32597e-15
4146.86  1.33915e-15
4148.35  1.35376e-15
4149.84  1.3697e-15
4151.33  1.38683e-15
4152.82  1.40499e-15
4154.31  1.42398e-15
4155.8   1.4436e-15
4157.29  1.46364e-15
4158.77  1.48386e-15
4160.26  1.50403e-15
4161.75  1.52391e-15
4163.24  1.54328e-15
4164.73  1.5619e-15
4166.22  1.57958e-15
4167.71  1.59612e-15
4169.2   1.61134e-15
4170.69  1.62511e-15
4172.18  1.63731e-15
4173.66  1.64785e-15
4175.15  1.65666e-15
4176.64  1.66373e-15
4178.13  1.66906e-15
4179.62  1.67268e-15
4181.11  1.67466e-15
4182.6   1.67509e-15
4184.09  1.67409e-15
4185.58  1.67178e-15
4187.07  1.66833e-15
4188.55  1.6639e-15
4190.04  1.65867e-15
4191.53  1.65281e-15
4193.02  1.6465e-15
4194.51  1.63992e-15
4196     1.63324e-15
4197.49  1.62661e-15
4198.98  1.62016e-15
4200.47  1.61403e-15
4201.96  1.60831e-15
4203.44  1.60309e-15
4204.93  1.59841e-15
4206.42  1.59432e-15
4207.91  1.59083e-15
4209.4   1.58793e-15
4210.89  1.58559e-15
4212.38  1.58376e-15
4213.87  1.58239e-15
4215.36  1.58139e-15
4216.85  1.58068e-15
4218.33  1.58017e-15
4219.82  1.57977e-15
4221.31  1.57938e-15
4222.8   1.57892e-15
4224.29  1.5783e-15
4225.78  1.57745e-15
4227.27  1.57631e-15
4228.76  1.57484e-15
4230.25  1.57299e-15
4231.74  1.57077e-15
4233.22  1.56816e-15
4234.71  1.5652e-15
4236.2   1.56192e-15
4237.69  1.55837e-15
4239.18  1.55463e-15
4240.67  1.55077e-15
4242.16  1.54691e-15
4243.65  1.54313e-15
4245.14  1.53955e-15
4246.63  1.53629e-15
4248.11  1.53347e-15
4249.6   1.53121e-15
4251.09  1.52963e-15
4252.58  1.52883e-15
4254.07  1.52891e-15
4255.56  1.52998e-15
4257.05  1.53211e-15
4258.54  1.53537e-15
4260.03  1.53981e-15
4261.52  1.54548e-15
4263     1.55238e-15
4264.49  1.56052e-15
4265.98  1.56989e-15
4267.47  1.58045e-15
4268.96  1.59217e-15
4270.45  1.60496e-15
4271.94  1.61875e-15
4273.43  1.63344e-15
4274.92  1.64892e-15
4276.41  1.66507e-15
4277.89  1.68175e-15
4279.38  1.69882e-15
4280.87  1.71612e-15
4282.36  1.7335e-15
4283.85  1.75078e-15
4285.34  1.76781e-15
4286.83  1.78441e-15
4288.32  1.80041e-15
4289.81  1.81564e-15
4291.3   1.82994e-15
4292.78  1.84316e-15
4294.27  1.85513e-15
4295.76  1.86573e-15
4297.25  1.87482e-15
4298.74  1.88228e-15
4300.23  1.88802e-15
4301.72  1.89193e-15
4303.21  1.89397e-15
4304.7   1.89406e-15
4306.19  1.89218e-15
4307.67  1.88832e-15
4309.16  1.88248e-15
4310.65  1.87469e-15
4312.14  1.86499e-15
4313.63  1.85346e-15
4315.12  1.84017e-15
4316.61  1.82523e-15
4318.1   1.80875e-15
4319.59  1.79086e-15
4321.08  1.77171e-15
4322.56  1.75145e-15
4324.05  1.73024e-15
4325.54  1.70823e-15
4327.03  1.68559e-15
4328.52  1.66249e-15
4330.01  1.63908e-15
4331.5   1.61551e-15
4332.99  1.59194e-15
4334.48  1.56849e-15
4335.97  1.54528e-15
4337.45  1.52242e-15
4338.94  1.5e-15
4340.43  1.47809e-15
4341.92  1.45674e-15
4343.41  1.43601e-15
4344.9   1.4159e-15
4346.39  1.39643e-15
4347.88  1.37758e-15
4349.37  1.35934e-15
4350.86  1.34166e-15
4352.34  1.32452e-15
4353.83  1.30784e-15
4355.32  1.29157e-15
4356.81  1.27565e-15
4358.3   1.26002e-15
4359.79  1.2446e-15
4361.28  1.22935e-15
4362.77  1.21419e-15
4364.26  1.1991e-15
4365.75  1.18402e-15
4367.23  1.16892e-15
4368.72  1.15379e-15
4370.21  1.13863e-15
4371.7   1.12344e-15
4373.19  1.10823e-15
4374.68  1.09305e-15
4376.17  1.07795e-15
4377.66  1.06297e-15
4379.15  1.04818e-15
4380.64  1.03367e-15
4382.12  1.01952e-15
4383.61  1.00581e-15
4385.1   9.9264e-16
4386.59  9.80104e-16
4388.08  9.68295e-16
4389.57  9.57299e-16
4391.06  9.472e-16
4392.55  9.38073e-16
4394.04  9.29981e-16
4395.53  9.22979e-16
4397.01  9.17104e-16
4398.5   9.12383e-16
4399.99  9.08825e-16
4401.48  9.06424e-16
4402.97  9.05159e-16
4404.46  9.04992e-16
4405.95  9.05874e-16
4407.44  9.07738e-16
4408.93  9.1051e-16
4410.42  9.14101e-16
4411.9   9.18418e-16
4413.39  9.23361e-16
4414.88  9.28825e-16
4416.37  9.34706e-16
4417.86  9.40902e-16
4419.35  9.47311e-16
4420.84  9.53841e-16
4422.33  9.60406e-16
4423.82  9.6693e-16
4425.31  9.73349e-16
4426.79  9.79609e-16
4428.28  9.85671e-16
4429.77  9.91509e-16
4431.26  9.97109e-16
4432.75  1.00247e-15
4434.24  1.00761e-15
4435.73  1.01254e-15
4437.22  1.0173e-15
4438.71  1.02193e-15
4440.2   1.02648e-15
4441.68  1.03099e-15
4443.17  1.03552e-15
4444.66  1.04014e-15
4446.15  1.04488e-15
4447.64  1.0498e-15
4449.13  1.05496e-15
4450.62  1.06039e-15
4452.11  1.06612e-15
4453.6   1.0722e-15
4455.09  1.07864e-15
4456.57  1.08546e-15
4458.06  1.09267e-15
4459.55  1.10027e-15
4461.04  1.10826e-15
4462.53  1.11663e-15
4464.02  1.12537e-15
4465.51  1.13446e-15
4467     1.1439e-15
4468.49  1.15366e-15
4469.98  1.16374e-15
4471.46  1.17411e-15
4472.95  1.18479e-15
4474.44  1.19576e-15
4475.93  1.20702e-15
4477.42  1.21859e-15
4478.91  1.23048e-15
4480.4   1.24271e-15
4481.89  1.2553e-15
4483.38  1.26829e-15
4484.87  1.28172e-15
4486.35  1.29562e-15
4487.84  1.31005e-15
4489.33  1.32506e-15
4490.82  1.3407e-15
4492.31  1.35702e-15
4493.8   1.37408e-15
4495.29  1.39194e-15
4496.78  1.41066e-15
4498.27  1.43029e-15
4499.76  1.45089e-15
4501.24  1.4725e-15
4502.73  1.49518e-15
4504.22  1.51898e-15
4505.71  1.54394e-15
4507.2   1.5701e-15
4508.69  1.5975e-15
4510.18  1.62617e-15
4511.67  1.65614e-15
4513.16  1.68744e-15
4514.65  1.72009e-15
4516.13  1.75409e-15
4517.62  1.78945e-15
4519.11  1.82617e-15
4520.6   1.86424e-15
4522.09  1.90364e-15
4523.58  1.94433e-15
4525.07  1.98628e-15
4526.56  2.02943e-15
4528.05  2.07371e-15
4529.54  2.11903e-15
4531.02  2.16531e-15
4532.51  2.21242e-15
4534     2.26024e-15
4535.49  2.30863e-15
4536.98  2.35744e-15
4538.47  2.40649e-15
4539.96  2.45562e-15
4541.45  2.50463e-15
4542.94  2.55334e-15
4544.43  2.60155e-15
4545.91  2.64907e-15
4547.4   2.69572e-15
4548.89  2.74131e-15
4550.38  2.78568e-15
4551.87  2.82867e-15
4553.36  2.87017e-15
4554.85  2.91004e-15
4556.34  2.94823e-15
4557.83  2.98467e-15
4559.32  3.01934e-15
4560.8   3.05226e-15
4562.29  3.08348e-15
4563.78  3.11308e-15
4565.27  3.14116e-15
4566.76  3.16787e-15
4568.25  3.19339e-15
4569.74  3.21791e-15
4571.23  3.24165e-15
4572.72  3.26484e-15
4574.21  3.28772e-15
4575.69  3.31053e-15
4577.18  3.33352e-15
4578.67  3.35691e-15
4580.16  3.38092e-15
4581.65  3.40573e-15
4583.14  3.43152e-15
4584.63  3.4584e-15
4586.12  3.48647e-15
4587.61  3.51577e-15
4589.1   3.5463e-15
4590.58  3.578e-15
4592.07  3.61078e-15
4593.56  3.64449e-15
4595.05  3.67893e-15
4596.54  3.71386e-15
4598.03  3.74899e-15
4599.52  3.784e-15
4601.01  3.81853e-15
4602.5   3.85221e-15
4603.99  3.88463e-15
4605.47  3.91537e-15
4606.96  3.94402e-15
4608.45  3.97017e-15
4609.94  3.9934e-15
4611.43  4.01332e-15
4612.92  4.02958e-15
4614.41  4.04183e-15
4615.9   4.04978e-15
4617.39  4.05317e-15
4618.88  4.0518e-15
4620.36  4.04549e-15
4621.85  4.03414e-15
4623.34  4.01769e-15
4624.83  3.99613e-15
4626.32  3.96952e-15
4627.81  3.93795e-15
4629.3   3.90158e-15
4630.79  3.8606e-15
4632.28  3.81524e-15
4633.77  3.76579e-15
4635.25  3.71255e-15
4636.74  3.65587e-15
4638.23  3.5961e-15
4639.72  3.53364e-15
4641.21  3.46886e-15
4642.7   3.40219e-15
4644.19  3.33401e-15
4645.68  3.26473e-15
4647.17  3.19476e-15
4648.66  3.12446e-15
4650.14  3.05422e-15
4651.63  2.98437e-15
4653.12  2.91526e-15
4654.61  2.84718e-15
4656.1   2.78041e-15
4657.59  2.71521e-15
4659.08  2.6518e-15
4660.57  2.59038e-15
4662.06  2.53111e-15
4663.55  2.47413e-15
4665.03  2.41955e-15
4666.52  2.36744e-15
4668.01  2.31785e-15
4669.5   2.27082e-15
4670.99  2.22635e-15
4672.48  2.1844e-15
4673.97  2.14495e-15
4675.46  2.10792e-15
4676.95  2.07323e-15
4678.44  2.04078e-15
4679.92  2.01046e-15
4681.41  1.98214e-15
4682.9   1.95569e-15
4684.39  1.93095e-15
4685.88  1.90778e-15
4687.37  1.88602e-15
4688.86  1.8655e-15
4690.35  1.84606e-15
4691.84  1.82755e-15
4693.33  1.80981e-15
4694.81  1.79268e-15
4696.3   1.77601e-15
4697.79  1.75968e-15
4699.28  1.74355e-15
4700.77  1.7275e-15
4702.26  1.71144e-15
4703.75  1.69528e-15
4705.24  1.67894e-15
4706.73  1.66236e-15
4708.22  1.64551e-15
4709.7   1.62836e-15
4711.19  1.61091e-15
4712.68  1.59317e-15
4714.17  1.57515e-15
4715.66  1.55692e-15
4717.15  1.53853e-15
4718.64  1.52005e-15
4720.13  1.50156e-15
4721.62  1.48317e-15
4723.11  1.46499e-15
4724.59  1.44712e-15
4726.08  1.42968e-15
4727.57  1.41281e-15
4729.06  1.39663e-15
4730.55  1.38126e-15
4732.04  1.36684e-15
4733.53  1.35348e-15
4735.02  1.34129e-15
4736.51  1.33039e-15
4738     1.32089e-15
4739.48  1.31286e-15
4740.97  1.30641e-15
4742.46  1.30159e-15
4743.95  1.29846e-15
4745.44  1.29708e-15
4746.93  1.29749e-15
4748.42  1.2997e-15
4749.91  1.30373e-15
4751.4   1.30958e-15
4752.89  1.31724e-15
4754.37  1.32667e-15
4755.86  1.33785e-15
4757.35  1.35073e-15
4758.84  1.36524e-15
4760.33  1.38131e-15
4761.82  1.39885e-15
4763.31  1.41778e-15
4764.8   1.43798e-15
4766.29  1.45934e-15
4767.78  1.48172e-15
4769.26  1.50498e-15
4770.75  1.52898e-15
4772.24  1.55355e-15
4773.73  1.57851e-15
4775.22  1.6037e-15
4776.71  1.62891e-15
4778.2   1.65396e-15
4779.69  1.67866e-15
4781.18  1.70279e-15
4782.67  1.72617e-15
4784.15  1.74859e-15
4785.64  1.76985e-15
4787.13  1.78978e-15
4788.62  1.80819e-15
4790.11  1.82491e-15
4791.6   1.8398e-15
4793.09  1.85273e-15
4794.58  1.86357e-15
4796.07  1.87224e-15
4797.56  1.87868e-15
4799.04  1.88284e-15
4800.53  1.8847e-15
4802.02  1.88429e-15
4803.51  1.88163e-15
4805     1.8768e-15
4806.49  1.86989e-15
4807.98  1.86103e-15
4809.47  1.85035e-15
4810.96  1.83803e-15
4812.45  1.82424e-15
4813.93  1.80919e-15
4815.42  1.7931e-15
4816.91  1.77619e-15
4818.4   1.75869e-15
4819.89  1.74085e-15
4821.38  1.7229e-15
4822.87  1.70509e-15
4824.36  1.68763e-15
4825.85  1.67077e-15
4827.34  1.6547e-15
4828.82  1.63964e-15
4830.31  1.62577e-15
4831.8   1.61325e-15
4833.29  1.60225e-15
4834.78  1.5929e-15
4836.27  1.5853e-15
4837.76  1.57957e-15
4839.25  1.57577e-15
4840.74  1.57397e-15
4842.23  1.5742e-15
4843.71  1.57647e-15
4845.2   1.58081e-15
4846.69  1.58718e-15
4848.18  1.59556e-15
4849.67  1.6059e-15
4851.16  1.61815e-15
4852.65  1.63224e-15
4854.14  1.64807e-15
4855.63  1.66556e-15
4857.12  1.68462e-15
4858.6   1.70512e-15
4860.09  1.72696e-15
4861.58  1.75003e-15
4863.07  1.7742e-15
4864.56  1.79936e-15
4866.05  1.82538e-15
4867.54  1.85215e-15
4869.03  1.87956e-15
4870.52  1.90749e-15
4872.01  1.93586e-15
4873.49  1.96455e-15
4874.98  1.99349e-15
4876.47  2.02259e-15
4877.96  2.0518e-15
4879.45  2.08106e-15
4880.94  2.11031e-15
4882.43  2.13953e-15
4883.92  2.16869e-15
4885.41  2.19777e-15
4886.9   2.22676e-15
4888.38  2.25567e-15
4889.87  2.2845e-15
4891.36  2.31325e-15
4892.85  2.34195e-15
4894.34  2.37059e-15
4895.83  2.39919e-15
4897.32  2.42775e-15
4898.81  2.45627e-15
4900.3   2.48474e-15
4901.79  2.51312e-15
4903.27  2.54139e-15
4904.76  2.56949e-15
4906.25  2.59736e-15
4907.74  2.62489e-15
4909.23  2.652e-15
4910.72  2.67856e-15
4912.21  2.70441e-15
4913.7   2.72942e-15
4915.19  2.75339e-15
4916.68  2.77615e-15
4918.16  2.79749e-15
4919.65  2.8172e-15
4921.14  2.83507e-15
4922.63  2.85088e-15
4924.12  2.86442e-15
4925.61  2.87549e-15
4927.1   2.88389e-15
4928.59  2.88943e-15
4930.08  2.89196e-15
4931.57  2.89134e-15
4933.05  2.88747e-15
4934.54  2.88026e-15
4936.03  2.86967e-15
4937.52  2.85569e-15
4939.01  2.83835e-15
4940.5   2.81772e-15
4941.99  2.7939e-15
4943.48  2.76704e-15
4944.97  2.73731e-15
4946.46  2.70493e-15
4947.94  2.67013e-15
4949.43  2.6332e-15
4950.92  2.59443e-15
4952.41  2.55412e-15
4953.9   2.5126e-15
4955.39  2.4702e-15
4956.88  2.42725e-15
4958.37  2.38409e-15
4959.86  2.34104e-15
4961.35  2.29839e-15
4962.83  2.25645e-15
4964.32  2.21547e-15
4965.81  2.17569e-15
4967.3   2.13733e-15
4968.79  2.10055e-15
4970.28  2.06549e-15
4971.77  2.03228e-15
4973.26  2.00098e-15
4974.75  1.97164e-15
4976.24  1.94426e-15
4977.72  1.91882e-15
4979.21  1.89529e-15
4980.7   1.87358e-15
4982.19  1.85361e-15
4983.68  1.83528e-15
4985.17  1.81846e-15
4986.66  1.80303e-15
4988.15  1.78887e-15
4989.64  1.77582e-15
4991.13  1.76378e-15
4992.61  1.7526e-15
4994.1   1.74219e-15
4995.59  1.73242e-15
4997.08  1.7232e-15
4998.57  1.71446e-15
5000.06  1.70611e-15
5001.55  1.69812e-15
5003.04  1.69042e-15
5004.53  1.68299e-15
5006.02  1.67581e-15
5007.5   1.66887e-15
5008.99  1.66216e-15
5010.48  1.65568e-15
5011.97  1.64945e-15
5013.46  1.64347e-15
5014.95  1.63776e-15
5016.44  1.63231e-15
5017.93  1.62715e-15
5019.42  1.62227e-15
5020.91  1.61768e-15
5022.39  1.61337e-15
5023.88  1.60934e-15
5025.37  1.60557e-15
5026.86  1.60204e-15
5028.35  1.59873e-15
5029.84  1.59561e-15
5031.33  1.59266e-15
5032.82  1.58984e-15
5034.31  1.58712e-15
5035.8   1.58446e-15
5037.28  1.58184e-15
5038.77  1.57923e-15
5040.26  1.57659e-15
5041.75  1.5739e-15
5043.24  1.57115e-15
5044.73  1.56833e-15
5046.22  1.56542e-15
5047.71  1.56242e-15
5049.2   1.55933e-15
5050.69  1.55618e-15
5052.17  1.55296e-15
5053.66  1.54969e-15
5055.15  1.54641e-15
5056.64  1.54314e-15
5058.13  1.53989e-15
5059.62  1.53671e-15
5061.11  1.53362e-15
5062.6   1.53066e-15
5064.09  1.52784e-15
5065.58  1.5252e-15
5067.06  1.52275e-15
5068.55  1.52052e-15
5070.04  1.51852e-15
5071.53  1.51675e-15
5073.02  1.51522e-15
5074.51  1.51393e-15
5076     1.51286e-15
5077.49  1.512e-15
5078.98  1.51133e-15
5080.47  1.51082e-15
5081.95  1.51046e-15
5083.44  1.51019e-15
5084.93  1.50999e-15
5086.42  1.50983e-15
5087.91  1.50965e-15
5089.4   1.50942e-15
5090.89  1.50912e-15
5092.38  1.50869e-15
5093.87  1.50812e-15
5095.36  1.50737e-15
5096.84  1.50643e-15
5098.33  1.50529e-15
5099.82  1.50394e-15
5101.31  1.50238e-15
5102.8   1.50065e-15
5104.29  1.49875e-15
5105.78  1.49673e-15
5107.27  1.49462e-15
5108.76  1.4925e-15
5110.25  1.49042e-15
5111.73  1.48846e-15
5113.22  1.4867e-15
5114.71  1.48524e-15
5116.2   1.48416e-15
5117.69  1.48356e-15
5119.18  1.48355e-15
5120.67  1.48422e-15
5122.16  1.48566e-15
5123.65  1.48797e-15
5125.14  1.49124e-15
5126.62  1.49552e-15
5128.11  1.50089e-15
5129.6   1.50739e-15
5131.09  1.51505e-15
5132.58  1.52389e-15
5134.07  1.53391e-15
5135.56  1.54509e-15
5137.05  1.55739e-15
5138.54  1.57076e-15
5140.03  1.58513e-15
5141.51  1.60042e-15
5143     1.61652e-15
5144.49  1.63334e-15
5145.98  1.65076e-15
5147.47  1.66866e-15
5148.96  1.68692e-15
5150.45  1.70544e-15
5151.94  1.72409e-15
5153.43  1.74279e-15
5154.92  1.76143e-15
5156.4   1.77996e-15
5157.89  1.79833e-15
5159.38  1.81649e-15
5160.87  1.83444e-15
5162.36  1.8522e-15
5163.85  1.8698e-15
5165.34  1.8873e-15
5166.83  1.90479e-15
5168.32  1.92236e-15
5169.81  1.94013e-15
5171.29  1.95823e-15
5172.78  1.97681e-15
5174.27  1.99601e-15
5175.76  2.01598e-15
5177.25  2.03687e-15
5178.74  2.05881e-15
5180.23  2.08192e-15
5181.72  2.10632e-15
5183.21  2.13208e-15
5184.7   2.15928e-15
5186.18  2.18794e-15
5187.67  2.21806e-15
5189.16  2.24962e-15
5190.65  2.28256e-15
5192.14  2.31679e-15
5193.63  2.3522e-15
5195.12  2.38862e-15
5196.61  2.42591e-15
5198.1   2.46385e-15
5199.59  2.50225e-15
5201.07  2.54089e-15
5202.56  2.57953e-15
5204.05  2.61797e-15
5205.54  2.65597e-15
5207.03  2.69333e-15
5208.52  2.72986e-15
5210.01  2.76537e-15
5211.5   2.79973e-15
5212.99  2.83281e-15
5214.48  2.86453e-15
5215.96  2.89482e-15
5217.45  2.92368e-15
5218.94  2.9511e-15
5220.43  2.97713e-15
5221.92  3.00186e-15
5223.41  3.02539e-15
5224.9   3.04786e-15
5226.39  3.06941e-15
5227.88  3.09021e-15
5229.37  3.11046e-15
5230.85  3.13033e-15
5232.34  3.15002e-15
5233.83  3.16971e-15
5235.32  3.18958e-15
5236.81  3.20978e-15
5238.3   3.23047e-15
5239.79  3.25175e-15
5241.28  3.27371e-15
5242.77  3.29643e-15
5244.26  3.31992e-15
5245.74  3.34419e-15
5247.23  3.36921e-15
5248.72  3.3949e-15
5250.21  3.42118e-15
5251.7   3.44793e-15
5253.19  3.475e-15
5254.68  3.50222e-15
5256.17  3.52941e-15
5257.66  3.55639e-15
5259.15  3.58294e-15
5260.63  3.60886e-15
5262.12  3.63395e-15
5263.61  3.65802e-15
5265.1   3.68088e-15
5266.59  3.70236e-15
5268.08  3.72231e-15
5269.57  3.7406e-15
5271.06  3.75712e-15
5272.55  3.77179e-15
5274.04  3.78456e-15
5275.52  3.79539e-15
5277.01  3.80429e-15
5278.5   3.81128e-15
5279.99  3.8164e-15
5281.48  3.81974e-15
5282.97  3.82137e-15
5284.46  3.8214e-15
5285.95  3.81995e-15
5287.44  3.81715e-15
5288.93  3.81314e-15
5290.41  3.80805e-15
5291.9   3.80202e-15
5293.39  3.79519e-15
5294.88  3.78768e-15
5296.37  3.7796e-15
5297.86  3.77108e-15
5299.35  3.7622e-15
5300.84  3.75305e-15
5302.33  3.74368e-15
5303.82  3.73416e-15
5305.3   3.72451e-15
5306.79  3.71477e-15
5308.28  3.70493e-15
5309.77  3.69501e-15
5311.26  3.685e-15
5312.75  3.67487e-15
5314.24  3.66462e-15
5315.73  3.65423e-15
5317.22  3.64367e-15
5318.71  3.63293e-15
5320.19  3.622e-15
5321.68  3.61089e-15
5323.17  3.5996e-15
5324.66  3.58815e-15
5326.15  3.57657e-15
5327.64  3.56491e-15
5329.13  3.55322e-15
5330.62  3.54158e-15
5332.11  3.53006e-15
5333.6   3.51874e-15
5335.08  3.50773e-15
5336.57  3.49712e-15
5338.06  3.48703e-15
5339.55  3.47755e-15
5341.04  3.4688e-15
5342.53  3.46086e-15
5344.02  3.45384e-15
5345.51  3.44782e-15
5347     3.44286e-15
5348.49  3.43902e-15
5349.97  3.43636e-15
5351.46  3.43488e-15
5352.95  3.4346e-15
5354.44  3.43551e-15
5355.93  3.43758e-15
5357.42  3.44077e-15
5358.91  3.44501e-15
5360.4   3.45022e-15
5361.89  3.45632e-15
5363.38  3.4632e-15
5364.86  3.47075e-15
5366.35  3.47886e-15
5367.84  3.48741e-15
5369.33  3.49627e-15
5370.82  3.50532e-15
5372.31  3.51445e-15
5373.8   3.52355e-15
5375.29  3.53251e-15
5376.78  3.54126e-15
5378.27  3.5497e-15
5379.75  3.55779e-15
5381.24  3.56546e-15
5382.73  3.57268e-15
5384.22  3.57943e-15
5385.71  3.5857e-15
5387.2   3.59149e-15
5388.69  3.59683e-15
5390.18  3.60174e-15
5391.67  3.60625e-15
5393.16  3.61041e-15
5394.64  3.61426e-15
5396.13  3.61784e-15
5397.62  3.62121e-15
5399.11  3.6244e-15
5400.6   3.62745e-15
5402.09  3.63041e-15
5403.58  3.63328e-15
5405.07  3.6361e-15
5406.56  3.63887e-15
5408.05  3.64159e-15
5409.53  3.64424e-15
5411.02  3.64682e-15
5412.51  3.64928e-15
5414     3.65161e-15
5415.49  3.65374e-15
5416.98  3.65564e-15
5418.47  3.65726e-15
5419.96  3.65855e-15
5421.45  3.65945e-15
5422.94  3.65992e-15
5424.42  3.65991e-15
5425.91  3.65939e-15
5427.4   3.65832e-15
5428.89  3.65667e-15
5430.38  3.65443e-15
5431.87  3.65158e-15
5433.36  3.64813e-15
5434.85  3.64409e-15
5436.34  3.63945e-15
5437.83  3.63426e-15
5439.31  3.62853e-15
5440.8   3.6223e-15
5442.29  3.61561e-15
5443.78  3.60849e-15
5445.27  3.60098e-15
5446.76  3.59312e-15
5448.25  3.58496e-15
5449.74  3.57653e-15
5451.23  3.56785e-15
5452.72  3.55895e-15
5454.2   3.54986e-15
5455.69  3.5406e-15
5457.18  3.53117e-15
5458.67  3.52158e-15
5460.16  3.51182e-15
5461.65  3.5019e-15
5463.14  3.49181e-15
5464.63  3.48152e-15
5466.12  3.47103e-15
5467.61  3.46032e-15
5469.09  3.44938e-15
5470.58  3.43817e-15
5472.07  3.4267e-15
5473.56  3.41494e-15
5475.05  3.40289e-15
5476.54  3.39053e-15
5478.03  3.37786e-15
5479.52  3.36489e-15
5481.01  3.3516e-15
5482.5   3.33802e-15
5483.98  3.32415e-15
5485.47  3.31e-15
5486.96  3.29559e-15
5488.45  3.28095e-15
5489.94  3.26608e-15
5491.43  3.25102e-15
5492.92  3.23578e-15
5494.41  3.22039e-15
5495.9   3.20487e-15
5497.39  3.18923e-15
5498.87  3.17351e-15
5500.36  3.1577e-15
5501.85  3.14183e-15
5503.34  3.12591e-15
5504.83  3.10995e-15
5506.32  3.09396e-15
5507.81  3.07795e-15
5509.3   3.06191e-15
5510.79  3.04586e-15
5512.28  3.0298e-15
5513.76  3.01372e-15
5515.25  2.99764e-15
5516.74  2.98154e-15
5518.23  2.96545e-15
5519.72  2.94935e-15
5521.21  2.93325e-15
5522.7   2.91716e-15
5524.19  2.90108e-15
5525.68  2.88501e-15
5527.17  2.86897e-15
5528.65  2.85296e-15
5530.14  2.83699e-15
5531.63  2.82106e-15
5533.12  2.80519e-15
5534.61  2.78938e-15
5536.1   2.77363e-15
5537.59  2.75795e-15
5539.08  2.74236e-15
5540.57  2.72685e-15
5542.06  2.71142e-15
5543.54  2.69609e-15
5545.03  2.68084e-15
5546.52  2.66569e-15
5548.01  2.65063e-15
5549.5   2.63565e-15
5550.99  2.62076e-15
5552.48  2.60596e-15
5553.97  2.59124e-15
5555.46  2.57659e-15
5556.95  2.56202e-15
5558.43  2.54752e-15
5559.92  2.53308e-15
5561.41  2.51869e-15
5562.9   2.50437e-15
5564.39  2.49009e-15
5565.88  2.47585e-15
5567.37  2.46166e-15
5568.86  2.4475e-15
5570.35  2.43337e-15
5571.84  2.41927e-15
5573.32  2.4052e-15
5574.81  2.39114e-15
5576.3   2.3771e-15
5577.79  2.36308e-15
5579.28  2.34907e-15
5580.77  2.33506e-15
5582.26  2.32107e-15
5583.75  2.30707e-15
5585.24  2.29309e-15
5586.73  2.2791e-15
5588.21  2.26512e-15
5589.7   2.25113e-15
5591.19  2.23715e-15
5592.68  2.22316e-15
5594.17  2.20917e-15
5595.66  2.19518e-15
5597.15  2.18119e-15
5598.64  2.1672e-15
5600.13  2.1532e-15
5601.62  2.1392e-15
5603.1   2.12519e-15
5604.59  2.11118e-15
5606.08  2.09716e-15
5607.57  2.08315e-15
5609.06  2.06912e-15
5610.55  2.05509e-15
5612.04  2.04107e-15
5613.53  2.02704e-15
5615.02  2.01301e-15
5616.51  1.999e-15
5617.99  1.985e-15
5619.48  1.97103e-15
5620.97  1.95709e-15
5622.46  1.94319e-15
5623.95  1.92935e-15
5625.44  1.91558e-15
5626.93  1.90189e-15
5628.42  1.8883e-15
5629.91  1.87484e-15
5631.4   1.86151e-15
5632.88  1.84833e-15
5634.37  1.83533e-15
5635.86  1.82253e-15
5637.35  1.80993e-15
5638.84  1.79756e-15
5640.33  1.78542e-15
5641.82  1.77354e-15
5643.31  1.76192e-15
5644.8   1.75057e-15
5646.29  1.7395e-15
5647.77  1.7287e-15
5649.26  1.71817e-15
5650.75  1.70792e-15
5652.24  1.69793e-15
5653.73  1.6882e-15
5655.22  1.67871e-15
5656.71  1.66946e-15
5658.2   1.66043e-15
5659.69  1.65161e-15
5661.18  1.64299e-15
5662.66  1.63456e-15
5664.15  1.6263e-15
5665.64  1.61821e-15
5667.13  1.61028e-15
5668.62  1.60251e-15
5670.11  1.5949e-15
5671.6   1.58746e-15
5673.09  1.58019e-15
5674.58  1.57311e-15
5676.07  1.56623e-15
5677.55  1.55956e-15
5679.04  1.55314e-15
5680.53  1.54697e-15
5682.02  1.54109e-15
5683.51  1.53552e-15
5685     1.53028e-15
5686.49  1.52541e-15
5687.98  1.52092e-15
5689.47  1.51684e-15
5690.96  1.51318e-15
5692.44  1.50997e-15
5693.93  1.50721e-15
5695.42  1.50493e-15
5696.91  1.50313e-15
5698.4   1.50181e-15
5699.89  1.50098e-15
5701.38  1.50065e-15
5702.87  1.50081e-15
5704.36  1.50148e-15
5705.85  1.50264e-15
5707.33  1.50431e-15
5708.82  1.5065e-15
5710.31  1.50921e-15
5711.8   1.51245e-15
5713.29  1.51626e-15
5714.78  1.52065e-15
5716.27  1.52566e-15
5717.76  1.53131e-15
5719.25  1.53766e-15
5720.74  1.54475e-15
5722.22  1.55262e-15
5723.71  1.56133e-15
5725.2   1.57093e-15
5726.69  1.58149e-15
5728.18  1.59304e-15
5729.67  1.60564e-15
5731.16  1.61934e-15
5732.65  1.63416e-15
5734.14  1.65015e-15
5735.63  1.66731e-15
5737.11  1.68565e-15
5738.6   1.70517e-15
5740.09  1.72585e-15
5741.58  1.74765e-15
5743.07  1.77053e-15
5744.56  1.79441e-15
5746.05  1.81923e-15
5747.54  1.8449e-15
5749.03  1.87131e-15
5750.52  1.89837e-15
5752     1.92595e-15
5753.49  1.95395e-15
5754.98  1.98223e-15
5756.47  2.01069e-15
5757.96  2.03921e-15
5759.45  2.06769e-15
5760.94  2.09602e-15
5762.43  2.12414e-15
5763.92  2.15198e-15
5765.41  2.17948e-15
5766.89  2.20662e-15
5768.38  2.23338e-15
5769.87  2.25978e-15
5771.36  2.28584e-15
5772.85  2.31162e-15
5774.34  2.33718e-15
5775.83  2.36261e-15
5777.32  2.38799e-15
5778.81  2.41345e-15
5780.3   2.43909e-15
5781.78  2.46504e-15
5783.27  2.4914e-15
5784.76  2.5183e-15
5786.25  2.54584e-15
5787.74  2.5741e-15
5789.23  2.60317e-15
5790.72  2.63309e-15
5792.21  2.6639e-15
5793.7   2.6956e-15
5795.19  2.72816e-15
5796.67  2.76153e-15
5798.16  2.79563e-15
5799.65  2.83034e-15
5801.14  2.86553e-15
5802.63  2.90103e-15
5804.12  2.93664e-15
5805.61  2.97218e-15
5807.1   3.00742e-15
5808.59  3.04213e-15
5810.08  3.07609e-15
5811.56  3.10907e-15
5813.05  3.14086e-15
5814.54  3.17127e-15
5816.03  3.20011e-15
5817.52  3.22724e-15
5819.01  3.25255e-15
5820.5   3.27595e-15
5821.99  3.29741e-15
5823.48  3.31693e-15
5824.97  3.33456e-15
5826.45  3.35037e-15
5827.94  3.36449e-15
5829.43  3.37709e-15
5830.92  3.38836e-15
5832.41  3.3985e-15
5833.9   3.40777e-15
5835.39  3.41641e-15
5836.88  3.42467e-15
5838.37  3.43281e-15
5839.86  3.44107e-15
5841.34  3.44965e-15
5842.83  3.45877e-15
5844.32  3.46857e-15
5845.81  3.47918e-15
5847.3   3.49067e-15
5848.79  3.50307e-15
5850.28  3.51636e-15
5851.77  3.53049e-15
5853.26  3.54533e-15
5854.75  3.56073e-15
5856.23  3.57651e-15
5857.72  3.59243e-15
5859.21  3.60825e-15
5860.7   3.6237e-15
5862.19  3.6385e-15
5863.68  3.65239e-15
5865.17  3.6651e-15
5866.66  3.67638e-15
5868.15  3.686e-15
5869.64  3.69378e-15
5871.12  3.69957e-15
5872.61  3.70324e-15
5874.1   3.70474e-15
5875.59  3.70404e-15
5877.08  3.70116e-15
5878.57  3.69617e-15
5880.06  3.68919e-15
5881.55  3.68034e-15
5883.04  3.66981e-15
5884.53  3.65778e-15
5886.01  3.64447e-15
5887.5   3.6301e-15
5888.99  3.61488e-15
5890.48  3.59902e-15
5891.97  3.58272e-15
5893.46  3.56616e-15
5894.95  3.54949e-15
5896.44  3.53282e-15
5897.93  3.51624e-15
5899.42  3.4998e-15
5900.9   3.48351e-15
5902.39  3.46735e-15
5903.88  3.45128e-15
5905.37  3.4352e-15
5906.86  3.41901e-15
5908.35  3.4026e-15
5909.84  3.38581e-15
5911.33  3.3685e-15
5912.82  3.35054e-15
5914.31  3.33178e-15
5915.79  3.31209e-15
5917.28  3.29138e-15
5918.77  3.26955e-15
5920.26  3.24655e-15
5921.75  3.22237e-15
5923.24  3.19699e-15
5924.73  3.17048e-15
5926.22  3.1429e-15
5927.71  3.11437e-15
5929.2   3.08503e-15
5930.68  3.05503e-15
5932.17  3.02458e-15
5933.66  2.99387e-15
5935.15  2.96314e-15
5936.64  2.93259e-15
5938.13  2.90247e-15
5939.62  2.873e-15
5941.11  2.84438e-15
5942.6   2.81681e-15
5944.09  2.79046e-15
5945.57  2.76548e-15
5947.06  2.742e-15
5948.55  2.72009e-15
5950.04  2.69982e-15
5951.53  2.68121e-15
5953.02  2.66424e-15
5954.51  2.64888e-15
5956     2.63504e-15
5957.49  2.62265e-15
5958.98  2.61156e-15
5960.46  2.60165e-15
5961.95  2.59275e-15
5963.44  2.5847e-15
5964.93  2.57734e-15
5966.42  2.57048e-15
5967.91  2.56397e-15
5969.4   2.55765e-15
5970.89  2.55137e-15
5972.38  2.545e-15
5973.87  2.53843e-15
5975.35  2.53157e-15
5976.84  2.52433e-15
5978.33  2.51667e-15
5979.82  2.50855e-15
5981.31  2.49997e-15
5982.8   2.49092e-15
5984.29  2.48142e-15
5985.78  2.47151e-15
5987.27  2.46123e-15
5988.76  2.45063e-15
5990.24  2.43977e-15
5991.73  2.42869e-15
5993.22  2.41745e-15
5994.71  2.40611e-15
5996.2   2.3947e-15
5997.69  2.38327e-15
5999.18  2.37184e-15
6000.67  2.36044e-15
6002.16  2.34908e-15
6003.65  2.33776e-15
6005.13  2.32648e-15
6006.62  2.31523e-15
6008.11  2.30401e-15
6009.6   2.2928e-15
6011.09  2.28159e-15
6012.58  2.27037e-15
6014.07  2.25915e-15
6015.56  2.24792e-15
6017.05  2.2367e-15
6018.54  2.22551e-15
6020.02  2.21439e-15
6021.51  2.2034e-15
6023     2.19258e-15
6024.49  2.182e-15
6025.98  2.17176e-15
6027.47  2.16194e-15
6028.96  2.15263e-15
6030.45  2.14393e-15
6031.94  2.13593e-15
6033.43  2.12874e-15
6034.91  2.12243e-15
6036.4   2.11708e-15
6037.89  2.11277e-15
6039.38  2.10952e-15
6040.87  2.10737e-15
6042.36  2.10632e-15
6043.85  2.10635e-15
6045.34  2.1074e-15
6046.83  2.10942e-15
6048.32  2.11228e-15
6049.8   2.11588e-15
6051.29  2.12004e-15
6052.78  2.12461e-15
6054.27  2.12939e-15
6055.76  2.13417e-15
6057.25  2.13872e-15
6058.74  2.14282e-15
6060.23  2.14623e-15
6061.72  2.14873e-15
6063.21  2.15008e-15
6064.69  2.15008e-15
6066.18  2.14853e-15
6067.67  2.14524e-15
6069.16  2.14007e-15
6070.65  2.13288e-15
6072.14  2.12359e-15
6073.63  2.11213e-15
6075.12  2.09848e-15
6076.61  2.08263e-15
6078.1   2.06462e-15
6079.58  2.04454e-15
6081.07  2.02249e-15
6082.56  1.99859e-15
6084.05  1.97303e-15
6085.54  1.94597e-15
6087.03  1.91763e-15
6088.52  1.88822e-15
6090.01  1.85799e-15
6091.5   1.82716e-15
6092.99  1.79598e-15
6094.47  1.76468e-15
6095.96  1.73349e-15
6097.45  1.70263e-15
6098.94  1.6723e-15
6100.43  1.64268e-15
6101.92  1.61393e-15
6103.41  1.5862e-15
6104.9   1.5596e-15
6106.39  1.5342e-15
6107.88  1.51009e-15
6109.36  1.48728e-15
6110.85  1.4658e-15
6112.34  1.44563e-15
6113.83  1.42674e-15
6115.32  1.40909e-15
6116.81  1.39259e-15
6118.3   1.37719e-15
6119.79  1.36279e-15
6121.28  1.34931e-15
6122.77  1.33664e-15
6124.25  1.32471e-15
6125.74  1.31343e-15
6127.23  1.30272e-15
6128.72  1.29251e-15
6130.21  1.28276e-15
6131.7   1.27344e-15
6133.19  1.26451e-15
6134.68  1.25598e-15
6136.17  1.24787e-15
6137.66  1.2402e-15
6139.14  1.23303e-15
6140.63  1.22643e-15
6142.12  1.22046e-15
6143.61  1.21523e-15
6145.1   1.21084e-15
6146.59  1.20738e-15
6148.08  1.20497e-15
6149.57  1.20372e-15
6151.06  1.20373e-15
6152.54  1.20511e-15
6154.03  1.20793e-15
6155.52  1.21229e-15
6157.01  1.21823e-15
6158.5   1.22582e-15
6159.99  1.23507e-15
6161.48  1.24599e-15
6162.97  1.25856e-15
6164.46  1.27276e-15
6165.95  1.28852e-15
6167.43  1.30576e-15
6168.92  1.32439e-15
6170.41  1.34428e-15
6171.9   1.36531e-15
6173.39  1.38734e-15
6174.88  1.41019e-15
6176.37  1.43371e-15
6177.86  1.45772e-15
6179.35  1.48205e-15
6180.84  1.50652e-15
6182.32  1.53095e-15
6183.81  1.55518e-15
6185.3   1.57905e-15
6186.79  1.6024e-15
6188.28  1.62509e-15
6189.77  1.64699e-15
6191.26  1.668e-15
6192.75  1.688e-15
6194.24  1.70692e-15
6195.73  1.72468e-15
6197.21  1.74124e-15
6198.7   1.75654e-15
6200.19  1.77059e-15
6201.68  1.78335e-15
6203.17  1.79484e-15
6204.66  1.80507e-15
6206.15  1.81408e-15
6207.64  1.82191e-15
6209.13  1.82861e-15
6210.62  1.83424e-15
6212.1   1.83887e-15
6213.59  1.84258e-15
6215.08  1.84546e-15
6216.57  1.8476e-15
6218.06  1.84909e-15
6219.55  1.85005e-15
6221.04  1.85058e-15
6222.53  1.85078e-15
6224.02  1.85078e-15
6225.51  1.85068e-15
6226.99  1.8506e-15
6228.48  1.85065e-15
6229.97  1.85093e-15
6231.46  1.85156e-15
6232.95  1.85262e-15
6234.44  1.85421e-15
6235.93  1.85643e-15
6237.42  1.85933e-15
6238.91  1.86299e-15
6240.4   1.86746e-15
6241.88  1.87278e-15
6243.37  1.87899e-15
6244.86  1.88609e-15
6246.35  1.89409e-15
6247.84  1.90298e-15
6249.33  1.91274e-15
6250.82  1.92334e-15
6252.31  1.93473e-15
6253.8   1.94686e-15
6255.29  1.95966e-15
6256.77  1.97306e-15
6258.26  1.98698e-15
6259.75  2.00135e-15
6261.24  2.01606e-15
6262.73  2.03105e-15
6264.22  2.04621e-15
6265.71  2.06148e-15
6267.2   2.07675e-15
6268.69  2.09196e-15
6270.18  2.10704e-15
6271.66  2.12191e-15
6273.15  2.13653e-15
6274.64  2.15084e-15
6276.13  2.16481e-15
6277.62  2.1784e-15
6279.11  2.19159e-15
6280.6   2.20437e-15
6282.09  2.21673e-15
6283.58  2.2287e-15
6285.07  2.24027e-15
6286.55  2.25147e-15
6288.04  2.26234e-15
6289.53  2.2729e-15
6291.02  2.2832e-15
6292.51  2.29328e-15
6294     2.30318e-15
6295.49  2.31296e-15
6296.98  2.32266e-15
6298.47  2.33233e-15
6299.96  2.34202e-15
6301.44  2.35176e-15
6302.93  2.36159e-15
6304.42  2.37156e-15
6305.91  2.38168e-15
6307.4   2.39199e-15
6308.89  2.40249e-15
6310.38  2.41319e-15
6311.87  2.42411e-15
6313.36  2.43523e-15
6314.85  2.44654e-15
6316.33  2.45803e-15
6317.82  2.46968e-15
6319.31  2.48145e-15
6320.8   2.49331e-15
6322.29  2.50522e-15
6323.78  2.51714e-15
6325.27  2.52904e-15
6326.76  2.54085e-15
6328.25  2.55255e-15
6329.74  2.56408e-15
6331.22  2.57539e-15
6332.71  2.58646e-15
6334.2   2.59724e-15
6335.69  2.60769e-15
6337.18  2.61779e-15
6338.67  2.6275e-15
6340.16  2.63683e-15
6341.65  2.64573e-15
6343.14  2.65422e-15
6344.63  2.66228e-15
6346.11  2.66993e-15
6347.6   2.67716e-15
6349.09  2.68398e-15
6350.58  2.69043e-15
6352.07  2.69651e-15
6353.56  2.70225e-15
6355.05  2.70767e-15
6356.54  2.7128e-15
6358.03  2.71767e-15
6359.52  2.7223e-15
6361     2.72672e-15
6362.49  2.73095e-15
6363.98  2.73501e-15
6365.47  2.73893e-15
6366.96  2.74272e-15
6368.45  2.7464e-15
6369.94  2.74997e-15
6371.43  2.75345e-15
6372.92  2.75684e-15
6374.41  2.76015e-15
6375.89  2.76338e-15
6377.38  2.76653e-15
6378.87  2.7696e-15
6380.36  2.77259e-15
6381.85  2.7755e-15
6383.34  2.77832e-15
6384.83  2.78106e-15
6386.32  2.78371e-15
6387.81  2.78628e-15
6389.3   2.78876e-15
6390.78  2.79117e-15
6392.27  2.79351e-15
6393.76  2.79579e-15
6395.25  2.79801e-15
6396.74  2.80018e-15
6398.23  2.80232e-15
6399.72  2.80444e-15
6401.21  2.80654e-15
6402.7   2.80864e-15
6404.19  2.81075e-15
6405.67  2.81288e-15
6407.16  2.81504e-15
6408.65  2.81724e-15
6410.14  2.81948e-15
6411.63  2.82177e-15
6413.12  2.82411e-15
6414.61  2.82649e-15
6416.1   2.82893e-15
6417.59  2.83141e-15
6419.08  2.83394e-15
6420.56  2.8365e-15
6422.05  2.83908e-15
6423.54  2.84169e-15
6425.03  2.8443e-15
6426.52  2.84691e-15
6428.01  2.84951e-15
6429.5   2.85208e-15
6430.99  2.85463e-15
6432.48  2.85713e-15
6433.97  2.85958e-15
6435.45  2.86198e-15
6436.94  2.86431e-15
6438.43  2.86656e-15
6439.92  2.86875e-15
6441.41  2.87085e-15
6442.9   2.87287e-15
6444.39  2.87481e-15
6445.88  2.87666e-15
6447.37  2.87843e-15
6448.86  2.88012e-15
6450.34  2.88173e-15
6451.83  2.88327e-15
6453.32  2.88473e-15
6454.81  2.88612e-15
6456.3   2.88745e-15
6457.79  2.88872e-15
6459.28  2.88993e-15
6460.77  2.89109e-15
6462.26  2.89221e-15
6463.75  2.89329e-15
6465.23  2.89434e-15
6466.72  2.89536e-15
6468.21  2.89636e-15
6469.7   2.89733e-15
6471.19  2.8983e-15
6472.68  2.89925e-15
6474.17  2.9002e-15
6475.66  2.90114e-15
6477.15  2.90207e-15
6478.64  2.903e-15
6480.12  2.90393e-15
6481.61  2.90485e-15
6483.1   2.90576e-15
6484.59  2.90666e-15
6486.08  2.90754e-15
6487.57  2.9084e-15
6489.06  2.90922e-15
6490.55  2.91001e-15
6492.04  2.91074e-15
6493.53  2.91142e-15
6495.01  2.91202e-15
6496.5   2.91254e-15
6497.99  2.91296e-15
6499.48  2.91328e-15
6500.97  2.91347e-15
6502.46  2.91353e-15
6503.95  2.91344e-15
6505.44  2.91319e-15
6506.93  2.91277e-15
6508.42  2.91216e-15
6509.9   2.91134e-15
6511.39  2.91032e-15
6512.88  2.90907e-15
6514.37  2.90758e-15
6515.86  2.90585e-15
6517.35  2.90385e-15
6518.84  2.90159e-15
6520.33  2.89905e-15
6521.82  2.89622e-15
6523.31  2.89309e-15
6524.79  2.88966e-15
6526.28  2.88592e-15
6527.77  2.88186e-15
6529.26  2.87747e-15
6530.75  2.87276e-15
6532.24  2.86772e-15
6533.73  2.86235e-15
6535.22  2.85665e-15
6536.71  2.85061e-15
6538.2   2.84424e-15
6539.68  2.83755e-15
6541.17  2.83053e-15
6542.66  2.8232e-15
6544.15  2.81556e-15
6545.64  2.80761e-15
6547.13  2.79937e-15
6548.62  2.79085e-15
6550.11  2.78206e-15
6551.6   2.773e-15
6553.09  2.76369e-15
6554.57  2.75414e-15
6556.06  2.74435e-15
6557.55  2.73433e-15
6559.04  2.7241e-15
6560.53  2.71365e-15
6562.02  2.70299e-15
6563.51  2.69213e-15
6565     2.68106e-15
6566.49  2.66979e-15
6567.98  2.65831e-15
6569.46  2.64663e-15
6570.95  2.63473e-15
6572.44  2.62262e-15
6573.93  2.61029e-15
6575.42  2.59773e-15
6576.91  2.58495e-15
6578.4   2.57194e-15
6579.89  2.5587e-15
6581.38  2.54522e-15
6582.87  2.53152e-15
6584.35  2.51759e-15
6585.84  2.50344e-15
6587.33  2.48909e-15
6588.82  2.47453e-15
6590.31  2.45978e-15
6591.8   2.44486e-15
6593.29  2.42979e-15
6594.78  2.41457e-15
6596.27  2.39924e-15
6597.76  2.3838e-15
6599.24  2.36828e-15
6600.73  2.3527e-15
6602.22  2.33708e-15
6603.71  2.32143e-15
6605.2   2.30577e-15
6606.69  2.29012e-15
6608.18  2.27449e-15
6609.67  2.25889e-15
6611.16  2.24333e-15
6612.65  2.22782e-15
6614.13  2.21236e-15
6615.62  2.19695e-15
6617.11  2.18161e-15
6618.6   2.16633e-15
6620.09  2.1511e-15
6621.58  2.13594e-15
6623.07  2.12084e-15
6624.56  2.10581e-15
6626.05  2.09084e-15
6627.54  2.07594e-15
6629.02  2.06112e-15
6630.51  2.04638e-15
6632     2.03173e-15
6633.49  2.01719e-15
6634.98  2.00276e-15
6636.47  1.98847e-15
6637.96  1.97434e-15
6639.45  1.96037e-15
6640.94  1.94659e-15
6642.43  1.93302e-15
6643.91  1.91968e-15
6645.4   1.90657e-15
6646.89  1.89372e-15
6648.38  1.88115e-15
6649.87  1.86884e-15
6651.36  1.85682e-15
6652.85  1.84508e-15
6654.34  1.83362e-15
6655.83  1.82242e-15
6657.32  1.81148e-15
6658.8   1.80078e-15
6660.29  1.79029e-15
6661.78  1.77999e-15
6663.27  1.76985e-15
6664.76  1.75985e-15
6666.25  1.74994e-15
6667.74  1.7401e-15
6669.23  1.7303e-15
6670.72  1.7205e-15
6672.21  1.71068e-15
6673.69  1.70081e-15
6675.18  1.69087e-15
6676.67  1.68084e-15
6678.16  1.67072e-15
6679.65  1.6605e-15
6681.14  1.65017e-15
6682.63  1.63975e-15
6684.12  1.62924e-15
6685.61  1.61867e-15
6687.1   1.60804e-15
6688.58  1.59738e-15
6690.07  1.58672e-15
6691.56  1.57609e-15
6693.05  1.56551e-15
6694.54  1.55503e-15
6696.03  1.54466e-15
6697.52  1.53444e-15
6699.01  1.52439e-15
6700.5   1.51454e-15
6701.99  1.5049e-15
6703.47  1.4955e-15
6704.96  1.48635e-15
6706.45  1.47745e-15
6707.94  1.4688e-15
6709.43  1.46042e-15
6710.92  1.45229e-15
6712.41  1.44441e-15
6713.9   1.43677e-15
6715.39  1.42936e-15
6716.88  1.42216e-15
6718.36  1.41517e-15
6719.85  1.40837e-15
6721.34  1.40175e-15
6722.83  1.3953e-15
6724.32  1.389e-15
6725.81  1.38285e-15
6727.3   1.37685e-15
6728.79  1.37099e-15
6730.28  1.36528e-15
6731.77  1.3597e-15
6733.25  1.35428e-15
6734.74  1.34901e-15
6736.23  1.3439e-15
6737.72  1.33896e-15
6739.21  1.3342e-15
6740.7   1.32963e-15
6742.19  1.32524e-15
6743.68  1.32106e-15
6745.17  1.31707e-15
6746.66  1.31329e-15
6748.14  1.3097e-15
6749.63  1.30629e-15
6751.12  1.30307e-15
6752.61  1.30002e-15
6754.1   1.29712e-15
6755.59  1.29435e-15
6757.08  1.29168e-15
6758.57  1.2891e-15
6760.06  1.28658e-15
6761.55  1.28408e-15
6763.03  1.28159e-15
6764.52  1.27908e-15
6766.01  1.27653e-15
6767.5   1.27391e-15
6768.99  1.2712e-15
6770.48  1.26838e-15
6771.97  1.26546e-15
6773.46  1.26242e-15
6774.95  1.25925e-15
6776.44  1.25596e-15
6777.92  1.25256e-15
6779.41  1.24906e-15
6780.9   1.24548e-15
6782.39  1.24182e-15
6783.88  1.23812e-15
6785.37  1.2344e-15
6786.86  1.23069e-15
6788.35  1.22699e-15
6789.84  1.22336e-15
6791.33  1.21979e-15
6792.81  1.21633e-15
6794.3   1.21298e-15
6795.79  1.20977e-15
6797.28  1.2067e-15
6798.77  1.20379e-15
6800.26  1.20104e-15
6801.75  1.19846e-15
6803.24  1.19604e-15
6804.73  1.19377e-15
6806.22  1.19167e-15
6807.7   1.1897e-15
6809.19  1.18787e-15
6810.68  1.18617e-15
6812.17  1.18458e-15
6813.66  1.1831e-15
6815.15  1.18172e-15
6816.64  1.18043e-15
6818.13  1.17923e-15
6819.62  1.17811e-15
6821.11  1.17708e-15
6822.59  1.17614e-15
6824.08  1.17529e-15
6825.57  1.17454e-15
6827.06  1.17391e-15
6828.55  1.17339e-15
6830.04  1.17301e-15
6831.53  1.17276e-15
6833.02  1.17267e-15
6834.51  1.17273e-15
6836     1.17296e-15
6837.48  1.17336e-15
6838.97  1.17392e-15
6840.46  1.17466e-15
6841.95  1.17556e-15
6843.44  1.17662e-15
6844.93  1.17783e-15
6846.42  1.17917e-15
6847.91  1.18063e-15
6849.4   1.18219e-15
6850.89  1.18385e-15
6852.37  1.18557e-15
6853.86  1.18734e-15
6855.35  1.18914e-15
6856.84  1.19096e-15
6858.33  1.19278e-15
6859.82  1.19459e-15
6861.31  1.19638e-15
6862.8   1.19814e-15
6864.29  1.19986e-15
6865.78  1.20154e-15
6867.26  1.20319e-15
6868.75  1.20479e-15
6870.24  1.20637e-15
6871.73  1.20791e-15
6873.22  1.20944e-15
6874.71  1.21095e-15
6876.2   1.21246e-15
6877.69  1.21397e-15
6879.18  1.21549e-15
6880.67  1.21702e-15
6882.15  1.21858e-15
6883.64  1.22015e-15
6885.13  1.22175e-15
6886.62  1.22336e-15
6888.11  1.22498e-15
6889.6   1.22661e-15
6891.09  1.22824e-15
6892.58  1.22984e-15
6894.07  1.23141e-15
6895.56  1.23294e-15
6897.04  1.23439e-15
6898.53  1.23576e-15
6900.02  1.23701e-15
6901.51  1.23814e-15
6903     1.23912e-15
6904.49  1.23994e-15
6905.98  1.24057e-15
6907.47  1.241e-15
6908.96  1.24122e-15
6910.45  1.24121e-15
6911.93  1.24097e-15
6913.42  1.2405e-15
6914.91  1.23979e-15
6916.4   1.23884e-15
6917.89  1.23768e-15
6919.38  1.2363e-15
6920.87  1.23472e-15
6922.36  1.23296e-15
6923.85  1.23104e-15
6925.34  1.22899e-15
6926.82  1.22684e-15
6928.31  1.22461e-15
6929.8   1.22233e-15
6931.29  1.22004e-15
6932.78  1.21777e-15
6934.27  1.21554e-15
6935.76  1.21338e-15
6937.25  1.21132e-15
6938.74  1.20938e-15
6940.23  1.20757e-15
6941.71  1.20592e-15
6943.2   1.20442e-15
6944.69  1.20309e-15
6946.18  1.20192e-15
6947.67  1.2009e-15
6949.16  1.20002e-15
6950.65  1.19927e-15
6952.14  1.19863e-15
6953.63  1.19807e-15
6955.12  1.19756e-15
6956.6   1.19707e-15
6958.09  1.19659e-15
6959.58  1.19606e-15
6961.07  1.19547e-15
6962.56  1.19479e-15
6964.05  1.194e-15
6965.54  1.19307e-15
6967.03  1.19199e-15
6968.52  1.19075e-15
6970.01  1.18935e-15
6971.49  1.18778e-15
6972.98  1.18607e-15
6974.47  1.18421e-15
6975.96  1.18224e-15
6977.45  1.18018e-15
6978.94  1.17805e-15
6980.43  1.1759e-15
6981.92  1.17375e-15
6983.41  1.17166e-15
6984.9   1.16965e-15
6986.38  1.16776e-15
6987.87  1.16604e-15
6989.36  1.1645e-15
6990.85  1.1632e-15
6992.34  1.16213e-15
6993.83  1.16133e-15
6995.32  1.16081e-15
6996.81  1.16056e-15
6998.3   1.16059e-15
6999.79  1.16089e-15
7001.27  1.16143e-15
7002.76  1.16219e-15
7004.25  1.16315e-15
7005.74  1.16427e-15
7007.23  1.16552e-15
7008.72  1.16684e-15
7010.21  1.1682e-15
7011.7   1.16955e-15
7013.19  1.17086e-15
7014.68  1.17208e-15
7016.16  1.17317e-15
7017.65  1.1741e-15
7019.14  1.17484e-15
7020.63  1.17536e-15
7022.12  1.17565e-15
7023.61  1.1757e-15
7025.1   1.1755e-15
7026.59  1.17505e-15
7028.08  1.17435e-15
7029.57  1.17344e-15
7031.05  1.1723e-15
7032.54  1.17099e-15
7034.03  1.16951e-15
7035.52  1.1679e-15
7037.01  1.16618e-15
7038.5   1.1644e-15
7039.99  1.16259e-15
7041.48  1.16077e-15
7042.97  1.15898e-15
7044.46  1.15725e-15
7045.94  1.1556e-15
7047.43  1.15406e-15
7048.92  1.15266e-15
7050.41  1.1514e-15
7051.9   1.1503e-15
7053.39  1.14937e-15
7054.88  1.14863e-15
7056.37  1.14807e-15
7057.86  1.1477e-15
7059.35  1.14751e-15
7060.83  1.14751e-15
7062.32  1.14768e-15
7063.81  1.14804e-15
7065.3   1.14856e-15
7066.79  1.14925e-15
7068.28  1.15011e-15
7069.77  1.15112e-15
7071.26  1.15228e-15
7072.75  1.15359e-15
7074.24  1.15505e-15
7075.72  1.15666e-15
7077.21  1.15842e-15
7078.7   1.16032e-15
7080.19  1.16238e-15
7081.68  1.16459e-15
7083.17  1.16695e-15
7084.66  1.16946e-15
7086.15  1.17213e-15
7087.64  1.17496e-15
7089.13  1.17794e-15
7090.61  1.18107e-15
7092.1   1.18434e-15
7093.59  1.18775e-15
7095.08  1.19129e-15
7096.57  1.19496e-15
7098.06  1.19872e-15
7099.55  1.20258e-15
7101.04  1.20651e-15
7102.53  1.2105e-15
7104.02  1.21452e-15
7105.5   1.21855e-15
7106.99  1.22258e-15
7108.48  1.22658e-15
7109.97  1.23052e-15
7111.46  1.23438e-15
7112.95  1.23815e-15
7114.44  1.24179e-15
7115.93  1.2453e-15
7117.42  1.24865e-15
7118.91  1.25182e-15
7120.39  1.25481e-15
7121.88  1.25761e-15
7123.37  1.2602e-15
7124.86  1.26257e-15
7126.35  1.26474e-15
7127.84  1.26669e-15
7129.33  1.26843e-15
7130.82  1.26996e-15
7132.31  1.27129e-15
7133.8   1.27243e-15
7135.28  1.27339e-15
7136.77  1.27418e-15
7138.26  1.27481e-15
7139.75  1.27529e-15
7141.24  1.27563e-15
7142.73  1.27585e-15
7144.22  1.27595e-15
7145.71  1.27595e-15
7147.2   1.27585e-15
7148.69  1.27567e-15
7150.17  1.2754e-15
7151.66  1.27506e-15
7153.15  1.27465e-15
7154.64  1.27417e-15
7156.13  1.27363e-15
7157.62  1.27302e-15
7159.11  1.27236e-15
7160.6   1.27163e-15
7162.09  1.27086e-15
7163.58  1.27003e-15
7165.06  1.26915e-15
7166.55  1.26823e-15
7168.04  1.26728e-15
7169.53  1.2663e-15
7171.02  1.2653e-15
7172.51  1.26428e-15
7174     1.26328e-15
7175.49  1.26228e-15
7176.98  1.26132e-15
7178.47  1.26039e-15
7179.95  1.25952e-15
7181.44  1.25871e-15
7182.93  1.25798e-15
7184.42  1.25735e-15
7185.91  1.25681e-15
7187.4   1.25637e-15
7188.89  1.25605e-15
7190.38  1.25585e-15
7191.87  1.25575e-15
7193.36  1.25577e-15
7194.84  1.2559e-15
7196.33  1.25612e-15
7197.82  1.25644e-15
7199.31  1.25682e-15
7200.8   1.25727e-15
7202.29  1.25776e-15
7203.78  1.25828e-15
7205.27  1.25881e-15
7206.76  1.25934e-15
7208.25  1.25983e-15
7209.73  1.2603e-15
7211.22  1.2607e-15
7212.71  1.26105e-15
7214.2   1.26132e-15
7215.69  1.26153e-15
7217.18  1.26165e-15
7218.67  1.2617e-15
7220.16  1.26169e-15
7221.65  1.26162e-15
7223.14  1.26151e-15
7224.62  1.26137e-15
7226.11  1.26122e-15
7227.6   1.26109e-15
7229.09  1.26099e-15
7230.58  1.26096e-15
7232.07  1.26101e-15
7233.56  1.26116e-15
7235.05  1.26144e-15
7236.54  1.26186e-15
7238.03  1.26244e-15
7239.51  1.26319e-15
7241     1.26411e-15
7242.49  1.26521e-15
7243.98  1.26648e-15
7245.47  1.26792e-15
7246.96  1.26952e-15
7248.45  1.27125e-15
7249.94  1.27311e-15
7251.43  1.27506e-15
7252.92  1.27707e-15
7254.4   1.27913e-15
7255.89  1.2812e-15
7257.38  1.28326e-15
7258.87  1.28527e-15
7260.36  1.2872e-15
7261.85  1.28904e-15
7263.34  1.29075e-15
7264.83  1.29233e-15
7266.32  1.29375e-15
7267.81  1.29502e-15
7269.29  1.29612e-15
7270.78  1.29705e-15
7272.27  1.29782e-15
7273.76  1.29845e-15
7275.25  1.29894e-15
7276.74  1.29931e-15
7278.23  1.29959e-15
7279.72  1.29979e-15
7281.21  1.29996e-15
7282.7   1.3001e-15
7284.18  1.30025e-15
7285.67  1.30044e-15
7287.16  1.30068e-15
7288.65  1.30101e-15
7290.14  1.30144e-15
7291.63  1.30198e-15
7293.12  1.30266e-15
7294.61  1.30348e-15
7296.1   1.30443e-15
7297.59  1.30553e-15
7299.07  1.30677e-15
7300.56  1.30813e-15
7302.05  1.30962e-15
7303.54  1.3112e-15
7305.03  1.31286e-15
7306.52  1.31458e-15
7308.01  1.31634e-15
7309.5   1.31811e-15
7310.99  1.31987e-15
7312.48  1.32158e-15
7313.96  1.32323e-15
7315.45  1.32479e-15
7316.94  1.32623e-15
7318.43  1.32753e-15
7319.92  1.32868e-15
7321.41  1.32965e-15
7322.9   1.33044e-15
7324.39  1.33102e-15
7325.88  1.33139e-15
7327.37  1.33154e-15
7328.85  1.33147e-15
7330.34  1.33119e-15
7331.83  1.33069e-15
7333.32  1.32998e-15
7334.81  1.32907e-15
7336.3   1.32798e-15
7337.79  1.32671e-15
7339.28  1.32529e-15
7340.77  1.32372e-15
7342.26  1.32204e-15
7343.74  1.32026e-15
7345.23  1.31839e-15
7346.72  1.31647e-15
7348.21  1.31452e-15
7349.7   1.31254e-15
7351.19  1.31057e-15
7352.68  1.30862e-15
7354.17  1.3067e-15
7355.66  1.30483e-15
7357.15  1.30303e-15
7358.63  1.3013e-15
7360.12  1.29966e-15
7361.61  1.2981e-15
7363.1   1.29664e-15
7364.59  1.29527e-15
7366.08  1.294e-15
7367.57  1.29282e-15
7369.06  1.29172e-15
7370.55  1.29072e-15
7372.04  1.28978e-15
7373.52  1.28892e-15
7375.01  1.28811e-15
7376.5   1.28735e-15
7377.99  1.28662e-15
7379.48  1.28591e-15
7380.97  1.28521e-15
7382.46  1.2845e-15
7383.95  1.28376e-15
7385.44  1.28298e-15
7386.93  1.28214e-15
7388.41  1.28122e-15
7389.9   1.28021e-15
7391.39  1.27907e-15
7392.88  1.2778e-15
7394.37  1.27637e-15
7395.86  1.27477e-15
7397.35  1.27297e-15
7398.84  1.27096e-15
7400.33  1.26872e-15
7401.82  1.26624e-15
7403.3   1.2635e-15
7404.79  1.26051e-15
7406.28  1.25725e-15
7407.77  1.25372e-15
7409.26  1.24992e-15
7410.75  1.24587e-15
7412.24  1.24157e-15
7413.73  1.23704e-15
7415.22  1.23231e-15
7416.71  1.22739e-15
7418.19  1.22232e-15
7419.68  1.21714e-15
7421.17  1.21186e-15
7422.66  1.20655e-15
7424.15  1.20124e-15
7425.64  1.19596e-15
7427.13  1.19076e-15
7428.62  1.18569e-15
7430.11  1.18077e-15
7431.6   1.17605e-15
7433.08  1.17156e-15
7434.57  1.16732e-15
7436.06  1.16336e-15
7437.55  1.1597e-15
7439.04  1.15634e-15
7440.53  1.1533e-15
7442.02  1.15058e-15
7443.51  1.14816e-15
7445     1.14605e-15
7446.49  1.14422e-15
7447.97  1.14266e-15
7449.46  1.14135e-15
7450.95  1.14026e-15
7452.44  1.13938e-15
7453.93  1.13867e-15
7455.42  1.13811e-15
7456.91  1.13769e-15
7458.4   1.13736e-15
7459.89  1.13713e-15
7461.38  1.13696e-15
7462.86  1.13684e-15
7464.35  1.13676e-15
7465.84  1.13671e-15
7467.33  1.13668e-15
7468.82  1.13666e-15
7470.31  1.13665e-15
7471.8   1.13664e-15
7473.29  1.13664e-15
7474.78  1.13664e-15
7476.27  1.13664e-15
7477.75  1.13664e-15
7479.24  1.13664e-15
7480.73  1.13664e-15
7482.22  1.13664e-15
7483.71  1.13664e-15
7485.2   1.13664e-15