#-7.280204239244683
3416  7.57051e-16
3417  7.56838e-16
3418  7.56599e-16
3419  7.56333e-16
3420  7.56037e-16
3421  7.55713e-16
3422  7.55358e-16
3423  7.54971e-16
3424  7.54552e-16
3425  7.541e-16
3426  7.53614e-16
3427  7.53094e-16
3428  7.52537e-16
3429  7.51945e-16
3430  7.51315e-16
3431  7.50648e-16
3432  7.49943e-16
3433  7.492e-16
3434  7.48418e-16
3435  7.47596e-16
3436  7.46735e-16
3437  7.45835e-16
3438  7.44895e-16
3439  7.43915e-16
3440  7.42895e-16
3441  7.41836e-16
3442  7.40738e-16
3443  7.396e-16
3444  7.38424e-16
3445  7.3721e-16
3446  7.35958e-16
3447  7.34669e-16
3448  7.33344e-16
3449  7.31983e-16
3450  7.30589e-16
3451  7.29161e-16
3452  7.277e-16
3453  7.26209e-16
3454  7.24689e-16
3455  7.2314e-16
3456  7.21565e-16
3457  7.19964e-16
3458  7.18341e-16
3459  7.16696e-16
3460  7.15032e-16
3461  7.13351e-16
3462  7.11654e-16
3463  7.09944e-16
3464  7.08224e-16
3465  7.06495e-16
3466  7.04761e-16
3467  7.03023e-16
3468  7.01284e-16
3469  6.99548e-16
3470  6.97817e-16
3471  6.96093e-16
3472  6.9438e-16
3473  6.92681e-16
3474  6.90999e-16
3475  6.89337e-16
3476  6.87698e-16
3477  6.86085e-16
3478  6.84502e-16
3479  6.82952e-16
3480  6.81438e-16
3481  6.79964e-16
3482  6.78533e-16
3483  6.77149e-16
3484  6.75814e-16
3485  6.74533e-16
3486  6.73309e-16
3487  6.72145e-16
3488  6.71045e-16
3489  6.70012e-16
3490  6.6905e-16
3491  6.68162e-16
3492  6.67351e-16
3493  6.6662e-16
3494  6.65974e-16
3495  6.65414e-16
3496  6.64945e-16
3497  6.64568e-16
3498  6.64288e-16
3499  6.64108e-16
3500  6.64029e-16
3501  6.64055e-16
3502  6.64188e-16
3503  6.64431e-16
3504  6.64787e-16
3505  6.65257e-16
3506  6.65844e-16
3507  6.6655e-16
3508  6.67377e-16
3509  6.68327e-16
3510  6.69401e-16
3511  6.706e-16
3512  6.71927e-16
3513  6.73382e-16
3514  6.74966e-16
3515  6.7668e-16
3516  6.78526e-16
3517  6.80502e-16
3518  6.8261e-16
3519  6.8485e-16
3520  6.87222e-16
3521  6.89725e-16
3522  6.92358e-16
3523  6.95123e-16
3524  6.98016e-16
3525  7.01038e-16
3526  7.04187e-16
3527  7.07462e-16
3528  7.10861e-16
3529  7.14382e-16
3530  7.18023e-16
3531  7.21782e-16
3532  7.25656e-16
3533  7.29643e-16
3534  7.3374e-16
3535  7.37943e-16
3536  7.4225e-16
3537  7.46657e-16
3538  7.51159e-16
3539  7.55755e-16
3540  7.60439e-16
3541  7.65206e-16
3542  7.70054e-16
3543  7.74977e-16
3544  7.7997e-16
3545  7.85029e-16
3546  7.90148e-16
3547  7.95322e-16
3548  8.00547e-16
3549  8.05815e-16
3550  8.11123e-16
3551  8.16463e-16
3552  8.21831e-16
3553  8.2722e-16
3554  8.32625e-16
3555  8.38038e-16
3556  8.43454e-16
3557  8.48867e-16
3558  8.5427e-16
3559  8.59657e-16
3560  8.65022e-16
3561  8.70357e-16
3562  8.75657e-16
3563  8.80915e-16
3564  8.86124e-16
3565  8.91279e-16
3566  8.96372e-16
3567  9.01397e-16
3568  9.06348e-16
3569  9.11218e-16
3570  9.16002e-16
3571  9.20693e-16
3572  9.25285e-16
3573  9.29772e-16
3574  9.34148e-16
3575  9.38408e-16
3576  9.42545e-16
3577  9.46556e-16
3578  9.50433e-16
3579  9.54172e-16
3580  9.57768e-16
3581  9.61217e-16
3582  9.64514e-16
3583  9.67654e-16
3584  9.70633e-16
3585  9.73447e-16
3586  9.76093e-16
3587  9.78568e-16
3588  9.80867e-16
3589  9.82989e-16
3590  9.84929e-16
3591  9.86687e-16
3592  9.8826e-16
3593  9.89645e-16
3594  9.90842e-16
3595  9.91849e-16
3596  9.92665e-16
3597  9.93289e-16
3598  9.93722e-16
3599  9.93962e-16
3600  9.94011e-16
3601  9.93868e-16
3602  9.93534e-16
3603  9.93012e-16
3604  9.92301e-16
3605  9.91404e-16
3606  9.90323e-16
3607  9.8906e-16
3608  9.87618e-16
3609  9.85999e-16
3610  9.84208e-16
3611  9.82247e-16
3612  9.80121e-16
3613  9.77833e-16
3614  9.75388e-16
3615  9.7279e-16
3616  9.70044e-16
3617  9.67156e-16
3618  9.64131e-16
3619  9.60974e-16
3620  9.57691e-16
3621  9.54288e-16
3622  9.50772e-16
3623  9.47148e-16
3624  9.43424e-16
3625  9.39606e-16
3626  9.35702e-16
3627  9.31717e-16
3628  9.2766e-16
3629  9.23537e-16
3630  9.19357e-16
3631  9.15126e-16
3632  9.10852e-16
3633  9.06544e-16
3634  9.02207e-16
3635  8.97852e-16
3636  8.93484e-16
3637  8.89112e-16
3638  8.84744e-16
3639  8.80387e-16
3640  8.76049e-16
3641  8.71738e-16
3642  8.67461e-16
3643  8.63226e-16
3644  8.59041e-16
3645  8.54912e-16
3646  8.50847e-16
3647  8.46853e-16
3648  8.42937e-16
3649  8.39106e-16
3650  8.35366e-16
3651  8.31724e-16
3652  8.28186e-16
3653  8.24758e-16
3654  8.21446e-16
3655  8.18256e-16
3656  8.15193e-16
3657  8.12262e-16
3658  8.09467e-16
3659  8.06815e-16
3660  8.04308e-16
3661  8.01951e-16
3662  7.99748e-16
3663  7.97703e-16
3664  7.95818e-16
3665  7.94096e-16
3666  7.92541e-16
3667  7.91154e-16
3668  7.89937e-16
3669  7.88893e-16
3670  7.88021e-16
3671  7.87325e-16
3672  7.86803e-16
3673  7.86457e-16
3674  7.86287e-16
3675  7.86292e-16
3676  7.86473e-16
3677  7.86827e-16
3678  7.87354e-16
3679  7.88053e-16
3680  7.88921e-16
3681  7.89957e-16
3682  7.91158e-16
3683  7.92522e-16
3684  7.94046e-16
3685  7.95726e-16
3686  7.97559e-16
3687  7.99541e-16
3688  8.01669e-16
3689  8.03938e-16
3690  8.06344e-16
3691  8.08882e-16
3692  8.11547e-16
3693  8.14334e-16
3694  8.17239e-16
3695  8.20254e-16
3696  8.23376e-16
3697  8.26597e-16
3698  8.29913e-16
3699  8.33317e-16
3700  8.36803e-16
3701  8.40364e-16
3702  8.43995e-16
3703  8.47689e-16
3704  8.51439e-16
3705  8.55239e-16
3706  8.59081e-16
3707  8.6296e-16
3708  8.66869e-16
3709  8.70801e-16
3710  8.74749e-16
3711  8.78707e-16
3712  8.82667e-16
3713  8.86624e-16
3714  8.9057e-16
3715  8.94499e-16
3716  8.98405e-16
3717  9.02282e-16
3718  9.06122e-16
3719  9.0992e-16
3720  9.1367e-16
3721  9.17366e-16
3722  9.21001e-16
3723  9.24571e-16
3724  9.2807e-16
3725  9.31493e-16
3726  9.34833e-16
3727  9.38087e-16
3728  9.41249e-16
3729  9.44316e-16
3730  9.47281e-16
3731  9.50142e-16
3732  9.52894e-16
3733  9.55533e-16
3734  9.58055e-16
3735  9.60458e-16
3736  9.62739e-16
3737  9.64893e-16
3738  9.66919e-16
3739  9.68814e-16
3740  9.70576e-16
3741  9.72203e-16
3742  9.73692e-16
3743  9.75044e-16
3744  9.76256e-16
3745  9.77327e-16
3746  9.78256e-16
3747  9.79043e-16
3748  9.79688e-16
3749  9.80191e-16
3750  9.80551e-16
3751  9.80768e-16
3752  9.80845e-16
3753  9.80781e-16
3754  9.80577e-16
3755  9.80234e-16
3756  9.79755e-16
3757  9.7914e-16
3758  9.78391e-16
3759  9.77511e-16
3760  9.76502e-16
3761  9.75365e-16
3762  9.74104e-16
3763  9.72721e-16
3764  9.71219e-16
3765  9.69601e-16
3766  9.6787e-16
3767  9.6603e-16
3768  9.64083e-16
3769  9.62034e-16
3770  9.59886e-16
3771  9.57643e-16
3772  9.55308e-16
3773  9.52885e-16
3774  9.50379e-16
3775  9.47793e-16
3776  9.45132e-16
3777  9.424e-16
3778  9.396e-16
3779  9.36738e-16
3780  9.33817e-16
3781  9.30842e-16
3782  9.27817e-16
3783  9.24746e-16
3784  9.21634e-16
3785  9.18485e-16
3786  9.15303e-16
3787  9.12092e-16
3788  9.08858e-16
3789  9.05602e-16
3790  9.02331e-16
3791  8.99048e-16
3792  8.95756e-16
3793  8.92461e-16
3794  8.89165e-16
3795  8.85872e-16
3796  8.82586e-16
3797  8.79312e-16
3798  8.76051e-16
3799  8.72808e-16
3800  8.69585e-16
3801  8.66387e-16
3802  8.63216e-16
3803  8.60074e-16
3804  8.56966e-16
3805  8.53893e-16
3806  8.50858e-16
3807  8.47863e-16
3808  8.44911e-16
3809  8.42004e-16
3810  8.39144e-16
3811  8.36333e-16
3812  8.33572e-16
3813  8.30864e-16
3814  8.28209e-16
3815  8.2561e-16
3816  8.23067e-16
3817  8.20581e-16
3818  8.18154e-16
3819  8.15786e-16
3820  8.13478e-16
3821  8.1123e-16
3822  8.09043e-16
3823  8.06917e-16
3824  8.04853e-16
3825  8.0285e-16
3826  8.00909e-16
3827  7.99029e-16
3828  7.9721e-16
3829  7.95451e-16
3830  7.93753e-16
3831  7.92114e-16
3832  7.90535e-16
3833  7.89013e-16
3834  7.87549e-16
3835  7.86141e-16
3836  7.84789e-16
3837  7.83491e-16
3838  7.82247e-16
3839  7.81055e-16
3840  7.79914e-16
3841  7.78822e-16
3842  7.77779e-16
3843  7.76783e-16
3844  7.75833e-16
3845  7.74927e-16
3846  7.74064e-16
3847  7.73242e-16
3848  7.7246e-16
3849  7.71716e-16
3850  7.7101e-16
3851  7.70338e-16
3852  7.69701e-16
3853  7.69097e-16
3854  7.68524e-16
3855  7.6798e-16
3856  7.67465e-16
3857  7.66977e-16
3858  7.66515e-16
3859  7.66077e-16
3860  7.65663e-16
3861  7.6527e-16
3862  7.64899e-16
3863  7.64547e-16
3864  7.64213e-16
3865  7.63898e-16
3866  7.63599e-16
3867  7.63316e-16
3868  7.63049e-16
3869  7.62795e-16
3870  7.62556e-16
3871  7.62329e-16
3872  7.62115e-16
3873  7.61913e-16
3874  7.61723e-16
3875  7.61544e-16
3876  7.61376e-16
3877  7.61219e-16
3878  7.61072e-16
3879  7.60936e-16
3880  7.60811e-16
3881  7.60696e-16
3882  7.60592e-16
3883  7.60499e-16
3884  7.60417e-16
3885  7.60346e-16
3886  7.60287e-16
3887  7.60241e-16
3888  7.60207e-16
3889  7.60186e-16
3890  7.60178e-16
3891  7.60185e-16
3892  7.60207e-16
3893  7.60245e-16
3894  7.60298e-16
3895  7.60369e-16
3896  7.60457e-16
3897  7.60563e-16
3898  7.60689e-16
3899  7.60835e-16
3900  7.61001e-16
3901  7.61189e-16
3902  7.61399e-16
3903  7.61632e-16
3904  7.6189e-16
3905  7.62172e-16
3906  7.62479e-16
3907  7.62813e-16
3908  7.63173e-16
3909  7.63561e-16
3910  7.63978e-16
3911  7.64423e-16
3912  7.64898e-16
3913  7.65403e-16
3914  7.65939e-16
3915  7.66505e-16
3916  7.67103e-16
3917  7.67733e-16
3918  7.68395e-16
3919  7.6909e-16
3920  7.69817e-16
3921  7.70577e-16
3922  7.71369e-16
3923  7.72195e-16
3924  7.73053e-16
3925  7.73943e-16
3926  7.74867e-16
3927  7.75822e-16
3928  7.76809e-16
3929  7.77828e-16
3930  7.78877e-16
3931  7.79957e-16
3932  7.81067e-16
3933  7.82206e-16
3934  7.83373e-16
3935  7.84568e-16
3936  7.85789e-16
3937  7.87036e-16
3938  7.88307e-16
3939  7.89603e-16
3940  7.9092e-16
3941  7.92259e-16
3942  7.93617e-16
3943  7.94994e-16
3944  7.96388e-16
3945  7.97798e-16
3946  7.99222e-16
3947  8.00659e-16
3948  8.02107e-16
3949  8.03565e-16
3950  8.0503e-16
3951  8.06502e-16
3952  8.07979e-16
3953  8.09458e-16
3954  8.10938e-16
3955  8.12418e-16
3956  8.13895e-16
3957  8.15368e-16
3958  8.16835e-16
3959  8.18295e-16
3960  8.19744e-16
3961  8.21183e-16
3962  8.22608e-16
3963  8.24018e-16
3964  8.25412e-16
3965  8.26788e-16
3966  8.28144e-16
3967  8.29477e-16
3968  8.30788e-16
3969  8.32074e-16
3970  8.33334e-16
3971  8.34565e-16
3972  8.35767e-16
3973  8.36939e-16
3974  8.38078e-16
3975  8.39185e-16
3976  8.40256e-16
3977  8.41292e-16
3978  8.4229e-16
3979  8.43251e-16
3980  8.44173e-16
3981  8.45055e-16
3982  8.45896e-16
3983  8.46696e-16
3984  8.47453e-16
3985  8.48168e-16
3986  8.4884e-16
3987  8.49468e-16
3988  8.50051e-16
3989  8.5059e-16
3990  8.51085e-16
3991  8.51534e-16
3992  8.51939e-16
3993  8.52299e-16
3994  8.52613e-16
3995  8.52883e-16
3996  8.53109e-16
3997  8.5329e-16
3998  8.53428e-16
3999  8.53522e-16
4000  8.53573e-16
4001  8.53582e-16
4002  8.5355e-16
4003  8.53476e-16
4004  8.53363e-16
4005  8.5321e-16
4006  8.53018e-16
4007  8.52789e-16
4008  8.52524e-16
4009  8.52223e-16
4010  8.51888e-16
4011  8.5152e-16
4012  8.5112e-16
4013  8.50689e-16
4014  8.50229e-16
4015  8.4974e-16
4016  8.49225e-16
4017  8.48683e-16
4018  8.48118e-16
4019  8.4753e-16
4020  8.4692e-16
4021  8.46291e-16
4022  8.45643e-16
4023  8.44977e-16
4024  8.44296e-16
4025  8.43601e-16
4026  8.42893e-16
4027  8.42174e-16
4028  8.41444e-16
4029  8.40706e-16
4030  8.39961e-16
4031  8.3921e-16
4032  8.38455e-16
4033  8.37697e-16
4034  8.36936e-16
4035  8.36176e-16
4036  8.35416e-16
4037  8.34659e-16
4038  8.33904e-16
4039  8.33155e-16
4040  8.3241e-16
4041  8.31673e-16
4042  8.30943e-16
4043  8.30222e-16
4044  8.29511e-16
4045  8.28811e-16
4046  8.28123e-16
4047  8.27447e-16
4048  8.26784e-16
4049  8.26136e-16
4050  8.25502e-16
4051  8.24884e-16
4052  8.24282e-16
4053  8.23698e-16
4054  8.2313e-16
4055  8.2258e-16
4056  8.22049e-16
4057  8.21536e-16
4058  8.21043e-16
4059  8.20569e-16
4060  8.20115e-16
4061  8.1968e-16
4062  8.19266e-16
4063  8.18872e-16
4064  8.18499e-16
4065  8.18146e-16
4066  8.17814e-16
4067  8.17502e-16
4068  8.17211e-16
4069  8.1694e-16
4070  8.16689e-16
4071  8.16459e-16
4072  8.16248e-16
4073  8.16058e-16
4074  8.15886e-16
4075  8.15734e-16
4076  8.15601e-16
4077  8.15486e-16
4078  8.1539e-16
4079  8.15311e-16
4080  8.1525e-16
4081  8.15206e-16
4082  8.15178e-16
4083  8.15166e-16
4084  8.1517e-16
4085  8.15188e-16
4086  8.15221e-16
4087  8.15268e-16
4088  8.15328e-16
4089  8.15401e-16
4090  8.15486e-16
4091  8.15582e-16
4092  8.15689e-16
4093  8.15805e-16
4094  8.15932e-16
4095  8.16067e-16
4096  8.16209e-16
4097  8.16359e-16
4098  8.16516e-16
4099  8.16678e-16
4100  8.16846e-16
4101  8.17017e-16
4102  8.17192e-16
4103  8.17369e-16
4104  8.17549e-16
4105  8.17729e-16
4106  8.17909e-16
4107  8.18089e-16
4108  8.18267e-16
4109  8.18443e-16
4110  8.18616e-16
4111  8.18784e-16
4112  8.18947e-16
4113  8.19105e-16
4114  8.19255e-16
4115  8.19397e-16
4116  8.19531e-16
4117  8.19655e-16
4118  8.19768e-16
4119  8.1987e-16
4120  8.19959e-16
4121  8.20034e-16
4122  8.20095e-16
4123  8.2014e-16
4124  8.20168e-16
4125  8.20178e-16
4126  8.2017e-16
4127  8.20142e-16
4128  8.20093e-16
4129  8.20022e-16
4130  8.19927e-16
4131  8.19809e-16
4132  8.19666e-16
4133  8.19496e-16
4134  8.19299e-16
4135  8.19073e-16
4136  8.18818e-16
4137  8.18532e-16
4138  8.18214e-16
4139  8.17863e-16
4140  8.17479e-16
4141  8.17059e-16
4142  8.16603e-16
4143  8.16109e-16
4144  8.15578e-16
4145  8.15006e-16
4146  8.14395e-16
4147  8.13741e-16
4148  8.13045e-16
4149  8.12306e-16
4150  8.11521e-16
4151  8.10691e-16
4152  8.09814e-16
4153  8.0889e-16
4154  8.07917e-16
4155  8.06895e-16
4156  8.05822e-16
4157  8.04698e-16
4158  8.03521e-16
4159  8.02292e-16
4160  8.0101e-16
4161  7.99673e-16
4162  7.9828e-16
4163  7.96832e-16
4164  7.95328e-16
4165  7.93766e-16
4166  7.92147e-16
4167  7.90471e-16
4168  7.88735e-16
4169  7.86941e-16
4170  7.85087e-16
4171  7.83174e-16
4172  7.81201e-16
4173  7.79168e-16
4174  7.77075e-16
4175  7.74921e-16
4176  7.72708e-16
4177  7.70434e-16
4178  7.681e-16
4179  7.65705e-16
4180  7.63251e-16
4181  7.60738e-16
4182  7.58165e-16
4183  7.55533e-16
4184  7.52843e-16
4185  7.50095e-16
4186  7.4729e-16
4187  7.44428e-16
4188  7.4151e-16
4189  7.38537e-16
4190  7.3551e-16
4191  7.3243e-16
4192  7.29297e-16
4193  7.26112e-16
4194  7.22878e-16
4195  7.19594e-16
4196  7.16263e-16
4197  7.12885e-16
4198  7.09462e-16
4199  7.05995e-16
4200  7.02486e-16
4201  6.98936e-16
4202  6.95347e-16
4203  6.91721e-16
4204  6.88059e-16
4205  6.84364e-16
4206  6.80636e-16
4207  6.76878e-16
4208  6.73092e-16
4209  6.69279e-16
4210  6.65443e-16
4211  6.61584e-16
4212  6.57705e-16
4213  6.53809e-16
4214  6.49896e-16
4215  6.45971e-16
4216  6.42034e-16
4217  6.38089e-16
4218  6.34137e-16
4219  6.30182e-16
4220  6.26224e-16
4221  6.22268e-16
4222  6.18315e-16
4223  6.14367e-16
4224  6.10428e-16
4225  6.065e-16
4226  6.02585e-16
4227  5.98686e-16
4228  5.94805e-16
4229  5.90946e-16
4230  5.8711e-16
4231  5.833e-16
4232  5.79518e-16
4233  5.75768e-16
4234  5.72052e-16
4235  5.68372e-16
4236  5.64731e-16
4237  5.61132e-16
4238  5.57576e-16
4239  5.54066e-16
4240  5.50606e-16
4241  5.47197e-16
4242  5.43841e-16
4243  5.40542e-16
4244  5.37301e-16
4245  5.34121e-16
4246  5.31004e-16
4247  5.27952e-16
4248  5.24968e-16
4249  5.22053e-16
4250  5.19211e-16
4251  5.16442e-16
4252  5.1375e-16
4253  5.11135e-16
4254  5.086e-16
4255  5.06147e-16
4256  5.03778e-16
4257  5.01494e-16
4258  4.99298e-16
4259  4.9719e-16
4260  4.95172e-16
4261  4.93246e-16
4262  4.91414e-16
4263  4.89676e-16
4264  4.88035e-16
4265  4.86491e-16
4266  4.85045e-16
4267  4.83699e-16
4268  4.82454e-16
4269  4.8131e-16
4270  4.80268e-16
4271  4.7933e-16
4272  4.78496e-16
4273  4.77767e-16
4274  4.77143e-16
4275  4.76625e-16
4276  4.76213e-16
4277  4.75907e-16
4278  4.75708e-16
4279  4.75616e-16
4280  4.75631e-16
4281  4.75752e-16
4282  4.75981e-16
4283  4.76316e-16
4284  4.76758e-16
4285  4.77305e-16
4286  4.77958e-16
4287  4.78716e-16
4288  4.79578e-16
4289  4.80544e-16
4290  4.81613e-16
4291  4.82784e-16
4292  4.84056e-16
4293  4.85428e-16
4294  4.86899e-16
4295  4.88467e-16
4296  4.90132e-16
4297  4.91892e-16
4298  4.93745e-16
4299  4.95691e-16
4300  4.97726e-16
4301  4.9985e-16
4302  5.02061e-16
4303  5.04357e-16
4304  5.06737e-16
4305  5.09197e-16
4306  5.11736e-16
4307  5.14352e-16
4308  5.17042e-16
4309  5.19805e-16
4310  5.22637e-16
4311  5.25538e-16
4312  5.28503e-16
4313  5.31531e-16
4314  5.34619e-16
4315  5.37764e-16
4316  5.40963e-16
4317  5.44215e-16
4318  5.47515e-16
4319  5.50862e-16
4320  5.54252e-16
4321  5.57682e-16
4322  5.6115e-16
4323  5.64652e-16
4324  5.68186e-16
4325  5.71748e-16
4326  5.75335e-16
4327  5.78945e-16
4328  5.82573e-16
4329  5.86218e-16
4330  5.89875e-16
4331  5.93543e-16
4332  5.97216e-16
4333  6.00893e-16
4334  6.0457e-16
4335  6.08245e-16
4336  6.11913e-16
4337  6.15572e-16
4338  6.19219e-16
4339  6.22851e-16
4340  6.26464e-16
4341  6.30056e-16
4342  6.33623e-16
4343  6.37163e-16
4344  6.40672e-16
4345  6.44149e-16
4346  6.47589e-16
4347  6.50991e-16
4348  6.54351e-16
4349  6.57667e-16
4350  6.60936e-16
4351  6.64155e-16
4352  6.67323e-16
4353  6.70437e-16
4354  6.73494e-16
4355  6.76491e-16
4356  6.79428e-16
4357  6.82302e-16
4358  6.85111e-16
4359  6.87852e-16
4360  6.90524e-16
4361  6.93126e-16
4362  6.95655e-16
4363  6.9811e-16
4364  7.0049e-16
4365  7.02793e-16
4366  7.05017e-16
4367  7.07163e-16
4368  7.09228e-16
4369  7.11211e-16
4370  7.13113e-16
4371  7.14932e-16
4372  7.16667e-16
4373  7.18318e-16
4374  7.19885e-16
4375  7.21366e-16
4376  7.22763e-16
4377  7.24075e-16
4378  7.25301e-16
4379  7.26443e-16
4380  7.275e-16
4381  7.28472e-16
4382  7.29361e-16
4383  7.30166e-16
4384  7.30888e-16
4385  7.31528e-16
4386  7.32087e-16
4387  7.32566e-16
4388  7.32965e-16
4389  7.33287e-16
4390  7.33531e-16
4391  7.337e-16
4392  7.33795e-16
4393  7.33817e-16
4394  7.33768e-16
4395  7.3365e-16
4396  7.33463e-16
4397  7.33211e-16
4398  7.32894e-16
4399  7.32515e-16
4400  7.32075e-16
4401  7.31577e-16
4402  7.31023e-16
4403  7.30414e-16
4404  7.29753e-16
4405  7.29043e-16
4406  7.28284e-16
4407  7.2748e-16
4408  7.26633e-16
4409  7.25745e-16
4410  7.24818e-16
4411  7.23855e-16
4412  7.22858e-16
4413  7.21829e-16
4414  7.2077e-16
4415  7.19685e-16
4416  7.18575e-16
4417  7.17442e-16
4418  7.16289e-16
4419  7.15118e-16
4420  7.13931e-16
4421  7.12731e-16
4422  7.11519e-16
4423  7.10299e-16
4424  7.09071e-16
4425  7.07837e-16
4426  7.06601e-16
4427  7.05364e-16
4428  7.04127e-16
4429  7.02893e-16
4430  7.01663e-16
4431  7.0044e-16
4432  6.99224e-16
4433  6.98017e-16
4434  6.96822e-16
4435  6.95639e-16
4436  6.94469e-16
4437  6.93315e-16
4438  6.92177e-16
4439  6.91057e-16
4440  6.89955e-16
4441  6.88873e-16
4442  6.87812e-16
4443  6.86772e-16
4444  6.85754e-16
4445  6.8476e-16
4446  6.83789e-16
4447  6.82843e-16
4448  6.81921e-16
4449  6.81025e-16
4450  6.80155e-16
4451  6.7931e-16
4452  6.78492e-16
4453  6.777e-16
4454  6.76935e-16
4455  6.76196e-16
4456  6.75484e-16
4457  6.74798e-16
4458  6.74139e-16
4459  6.73506e-16
4460  6.72898e-16
4461  6.72316e-16
4462  6.7176e-16
4463  6.71228e-16
4464  6.70721e-16
4465  6.70238e-16
4466  6.69779e-16
4467  6.69342e-16
4468  6.68928e-16
4469  6.68537e-16
4470  6.68166e-16
4471  6.67816e-16
4472  6.67486e-16
4473  6.67176e-16
4474  6.66884e-16
4475  6.66611e-16
4476  6.66355e-16
4477  6.66116e-16
4478  6.65894e-16
4479  6.65686e-16
4480  6.65494e-16
4481  6.65316e-16
4482  6.65152e-16
4483  6.65001e-16
4484  6.64862e-16
4485  6.64736e-16
4486  6.64621e-16
4487  6.64517e-16
4488  6.64423e-16
4489  6.64339e-16
4490  6.64266e-16
4491  6.64201e-16
4492  6.64145e-16
4493  6.64099e-16
4494  6.6406e-16
4495  6.6403e-16
4496  6.64008e-16
4497  6.63993e-16
4498  6.63987e-16
4499  6.63988e-16
4500  6.63997e-16
4501  6.64013e-16
4502  6.64038e-16
4503  6.6407e-16
4504  6.64111e-16
4505  6.6416e-16
4506  6.64217e-16
4507  6.64283e-16
4508  6.64358e-16
4509  6.64443e-16
4510  6.64538e-16
4511  6.64643e-16
4512  6.64758e-16
4513  6.64885e-16
4514  6.65023e-16
4515  6.65174e-16
4516  6.65338e-16
4517  6.65514e-16
4518  6.65705e-16
4519  6.65911e-16
4520  6.66131e-16
4521  6.66368e-16
4522  6.66621e-16
4523  6.66891e-16
4524  6.67178e-16
4525  6.67485e-16
4526  6.6781e-16
4527  6.68156e-16
4528  6.68521e-16
4529  6.68908e-16
4530  6.69317e-16
4531  6.69747e-16
4532  6.70201e-16
4533  6.70678e-16
4534  6.71179e-16
4535  6.71704e-16
4536  6.72255e-16
4537  6.72831e-16
4538  6.73432e-16
4539  6.7406e-16
4540  6.74714e-16
4541  6.75396e-16
4542  6.76104e-16
4543  6.76839e-16
4544  6.77602e-16
4545  6.78392e-16
4546  6.7921e-16
4547  6.80055e-16
4548  6.80928e-16
4549  6.81827e-16
4550  6.82754e-16
4551  6.83708e-16
4552  6.84689e-16
4553  6.85695e-16
4554  6.86728e-16
4555  6.87785e-16
4556  6.88868e-16
4557  6.89974e-16
4558  6.91104e-16
4559  6.92256e-16
4560  6.93431e-16
4561  6.94626e-16
4562  6.95841e-16
4563  6.97076e-16
4564  6.98328e-16
4565  6.99598e-16
4566  7.00883e-16
4567  7.02183e-16
4568  7.03496e-16
4569  7.04821e-16
4570  7.06157e-16
4571  7.07502e-16
4572  7.08855e-16
4573  7.10214e-16
4574  7.11578e-16
4575  7.12945e-16
4576  7.14313e-16
4577  7.15682e-16
4578  7.17049e-16
4579  7.18412e-16
4580  7.1977e-16
4581  7.21122e-16
4582  7.22465e-16
4583  7.23797e-16
4584  7.25118e-16
4585  7.26425e-16
4586  7.27715e-16
4587  7.28989e-16
4588  7.30244e-16
4589  7.31477e-16
4590  7.32688e-16
4591  7.33874e-16
4592  7.35035e-16
4593  7.36167e-16
4594  7.3727e-16
4595  7.38342e-16
4596  7.39382e-16
4597  7.40387e-16
4598  7.41356e-16
4599  7.42289e-16
4600  7.43182e-16
4601  7.44036e-16
4602  7.44848e-16
4603  7.45617e-16
4604  7.46343e-16
4605  7.47023e-16
4606  7.47657e-16
4607  7.48244e-16
4608  7.48783e-16
4609  7.49272e-16
4610  7.49712e-16
4611  7.50101e-16
4612  7.50438e-16
4613  7.50724e-16
4614  7.50957e-16
4615  7.51136e-16
4616  7.51262e-16
4617  7.51334e-16
4618  7.51352e-16
4619  7.51316e-16
4620  7.51225e-16
4621  7.5108e-16
4622  7.50881e-16
4623  7.50627e-16
4624  7.5032e-16
4625  7.49958e-16
4626  7.49543e-16
4627  7.49076e-16
4628  7.48555e-16
4629  7.47983e-16
4630  7.4736e-16
4631  7.46686e-16
4632  7.45963e-16
4633  7.4519e-16
4634  7.4437e-16
4635  7.43502e-16
4636  7.42588e-16
4637  7.4163e-16
4638  7.40627e-16
4639  7.39582e-16
4640  7.38495e-16
4641  7.37369e-16
4642  7.36203e-16
4643  7.35e-16
4644  7.3376e-16
4645  7.32486e-16
4646  7.31178e-16
4647  7.29839e-16
4648  7.28469e-16
4649  7.2707e-16
4650  7.25643e-16
4651  7.24191e-16
4652  7.22714e-16
4653  7.21215e-16
4654  7.19694e-16
4655  7.18153e-16
4656  7.16594e-16
4657  7.15019e-16
4658  7.13428e-16
4659  7.11824e-16
4660  7.10207e-16
4661  7.08579e-16
4662  7.06943e-16
4663  7.05298e-16
4664  7.03647e-16
4665  7.0199e-16
4666  7.0033e-16
4667  6.98667e-16
4668  6.97003e-16
4669  6.95339e-16
4670  6.93675e-16
4671  6.92014e-16
4672  6.90357e-16
4673  6.88703e-16
4674  6.87055e-16
4675  6.85414e-16
4676  6.83779e-16
4677  6.82152e-16
4678  6.80535e-16
4679  6.78926e-16
4680  6.77328e-16
4681  6.75741e-16
4682  6.74166e-16
4683  6.72602e-16
4684  6.71051e-16
4685  6.69513e-16
4686  6.67988e-16
4687  6.66477e-16
4688  6.6498e-16
4689  6.63497e-16
4690  6.62028e-16
4691  6.60574e-16
4692  6.59135e-16
4693  6.5771e-16
4694  6.563e-16
4695  6.54904e-16
4696  6.53524e-16
4697  6.52158e-16
4698  6.50806e-16
4699  6.49468e-16
4700  6.48145e-16
4701  6.46835e-16
4702  6.45539e-16
4703  6.44256e-16
4704  6.42986e-16
4705  6.41729e-16
4706  6.40484e-16
4707  6.39251e-16
4708  6.3803e-16
4709  6.36821e-16
4710  6.35622e-16
4711  6.34434e-16
4712  6.33256e-16
4713  6.32088e-16
4714  6.3093e-16
4715  6.2978e-16
4716  6.28639e-16
4717  6.27507e-16
4718  6.26383e-16
4719  6.25267e-16
4720  6.24158e-16
4721  6.23056e-16
4722  6.21961e-16
4723  6.20873e-16
4724  6.19791e-16
4725  6.18715e-16
4726  6.17646e-16
4727  6.16582e-16
4728  6.15524e-16
4729  6.14472e-16
4730  6.13425e-16
4731  6.12384e-16
4732  6.11348e-16
4733  6.10318e-16
4734  6.09293e-16
4735  6.08274e-16
4736  6.07261e-16
4737  6.06254e-16
4738  6.05253e-16
4739  6.04258e-16
4740  6.0327e-16
4741  6.02289e-16
4742  6.01315e-16
4743  6.00348e-16
4744  5.99389e-16
4745  5.98438e-16
4746  5.97496e-16
4747  5.96563e-16
4748  5.95639e-16
4749  5.94725e-16
4750  5.93822e-16
4751  5.92929e-16
4752  5.92048e-16
4753  5.91179e-16
4754  5.90322e-16
4755  5.89479e-16
4756  5.88649e-16
4757  5.87833e-16
4758  5.87032e-16
4759  5.86246e-16
4760  5.85476e-16
4761  5.84722e-16
4762  5.83985e-16
4763  5.83266e-16
4764  5.82565e-16
4765  5.81882e-16
4766  5.81218e-16
4767  5.80574e-16
4768  5.79949e-16
4769  5.79345e-16
4770  5.78762e-16
4771  5.782e-16
4772  5.7766e-16
4773  5.77141e-16
4774  5.76645e-16
4775  5.76171e-16
4776  5.75719e-16
4777  5.75291e-16
4778  5.74885e-16
4779  5.74502e-16
4780  5.74143e-16
4781  5.73806e-16
4782  5.73493e-16
4783  5.73202e-16
4784  5.72934e-16
4785  5.72689e-16
4786  5.72466e-16
4787  5.72266e-16
4788  5.72087e-16
4789  5.7193e-16
4790  5.71793e-16
4791  5.71677e-16
4792  5.71581e-16
4793  5.71504e-16
4794  5.71446e-16
4795  5.71406e-16
4796  5.71383e-16
4797  5.71377e-16
4798  5.71386e-16
4799  5.7141e-16
4800  5.71448e-16
4801  5.71498e-16
4802  5.71561e-16
4803  5.71634e-16
4804  5.71717e-16
4805  5.71809e-16
4806  5.71908e-16
4807  5.72013e-16
4808  5.72123e-16
4809  5.72237e-16
4810  5.72353e-16
4811  5.7247e-16
4812  5.72587e-16
4813  5.72703e-16
4814  5.72815e-16
4815  5.72923e-16
4816  5.73025e-16
4817  5.7312e-16
4818  5.73207e-16
4819  5.73283e-16
4820  5.73348e-16
4821  5.734e-16
4822  5.73437e-16
4823  5.73459e-16
4824  5.73464e-16
4825  5.7345e-16
4826  5.73416e-16
4827  5.73361e-16
4828  5.73283e-16
4829  5.73181e-16
4830  5.73054e-16
4831  5.729e-16
4832  5.72719e-16
4833  5.72508e-16
4834  5.72268e-16
4835  5.71996e-16
4836  5.71691e-16
4837  5.71353e-16
4838  5.70981e-16
4839  5.70573e-16
4840  5.70129e-16
4841  5.69647e-16
4842  5.69128e-16
4843  5.68569e-16
4844  5.67972e-16
4845  5.67333e-16
4846  5.66654e-16
4847  5.65934e-16
4848  5.65171e-16
4849  5.64367e-16
4850  5.63519e-16
4851  5.62628e-16
4852  5.61695e-16
4853  5.60717e-16
4854  5.59696e-16
4855  5.58631e-16
4856  5.57522e-16
4857  5.5637e-16
4858  5.55174e-16
4859  5.53934e-16
4860  5.52651e-16
4861  5.51325e-16
4862  5.49956e-16
4863  5.48545e-16
4864  5.47092e-16
4865  5.45597e-16
4866  5.44062e-16
4867  5.42486e-16
4868  5.4087e-16
4869  5.39215e-16
4870  5.37522e-16
4871  5.35792e-16
4872  5.34025e-16
4873  5.32221e-16
4874  5.30383e-16
4875  5.28511e-16
4876  5.26606e-16
4877  5.24669e-16
4878  5.227e-16
4879  5.20702e-16
4880  5.18675e-16
4881  5.1662e-16
4882  5.14538e-16
4883  5.12431e-16
4884  5.103e-16
4885  5.08146e-16
4886  5.05969e-16
4887  5.03773e-16
4888  5.01556e-16
4889  4.99322e-16
4890  4.97071e-16
4891  4.94804e-16
4892  4.92523e-16
4893  4.90229e-16
4894  4.87923e-16
4895  4.85607e-16
4896  4.83281e-16
4897  4.80947e-16
4898  4.78607e-16
4899  4.76261e-16
4900  4.73911e-16
4901  4.71557e-16
4902  4.69202e-16
4903  4.66846e-16
4904  4.64491e-16
4905  4.62138e-16
4906  4.59787e-16
4907  4.5744e-16
4908  4.55098e-16
4909  4.52763e-16
4910  4.50434e-16
4911  4.48114e-16
4912  4.45803e-16
4913  4.43503e-16
4914  4.41213e-16
4915  4.38936e-16
4916  4.36672e-16
4917  4.34422e-16
4918  4.32187e-16
4919  4.29968e-16
4920  4.27765e-16
4921  4.2558e-16
4922  4.23412e-16
4923  4.21264e-16
4924  4.19135e-16
4925  4.17027e-16
4926  4.1494e-16
4927  4.12874e-16
4928  4.10831e-16
4929  4.08811e-16
4930  4.06814e-16
4931  4.04841e-16
4932  4.02893e-16
4933  4.0097e-16
4934  3.99073e-16
4935  3.97202e-16
4936  3.95358e-16
4937  3.93541e-16
4938  3.91752e-16
4939  3.8999e-16
4940  3.88258e-16
4941  3.86554e-16
4942  3.84879e-16
4943  3.83234e-16
4944  3.81619e-16
4945  3.80034e-16
4946  3.7848e-16
4947  3.76957e-16
4948  3.75466e-16
4949  3.74006e-16
4950  3.72578e-16
4951  3.71183e-16
4952  3.6982e-16
4953  3.68491e-16
4954  3.67194e-16
4955  3.65931e-16
4956  3.64701e-16
4957  3.63506e-16
4958  3.62345e-16
4959  3.61219e-16
4960  3.60127e-16
4961  3.59071e-16
4962  3.5805e-16
4963  3.57065e-16
4964  3.56115e-16
4965  3.55202e-16
4966  3.54324e-16
4967  3.53484e-16
4968  3.5268e-16
4969  3.51913e-16
4970  3.51184e-16
4971  3.50491e-16
4972  3.49837e-16
4973  3.4922e-16
4974  3.48641e-16
4975  3.48101e-16
4976  3.47599e-16
4977  3.47135e-16
4978  3.4671e-16
4979  3.46324e-16
4980  3.45977e-16
4981  3.45669e-16
4982  3.454e-16
4983  3.4517e-16
4984  3.4498e-16
4985  3.44829e-16
4986  3.44718e-16
4987  3.44646e-16
4988  3.44613e-16
4989  3.4462e-16
4990  3.44666e-16
4991  3.44752e-16
4992  3.44877e-16
4993  3.45041e-16
4994  3.45245e-16
4995  3.45487e-16
4996  3.45768e-16
4997  3.46088e-16
4998  3.46446e-16
4999  3.46842e-16
5000  3.47277e-16
5001  3.47748e-16
5002  3.48257e-16
5003  3.48803e-16
5004  3.49386e-16
5005  3.50004e-16
5006  3.50658e-16
5007  3.51348e-16
5008  3.52072e-16
5009  3.5283e-16
5010  3.53622e-16
5011  3.54447e-16
5012  3.55304e-16
5013  3.56193e-16
5014  3.57113e-16
5015  3.58063e-16
5016  3.59044e-16
5017  3.60052e-16
5018  3.61089e-16
5019  3.62154e-16
5020  3.63244e-16
5021  3.6436e-16
5022  3.65501e-16
5023  3.66665e-16
5024  3.67853e-16
5025  3.69061e-16
5026  3.70291e-16
5027  3.7154e-16
5028  3.72808e-16
5029  3.74094e-16
5030  3.75396e-16
5031  3.76713e-16
5032  3.78045e-16
5033  3.7939e-16
5034  3.80747e-16
5035  3.82115e-16
5036  3.83493e-16
5037  3.84879e-16
5038  3.86273e-16
5039  3.87673e-16
5040  3.89077e-16
5041  3.90486e-16
5042  3.91897e-16
5043  3.9331e-16
5044  3.94723e-16
5045  3.96135e-16
5046  3.97544e-16
5047  3.98951e-16
5048  4.00353e-16
5049  4.01749e-16
5050  4.03138e-16
5051  4.0452e-16
5052  4.05892e-16
5053  4.07254e-16
5054  4.08605e-16
5055  4.09943e-16
5056  4.11268e-16
5057  4.12579e-16
5058  4.13874e-16
5059  4.15152e-16
5060  4.16413e-16
5061  4.17656e-16
5062  4.1888e-16
5063  4.20083e-16
5064  4.21266e-16
5065  4.22427e-16
5066  4.23565e-16
5067  4.2468e-16
5068  4.25771e-16
5069  4.26837e-16
5070  4.27878e-16
5071  4.28893e-16
5072  4.29881e-16
5073  4.30843e-16
5074  4.31777e-16
5075  4.32683e-16
5076  4.33561e-16
5077  4.3441e-16
5078  4.3523e-16
5079  4.36021e-16
5080  4.36782e-16
5081  4.37514e-16
5082  4.38215e-16
5083  4.38887e-16
5084  4.39529e-16
5085  4.4014e-16
5086  4.40722e-16
5087  4.41273e-16
5088  4.41794e-16
5089  4.42286e-16
5090  4.42748e-16
5091  4.4318e-16
5092  4.43584e-16
5093  4.43958e-16
5094  4.44304e-16
5095  4.44622e-16
5096  4.44912e-16
5097  4.45174e-16
5098  4.45409e-16
5099  4.45619e-16
5100  4.45802e-16
5101  4.4596e-16
5102  4.46093e-16
5103  4.46202e-16
5104  4.46288e-16
5105  4.46351e-16
5106  4.46391e-16
5107  4.46411e-16
5108  4.4641e-16
5109  4.46389e-16
5110  4.46349e-16
5111  4.46291e-16
5112  4.46215e-16
5113  4.46123e-16
5114  4.46015e-16
5115  4.45893e-16
5116  4.45756e-16
5117  4.45607e-16
5118  4.45445e-16
5119  4.45272e-16
5120  4.45089e-16
5121  4.44897e-16
5122  4.44696e-16
5123  4.44488e-16
5124  4.44273e-16
5125  4.44052e-16
5126  4.43827e-16
5127  4.43598e-16
5128  4.43365e-16
5129  4.43131e-16
5130  4.42896e-16
5131  4.42661e-16
5132  4.42426e-16
5133  4.42193e-16
5134  4.41963e-16
5135  4.41735e-16
5136  4.41512e-16
5137  4.41293e-16
5138  4.41081e-16
5139  4.40874e-16
5140  4.40675e-16
5141  4.40484e-16
5142  4.40301e-16
5143  4.40128e-16
5144  4.39964e-16
5145  4.39811e-16
5146  4.39669e-16
5147  4.39539e-16
5148  4.39422e-16
5149  4.39317e-16
5150  4.39225e-16
5151  4.39147e-16
5152  4.39084e-16
5153  4.39035e-16
5154  4.39001e-16
5155  4.38982e-16
5156  4.38979e-16
5157  4.38991e-16
5158  4.3902e-16
5159  4.39065e-16
5160  4.39127e-16
5161  4.39205e-16
5162  4.393e-16
5163  4.39411e-16
5164  4.3954e-16
5165  4.39685e-16
5166  4.39847e-16
5167  4.40026e-16
5168  4.40221e-16
5169  4.40433e-16
5170  4.40661e-16
5171  4.40906e-16
5172  4.41166e-16
5173  4.41442e-16
5174  4.41733e-16
5175  4.42039e-16
5176  4.4236e-16
5177  4.42695e-16
5178  4.43044e-16
5179  4.43406e-16
5180  4.43782e-16
5181  4.4417e-16
5182  4.44569e-16
5183  4.4498e-16
5184  4.45402e-16
5185  4.45835e-16
5186  4.46276e-16
5187  4.46727e-16
5188  4.47186e-16
5189  4.47653e-16
5190  4.48126e-16
5191  4.48606e-16
5192  4.49091e-16
5193  4.49581e-16
5194  4.50075e-16
5195  4.50573e-16
5196  4.51072e-16
5197  4.51573e-16
5198  4.52075e-16
5199  4.52577e-16
5200  4.53079e-16
5201  4.53578e-16
5202  4.54075e-16
5203  4.54569e-16
5204  4.55059e-16
5205  4.55543e-16
5206  4.56022e-16
5207  4.56494e-16
5208  4.56959e-16
5209  4.57415e-16
5210  4.57862e-16
5211  4.583e-16
5212  4.58726e-16
5213  4.59141e-16
5214  4.59544e-16
5215  4.59934e-16
5216  4.6031e-16
5217  4.60671e-16
5218  4.61017e-16
5219  4.61347e-16
5220  4.6166e-16
5221  4.61956e-16
5222  4.62234e-16
5223  4.62493e-16
5224  4.62733e-16
5225  4.62953e-16
5226  4.63153e-16
5227  4.63332e-16
5228  4.6349e-16
5229  4.63625e-16
5230  4.63738e-16
5231  4.63829e-16
5232  4.63896e-16
5233  4.6394e-16
5234  4.63959e-16
5235  4.63955e-16
5236  4.63926e-16
5237  4.63873e-16
5238  4.63794e-16
5239  4.63691e-16
5240  4.63562e-16
5241  4.63408e-16
5242  4.63228e-16
5243  4.63024e-16
5244  4.62793e-16
5245  4.62538e-16
5246  4.62257e-16
5247  4.6195e-16
5248  4.61619e-16
5249  4.61263e-16
5250  4.60882e-16
5251  4.60476e-16
5252  4.60046e-16
5253  4.59592e-16
5254  4.59115e-16
5255  4.58614e-16
5256  4.5809e-16
5257  4.57544e-16
5258  4.56976e-16
5259  4.56386e-16
5260  4.55776e-16
5261  4.55144e-16
5262  4.54493e-16
5263  4.53823e-16
5264  4.53133e-16
5265  4.52426e-16
5266  4.51701e-16
5267  4.50959e-16
5268  4.50202e-16
5269  4.49429e-16
5270  4.48641e-16
5271  4.47839e-16
5272  4.47024e-16
5273  4.46197e-16
5274  4.45359e-16
5275  4.44509e-16
5276  4.4365e-16
5277  4.42782e-16
5278  4.41905e-16
5279  4.41021e-16
5280  4.4013e-16
5281  4.39234e-16
5282  4.38332e-16
5283  4.37427e-16
5284  4.36518e-16
5285  4.35608e-16
5286  4.34695e-16
5287  4.33782e-16
5288  4.32869e-16
5289  4.31957e-16
5290  4.31047e-16
5291  4.3014e-16
5292  4.29236e-16
5293  4.28336e-16
5294  4.27442e-16
5295  4.26553e-16
5296  4.2567e-16
5297  4.24795e-16
5298  4.23928e-16
5299  4.23069e-16
5300  4.22219e-16
5301  4.2138e-16
5302  4.20551e-16
5303  4.19733e-16
5304  4.18927e-16
5305  4.18134e-16
5306  4.17353e-16
5307  4.16586e-16
5308  4.15832e-16
5309  4.15093e-16
5310  4.14368e-16
5311  4.13659e-16
5312  4.12965e-16
5313  4.12287e-16
5314  4.11625e-16
5315  4.1098e-16
5316  4.10351e-16
5317  4.0974e-16
5318  4.09145e-16
5319  4.08568e-16
5320  4.08009e-16
5321  4.07467e-16
5322  4.06943e-16
5323  4.06437e-16
5324  4.05949e-16
5325  4.05478e-16
5326  4.05025e-16
5327  4.04591e-16
5328  4.04174e-16
5329  4.03774e-16
5330  4.03393e-16
5331  4.03028e-16
5332  4.02681e-16
5333  4.02352e-16
5334  4.02039e-16
5335  4.01742e-16
5336  4.01462e-16
5337  4.01199e-16
5338  4.00951e-16
5339  4.00718e-16
5340  4.00502e-16
5341  4.00299e-16
5342  4.00112e-16
5343  3.99939e-16
5344  3.9978e-16
5345  3.99634e-16
5346  3.99501e-16
5347  3.99381e-16
5348  3.99273e-16
5349  3.99177e-16
5350  3.99092e-16
5351  3.99019e-16
5352  3.98956e-16
5353  3.98903e-16
5354  3.98859e-16
5355  3.98825e-16
5356  3.988e-16
5357  3.98782e-16
5358  3.98773e-16
5359  3.98771e-16
5360  3.98776e-16
5361  3.98787e-16
5362  3.98805e-16
5363  3.98828e-16
5364  3.98856e-16
5365  3.98888e-16
5366  3.98926e-16
5367  3.98967e-16
5368  3.99011e-16
5369  3.99058e-16
5370  3.99109e-16
5371  3.99161e-16
5372  3.99215e-16
5373  3.99271e-16
5374  3.99328e-16
5375  3.99386e-16
5376  3.99444e-16
5377  3.99503e-16
5378  3.99561e-16
5379  3.99619e-16
5380  3.99676e-16
5381  3.99733e-16
5382  3.99788e-16
5383  3.99841e-16
5384  3.99893e-16
5385  3.99943e-16
5386  3.9999e-16
5387  4.00036e-16
5388  4.00078e-16
5389  4.00118e-16
5390  4.00156e-16
5391  4.0019e-16
5392  4.00221e-16
5393  4.00248e-16
5394  4.00272e-16
5395  4.00293e-16
5396  4.0031e-16
5397  4.00324e-16
5398  4.00333e-16
5399  4.00339e-16
5400  4.00341e-16
5401  4.00339e-16
5402  4.00334e-16
5403  4.00324e-16
5404  4.0031e-16
5405  4.00293e-16
5406  4.00271e-16
5407  4.00246e-16
5408  4.00216e-16
5409  4.00183e-16
5410  4.00146e-16
5411  4.00106e-16
5412  4.00061e-16
5413  4.00013e-16
5414  3.99961e-16
5415  3.99906e-16
5416  3.99848e-16
5417  3.99786e-16
5418  3.99721e-16
5419  3.99652e-16
5420  3.99581e-16
5421  3.99507e-16
5422  3.9943e-16
5423  3.9935e-16
5424  3.99267e-16
5425  3.99182e-16
5426  3.99095e-16
5427  3.99005e-16
5428  3.98914e-16
5429  3.9882e-16
5430  3.98725e-16
5431  3.98627e-16
5432  3.98529e-16
5433  3.98428e-16
5434  3.98327e-16
5435  3.98224e-16
5436  3.9812e-16
5437  3.98016e-16
5438  3.9791e-16
5439  3.97804e-16
5440  3.97698e-16
5441  3.97592e-16
5442  3.97485e-16
5443  3.97378e-16
5444  3.97272e-16
5445  3.97166e-16
5446  3.9706e-16
5447  3.96955e-16
5448  3.96851e-16
5449  3.96748e-16
5450  3.96646e-16
5451  3.96546e-16
5452  3.96447e-16
5453  3.96349e-16
5454  3.96253e-16
5455  3.9616e-16
5456  3.96068e-16
5457  3.95979e-16
5458  3.95892e-16
5459  3.95808e-16
5460  3.95726e-16
5461  3.95648e-16
5462  3.95572e-16
5463  3.955e-16
5464  3.95431e-16
5465  3.95366e-16
5466  3.95305e-16
5467  3.95247e-16
5468  3.95194e-16
5469  3.95144e-16
5470  3.951e-16
5471  3.95059e-16
5472  3.95023e-16
5473  3.94992e-16
5474  3.94966e-16
5475  3.94945e-16
5476  3.9493e-16
5477  3.94919e-16
5478  3.94914e-16
5479  3.94915e-16
5480  3.94921e-16
5481  3.94933e-16
5482  3.94951e-16
5483  3.94975e-16
5484  3.95006e-16
5485  3.95042e-16
5486  3.95085e-16
5487  3.95134e-16
5488  3.9519e-16
5489  3.95252e-16
5490  3.95321e-16
5491  3.95396e-16
5492  3.95478e-16
5493  3.95567e-16
5494  3.95662e-16
5495  3.95765e-16
5496  3.95873e-16
5497  3.95989e-16
5498  3.96112e-16
5499  3.96241e-16
5500  3.96376e-16
5501  3.96519e-16
5502  3.96668e-16
5503  3.96823e-16
5504  3.96985e-16
5505  3.97153e-16
5506  3.97328e-16
5507  3.97508e-16
5508  3.97695e-16
5509  3.97887e-16
5510  3.98085e-16
5511  3.98289e-16
5512  3.98498e-16
5513  3.98712e-16
5514  3.98931e-16
5515  3.99155e-16
5516  3.99383e-16
5517  3.99616e-16
5518  3.99853e-16
5519  4.00094e-16
5520  4.00338e-16
5521  4.00586e-16
5522  4.00836e-16
5523  4.0109e-16
5524  4.01345e-16
5525  4.01603e-16
5526  4.01863e-16
5527  4.02124e-16
5528  4.02386e-16
5529  4.02649e-16
5530  4.02912e-16
5531  4.03176e-16
5532  4.03439e-16
5533  4.03701e-16
5534  4.03962e-16
5535  4.04222e-16
5536  4.0448e-16
5537  4.04735e-16
5538  4.04988e-16
5539  4.05238e-16
5540  4.05485e-16
5541  4.05728e-16
5542  4.05966e-16
5543  4.062e-16
5544  4.06429e-16
5545  4.06652e-16
5546  4.0687e-16
5547  4.07081e-16
5548  4.07286e-16
5549  4.07483e-16
5550  4.07674e-16
5551  4.07857e-16
5552  4.08031e-16
5553  4.08197e-16
5554  4.08355e-16
5555  4.08503e-16
5556  4.08642e-16
5557  4.08771e-16
5558  4.0889e-16
5559  4.08999e-16
5560  4.09097e-16
5561  4.09185e-16
5562  4.09261e-16
5563  4.09326e-16
5564  4.09379e-16
5565  4.0942e-16
5566  4.0945e-16
5567  4.09467e-16
5568  4.09472e-16
5569  4.09465e-16
5570  4.09445e-16
5571  4.09412e-16
5572  4.09366e-16
5573  4.09308e-16
5574  4.09237e-16
5575  4.09152e-16
5576  4.09055e-16
5577  4.08945e-16
5578  4.08822e-16
5579  4.08686e-16
5580  4.08537e-16
5581  4.08376e-16
5582  4.08202e-16
5583  4.08015e-16
5584  4.07816e-16
5585  4.07604e-16
5586  4.07381e-16
5587  4.07146e-16
5588  4.06898e-16
5589  4.0664e-16
5590  4.0637e-16
5591  4.06089e-16
5592  4.05797e-16
5593  4.05494e-16
5594  4.05182e-16
5595  4.04859e-16
5596  4.04527e-16
5597  4.04186e-16
5598  4.03836e-16
5599  4.03477e-16
5600  4.03109e-16
5601  4.02734e-16
5602  4.02352e-16
5603  4.01962e-16
5604  4.01565e-16
5605  4.01162e-16
5606  4.00753e-16
5607  4.00338e-16
5608  3.99918e-16
5609  3.99493e-16
5610  3.99064e-16
5611  3.9863e-16
5612  3.98193e-16
5613  3.97753e-16
5614  3.9731e-16
5615  3.96864e-16
5616  3.96416e-16
5617  3.95966e-16
5618  3.95515e-16
5619  3.95063e-16
5620  3.9461e-16
5621  3.94156e-16
5622  3.93703e-16
5623  3.9325e-16
5624  3.92797e-16
5625  3.92345e-16
5626  3.91895e-16
5627  3.91446e-16
5628  3.90998e-16
5629  3.90552e-16
5630  3.90108e-16
5631  3.89667e-16
5632  3.89228e-16
5633  3.88792e-16
5634  3.88359e-16
5635  3.87928e-16
5636  3.87501e-16
5637  3.87077e-16
5638  3.86656e-16
5639  3.86238e-16
5640  3.85824e-16
5641  3.85413e-16
5642  3.85005e-16
5643  3.84601e-16
5644  3.842e-16
5645  3.83803e-16
5646  3.83409e-16
5647  3.83018e-16
5648  3.8263e-16
5649  3.82245e-16
5650  3.81863e-16
5651  3.81483e-16
5652  3.81107e-16
5653  3.80732e-16
5654  3.8036e-16
5655  3.7999e-16
5656  3.79621e-16
5657  3.79254e-16
5658  3.78889e-16
5659  3.78524e-16
5660  3.78161e-16
5661  3.77798e-16
5662  3.77435e-16
5663  3.77072e-16
5664  3.76709e-16
5665  3.76345e-16
5666  3.75981e-16
5667  3.75615e-16
5668  3.75248e-16
5669  3.74879e-16
5670  3.74507e-16
5671  3.74134e-16
5672  3.73758e-16
5673  3.73378e-16
5674  3.72996e-16
5675  3.7261e-16
5676  3.7222e-16
5677  3.71825e-16
5678  3.71427e-16
5679  3.71023e-16
5680  3.70615e-16
5681  3.70202e-16
5682  3.69783e-16
5683  3.69358e-16
5684  3.68928e-16
5685  3.68491e-16
5686  3.68048e-16
5687  3.67599e-16
5688  3.67143e-16
5689  3.66681e-16
5690  3.66212e-16
5691  3.65736e-16
5692  3.65253e-16
5693  3.64762e-16
5694  3.64265e-16
5695  3.63761e-16
5696  3.6325e-16
5697  3.62731e-16
5698  3.62206e-16
5699  3.61674e-16
5700  3.61135e-16
5701  3.60589e-16
5702  3.60036e-16
5703  3.59477e-16
5704  3.58912e-16
5705  3.58341e-16
5706  3.57764e-16
5707  3.57181e-16
5708  3.56593e-16
5709  3.56001e-16
5710  3.55403e-16
5711  3.54801e-16
5712  3.54195e-16
5713  3.53585e-16
5714  3.52972e-16
5715  3.52356e-16
5716  3.51738e-16
5717  3.51117e-16
5718  3.50495e-16
5719  3.49872e-16
5720  3.49249e-16
5721  3.48625e-16
5722  3.48002e-16
5723  3.4738e-16
5724  3.46759e-16
5725  3.4614e-16
5726  3.45524e-16
5727  3.44911e-16
5728  3.44301e-16
5729  3.43696e-16
5730  3.43096e-16
5731  3.42501e-16
5732  3.41913e-16
5733  3.41331e-16
5734  3.40756e-16
5735  3.40189e-16
5736  3.3963e-16
5737  3.3908e-16
5738  3.3854e-16
5739  3.38009e-16
5740  3.3749e-16
5741  3.36981e-16
5742  3.36484e-16
5743  3.35999e-16
5744  3.35527e-16
5745  3.35068e-16
5746  3.34623e-16
5747  3.34192e-16
5748  3.33775e-16
5749  3.33374e-16
5750  3.32988e-16
5751  3.32617e-16
5752  3.32263e-16
5753  3.31925e-16
5754  3.31603e-16
5755  3.31299e-16
5756  3.31012e-16
5757  3.30743e-16
5758  3.30491e-16
5759  3.30257e-16
5760  3.30042e-16
5761  3.29844e-16
5762  3.29665e-16
5763  3.29504e-16
5764  3.29362e-16
5765  3.29238e-16
5766  3.29132e-16
5767  3.29045e-16
5768  3.28976e-16
5769  3.28925e-16
5770  3.28892e-16
5771  3.28877e-16
5772  3.2888e-16
5773  3.289e-16
5774  3.28937e-16
5775  3.28992e-16
5776  3.29063e-16
5777  3.2915e-16
5778  3.29253e-16
5779  3.29372e-16
5780  3.29505e-16
5781  3.29654e-16
5782  3.29817e-16
5783  3.29993e-16
5784  3.30183e-16
5785  3.30386e-16
5786  3.30601e-16
5787  3.30827e-16
5788  3.31065e-16
5789  3.31313e-16
5790  3.31571e-16
5791  3.31839e-16
5792  3.32115e-16
5793  3.32399e-16
5794  3.32691e-16
5795  3.3299e-16
5796  3.33295e-16
5797  3.33605e-16
5798  3.3392e-16
5799  3.3424e-16
5800  3.34563e-16
5801  3.34889e-16
5802  3.35218e-16
5803  3.35548e-16
5804  3.35879e-16
5805  3.36211e-16
5806  3.36542e-16
5807  3.36873e-16
5808  3.37202e-16
5809  3.3753e-16
5810  3.37855e-16
5811  3.38177e-16
5812  3.38495e-16
5813  3.3881e-16
5814  3.3912e-16
5815  3.39425e-16
5816  3.39725e-16
5817  3.40019e-16
5818  3.40307e-16
5819  3.40588e-16
5820  3.40862e-16
5821  3.4113e-16
5822  3.4139e-16
5823  3.41642e-16
5824  3.41887e-16
5825  3.42123e-16
5826  3.42351e-16
5827  3.42571e-16
5828  3.42783e-16
5829  3.42986e-16
5830  3.43181e-16
5831  3.43367e-16
5832  3.43545e-16
5833  3.43715e-16
5834  3.43877e-16
5835  3.4403e-16
5836  3.44175e-16
5837  3.44313e-16
5838  3.44444e-16
5839  3.44567e-16
5840  3.44683e-16
5841  3.44792e-16
5842  3.44896e-16
5843  3.44993e-16
5844  3.45085e-16
5845  3.45172e-16
5846  3.45254e-16
5847  3.45332e-16
5848  3.45406e-16
5849  3.45477e-16
5850  3.45545e-16
5851  3.45611e-16
5852  3.45676e-16
5853  3.45739e-16
5854  3.45802e-16
5855  3.45866e-16
5856  3.4593e-16
5857  3.45995e-16
5858  3.46062e-16
5859  3.46132e-16
5860  3.46205e-16
5861  3.46281e-16
5862  3.46362e-16
5863  3.46448e-16
5864  3.4654e-16
5865  3.46637e-16
5866  3.46742e-16
5867  3.46854e-16
5868  3.46974e-16
5869  3.47102e-16
5870  3.47239e-16
5871  3.47386e-16
5872  3.47543e-16
5873  3.47711e-16
5874  3.47889e-16
5875  3.48079e-16
5876  3.48281e-16
5877  3.48495e-16
5878  3.48721e-16
5879  3.48961e-16
5880  3.49214e-16
5881  3.4948e-16
5882  3.4976e-16
5883  3.50055e-16
5884  3.50363e-16
5885  3.50686e-16
5886  3.51023e-16
5887  3.51375e-16
5888  3.51741e-16
5889  3.52122e-16
5890  3.52517e-16
5891  3.52927e-16
5892  3.53352e-16
5893  3.5379e-16
5894  3.54243e-16
5895  3.5471e-16
5896  3.55191e-16
5897  3.55684e-16
5898  3.56191e-16
5899  3.56711e-16
5900  3.57243e-16
5901  3.57787e-16
5902  3.58343e-16
5903  3.5891e-16
5904  3.59487e-16
5905  3.60074e-16
5906  3.6067e-16
5907  3.61276e-16
5908  3.61889e-16
5909  3.62511e-16
5910  3.63139e-16
5911  3.63773e-16
5912  3.64412e-16
5913  3.65057e-16
5914  3.65705e-16
5915  3.66357e-16
5916  3.67011e-16
5917  3.67667e-16
5918  3.68323e-16
5919  3.6898e-16
5920  3.69636e-16
5921  3.7029e-16
5922  3.70941e-16
5923  3.7159e-16
5924  3.72234e-16
5925  3.72873e-16
5926  3.73506e-16
5927  3.74133e-16
5928  3.74752e-16
5929  3.75363e-16
5930  3.75964e-16
5931  3.76556e-16
5932  3.77137e-16
5933  3.77706e-16
5934  3.78264e-16
5935  3.78808e-16
5936  3.79339e-16
5937  3.79855e-16
5938  3.80356e-16
5939  3.80842e-16
5940  3.81311e-16
5941  3.81763e-16
5942  3.82198e-16
5943  3.82615e-16
5944  3.83014e-16
5945  3.83394e-16
5946  3.83754e-16
5947  3.84094e-16
5948  3.84415e-16
5949  3.84714e-16
5950  3.84993e-16
5951  3.85251e-16
5952  3.85488e-16
5953  3.85704e-16
5954  3.85897e-16
5955  3.86069e-16
5956  3.86219e-16
5957  3.86348e-16
5958  3.86454e-16
5959  3.86539e-16
5960  3.86602e-16
5961  3.86644e-16
5962  3.86664e-16
5963  3.86662e-16
5964  3.8664e-16
5965  3.86597e-16
5966  3.86533e-16
5967  3.8645e-16
5968  3.86346e-16
5969  3.86223e-16
5970  3.86081e-16
5971  3.85921e-16
5972  3.85742e-16
5973  3.85546e-16
5974  3.85333e-16
5975  3.85103e-16
5976  3.84857e-16
5977  3.84596e-16
5978  3.84321e-16
5979  3.84031e-16
5980  3.83728e-16
5981  3.83413e-16
5982  3.83085e-16
5983  3.82747e-16
5984  3.82397e-16
5985  3.82038e-16
5986  3.8167e-16
5987  3.81294e-16
5988  3.8091e-16
5989  3.80519e-16
5990  3.80122e-16
5991  3.7972e-16
5992  3.79313e-16
5993  3.78903e-16
5994  3.7849e-16
5995  3.78074e-16
5996  3.77658e-16
5997  3.7724e-16
5998  3.76822e-16
5999  3.76406e-16
6000  3.7599e-16
6001  3.75577e-16
6002  3.75166e-16
6003  3.74759e-16
6004  3.74356e-16
6005  3.73958e-16
6006  3.73565e-16
6007  3.73178e-16
6008  3.72798e-16
6009  3.72425e-16
6010  3.72059e-16
6011  3.71701e-16
6012  3.71352e-16
6013  3.71011e-16
6014  3.7068e-16
6015  3.70359e-16
6016  3.70048e-16
6017  3.69747e-16
6018  3.69458e-16
6019  3.69179e-16
6020  3.68911e-16
6021  3.68655e-16
6022  3.68411e-16
6023  3.68178e-16
6024  3.67957e-16
6025  3.67749e-16
6026  3.67552e-16
6027  3.67368e-16
6028  3.67196e-16
6029  3.67036e-16
6030  3.66888e-16
6031  3.66752e-16
6032  3.66628e-16
6033  3.66515e-16
6034  3.66415e-16
6035  3.66326e-16
6036  3.66248e-16
6037  3.66181e-16
6038  3.66125e-16
6039  3.66079e-16
6040  3.66043e-16
6041  3.66017e-16
6042  3.66001e-16
6043  3.65994e-16
6044  3.65995e-16
6045  3.66005e-16
6046  3.66023e-16
6047  3.66048e-16
6048  3.6608e-16
6049  3.66119e-16
6050  3.66164e-16
6051  3.66214e-16
6052  3.6627e-16
6053  3.6633e-16
6054  3.66394e-16
6055  3.66461e-16
6056  3.66532e-16
6057  3.66604e-16
6058  3.66679e-16
6059  3.66755e-16
6060  3.66832e-16
6061  3.66909e-16
6062  3.66986e-16
6063  3.67062e-16
6064  3.67136e-16
6065  3.67209e-16
6066  3.67279e-16
6067  3.67346e-16
6068  3.67409e-16
6069  3.67468e-16
6070  3.67523e-16
6071  3.67572e-16
6072  3.67616e-16
6073  3.67654e-16
6074  3.67685e-16
6075  3.67708e-16
6076  3.67725e-16
6077  3.67733e-16
6078  3.67733e-16
6079  3.67724e-16
6080  3.67706e-16
6081  3.67678e-16
6082  3.6764e-16
6083  3.67592e-16
6084  3.67534e-16
6085  3.67464e-16
6086  3.67383e-16
6087  3.6729e-16
6088  3.67186e-16
6089  3.67069e-16
6090  3.66941e-16
6091  3.66799e-16
6092  3.66645e-16
6093  3.66479e-16
6094  3.66299e-16
6095  3.66106e-16
6096  3.659e-16
6097  3.6568e-16
6098  3.65448e-16
6099  3.65202e-16
6100  3.64942e-16
6101  3.64669e-16
6102  3.64383e-16
6103  3.64083e-16
6104  3.6377e-16
6105  3.63444e-16
6106  3.63105e-16
6107  3.62752e-16
6108  3.62387e-16
6109  3.62009e-16
6110  3.61619e-16
6111  3.61216e-16
6112  3.60802e-16
6113  3.60375e-16
6114  3.59937e-16
6115  3.59487e-16
6116  3.59026e-16
6117  3.58555e-16
6118  3.58072e-16
6119  3.5758e-16
6120  3.57078e-16
6121  3.56567e-16
6122  3.56046e-16
6123  3.55517e-16
6124  3.54979e-16
6125  3.54433e-16
6126  3.5388e-16
6127  3.5332e-16
6128  3.52753e-16
6129  3.52179e-16
6130  3.516e-16
6131  3.51016e-16
6132  3.50427e-16
6133  3.49833e-16
6134  3.49235e-16
6135  3.48634e-16
6136  3.4803e-16
6137  3.47424e-16
6138  3.46816e-16
6139  3.46206e-16
6140  3.45595e-16
6141  3.44983e-16
6142  3.44372e-16
6143  3.43761e-16
6144  3.43151e-16
6145  3.42542e-16
6146  3.41936e-16
6147  3.41332e-16
6148  3.40731e-16
6149  3.40133e-16
6150  3.39539e-16
6151  3.3895e-16
6152  3.38365e-16
6153  3.37786e-16
6154  3.37212e-16
6155  3.36645e-16
6156  3.36084e-16
6157  3.3553e-16
6158  3.34984e-16
6159  3.34446e-16
6160  3.33915e-16
6161  3.33394e-16
6162  3.32881e-16
6163  3.32378e-16
6164  3.31885e-16
6165  3.31401e-16
6166  3.30928e-16
6167  3.30466e-16
6168  3.30014e-16
6169  3.29574e-16
6170  3.29145e-16
6171  3.28728e-16
6172  3.28323e-16
6173  3.27931e-16
6174  3.2755e-16
6175  3.27183e-16
6176  3.26828e-16
6177  3.26486e-16
6178  3.26157e-16
6179  3.25842e-16
6180  3.2554e-16
6181  3.25251e-16
6182  3.24976e-16
6183  3.24715e-16
6184  3.24467e-16
6185  3.24233e-16
6186  3.24012e-16
6187  3.23805e-16
6188  3.23612e-16
6189  3.23433e-16
6190  3.23267e-16
6191  3.23115e-16
6192  3.22977e-16
6193  3.22852e-16
6194  3.2274e-16
6195  3.22641e-16
6196  3.22556e-16
6197  3.22483e-16
6198  3.22424e-16
6199  3.22377e-16
6200  3.22342e-16
6201  3.2232e-16
6202  3.2231e-16
6203  3.22312e-16
6204  3.22325e-16
6205  3.22351e-16
6206  3.22387e-16
6207  3.22434e-16
6208  3.22492e-16
6209  3.22561e-16
6210  3.2264e-16
6211  3.22728e-16
6212  3.22827e-16
6213  3.22935e-16
6214  3.23052e-16
6215  3.23178e-16
6216  3.23312e-16
6217  3.23455e-16
6218  3.23606e-16
6219  3.23764e-16
6220  3.2393e-16
6221  3.24103e-16
6222  3.24282e-16
6223  3.24468e-16
6224  3.2466e-16
6225  3.24858e-16
6226  3.25061e-16
6227  3.2527e-16
6228  3.25484e-16
6229  3.25702e-16
6230  3.25924e-16
6231  3.2615e-16
6232  3.2638e-16
6233  3.26614e-16
6234  3.2685e-16
6235  3.2709e-16
6236  3.27332e-16
6237  3.27576e-16
6238  3.27822e-16
6239  3.2807e-16
6240  3.2832e-16
6241  3.28571e-16
6242  3.28822e-16
6243  3.29074e-16
6244  3.29327e-16
6245  3.2958e-16
6246  3.29833e-16
6247  3.30086e-16
6248  3.30338e-16
6249  3.3059e-16
6250  3.30841e-16
6251  3.3109e-16
6252  3.31339e-16
6253  3.31586e-16
6254  3.31831e-16
6255  3.32074e-16
6256  3.32315e-16
6257  3.32554e-16
6258  3.32791e-16
6259  3.33025e-16
6260  3.33256e-16
6261  3.33484e-16
6262  3.3371e-16
6263  3.33932e-16
6264  3.34151e-16
6265  3.34366e-16
6266  3.34578e-16
6267  3.34786e-16
6268  3.3499e-16
6269  3.3519e-16
6270  3.35385e-16
6271  3.35577e-16
6272  3.35764e-16
6273  3.35947e-16
6274  3.36125e-16
6275  3.36298e-16
6276  3.36467e-16
6277  3.3663e-16
6278  3.36789e-16
6279  3.36942e-16
6280  3.3709e-16
6281  3.37233e-16
6282  3.3737e-16
6283  3.37502e-16
6284  3.37628e-16
6285  3.37748e-16
6286  3.37862e-16
6287  3.37971e-16
6288  3.38073e-16
6289  3.38169e-16
6290  3.38259e-16
6291  3.38343e-16
6292  3.38421e-16
6293  3.38491e-16
6294  3.38556e-16
6295  3.38613e-16
6296  3.38664e-16
6297  3.38709e-16
6298  3.38746e-16
6299  3.38776e-16
6300  3.388e-16
6301  3.38816e-16
6302  3.38825e-16
6303  3.38827e-16
6304  3.38821e-16
6305  3.38809e-16
6306  3.38789e-16
6307  3.38761e-16
6308  3.38726e-16
6309  3.38683e-16
6310  3.38633e-16
6311  3.38576e-16
6312  3.3851e-16
6313  3.38437e-16
6314  3.38357e-16
6315  3.38268e-16
6316  3.38172e-16
6317  3.38068e-16
6318  3.37957e-16
6319  3.37838e-16
6320  3.37711e-16
6321  3.37576e-16
6322  3.37434e-16
6323  3.37284e-16
6324  3.37127e-16
6325  3.36961e-16
6326  3.36789e-16
6327  3.36609e-16
6328  3.36422e-16
6329  3.36227e-16
6330  3.36025e-16
6331  3.35816e-16
6332  3.356e-16
6333  3.35377e-16
6334  3.35148e-16
6335  3.34911e-16
6336  3.34668e-16
6337  3.34419e-16
6338  3.34163e-16
6339  3.33901e-16
6340  3.33633e-16
6341  3.33359e-16
6342  3.33079e-16
6343  3.32794e-16
6344  3.32504e-16
6345  3.32208e-16
6346  3.31908e-16
6347  3.31602e-16
6348  3.31292e-16
6349  3.30978e-16
6350  3.3066e-16
6351  3.30338e-16
6352  3.30012e-16
6353  3.29683e-16
6354  3.2935e-16
6355  3.29015e-16
6356  3.28677e-16
6357  3.28336e-16
6358  3.27993e-16
6359  3.27649e-16
6360  3.27302e-16
6361  3.26954e-16
6362  3.26605e-16
6363  3.26255e-16
6364  3.25905e-16
6365  3.25554e-16
6366  3.25203e-16
6367  3.24853e-16
6368  3.24502e-16
6369  3.24153e-16
6370  3.23804e-16
6371  3.23457e-16
6372  3.23111e-16
6373  3.22767e-16
6374  3.22425e-16
6375  3.22085e-16
6376  3.21747e-16
6377  3.21413e-16
6378  3.21081e-16
6379  3.20753e-16
6380  3.20428e-16
6381  3.20107e-16
6382  3.1979e-16
6383  3.19476e-16
6384  3.19167e-16
6385  3.18863e-16
6386  3.18564e-16
6387  3.18269e-16
6388  3.17979e-16
6389  3.17695e-16
6390  3.17416e-16
6391  3.17142e-16
6392  3.16875e-16
6393  3.16613e-16
6394  3.16357e-16
6395  3.16107e-16
6396  3.15863e-16
6397  3.15625e-16
6398  3.15394e-16
6399  3.1517e-16
6400  3.14951e-16
6401  3.1474e-16
6402  3.14534e-16
6403  3.14336e-16
6404  3.14144e-16
6405  3.13959e-16
6406  3.1378e-16
6407  3.13608e-16
6408  3.13443e-16
6409  3.13284e-16
6410  3.13132e-16
6411  3.12987e-16
6412  3.12847e-16
6413  3.12715e-16
6414  3.12588e-16
6415  3.12468e-16
6416  3.12354e-16
6417  3.12245e-16
6418  3.12143e-16
6419  3.12047e-16
6420  3.11956e-16
6421  3.11871e-16
6422  3.11791e-16
6423  3.11716e-16
6424  3.11646e-16
6425  3.11581e-16
6426  3.11521e-16
6427  3.11466e-16
6428  3.11414e-16
6429  3.11367e-16
6430  3.11324e-16
6431  3.11284e-16
6432  3.11248e-16
6433  3.11215e-16
6434  3.11186e-16
6435  3.11159e-16
6436  3.11135e-16
6437  3.11113e-16
6438  3.11094e-16
6439  3.11076e-16
6440  3.1106e-16
6441  3.11046e-16
6442  3.11033e-16
6443  3.11021e-16
6444  3.1101e-16
6445  3.10999e-16
6446  3.10989e-16
6447  3.10978e-16
6448  3.10968e-16
6449  3.10957e-16
6450  3.10946e-16
6451  3.10934e-16
6452  3.10921e-16
6453  3.10906e-16
6454  3.10891e-16
6455  3.10873e-16
6456  3.10854e-16
6457  3.10832e-16
6458  3.10809e-16
6459  3.10783e-16
6460  3.10754e-16
6461  3.10723e-16
6462  3.10688e-16
6463  3.10651e-16
6464  3.1061e-16
6465  3.10566e-16
6466  3.10518e-16
6467  3.10467e-16
6468  3.10412e-16
6469  3.10353e-16
6470  3.10289e-16
6471  3.10222e-16
6472  3.1015e-16
6473  3.10075e-16
6474  3.09994e-16
6475  3.09909e-16
6476  3.0982e-16
6477  3.09726e-16
6478  3.09627e-16
6479  3.09524e-16
6480  3.09416e-16
6481  3.09303e-16
6482  3.09185e-16
6483  3.09063e-16
6484  3.08936e-16
6485  3.08804e-16
6486  3.08668e-16
6487  3.08526e-16
6488  3.0838e-16
6489  3.0823e-16
6490  3.08075e-16
6491  3.07915e-16
6492  3.07751e-16
6493  3.07582e-16
6494  3.0741e-16
6495  3.07233e-16
6496  3.07052e-16
6497  3.06866e-16
6498  3.06677e-16
6499  3.06485e-16
6500  3.06288e-16
6501  3.06088e-16
6502  3.05884e-16
6503  3.05677e-16
6504  3.05467e-16
6505  3.05254e-16
6506  3.05038e-16
6507  3.04819e-16
6508  3.04597e-16
6509  3.04373e-16
6510  3.04147e-16
6511  3.03919e-16
6512  3.03688e-16
6513  3.03456e-16
6514  3.03222e-16
6515  3.02987e-16
6516  3.0275e-16
6517  3.02512e-16
6518  3.02273e-16
6519  3.02033e-16
6520  3.01793e-16
6521  3.01552e-16
6522  3.0131e-16
6523  3.01069e-16
6524  3.00827e-16
6525  3.00586e-16
6526  3.00344e-16
6527  3.00104e-16
6528  2.99863e-16
6529  2.99624e-16
6530  2.99386e-16
6531  2.99148e-16
6532  2.98912e-16
6533  2.98677e-16
6534  2.98443e-16
6535  2.98211e-16
6536  2.97981e-16
6537  2.97752e-16
6538  2.97526e-16
6539  2.97301e-16
6540  2.97079e-16
6541  2.96858e-16
6542  2.96641e-16
6543  2.96425e-16
6544  2.96212e-16
6545  2.96002e-16
6546  2.95794e-16
6547  2.95589e-16
6548  2.95386e-16
6549  2.95187e-16
6550  2.9499e-16
6551  2.94796e-16
6552  2.94605e-16
6553  2.94417e-16
6554  2.94232e-16
6555  2.9405e-16
6556  2.93871e-16
6557  2.93695e-16
6558  2.93522e-16
6559  2.93351e-16
6560  2.93184e-16
6561  2.93019e-16
6562  2.92858e-16
6563  2.92699e-16
6564  2.92543e-16
6565  2.92389e-16
6566  2.92238e-16
6567  2.9209e-16
6568  2.91944e-16
6569  2.918e-16
6570  2.91659e-16
6571  2.9152e-16
6572  2.91383e-16
6573  2.91249e-16
6574  2.91116e-16
6575  2.90984e-16
6576  2.90855e-16
6577  2.90727e-16
6578  2.906e-16
6579  2.90475e-16
6580  2.90351e-16
6581  2.90228e-16
6582  2.90106e-16
6583  2.89984e-16
6584  2.89863e-16
6585  2.89742e-16
6586  2.89622e-16
6587  2.89502e-16
6588  2.89382e-16
6589  2.89261e-16
6590  2.8914e-16
6591  2.89019e-16
6592  2.88897e-16
6593  2.88774e-16
6594  2.8865e-16
6595  2.88525e-16
6596  2.88399e-16
6597  2.88271e-16
6598  2.88141e-16
6599  2.8801e-16
6600  2.87876e-16
6601  2.87741e-16
6602  2.87603e-16
6603  2.87463e-16
6604  2.87321e-16
6605  2.87175e-16
6606  2.87027e-16
6607  2.86877e-16
6608  2.86723e-16
6609  2.86565e-16
6610  2.86405e-16
6611  2.86241e-16
6612  2.86074e-16
6613  2.85903e-16
6614  2.85729e-16
6615  2.85551e-16
6616  2.85369e-16
6617  2.85183e-16
6618  2.84993e-16
6619  2.848e-16
6620  2.84602e-16
6621  2.84401e-16
6622  2.84195e-16
6623  2.83985e-16
6624  2.83772e-16
6625  2.83554e-16
6626  2.83332e-16
6627  2.83107e-16
6628  2.82877e-16
6629  2.82644e-16
6630  2.82406e-16
6631  2.82165e-16
6632  2.8192e-16
6633  2.81672e-16
6634  2.8142e-16
6635  2.81165e-16
6636  2.80906e-16
6637  2.80644e-16
6638  2.8038e-16
6639  2.80112e-16
6640  2.79841e-16
6641  2.79568e-16
6642  2.79293e-16
6643  2.79015e-16
6644  2.78735e-16
6645  2.78454e-16
6646  2.78171e-16
6647  2.77886e-16
6648  2.776e-16
6649  2.77313e-16
6650  2.77025e-16
6651  2.76736e-16
6652  2.76448e-16
6653  2.76159e-16
6654  2.7587e-16
6655  2.75582e-16
6656  2.75294e-16
6657  2.75007e-16
6658  2.74721e-16
6659  2.74437e-16
6660  2.74154e-16
6661  2.73874e-16
6662  2.73595e-16
6663  2.73319e-16
6664  2.73045e-16
6665  2.72775e-16
6666  2.72508e-16
6667  2.72244e-16
6668  2.71983e-16
6669  2.71727e-16
6670  2.71475e-16
6671  2.71227e-16
6672  2.70984e-16
6673  2.70745e-16
6674  2.70512e-16
6675  2.70284e-16
6676  2.70061e-16
6677  2.69844e-16
6678  2.69633e-16
6679  2.69427e-16
6680  2.69228e-16
6681  2.69035e-16
6682  2.68849e-16
6683  2.68668e-16
6684  2.68495e-16
6685  2.68328e-16
6686  2.68168e-16
6687  2.68015e-16
6688  2.67869e-16
6689  2.6773e-16
6690  2.67598e-16
6691  2.67473e-16
6692  2.67355e-16
6693  2.67244e-16
6694  2.6714e-16
6695  2.67043e-16
6696  2.66953e-16
6697  2.6687e-16
6698  2.66794e-16
6699  2.66724e-16
6700  2.66661e-16
6701  2.66605e-16
6702  2.66554e-16
6703  2.6651e-16
6704  2.66472e-16
6705  2.6644e-16
6706  2.66413e-16
6707  2.66392e-16
6708  2.66376e-16
6709  2.66365e-16
6710  2.66359e-16
6711  2.66357e-16
6712  2.66359e-16
6713  2.66366e-16
6714  2.66376e-16
6715  2.66389e-16
6716  2.66406e-16
6717  2.66425e-16
6718  2.66446e-16
6719  2.6647e-16
6720  2.66496e-16
6721  2.66523e-16
6722  2.66551e-16
6723  2.6658e-16
6724  2.66609e-16
6725  2.66638e-16
6726  2.66667e-16
6727  2.66695e-16
6728  2.66723e-16
6729  2.66748e-16
6730  2.66773e-16
6731  2.66795e-16
6732  2.66814e-16
6733  2.66831e-16
6734  2.66845e-16
6735  2.66855e-16
6736  2.66861e-16
6737  2.66863e-16
6738  2.66861e-16
6739  2.66854e-16
6740  2.66842e-16
6741  2.66824e-16
6742  2.66801e-16
6743  2.66772e-16
6744  2.66736e-16
6745  2.66694e-16
6746  2.66646e-16
6747  2.6659e-16
6748  2.66527e-16
6749  2.66457e-16
6750  2.66379e-16
6751  2.66294e-16
6752  2.66201e-16
6753  2.66099e-16
6754  2.6599e-16
6755  2.65872e-16
6756  2.65746e-16
6757  2.65611e-16
6758  2.65468e-16
6759  2.65316e-16
6760  2.65156e-16
6761  2.64987e-16
6762  2.64809e-16
6763  2.64623e-16
6764  2.64429e-16
6765  2.64226e-16
6766  2.64015e-16
6767  2.63795e-16
6768  2.63567e-16
6769  2.63331e-16
6770  2.63088e-16
6771  2.62836e-16
6772  2.62577e-16
6773  2.62311e-16
6774  2.62038e-16
6775  2.61757e-16
6776  2.6147e-16
6777  2.61177e-16
6778  2.60877e-16
6779  2.60572e-16
6780  2.60261e-16
6781  2.59945e-16
6782  2.59623e-16
6783  2.59298e-16
6784  2.58967e-16
6785  2.58633e-16
6786  2.58296e-16
6787  2.57955e-16
6788  2.57611e-16
6789  2.57265e-16
6790  2.56916e-16
6791  2.56566e-16
6792  2.56215e-16
6793  2.55862e-16
6794  2.55509e-16
6795  2.55156e-16
6796  2.54804e-16
6797  2.54451e-16
6798  2.541e-16
6799  2.5375e-16
6800  2.53402e-16
6801  2.53057e-16
6802  2.52714e-16
6803  2.52373e-16
6804  2.52036e-16
6805  2.51703e-16
6806  2.51374e-16
6807  2.51049e-16
6808  2.50729e-16
6809  2.50415e-16
6810  2.50105e-16
6811  2.49801e-16
6812  2.49503e-16
6813  2.49212e-16
6814  2.48927e-16
6815  2.48649e-16
6816  2.48378e-16
6817  2.48114e-16
6818  2.47858e-16
6819  2.4761e-16
6820  2.47369e-16
6821  2.47137e-16
6822  2.46913e-16
6823  2.46697e-16
6824  2.4649e-16
6825  2.46291e-16
6826  2.46102e-16
6827  2.45921e-16
6828  2.45749e-16
6829  2.45586e-16
6830  2.45432e-16
6831  2.45287e-16
6832  2.45151e-16
6833  2.45023e-16
6834  2.44905e-16
6835  2.44796e-16
6836  2.44695e-16
6837  2.44604e-16
6838  2.4452e-16
6839  2.44446e-16
6840  2.4438e-16
6841  2.44322e-16
6842  2.44272e-16
6843  2.4423e-16
6844  2.44195e-16
6845  2.44169e-16
6846  2.44149e-16
6847  2.44137e-16
6848  2.44132e-16
6849  2.44133e-16
6850  2.4414e-16
6851  2.44154e-16
6852  2.44174e-16
6853  2.44199e-16
6854  2.44229e-16
6855  2.44265e-16
6856  2.44305e-16
6857  2.4435e-16
6858  2.44398e-16
6859  2.44451e-16
6860  2.44507e-16
6861  2.44566e-16
6862  2.44628e-16
6863  2.44693e-16
6864  2.44759e-16
6865  2.44828e-16
6866  2.44898e-16
6867  2.4497e-16
6868  2.45042e-16
6869  2.45115e-16
6870  2.45188e-16
6871  2.45262e-16
6872  2.45335e-16
6873  2.45407e-16
6874  2.45478e-16
6875  2.45549e-16
6876  2.45618e-16
6877  2.45685e-16
6878  2.4575e-16
6879  2.45813e-16
6880  2.45873e-16
6881  2.45931e-16
6882  2.45986e-16
6883  2.46037e-16
6884  2.46085e-16
6885  2.4613e-16
6886  2.4617e-16
6887  2.46207e-16
6888  2.4624e-16
6889  2.46268e-16
6890  2.46292e-16
6891  2.46311e-16
6892  2.46325e-16
6893  2.46335e-16
6894  2.4634e-16
6895  2.46339e-16
6896  2.46334e-16
6897  2.46323e-16
6898  2.46308e-16
6899  2.46286e-16
6900  2.4626e-16
6901  2.46228e-16
6902  2.46192e-16
6903  2.46149e-16
6904  2.46102e-16
6905  2.46049e-16
6906  2.45991e-16
6907  2.45927e-16
6908  2.45859e-16
6909  2.45785e-16
6910  2.45707e-16
6911  2.45623e-16
6912  2.45535e-16
6913  2.45442e-16
6914  2.45344e-16
6915  2.45242e-16
6916  2.45135e-16
6917  2.45024e-16
6918  2.44909e-16
6919  2.4479e-16
6920  2.44667e-16
6921  2.44541e-16
6922  2.44411e-16
6923  2.44277e-16
6924  2.44141e-16
6925  2.44001e-16
6926  2.43859e-16
6927  2.43713e-16
6928  2.43566e-16
6929  2.43416e-16
6930  2.43264e-16
6931  2.4311e-16
6932  2.42954e-16
6933  2.42796e-16
6934  2.42638e-16
6935  2.42477e-16
6936  2.42316e-16
6937  2.42155e-16
6938  2.41992e-16
6939  2.41829e-16
6940  2.41665e-16
6941  2.41502e-16
6942  2.41338e-16
6943  2.41175e-16
6944  2.41012e-16
6945  2.40849e-16
6946  2.40687e-16
6947  2.40526e-16
6948  2.40366e-16
6949  2.40207e-16
6950  2.40049e-16
6951  2.39893e-16
6952  2.39738e-16
6953  2.39584e-16
6954  2.39432e-16
6955  2.39282e-16
6956  2.39134e-16
6957  2.38988e-16
6958  2.38844e-16
6959  2.38701e-16
6960  2.38562e-16
6961  2.38424e-16
6962  2.38289e-16
6963  2.38156e-16
6964  2.38025e-16
6965  2.37897e-16
6966  2.37772e-16
6967  2.37648e-16
6968  2.37528e-16
6969  2.3741e-16
6970  2.37294e-16
6971  2.37181e-16
6972  2.3707e-16
6973  2.36962e-16
6974  2.36857e-16
6975  2.36753e-16
6976  2.36652e-16
6977  2.36554e-16
6978  2.36458e-16
6979  2.36364e-16
6980  2.36272e-16
6981  2.36183e-16
6982  2.36095e-16
6983  2.3601e-16
6984  2.35926e-16
6985  2.35844e-16
6986  2.35764e-16
6987  2.35686e-16
6988  2.35609e-16
6989  2.35534e-16
6990  2.3546e-16
6991  2.35388e-16
6992  2.35317e-16
6993  2.35247e-16
6994  2.35178e-16
6995  2.3511e-16
6996  2.35042e-16
6997  2.34976e-16
6998  2.3491e-16
6999  2.34844e-16
7000  2.34779e-16
7001  2.34714e-16
7002  2.34649e-16
7003  2.34585e-16
7004  2.3452e-16
7005  2.34455e-16
7006  2.3439e-16
7007  2.34325e-16
7008  2.34259e-16
7009  2.34193e-16
7010  2.34126e-16
7011  2.34058e-16
7012  2.3399e-16
7013  2.33921e-16
7014  2.3385e-16
7015  2.33779e-16
7016  2.33706e-16
7017  2.33633e-16
7018  2.33558e-16
7019  2.33482e-16
7020  2.33404e-16
7021  2.33325e-16
7022  2.33244e-16
7023  2.33162e-16
7024  2.33078e-16
7025  2.32993e-16
7026  2.32906e-16
7027  2.32817e-16
7028  2.32727e-16
7029  2.32634e-16
7030  2.3254e-16
7031  2.32445e-16
7032  2.32347e-16
7033  2.32248e-16
7034  2.32147e-16
7035  2.32044e-16
7036  2.31939e-16
7037  2.31833e-16
7038  2.31725e-16
7039  2.31615e-16
7040  2.31504e-16
7041  2.31391e-16
7042  2.31276e-16
7043  2.3116e-16
7044  2.31043e-16
7045  2.30924e-16
7046  2.30803e-16
7047  2.30681e-16
7048  2.30559e-16
7049  2.30435e-16
7050  2.30309e-16
7051  2.30183e-16
7052  2.30056e-16
7053  2.29928e-16
7054  2.298e-16
7055  2.29671e-16
7056  2.29541e-16
7057  2.29411e-16
7058  2.2928e-16
7059  2.29149e-16
7060  2.29018e-16
7061  2.28887e-16
7062  2.28757e-16
7063  2.28626e-16
7064  2.28496e-16
7065  2.28366e-16
7066  2.28237e-16
7067  2.28108e-16
7068  2.2798e-16
7069  2.27854e-16
7070  2.27728e-16
7071  2.27603e-16
7072  2.2748e-16
7073  2.27358e-16
7074  2.27238e-16
7075  2.2712e-16
7076  2.27003e-16
7077  2.26889e-16
7078  2.26776e-16
7079  2.26666e-16
7080  2.26557e-16
7081  2.26452e-16
7082  2.26349e-16
7083  2.26248e-16
7084  2.26151e-16
7085  2.26056e-16
7086  2.25964e-16
7087  2.25876e-16
7088  2.25791e-16
7089  2.25709e-16
7090  2.2563e-16
7091  2.25555e-16
7092  2.25484e-16
7093  2.25416e-16
7094  2.25352e-16
7095  2.25292e-16
7096  2.25236e-16
7097  2.25184e-16
7098  2.25136e-16
7099  2.25092e-16
7100  2.25053e-16
7101  2.25017e-16
7102  2.24986e-16
7103  2.2496e-16
7104  2.24938e-16
7105  2.2492e-16
7106  2.24906e-16
7107  2.24898e-16
7108  2.24893e-16
7109  2.24893e-16
7110  2.24898e-16
7111  2.24907e-16
7112  2.24921e-16
7113  2.24939e-16
7114  2.24962e-16
7115  2.24989e-16
7116  2.2502e-16
7117  2.25056e-16
7118  2.25096e-16
7119  2.25141e-16
7120  2.2519e-16
7121  2.25243e-16
7122  2.253e-16
7123  2.25361e-16
7124  2.25427e-16
7125  2.25496e-16
7126  2.25569e-16
7127  2.25645e-16
7128  2.25726e-16
7129  2.2581e-16
7130  2.25897e-16
7131  2.25988e-16
7132  2.26082e-16
7133  2.26179e-16
7134  2.2628e-16
7135  2.26383e-16
7136  2.26489e-16
7137  2.26597e-16
7138  2.26708e-16
7139  2.26822e-16
7140  2.26938e-16
7141  2.27055e-16
7142  2.27175e-16
7143  2.27297e-16
7144  2.2742e-16
7145  2.27545e-16
7146  2.27672e-16
7147  2.27799e-16
7148  2.27928e-16
7149  2.28058e-16
7150  2.28189e-16
7151  2.2832e-16
7152  2.28452e-16
7153  2.28585e-16
7154  2.28717e-16
7155  2.2885e-16
7156  2.28983e-16
7157  2.29116e-16
7158  2.29248e-16
7159  2.2938e-16
7160  2.29512e-16
7161  2.29642e-16
7162  2.29773e-16
7163  2.29902e-16
7164  2.3003e-16
7165  2.30157e-16
7166  2.30283e-16
7167  2.30408e-16
7168  2.30531e-16
7169  2.30653e-16
7170  2.30773e-16
7171  2.30891e-16
7172  2.31007e-16
7173  2.31122e-16
7174  2.31235e-16
7175  2.31346e-16
7176  2.31454e-16
7177  2.31561e-16
7178  2.31665e-16
7179  2.31767e-16
7180  2.31867e-16
7181  2.31964e-16
7182  2.3206e-16
7183  2.32152e-16
7184  2.32243e-16
7185  2.3233e-16
7186  2.32416e-16
7187  2.32499e-16
7188  2.32579e-16
7189  2.32657e-16
7190  2.32733e-16
7191  2.32805e-16
7192  2.32876e-16
7193  2.32944e-16
7194  2.3301e-16
7195  2.33073e-16
7196  2.33134e-16
7197  2.33192e-16
7198  2.33248e-16
7199  2.33302e-16
7200  2.33353e-16
7201  2.33403e-16
7202  2.3345e-16
7203  2.33495e-16
7204  2.33538e-16
7205  2.33578e-16
7206  2.33617e-16
7207  2.33654e-16
7208  2.33689e-16
7209  2.33722e-16
7210  2.33754e-16
7211  2.33783e-16
7212  2.33811e-16
7213  2.33837e-16
7214  2.33862e-16
7215  2.33885e-16
7216  2.33907e-16
7217  2.33928e-16
7218  2.33947e-16
7219  2.33965e-16
7220  2.33981e-16
7221  2.33997e-16
7222  2.34011e-16
7223  2.34024e-16
7224  2.34037e-16
7225  2.34048e-16
7226  2.34059e-16
7227  2.34068e-16
7228  2.34077e-16
7229  2.34086e-16
7230  2.34093e-16
7231  2.341e-16
7232  2.34106e-16
7233  2.34112e-16
7234  2.34117e-16
7235  2.34121e-16
7236  2.34126e-16
7237  2.34129e-16
7238  2.34133e-16
7239  2.34136e-16
7240  2.34139e-16
7241  2.34141e-16
7242  2.34143e-16
7243  2.34145e-16
7244  2.34147e-16
7245  2.34148e-16
7246  2.34149e-16
7247  2.3415e-16
7248  2.34151e-16
7249  2.34152e-16
7250  2.34153e-16
7251  2.34154e-16
7252  2.34154e-16
7253  2.34155e-16
7254  2.34155e-16
7255  2.34155e-16
7256  2.34156e-16
7257  2.34156e-16
7258  2.34156e-16
7259  2.34156e-16
7260  2.34156e-16
7261  2.34156e-16
7262  2.34156e-16
7263  2.34157e-16
7264  2.34157e-16
7265  2.34157e-16
7266  2.34157e-16
7267  2.34157e-16
7268  2.34157e-16
7269  2.34157e-16
7270  2.34157e-16
7271  2.34157e-16
7272  2.34157e-16
7273  2.34157e-16
7274  2.34157e-16
7275  2.34157e-16
7276  2.34157e-16
7277  2.34157e-16
7278  2.34157e-16
7279  2.34157e-16
7280  2.34157e-16
7281  2.34157e-16
7282  2.34157e-16
7283  2.34157e-16
7284  2.34157e-16
7285  2.34157e-16
7286  2.34157e-16
7287  2.34157e-16
7288  2.34157e-16
7289  2.34157e-16
7290  2.34157e-16
7291  2.34157e-16
7292  2.34157e-16
7293  2.34157e-16