#-38.195804477371595
3703.09  6.93897e-17
3707.15  7.75832e-17
3711.22  8.55102e-17
3715.28  9.24259e-17
3719.34  9.7665e-17
3723.41  1.00734e-16
3727.47  1.01384e-16
3731.53  9.9647e-17
3735.6   9.58377e-17
3739.66  9.05129e-17
3743.73  8.43972e-17
3747.79  7.82833e-17
3751.85  7.29228e-17
3755.92  6.89227e-17
3759.98  6.66611e-17
3764.04  6.62368e-17
3768.11  6.74587e-17
3772.17  6.98766e-17
3776.23  7.28499e-17
3780.3   7.5645e-17
3784.36  7.75474e-17
3788.42  7.7974e-17
3792.49  7.65696e-17
3796.55  7.32741e-17
3800.61  6.83488e-17
3804.68  6.2356e-17
3808.74  5.60924e-17
3812.8   5.04821e-17
3816.87  4.64437e-17
3820.93  4.47494e-17
3824.99  4.58995e-17
3829.06  5.00329e-17
3833.12  5.68899e-17
3837.18  6.58383e-17
3841.25  7.59595e-17
3845.31  8.61832e-17
3849.37  9.54491e-17
3853.44  1.02868e-16
3857.5   1.07856e-16
3861.56  1.10215e-16
3865.63  1.10156e-16
3869.69  1.08244e-16
3873.75  1.05292e-16
3877.82  1.02224e-16
3881.88  9.99101e-17
3885.94  9.90318e-17
3890.01  9.99784e-17
3894.07  1.02799e-16
3898.13  1.07211e-16
3902.2   1.12665e-16
3906.26  1.18447e-16
3910.32  1.23801e-16
3914.39  1.28051e-16
3918.45  1.307e-16
3922.51  1.31498e-16
3926.58  1.30461e-16
3930.64  1.27857e-16
3934.7   1.24141e-16
3938.77  1.19885e-16
3942.83  1.1568e-16
3946.89  1.12051e-16
3950.96  1.09392e-16
3955.02  1.07919e-16
3959.08  1.07657e-16
3963.15  1.08449e-16
3967.21  1.10001e-16
3971.27  1.11922e-16
3975.34  1.1379e-16
3979.4   1.152e-16
3983.46  1.15816e-16
3987.53  1.15398e-16
3991.59  1.13826e-16
3995.65  1.11098e-16
3999.72  1.07327e-16
4003.78  1.02722e-16
4007.84  9.75574e-17
4011.91  9.21501e-17
4015.97  8.68222e-17
4020.03  8.18715e-17
4024.1   7.7542e-17
4028.16  7.40012e-17
4032.22  7.13243e-17
4036.29  6.94899e-17
4040.35  6.83862e-17
4044.41  6.78288e-17
4048.48  6.75881e-17
4052.54  6.74222e-17
4056.61  6.71118e-17
4060.67  6.64911e-17
4064.73  6.54702e-17
4068.8   6.40456e-17
4072.86  6.22968e-17
4076.92  6.03696e-17
4080.99  5.84487e-17
4085.05  5.67242e-17
4089.11  5.53579e-17
4093.18  5.44544e-17
4097.24  5.40428e-17
4101.3   5.40716e-17
4105.37  5.44185e-17
4109.43  5.49132e-17
4113.49  5.53693e-17
4117.56  5.56203e-17
4121.62  5.55523e-17
4125.68  5.51286e-17
4129.75  5.44001e-17
4133.81  5.35005e-17
4137.87  5.26247e-17
4141.94  5.19957e-17
4146     5.18235e-17
4150.06  5.22641e-17
4154.13  5.33868e-17
4158.19  5.51535e-17
4162.25  5.74171e-17
4166.32  5.99392e-17
4170.38  6.24241e-17
4174.44  6.45659e-17
4178.51  6.60989e-17
4182.57  6.68442e-17
4186.63  6.67429e-17
4190.7   6.58706e-17
4194.76  6.44284e-17
4198.82  6.27118e-17
4202.89  6.10622e-17
4206.95  5.9809e-17
4211.01  5.92107e-17
4215.08  5.94082e-17
4219.14  6.03957e-17
4223.2   6.20176e-17
4227.27  6.39911e-17
4231.33  6.59512e-17
4235.39  6.75126e-17
4239.46  6.8336e-17
4243.52  6.819e-17
4247.58  6.69955e-17
4251.65  6.48471e-17
4255.71  6.20056e-17
4259.77  5.88633e-17
4263.84  5.58858e-17
4267.9   5.35409e-17
4271.96  5.22242e-17
4276.03  5.21953e-17
4280.09  5.35331e-17
4284.15  5.61194e-17
4288.22  5.96529e-17
4292.28  6.36925e-17
4296.34  6.77212e-17
4300.41  7.12217e-17
4304.47  7.37511e-17
4308.53  7.5001e-17
4312.6   7.48356e-17
4316.66  7.33005e-17
4320.72  7.06038e-17
4324.79  6.70723e-17
4328.85  6.30932e-17
4332.91  5.90518e-17
4336.98  5.52753e-17
4341.04  5.19932e-17
4345.1   4.93179e-17
4349.17  4.72487e-17
4353.23  4.5694e-17
4357.3   4.45062e-17
4361.36  4.35217e-17
4365.42  4.25969e-17
4369.49  4.16338e-17
4373.55  4.05921e-17
4377.61  3.94878e-17
4381.68  3.83786e-17
4385.74  3.73434e-17
4389.8   3.64599e-17
4393.87  3.57847e-17
4397.93  3.53409e-17
4401.99  3.5114e-17
4406.06  3.50556e-17
4410.12  3.50935e-17
4414.18  3.51459e-17
4418.25  3.51355e-17
4422.31  3.50035e-17
4426.37  3.47195e-17
4430.44  3.42882e-17
4434.5   3.3752e-17
4438.56  3.31885e-17
4442.63  3.27054e-17
4446.69  3.24298e-17
4450.75  3.24953e-17
4454.82  3.30248e-17
4458.88  3.41126e-17
4462.94  3.58071e-17
4467.01  3.80967e-17
4471.07  4.0902e-17
4475.13  4.40774e-17
4479.2   4.7423e-17
4483.26  5.07067e-17
4487.32  5.36938e-17
4491.39  5.61817e-17
4495.45  5.80313e-17
4499.51  5.91928e-17
4503.58  5.9718e-17
4507.64  5.9758e-17
4511.7   5.95439e-17
4515.77  5.9355e-17
4519.83  5.94772e-17
4523.89  6.01602e-17
4527.96  6.1579e-17
4532.02  6.38081e-17
4536.08  6.68118e-17
4540.15  7.04525e-17
4544.21  7.45154e-17
4548.27  7.87453e-17
4552.34  8.28886e-17
4556.4   8.67329e-17
4560.46  9.01372e-17
4564.53  9.30482e-17
4568.59  9.54992e-17
4572.65  9.75944e-17
4576.72  9.94802e-17
4580.78  1.01311e-16
4584.84  1.03214e-16
4588.91  1.05263e-16
4592.97  1.07461e-16
4597.03  1.09736e-16
4601.1   1.11953e-16
4605.16  1.13933e-16
4609.22  1.15477e-16
4613.29  1.16402e-16
4617.35  1.16558e-16
4621.41  1.15854e-16
4625.48  1.14266e-16
4629.54  1.11835e-16
4633.6   1.08664e-16
4637.67  1.04902e-16
4641.73  1.00725e-16
4645.79  9.632e-17
4649.86  9.18666e-17
4653.92  8.7522e-17
4657.98  8.34112e-17
4662.05  7.96211e-17
4666.11  7.61984e-17
4670.18  7.31516e-17
4674.24  7.04555e-17
4678.3   6.80594e-17
4682.37  6.58961e-17
4686.43  6.38921e-17
4690.49  6.19781e-17
4694.56  6.00981e-17
4698.62  5.82166e-17
4702.68  5.63232e-17
4706.75  5.4433e-17
4710.81  5.25838e-17
4714.87  5.08296e-17
4718.94  4.92317e-17
4723     4.78485e-17
4727.06  4.67257e-17
4731.13  4.58883e-17
4735.19  4.53363e-17
4739.25  4.50447e-17
4743.32  4.49673e-17
4747.38  4.50453e-17
4751.44  4.52177e-17
4755.51  4.54325e-17
4759.57  4.56569e-17
4763.63  4.58832e-17
4767.7   4.613e-17
4771.76  4.64386e-17
4775.82  4.68631e-17
4779.89  4.74571e-17
4783.95  4.82594e-17
4788.01  4.92804e-17
4792.08  5.04923e-17
4796.14  5.18263e-17
4800.2   5.31768e-17
4804.27  5.44137e-17
4808.33  5.54009e-17
4812.39  5.6019e-17
4816.46  5.61869e-17
4820.52  5.5881e-17
4824.58  5.51453e-17
4828.65  5.40925e-17
4832.71  5.28928e-17
4836.77  5.1753e-17
4840.84  5.08888e-17
4844.9   5.04936e-17
4848.96  5.071e-17
4853.03  5.16084e-17
4857.09  5.31767e-17
4861.15  5.53231e-17
4865.22  5.78906e-17
4869.28  6.06827e-17
4873.34  6.34933e-17
4877.41  6.61377e-17
4881.47  6.84786e-17
4885.53  7.04431e-17
4889.6   7.2028e-17
4893.66  7.32935e-17
4897.72  7.43467e-17
4901.79  7.53182e-17
4905.85  7.63367e-17
4909.91  7.75043e-17
4913.98  7.88782e-17
4918.04  8.046e-17
4922.1   8.21936e-17
4926.17  8.39716e-17
4930.23  8.5649e-17
4934.29  8.70602e-17
4938.36  8.80391e-17
4942.42  8.84384e-17
4946.48  8.81461e-17
4950.55  8.70984e-17
4954.61  8.52879e-17
4958.68  8.27662e-17
4962.74  7.96406e-17
4966.8   7.60663e-17
4970.87  7.22326e-17
4974.93  6.83464e-17
4978.99  6.46128e-17
4983.06  6.12156e-17
4987.12  5.82997e-17
4991.18  5.59575e-17
4995.25  5.42212e-17
4999.31  5.30623e-17
5003.37  5.2398e-17
5007.44  5.2105e-17
5011.5   5.2037e-17
5015.56  5.20454e-17
5019.63  5.19988e-17
5023.69  5.17991e-17
5027.75  5.1392e-17
5031.82  5.07698e-17
5035.88  4.99679e-17
5039.94  4.90532e-17
5044.01  4.81099e-17
5048.07  4.72222e-17
5052.13  4.64592e-17
5056.2   4.58624e-17
5060.26  4.54407e-17
5064.32  4.51701e-17
5068.39  4.5001e-17
5072.45  4.48695e-17
5076.51  4.47112e-17
5080.58  4.44747e-17
5084.64  4.4132e-17
5088.7   4.36841e-17
5092.77  4.31602e-17
5096.83  4.26118e-17
5100.89  4.21024e-17
5104.96  4.16952e-17
5109.02  4.14413e-17
5113.08  4.13711e-17
5117.15  4.14903e-17
5121.21  4.17809e-17
5125.27  4.22077e-17
5129.34  4.27274e-17
5133.4   4.32992e-17
5137.46  4.38947e-17
5141.53  4.45034e-17
5145.59  4.51349e-17
5149.65  4.58154e-17
5153.72  4.65809e-17
5157.78  4.74673e-17
5161.84  4.85007e-17
5165.91  4.96891e-17
5169.97  5.10181e-17
5174.03  5.24505e-17
5178.1   5.39316e-17
5182.16  5.53968e-17
5186.22  5.67822e-17
5190.29  5.80357e-17
5194.35  5.91249e-17
5198.41  6.00426e-17
5202.48  6.08082e-17
5206.54  6.14639e-17
5210.6   6.20681e-17
5214.67  6.26862e-17
5218.73  6.3381e-17
5222.79  6.42044e-17
5226.86  6.51912e-17
5230.92  6.6356e-17
5234.98  6.7694e-17
5239.05  6.91834e-17
5243.11  7.07908e-17
5247.17  7.24764e-17
5251.24  7.41991e-17
5255.3   7.59201e-17
5259.36  7.76052e-17
5263.43  7.92245e-17
5267.49  8.07524e-17
5271.56  8.21653e-17
5275.62  8.34409e-17
5279.68  8.45572e-17
5283.75  8.54934e-17
5287.81  8.62317e-17
5291.87  8.67597e-17
5295.94  8.70739e-17
5300     8.71821e-17
5304.06  8.71056e-17
5308.13  8.68794e-17
5312.19  8.65506e-17
5316.25  8.61752e-17
5320.32  8.58134e-17
5324.38  8.55236e-17
5328.44  8.5357e-17
5332.51  8.53518e-17
5336.57  8.55295e-17
5340.63  8.58928e-17
5344.7   8.64252e-17
5348.76  8.70937e-17
5352.82  8.78528e-17
5356.89  8.86499e-17
5360.95  8.94327e-17
5365.01  9.01557e-17
5369.08  9.07868e-17
5373.14  9.13127e-17
5377.2   9.17411e-17
5381.27  9.21014e-17
5385.33  9.24416e-17
5389.39  9.28224e-17
5393.46  9.33099e-17
5397.52  9.3966e-17
5401.58  9.48397e-17
5405.65  9.59596e-17
5409.71  9.73291e-17
5413.77  9.89249e-17
5417.84  1.007e-16
5421.9   1.02587e-16
5425.96  1.04512e-16
5430.03  1.06398e-16
5434.09  1.08177e-16
5438.15  1.09798e-16
5442.22  1.11235e-16
5446.28  1.12485e-16
5450.34  1.13572e-16
5454.41  1.1454e-16
5458.47  1.15449e-16
5462.53  1.16368e-16
5466.6   1.17364e-16
5470.66  1.18494e-16
5474.72  1.19802e-16
5478.79  1.2131e-16
5482.85  1.23015e-16
5486.91  1.24897e-16
5490.98  1.2691e-16
5495.04  1.29001e-16
5499.1   1.31103e-16
5503.17  1.33152e-16
5507.23  1.35088e-16
5511.29  1.36859e-16
5515.36  1.38428e-16
5519.42  1.39772e-16
5523.48  1.40877e-16
5527.55  1.41746e-16
5531.61  1.42385e-16
5535.67  1.42809e-16
5539.74  1.43037e-16
5543.8   1.43089e-16
5547.86  1.42986e-16
5551.93  1.42747e-16
5555.99  1.42391e-16
5560.05  1.41932e-16
5564.12  1.41377e-16
5568.18  1.40727e-16
5572.24  1.39974e-16
5576.31  1.39101e-16
5580.37  1.38082e-16
5584.44  1.36882e-16
5588.5   1.35467e-16
5592.56  1.33803e-16
5596.63  1.31863e-16
5600.69  1.29634e-16
5604.75  1.27118e-16
5608.82  1.2434e-16
5612.88  1.21341e-16
5616.94  1.18186e-16
5621.01  1.1495e-16
5625.07  1.11721e-16
5629.13  1.08588e-16
5633.2   1.05634e-16
5637.26  1.02932e-16
5641.32  1.00535e-16
5645.39  9.84731e-17
5649.45  9.67518e-17
5653.51  9.53513e-17
5657.58  9.42296e-17
5661.64  9.33262e-17
5665.7   9.25689e-17
5669.77  9.18808e-17
5673.83  9.11879e-17
5677.89  9.04268e-17
5681.96  8.95506e-17
5686.02  8.85343e-17
5690.08  8.7377e-17
5694.15  8.61023e-17
5698.21  8.47558e-17
5702.27  8.34009e-17
5706.34  8.21112e-17
5710.4   8.09632e-17
5714.46  8.00277e-17
5718.53  7.93621e-17
5722.59  7.90045e-17
5726.65  7.89702e-17
5730.72  7.9251e-17
5734.78  7.98184e-17
5738.84  8.06286e-17
5742.91  8.163e-17
5746.97  8.27709e-17
5751.03  8.40073e-17
5755.1   8.53081e-17
5759.16  8.66578e-17
5763.22  8.8056e-17
5767.29  8.95136e-17
5771.35  9.10469e-17
5775.41  9.26698e-17
5779.48  9.43878e-17
5783.54  9.61926e-17
5787.6   9.80608e-17
5791.67  9.99553e-17
5795.73  1.01831e-16
5799.79  1.03641e-16
5803.86  1.05348e-16
5807.92  1.06925e-16
5811.98  1.08365e-16
5816.05  1.09679e-16
5820.11  1.10887e-16
5824.17  1.1202e-16
5828.24  1.13098e-16
5832.3   1.14133e-16
5836.36  1.15113e-16
5840.43  1.16004e-16
5844.49  1.16753e-16
5848.55  1.1729e-16
5852.62  1.17546e-16
5856.68  1.17457e-16
5860.74  1.16983e-16
5864.81  1.16109e-16
5868.87  1.14856e-16
5872.93  1.13275e-16
5877     1.11444e-16
5881.06  1.09454e-16
5885.12  1.07403e-16
5889.19  1.05377e-16
5893.25  1.03444e-16
5897.32  1.01644e-16
5901.38  9.99884e-17
5905.44  9.84611e-17
5909.51  9.7026e-17
5913.57  9.56355e-17
5917.63  9.42414e-17
5921.7   9.28044e-17
5925.76  9.13012e-17
5929.82  8.97285e-17
5933.89  8.8102e-17
5937.95  8.6453e-17
5942.01  8.48209e-17
5946.08  8.32451e-17
5950.14  8.1757e-17
5954.2   8.03736e-17
5958.27  7.90946e-17
5962.33  7.79023e-17
5966.39  7.67651e-17
5970.46  7.56444e-17
5974.52  7.45019e-17
5978.58  7.33075e-17
5982.65  7.20462e-17
5986.71  7.07217e-17
5990.77  6.93573e-17
5994.84  6.79938e-17
5998.9   6.66836e-17
6002.96  6.54834e-17
6007.03  6.44461e-17
6011.09  6.36125e-17
6015.15  6.30049e-17
6019.22  6.26236e-17
6023.28  6.24464e-17
6027.34  6.24306e-17
6031.41  6.25191e-17
6035.47  6.26473e-17
6039.53  6.27514e-17
6043.6   6.27757e-17
6047.66  6.26786e-17
6051.72  6.24367e-17
6055.79  6.2045e-17
6059.85  6.1516e-17
6063.91  6.08762e-17
6067.98  6.01611e-17
6072.04  5.94105e-17
6076.1   5.86636e-17
6080.17  5.79557e-17
6084.23  5.73151e-17
6088.29  5.67622e-17
6092.36  5.6309e-17
6096.42  5.59599e-17
6100.48  5.57122e-17
6104.55  5.5558e-17
6108.61  5.54851e-17
6112.67  5.54781e-17
6116.74  5.552e-17
6120.8   5.55927e-17
6124.86  5.56781e-17
6128.93  5.57591e-17
6132.99  5.58206e-17
6137.05  5.58509e-17
6141.12  5.58426e-17
6145.18  5.57944e-17
6149.24  5.5712e-17
6153.31  5.56091e-17
6157.37  5.55073e-17
6161.43  5.54356e-17
6165.5   5.54285e-17
6169.56  5.55229e-17
6173.62  5.57549e-17
6177.69  5.61558e-17
6181.75  5.67478e-17
6185.81  5.75408e-17
6189.88  5.85303e-17
6193.94  5.96958e-17
6198.01  6.10016e-17
6202.07  6.23986e-17
6206.13  6.38272e-17
6210.2   6.52215e-17
6214.26  6.65142e-17
6218.32  6.76419e-17
6222.39  6.85504e-17
6226.45  6.91989e-17
6230.51  6.95642e-17
6234.58  6.9643e-17
6238.64  6.94519e-17
6242.7   6.90266e-17
6246.77  6.84181e-17
6250.83  6.76874e-17
6254.89  6.68999e-17
6258.96  6.61179e-17
6263.02  6.53956e-17
6267.08  6.47741e-17
6271.15  6.42792e-17
6275.21  6.39218e-17
6279.27  6.37e-17
6283.34  6.36035e-17
6287.4   6.36193e-17
6291.46  6.37366e-17
6295.53  6.39509e-17
6299.59  6.42655e-17
6303.65  6.46914e-17
6307.72  6.52439e-17
6311.78  6.59378e-17
6315.84  6.67819e-17
6319.91  6.77746e-17
6323.97  6.89007e-17
6328.03  7.01321e-17
6332.1   7.14309e-17
6336.16  7.27559e-17
6340.22  7.40711e-17
6344.29  7.53532e-17
6348.35  7.65986e-17
6352.41  7.7826e-17
6356.48  7.90759e-17
6360.54  8.04036e-17
6364.6   8.18708e-17
6368.67  8.35325e-17
6372.73  8.54258e-17
6376.79  8.756e-17
6380.86  8.99108e-17
6384.92  9.24209e-17
6388.98  9.50059e-17
6393.05  9.75656e-17
6397.11  9.99991e-17
6401.17  1.02221e-16
6405.24  1.04173e-16
6409.3   1.0584e-16
6413.36  1.07246e-16
6417.43  1.08457e-16
6421.49  1.09568e-16
6425.55  1.10692e-16
6429.62  1.11933e-16
6433.68  1.13381e-16
6437.74  1.15087e-16
6441.81  1.17061e-16
6445.87  1.19266e-16
6449.93  1.21629e-16
6454     1.24051e-16
6458.06  1.26421e-16
6462.12  1.2864e-16
6466.19  1.30631e-16
6470.25  1.3235e-16
6474.31  1.33791e-16
6478.38  1.34983e-16
6482.44  1.35977e-16
6486.5   1.36836e-16
6490.57  1.37615e-16
6494.63  1.38352e-16
6498.69  1.39054e-16
6502.76  1.39702e-16
6506.82  1.40249e-16
6510.89  1.40634e-16
6514.95  1.40799e-16
6519.01  1.40699e-16
6523.08  1.40322e-16
6527.14  1.39689e-16
6531.2   1.38864e-16
6535.27  1.37936e-16
6539.33  1.37014e-16
6543.39  1.36205e-16
6547.46  1.35593e-16
6551.52  1.35225e-16
6555.58  1.35099e-16
6559.65  1.35163e-16
6563.71  1.35315e-16
6567.77  1.35422e-16
6571.84  1.3534e-16
6575.9   1.3493e-16
6579.96  1.34085e-16
6584.03  1.32743e-16
6588.09  1.30899e-16
6592.15  1.28605e-16
6596.22  1.25958e-16
6600.28  1.2309e-16
6604.34  1.20145e-16
6608.41  1.17255e-16
6612.47  1.14522e-16
6616.53  1.12004e-16
6620.6   1.09706e-16
6624.66  1.07584e-16
6628.72  1.05557e-16
6632.79  1.03523e-16
6636.85  1.01379e-16
6640.91  9.90424e-17
6644.98  9.64684e-17
6649.04  9.36581e-17
6653.1   9.06607e-17
6657.17  8.75666e-17
6661.23  8.44933e-17
6665.29  8.15669e-17
6669.36  7.89028e-17
6673.42  7.65877e-17
6677.48  7.46674e-17
6681.55  7.31407e-17
6685.61  7.19615e-17
6689.67  7.10468e-17
6693.74  7.02912e-17
6697.8   6.95826e-17
6701.86  6.8819e-17
6705.93  6.79218e-17
6709.99  6.68453e-17
6714.05  6.55796e-17
6718.12  6.41483e-17
6722.18  6.26014e-17
6726.24  6.10047e-17
6730.31  5.94283e-17
6734.37  5.79357e-17
6738.43  5.65756e-17
6742.5   5.53773e-17
6746.56  5.43495e-17
6750.62  5.34836e-17
6754.69  5.27588e-17
6758.75  5.21483e-17
6762.81  5.16264e-17
6766.88  5.11732e-17
6770.94  5.07773e-17
6775     5.04359e-17
6779.07  5.01529e-17
6783.13  4.99343e-17
6787.19  4.97841e-17
6791.26  4.97002e-17
6795.32  4.96715e-17
6799.39  4.96785e-17
6803.45  4.96952e-17
6807.51  4.96938e-17
6811.58  4.96503e-17
6815.64  4.95502e-17
6819.7   4.93926e-17
6823.77  4.91924e-17
6827.83  4.89792e-17
6831.89  4.87935e-17
6835.96  4.86811e-17
6840.02  4.86854e-17
6844.08  4.88413e-17
6848.15  4.91693e-17
6852.21  4.96724e-17
6856.27  5.03356e-17
6860.34  5.11283e-17
6864.4   5.20085e-17
6868.46  5.29283e-17
6872.53  5.38399e-17
6876.59  5.4701e-17
6880.65  5.54784e-17
6884.72  5.61503e-17
6888.78  5.67059e-17
6892.84  5.71446e-17
6896.91  5.74723e-17
6900.97  5.76983e-17
6905.03  5.78314e-17
6909.1   5.78777e-17
6913.16  5.78386e-17
6917.22  5.77116e-17
6921.29  5.74913e-17
6925.35  5.71729e-17
6929.41  5.67558e-17
6933.48  5.62469e-17
6937.54  5.56638e-17
6941.6   5.50354e-17
6945.67  5.44008e-17
6949.73  5.3806e-17
6953.79  5.32982e-17
6957.86  5.29198e-17
6961.92  5.27009e-17
6965.98  5.26549e-17
6970.05  5.27752e-17
6974.11  5.30349e-17
6978.17  5.33908e-17
6982.24  5.37891e-17
6986.3   5.41727e-17
6990.36  5.44896e-17
6994.43  5.46987e-17
6998.49  5.47742e-17
7002.55  5.47061e-17
7006.62  5.44991e-17
7010.68  5.4169e-17
7014.74  5.37389e-17
7018.81  5.32361e-17
7022.87  5.26912e-17
7026.93  5.21382e-17
7031     5.16168e-17
7035.06  5.11735e-17
7039.12  5.08622e-17
7043.19  5.07407e-17
7047.25  5.08653e-17
7051.31  5.1281e-17
7055.38  5.20114e-17
7059.44  5.30491e-17
7063.5   5.43495e-17
7067.57  5.58304e-17
7071.63  5.7378e-17
7075.69  5.88597e-17
7079.76  6.0142e-17
7083.82  6.11099e-17
7087.88  6.16856e-17
7091.95  6.18416e-17
7096.01  6.16062e-17
7100.07  6.10606e-17
7104.14  6.0326e-17
7108.2   5.9545e-17
7112.27  5.88585e-17
7116.33  5.83838e-17
7120.39  5.81971e-17
7124.46  5.83227e-17
7128.52  5.87329e-17
7132.58  5.93555e-17
7136.65  6.00892e-17
7140.71  6.08241e-17
7144.77  6.14609e-17
7148.84  6.19293e-17
7152.9   6.21986e-17
7156.96  6.22818e-17
7161.03  6.22321e-17
7165.09  6.21328e-17
7169.15  6.20826e-17
7173.22  6.21798e-17
7177.28  6.25078e-17
7181.34  6.31229e-17
7185.41  6.40484e-17
7189.47  6.52718e-17
7193.53  6.67482e-17
7197.6   6.84065e-17
7201.66  7.01582e-17
7205.72  7.19071e-17
7209.79  7.35592e-17
7213.85  7.50306e-17
7217.91  7.62544e-17
7221.98  7.71855e-17
7226.04  7.78026e-17
7230.1   7.81079e-17
7234.17  7.81249e-17
7238.23  7.78937e-17
7242.29  7.74653e-17
7246.36  7.6895e-17
7250.42  7.62363e-17
7254.48  7.55355e-17
7258.55  7.48293e-17
7262.61  7.41438e-17
7266.67  7.34971e-17
7270.74  7.29034e-17
7274.8   7.23785e-17
7278.86  7.19447e-17
7282.93  7.16348e-17
7286.99  7.14916e-17
7291.05  7.15657e-17
7295.12  7.19072e-17
7299.18  7.2556e-17
7303.24  7.35287e-17
7307.31  7.48071e-17
7311.37  7.63286e-17
7315.43  7.79819e-17
7319.5   7.96092e-17
7323.56  8.10165e-17
7327.62  8.19919e-17
7331.69  8.23285e-17
7335.75  8.18523e-17
7339.81  8.04481e-17
7343.88  7.80823e-17
7347.94  7.48162e-17
7352     7.08091e-17
7356.07  6.63081e-17
7360.13  6.16264e-17
7364.19  5.71109e-17
7368.26  5.31049e-17
7372.32  4.99096e-17
7376.38  4.77506e-17
7380.45  4.67538e-17
7384.51  4.69348e-17
7388.57  4.82021e-17
7392.64  5.03743e-17
7396.7   5.32079e-17
7400.76  5.64309e-17
7404.83  5.97778e-17
7408.89  6.30198e-17
7412.95  6.59869e-17
7417.02  6.85781e-17
7421.08  7.07604e-17
7425.15  7.25572e-17
7429.21  7.40294e-17
7433.27  7.52531e-17
7437.34  7.6299e-17
7441.4   7.72162e-17
7445.46  7.80247e-17
7449.53  7.87156e-17
7453.59  7.92592e-17
7457.65  7.9618e-17
7461.72  7.97618e-17
7465.78  7.96797e-17
7469.84  7.93888e-17
7473.91  7.89342e-17
7477.97  7.83831e-17
7482.03  7.78135e-17
7486.1   7.72989e-17
7490.16  7.68941e-17
7494.22  7.66243e-17
7498.29  7.64794e-17
7502.35  7.64165e-17
7506.41  7.63675e-17
7510.48  7.62535e-17
7514.54  7.60006e-17
7518.6   7.55555e-17
7522.67  7.48974e-17
7526.73  7.40439e-17
7530.79  7.30495e-17
7534.86  7.19968e-17
7538.92  7.09821e-17
7542.98  7.00975e-17
7547.05  6.94138e-17
7551.11  6.89666e-17
7555.17  6.87494e-17
7559.24  6.87145e-17
7563.3   6.87831e-17
7567.36  6.88618e-17
7571.43  6.88634e-17
7575.49  6.87273e-17
7579.55  6.84367e-17
7583.62  6.80264e-17
7587.68  6.75819e-17
7591.74  6.7227e-17
7595.81  6.71028e-17
7599.87  6.73406e-17
7603.93  6.80352e-17
7608     6.92218e-17
7612.06  7.08625e-17
7616.12  7.28456e-17
7620.19  7.49973e-17
7624.25  7.71063e-17
7628.31  7.89554e-17
7632.38  8.0356e-17
7636.44  8.11794e-17
7640.5   8.13789e-17
7644.57  8.09991e-17
7648.63  8.01713e-17
7652.69  7.90949e-17
7656.76  7.80089e-17
7660.82  7.71574e-17
7664.88  7.67552e-17
7668.95  7.69584e-17
7673.01  7.78437e-17
7677.07  7.94005e-17
7681.14  8.15338e-17
7685.2   8.40788e-17
7689.26  8.68239e-17
7693.33  8.95371e-17
7697.39  9.19948e-17
7701.45  9.40058e-17
7705.52  9.54313e-17
7709.58  9.61965e-17
7713.64  9.62943e-17
7717.71  9.57818e-17
7721.77  9.47702e-17
7725.84  9.34096e-17
7729.9   9.18718e-17
7733.96  9.03318e-17
7738.03  8.895e-17
7742.09  8.78569e-17
7746.15  8.71418e-17
7750.22  8.68448e-17
7754.28  8.69551e-17
7758.34  8.74135e-17
7762.41  8.81201e-17
7766.47  8.89468e-17
7770.53  8.97517e-17
7774.6   9.03953e-17
7778.66  9.07563e-17
7782.72  9.07442e-17
7786.79  9.03081e-17
7790.85  8.94404e-17
7794.91  8.81751e-17
7798.98  8.65811e-17
7803.04  8.47521e-17
7807.1   8.27943e-17
7811.17  8.0814e-17
7815.23  7.89072e-17
7819.29  7.71515e-17
7823.36  7.56021e-17
7827.42  7.42912e-17
7831.48  7.32306e-17
7835.55  7.24165e-17
7839.61  7.18343e-17
7843.67  7.14637e-17
7847.74  7.12815e-17
7851.8   7.1262e-17
7855.86  7.13759e-17
7859.93  7.15862e-17
7863.99  7.18447e-17
7868.05  7.2089e-17
7872.12  7.22413e-17
7876.18  7.22121e-17
7880.24  7.19066e-17
7884.31  7.12363e-17
7888.37  7.01314e-17
7892.43  6.85547e-17
7896.5   6.65131e-17
7900.56  6.40638e-17
7904.62  6.13139e-17
7908.69  5.84134e-17
7912.75  5.55395e-17
7916.81  5.28766e-17
7920.88  5.05931e-17
7924.94  4.88193e-17
7929     4.76289e-17
7933.07  4.70289e-17
7937.13  4.69578e-17
7941.19  4.72944e-17
7945.26  4.7874e-17
7949.32  4.85121e-17
7953.38  4.90291e-17
7957.45  4.92748e-17
7961.51  4.91469e-17
7965.57  4.86019e-17
7969.64  4.76566e-17
7973.7   4.63807e-17
7977.76  4.48815e-17
7981.83  4.32848e-17
7985.89  4.1714e-17
7989.95  4.02721e-17
7994.02  3.90288e-17
7998.08  3.8014e-17
8002.14  3.72194e-17
8006.21  3.66062e-17
8010.27  3.61165e-17
8014.33  3.56879e-17
8018.4   3.52666e-17
8022.46  3.48183e-17
8026.52  3.43336e-17
8030.59  3.38297e-17
8034.65  3.33461e-17
8038.72  3.29368e-17
8042.78  3.26605e-17
8046.84  3.25691e-17
8050.91  3.26986e-17
8054.97  3.30611e-17
8059.03  3.36404e-17
8063.1   3.43913e-17
8067.16  3.52426e-17
8071.22  3.61025e-17
8075.29  3.68681e-17
8079.35  3.74361e-17
8083.41  3.77148e-17
8087.48  3.76371e-17
8091.54  3.71712e-17
8095.6   3.63287e-17
8099.67  3.51679e-17
8103.73  3.37906e-17
8107.79  3.2332e-17
8111.86  3.09439e-17
8115.92  2.97733e-17
8119.98  2.89391e-17
8124.05  2.85117e-17
8128.11  2.84987e-17
8132.17  2.88404e-17
8136.24  2.94164e-17
8140.3   3.00633e-17
8144.36  3.06002e-17
8148.43  3.08575e-17
8152.49  3.07042e-17
8156.55  3.00683e-17
8160.62  2.89457e-17
8164.68  2.73981e-17
8168.74  2.55393e-17
8172.81  2.35136e-17
8176.87  2.14711e-17
8180.93  1.9545e-17
8185     1.78346e-17
8189.06  1.63961e-17
8193.12  1.52429e-17
8197.19  1.43521e-17
8201.25  1.36766e-17
8205.31  1.3158e-17
8209.38  1.27383e-17
8213.44  1.2368e-17
8217.5   1.20113e-17
8221.57  1.16466e-17
8225.63  1.12657e-17
8229.69  1.08714e-17
8233.76  1.04759e-17
8237.82  1.00999e-17
8241.88  9.77104e-18
8245.95  9.52318e-18
8250.01  9.39297e-18
8254.07  9.41487e-18
8258.14  9.61401e-18
8262.2   9.99825e-18
8266.26  1.05511e-17
8270.33  1.12281e-17
8274.39  1.19582e-17
8278.45  1.26511e-17
8282.52  1.32109e-17
8286.58  1.35534e-17
8290.64  1.36238e-17
8294.71  1.3412e-17
8298.77  1.29609e-17
8302.83  1.2366e-17
8306.9   1.17643e-17
8310.96  1.13148e-17
8315.02  1.11727e-17
8319.09  1.14624e-17
8323.15  1.22535e-17
8327.21  1.35451e-17
8331.28  1.52614e-17
8335.34  1.72591e-17
8339.41  1.93467e-17
8343.47  2.13119e-17
8347.53  2.29527e-17
8351.6   2.4107e-17
8355.66  2.46771e-17
8359.72  2.46435e-17
8363.79  2.40679e-17
8367.85  2.30844e-17
8371.91  2.18794e-17
8375.98  2.06656e-17
8380.04  1.96516e-17
8384.1   1.90117e-17
8388.17  1.88618e-17
8392.23  1.92421e-17
8396.29  2.01117e-17
8400.36  2.13541e-17
8404.42  2.2795e-17
8408.48  2.42289e-17
8412.55  2.54509e-17
8416.61  2.62896e-17
8420.67  2.66357e-17
8424.74  2.64604e-17
8428.8   2.58223e-17
8432.86  2.48581e-17
8436.93  2.37617e-17
8440.99  2.27524e-17
8445.05  2.20384e-17
8449.12  2.17828e-17
8453.18  2.20774e-17
8457.24  2.29293e-17
8461.31  2.42631e-17
8465.37  2.59384e-17
8469.43  2.77777e-17
8473.5   2.96015e-17
8477.56  3.12609e-17
8481.62  3.26632e-17
8485.69  3.3785e-17
8489.75  3.46697e-17
8493.81  3.54113e-17
8497.88  3.61277e-17
8501.94  3.69287e-17
8506     3.78874e-17
8510.07  3.90188e-17
8514.13  4.0272e-17
8518.19  4.15362e-17
8522.26  4.26605e-17
8526.32  4.34817e-17
8530.38  4.38556e-17
8534.45  4.3685e-17
8538.51  4.29392e-17
8542.57  4.16604e-17
8546.64  3.9958e-17
8550.7   3.79905e-17
8554.76  3.59406e-17
8558.83  3.39868e-17
8562.89  3.22784e-17
8566.95  3.09168e-17
8571.02  2.99463e-17
8575.08  2.93551e-17
8579.14  2.90851e-17
8583.21  2.90472e-17
8587.27  2.91401e-17
8591.33  2.92673e-17
8595.4   2.93514e-17
8599.46  2.93422e-17
8603.52  2.9219e-17
8607.59  2.89876e-17
8611.65  2.86729e-17
8615.71  2.83101e-17
8619.78  2.79349e-17
8623.84  2.75765e-17
8627.9   2.72524e-17
8631.97  2.69672e-17
8636.03  2.67142e-17
8640.09  2.6479e-17
8644.16  2.62442e-17
8648.22  2.59943e-17
8652.29  2.57194e-17
8656.35  2.54171e-17
8660.41  2.50931e-17
8664.48  2.47591e-17
8668.54  2.44311e-17
8672.6   2.41252e-17
8676.67  2.38558e-17
8680.73  2.36323e-17
8684.79  2.34585e-17
8688.86  2.33326e-17
8692.92  2.32483e-17
8696.98  2.31967e-17
8701.05  2.31682e-17
8705.11  2.31542e-17
8709.17  2.31482e-17
8713.24  2.31461e-17
8717.3   2.31455e-17
8721.36  2.31454e-17
8725.43  2.31454e-17
8729.49  2.31454e-17