#55.26498640058308
3388.4   1.77951e-16
3389.84  1.84605e-16
3391.27  1.91101e-16
3392.7   1.9726e-16
3394.13  2.02909e-16
3395.57  2.07886e-16
3397     2.12042e-16
3398.43  2.1525e-16
3399.86  2.17409e-16
3401.3   2.18447e-16
3402.73  2.18326e-16
3404.16  2.17043e-16
3405.59  2.1463e-16
3407.03  2.11156e-16
3408.46  2.06726e-16
3409.89  2.01475e-16
3411.32  1.95569e-16
3412.76  1.89197e-16
3414.19  1.82566e-16
3415.62  1.75894e-16
3417.05  1.69409e-16
3418.49  1.63332e-16
3419.92  1.57879e-16
3421.35  1.5325e-16
3422.78  1.49622e-16
3424.22  1.47147e-16
3425.65  1.45942e-16
3427.08  1.4609e-16
3428.51  1.47635e-16
3429.95  1.50581e-16
3431.38  1.54889e-16
3432.81  1.60485e-16
3434.24  1.67252e-16
3435.68  1.75045e-16
3437.11  1.83683e-16
3438.54  1.92965e-16
3439.97  2.02667e-16
3441.41  2.12555e-16
3442.84  2.22387e-16
3444.27  2.31919e-16
3445.71  2.40917e-16
3447.14  2.49156e-16
3448.57  2.56431e-16
3450     2.62558e-16
3451.44  2.67382e-16
3452.87  2.70777e-16
3454.3   2.72651e-16
3455.73  2.72947e-16
3457.17  2.71642e-16
3458.6   2.6875e-16
3460.03  2.6432e-16
3461.46  2.58431e-16
3462.9   2.51196e-16
3464.33  2.42752e-16
3465.76  2.33263e-16
3467.19  2.2291e-16
3468.63  2.11892e-16
3470.06  2.00418e-16
3471.49  1.88706e-16
3472.92  1.76974e-16
3474.36  1.6544e-16
3475.79  1.54318e-16
3477.22  1.43809e-16
3478.65  1.34105e-16
3480.09  1.25378e-16
3481.52  1.17785e-16
3482.95  1.11459e-16
3484.38  1.0651e-16
3485.82  1.03026e-16
3487.25  1.01066e-16
3488.68  1.00665e-16
3490.11  1.01831e-16
3491.55  1.04544e-16
3492.98  1.0876e-16
3494.41  1.14412e-16
3495.84  1.21406e-16
3497.28  1.29629e-16
3498.71  1.38951e-16
3500.14  1.49221e-16
3501.57  1.60279e-16
3503.01  1.7195e-16
3504.44  1.84055e-16
3505.87  1.96409e-16
3507.3   2.08827e-16
3508.74  2.21126e-16
3510.17  2.33131e-16
3511.6   2.44673e-16
3513.03  2.556e-16
3514.47  2.65771e-16
3515.9   2.75066e-16
3517.33  2.83381e-16
3518.76  2.90636e-16
3520.2   2.96773e-16
3521.63  3.01754e-16
3523.06  3.05565e-16
3524.5   3.08215e-16
3525.93  3.0973e-16
3527.36  3.10158e-16
3528.79  3.09562e-16
3530.23  3.08019e-16
3531.66  3.05619e-16
3533.09  3.02458e-16
3534.52  2.98637e-16
3535.96  2.94261e-16
3537.39  2.89433e-16
3538.82  2.8425e-16
3540.25  2.78807e-16
3541.69  2.73186e-16
3543.12  2.67461e-16
3544.55  2.61695e-16
3545.98  2.55937e-16
3547.42  2.50225e-16
3548.85  2.44585e-16
3550.28  2.3903e-16
3551.71  2.33566e-16
3553.15  2.28187e-16
3554.58  2.22882e-16
3556.01  2.17637e-16
3557.44  2.12434e-16
3558.88  2.07254e-16
3560.31  2.0208e-16
3561.74  1.96901e-16
3563.17  1.91708e-16
3564.61  1.865e-16
3566.04  1.81286e-16
3567.47  1.76078e-16
3568.9   1.709e-16
3570.34  1.65784e-16
3571.77  1.60767e-16
3573.2   1.55894e-16
3574.63  1.51214e-16
3576.07  1.4678e-16
3577.5   1.42647e-16
3578.93  1.38867e-16
3580.36  1.35491e-16
3581.8   1.32567e-16
3583.23  1.30135e-16
3584.66  1.28227e-16
3586.09  1.26866e-16
3587.53  1.26066e-16
3588.96  1.25826e-16
3590.39  1.26137e-16
3591.82  1.26976e-16
3593.26  1.28308e-16
3594.69  1.30087e-16
3596.12  1.32257e-16
3597.55  1.34753e-16
3598.99  1.37503e-16
3600.42  1.40427e-16
3601.85  1.43443e-16
3603.28  1.46465e-16
3604.72  1.49409e-16
3606.15  1.52192e-16
3607.58  1.54736e-16
3609.02  1.56967e-16
3610.45  1.58822e-16
3611.88  1.60243e-16
3613.31  1.61187e-16
3614.75  1.6162e-16
3616.18  1.61521e-16
3617.61  1.60884e-16
3619.04  1.59713e-16
3620.48  1.58027e-16
3621.91  1.55857e-16
3623.34  1.53246e-16
3624.77  1.50247e-16
3626.21  1.46922e-16
3627.64  1.43342e-16
3629.07  1.39585e-16
3630.5   1.3573e-16
3631.94  1.3186e-16
3633.37  1.28059e-16
3634.8   1.2441e-16
3636.23  1.20988e-16
3637.67  1.17868e-16
3639.1   1.15113e-16
3640.53  1.12781e-16
3641.96  1.10917e-16
3643.4   1.09556e-16
3644.83  1.08721e-16
3646.26  1.08422e-16
3647.69  1.08658e-16
3649.13  1.09414e-16
3650.56  1.10663e-16
3651.99  1.12368e-16
3653.42  1.14481e-16
3654.86  1.16946e-16
3656.29  1.19701e-16
3657.72  1.22676e-16
3659.15  1.25801e-16
3660.59  1.29001e-16
3662.02  1.32204e-16
3663.45  1.3534e-16
3664.88  1.38343e-16
3666.32  1.41152e-16
3667.75  1.43715e-16
3669.18  1.45987e-16
3670.61  1.47933e-16
3672.05  1.49529e-16
3673.48  1.5076e-16
3674.91  1.51623e-16
3676.34  1.52124e-16
3677.78  1.5228e-16
3679.21  1.52118e-16
3680.64  1.5167e-16
3682.07  1.50978e-16
3683.51  1.50089e-16
3684.94  1.49054e-16
3686.37  1.47927e-16
3687.8   1.46763e-16
3689.24  1.45619e-16
3690.67  1.44548e-16
3692.1   1.43603e-16
3693.54  1.42831e-16
3694.97  1.42275e-16
3696.4   1.41974e-16
3697.83  1.41957e-16
3699.27  1.42249e-16
3700.7   1.42867e-16
3702.13  1.43819e-16
3703.56  1.45106e-16
3705     1.46722e-16
3706.43  1.48651e-16
3707.86  1.50872e-16
3709.29  1.53356e-16
3710.73  1.56067e-16
3712.16  1.58964e-16
3713.59  1.62001e-16
3715.02  1.65128e-16
3716.46  1.68289e-16
3717.89  1.7143e-16
3719.32  1.74491e-16
3720.75  1.77417e-16
3722.19  1.80149e-16
3723.62  1.82632e-16
3725.05  1.84815e-16
3726.48  1.8665e-16
3727.92  1.88095e-16
3729.35  1.89112e-16
3730.78  1.89672e-16
3732.21  1.89753e-16
3733.65  1.8934e-16
3735.08  1.88426e-16
3736.51  1.87014e-16
3737.94  1.85113e-16
3739.38  1.82742e-16
3740.81  1.79924e-16
3742.24  1.76692e-16
3743.67  1.73085e-16
3745.11  1.69143e-16
3746.54  1.64916e-16
3747.97  1.60451e-16
3749.4   1.55801e-16
3750.84  1.51017e-16
3752.27  1.46153e-16
3753.7   1.41257e-16
3755.13  1.36379e-16
3756.57  1.31563e-16
3758     1.26849e-16
3759.43  1.22276e-16
3760.86  1.17872e-16
3762.3   1.13666e-16
3763.73  1.09678e-16
3765.16  1.05922e-16
3766.59  1.02408e-16
3768.03  9.91426e-17
3769.46  9.61241e-17
3770.89  9.33488e-17
3772.33  9.08084e-17
3773.76  8.84916e-17
3775.19  8.63843e-17
3776.62  8.44705e-17
3778.06  8.27329e-17
3779.49  8.11536e-17
3780.92  7.97144e-17
3782.35  7.8398e-17
3783.79  7.7188e-17
3785.22  7.60697e-17
3786.65  7.50306e-17
3788.08  7.40605e-17
3789.52  7.31519e-17
3790.95  7.23003e-17
3792.38  7.15042e-17
3793.81  7.07648e-17
3795.25  7.00867e-17
3796.68  6.94768e-17
3798.11  6.89444e-17
3799.54  6.8501e-17
3800.98  6.81597e-17
3802.41  6.79344e-17
3803.84  6.78398e-17
3805.27  6.78903e-17
3806.71  6.80999e-17
3808.14  6.8481e-17
3809.57  6.90444e-17
3811     6.97985e-17
3812.44  7.0749e-17
3813.87  7.18981e-17
3815.3   7.3245e-17
3816.73  7.4785e-17
3818.17  7.65098e-17
3819.6   7.84078e-17
3821.03  8.04635e-17
3822.46  8.26589e-17
3823.9   8.49731e-17
3825.33  8.73832e-17
3826.76  8.98648e-17
3828.19  9.23925e-17
3829.63  9.49409e-17
3831.06  9.74853e-17
3832.49  1.00002e-16
3833.92  1.02469e-16
3835.36  1.04866e-16
3836.79  1.07179e-16
3838.22  1.09392e-16
3839.65  1.11496e-16
3841.09  1.13485e-16
3842.52  1.15357e-16
3843.95  1.17111e-16
3845.38  1.18753e-16
3846.82  1.20288e-16
3848.25  1.21727e-16
3849.68  1.2308e-16
3851.11  1.24361e-16
3852.55  1.25582e-16
3853.98  1.26758e-16
3855.41  1.27901e-16
3856.85  1.29024e-16
3858.28  1.30139e-16
3859.71  1.31256e-16
3861.14  1.32382e-16
3862.58  1.33525e-16
3864.01  1.34687e-16
3865.44  1.35872e-16
3866.87  1.3708e-16
3868.31  1.38309e-16
3869.74  1.39556e-16
3871.17  1.40819e-16
3872.6   1.42091e-16
3874.04  1.43368e-16
3875.47  1.44646e-16
3876.9   1.45918e-16
3878.33  1.4718e-16
3879.77  1.48429e-16
3881.2   1.49662e-16
3882.63  1.50876e-16
3884.06  1.52072e-16
3885.5   1.53251e-16
3886.93  1.54413e-16
3888.36  1.55562e-16
3889.79  1.56702e-16
3891.23  1.57838e-16
3892.66  1.58974e-16
3894.09  1.60117e-16
3895.52  1.61274e-16
3896.96  1.6245e-16
3898.39  1.63652e-16
3899.82  1.64886e-16
3901.25  1.66159e-16
3902.69  1.67477e-16
3904.12  1.68844e-16
3905.55  1.70267e-16
3906.98  1.71749e-16
3908.42  1.73294e-16
3909.85  1.74908e-16
3911.28  1.76593e-16
3912.71  1.78352e-16
3914.15  1.80187e-16
3915.58  1.82101e-16
3917.01  1.84096e-16
3918.44  1.86171e-16
3919.88  1.88327e-16
3921.31  1.90564e-16
3922.74  1.92878e-16
3924.17  1.95268e-16
3925.61  1.97728e-16
3927.04  2.00253e-16
3928.47  2.02833e-16
3929.9   2.05458e-16
3931.34  2.08117e-16
3932.77  2.10793e-16
3934.2   2.13469e-16
3935.63  2.16124e-16
3937.07  2.18735e-16
3938.5   2.21277e-16
3939.93  2.23721e-16
3941.37  2.26037e-16
3942.8   2.28194e-16
3944.23  2.30158e-16
3945.66  2.31897e-16
3947.1   2.33377e-16
3948.53  2.34566e-16
3949.96  2.35436e-16
3951.39  2.35959e-16
3952.83  2.36112e-16
3954.26  2.3588e-16
3955.69  2.3525e-16
3957.12  2.34219e-16
3958.56  2.3279e-16
3959.99  2.30976e-16
3961.42  2.28796e-16
3962.85  2.2628e-16
3964.29  2.23468e-16
3965.72  2.20405e-16
3967.15  2.17146e-16
3968.58  2.13752e-16
3970.02  2.1029e-16
3971.45  2.06831e-16
3972.88  2.03449e-16
3974.31  2.00216e-16
3975.75  1.97205e-16
3977.18  1.94486e-16
3978.61  1.92122e-16
3980.04  1.90169e-16
3981.48  1.88673e-16
3982.91  1.87671e-16
3984.34  1.87186e-16
3985.77  1.87229e-16
3987.21  1.87797e-16
3988.64  1.88871e-16
3990.07  1.90419e-16
3991.5   1.92397e-16
3992.94  1.94746e-16
3994.37  1.97395e-16
3995.8   2.00266e-16
3997.23  2.03272e-16
3998.67  2.06318e-16
4000.1   2.09311e-16
4001.53  2.12152e-16
4002.96  2.14748e-16
4004.4   2.17008e-16
4005.83  2.18849e-16
4007.26  2.20198e-16
4008.69  2.20993e-16
4010.13  2.21183e-16
4011.56  2.20735e-16
4012.99  2.19628e-16
4014.42  2.17859e-16
4015.86  2.1544e-16
4017.29  2.12399e-16
4018.72  2.0878e-16
4020.16  2.04641e-16
4021.59  2.00049e-16
4023.02  1.95087e-16
4024.45  1.89843e-16
4025.89  1.84413e-16
4027.32  1.78896e-16
4028.75  1.73393e-16
4030.18  1.68005e-16
4031.62  1.62829e-16
4033.05  1.57956e-16
4034.48  1.53471e-16
4035.91  1.49449e-16
4037.35  1.45954e-16
4038.78  1.43036e-16
4040.21  1.40735e-16
4041.64  1.39074e-16
4043.08  1.38063e-16
4044.51  1.377e-16
4045.94  1.37964e-16
4047.37  1.38827e-16
4048.81  1.40243e-16
4050.24  1.42158e-16
4051.67  1.4451e-16
4053.1   1.47225e-16
4054.54  1.50225e-16
4055.97  1.53429e-16
4057.4   1.56751e-16
4058.83  1.60107e-16
4060.27  1.63412e-16
4061.7   1.66586e-16
4063.13  1.69555e-16
4064.56  1.7225e-16
4066     1.74611e-16
4067.43  1.76587e-16
4068.86  1.7814e-16
4070.29  1.79238e-16
4071.73  1.79867e-16
4073.16  1.8002e-16
4074.59  1.79704e-16
4076.02  1.78936e-16
4077.46  1.77747e-16
4078.89  1.76173e-16
4080.32  1.74263e-16
4081.75  1.72071e-16
4083.19  1.69657e-16
4084.62  1.67086e-16
4086.05  1.64425e-16
4087.48  1.61741e-16
4088.92  1.59102e-16
4090.35  1.56571e-16
4091.78  1.54206e-16
4093.21  1.52062e-16
4094.65  1.50183e-16
4096.08  1.48608e-16
4097.51  1.47365e-16
4098.94  1.46472e-16
4100.38  1.45938e-16
4101.81  1.45761e-16
4103.24  1.45929e-16
4104.68  1.46422e-16
4106.11  1.4721e-16
4107.54  1.48257e-16
4108.97  1.4952e-16
4110.41  1.50952e-16
4111.84  1.52501e-16
4113.27  1.54115e-16
4114.7   1.55741e-16
4116.14  1.57327e-16
4117.57  1.58825e-16
4119     1.6019e-16
4120.43  1.61383e-16
4121.87  1.62372e-16
4123.3   1.63129e-16
4124.73  1.63638e-16
4126.16  1.63887e-16
4127.6   1.63875e-16
4129.03  1.63607e-16
4130.46  1.63097e-16
4131.89  1.62364e-16
4133.33  1.61435e-16
4134.76  1.6034e-16
4136.19  1.59116e-16
4137.62  1.578e-16
4139.06  1.56433e-16
4140.49  1.55055e-16
4141.92  1.53707e-16
4143.35  1.52427e-16
4144.79  1.51251e-16
4146.22  1.5021e-16
4147.65  1.49332e-16
4149.08  1.48639e-16
4150.52  1.48146e-16
4151.95  1.47863e-16
4153.38  1.47795e-16
4154.81  1.47936e-16
4156.25  1.4828e-16
4157.68  1.48808e-16
4159.11  1.49502e-16
4160.54  1.50333e-16
4161.98  1.51273e-16
4163.41  1.52286e-16
4164.84  1.53337e-16
4166.27  1.54387e-16
4167.71  1.55397e-16
4169.14  1.56329e-16
4170.57  1.57147e-16
4172     1.57816e-16
4173.44  1.58306e-16
4174.87  1.58592e-16
4176.3   1.58652e-16
4177.73  1.58472e-16
4179.17  1.58046e-16
4180.6   1.57372e-16
4182.03  1.56457e-16
4183.46  1.55317e-16
4184.9   1.53972e-16
4186.33  1.52452e-16
4187.76  1.50792e-16
4189.2   1.49033e-16
4190.63  1.47221e-16
4192.06  1.45406e-16
4193.49  1.4364e-16
4194.93  1.41979e-16
4196.36  1.40474e-16
4197.79  1.3918e-16
4199.22  1.38146e-16
4200.66  1.37417e-16
4202.09  1.37035e-16
4203.52  1.37031e-16
4204.95  1.37433e-16
4206.39  1.38257e-16
4207.82  1.39513e-16
4209.25  1.41197e-16
4210.68  1.43299e-16
4212.12  1.45797e-16
4213.55  1.4866e-16
4214.98  1.51849e-16
4216.41  1.55315e-16
4217.85  1.59003e-16
4219.28  1.62852e-16
4220.71  1.66796e-16
4222.14  1.70766e-16
4223.58  1.74691e-16
4225.01  1.78502e-16
4226.44  1.8213e-16
4227.87  1.85511e-16
4229.31  1.88586e-16
4230.74  1.91303e-16
4232.17  1.93616e-16
4233.6   1.95493e-16
4235.04  1.96906e-16
4236.47  1.97843e-16
4237.9   1.983e-16
4239.33  1.98286e-16
4240.77  1.9782e-16
4242.2   1.9693e-16
4243.63  1.95657e-16
4245.06  1.94048e-16
4246.5   1.92156e-16
4247.93  1.90043e-16
4249.36  1.87771e-16
4250.79  1.85408e-16
4252.23  1.8302e-16
4253.66  1.80671e-16
4255.09  1.78423e-16
4256.52  1.76333e-16
4257.96  1.74451e-16
4259.39  1.72821e-16
4260.82  1.71475e-16
4262.25  1.70439e-16
4263.69  1.69728e-16
4265.12  1.69346e-16
4266.55  1.69288e-16
4267.98  1.6954e-16
4269.42  1.70078e-16
4270.85  1.70872e-16
4272.28  1.71884e-16
4273.72  1.73071e-16
4275.15  1.74386e-16
4276.58  1.75781e-16
4278.01  1.77205e-16
4279.45  1.7861e-16
4280.88  1.79949e-16
4282.31  1.81179e-16
4283.74  1.82262e-16
4285.18  1.83165e-16
4286.61  1.83862e-16
4288.04  1.84334e-16
4289.47  1.84571e-16
4290.91  1.84568e-16
4292.34  1.8433e-16
4293.77  1.83867e-16
4295.2   1.83196e-16
4296.64  1.82341e-16
4298.07  1.8133e-16
4299.5   1.80195e-16
4300.93  1.78971e-16
4302.37  1.77694e-16
4303.8   1.76401e-16
4305.23  1.75128e-16
4306.66  1.73911e-16
4308.1   1.72781e-16
4309.53  1.71766e-16
4310.96  1.70892e-16
4312.39  1.70177e-16
4313.83  1.69636e-16
4315.26  1.69277e-16
4316.69  1.69103e-16
4318.12  1.69113e-16
4319.56  1.69299e-16
4320.99  1.69649e-16
4322.42  1.70146e-16
4323.85  1.70771e-16
4325.29  1.71502e-16
4326.72  1.72313e-16
4328.15  1.73179e-16
4329.58  1.74072e-16
4331.02  1.74966e-16
4332.45  1.75837e-16
4333.88  1.76658e-16
4335.31  1.7741e-16
4336.75  1.78071e-16
4338.18  1.78625e-16
4339.61  1.79058e-16
4341.04  1.79358e-16
4342.48  1.79518e-16
4343.91  1.79531e-16
4345.34  1.79395e-16
4346.77  1.79109e-16
4348.21  1.78675e-16
4349.64  1.78097e-16
4351.07  1.77378e-16
4352.51  1.76525e-16
4353.94  1.75544e-16
4355.37  1.74443e-16
4356.8   1.73228e-16
4358.24  1.71906e-16
4359.67  1.70486e-16
4361.1   1.68975e-16
4362.53  1.67379e-16
4363.97  1.65706e-16
4365.4   1.63963e-16
4366.83  1.62158e-16
4368.26  1.60296e-16
4369.7   1.58388e-16
4371.13  1.5644e-16
4372.56  1.54462e-16
4373.99  1.52463e-16
4375.43  1.50454e-16
4376.86  1.48445e-16
4378.29  1.46448e-16
4379.72  1.44476e-16
4381.16  1.42541e-16
4382.59  1.40656e-16
4384.02  1.38834e-16
4385.45  1.3709e-16
4386.89  1.35434e-16
4388.32  1.33881e-16
4389.75  1.32441e-16
4391.18  1.31126e-16
4392.62  1.29943e-16
4394.05  1.28901e-16
4395.48  1.28007e-16
4396.91  1.27263e-16
4398.35  1.26672e-16
4399.78  1.26234e-16
4401.21  1.25948e-16
4402.64  1.25808e-16
4404.08  1.25809e-16
4405.51  1.25943e-16
4406.94  1.26199e-16
4408.37  1.26567e-16
4409.81  1.27033e-16
4411.24  1.27583e-16
4412.67  1.28201e-16
4414.1   1.28873e-16
4415.54  1.29582e-16
4416.97  1.30311e-16
4418.4   1.31046e-16
4419.83  1.31771e-16
4421.27  1.32472e-16
4422.7   1.33136e-16
4424.13  1.33751e-16
4425.56  1.34307e-16
4427     1.34797e-16
4428.43  1.35214e-16
4429.86  1.35554e-16
4431.29  1.35814e-16
4432.73  1.35996e-16
4434.16  1.36101e-16
4435.59  1.36133e-16
4437.03  1.36096e-16
4438.46  1.35999e-16
4439.89  1.35848e-16
4441.32  1.35652e-16
4442.76  1.3542e-16
4444.19  1.35162e-16
4445.62  1.34885e-16
4447.05  1.346e-16
4448.49  1.34312e-16
4449.92  1.34029e-16
4451.35  1.33755e-16
4452.78  1.33494e-16
4454.22  1.33249e-16
4455.65  1.3302e-16
4457.08  1.32806e-16
4458.51  1.32607e-16
4459.95  1.32419e-16
4461.38  1.32238e-16
4462.81  1.32062e-16
4464.24  1.31886e-16
4465.68  1.31708e-16
4467.11  1.31525e-16
4468.54  1.31335e-16
4469.97  1.3114e-16
4471.41  1.30942e-16
4472.84  1.30746e-16
4474.27  1.30558e-16
4475.7   1.30387e-16
4477.14  1.30245e-16
4478.57  1.30145e-16
4480     1.30103e-16
4481.43  1.30135e-16
4482.87  1.30259e-16
4484.3   1.30493e-16
4485.73  1.30855e-16
4487.16  1.31361e-16
4488.6   1.32028e-16
4490.03  1.32869e-16
4491.46  1.33894e-16
4492.89  1.35111e-16
4494.33  1.36524e-16
4495.76  1.38133e-16
4497.19  1.39932e-16
4498.62  1.41914e-16
4500.06  1.44065e-16
4501.49  1.4637e-16
4502.92  1.48807e-16
4504.35  1.51354e-16
4505.79  1.53986e-16
4507.22  1.56676e-16
4508.65  1.59398e-16
4510.08  1.62124e-16
4511.52  1.64828e-16
4512.95  1.67487e-16
4514.38  1.70081e-16
4515.81  1.7259e-16
4517.25  1.75004e-16
4518.68  1.77312e-16
4520.11  1.7951e-16
4521.55  1.81599e-16
4522.98  1.83584e-16
4524.41  1.85475e-16
4525.84  1.87285e-16
4527.28  1.89032e-16
4528.71  1.90734e-16
4530.14  1.92413e-16
4531.57  1.94092e-16
4533.01  1.95792e-16
4534.44  1.97534e-16
4535.87  1.99338e-16
4537.3   2.01222e-16
4538.74  2.03198e-16
4540.17  2.05277e-16
4541.6   2.07466e-16
4543.03  2.09765e-16
4544.47  2.12173e-16
4545.9   2.14684e-16
4547.33  2.17287e-16
4548.76  2.1997e-16
4550.2   2.22715e-16
4551.63  2.25505e-16
4553.06  2.28321e-16
4554.49  2.31144e-16
4555.93  2.33954e-16
4557.36  2.36734e-16
4558.79  2.39468e-16
4560.22  2.42142e-16
4561.66  2.44746e-16
4563.09  2.47274e-16
4564.52  2.49721e-16
4565.95  2.52089e-16
4567.39  2.54381e-16
4568.82  2.56604e-16
4570.25  2.58768e-16
4571.68  2.60885e-16
4573.12  2.62968e-16
4574.55  2.65031e-16
4575.98  2.6709e-16
4577.41  2.69158e-16
4578.85  2.71247e-16
4580.28  2.73367e-16
4581.71  2.75526e-16
4583.14  2.77728e-16
4584.58  2.79973e-16
4586.01  2.82258e-16
4587.44  2.84575e-16
4588.87  2.86915e-16
4590.31  2.89263e-16
4591.74  2.91602e-16
4593.17  2.93912e-16
4594.6   2.96171e-16
4596.04  2.98358e-16
4597.47  3.00449e-16
4598.9   3.02422e-16
4600.34  3.04258e-16
4601.77  3.05937e-16
4603.2   3.07443e-16
4604.63  3.08765e-16
4606.07  3.09895e-16
4607.5   3.10828e-16
4608.93  3.11566e-16
4610.36  3.12112e-16
4611.8   3.12478e-16
4613.23  3.12675e-16
4614.66  3.12721e-16
4616.09  3.12636e-16
4617.53  3.12442e-16
4618.96  3.12164e-16
4620.39  3.11825e-16
4621.82  3.11451e-16
4623.26  3.11065e-16
4624.69  3.1069e-16
4626.12  3.10345e-16
4627.55  3.10047e-16
4628.99  3.09809e-16
4630.42  3.0964e-16
4631.85  3.09544e-16
4633.28  3.09523e-16
4634.72  3.09571e-16
4636.15  3.0968e-16
4637.58  3.09837e-16
4639.01  3.10025e-16
4640.45  3.10226e-16
4641.88  3.10415e-16
4643.31  3.10569e-16
4644.74  3.10661e-16
4646.18  3.10665e-16
4647.61  3.10553e-16
4649.04  3.103e-16
4650.47  3.09881e-16
4651.91  3.09273e-16
4653.34  3.08455e-16
4654.77  3.07409e-16
4656.2   3.06123e-16
4657.64  3.04585e-16
4659.07  3.02788e-16
4660.5   3.00729e-16
4661.93  2.98409e-16
4663.37  2.95832e-16
4664.8   2.93006e-16
4666.23  2.89943e-16
4667.66  2.86655e-16
4669.1   2.8316e-16
4670.53  2.79477e-16
4671.96  2.75627e-16
4673.39  2.71631e-16
4674.83  2.67512e-16
4676.26  2.63294e-16
4677.69  2.59001e-16
4679.12  2.54657e-16
4680.56  2.50284e-16
4681.99  2.45905e-16
4683.42  2.41542e-16
4684.86  2.37214e-16
4686.29  2.32941e-16
4687.72  2.2874e-16
4689.15  2.24626e-16
4690.59  2.20614e-16
4692.02  2.16716e-16
4693.45  2.12942e-16
4694.88  2.09303e-16
4696.32  2.05804e-16
4697.75  2.02452e-16
4699.18  1.9925e-16
4700.61  1.96201e-16
4702.05  1.93306e-16
4703.48  1.90565e-16
4704.91  1.87975e-16
4706.34  1.85533e-16
4707.78  1.83237e-16
4709.21  1.81079e-16
4710.64  1.79054e-16
4712.07  1.77156e-16
4713.51  1.75375e-16
4714.94  1.73705e-16
4716.37  1.72135e-16
4717.8   1.70656e-16
4719.24  1.6926e-16
4720.67  1.67936e-16
4722.1   1.66674e-16
4723.53  1.65465e-16
4724.97  1.643e-16
4726.4   1.6317e-16
4727.83  1.62068e-16
4729.26  1.60986e-16
4730.7   1.59918e-16
4732.13  1.5886e-16
4733.56  1.57807e-16
4734.99  1.56758e-16
4736.43  1.55712e-16
4737.86  1.54671e-16
4739.29  1.53636e-16
4740.72  1.52611e-16
4742.16  1.51604e-16
4743.59  1.50621e-16
4745.02  1.49671e-16
4746.45  1.48764e-16
4747.89  1.47912e-16
4749.32  1.47124e-16
4750.75  1.46415e-16
4752.18  1.45795e-16
4753.62  1.45276e-16
4755.05  1.44869e-16
4756.48  1.44584e-16
4757.91  1.44428e-16
4759.35  1.44409e-16
4760.78  1.4453e-16
4762.21  1.44792e-16
4763.64  1.45195e-16
4765.08  1.45736e-16
4766.51  1.46407e-16
4767.94  1.47201e-16
4769.38  1.48105e-16
4770.81  1.49105e-16
4772.24  1.50187e-16
4773.67  1.51331e-16
4775.11  1.52521e-16
4776.54  1.53737e-16
4777.97  1.54959e-16
4779.4   1.56168e-16
4780.84  1.57346e-16
4782.27  1.58477e-16
4783.7   1.59544e-16
4785.13  1.60535e-16
4786.57  1.6144e-16
4788     1.6225e-16
4789.43  1.6296e-16
4790.86  1.63568e-16
4792.3   1.64074e-16
4793.73  1.64482e-16
4795.16  1.64798e-16
4796.59  1.65029e-16
4798.03  1.65185e-16
4799.46  1.65277e-16
4800.89  1.65317e-16
4802.32  1.65319e-16
4803.76  1.65294e-16
4805.19  1.65256e-16
4806.62  1.65217e-16
4808.05  1.65187e-16
4809.49  1.65176e-16
4810.92  1.65191e-16
4812.35  1.6524e-16
4813.78  1.65326e-16
4815.22  1.65451e-16
4816.65  1.65617e-16
4818.08  1.65822e-16
4819.51  1.66063e-16
4820.95  1.66336e-16
4822.38  1.66635e-16
4823.81  1.66955e-16
4825.24  1.67288e-16
4826.68  1.67627e-16
4828.11  1.67965e-16
4829.54  1.68294e-16
4830.97  1.6861e-16
4832.41  1.68904e-16
4833.84  1.69174e-16
4835.27  1.69414e-16
4836.7   1.69621e-16
4838.14  1.69795e-16
4839.57  1.69934e-16
4841     1.70039e-16
4842.43  1.70112e-16
4843.87  1.70154e-16
4845.3   1.7017e-16
4846.73  1.70162e-16
4848.17  1.70136e-16
4849.6   1.70094e-16
4851.03  1.70043e-16
4852.46  1.69987e-16
4853.9   1.6993e-16
4855.33  1.69876e-16
4856.76  1.69829e-16
4858.19  1.69792e-16
4859.63  1.69767e-16
4861.06  1.69758e-16
4862.49  1.69765e-16
4863.92  1.69789e-16
4865.36  1.69833e-16
4866.79  1.69895e-16
4868.22  1.69976e-16
4869.65  1.70077e-16
4871.09  1.70198e-16
4872.52  1.7034e-16
4873.95  1.70504e-16
4875.38  1.70691e-16
4876.82  1.70905e-16
4878.25  1.71147e-16
4879.68  1.71423e-16
4881.11  1.71736e-16
4882.55  1.72094e-16
4883.98  1.72503e-16
4885.41  1.72971e-16
4886.84  1.73505e-16
4888.28  1.74116e-16
4889.71  1.74812e-16
4891.14  1.75604e-16
4892.57  1.765e-16
4894.01  1.77511e-16
4895.44  1.78644e-16
4896.87  1.79908e-16
4898.3   1.81308e-16
4899.74  1.8285e-16
4901.17  1.84537e-16
4902.6   1.8637e-16
4904.03  1.88348e-16
4905.47  1.90468e-16
4906.9   1.92726e-16
4908.33  1.95113e-16
4909.76  1.9762e-16
4911.2   2.00236e-16
4912.63  2.02947e-16
4914.06  2.05737e-16
4915.49  2.08592e-16
4916.93  2.11494e-16
4918.36  2.14424e-16
4919.79  2.17366e-16
4921.22  2.20301e-16
4922.66  2.23212e-16
4924.09  2.26081e-16
4925.52  2.28893e-16
4926.95  2.31631e-16
4928.39  2.34281e-16
4929.82  2.36832e-16
4931.25  2.39269e-16
4932.69  2.41582e-16
4934.12  2.43761e-16
4935.55  2.45797e-16
4936.98  2.47681e-16
4938.42  2.49404e-16
4939.85  2.5096e-16
4941.28  2.52339e-16
4942.71  2.53536e-16
4944.15  2.54544e-16
4945.58  2.55354e-16
4947.01  2.55961e-16
4948.44  2.56359e-16
4949.88  2.56542e-16
4951.31  2.56506e-16
4952.74  2.56246e-16
4954.17  2.55761e-16
4955.61  2.5505e-16
4957.04  2.54114e-16
4958.47  2.52958e-16
4959.9   2.51586e-16
4961.34  2.50008e-16
4962.77  2.48234e-16
4964.2   2.46278e-16
4965.63  2.44156e-16
4967.07  2.41885e-16
4968.5   2.39486e-16
4969.93  2.3698e-16
4971.36  2.3439e-16
4972.8   2.31739e-16
4974.23  2.2905e-16
4975.66  2.26345e-16
4977.09  2.23646e-16
4978.53  2.20973e-16
4979.96  2.18343e-16
4981.39  2.15771e-16
4982.82  2.13271e-16
4984.26  2.1085e-16
4985.69  2.08515e-16
4987.12  2.06269e-16
4988.55  2.04111e-16
4989.99  2.02038e-16
4991.42  2.00043e-16
4992.85  1.98118e-16
4994.28  1.96254e-16
4995.72  1.94438e-16
4997.15  1.92659e-16
4998.58  1.90903e-16
5000.01  1.89159e-16
5001.45  1.87415e-16
5002.88  1.8566e-16
5004.31  1.83887e-16
5005.74  1.82088e-16
5007.18  1.8026e-16
5008.61  1.78399e-16
5010.04  1.76507e-16
5011.47  1.74585e-16
5012.91  1.7264e-16
5014.34  1.70677e-16
5015.77  1.68707e-16
5017.21  1.6674e-16
5018.64  1.64789e-16
5020.07  1.62865e-16
5021.5   1.60983e-16
5022.94  1.59157e-16
5024.37  1.574e-16
5025.8   1.55726e-16
5027.23  1.54146e-16
5028.67  1.52673e-16
5030.1   1.51316e-16
5031.53  1.50082e-16
5032.96  1.48977e-16
5034.4   1.48007e-16
5035.83  1.47171e-16
5037.26  1.46469e-16
5038.69  1.45899e-16
5040.13  1.45454e-16
5041.56  1.45128e-16
5042.99  1.44912e-16
5044.42  1.44792e-16
5045.86  1.44758e-16
5047.29  1.44795e-16
5048.72  1.44888e-16
5050.15  1.45021e-16
5051.59  1.45179e-16
5053.02  1.45348e-16
5054.45  1.45513e-16
5055.88  1.45661e-16
5057.32  1.45781e-16
5058.75  1.45863e-16
5060.18  1.45901e-16
5061.61  1.45889e-16
5063.05  1.45825e-16
5064.48  1.45711e-16
5065.91  1.4555e-16
5067.34  1.45346e-16
5068.78  1.45109e-16
5070.21  1.44849e-16
5071.64  1.44576e-16
5073.07  1.44303e-16
5074.51  1.44044e-16
5075.94  1.43811e-16
5077.37  1.43617e-16
5078.8   1.43473e-16
5080.24  1.43388e-16
5081.67  1.4337e-16
5083.1   1.43423e-16
5084.53  1.43549e-16
5085.97  1.43747e-16
5087.4   1.44012e-16
5088.83  1.44337e-16
5090.26  1.4471e-16
5091.7   1.45119e-16
5093.13  1.45548e-16
5094.56  1.4598e-16
5096     1.46397e-16
5097.43  1.4678e-16
5098.86  1.47111e-16
5100.29  1.47371e-16
5101.73  1.47546e-16
5103.16  1.47621e-16
5104.59  1.47586e-16
5106.02  1.47434e-16
5107.46  1.47162e-16
5108.89  1.46769e-16
5110.32  1.4626e-16
5111.75  1.45644e-16
5113.19  1.44934e-16
5114.62  1.44145e-16
5116.05  1.43297e-16
5117.48  1.42412e-16
5118.92  1.41514e-16
5120.35  1.40627e-16
5121.78  1.39779e-16
5123.21  1.38993e-16
5124.65  1.38294e-16
5126.08  1.37705e-16
5127.51  1.37246e-16
5128.94  1.36934e-16
5130.38  1.36781e-16
5131.81  1.36799e-16
5133.24  1.36991e-16
5134.67  1.3736e-16
5136.11  1.37901e-16
5137.54  1.38607e-16
5138.97  1.39469e-16
5140.4   1.4047e-16
5141.84  1.41593e-16
5143.27  1.4282e-16
5144.7   1.44128e-16
5146.13  1.45494e-16
5147.57  1.46896e-16
5149     1.4831e-16
5150.43  1.49715e-16
5151.86  1.51088e-16
5153.3   1.52411e-16
5154.73  1.53667e-16
5156.16  1.54839e-16
5157.59  1.55917e-16
5159.03  1.56889e-16
5160.46  1.57749e-16
5161.89  1.58492e-16
5163.32  1.59115e-16
5164.76  1.59619e-16
5166.19  1.60005e-16
5167.62  1.60277e-16
5169.05  1.60441e-16
5170.49  1.60502e-16
5171.92  1.60468e-16
5173.35  1.60348e-16
5174.78  1.60149e-16
5176.22  1.59882e-16
5177.65  1.59556e-16
5179.08  1.59181e-16
5180.52  1.58767e-16
5181.95  1.58324e-16
5183.38  1.57865e-16
5184.81  1.57399e-16
5186.25  1.5694e-16
5187.68  1.56498e-16
5189.11  1.56088e-16
5190.54  1.55723e-16
5191.98  1.55417e-16
5193.41  1.55184e-16
5194.84  1.55041e-16
5196.27  1.55001e-16
5197.71  1.5508e-16
5199.14  1.55294e-16
5200.57  1.55656e-16
5202     1.56179e-16
5203.44  1.56875e-16
5204.87  1.57754e-16
5206.3   1.58823e-16
5207.73  1.60087e-16
5209.17  1.61547e-16
5210.6   1.63202e-16
5212.03  1.65046e-16
5213.46  1.6707e-16
5214.9   1.6926e-16
5216.33  1.71598e-16
5217.76  1.74065e-16
5219.19  1.76635e-16
5220.63  1.79281e-16
5222.06  1.81973e-16
5223.49  1.84679e-16
5224.92  1.87364e-16
5226.36  1.89996e-16
5227.79  1.9254e-16
5229.22  1.94965e-16
5230.65  1.97238e-16
5232.09  1.99334e-16
5233.52  2.01228e-16
5234.95  2.029e-16
5236.38  2.04336e-16
5237.82  2.05527e-16
5239.25  2.06471e-16
5240.68  2.07171e-16
5242.11  2.07637e-16
5243.55  2.07886e-16
5244.98  2.07939e-16
5246.41  2.07825e-16
5247.84  2.07575e-16
5249.28  2.07229e-16
5250.71  2.06825e-16
5252.14  2.06407e-16
5253.57  2.06018e-16
5255.01  2.05704e-16
5256.44  2.05506e-16
5257.87  2.05466e-16
5259.3   2.05622e-16
5260.74  2.06006e-16
5262.17  2.06646e-16
5263.6   2.07564e-16
5265.04  2.08773e-16
5266.47  2.10282e-16
5267.9   2.12089e-16
5269.33  2.14186e-16
5270.77  2.16556e-16
5272.2   2.19177e-16
5273.63  2.22018e-16
5275.06  2.25042e-16
5276.5   2.28206e-16
5277.93  2.31466e-16
5279.36  2.34771e-16
5280.79  2.3807e-16
5282.23  2.41311e-16
5283.66  2.44442e-16
5285.09  2.47415e-16
5286.52  2.50183e-16
5287.96  2.52704e-16
5289.39  2.54942e-16
5290.82  2.56867e-16
5292.25  2.58455e-16
5293.69  2.5969e-16
5295.12  2.60565e-16
5296.55  2.61081e-16
5297.98  2.61244e-16
5299.42  2.61071e-16
5300.85  2.60584e-16
5302.28  2.59814e-16
5303.71  2.58794e-16
5305.15  2.57565e-16
5306.58  2.56169e-16
5308.01  2.54654e-16
5309.44  2.53065e-16
5310.88  2.5145e-16
5312.31  2.49855e-16
5313.74  2.48325e-16
5315.17  2.46899e-16
5316.61  2.45615e-16
5318.04  2.44503e-16
5319.47  2.4359e-16
5320.9   2.42895e-16
5322.34  2.42431e-16
5323.77  2.42205e-16
5325.2   2.42216e-16
5326.63  2.4246e-16
5328.07  2.42922e-16
5329.5   2.43588e-16
5330.93  2.44434e-16
5332.36  2.45436e-16
5333.8   2.46566e-16
5335.23  2.47795e-16
5336.66  2.49091e-16
5338.09  2.50427e-16
5339.53  2.51772e-16
5340.96  2.53102e-16
5342.39  2.54392e-16
5343.83  2.55624e-16
5345.26  2.56782e-16
5346.69  2.57856e-16
5348.12  2.5884e-16
5349.56  2.59733e-16
5350.99  2.6054e-16
5352.42  2.61269e-16
5353.85  2.61931e-16
5355.29  2.62542e-16
5356.72  2.63119e-16
5358.15  2.63682e-16
5359.58  2.64251e-16
5361.02  2.64846e-16
5362.45  2.65486e-16
5363.88  2.66186e-16
5365.31  2.66962e-16
5366.75  2.67824e-16
5368.18  2.68778e-16
5369.61  2.69827e-16
5371.04  2.70968e-16
5372.48  2.72194e-16
5373.91  2.73495e-16
5375.34  2.74855e-16
5376.77  2.76254e-16
5378.21  2.77672e-16
5379.64  2.79084e-16
5381.07  2.80465e-16
5382.5   2.8179e-16
5383.94  2.83034e-16
5385.37  2.84172e-16
5386.8   2.85185e-16
5388.23  2.86055e-16
5389.67  2.86766e-16
5391.1   2.8731e-16
5392.53  2.8768e-16
5393.96  2.87875e-16
5395.4   2.879e-16
5396.83  2.8776e-16
5398.26  2.87468e-16
5399.69  2.87038e-16
5401.13  2.86486e-16
5402.56  2.85829e-16
5403.99  2.85086e-16
5405.42  2.84276e-16
5406.86  2.83413e-16
5408.29  2.82514e-16
5409.72  2.8159e-16
5411.15  2.80649e-16
5412.59  2.79696e-16
5414.02  2.78733e-16
5415.45  2.77757e-16
5416.88  2.76762e-16
5418.32  2.7574e-16
5419.75  2.7468e-16
5421.18  2.73569e-16
5422.61  2.72395e-16
5424.05  2.71145e-16
5425.48  2.69808e-16
5426.91  2.68376e-16
5428.35  2.66844e-16
5429.78  2.65211e-16
5431.21  2.63481e-16
5432.64  2.61663e-16
5434.08  2.59772e-16
5435.51  2.57827e-16
5436.94  2.55853e-16
5438.37  2.5388e-16
5439.81  2.51941e-16
5441.24  2.50071e-16
5442.67  2.48308e-16
5444.1   2.46691e-16
5445.54  2.45255e-16
5446.97  2.44036e-16
5448.4   2.43067e-16
5449.83  2.42373e-16
5451.27  2.41977e-16
5452.7   2.41894e-16
5454.13  2.42133e-16
5455.56  2.42694e-16
5457     2.43572e-16
5458.43  2.44754e-16
5459.86  2.4622e-16
5461.29  2.47945e-16
5462.73  2.49897e-16
5464.16  2.52042e-16
5465.59  2.54342e-16
5467.02  2.56759e-16
5468.46  2.59254e-16
5469.89  2.61788e-16
5471.32  2.64326e-16
5472.75  2.66836e-16
5474.19  2.69289e-16
5475.62  2.71664e-16
5477.05  2.73944e-16
5478.48  2.76117e-16
5479.92  2.78179e-16
5481.35  2.80131e-16
5482.78  2.8198e-16
5484.21  2.83737e-16
5485.65  2.85417e-16
5487.08  2.87039e-16
5488.51  2.88624e-16
5489.94  2.90194e-16
5491.38  2.9177e-16
5492.81  2.93372e-16
5494.24  2.95018e-16
5495.67  2.96724e-16
5497.11  2.985e-16
5498.54  3.00351e-16
5499.97  3.0228e-16
5501.4   3.04281e-16
5502.84  3.06347e-16
5504.27  3.08461e-16
5505.7   3.10607e-16
5507.13  3.1276e-16
5508.57  3.14895e-16
5510     3.16983e-16
5511.43  3.18995e-16
5512.87  3.209e-16
5514.3   3.2267e-16
5515.73  3.24276e-16
5517.16  3.25694e-16
5518.6   3.26901e-16
5520.03  3.27882e-16
5521.46  3.28624e-16
5522.89  3.29119e-16
5524.33  3.29365e-16
5525.76  3.29368e-16
5527.19  3.29135e-16
5528.62  3.28681e-16
5530.06  3.28025e-16
5531.49  3.27191e-16
5532.92  3.26203e-16
5534.35  3.25091e-16
5535.79  3.23885e-16
5537.22  3.22616e-16
5538.65  3.21315e-16
5540.08  3.20011e-16
5541.52  3.18732e-16
5542.95  3.17503e-16
5544.38  3.16347e-16
5545.81  3.15281e-16
5547.25  3.1432e-16
5548.68  3.13473e-16
5550.11  3.12746e-16
5551.54  3.1214e-16
5552.98  3.1165e-16
5554.41  3.11269e-16
5555.84  3.10987e-16
5557.27  3.10788e-16
5558.71  3.10655e-16
5560.14  3.1057e-16
5561.57  3.10511e-16
5563     3.10457e-16
5564.44  3.10386e-16
5565.87  3.10277e-16
5567.3   3.10111e-16
5568.73  3.09868e-16
5570.17  3.09531e-16
5571.6   3.09088e-16
5573.03  3.08527e-16
5574.46  3.07838e-16
5575.9   3.07019e-16
5577.33  3.06065e-16
5578.76  3.04979e-16
5580.19  3.03764e-16
5581.63  3.02428e-16
5583.06  3.00979e-16
5584.49  2.99429e-16
5585.92  2.97792e-16
5587.36  2.96082e-16
5588.79  2.94315e-16
5590.22  2.92505e-16
5591.65  2.9067e-16
5593.09  2.88824e-16
5594.52  2.86981e-16
5595.95  2.85154e-16
5597.39  2.83355e-16
5598.82  2.81592e-16
5600.25  2.79872e-16
5601.68  2.78199e-16
5603.12  2.76576e-16
5604.55  2.75001e-16
5605.98  2.7347e-16
5607.41  2.71979e-16
5608.85  2.70518e-16
5610.28  2.69077e-16
5611.71  2.67644e-16
5613.14  2.66207e-16
5614.58  2.64749e-16
5616.01  2.63257e-16
5617.44  2.61715e-16
5618.87  2.60107e-16
5620.31  2.5842e-16
5621.74  2.5664e-16
5623.17  2.54755e-16
5624.6   2.52754e-16
5626.04  2.5063e-16
5627.47  2.48376e-16
5628.9   2.45989e-16
5630.33  2.43469e-16
5631.77  2.40817e-16
5633.2   2.38037e-16
5634.63  2.35137e-16
5636.06  2.32126e-16
5637.5   2.29015e-16
5638.93  2.2582e-16
5640.36  2.22554e-16
5641.79  2.19237e-16
5643.23  2.15885e-16
5644.66  2.12519e-16
5646.09  2.09159e-16
5647.52  2.05824e-16
5648.96  2.02534e-16
5650.39  1.9931e-16
5651.82  1.9617e-16
5653.25  1.93131e-16
5654.69  1.9021e-16
5656.12  1.87423e-16
5657.55  1.84781e-16
5658.98  1.82297e-16
5660.42  1.79979e-16
5661.85  1.77835e-16
5663.28  1.75868e-16
5664.71  1.74083e-16
5666.15  1.72478e-16
5667.58  1.71054e-16
5669.01  1.69806e-16
5670.44  1.68729e-16
5671.88  1.67816e-16
5673.31  1.6706e-16
5674.74  1.66451e-16
5676.18  1.65979e-16
5677.61  1.65634e-16
5679.04  1.65406e-16
5680.47  1.65282e-16
5681.91  1.65252e-16
5683.34  1.65307e-16
5684.77  1.65437e-16
5686.2   1.65632e-16
5687.64  1.65886e-16
5689.07  1.66191e-16
5690.5   1.66541e-16
5691.93  1.66933e-16
5693.37  1.67361e-16
5694.8   1.67824e-16
5696.23  1.68318e-16
5697.66  1.68844e-16
5699.1   1.69399e-16
5700.53  1.69983e-16
5701.96  1.70596e-16
5703.39  1.71236e-16
5704.83  1.71902e-16
5706.26  1.72592e-16
5707.69  1.73306e-16
5709.12  1.74038e-16
5710.56  1.74787e-16
5711.99  1.75548e-16
5713.42  1.76315e-16
5714.85  1.77083e-16
5716.29  1.77845e-16
5717.72  1.78596e-16
5719.15  1.79328e-16
5720.58  1.80035e-16
5722.02  1.80711e-16
5723.45  1.81349e-16
5724.88  1.81945e-16
5726.31  1.82494e-16
5727.75  1.82993e-16
5729.18  1.83442e-16
5730.61  1.8384e-16
5732.04  1.8419e-16
5733.48  1.84495e-16
5734.91  1.84762e-16
5736.34  1.84999e-16
5737.77  1.85215e-16
5739.21  1.85423e-16
5740.64  1.85636e-16
5742.07  1.85869e-16
5743.5   1.8614e-16
5744.94  1.86466e-16
5746.37  1.86865e-16
5747.8   1.87357e-16
5749.23  1.87961e-16
5750.67  1.88695e-16
5752.1   1.89576e-16
5753.53  1.90622e-16
5754.96  1.91847e-16
5756.4   1.93264e-16
5757.83  1.94882e-16
5759.26  1.96709e-16
5760.7   1.98749e-16
5762.13  2.01002e-16
5763.56  2.03464e-16
5764.99  2.0613e-16
5766.43  2.08987e-16
5767.86  2.12023e-16
5769.29  2.15218e-16
5770.72  2.18554e-16
5772.16  2.22005e-16
5773.59  2.25546e-16
5775.02  2.2915e-16
5776.45  2.32788e-16
5777.89  2.36432e-16
5779.32  2.40052e-16
5780.75  2.43621e-16
5782.18  2.47113e-16
5783.62  2.50504e-16
5785.05  2.53773e-16
5786.48  2.56903e-16
5787.91  2.5988e-16
5789.35  2.62695e-16
5790.78  2.65341e-16
5792.21  2.67819e-16
5793.64  2.70129e-16
5795.08  2.7228e-16
5796.51  2.74282e-16
5797.94  2.76147e-16
5799.37  2.77892e-16
5800.81  2.79535e-16
5802.24  2.81094e-16
5803.67  2.82589e-16
5805.1   2.84037e-16
5806.54  2.85458e-16
5807.97  2.86867e-16
5809.4   2.88278e-16
5810.83  2.89702e-16
5812.27  2.91148e-16
5813.7   2.9262e-16
5815.13  2.9412e-16
5816.56  2.95645e-16
5818     2.97191e-16
5819.43  2.9875e-16
5820.86  3.00311e-16
5822.29  3.01863e-16
5823.73  3.0339e-16
5825.16  3.0488e-16
5826.59  3.06316e-16
5828.02  3.07686e-16
5829.46  3.08977e-16
5830.89  3.10176e-16
5832.32  3.11276e-16
5833.75  3.12268e-16
5835.19  3.13149e-16
5836.62  3.13918e-16
5838.05  3.14576e-16
5839.48  3.15125e-16
5840.92  3.15573e-16
5842.35  3.15928e-16
5843.78  3.16197e-16
5845.22  3.16392e-16
5846.65  3.16523e-16
5848.08  3.16599e-16
5849.51  3.16631e-16
5850.95  3.16625e-16
5852.38  3.16588e-16
5853.81  3.16525e-16
5855.24  3.16436e-16
5856.68  3.16322e-16
5858.11  3.1618e-16
5859.54  3.16004e-16
5860.97  3.15789e-16
5862.41  3.15526e-16
5863.84  3.15206e-16
5865.27  3.1482e-16
5866.7   3.1436e-16
5868.14  3.13818e-16
5869.57  3.13187e-16
5871     3.12465e-16
5872.43  3.11649e-16
5873.87  3.10743e-16
5875.3   3.0975e-16
5876.73  3.08681e-16
5878.16  3.07546e-16
5879.6   3.06363e-16
5881.03  3.05148e-16
5882.46  3.03923e-16
5883.89  3.0271e-16
5885.33  3.01531e-16
5886.76  3.0041e-16
5888.19  2.99368e-16
5889.62  2.98427e-16
5891.06  2.97604e-16
5892.49  2.96914e-16
5893.92  2.96365e-16
5895.35  2.95964e-16
5896.79  2.95711e-16
5898.22  2.956e-16
5899.65  2.95619e-16
5901.08  2.95753e-16
5902.52  2.9598e-16
5903.95  2.96273e-16
5905.38  2.96602e-16
5906.81  2.96933e-16
5908.25  2.97231e-16
5909.68  2.9746e-16
5911.11  2.97581e-16
5912.54  2.97561e-16
5913.98  2.97364e-16
5915.41  2.96963e-16
5916.84  2.9633e-16
5918.27  2.95445e-16
5919.71  2.94294e-16
5921.14  2.92869e-16
5922.57  2.91168e-16
5924.01  2.89197e-16
5925.44  2.86967e-16
5926.87  2.84497e-16
5928.3   2.81812e-16
5929.74  2.78942e-16
5931.17  2.75922e-16
5932.6   2.7279e-16
5934.03  2.69586e-16
5935.47  2.66353e-16
5936.9   2.63134e-16
5938.33  2.5997e-16
5939.76  2.56901e-16
5941.2   2.53964e-16
5942.63  2.51191e-16
5944.06  2.4861e-16
5945.49  2.46243e-16
5946.93  2.44106e-16
5948.36  2.42207e-16
5949.79  2.40551e-16
5951.22  2.39131e-16
5952.66  2.37938e-16
5954.09  2.36953e-16
5955.52  2.36154e-16
5956.95  2.35513e-16
5958.39  2.34996e-16
5959.82  2.3457e-16
5961.25  2.34195e-16
5962.68  2.33833e-16
5964.12  2.33443e-16
5965.55  2.32989e-16
5966.98  2.32434e-16
5968.41  2.31745e-16
5969.85  2.30893e-16
5971.28  2.29854e-16
5972.71  2.28609e-16
5974.14  2.27146e-16
5975.58  2.25457e-16
5977.01  2.23543e-16
5978.44  2.21411e-16
5979.87  2.19074e-16
5981.31  2.1655e-16
5982.74  2.13863e-16
5984.17  2.11043e-16
5985.6   2.08122e-16
5987.04  2.05136e-16
5988.47  2.02123e-16
5989.9   1.99123e-16
5991.33  1.96174e-16
5992.77  1.93314e-16
5994.2   1.90581e-16
5995.63  1.88008e-16
5997.06  1.85625e-16
5998.5   1.83456e-16
5999.93  1.81523e-16
6001.36  1.79841e-16
6002.79  1.78418e-16
6004.23  1.77259e-16
6005.66  1.76359e-16
6007.09  1.75711e-16
6008.53  1.753e-16
6009.96  1.75106e-16
6011.39  1.75106e-16
6012.82  1.75271e-16
6014.26  1.75571e-16
6015.69  1.75972e-16
6017.12  1.76439e-16
6018.55  1.76937e-16
6019.99  1.7743e-16
6021.42  1.77886e-16
6022.85  1.78274e-16
6024.28  1.78565e-16
6025.72  1.78736e-16
6027.15  1.78767e-16
6028.58  1.78645e-16
6030.01  1.78361e-16
6031.45  1.77912e-16
6032.88  1.77301e-16
6034.31  1.76537e-16
6035.74  1.75635e-16
6037.18  1.74614e-16
6038.61  1.73498e-16
6040.04  1.72315e-16
6041.47  1.71096e-16
6042.91  1.69873e-16
6044.34  1.68682e-16
6045.77  1.67555e-16
6047.2   1.66526e-16
6048.64  1.65626e-16
6050.07  1.64883e-16
6051.5   1.6432e-16
6052.93  1.63957e-16
6054.37  1.63808e-16
6055.8   1.63881e-16
6057.23  1.64178e-16
6058.66  1.64695e-16
6060.1   1.65422e-16
6061.53  1.66344e-16
6062.96  1.67438e-16
6064.39  1.6868e-16
6065.83  1.7004e-16
6067.26  1.71486e-16
6068.69  1.72983e-16
6070.12  1.74498e-16
6071.56  1.75995e-16
6072.99  1.77441e-16
6074.42  1.78805e-16
6075.85  1.80061e-16
6077.29  1.81186e-16
6078.72  1.82161e-16
6080.15  1.82973e-16
6081.58  1.83615e-16
6083.02  1.84085e-16
6084.45  1.84388e-16
6085.88  1.84534e-16
6087.31  1.84536e-16
6088.75  1.84414e-16
6090.18  1.8419e-16
6091.61  1.83891e-16
6093.05  1.83542e-16
6094.48  1.83173e-16
6095.91  1.82812e-16
6097.34  1.82487e-16
6098.78  1.82223e-16
6100.21  1.82045e-16
6101.64  1.81972e-16
6103.07  1.82021e-16
6104.51  1.82204e-16
6105.94  1.82529e-16
6107.37  1.82998e-16
6108.8   1.83611e-16
6110.24  1.8436e-16
6111.67  1.85235e-16
6113.1   1.86223e-16
6114.53  1.87303e-16
6115.97  1.88456e-16
6117.4   1.89658e-16
6118.83  1.90885e-16
6120.26  1.92109e-16
6121.7   1.93305e-16
6123.13  1.94448e-16
6124.56  1.95512e-16
6125.99  1.96475e-16
6127.43  1.97318e-16
6128.86  1.98021e-16
6130.29  1.98573e-16
6131.72  1.98962e-16
6133.16  1.99183e-16
6134.59  1.99234e-16
6136.02  1.99118e-16
6137.45  1.98842e-16
6138.89  1.98417e-16
6140.32  1.9786e-16
6141.75  1.97189e-16
6143.18  1.96426e-16
6144.62  1.95597e-16
6146.05  1.9473e-16
6147.48  1.93854e-16
6148.91  1.92999e-16
6150.35  1.92195e-16
6151.78  1.91473e-16
6153.21  1.90861e-16
6154.64  1.90386e-16
6156.08  1.90072e-16
6157.51  1.8994e-16
6158.94  1.90005e-16
6160.37  1.90281e-16
6161.81  1.90775e-16
6163.24  1.9149e-16
6164.67  1.92421e-16
6166.1   1.9356e-16
6167.54  1.94894e-16
6168.97  1.96403e-16
6170.4   1.98064e-16
6171.84  1.99848e-16
6173.27  2.01724e-16
6174.7   2.03655e-16
6176.13  2.05606e-16
6177.57  2.07537e-16
6179     2.0941e-16
6180.43  2.11186e-16
6181.86  2.12828e-16
6183.3   2.14301e-16
6184.73  2.15575e-16
6186.16  2.16622e-16
6187.59  2.17419e-16
6189.03  2.17952e-16
6190.46  2.18208e-16
6191.89  2.18183e-16
6193.32  2.17881e-16
6194.76  2.17309e-16
6196.19  2.16483e-16
6197.62  2.15423e-16
6199.05  2.14155e-16
6200.49  2.1271e-16
6201.92  2.11123e-16
6203.35  2.09431e-16
6204.78  2.07672e-16
6206.22  2.05888e-16
6207.65  2.04116e-16
6209.08  2.02394e-16
6210.51  2.00758e-16
6211.95  1.99238e-16
6213.38  1.97861e-16
6214.81  1.9665e-16
6216.24  1.95619e-16
6217.68  1.94778e-16
6219.11  1.94131e-16
6220.54  1.93673e-16
6221.97  1.93396e-16
6223.41  1.93285e-16
6224.84  1.93318e-16
6226.27  1.93471e-16
6227.7   1.93716e-16
6229.14  1.94021e-16
6230.57  1.94352e-16
6232     1.94678e-16
6233.43  1.94963e-16
6234.87  1.95177e-16
6236.3   1.9529e-16
6237.73  1.95276e-16
6239.16  1.95113e-16
6240.6   1.94785e-16
6242.03  1.94278e-16
6243.46  1.93586e-16
6244.89  1.92708e-16
6246.33  1.91647e-16
6247.76  1.90413e-16
6249.19  1.8902e-16
6250.62  1.87485e-16
6252.06  1.85829e-16
6253.49  1.84079e-16
6254.92  1.82259e-16
6256.36  1.80398e-16
6257.79  1.78523e-16
6259.22  1.76661e-16
6260.65  1.74838e-16
6262.09  1.73078e-16
6263.52  1.71403e-16
6264.95  1.69829e-16
6266.38  1.68371e-16
6267.82  1.6704e-16
6269.25  1.65841e-16
6270.68  1.64776e-16
6272.11  1.63844e-16
6273.55  1.63038e-16
6274.98  1.62351e-16
6276.41  1.61769e-16
6277.84  1.61279e-16
6279.28  1.60864e-16
6280.71  1.60508e-16
6282.14  1.60192e-16
6283.57  1.59898e-16
6285.01  1.59608e-16
6286.44  1.59307e-16
6287.87  1.58979e-16
6289.3   1.58611e-16
6290.74  1.58194e-16
6292.17  1.57718e-16
6293.6   1.57179e-16
6295.03  1.56574e-16
6296.47  1.55903e-16
6297.9   1.55168e-16
6299.33  1.54375e-16
6300.76  1.53529e-16
6302.2   1.52641e-16
6303.63  1.51721e-16
6305.06  1.50781e-16
6306.49  1.49832e-16
6307.93  1.48888e-16
6309.36  1.47963e-16
6310.79  1.47069e-16
6312.22  1.46219e-16
6313.66  1.45425e-16
6315.09  1.44698e-16
6316.52  1.44047e-16
6317.95  1.43482e-16
6319.39  1.4301e-16
6320.82  1.42637e-16
6322.25  1.42367e-16
6323.68  1.42204e-16
6325.12  1.42149e-16
6326.55  1.42204e-16
6327.98  1.42367e-16
6329.41  1.42637e-16
6330.85  1.43011e-16
6332.28  1.43485e-16
6333.71  1.44056e-16
6335.14  1.44718e-16
6336.58  1.45465e-16
6338.01  1.46293e-16
6339.44  1.47195e-16
6340.88  1.48164e-16
6342.31  1.49195e-16
6343.74  1.50281e-16
6345.17  1.51417e-16
6346.61  1.52596e-16
6348.04  1.53813e-16
6349.47  1.55064e-16
6350.9   1.56344e-16
6352.34  1.57648e-16
6353.77  1.58974e-16
6355.2   1.60318e-16
6356.63  1.61677e-16
6358.07  1.6305e-16
6359.5   1.64434e-16
6360.93  1.65828e-16
6362.36  1.67232e-16
6363.8   1.68642e-16
6365.23  1.7006e-16
6366.66  1.71483e-16
6368.09  1.72911e-16
6369.53  1.74341e-16
6370.96  1.75774e-16
6372.39  1.77206e-16
6373.82  1.78635e-16
6375.26  1.80061e-16
6376.69  1.81478e-16
6378.12  1.82887e-16
6379.55  1.84282e-16
6380.99  1.85662e-16
6382.42  1.87025e-16
6383.85  1.88367e-16
6385.28  1.89687e-16
6386.72  1.90983e-16
6388.15  1.92253e-16
6389.58  1.93498e-16
6391.01  1.94716e-16
6392.45  1.95909e-16
6393.88  1.97077e-16
6395.31  1.98222e-16
6396.74  1.99345e-16
6398.18  2.00449e-16
6399.61  2.01536e-16
6401.04  2.02608e-16
6402.47  2.03668e-16
6403.91  2.04718e-16
6405.34  2.0576e-16
6406.77  2.06796e-16
6408.2   2.07828e-16
6409.64  2.08857e-16
6411.07  2.09883e-16
6412.5   2.10909e-16
6413.93  2.11933e-16
6415.37  2.12957e-16
6416.8   2.13983e-16
6418.23  2.15009e-16
6419.67  2.16038e-16
6421.1   2.17071e-16
6422.53  2.1811e-16
6423.96  2.19157e-16
6425.4   2.20215e-16
6426.83  2.21287e-16
6428.26  2.22376e-16
6429.69  2.23487e-16
6431.13  2.24622e-16
6432.56  2.25785e-16
6433.99  2.26979e-16
6435.42  2.28205e-16
6436.86  2.29465e-16
6438.29  2.30758e-16
6439.72  2.32083e-16
6441.15  2.33436e-16
6442.59  2.34813e-16
6444.02  2.36206e-16
6445.45  2.37608e-16
6446.88  2.39007e-16
6448.32  2.40393e-16
6449.75  2.41754e-16
6451.18  2.43075e-16
6452.61  2.44344e-16
6454.05  2.45547e-16
6455.48  2.46672e-16
6456.91  2.47708e-16
6458.34  2.48646e-16
6459.78  2.49479e-16
6461.21  2.50204e-16
6462.64  2.5082e-16
6464.07  2.51331e-16
6465.51  2.51744e-16
6466.94  2.52069e-16
6468.37  2.52323e-16
6469.8   2.52524e-16
6471.24  2.52694e-16
6472.67  2.52858e-16
6474.1   2.53042e-16
6475.53  2.53276e-16
6476.97  2.53588e-16
6478.4   2.54008e-16
6479.83  2.54561e-16
6481.26  2.55273e-16
6482.7   2.56165e-16
6484.13  2.57253e-16
6485.56  2.5855e-16
6486.99  2.60059e-16
6488.43  2.61781e-16
6489.86  2.63705e-16
6491.29  2.65817e-16
6492.72  2.68092e-16
6494.16  2.70499e-16
6495.59  2.73002e-16
6497.02  2.75557e-16
6498.45  2.78115e-16
6499.89  2.80625e-16
6501.32  2.8303e-16
6502.75  2.85277e-16
6504.19  2.87309e-16
6505.62  2.89074e-16
6507.05  2.90525e-16
6508.48  2.91618e-16
6509.92  2.92318e-16
6511.35  2.92602e-16
6512.78  2.92452e-16
6514.21  2.91865e-16
6515.65  2.90849e-16
6517.08  2.89426e-16
6518.51  2.87628e-16
6519.94  2.85501e-16
6521.38  2.83103e-16
6522.81  2.80501e-16
6524.24  2.77771e-16
6525.67  2.74997e-16
6527.11  2.72268e-16
6528.54  2.69676e-16
6529.97  2.67311e-16
6531.4   2.65262e-16
6532.84  2.63614e-16
6534.27  2.62441e-16
6535.7   2.61811e-16
6537.13  2.61774e-16
6538.57  2.62371e-16
6540     2.63622e-16
6541.43  2.65534e-16
6542.86  2.68093e-16
6544.3   2.71267e-16
6545.73  2.75007e-16
6547.16  2.79248e-16
6548.59  2.83907e-16
6550.03  2.88889e-16
6551.46  2.94088e-16
6552.89  2.99388e-16
6554.32  3.04668e-16
6555.76  3.09806e-16
6557.19  3.14679e-16
6558.62  3.19169e-16
6560.05  3.23167e-16
6561.49  3.26572e-16
6562.92  3.29299e-16
6564.35  3.31276e-16
6565.78  3.32452e-16
6567.22  3.32791e-16
6568.65  3.32279e-16
6570.08  3.30921e-16
6571.51  3.28742e-16
6572.95  3.25784e-16
6574.38  3.22107e-16
6575.81  3.17785e-16
6577.24  3.12905e-16
6578.68  3.07564e-16
6580.11  3.01864e-16
6581.54  2.95912e-16
6582.97  2.89814e-16
6584.41  2.83677e-16
6585.84  2.77597e-16
6587.27  2.71668e-16
6588.71  2.6597e-16
6590.14  2.60572e-16
6591.57  2.5553e-16
6593     2.50885e-16
6594.44  2.46664e-16
6595.87  2.42881e-16
6597.3   2.39532e-16
6598.73  2.36604e-16
6600.17  2.3407e-16
6601.6   2.31893e-16
6603.03  2.3003e-16
6604.46  2.28429e-16
6605.9   2.27037e-16
6607.33  2.25797e-16
6608.76  2.24655e-16
6610.19  2.23556e-16
6611.63  2.22453e-16
6613.06  2.21302e-16
6614.49  2.20069e-16
6615.92  2.18724e-16
6617.36  2.17249e-16
6618.79  2.15633e-16
6620.22  2.13875e-16
6621.65  2.1198e-16
6623.09  2.09963e-16
6624.52  2.07845e-16
6625.95  2.05649e-16
6627.38  2.03407e-16
6628.82  2.0115e-16
6630.25  1.98911e-16
6631.68  1.96722e-16
6633.11  1.94613e-16
6634.55  1.92611e-16
6635.98  1.90739e-16
6637.41  1.89014e-16
6638.84  1.87447e-16
6640.28  1.86042e-16
6641.71  1.84798e-16
6643.14  1.83705e-16
6644.57  1.8275e-16
6646.01  1.8191e-16
6647.44  1.81161e-16
6648.87  1.80474e-16
6650.3   1.79817e-16
6651.74  1.79156e-16
6653.17  1.78458e-16
6654.6   1.77689e-16
6656.03  1.7682e-16
6657.47  1.75824e-16
6658.9   1.74678e-16
6660.33  1.73365e-16
6661.76  1.71874e-16
6663.2   1.70202e-16
6664.63  1.68349e-16
6666.06  1.66325e-16
6667.5   1.64147e-16
6668.93  1.61835e-16
6670.36  1.59417e-16
6671.79  1.56926e-16
6673.23  1.54398e-16
6674.66  1.51871e-16
6676.09  1.49385e-16
6677.52  1.46982e-16
6678.96  1.44701e-16
6680.39  1.42579e-16
6681.82  1.40651e-16
6683.25  1.38947e-16
6684.69  1.3749e-16
6686.12  1.363e-16
6687.55  1.35389e-16
6688.98  1.34761e-16
6690.42  1.34415e-16
6691.85  1.3434e-16
6693.28  1.34521e-16
6694.71  1.34934e-16
6696.15  1.3555e-16
6697.58  1.36337e-16
6699.01  1.37255e-16
6700.44  1.38262e-16
6701.88  1.39317e-16
6703.31  1.40374e-16
6704.74  1.41389e-16
6706.17  1.4232e-16
6707.61  1.43127e-16
6709.04  1.43774e-16
6710.47  1.44229e-16
6711.9   1.44468e-16
6713.34  1.44469e-16
6714.77  1.4422e-16
6716.2   1.43714e-16
6717.63  1.42952e-16
6719.07  1.41943e-16
6720.5   1.407e-16
6721.93  1.39243e-16
6723.36  1.376e-16
6724.8   1.35801e-16
6726.23  1.3388e-16
6727.66  1.31877e-16
6729.09  1.2983e-16
6730.53  1.2778e-16
6731.96  1.25767e-16
6733.39  1.23831e-16
6734.82  1.22007e-16
6736.26  1.20329e-16
6737.69  1.18826e-16
6739.12  1.17521e-16
6740.55  1.16432e-16
6741.99  1.15574e-16
6743.42  1.14951e-16
6744.85  1.14564e-16
6746.28  1.14406e-16
6747.72  1.14465e-16
6749.15  1.14724e-16
6750.58  1.15159e-16
6752.02  1.15742e-16
6753.45  1.16443e-16
6754.88  1.17228e-16
6756.31  1.18059e-16
6757.75  1.18902e-16
6759.18  1.19718e-16
6760.61  1.20471e-16
6762.04  1.21128e-16
6763.48  1.21658e-16
6764.91  1.22032e-16
6766.34  1.22229e-16
6767.77  1.22229e-16
6769.21  1.22021e-16
6770.64  1.21597e-16
6772.07  1.20958e-16
6773.5   1.20108e-16
6774.94  1.19059e-16
6776.37  1.17829e-16
6777.8   1.16439e-16
6779.23  1.14917e-16
6780.67  1.13295e-16
6782.1   1.11606e-16
6783.53  1.09889e-16
6784.96  1.08181e-16
6786.4   1.06521e-16
6787.83  1.04947e-16
6789.26  1.03497e-16
6790.69  1.02204e-16
6792.13  1.011e-16
6793.56  1.0021e-16
6794.99  9.95569e-17
6796.42  9.9156e-17
6797.86  9.90176e-17
6799.29  9.91454e-17
6800.72  9.95369e-17
6802.15  1.00183e-16
6803.59  1.0107e-16
6805.02  1.02176e-16
6806.45  1.03475e-16
6807.88  1.04939e-16
6809.32  1.06532e-16
6810.75  1.08219e-16
6812.18  1.09961e-16
6813.61  1.11719e-16
6815.05  1.13455e-16
6816.48  1.15131e-16
6817.91  1.16711e-16
6819.34  1.18165e-16
6820.78  1.19462e-16
6822.21  1.2058e-16
6823.64  1.215e-16
6825.07  1.22209e-16
6826.51  1.22699e-16
6827.94  1.22969e-16
6829.37  1.23023e-16
6830.8   1.2287e-16
6832.24  1.22525e-16
6833.67  1.22006e-16
6835.1   1.21336e-16
6836.54  1.20541e-16
6837.97  1.19647e-16
6839.4   1.18686e-16
6840.83  1.17685e-16
6842.27  1.16675e-16
6843.7   1.15683e-16
6845.13  1.14736e-16
6846.56  1.13856e-16
6848     1.13065e-16
6849.43  1.12379e-16
6850.86  1.1181e-16
6852.29  1.11368e-16
6853.73  1.11058e-16
6855.16  1.10879e-16
6856.59  1.1083e-16
6858.02  1.10903e-16
6859.46  1.1109e-16
6860.89  1.11378e-16
6862.32  1.11755e-16
6863.75  1.12205e-16
6865.19  1.12712e-16
6866.62  1.13262e-16
6868.05  1.13839e-16
6869.48  1.1443e-16
6870.92  1.15022e-16
6872.35  1.15605e-16
6873.78  1.1617e-16
6875.21  1.16712e-16
6876.65  1.17228e-16
6878.08  1.17715e-16
6879.51  1.18176e-16
6880.94  1.18614e-16
6882.38  1.19034e-16
6883.81  1.19442e-16
6885.24  1.19847e-16
6886.67  1.20257e-16
6888.11  1.2068e-16
6889.54  1.21126e-16
6890.97  1.21603e-16
6892.4   1.22117e-16
6893.84  1.22675e-16
6895.27  1.23281e-16
6896.7   1.2394e-16
6898.13  1.24651e-16
6899.57  1.25415e-16
6901     1.2623e-16
6902.43  1.27092e-16
6903.86  1.27995e-16
6905.3   1.28934e-16
6906.73  1.299e-16
6908.16  1.30884e-16
6909.59  1.31878e-16
6911.03  1.32871e-16
6912.46  1.33855e-16
6913.89  1.34818e-16
6915.32  1.35752e-16
6916.76  1.36649e-16
6918.19  1.375e-16
6919.62  1.38297e-16
6921.06  1.39035e-16
6922.49  1.39709e-16
6923.92  1.40314e-16
6925.35  1.40847e-16
6926.79  1.41306e-16
6928.22  1.41691e-16
6929.65  1.42e-16
6931.08  1.42235e-16
6932.52  1.42397e-16
6933.95  1.42488e-16
6935.38  1.4251e-16
6936.81  1.42466e-16
6938.25  1.4236e-16
6939.68  1.42194e-16
6941.11  1.41972e-16
6942.54  1.41697e-16
6943.98  1.41371e-16
6945.41  1.40998e-16
6946.84  1.4058e-16
6948.27  1.40118e-16
6949.71  1.39616e-16
6951.14  1.39074e-16
6952.57  1.38493e-16
6954     1.37875e-16
6955.44  1.3722e-16
6956.87  1.36529e-16
6958.3   1.35802e-16
6959.73  1.3504e-16
6961.17  1.34245e-16
6962.6   1.33417e-16
6964.03  1.32558e-16
6965.46  1.3167e-16
6966.9   1.30758e-16
6968.33  1.29823e-16
6969.76  1.28872e-16
6971.19  1.2791e-16
6972.63  1.26943e-16
6974.06  1.25978e-16
6975.49  1.25024e-16
6976.92  1.2409e-16
6978.36  1.23185e-16
6979.79  1.22319e-16
6981.22  1.21503e-16
6982.65  1.20747e-16
6984.09  1.2006e-16
6985.52  1.19451e-16
6986.95  1.1893e-16
6988.38  1.18502e-16
6989.82  1.18175e-16
6991.25  1.17951e-16
6992.68  1.17833e-16
6994.11  1.17821e-16
6995.55  1.17913e-16
6996.98  1.18103e-16
6998.41  1.18386e-16
6999.85  1.18751e-16
7001.28  1.1919e-16
7002.71  1.19688e-16
7004.14  1.20233e-16
7005.58  1.2081e-16
7007.01  1.21404e-16
7008.44  1.22e-16
7009.87  1.22583e-16
7011.31  1.2314e-16
7012.74  1.2366e-16
7014.17  1.24131e-16
7015.6   1.24546e-16
7017.04  1.249e-16
7018.47  1.25191e-16
7019.9   1.25418e-16
7021.33  1.25585e-16
7022.77  1.25698e-16
7024.2   1.25765e-16
7025.63  1.25798e-16
7027.06  1.25808e-16
7028.5   1.2581e-16
7029.93  1.25819e-16
7031.36  1.25849e-16
7032.79  1.25917e-16
7034.23  1.26037e-16
7035.66  1.26221e-16
7037.09  1.26481e-16
7038.52  1.26827e-16
7039.96  1.27265e-16
7041.39  1.278e-16
7042.82  1.28432e-16
7044.25  1.29161e-16
7045.69  1.29983e-16
7047.12  1.3089e-16
7048.55  1.31874e-16
7049.98  1.32923e-16
7051.42  1.34025e-16
7052.85  1.35166e-16
7054.28  1.3633e-16
7055.71  1.37503e-16
7057.15  1.38667e-16
7058.58  1.39808e-16
7060.01  1.4091e-16
7061.44  1.41958e-16
7062.88  1.42941e-16
7064.31  1.43844e-16
7065.74  1.44656e-16
7067.17  1.45368e-16
7068.61  1.45971e-16
7070.04  1.46455e-16
7071.47  1.46816e-16
7072.9   1.47048e-16
7074.34  1.47145e-16
7075.77  1.47106e-16
7077.2   1.46928e-16
7078.63  1.46611e-16
7080.07  1.46156e-16
7081.5   1.45564e-16
7082.93  1.44841e-16
7084.37  1.43992e-16
7085.8   1.43025e-16
7087.23  1.4195e-16
7088.66  1.40781e-16
7090.1   1.39533e-16
7091.53  1.38223e-16
7092.96  1.36871e-16
7094.39  1.355e-16
7095.83  1.34134e-16
7097.26  1.32799e-16
7098.69  1.31523e-16
7100.12  1.30333e-16
7101.56  1.29259e-16
7102.99  1.28327e-16
7104.42  1.27564e-16
7105.85  1.26994e-16
7107.29  1.26637e-16
7108.72  1.26513e-16
7110.15  1.26632e-16
7111.58  1.27005e-16
7113.02  1.27632e-16
7114.45  1.28511e-16
7115.88  1.29631e-16
7117.31  1.30979e-16
7118.75  1.32531e-16
7120.18  1.34261e-16
7121.61  1.36136e-16
7123.04  1.38119e-16
7124.48  1.40172e-16
7125.91  1.42252e-16
7127.34  1.44314e-16
7128.77  1.46316e-16
7130.21  1.48216e-16
7131.64  1.49972e-16
7133.07  1.5155e-16
7134.5   1.52918e-16
7135.94  1.54049e-16
7137.37  1.54925e-16
7138.8   1.55533e-16
7140.23  1.55869e-16
7141.67  1.55934e-16
7143.1   1.55739e-16
7144.53  1.55301e-16
7145.96  1.54644e-16
7147.4   1.53797e-16
7148.83  1.52793e-16
7150.26  1.51671e-16
7151.69  1.50471e-16
7153.13  1.49235e-16
7154.56  1.48003e-16
7155.99  1.46816e-16
7157.42  1.45712e-16
7158.86  1.44724e-16
7160.29  1.43882e-16
7161.72  1.43211e-16
7163.15  1.42728e-16
7164.59  1.42447e-16
7166.02  1.42373e-16
7167.45  1.42506e-16
7168.89  1.42841e-16
7170.32  1.43365e-16
7171.75  1.44064e-16
7173.18  1.44916e-16
7174.62  1.45898e-16
7176.05  1.46986e-16
7177.48  1.48152e-16
7178.91  1.49369e-16
7180.35  1.50612e-16
7181.78  1.51855e-16
7183.21  1.53075e-16
7184.64  1.54252e-16
7186.08  1.55368e-16
7187.51  1.56411e-16
7188.94  1.5737e-16
7190.37  1.58237e-16
7191.81  1.5901e-16
7193.24  1.59687e-16
7194.67  1.60271e-16
7196.1   1.60766e-16
7197.54  1.61179e-16
7198.97  1.61517e-16
7200.4   1.61788e-16
7201.83  1.62001e-16
7203.27  1.62165e-16
7204.7   1.62288e-16
7206.13  1.62379e-16
7207.56  1.62443e-16
7209     1.62488e-16
7210.43  1.62517e-16
7211.86  1.62537e-16
7213.29  1.62548e-16
7214.73  1.62555e-16
7216.16  1.62559e-16
7217.59  1.62561e-16
7219.02  1.62562e-16
7220.46  1.62563e-16
7221.89  1.62563e-16
7223.32  1.62563e-16
7224.75  1.62563e-16
7226.19  1.62563e-16
7227.62  1.62563e-16
7229.05  1.62563e-16
7230.48  1.62563e-16