3361.68  5.2347e-16
3363.1   6.70313e-16
3364.52  8.21657e-16
3365.94  9.62905e-16
3367.37  1.07953e-15
3368.79  1.15907e-15
3370.21  1.19288e-15
3371.63  1.17755e-15
3373.05  1.1156e-15
3374.47  1.01541e-15
3375.89  8.90431e-16
3377.31  7.57634e-16
3378.73  6.35486e-16
3380.15  5.41625e-16
3381.57  4.90547e-16
3382.99  4.9161e-16
3384.42  5.4763e-16
3385.84  6.54301e-16
3387.26  8.00566e-16
3388.68  9.6993e-16
3390.1   1.14259e-15
3391.52  1.29804e-15
3392.94  1.41786e-15
3394.36  1.48811e-15
3395.78  1.50108e-15
3397.2   1.456e-15
3398.62  1.35877e-15
3400.05  1.22062e-15
3401.47  1.05616e-15
3402.89  8.81143e-16
3404.31  7.10428e-16
3405.73  5.56408e-16
3407.15  4.28196e-16
3408.57  3.31536e-16
3409.99  2.69289e-16
3411.41  2.42219e-16
3412.83  2.49751e-16
3414.25  2.90442e-16
3415.67  3.62014e-16
3417.1   4.60985e-16
3418.52  5.82055e-16
3419.94  7.17556e-16
3421.36  8.57238e-16
3422.78  9.88667e-16
3424.2   1.09831e-15
3425.62  1.17323e-15
3427.04  1.20311e-15
3428.46  1.18227e-15
3429.88  1.11111e-15
3431.3   9.96769e-16
3432.72  8.52548e-16
3434.15  6.96332e-16
3435.57  5.4802e-16
3436.99  4.26502e-16
3438.41  3.46674e-16
3439.83  3.17067e-16
3441.25  3.38508e-16
3442.67  4.04093e-16
3444.09  5.00463e-16
3445.51  6.10137e-16
3446.93  7.14471e-16
3448.35  7.96684e-16
3449.77  8.44407e-16
3451.2   8.51324e-16
3452.62  8.1765e-16
3454.04  7.49455e-16
3455.46  6.57032e-16
3456.88  5.52712e-16
3458.3   4.48581e-16
3459.72  3.5458e-16
3461.14  2.77304e-16
3462.56  2.19694e-16
3463.98  1.81559e-16
3465.4   1.60719e-16
3466.82  1.54402e-16
3468.25  1.60505e-16
3469.67  1.78377e-16
3471.09  2.08911e-16
3472.51  2.53937e-16
3473.93  3.15077e-16
3475.35  3.92382e-16
3476.77  4.8315e-16
3478.19  5.81298e-16
3479.61  6.77538e-16
3481.03  7.60446e-16
3482.45  8.18259e-16
3483.87  8.41094e-16
3485.3   8.23114e-16
3486.72  7.64162e-16
3488.14  6.70456e-16
3489.56  5.54124e-16
3490.98  4.31581e-16
3492.4   3.20999e-16
3493.82  2.39306e-16
3495.24  1.99288e-16
3496.66  2.07333e-16
3498.08  2.62259e-16
3499.5   3.55463e-16
3500.92  4.7237e-16
3502.35  5.94908e-16
3503.77  7.04553e-16
3505.19  7.85377e-16
3506.61  8.26532e-16
3508.03  8.23754e-16
3509.45  7.79646e-16
3510.87  7.02746e-16
3512.29  6.05645e-16
3513.71  5.02548e-16
3515.13  4.06798e-16
3516.55  3.28825e-16
3517.97  2.74889e-16
3519.4   2.4677e-16
3520.82  2.4237e-16
3522.24  2.57e-16
3523.66  2.8499e-16
3525.08  3.21227e-16
3526.5   3.62277e-16
3527.92  4.06862e-16
3529.34  4.55639e-16
3530.76  5.10388e-16
3532.18  5.72849e-16
3533.6   6.4353e-16
3535.02  7.20798e-16
3536.45  8.00494e-16
3537.87  8.76181e-16
3539.29  9.40009e-16
3540.71  9.84026e-16
3542.13  1.00168e-15
3543.55  9.89179e-16
3544.97  9.46537e-16
3546.39  8.77923e-16
3547.81  7.91409e-16
3549.23  6.98038e-16
3550.65  6.10411e-16
3552.07  5.41004e-16
3553.5   5.00491e-16
3554.92  4.96335e-16
3556.34  5.31832e-16
3557.76  6.05748e-16
3559.18  7.12571e-16
3560.6   8.43307e-16
3562.02  9.86685e-16
3563.44  1.13059e-15
3564.86  1.26349e-15
3566.28  1.3757e-15
3567.7   1.46025e-15
3569.12  1.51339e-15
3570.55  1.53455e-15
3571.97  1.52593e-15
3573.39  1.49183e-15
3574.81  1.43771e-15
3576.23  1.36947e-15
3577.65  1.29271e-15
3579.07  1.21232e-15
3580.49  1.13241e-15
3581.91  1.05632e-15
3583.33  9.86884e-16
3584.75  9.26654e-16
3586.17  8.7799e-16
3587.6   8.42992e-16
3589.02  8.23229e-16
3590.44  8.19334e-16
3591.86  8.30575e-16
3593.28  8.54547e-16
3594.7   8.87094e-16
3596.12  9.22542e-16
3597.54  9.54258e-16
3598.96  9.75453e-16
3600.38  9.80131e-16
3601.8   9.64011e-16
3603.22  9.25271e-16
3604.65  8.64975e-16
3606.07  7.87101e-16
3607.49  6.98151e-16
3608.91  6.06362e-16
3610.33  5.20648e-16
3611.75  4.49404e-16
3613.17  3.99351e-16
3614.59  3.7461e-16
3616.01  3.76149e-16
3617.43  4.01701e-16
3618.85  4.4617e-16
3620.27  5.02478e-16
3621.7   5.62693e-16
3623.12  6.19272e-16
3624.54  6.6621e-16
3625.96  6.99905e-16
3627.38  7.19613e-16
3628.8   7.27445e-16
3630.22  7.27913e-16
3631.64  7.27132e-16
3633.06  7.31806e-16
3634.48  7.48154e-16
3635.9   7.80931e-16
3637.32  8.32663e-16
3638.75  9.03184e-16
3640.17  9.89521e-16
3641.59  1.08614e-15
3643.01  1.18551e-15
3644.43  1.279e-15
3645.85  1.35788e-15
3647.27  1.41452e-15
3648.69  1.44339e-15
3650.11  1.44201e-15
3651.53  1.41139e-15
3652.95  1.35609e-15
3654.37  1.2837e-15
3655.8   1.20383e-15
3657.22  1.12672e-15
3658.64  1.06169e-15
3660.06  1.0156e-15
3661.48  9.91745e-16
3662.9   9.89273e-16
3664.32  1.00327e-15
3665.74  1.02559e-15
3667.16  1.04623e-15
3668.58  1.05503e-15
3670     1.0435e-15
3671.43  1.00624e-15
3672.85  9.42008e-16
3674.27  8.53997e-16
3675.69  7.49434e-16
3677.11  6.38555e-16
3678.53  5.33114e-16
3679.95  4.44703e-16
3681.37  3.83125e-16
3682.79  3.55076e-16
3684.21  3.63296e-16
3685.63  4.06286e-16
3687.05  4.78603e-16
3688.48  5.71645e-16
3689.9   6.74805e-16
3691.32  7.76819e-16
3692.74  8.67128e-16
3694.16  9.37078e-16
3695.58  9.80829e-16
3697     9.95856e-16
3698.42  9.83019e-16
3699.84  9.46191e-16
3701.26  8.91538e-16
3702.68  8.26539e-16
3704.1   7.58907e-16
3705.53  6.95552e-16
3706.95  6.4175e-16
3708.37  6.00601e-16
3709.79  5.72863e-16
3711.21  5.57148e-16
3712.63  5.50436e-16
3714.05  5.48785e-16
3715.47  5.48126e-16
3716.89  5.44986e-16
3718.31  5.37021e-16
3719.73  5.23289e-16
3721.15  5.04241e-16
3722.58  4.81458e-16
3724     4.57218e-16
3725.42  4.34001e-16
3726.84  4.14038e-16
3728.26  3.98977e-16
3729.68  3.89736e-16
3731.1   3.86526e-16
3732.52  3.89025e-16
3733.94  3.96632e-16
3735.36  4.08733e-16
3736.78  4.24906e-16
3738.2   4.45025e-16
3739.63  4.69227e-16
3741.05  4.97767e-16
3742.47  5.30785e-16
3743.89  5.68043e-16
3745.31  6.08708e-16
3746.73  6.51214e-16
3748.15  6.93278e-16
3749.57  7.32068e-16
3750.99  7.64505e-16
3752.41  7.87688e-16
3753.83  7.99335e-16
3755.25  7.98208e-16
3756.68  7.84414e-16
3758.1   7.5954e-16
3759.52  7.26574e-16
3760.94  6.89618e-16
3762.36  6.53407e-16
3763.78  6.22702e-16
3765.2   6.01631e-16
3766.62  5.93084e-16
3768.04  5.98244e-16
3769.46  6.16355e-16
3770.88  6.4476e-16
3772.3   6.79247e-16
3773.73  7.14652e-16
3775.15  7.45647e-16
3776.57  7.67595e-16
3777.99  7.77329e-16
3779.41  7.73727e-16
3780.83  7.57973e-16
3782.25  7.33449e-16
3783.67  7.0527e-16
3785.09  6.79538e-16
3786.51  6.62433e-16
3787.93  6.59293e-16
3789.35  6.73836e-16
3790.78  7.07638e-16
3792.2   7.59941e-16
3793.62  8.27799e-16
3795.04  9.06529e-16
3796.46  9.90355e-16
3797.88  1.07316e-15
3799.3   1.1492e-15
3800.72  1.21372e-15
3802.14  1.26335e-15
3803.56  1.29633e-15
3804.98  1.31245e-15
3806.4   1.31287e-15
3807.83  1.29982e-15
3809.25  1.27616e-15
3810.67  1.24498e-15
3812.09  1.20923e-15
3813.51  1.17143e-15
3814.93  1.13347e-15
3816.35  1.09655e-15
3817.77  1.06128e-15
3819.19  1.02792e-15
3820.61  9.96598e-16
3822.03  9.6769e-16
3823.45  9.42022e-16
3824.88  9.21013e-16
3826.3   9.06608e-16
3827.72  9.01025e-16
3829.14  9.06324e-16
3830.56  9.23896e-16
3831.98  9.53964e-16
3833.4   9.9523e-16
3834.82  1.04478e-15
3836.24  1.09829e-15
3837.66  1.15062e-15
3839.08  1.19656e-15
3840.5   1.23179e-15
3841.93  1.25378e-15
3843.35  1.26235e-15
3844.77  1.26001e-15
3846.19  1.25165e-15
3847.61  1.24385e-15
3849.03  1.24383e-15
3850.45  1.25811e-15
3851.87  1.2913e-15
3853.29  1.34509e-15
3854.71  1.41778e-15
3856.13  1.50431e-15
3857.55  1.59697e-15
3858.98  1.6865e-15
3860.4   1.76357e-15
3861.82  1.82023e-15
3863.24  1.85115e-15
3864.66  1.85448e-15
3866.08  1.83198e-15
3867.5   1.78875e-15
3868.92  1.73225e-15
3870.34  1.67107e-15
3871.76  1.61355e-15
3873.18  1.56653e-15
3874.6   1.53447e-15
3876.03  1.51894e-15
3877.45  1.51872e-15
3878.87  1.53028e-15
3880.29  1.5486e-15
3881.71  1.56812e-15
3883.13  1.58367e-15
3884.55  1.59122e-15
3885.97  1.58834e-15
3887.39  1.5744e-15
3888.81  1.55051e-15
3890.23  1.51921e-15
3891.65  1.48409e-15
3893.08  1.44927e-15
3894.5   1.41901e-15
3895.92  1.39718e-15
3897.34  1.38692e-15
3898.76  1.39035e-15
3900.18  1.40831e-15
3901.6   1.44028e-15
3903.02  1.48444e-15
3904.44  1.53787e-15
3905.86  1.59682e-15
3907.28  1.6572e-15
3908.7   1.715e-15
3910.13  1.76677e-15
3911.55  1.80996e-15
3912.97  1.84309e-15
3914.39  1.86576e-15
3915.81  1.87852e-15
3917.23  1.88257e-15
3918.65  1.87947e-15
3920.07  1.87089e-15
3921.49  1.85841e-15
3922.91  1.84357e-15
3924.33  1.82788e-15
3925.75  1.81304e-15
3927.18  1.80102e-15
3928.6   1.79411e-15
3930.02  1.79472e-15
3931.44  1.80511e-15
3932.86  1.82695e-15
3934.28  1.86084e-15
3935.7   1.90596e-15
3937.12  1.95991e-15
3938.54  2.01878e-15
3939.96  2.07761e-15
3941.38  2.13096e-15
3942.81  2.17368e-15
3944.23  2.20165e-15
3945.65  2.21228e-15
3947.07  2.20481e-15
3948.49  2.18017e-15
3949.91  2.14066e-15
3951.33  2.0893e-15
3952.75  2.02924e-15
3954.17  1.96322e-15
3955.59  1.89332e-15
3957.01  1.82097e-15
3958.43  1.74733e-15
3959.86  1.6737e-15
3961.28  1.60214e-15
3962.7   1.53574e-15
3964.12  1.47877e-15
3965.54  1.43629e-15
3966.96  1.41348e-15
3968.38  1.41472e-15
3969.8   1.44251e-15
3971.22  1.49664e-15
3972.64  1.57358e-15
3974.06  1.66646e-15
3975.48  1.76562e-15
3976.91  1.85967e-15
3978.33  1.93695e-15
3979.75  1.98718e-15
3981.17  2.00303e-15
3982.59  1.98129e-15
3984.01  1.92344e-15
3985.43  1.83561e-15
3986.85  1.7277e-15
3988.27  1.61203e-15
3989.69  1.50157e-15
3991.11  1.40806e-15
3992.53  1.34046e-15
3993.96  1.30377e-15
3995.38  1.29855e-15
3996.8   1.32118e-15
3998.22  1.36462e-15
3999.64  1.41975e-15
4001.06  1.47685e-15
4002.48  1.52702e-15
4003.9   1.56335e-15
4005.32  1.58162e-15
4006.74  1.58053e-15
4008.16  1.56146e-15
4009.58  1.52781e-15
4011.01  1.48426e-15
4012.43  1.43592e-15
4013.85  1.38767e-15
4015.27  1.34367e-15
4016.69  1.30715e-15
4018.11  1.28041e-15
4019.53  1.26493e-15
4020.95  1.26148e-15
4022.37  1.27026e-15
4023.79  1.29084e-15
4025.21  1.32215e-15
4026.63  1.36237e-15
4028.06  1.40894e-15
4029.48  1.45871e-15
4030.9   1.5082e-15
4032.32  1.55415e-15
4033.74  1.59397e-15
4035.16  1.6263e-15
4036.58  1.65127e-15
4038     1.67056e-15
4039.42  1.68699e-15
4040.84  1.70389e-15
4042.26  1.72417e-15
4043.68  1.74942e-15
4045.11  1.77912e-15
4046.53  1.81038e-15
4047.95  1.83804e-15
4049.37  1.85547e-15
4050.79  1.85576e-15
4052.21  1.83315e-15
4053.63  1.78446e-15
4055.05  1.71003e-15
4056.47  1.61422e-15
4057.89  1.50498e-15
4059.31  1.39285e-15
4060.73  1.28929e-15
4062.16  1.20485e-15
4063.58  1.14746e-15
4065     1.12118e-15
4066.42  1.12559e-15
4067.84  1.15615e-15
4069.26  1.20508e-15
4070.68  1.26298e-15
4072.1   1.32042e-15
4073.52  1.36956e-15
4074.94  1.40528e-15
4076.36  1.42566e-15
4077.78  1.43184e-15
4079.21  1.42732e-15
4080.63  1.41686e-15
4082.05  1.40532e-15
4083.47  1.39657e-15
4084.89  1.39282e-15
4086.31  1.39432e-15
4087.73  1.39957e-15
4089.15  1.40586e-15
4090.57  1.40996e-15
4091.99  1.40886e-15
4093.41  1.40035e-15
4094.83  1.38335e-15
4096.26  1.35792e-15
4097.68  1.32508e-15
4099.1   1.28644e-15
4100.52  1.24387e-15
4101.94  1.19919e-15
4103.36  1.15414e-15
4104.78  1.11039e-15
4106.2   1.06976e-15
4107.62  1.03445e-15
4109.04  1.00715e-15
4110.46  9.9091e-16
4111.88  9.88848e-16
4113.31  1.00357e-15
4114.73  1.03651e-15
4116.15  1.08727e-15
4117.57  1.15317e-15
4118.99  1.22922e-15
4120.41  1.3084e-15
4121.83  1.3825e-15
4123.25  1.44317e-15
4124.67  1.48322e-15
4126.09  1.49775e-15
4127.51  1.48504e-15
4128.93  1.44695e-15
4130.36  1.38874e-15
4131.78  1.31838e-15
4133.2   1.24539e-15
4134.62  1.17944e-15
4136.04  1.12894e-15
4137.46  1.09981e-15
4138.88  1.09472e-15
4140.3   1.11278e-15
4141.72  1.14988e-15
4143.14  1.19949e-15
4144.56  1.25381e-15
4145.98  1.30516e-15
4147.41  1.34717e-15
4148.83  1.37584e-15
4150.25  1.39005e-15
4151.67  1.39158e-15
4153.09  1.3846e-15
4154.51  1.37474e-15
4155.93  1.36792e-15
4157.35  1.36913e-15
4158.77  1.38145e-15
4160.19  1.40544e-15
4161.61  1.43903e-15
4163.03  1.47795e-15
4164.46  1.5166e-15
4165.88  1.54919e-15
4167.3   1.57087e-15
4168.72  1.57879e-15
4170.14  1.5726e-15
4171.56  1.55457e-15
4172.98  1.52908e-15
4174.4   1.5018e-15
4175.82  1.47847e-15
4177.24  1.4638e-15
4178.66  1.46044e-15
4180.08  1.4685e-15
4181.51  1.48549e-15
4182.93  1.50677e-15
4184.35  1.5265e-15
4185.77  1.53875e-15
4187.19  1.5387e-15
4188.61  1.52361e-15
4190.03  1.49348e-15
4191.45  1.45115e-15
4192.87  1.40203e-15
4194.29  1.35328e-15
4195.71  1.31275e-15
4197.13  1.28779e-15
4198.56  1.28405e-15
4199.98  1.30457e-15
4201.4   1.34917e-15
4202.82  1.41427e-15
4204.24  1.49318e-15
4205.66  1.57685e-15
4207.08  1.65493e-15
4208.5   1.7171e-15
4209.92  1.75443e-15
4211.34  1.76062e-15
4212.76  1.73297e-15
4214.18  1.67285e-15
4215.61  1.58571e-15
4217.03  1.4804e-15
4218.45  1.36811e-15
4219.87  1.26092e-15
4221.29  1.17012e-15
4222.71  1.10479e-15
4224.13  1.0705e-15
4225.55  1.06874e-15
4226.97  1.0968e-15
4228.39  1.14839e-15
4229.81  1.21472e-15
4231.24  1.28595e-15
4232.66  1.3527e-15
4234.08  1.40743e-15
4235.5   1.44538e-15
4236.92  1.46509e-15
4238.34  1.46828e-15
4239.76  1.45928e-15
4241.18  1.44408e-15
4242.6   1.42923e-15
4244.02  1.42075e-15
4245.44  1.42321e-15
4246.86  1.43922e-15
4248.29  1.46914e-15
4249.71  1.51125e-15
4251.13  1.56216e-15
4252.55  1.61736e-15
4253.97  1.67196e-15
4255.39  1.72125e-15
4256.81  1.76132e-15
4258.23  1.78941e-15
4259.65  1.80418e-15
4261.07  1.80576e-15
4262.49  1.79562e-15
4263.91  1.7764e-15
4265.34  1.75146e-15
4266.76  1.72454e-15
4268.18  1.69925e-15
4269.6   1.67868e-15
4271.02  1.665e-15
4272.44  1.65929e-15
4273.86  1.66146e-15
4275.28  1.6703e-15
4276.7   1.68385e-15
4278.12  1.69966e-15
4279.54  1.71529e-15
4280.96  1.72863e-15
4282.39  1.73824e-15
4283.81  1.74344e-15
4285.23  1.74431e-15
4286.65  1.7415e-15
4288.07  1.73595e-15
4289.49  1.7286e-15
4290.91  1.72017e-15
4292.33  1.71096e-15
4293.75  1.70089e-15
4295.17  1.68962e-15
4296.59  1.67673e-15
4298.01  1.66199e-15
4299.44  1.64559e-15
4300.86  1.6282e-15
4302.28  1.61098e-15
4303.7   1.59542e-15
4305.12  1.58309e-15
4306.54  1.57529e-15
4307.96  1.57282e-15
4309.38  1.57568e-15
4310.8   1.58308e-15
4312.22  1.59339e-15
4313.64  1.60439e-15
4315.06  1.61353e-15
4316.49  1.61826e-15
4317.91  1.61634e-15
4319.33  1.6061e-15
4320.75  1.58666e-15
4322.17  1.5579e-15
4323.59  1.52048e-15
4325.01  1.4757e-15
4326.43  1.42524e-15
4327.85  1.37099e-15
4329.27  1.31485e-15
4330.69  1.25847e-15
4332.11  1.20324e-15
4333.54  1.15022e-15
4334.96  1.10018e-15
4336.38  1.05374e-15
4337.8   1.01152e-15
4339.22  9.74269e-16
4340.64  9.42952e-16
4342.06  9.18809e-16
4343.48  9.03261e-16
4344.9   8.97764e-16
4346.32  9.03572e-16
4347.74  9.21479e-16
4349.16  9.51557e-16
4350.59  9.92957e-16
4352.01  1.0438e-15
4353.43  1.10119e-15
4354.85  1.16134e-15
4356.27  1.21989e-15
4357.69  1.27221e-15
4359.11  1.31389e-15
4360.53  1.34116e-15
4361.95  1.35133e-15
4363.37  1.34311e-15
4364.79  1.31684e-15
4366.21  1.27452e-15
4367.64  1.21966e-15
4369.06  1.15704e-15
4370.48  1.09217e-15
4371.9   1.03083e-15
4373.32  9.78368e-16
4374.74  9.39167e-16
4376.16  9.16137e-16
4377.58  9.10375e-16
4379     9.21042e-16
4380.42  9.45481e-16
4381.84  9.79556e-16
4383.26  1.01819e-15
4384.69  1.05601e-15
4386.11  1.08806e-15
4387.53  1.11035e-15
4388.95  1.12036e-15
4390.37  1.11722e-15
4391.79  1.10169e-15
4393.21  1.07595e-15
4394.63  1.04311e-15
4396.05  1.00678e-15
4397.47  9.70494e-16
4398.89  9.37352e-16
4400.31  9.09714e-16
4401.74  8.8909e-16
4403.16  8.76186e-16
4404.58  8.71053e-16
4406     8.73298e-16
4407.42  8.82292e-16
4408.84  8.97329e-16
4410.26  9.17697e-16
4411.68  9.42667e-16
4413.1   9.7141e-16
4414.52  1.00289e-15
4415.94  1.03574e-15
4417.36  1.06825e-15
4418.79  1.0984e-15
4420.21  1.124e-15
4421.63  1.14292e-15
4423.05  1.15337e-15
4424.47  1.15424e-15
4425.89  1.14531e-15
4427.31  1.12743e-15
4428.73  1.10255e-15
4430.15  1.07357e-15
4431.57  1.04405e-15
4432.99  1.01779e-15
4434.41  9.98365e-16
4435.84  9.8859e-16
4437.26  9.90106e-16
4438.68  1.00308e-15
4440.1   1.02613e-15
4441.52  1.05639e-15
4442.94  1.08993e-15
4444.36  1.12222e-15
4445.78  1.14881e-15
4447.2   1.16598e-15
4448.62  1.17133e-15
4450.04  1.16417e-15
4451.46  1.14568e-15
4452.89  1.11871e-15
4454.31  1.08739e-15
4455.73  1.05639e-15
4457.15  1.03016e-15
4458.57  1.01218e-15
4459.99  1.00431e-15
4461.41  1.0065e-15
4462.83  1.01683e-15
4464.25  1.03188e-15
4465.67  1.04739e-15
4467.09  1.05915e-15
4468.51  1.06382e-15
4469.94  1.05966e-15
4471.36  1.04693e-15
4472.78  1.02798e-15
4474.2   1.00685e-15
4475.62  9.88679e-16
4477.04  9.78779e-16
4478.46  9.81731e-16
4479.88  1.00057e-15
4481.3   1.03621e-15
4482.72  1.0873e-15
4484.14  1.15036e-15
4485.56  1.22039e-15
4486.99  1.29167e-15
4488.41  1.35865e-15
4489.83  1.41686e-15
4491.25  1.46352e-15
4492.67  1.49791e-15
4494.09  1.52129e-15
4495.51  1.53656e-15
4496.93  1.54757e-15
4498.35  1.55838e-15
4499.77  1.57245e-15
4501.19  1.59204e-15
4502.62  1.61785e-15
4504.04  1.64897e-15
4505.46  1.68318e-15
4506.88  1.71743e-15
4508.3   1.74856e-15
4509.72  1.77395e-15
4511.14  1.7921e-15
4512.56  1.80301e-15
4513.98  1.80822e-15
4515.4   1.81062e-15
4516.82  1.81399e-15
4518.24  1.82235e-15
4519.67  1.8393e-15
4521.09  1.86738e-15
4522.51  1.90763e-15
4523.93  1.9594e-15
4525.35  2.02035e-15
4526.77  2.08679e-15
4528.19  2.15419e-15
4529.61  2.21777e-15
4531.03  2.27311e-15
4532.45  2.31677e-15
4533.87  2.34662e-15
4535.29  2.36208e-15
4536.72  2.36405e-15
4538.14  2.35465e-15
4539.56  2.33685e-15
4540.98  2.31389e-15
4542.4   2.28887e-15
4543.82  2.26429e-15
4545.24  2.24187e-15
4546.66  2.22249e-15
4548.08  2.20646e-15
4549.5   2.19375e-15
4550.92  2.18451e-15
4552.34  2.17932e-15
4553.77  2.17946e-15
4555.19  2.18683e-15
4556.61  2.20373e-15
4558.03  2.23239e-15
4559.45  2.27435e-15
4560.87  2.32989e-15
4562.29  2.39761e-15
4563.71  2.47423e-15
4565.13  2.55477e-15
4566.55  2.63299e-15
4567.97  2.70222e-15
4569.39  2.75624e-15
4570.82  2.79031e-15
4572.24  2.80192e-15
4573.66  2.79132e-15
4575.08  2.76163e-15
4576.5   2.71849e-15
4577.92  2.66935e-15
4579.34  2.62245e-15
4580.76  2.58568e-15
4582.18  2.56549e-15
4583.6   2.56606e-15
4585.02  2.58879e-15
4586.44  2.63223e-15
4587.87  2.69247e-15
4589.29  2.76383e-15
4590.71  2.8398e-15
4592.13  2.91402e-15
4593.55  2.98119e-15
4594.97  3.03771e-15
4596.39  3.08203e-15
4597.81  3.11461e-15
4599.23  3.13754e-15
4600.65  3.15402e-15
4602.07  3.16759e-15
4603.49  3.18143e-15
4604.92  3.19778e-15
4606.34  3.21761e-15
4607.76  3.24048e-15
4609.18  3.2647e-15
4610.6   3.28771e-15
4612.02  3.30649e-15
4613.44  3.31803e-15
4614.86  3.31974e-15
4616.28  3.30967e-15
4617.7   3.28663e-15
4619.12  3.25014e-15
4620.54  3.20034e-15
4621.97  3.13786e-15
4623.39  3.06374e-15
4624.81  2.97942e-15
4626.23  2.88684e-15
4627.65  2.78853e-15
4629.07  2.68777e-15
4630.49  2.58862e-15
4631.91  2.49581e-15
4633.33  2.41443e-15
4634.75  2.34951e-15
4636.17  2.30542e-15
4637.59  2.28518e-15
4639.02  2.28992e-15
4640.44  2.31841e-15
4641.86  2.36699e-15
4643.28  2.42968e-15
4644.7   2.49874e-15
4646.12  2.56549e-15
4647.54  2.62129e-15
4648.96  2.65856e-15
4650.38  2.67169e-15
4651.8   2.65772e-15
4653.22  2.61659e-15
4654.64  2.55103e-15
4656.07  2.46606e-15
4657.49  2.36824e-15
4658.91  2.26472e-15
4660.33  2.16232e-15
4661.75  2.06681e-15
4663.17  1.98235e-15
4664.59  1.91129e-15
4666.01  1.85425e-15
4667.43  1.81043e-15
4668.85  1.77803e-15
4670.27  1.75483e-15
4671.69  1.73852e-15
4673.12  1.72714e-15
4674.54  1.71918e-15
4675.96  1.71364e-15
4677.38  1.70992e-15
4678.8   1.70769e-15
4680.22  1.70667e-15
4681.64  1.70654e-15
4683.06  1.70682e-15
4684.48  1.70693e-15
4685.9   1.70623e-15
4687.32  1.70416e-15
4688.74  1.70038e-15
4690.17  1.69485e-15
4691.59  1.68786e-15
4693.01  1.68002e-15
4694.43  1.67209e-15
4695.85  1.66486e-15
4697.27  1.65892e-15
4698.69  1.65452e-15
4700.11  1.65144e-15
4701.53  1.64897e-15
4702.95  1.64597e-15
4704.37  1.64109e-15
4705.79  1.63296e-15
4707.22  1.62049e-15
4708.64  1.60316e-15
4710.06  1.58116e-15
4711.48  1.55549e-15
4712.9   1.52786e-15
4714.32  1.50045e-15
4715.74  1.47559e-15
4717.16  1.4553e-15
4718.58  1.4409e-15
4720     1.43269e-15
4721.42  1.42978e-15
4722.84  1.43014e-15
4724.27  1.43086e-15
4725.69  1.42861e-15
4727.11  1.42026e-15
4728.53  1.40345e-15
4729.95  1.37716e-15
4731.37  1.34204e-15
4732.79  1.30054e-15
4734.21  1.25665e-15
4735.63  1.21542e-15
4737.05  1.18223e-15
4738.47  1.16191e-15
4739.89  1.15794e-15
4741.32  1.17172e-15
4742.74  1.20218e-15
4744.16  1.24581e-15
4745.58  1.29697e-15
4747     1.34869e-15
4748.42  1.39369e-15
4749.84  1.42549e-15
4751.26  1.43954e-15
4752.68  1.43394e-15
4754.1   1.40996e-15
4755.52  1.37187e-15
4756.94  1.3264e-15
4758.37  1.28175e-15
4759.79  1.24635e-15
4761.21  1.22752e-15
4762.63  1.23034e-15
4764.05  1.25686e-15
4765.47  1.30582e-15
4766.89  1.37283e-15
4768.31  1.45109e-15
4769.73  1.53244e-15
4771.15  1.60859e-15
4772.57  1.67235e-15
4773.99  1.71853e-15
4775.42  1.74465e-15
4776.84  1.75105e-15
4778.26  1.74067e-15
4779.68  1.71844e-15
4781.1   1.69038e-15
4782.52  1.66266e-15
4783.94  1.64075e-15
4785.36  1.62865e-15
4786.78  1.62856e-15
4788.2   1.64069e-15
4789.62  1.6635e-15
4791.05  1.69408e-15
4792.47  1.72871e-15
4793.89  1.76343e-15
4795.31  1.79454e-15
4796.73  1.81898e-15
4798.15  1.83459e-15
4799.57  1.84011e-15
4800.99  1.8352e-15
4802.41  1.82027e-15
4803.83  1.79636e-15
4805.25  1.76505e-15
4806.67  1.72837e-15
4808.1   1.68871e-15
4809.52  1.64881e-15
4810.94  1.61157e-15
4812.36  1.57989e-15
4813.78  1.55633e-15
4815.2   1.5428e-15
4816.62  1.54019e-15
4818.04  1.54809e-15
4819.46  1.56474e-15
4820.88  1.58712e-15
4822.3   1.61132e-15
4823.72  1.63317e-15
4825.15  1.64886e-15
4826.57  1.65573e-15
4827.99  1.65275e-15
4829.41  1.64088e-15
4830.83  1.62295e-15
4832.25  1.60326e-15
4833.67  1.58684e-15
4835.09  1.57844e-15
4836.51  1.58168e-15
4837.93  1.59814e-15
4839.35  1.627e-15
4840.77  1.66499e-15
4842.2   1.7068e-15
4843.62  1.74603e-15
4845.04  1.77624e-15
4846.46  1.79213e-15
4847.88  1.79057e-15
4849.3   1.77123e-15
4850.72  1.73674e-15
4852.14  1.69233e-15
4853.56  1.64497e-15
4854.98  1.60226e-15
4856.4   1.57115e-15
4857.82  1.55675e-15
4859.25  1.56156e-15
4860.67  1.58506e-15
4862.09  1.62385e-15
4863.51  1.67228e-15
4864.93  1.72339e-15
4866.35  1.77014e-15
4867.77  1.80649e-15
4869.19  1.82836e-15
4870.61  1.83425e-15
4872.03  1.82538e-15
4873.45  1.80541e-15
4874.87  1.77979e-15
4876.3   1.75488e-15
4877.72  1.73685e-15
4879.14  1.73082e-15
4880.56  1.73997e-15
4881.98  1.76514e-15
4883.4   1.8047e-15
4884.82  1.85479e-15
4886.24  1.90989e-15
4887.66  1.96366e-15
4889.08  2.00985e-15
4890.5   2.04318e-15
4891.92  2.06012e-15
4893.35  2.05936e-15
4894.77  2.04202e-15
4896.19  2.01144e-15
4897.61  1.9727e-15
4899.03  1.93184e-15
4900.45  1.89503e-15
4901.87  1.86761e-15
4903.29  1.85339e-15
4904.71  1.85414e-15
4906.13  1.86938e-15
4907.55  1.89658e-15
4908.97  1.93162e-15
4910.4   1.96949e-15
4911.82  2.00513e-15
4913.24  2.0342e-15
4914.66  2.0537e-15
4916.08  2.06237e-15
4917.5   2.06078e-15
4918.92  2.05109e-15
4920.34  2.03661e-15
4921.76  2.02112e-15
4923.18  2.00827e-15
4924.6   2.00092e-15
4926.02  2.00075e-15
4927.45  2.00803e-15
4928.87  2.0217e-15
4930.29  2.0397e-15
4931.71  2.05934e-15
4933.13  2.07794e-15
4934.55  2.09327e-15
4935.97  2.10395e-15
4937.39  2.10969e-15
4938.81  2.11119e-15
4940.23  2.10999e-15
4941.65  2.10798e-15
4943.07  2.10699e-15
4944.5   2.10826e-15
4945.92  2.11213e-15
4947.34  2.11784e-15
4948.76  2.12361e-15
4950.18  2.12689e-15
4951.6   2.12484e-15
4953.02  2.11481e-15
4954.44  2.09489e-15
4955.86  2.06429e-15
4957.28  2.02353e-15
4958.7   1.97445e-15
4960.12  1.91989e-15
4961.55  1.86334e-15
4962.97  1.80834e-15
4964.39  1.758e-15
4965.81  1.71457e-15
4967.23  1.67921e-15
4968.65  1.65192e-15
4970.07  1.63171e-15
4971.49  1.61692e-15
4972.91  1.60555e-15
4974.33  1.59574e-15
4975.75  1.58601e-15
4977.17  1.57548e-15
4978.6   1.56394e-15
4980.02  1.55169e-15
4981.44  1.53942e-15
4982.86  1.52791e-15
4984.28  1.51788e-15
4985.7   1.50976e-15
4987.12  1.50372e-15
4988.54  1.49967e-15
4989.96  1.49742e-15
4991.38  1.4968e-15
4992.8   1.4978e-15
4994.22  1.50061e-15
4995.65  1.50558e-15
4997.07  1.51312e-15
4998.49  1.52341e-15
4999.91  1.5363e-15
5001.33  1.55107e-15
5002.75  1.56641e-15
5004.17  1.58051e-15
5005.59  1.59125e-15
5007.01  1.59656e-15
5008.43  1.59472e-15
5009.85  1.58478e-15
5011.27  1.56672e-15
5012.7   1.54159e-15
5014.12  1.51141e-15
5015.54  1.47888e-15
5016.96  1.44704e-15
5018.38  1.41874e-15
5019.8   1.3963e-15
5021.22  1.38107e-15
5022.64  1.37331e-15
5024.06  1.37215e-15
5025.48  1.37578e-15
5026.9   1.38175e-15
5028.32  1.38741e-15
5029.75  1.39037e-15
5031.17  1.38884e-15
5032.59  1.38194e-15
5034.01  1.3698e-15
5035.43  1.35352e-15
5036.85  1.33497e-15
5038.27  1.31649e-15
5039.69  1.3005e-15
5041.11  1.28916e-15
5042.53  1.284e-15
5043.95  1.28579e-15
5045.37  1.29434e-15
5046.8   1.30856e-15
5048.22  1.3266e-15
5049.64  1.34604e-15
5051.06  1.36418e-15
5052.48  1.37835e-15
5053.9   1.38628e-15
5055.32  1.38629e-15
5056.74  1.37762e-15
5058.16  1.36048e-15
5059.58  1.33609e-15
5061     1.30656e-15
5062.43  1.27464e-15
5063.85  1.24341e-15
5065.27  1.21582e-15
5066.69  1.19439e-15
5068.11  1.1808e-15
5069.53  1.1757e-15
5070.95  1.1786e-15
5072.37  1.18803e-15
5073.79  1.2017e-15
5075.21  1.21691e-15
5076.63  1.23094e-15
5078.05  1.24145e-15
5079.48  1.2468e-15
5080.9   1.24623e-15
5082.32  1.23989e-15
5083.74  1.22872e-15
5085.16  1.21421e-15
5086.58  1.1981e-15
5088     1.18207e-15
5089.42  1.16746e-15
5090.84  1.15519e-15
5092.26  1.14566e-15
5093.68  1.13886e-15
5095.1   1.13452e-15
5096.53  1.13229e-15
5097.95  1.13188e-15
5099.37  1.1332e-15
5100.79  1.13632e-15
5102.21  1.14147e-15
5103.63  1.14893e-15
5105.05  1.15889e-15
5106.47  1.17136e-15
5107.89  1.18614e-15
5109.31  1.20285e-15
5110.73  1.22097e-15
5112.15  1.23992e-15
5113.58  1.25918e-15
5115     1.27824e-15
5116.42  1.29666e-15
5117.84  1.31394e-15
5119.26  1.32947e-15
5120.68  1.34247e-15
5122.1   1.35199e-15
5123.52  1.357e-15
5124.94  1.35656e-15
5126.36  1.3501e-15
5127.78  1.33758e-15
5129.2   1.31979e-15
5130.63  1.29833e-15
5132.05  1.27554e-15
5133.47  1.25428e-15
5134.89  1.23748e-15
5136.31  1.22766e-15
5137.73  1.2265e-15
5139.15  1.23448e-15
5140.57  1.25073e-15
5141.99  1.27313e-15
5143.41  1.29868e-15
5144.83  1.32404e-15
5146.25  1.34619e-15
5147.68  1.36304e-15
5149.1   1.37388e-15
5150.52  1.37957e-15
5151.94  1.38235e-15
5153.36  1.38543e-15
5154.78  1.39228e-15
5156.2   1.40584e-15
5157.62  1.4278e-15
5159.04  1.45816e-15
5160.46  1.49502e-15
5161.88  1.53486e-15
5163.3   1.57314e-15
5164.73  1.60514e-15
5166.15  1.62688e-15
5167.57  1.63597e-15
5168.99  1.63214e-15
5170.41  1.61742e-15
5171.83  1.59588e-15
5173.25  1.57296e-15
5174.67  1.55458e-15
5176.09  1.54615e-15
5177.51  1.55161e-15
5178.93  1.57284e-15
5180.35  1.60931e-15
5181.78  1.65821e-15
5183.2   1.71494e-15
5184.62  1.77384e-15
5186.04  1.82907e-15
5187.46  1.87551e-15
5188.88  1.90944e-15
5190.3   1.92903e-15
5191.72  1.93447e-15
5193.14  1.92785e-15
5194.56  1.91267e-15
5195.98  1.8933e-15
5197.4   1.87424e-15
5198.83  1.85951e-15
5200.25  1.85208e-15
5201.67  1.85357e-15
5203.09  1.8641e-15
5204.51  1.88249e-15
5205.93  1.9065e-15
5207.35  1.93338e-15
5208.77  1.96031e-15
5210.19  1.98489e-15
5211.61  2.00557e-15
5213.03  2.02179e-15
5214.45  2.03408e-15
5215.88  2.0439e-15
5217.3   2.05338e-15
5218.72  2.06494e-15
5220.14  2.08094e-15
5221.56  2.10334e-15
5222.98  2.1334e-15
5224.4   2.17154e-15
5225.82  2.21729e-15
5227.24  2.26935e-15
5228.66  2.32574e-15
5230.08  2.38398e-15
5231.5   2.44133e-15
5232.93  2.49504e-15
5234.35  2.54254e-15
5235.77  2.58167e-15
5237.19  2.61083e-15
5238.61  2.62914e-15
5240.03  2.63653e-15
5241.45  2.63384e-15
5242.87  2.62276e-15
5244.29  2.60581e-15
5245.71  2.58621e-15
5247.13  2.56755e-15
5248.55  2.5535e-15
5249.98  2.5474e-15
5251.4   2.55176e-15
5252.82  2.56793e-15
5254.24  2.59575e-15
5255.66  2.63347e-15
5257.08  2.67778e-15
5258.5   2.72421e-15
5259.92  2.76761e-15
5261.34  2.80287e-15
5262.76  2.82565e-15
5264.18  2.83304e-15
5265.6   2.82405e-15
5267.03  2.79984e-15
5268.45  2.76356e-15
5269.87  2.71996e-15
5271.29  2.67465e-15
5272.71  2.63329e-15
5274.13  2.60061e-15
5275.55  2.5798e-15
5276.97  2.57193e-15
5278.39  2.57586e-15
5279.81  2.58854e-15
5281.23  2.60552e-15
5282.65  2.62182e-15
5284.08  2.63283e-15
5285.5   2.63512e-15
5286.92  2.62706e-15
5288.34  2.6091e-15
5289.76  2.58364e-15
5291.18  2.55465e-15
5292.6   2.52693e-15
5294.02  2.50531e-15
5295.44  2.49381e-15
5296.86  2.49498e-15
5298.28  2.50946e-15
5299.7   2.53593e-15
5301.13  2.57128e-15
5302.55  2.61107e-15
5303.97  2.65022e-15
5305.39  2.68372e-15
5306.81  2.70729e-15
5308.23  2.718e-15
5309.65  2.71452e-15
5311.07  2.6973e-15
5312.49  2.66839e-15
5313.91  2.63109e-15
5315.33  2.58947e-15
5316.75  2.54779e-15
5318.18  2.50997e-15
5319.6   2.47915e-15
5321.02  2.45737e-15
5322.44  2.44545e-15
5323.86  2.44307e-15
5325.28  2.44897e-15
5326.7   2.46124e-15
5328.12  2.47772e-15
5329.54  2.49637e-15
5330.96  2.5155e-15
5332.38  2.53404e-15
5333.81  2.55157e-15
5335.23  2.56829e-15
5336.65  2.58488e-15
5338.07  2.60229e-15
5339.49  2.6215e-15
5340.91  2.64328e-15
5342.33  2.66802e-15
5343.75  2.69565e-15
5345.17  2.7256e-15
5346.59  2.7569e-15
5348.01  2.78838e-15
5349.43  2.81875e-15
5350.86  2.84692e-15
5352.28  2.87202e-15
5353.7   2.89358e-15
5355.12  2.91146e-15
5356.54  2.92589e-15
5357.96  2.93729e-15
5359.38  2.94624e-15
5360.8   2.95333e-15
5362.22  2.95914e-15
5363.64  2.96421e-15
5365.06  2.96906e-15
5366.48  2.97421e-15
5367.91  2.98025e-15
5369.33  2.98784e-15
5370.75  2.99765e-15
5372.17  3.01036e-15
5373.59  3.02645e-15
5375.01  3.04613e-15
5376.43  3.06918e-15
5377.85  3.09485e-15
5379.27  3.12186e-15
5380.69  3.14848e-15
5382.11  3.1727e-15
5383.53  3.19251e-15
5384.96  3.20618e-15
5386.38  3.21258e-15
5387.8   3.21136e-15
5389.22  3.20315e-15
5390.64  3.18948e-15
5392.06  3.17266e-15
5393.48  3.15547e-15
5394.9   3.14082e-15
5396.32  3.13135e-15
5397.74  3.12907e-15
5399.16  3.13511e-15
5400.58  3.14956e-15
5402.01  3.17147e-15
5403.43  3.19895e-15
5404.85  3.2294e-15
5406.27  3.25981e-15
5407.69  3.28705e-15
5409.11  3.30821e-15
5410.53  3.32086e-15
5411.95  3.32328e-15
5413.37  3.31465e-15
5414.79  3.29506e-15
5416.21  3.26559e-15
5417.63  3.22819e-15
5419.06  3.18555e-15
5420.48  3.14088e-15
5421.9   3.09765e-15
5423.32  3.05925e-15
5424.74  3.02869e-15
5426.16  3.00828e-15
5427.58  2.99932e-15
5429     3.00197e-15
5430.42  3.01515e-15
5431.84  3.03661e-15
5433.26  3.06311e-15
5434.68  3.09083e-15
5436.11  3.11575e-15
5437.53  3.13415e-15
5438.95  3.14305e-15
5440.37  3.14063e-15
5441.79  3.12643e-15
5443.21  3.10141e-15
5444.63  3.06778e-15
5446.05  3.02876e-15
5447.47  2.98805e-15
5448.89  2.94933e-15
5450.31  2.91577e-15
5451.73  2.88958e-15
5453.16  2.8717e-15
5454.58  2.86174e-15
5456     2.85806e-15
5457.42  2.85815e-15
5458.84  2.8591e-15
5460.26  2.85812e-15
5461.68  2.85317e-15
5463.1   2.84331e-15
5464.52  2.829e-15
5465.94  2.81202e-15
5467.36  2.79523e-15
5468.78  2.78196e-15
5470.21  2.77538e-15
5471.63  2.77778e-15
5473.05  2.78997e-15
5474.47  2.8109e-15
5475.89  2.83768e-15
5477.31  2.86587e-15
5478.73  2.89015e-15
5480.15  2.90517e-15
5481.57  2.90653e-15
5482.99  2.89159e-15
5484.41  2.86008e-15
5485.83  2.81428e-15
5487.26  2.75883e-15
5488.68  2.70004e-15
5490.1   2.64498e-15
5491.52  2.60036e-15
5492.94  2.57148e-15
5494.36  2.56134e-15
5495.78  2.57019e-15
5497.2   2.59546e-15
5498.62  2.63219e-15
5500.04  2.6738e-15
5501.46  2.71314e-15
5502.88  2.74361e-15
5504.31  2.76011e-15
5505.73  2.75977e-15
5507.15  2.74224e-15
5508.57  2.7096e-15
5509.99  2.66585e-15
5511.41  2.61607e-15
5512.83  2.56558e-15
5514.25  2.51899e-15
5515.67  2.47952e-15
5517.09  2.44867e-15
5518.51  2.42612e-15
5519.93  2.41011e-15
5521.36  2.39797e-15
5522.78  2.38682e-15
5524.2   2.37425e-15
5525.62  2.35883e-15
5527.04  2.34036e-15
5528.46  2.31989e-15
5529.88  2.29941e-15
5531.3   2.28138e-15
5532.72  2.26821e-15
5534.14  2.2617e-15
5535.56  2.26266e-15
5536.98  2.27079e-15
5538.41  2.2847e-15
5539.83  2.30217e-15
5541.25  2.32061e-15
5542.67  2.33744e-15
5544.09  2.35051e-15
5545.51  2.35842e-15
5546.93  2.36059e-15
5548.35  2.35725e-15
5549.77  2.34926e-15
5551.19  2.33789e-15
5552.61  2.32454e-15
5554.03  2.31058e-15
5555.46  2.29717e-15
5556.88  2.28525e-15
5558.3   2.2755e-15
5559.72  2.26844e-15
5561.14  2.26436e-15
5562.56  2.26338e-15
5563.98  2.26535e-15
5565.4   2.26976e-15
5566.82  2.27571e-15
5568.24  2.2818e-15
5569.66  2.28625e-15
5571.08  2.28699e-15
5572.51  2.2819e-15
5573.93  2.26915e-15
5575.35  2.24744e-15
5576.77  2.21631e-15
5578.19  2.17626e-15
5579.61  2.12876e-15
5581.03  2.07614e-15
5582.45  2.0213e-15
5583.87  1.96739e-15
5585.29  1.91741e-15
5586.71  1.87393e-15
5588.13  1.83884e-15
5589.56  1.8132e-15
5590.98  1.79725e-15
5592.4   1.79047e-15
5593.82  1.7917e-15
5595.24  1.79937e-15
5596.66  1.81158e-15
5598.08  1.82633e-15
5599.5   1.84162e-15
5600.92  1.85555e-15
5602.34  1.86647e-15
5603.76  1.87306e-15
5605.18  1.8744e-15
5606.61  1.87006e-15
5608.03  1.86011e-15
5609.45  1.84515e-15
5610.87  1.82618e-15
5612.29  1.80458e-15
5613.71  1.78194e-15
5615.13  1.75992e-15
5616.55  1.74011e-15
5617.97  1.72387e-15
5619.39  1.71223e-15
5620.81  1.70576e-15
5622.24  1.70452e-15
5623.66  1.70803e-15
5625.08  1.71529e-15
5626.5   1.72486e-15
5627.92  1.73501e-15
5629.34  1.74393e-15
5630.76  1.74994e-15
5632.18  1.75177e-15
5633.6   1.74874e-15
5635.02  1.74091e-15
5636.44  1.72907e-15
5637.86  1.71462e-15
5639.29  1.69937e-15
5640.71  1.68518e-15
5642.13  1.67362e-15
5643.55  1.6657e-15
5644.97  1.66163e-15
5646.39  1.66073e-15
5647.81  1.66159e-15
5649.23  1.66221e-15
5650.65  1.66041e-15
5652.07  1.65415e-15
5653.49  1.64191e-15
5654.91  1.62296e-15
5656.34  1.59755e-15
5657.76  1.56694e-15
5659.18  1.53328e-15
5660.6   1.49945e-15
5662.02  1.46868e-15
5663.44  1.44422e-15
5664.86  1.42891e-15
5666.28  1.42482e-15
5667.7   1.4329e-15
5669.12  1.45272e-15
5670.54  1.48243e-15
5671.96  1.51876e-15
5673.39  1.55732e-15
5674.81  1.59299e-15
5676.23  1.62056e-15
5677.65  1.63534e-15
5679.07  1.63386e-15
5680.49  1.61445e-15
5681.91  1.57762e-15
5683.33  1.52618e-15
5684.75  1.46496e-15
5686.17  1.4003e-15
5687.59  1.33921e-15
5689.01  1.28836e-15
5690.44  1.25312e-15
5691.86  1.23668e-15
5693.28  1.23956e-15
5694.7   1.25945e-15
5696.12  1.29156e-15
5697.54  1.32937e-15
5698.96  1.36563e-15
5700.38  1.39353e-15
5701.8   1.40778e-15
5703.22  1.40545e-15
5704.64  1.38638e-15
5706.06  1.35316e-15
5707.49  1.31065e-15
5708.91  1.26516e-15
5710.33  1.22341e-15
5711.75  1.1915e-15
5713.17  1.17402e-15
5714.59  1.17345e-15
5716.01  1.18997e-15
5717.43  1.22164e-15
5718.85  1.26484e-15
5720.27  1.31507e-15
5721.69  1.36762e-15
5723.11  1.41839e-15
5724.54  1.46431e-15
5725.96  1.50364e-15
5727.38  1.53593e-15
5728.8   1.56176e-15
5730.22  1.5823e-15
5731.64  1.59883e-15
5733.06  1.61236e-15
5734.48  1.62331e-15
5735.9   1.63153e-15
5737.32  1.63637e-15
5738.74  1.63704e-15
5740.16  1.63295e-15
5741.59  1.62407e-15
5743.01  1.61118e-15
5744.43  1.59588e-15
5745.85  1.58041e-15
5747.27  1.56732e-15
5748.69  1.55899e-15
5750.11  1.55712e-15
5751.53  1.56239e-15
5752.95  1.57424e-15
5754.37  1.59088e-15
5755.79  1.60959e-15
5757.21  1.62717e-15
5758.64  1.64049e-15
5760.06  1.64712e-15
5761.48  1.6457e-15
5762.9   1.63627e-15
5764.32  1.62027e-15
5765.74  1.60032e-15
5767.16  1.5798e-15
5768.58  1.56231e-15
5770     1.55106e-15
5771.42  1.54845e-15
5772.84  1.55566e-15
5774.26  1.57256e-15
5775.69  1.59776e-15
5777.11  1.62887e-15
5778.53  1.6629e-15
5779.95  1.69667e-15
5781.37  1.72731e-15
5782.79  1.75253e-15
5784.21  1.77091e-15
5785.63  1.782e-15
5787.05  1.78628e-15
5788.47  1.78504e-15
5789.89  1.78013e-15
5791.31  1.77372e-15
5792.74  1.76801e-15
5794.16  1.76494e-15
5795.58  1.76595e-15
5797     1.77184e-15
5798.42  1.78259e-15
5799.84  1.79746e-15
5801.26  1.815e-15
5802.68  1.8333e-15
5804.1   1.85029e-15
5805.52  1.86403e-15
5806.94  1.87311e-15
5808.36  1.87688e-15
5809.79  1.87565e-15
5811.21  1.87073e-15
5812.63  1.8643e-15
5814.05  1.85909e-15
5815.47  1.85796e-15
5816.89  1.86339e-15
5818.31  1.87701e-15
5819.73  1.89919e-15
5821.15  1.92884e-15
5822.57  1.96345e-15
5823.99  1.99935e-15
5825.41  2.03225e-15
5826.84  2.0579e-15
5828.26  2.07282e-15
5829.68  2.07494e-15
5831.1   2.06408e-15
5832.52  2.04207e-15
5833.94  2.01263e-15
5835.36  1.98085e-15
5836.78  1.95245e-15
5838.2   1.9329e-15
5839.62  1.92657e-15
5841.04  1.936e-15
5842.46  1.96146e-15
5843.89  2.00088e-15
5845.31  2.05011e-15
5846.73  2.10354e-15
5848.15  2.15489e-15
5849.57  2.19819e-15
5850.99  2.22866e-15
5852.41  2.24334e-15
5853.83  2.2416e-15
5855.25  2.22511e-15
5856.67  2.19761e-15
5858.09  2.16427e-15
5859.51  2.13089e-15
5860.94  2.10306e-15
5862.36  2.08533e-15
5863.78  2.0806e-15
5865.2   2.08978e-15
5866.62  2.11173e-15
5868.04  2.14354e-15
5869.46  2.18093e-15
5870.88  2.21894e-15
5872.3   2.25258e-15
5873.72  2.27741e-15
5875.14  2.29011e-15
5876.56  2.28882e-15
5877.99  2.27334e-15
5879.41  2.24512e-15
5880.83  2.20711e-15
5882.25  2.16345e-15
5883.67  2.11902e-15
5885.09  2.07895e-15
5886.51  2.048e-15
5887.93  2.03006e-15
5889.35  2.02753e-15
5890.77  2.04107e-15
5892.19  2.06928e-15
5893.62  2.10885e-15
5895.04  2.15479e-15
5896.46  2.20105e-15
5897.88  2.24121e-15
5899.3   2.26934e-15
5900.72  2.28087e-15
5902.14  2.27318e-15
5903.56  2.24609e-15
5904.98  2.20187e-15
5906.4   2.14499e-15
5907.82  2.08149e-15
5909.24  2.01812e-15
5910.67  1.96139e-15
5912.09  1.91669e-15
5913.51  1.88755e-15
5914.93  1.87524e-15
5916.35  1.8787e-15
5917.77  1.89482e-15
5919.19  1.91897e-15
5920.61  1.9458e-15
5922.03  1.96997e-15
5923.45  1.98692e-15
5924.87  1.99341e-15
5926.29  1.98781e-15
5927.72  1.97021e-15
5929.14  1.94224e-15
5930.56  1.90673e-15
5931.98  1.86729e-15
5933.4   1.82785e-15
5934.82  1.79228e-15
5936.24  1.76397e-15
5937.66  1.74566e-15
5939.08  1.73917e-15
5940.5   1.74535e-15
5941.92  1.76401e-15
5943.34  1.79391e-15
5944.77  1.83286e-15
5946.19  1.87786e-15
5947.61  1.92532e-15
5949.03  1.9714e-15
5950.45  2.0124e-15
5951.87  2.04514e-15
5953.29  2.0674e-15
5954.71  2.07814e-15
5956.13  2.07765e-15
5957.55  2.06744e-15
5958.97  2.05003e-15
5960.39  2.02847e-15
5961.82  2.00588e-15
5963.24  1.98491e-15
5964.66  1.96741e-15
5966.08  1.95416e-15
5967.5   1.94485e-15
5968.92  1.9383e-15
5970.34  1.93279e-15
5971.76  1.92647e-15
5973.18  1.91777e-15
5974.6   1.90573e-15
5976.02  1.89016e-15
5977.44  1.87164e-15
5978.87  1.85132e-15
5980.29  1.83062e-15
5981.71  1.81089e-15
5983.13  1.79303e-15
5984.55  1.77724e-15
5985.97  1.76298e-15
5987.39  1.74899e-15
5988.81  1.73357e-15
5990.23  1.71491e-15
5991.65  1.69156e-15
5993.07  1.66274e-15
5994.49  1.62859e-15
5995.92  1.59027e-15
5997.34  1.54978e-15
5998.76  1.50969e-15
6000.18  1.47263e-15
6001.6   1.44091e-15
6003.02  1.41603e-15
6004.44  1.39852e-15
6005.86  1.38781e-15
6007.28  1.38249e-15
6008.7   1.38058e-15
6010.12  1.38005e-15
6011.54  1.37918e-15
6012.97  1.37696e-15
6014.39  1.37315e-15
6015.81  1.36829e-15
6017.23  1.36343e-15
6018.65  1.35971e-15
6020.07  1.35798e-15
6021.49  1.35844e-15
6022.91  1.36049e-15
6024.33  1.36277e-15
6025.75  1.36339e-15
6027.17  1.36043e-15
6028.59  1.35239e-15
6030.02  1.33871e-15
6031.44  1.32012e-15
6032.86  1.2987e-15
6034.28  1.27772e-15
6035.7   1.26119e-15
6037.12  1.25321e-15
6038.54  1.2573e-15
6039.96  1.27568e-15
6041.38  1.3088e-15
6042.8   1.35515e-15
6044.22  1.41131e-15
6045.64  1.47244e-15
6047.07  1.53286e-15
6048.49  1.5869e-15
6049.91  1.62962e-15
6051.33  1.65754e-15
6052.75  1.66903e-15
6054.17  1.66449e-15
6055.59  1.64622e-15
6057.01  1.61794e-15
6058.43  1.58429e-15
6059.85  1.55004e-15
6061.27  1.51944e-15
6062.69  1.49569e-15
6064.12  1.48046e-15
6065.54  1.47384e-15
6066.96  1.47435e-15
6068.38  1.47929e-15
6069.8   1.48519e-15
6071.22  1.48839e-15
6072.64  1.48557e-15
6074.06  1.47428e-15
6075.48  1.45328e-15
6076.9   1.42277e-15
6078.32  1.38431e-15
6079.74  1.34069e-15
6081.17  1.29554e-15
6082.59  1.25286e-15
6084.01  1.21651e-15
6085.43  1.18966e-15
6086.85  1.17442e-15
6088.27  1.17151e-15
6089.69  1.1802e-15
6091.11  1.19837e-15
6092.53  1.22278e-15
6093.95  1.24956e-15
6095.37  1.27466e-15
6096.79  1.29438e-15
6098.22  1.30588e-15
6099.64  1.30748e-15
6101.06  1.29879e-15
6102.48  1.28075e-15
6103.9   1.25533e-15
6105.32  1.22525e-15
6106.74  1.19349e-15
6108.16  1.16293e-15
6109.58  1.13591e-15
6111     1.11404e-15
6112.42  1.09806e-15
6113.84  1.08788e-15
6115.27  1.08278e-15
6116.69  1.08163e-15
6118.11  1.08318e-15
6119.53  1.08628e-15
6120.95  1.09009e-15
6122.37  1.09413e-15
6123.79  1.09831e-15
6125.21  1.10277e-15
6126.63  1.1078e-15
6128.05  1.11368e-15
6129.47  1.12057e-15
6130.89  1.12845e-15
6132.32  1.13718e-15
6133.74  1.14655e-15
6135.16  1.15641e-15
6136.58  1.1667e-15
6138     1.17759e-15
6139.42  1.18936e-15
6140.84  1.2024e-15
6142.26  1.21698e-15
6143.68  1.23314e-15
6145.1   1.25052e-15
6146.52  1.26833e-15
6147.94  1.28533e-15
6149.37  1.30003e-15
6150.79  1.31088e-15
6152.21  1.3166e-15
6153.63  1.31638e-15
6155.05  1.31014e-15
6156.47  1.29856e-15
6157.89  1.28303e-15
6159.31  1.26539e-15
6160.73  1.24764e-15
6162.15  1.23152e-15
6163.57  1.21822e-15
6165     1.20814e-15
6166.42  1.20086e-15
6167.84  1.19524e-15
6169.26  1.18977e-15
6170.68  1.18297e-15
6172.1   1.17375e-15
6173.52  1.16182e-15
6174.94  1.14778e-15
6176.36  1.13309e-15
6177.78  1.11983e-15
6179.2   1.11024e-15
6180.62  1.10621e-15
6182.05  1.10884e-15
6183.47  1.11813e-15
6184.89  1.13283e-15
6186.31  1.15062e-15
6187.73  1.16853e-15
6189.15  1.18344e-15
6190.57  1.19272e-15
6191.99  1.19472e-15
6193.41  1.18918e-15
6194.83  1.17727e-15
6196.25  1.16148e-15
6197.67  1.14512e-15
6199.1   1.13183e-15
6200.52  1.12488e-15
6201.94  1.12666e-15
6203.36  1.13827e-15
6204.78  1.15937e-15
6206.2   1.18829e-15
6207.62  1.22232e-15
6209.04  1.25823e-15
6210.46  1.29278e-15
6211.88  1.3232e-15
6213.3   1.34758e-15
6214.72  1.36505e-15
6216.15  1.37576e-15
6217.57  1.38068e-15
6218.99  1.38129e-15
6220.41  1.37923e-15
6221.83  1.37591e-15
6223.25  1.37231e-15
6224.67  1.36887e-15
6226.09  1.36548e-15
6227.51  1.36173e-15
6228.93  1.3571e-15
6230.35  1.35127e-15
6231.77  1.34429e-15
6233.2   1.33675e-15
6234.62  1.32971e-15
6236.04  1.32454e-15
6237.46  1.32269e-15
6238.88  1.32534e-15
6240.3   1.33315e-15
6241.72  1.34603e-15
6243.14  1.36313e-15
6244.56  1.3829e-15
6245.98  1.40333e-15
6247.4   1.42227e-15
6248.82  1.43778e-15
6250.25  1.44845e-15
6251.67  1.45365e-15
6253.09  1.45352e-15
6254.51  1.44901e-15
6255.93  1.44161e-15
6257.35  1.43307e-15
6258.77  1.42514e-15
6260.19  1.41921e-15
6261.61  1.41622e-15
6263.03  1.41647e-15
6264.45  1.41977e-15
6265.87  1.42548e-15
6267.3   1.43282e-15
6268.72  1.441e-15
6270.14  1.44946e-15
6271.56  1.45796e-15
6272.98  1.46659e-15
6274.4   1.47573e-15
6275.82  1.48585e-15
6277.24  1.49736e-15
6278.66  1.51043e-15
6280.08  1.52486e-15
6281.5   1.54005e-15
6282.92  1.5551e-15
6284.35  1.56892e-15
6285.77  1.58053e-15
6287.19  1.58921e-15
6288.61  1.59479e-15
6290.03  1.59766e-15
6291.45  1.59884e-15
6292.87  1.59973e-15
6294.29  1.60192e-15
6295.71  1.60681e-15
6297.13  1.61535e-15
6298.55  1.62774e-15
6299.97  1.64335e-15
6301.4   1.66079e-15
6302.82  1.67807e-15
6304.24  1.69298e-15
6305.66  1.70342e-15
6307.08  1.70783e-15
6308.5   1.70546e-15
6309.92  1.6965e-15
6311.34  1.68211e-15
6312.76  1.66428e-15
6314.18  1.64552e-15
6315.6   1.62856e-15
6317.02  1.61602e-15
6318.45  1.61008e-15
6319.87  1.61223e-15
6321.29  1.62316e-15
6322.71  1.6427e-15
6324.13  1.66981e-15
6325.55  1.70272e-15
6326.97  1.73909e-15
6328.39  1.77622e-15
6329.81  1.81131e-15
6331.23  1.84175e-15
6332.65  1.86542e-15
6334.07  1.88088e-15
6335.5   1.88761e-15
6336.92  1.88604e-15
6338.34  1.87755e-15
6339.76  1.8643e-15
6341.18  1.84889e-15
6342.6   1.83406e-15
6344.02  1.82227e-15
6345.44  1.81531e-15
6346.86  1.81406e-15
6348.28  1.81834e-15
6349.7   1.82701e-15
6351.12  1.83813e-15
6352.55  1.84939e-15
6353.97  1.85853e-15
6355.39  1.86381e-15
6356.81  1.86431e-15
6358.23  1.86022e-15
6359.65  1.85273e-15
6361.07  1.8439e-15
6362.49  1.83622e-15
6363.91  1.83216e-15
6365.33  1.83366e-15
6366.75  1.84181e-15
6368.17  1.85658e-15
6369.6   1.87687e-15
6371.02  1.90078e-15
6372.44  1.92598e-15
6373.86  1.95023e-15
6375.28  1.97183e-15
6376.7   1.9899e-15
6378.12  2.00454e-15
6379.54  2.01664e-15
6380.96  2.0275e-15
6382.38  2.03835e-15
6383.8   2.04982e-15
6385.22  2.06158e-15
6386.65  2.07215e-15
6388.07  2.07907e-15
6389.49  2.07929e-15
6390.91  2.06986e-15
6392.33  2.04863e-15
6393.75  2.01496e-15
6395.17  1.97015e-15
6396.59  1.91756e-15
6398.01  1.86235e-15
6399.43  1.81084e-15
6400.85  1.76958e-15
6402.27  1.74432e-15
6403.7   1.739e-15
6405.12  1.75501e-15
6406.54  1.7908e-15
6407.96  1.84198e-15
6409.38  1.90184e-15
6410.8   1.96232e-15
6412.22  2.01514e-15
6413.64  2.05305e-15
6415.06  2.07093e-15
6416.48  2.06654e-15
6417.9   2.04091e-15
6419.32  1.99813e-15
6420.75  1.94479e-15
6422.17  1.88897e-15
6423.59  1.83906e-15
6425.01  1.80252e-15
6426.43  1.78482e-15
6427.85  1.78869e-15
6429.27  1.81378e-15
6430.69  1.85677e-15
6432.11  1.91192e-15
6433.53  1.97199e-15
6434.95  2.02928e-15
6436.37  2.07677e-15
6437.8   2.10913e-15
6439.22  2.12339e-15
6440.64  2.11936e-15
6442.06  2.09948e-15
6443.48  2.06843e-15
6444.9   2.03229e-15
6446.32  1.99761e-15
6447.74  1.97037e-15
6449.16  1.95511e-15
6450.58  1.95424e-15
6452     1.96781e-15
6453.43  1.99353e-15
6454.85  2.02726e-15
6456.27  2.06371e-15
6457.69  2.09737e-15
6459.11  2.12331e-15
6460.53  2.138e-15
6461.95  2.13978e-15
6463.37  2.12901e-15
6464.79  2.10791e-15
6466.21  2.08008e-15
6467.63  2.04985e-15
6469.05  2.02148e-15
6470.48  1.9985e-15
6471.9   1.98315e-15
6473.32  1.97612e-15
6474.74  1.97652e-15
6476.16  1.98224e-15
6477.58  1.9904e-15
6479     1.998e-15
6480.42  2.00254e-15
6481.84  2.00252e-15
6483.26  1.9977e-15
6484.68  1.9892e-15
6486.1   1.97919e-15
6487.53  1.97043e-15
6488.95  1.96569e-15
6490.37  1.96711e-15
6491.79  1.97568e-15
6493.21  1.99089e-15
6494.63  2.01075e-15
6496.05  2.03201e-15
6497.47  2.05069e-15
6498.89  2.06277e-15
6500.31  2.06491e-15
6501.73  2.05509e-15
6503.15  2.03306e-15
6504.58  2.00049e-15
6506     1.96075e-15
6507.42  1.91845e-15
6508.84  1.87871e-15
6510.26  1.84643e-15
6511.68  1.82551e-15
6513.1   1.81825e-15
6514.52  1.82513e-15
6515.94  1.84472e-15
6517.36  1.87405e-15
6518.78  1.90907e-15
6520.2   1.94532e-15
6521.63  1.97857e-15
6523.05  2.00536e-15
6524.47  2.02337e-15
6525.89  2.03158e-15
6527.31  2.03021e-15
6528.73  2.02051e-15
6530.15  2.0044e-15
6531.57  1.98416e-15
6532.99  1.9621e-15
6534.41  1.94033e-15
6535.83  1.92061e-15
6537.25  1.90436e-15
6538.68  1.89263e-15
6540.1   1.8862e-15
6541.52  1.88558e-15
6542.94  1.89107e-15
6544.36  1.90264e-15
6545.78  1.91992e-15
6547.2   1.94208e-15
6548.62  1.96777e-15
6550.04  1.99516e-15
6551.46  2.02195e-15
6552.88  2.04565e-15
6554.3   2.06377e-15
6555.73  2.07418e-15
6557.15  2.07539e-15
6558.57  2.06679e-15
6559.99  2.0488e-15
6561.41  2.02284e-15
6562.83  1.99115e-15
6564.25  1.95646e-15
6565.67  1.9216e-15
6567.09  1.88905e-15
6568.51  1.86055e-15
6569.93  1.83689e-15
6571.35  1.81781e-15
6572.78  1.80216e-15
6574.2   1.7882e-15
6575.62  1.77405e-15
6577.04  1.7582e-15
6578.46  1.73989e-15
6579.88  1.71944e-15
6581.3   1.69828e-15
6582.72  1.67879e-15
6584.14  1.66387e-15
6585.56  1.65644e-15
6586.98  1.65874e-15
6588.4   1.67185e-15
6589.83  1.69524e-15
6591.25  1.72672e-15
6592.67  1.76254e-15
6594.09  1.7979e-15
6595.51  1.8276e-15
6596.93  1.84681e-15
6598.35  1.85184e-15
6599.77  1.84072e-15
6601.19  1.81352e-15
6602.61  1.77246e-15
6604.03  1.72155e-15
6605.45  1.66608e-15
6606.88  1.61187e-15
6608.3   1.56446e-15
6609.72  1.5284e-15
6611.14  1.50659e-15
6612.56  1.50001e-15
6613.98  1.50761e-15
6615.4   1.52659e-15
6616.82  1.55282e-15
6618.24  1.58153e-15
6619.66  1.60795e-15
6621.08  1.62802e-15
6622.5   1.63887e-15
6623.93  1.63917e-15
6625.35  1.62921e-15
6626.77  1.61075e-15
6628.19  1.58664e-15
6629.61  1.56038e-15
6631.03  1.53549e-15
6632.45  1.51504e-15
6633.87  1.5012e-15
6635.29  1.49496e-15
6636.71  1.49608e-15
6638.13  1.50321e-15
6639.55  1.51412e-15
6640.98  1.52618e-15
6642.4   1.5367e-15
6643.82  1.54341e-15
6645.24  1.54469e-15
6646.66  1.53983e-15
6648.08  1.52899e-15
6649.5   1.51315e-15
6650.92  1.49386e-15
6652.34  1.47301e-15
6653.76  1.45251e-15
6655.18  1.4341e-15
6656.6   1.41912e-15
6658.03  1.40844e-15
6659.45  1.40237e-15
6660.87  1.4007e-15
6662.29  1.40269e-15
6663.71  1.4072e-15
6665.13  1.41269e-15
6666.55  1.41741e-15
6667.97  1.41951e-15
6669.39  1.41724e-15
6670.81  1.40921e-15
6672.23  1.39455e-15
6673.65  1.37316e-15
6675.08  1.34582e-15
6676.5   1.3142e-15
6677.92  1.28068e-15
6679.34  1.24815e-15
6680.76  1.21955e-15
6682.18  1.19752e-15
6683.6   1.18388e-15
6685.02  1.17939e-15
6686.44  1.18357e-15
6687.86  1.19469e-15
6689.28  1.21009e-15
6690.7   1.22651e-15
6692.13  1.24062e-15
6693.55  1.2495e-15
6694.97  1.25111e-15
6696.39  1.24451e-15
6697.81  1.22999e-15
6699.23  1.20892e-15
6700.65  1.18344e-15
6702.07  1.15611e-15
6703.49  1.12944e-15
6704.91  1.10548e-15
6706.33  1.0856e-15
6707.75  1.07028e-15
6709.18  1.05917e-15
6710.6   1.05127e-15
6712.02  1.04513e-15
6713.44  1.03922e-15
6714.86  1.0322e-15
6716.28  1.0231e-15
6717.7   1.01152e-15
6719.12  9.97573e-16
6720.54  9.81865e-16
6721.96  9.65311e-16
6723.38  9.48973e-16
6724.81  9.33891e-16
6726.23  9.20956e-16
6727.65  9.10844e-16
6729.07  9.04008e-16
6730.49  9.00719e-16
6731.91  9.01123e-16
6733.33  9.05296e-16
6734.75  9.1328e-16
6736.17  9.25072e-16
6737.59  9.4059e-16
6739.01  9.59607e-16
6740.43  9.81686e-16
6741.86  1.00612e-15
6743.28  1.03191e-15
6744.7   1.05779e-15
6746.12  1.08223e-15
6747.54  1.10357e-15
6748.96  1.12013e-15
6750.38  1.13031e-15
6751.8   1.13279e-15
6753.22  1.12662e-15
6754.64  1.11145e-15
6756.06  1.08757e-15
6757.48  1.05604e-15
6758.91  1.01866e-15
6760.33  9.77896e-16
6761.75  9.36681e-16
6763.17  8.98128e-16
6764.59  8.65185e-16
6766.01  8.40272e-16
6767.43  8.24952e-16
6768.85  8.19697e-16
6770.27  8.23806e-16
6771.69  8.35493e-16
6773.11  8.52136e-16
6774.53  8.70672e-16
6775.96  8.8805e-16
6777.38  9.01683e-16
6778.8   9.0982e-16
6780.22  9.11755e-16
6781.64  9.07866e-16
6783.06  8.99453e-16
6784.48  8.88435e-16
6785.9   8.76948e-16
6787.32  8.66943e-16
6788.74  8.59842e-16
6790.16  8.56338e-16
6791.58  8.56347e-16
6793.01  8.59145e-16
6794.43  8.63613e-16
6795.85  8.68568e-16
6797.27  8.73071e-16
6798.69  8.76657e-16
6800.11  8.79428e-16
6801.53  8.81988e-16
6802.95  8.85231e-16
6804.37  8.90049e-16
6805.79  8.97012e-16
6807.21  9.06119e-16
6808.63  9.16679e-16
6810.06  9.27365e-16
6811.48  9.36434e-16
6812.9   9.42082e-16
6814.32  9.42844e-16
6815.74  9.37971e-16
6817.16  9.27674e-16
6818.58  9.13193e-16
6820     8.9665e-16
6821.42  8.8072e-16
6822.84  8.68168e-16
6824.26  8.61359e-16
6825.68  8.61814e-16
6827.11  8.69928e-16
6828.53  8.84885e-16
6829.95  9.04804e-16
6831.37  9.27066e-16
6832.79  9.48775e-16
6834.21  9.67246e-16
6835.63  9.80431e-16
6837.05  9.87202e-16
6838.47  9.87434e-16
6839.89  9.81908e-16
6841.31  9.72038e-16
6842.73  9.5952e-16
6844.16  9.45963e-16
6845.58  9.32607e-16
6847     9.20168e-16
6848.42  9.08838e-16
6849.84  8.98436e-16
6851.26  8.88648e-16
6852.68  8.79289e-16
6854.1   8.7052e-16
6855.52  8.62946e-16
6856.94  8.57583e-16
6858.36  8.55673e-16
6859.78  8.58409e-16
6861.21  8.6661e-16
6862.63  8.80438e-16
6864.05  8.99202e-16
6865.47  9.21321e-16
6866.89  9.44436e-16
6868.31  9.6569e-16
6869.73  9.82102e-16
6871.15  9.91002e-16
6872.57  9.90441e-16
6873.99  9.79519e-16
6875.41  9.58569e-16
6876.83  9.29174e-16
6878.26  8.94005e-16
6879.68  8.56511e-16
6881.1   8.20491e-16
6882.52  7.8962e-16
6883.94  7.66987e-16
6885.36  7.5472e-16
6886.78  7.53733e-16
6888.2   7.63639e-16
6889.62  7.82822e-16
6891.04  8.08666e-16
6892.46  8.37886e-16
6893.88  8.66936e-16
6895.31  8.92415e-16
6896.73  9.11446e-16
6898.15  9.21978e-16
6899.57  9.22978e-16
6900.99  9.14517e-16
6902.41  8.97732e-16
6903.83  8.74679e-16
6905.25  8.48105e-16
6906.67  8.21138e-16
6908.09  7.96956e-16
6909.51  7.78435e-16
6910.93  7.67833e-16
6912.36  7.6653e-16
6913.78  7.74863e-16
6915.2   7.92071e-16
6916.62  8.16376e-16
6918.04  8.45183e-16
6919.46  8.75392e-16
6920.88  9.03781e-16
6922.3   9.27402e-16
6923.72  9.43948e-16
6925.14  9.52021e-16
6926.56  9.51266e-16
6927.98  9.42356e-16
6929.41  9.26827e-16
6930.83  9.06798e-16
6932.25  8.84623e-16
6933.67  8.62553e-16
6935.09  8.42432e-16
6936.51  8.25516e-16
6937.93  8.12391e-16
6939.35  8.03027e-16
6940.77  7.96916e-16
6942.19  7.93265e-16
6943.61  7.91207e-16
6945.03  7.89973e-16
6946.46  7.89015e-16
6947.88  7.88061e-16
6949.3   7.87105e-16
6950.72  7.86351e-16
6952.14  7.86135e-16
6953.56  7.86847e-16
6954.98  7.88864e-16
6956.4   7.92511e-16
6957.82  7.98042e-16
6959.24  8.05638e-16
6960.66  8.15411e-16
6962.08  8.27397e-16
6963.51  8.41538e-16
6964.93  8.57644e-16
6966.35  8.75344e-16
6967.77  8.94042e-16
6969.19  9.12885e-16
6970.61  9.30761e-16
6972.03  9.46344e-16
6973.45  9.58192e-16
6974.87  9.64882e-16
6976.29  9.65191e-16
6977.71  9.58278e-16
6979.13  9.4386e-16
6980.56  9.22337e-16
6981.98  8.94851e-16
6983.4   8.63251e-16
6984.82  8.29977e-16
6986.24  7.9784e-16
6987.66  7.69746e-16
6989.08  7.48372e-16
6990.5   7.35838e-16
6991.92  7.3343e-16
6993.34  7.41387e-16
6994.76  7.58818e-16
6996.19  7.83749e-16
6997.61  8.13314e-16
6999.03  8.44087e-16
7000.45  8.72492e-16
7001.87  8.95274e-16
7003.29  9.09934e-16
7004.71  9.15084e-16
7006.13  9.10645e-16
7007.55  8.97869e-16
7008.97  8.79161e-16
7010.39  8.57717e-16
7011.81  8.37049e-16
7013.24  8.20444e-16
7014.66  8.10461e-16
7016.08  8.08539e-16
7017.5   8.14777e-16
7018.92  8.27943e-16
7020.34  8.45679e-16
7021.76  8.64909e-16
7023.18  8.82346e-16
7024.6   8.95041e-16
7026.02  9.00864e-16
7027.44  8.98846e-16
7028.86  8.89325e-16
7030.29  8.73868e-16
7031.71  8.54984e-16
7033.13  8.35691e-16
7034.55  8.18987e-16
7035.97  8.07346e-16
7037.39  8.02293e-16
7038.81  8.04163e-16
7040.23  8.12048e-16
7041.65  8.23975e-16
7043.07  8.37249e-16
7044.49  8.48934e-16
7045.91  8.56365e-16
7047.34  8.57626e-16
7048.76  8.51899e-16
7050.18  8.39641e-16
7051.6   8.22552e-16
7053.02  8.03339e-16
7054.44  7.85312e-16
7055.86  7.71863e-16
7057.28  7.65918e-16
7058.7   7.69425e-16
7060.12  7.82981e-16
7061.54  8.05643e-16
7062.96  8.34958e-16
7064.39  8.67236e-16
7065.81  8.98017e-16
7067.23  9.22684e-16
7068.65  9.37132e-16
7070.07  9.38398e-16
7071.49  9.25155e-16
7072.91  8.97997e-16
7074.33  8.5946e-16
7075.75  8.13767e-16
7077.17  7.66337e-16
7078.59  7.23099e-16
7080.01  6.89728e-16
7081.44  6.70887e-16
7082.86  6.69594e-16
7084.28  6.86792e-16
7085.7   7.21198e-16
7087.12  7.69448e-16
7088.54  8.26529e-16
7089.96  8.86441e-16
7091.38  9.43001e-16
7092.8   9.90674e-16
7094.22  1.02531e-15
7095.64  1.0447e-15
7097.06  1.04878e-15
7098.49  1.03956e-15
7099.91  1.02074e-15
7101.33  9.96972e-16
7102.75  9.73096e-16
7104.17  9.53261e-16
7105.59  9.4025e-16
7107.01  9.35039e-16
7108.43  9.3671e-16
7109.85  9.42725e-16
7111.27  9.49499e-16
7112.69  9.53172e-16
7114.11  9.50419e-16
7115.54  9.39138e-16
7116.96  9.18885e-16
7118.38  8.90972e-16
7119.8   8.58218e-16
7121.22  8.24419e-16
7122.64  7.93649e-16
7124.06  7.69538e-16
7125.48  7.54679e-16
7126.9   7.50264e-16
7128.32  7.56006e-16
7129.74  7.70334e-16
7131.16  7.90805e-16
7132.59  8.1461e-16
7134.01  8.39086e-16
7135.43  8.62099e-16
7136.85  8.82275e-16
7138.27  8.99026e-16
7139.69  9.12428e-16
7141.11  9.22991e-16
7142.53  9.31405e-16
7143.95  9.3832e-16
7145.37  9.44213e-16
7146.79  9.49342e-16
7148.21  9.53783e-16
7149.64  9.57506e-16
7151.06  9.60464e-16
7152.48  9.62656e-16
7153.9   9.6415e-16
7155.32  9.65076e-16
7156.74  9.65588e-16
7158.16  9.65839e-16
7159.58  9.65944e-16
7161     9.6598e-16
7162.42  9.65991e-16
7163.84  9.65993e-16
7165.26  9.65993e-16
7166.69  9.65993e-16