3415.29  2.32754e-15
3416.74  2.33701e-15
3418.18  2.36156e-15
3419.63  2.40267e-15
3421.07  2.45976e-15
3422.52  2.53016e-15
3423.96  2.60933e-15
3425.41  2.69144e-15
3426.85  2.7702e-15
3428.3   2.83984e-15
3429.74  2.89605e-15
3431.19  2.93662e-15
3432.63  2.96187e-15
3434.08  2.97457e-15
3435.52  2.97952e-15
3436.97  2.98273e-15
3438.41  2.99047e-15
3439.86  3.00824e-15
3441.3   3.03986e-15
3442.75  3.08681e-15
3444.19  3.14799e-15
3445.64  3.21975e-15
3447.08  3.29643e-15
3448.53  3.37104e-15
3449.97  3.4363e-15
3451.42  3.48557e-15
3452.87  3.51384e-15
3454.31  3.51841e-15
3455.76  3.4994e-15
3457.2   3.45975e-15
3458.65  3.405e-15
3460.09  3.3427e-15
3461.54  3.28151e-15
3462.98  3.23025e-15
3464.43  3.19686e-15
3465.87  3.18746e-15
3467.32  3.20563e-15
3468.76  3.25195e-15
3470.21  3.32395e-15
3471.65  3.41633e-15
3473.1   3.52157e-15
3474.54  3.63083e-15
3475.99  3.73498e-15
3477.43  3.82567e-15
3478.88  3.89641e-15
3480.32  3.94328e-15
3481.77  3.9654e-15
3483.21  3.96504e-15
3484.66  3.94717e-15
3486.1   3.91886e-15
3487.55  3.88832e-15
3488.99  3.86381e-15
3490.44  3.85272e-15
3491.88  3.86075e-15
3493.33  3.89135e-15
3494.77  3.94561e-15
3496.22  4.02237e-15
3497.67  4.11869e-15
3499.11  4.23047e-15
3500.56  4.35315e-15
3502     4.48236e-15
3503.45  4.6144e-15
3504.89  4.74657e-15
3506.34  4.87713e-15
3507.78  5.00511e-15
3509.23  5.12998e-15
3510.67  5.25112e-15
3512.12  5.36748e-15
3513.56  5.47725e-15
3515.01  5.57783e-15
3516.45  5.666e-15
3517.9   5.73835e-15
3519.34  5.79182e-15
3520.79  5.82441e-15
3522.23  5.83568e-15
3523.68  5.82716e-15
3525.12  5.80245e-15
3526.57  5.76695e-15
3528.01  5.72733e-15
3529.46  5.69068e-15
3530.9   5.66369e-15
3532.35  5.65165e-15
3533.79  5.65791e-15
3535.24  5.6834e-15
3536.68  5.72673e-15
3538.13  5.78448e-15
3539.57  5.8519e-15
3541.02  5.92377e-15
3542.47  5.99518e-15
3543.91  6.06231e-15
3545.36  6.1229e-15
3546.8   6.17645e-15
3548.25  6.22414e-15
3549.69  6.26847e-15
3551.14  6.31274e-15
3552.58  6.36047e-15
3554.03  6.41482e-15
3555.47  6.47809e-15
3556.92  6.55139e-15
3558.36  6.63447e-15
3559.81  6.72563e-15
3561.25  6.8219e-15
3562.7   6.91917e-15
3564.14  7.01259e-15
3565.59  7.09688e-15
3567.03  7.16679e-15
3568.48  7.21758e-15
3569.92  7.24544e-15
3571.37  7.24794e-15
3572.81  7.22436e-15
3574.26  7.1759e-15
3575.7   7.10572e-15
3577.15  7.01883e-15
3578.59  6.9217e-15
3580.04  6.82177e-15
3581.48  6.72674e-15
3582.93  6.64385e-15
3584.37  6.57914e-15
3585.82  6.53676e-15
3587.26  6.5185e-15
3588.71  6.52351e-15
3590.16  6.54834e-15
3591.6   6.58718e-15
3593.05  6.63243e-15
3594.49  6.6755e-15
3595.94  6.70769e-15
3597.38  6.72122e-15
3598.83  6.71013e-15
3600.27  6.6711e-15
3601.72  6.60392e-15
3603.16  6.51172e-15
3604.61  6.40072e-15
3606.05  6.27961e-15
3607.5   6.15858e-15
3608.94  6.04817e-15
3610.39  5.95799e-15
3611.83  5.89555e-15
3613.28  5.86537e-15
3614.72  5.86844e-15
3616.17  5.90223e-15
3617.61  5.96113e-15
3619.06  6.03725e-15
3620.5   6.12161e-15
3621.95  6.20528e-15
3623.39  6.28056e-15
3624.84  6.34178e-15
3626.28  6.38584e-15
3627.73  6.41218e-15
3629.17  6.42251e-15
3630.62  6.4201e-15
3632.06  6.40895e-15
3633.51  6.39303e-15
3634.96  6.37555e-15
3636.4   6.35864e-15
3637.85  6.34326e-15
3639.29  6.32945e-15
3640.74  6.31681e-15
3642.18  6.30499e-15
3643.63  6.29415e-15
3645.07  6.28525e-15
3646.52  6.27995e-15
3647.96  6.28032e-15
3649.41  6.28827e-15
3650.85  6.30496e-15
3652.3   6.33023e-15
3653.74  6.36229e-15
3655.19  6.39769e-15
3656.63  6.43174e-15
3658.08  6.45915e-15
3659.52  6.47489e-15
3660.97  6.47507e-15
3662.41  6.45764e-15
3663.86  6.42276e-15
3665.3   6.37271e-15
3666.75  6.31148e-15
3668.19  6.24389e-15
3669.64  6.17464e-15
3671.08  6.1073e-15
3672.53  6.04352e-15
3673.97  5.98266e-15
3675.42  5.92187e-15
3676.86  5.85656e-15
3678.31  5.78138e-15
3679.76  5.69129e-15
3681.2   5.5827e-15
3682.65  5.45436e-15
3684.09  5.30785e-15
3685.54  5.14767e-15
3686.98  4.9807e-15
3688.43  4.81533e-15
3689.87  4.66024e-15
3691.32  4.52321e-15
3692.76  4.41001e-15
3694.21  4.32359e-15
3695.65  4.26382e-15
3697.1   4.22764e-15
3698.54  4.20964e-15
3699.99  4.20298e-15
3701.43  4.20038e-15
3702.88  4.19511e-15
3704.32  4.18172e-15
3705.77  4.15646e-15
3707.21  4.11747e-15
3708.66  4.06455e-15
3710.1   3.99894e-15
3711.55  3.92288e-15
3712.99  3.83932e-15
3714.44  3.75168e-15
3715.88  3.66369e-15
3717.33  3.57932e-15
3718.77  3.50265e-15
3720.22  3.43777e-15
3721.66  3.38838e-15
3723.11  3.35749e-15
3724.55  3.34688e-15
3726     3.35668e-15
3727.45  3.38509e-15
3728.89  3.42829e-15
3730.34  3.48065e-15
3731.78  3.5353e-15
3733.23  3.5849e-15
3734.67  3.62256e-15
3736.12  3.64275e-15
3737.56  3.64202e-15
3739.01  3.61947e-15
3740.45  3.57673e-15
3741.9   3.51765e-15
3743.34  3.44758e-15
3744.79  3.37251e-15
3746.23  3.29816e-15
3747.68  3.22917e-15
3749.12  3.16858e-15
3750.57  3.11766e-15
3752.01  3.07603e-15
3753.46  3.04213e-15
3754.9   3.01374e-15
3756.35  2.98865e-15
3757.79  2.96512e-15
3759.24  2.94219e-15
3760.68  2.91973e-15
3762.13  2.89833e-15
3763.57  2.87893e-15
3765.02  2.86252e-15
3766.46  2.84979e-15
3767.91  2.84094e-15
3769.35  2.83563e-15
3770.8   2.8331e-15
3772.25  2.8324e-15
3773.69  2.83259e-15
3775.14  2.83304e-15
3776.58  2.83348e-15
3778.03  2.83408e-15
3779.47  2.8353e-15
3780.92  2.83774e-15
3782.36  2.84194e-15
3783.81  2.84821e-15
3785.25  2.85653e-15
3786.7   2.86658e-15
3788.14  2.87788e-15
3789.59  2.88995e-15
3791.03  2.9025e-15
3792.48  2.91557e-15
3793.92  2.92965e-15
3795.37  2.94556e-15
3796.81  2.96438e-15
3798.26  2.98723e-15
3799.7   3.01504e-15
3801.15  3.04837e-15
3802.59  3.08733e-15
3804.04  3.13156e-15
3805.48  3.18029e-15
3806.93  3.2326e-15
3808.37  3.28754e-15
3809.82  3.34439e-15
3811.26  3.40279e-15
3812.71  3.46281e-15
3814.15  3.52495e-15
3815.6   3.59e-15
3817.04  3.65891e-15
3818.49  3.73253e-15
3819.94  3.81141e-15
3821.38  3.89566e-15
3822.83  3.98477e-15
3824.27  4.07762e-15
3825.72  4.1725e-15
3827.16  4.26731e-15
3828.61  4.35979e-15
3830.05  4.44784e-15
3831.5   4.52983e-15
3832.94  4.60501e-15
3834.39  4.67368e-15
3835.83  4.73738e-15
3837.28  4.79882e-15
3838.72  4.86166e-15
3840.17  4.93008e-15
3841.61  5.0082e-15
3843.06  5.09946e-15
3844.5   5.20599e-15
3845.95  5.32818e-15
3847.39  5.46444e-15
3848.84  5.61132e-15
3850.28  5.76394e-15
3851.73  5.91667e-15
3853.17  6.06408e-15
3854.62  6.20176e-15
3856.06  6.3272e-15
3857.51  6.4402e-15
3858.95  6.54297e-15
3860.4   6.63982e-15
3861.84  6.73637e-15
3863.29  6.83862e-15
3864.74  6.95183e-15
3866.18  7.07955e-15
3867.63  7.223e-15
3869.07  7.38082e-15
3870.52  7.54925e-15
3871.96  7.72284e-15
3873.41  7.89531e-15
3874.85  8.06063e-15
3876.3   8.21392e-15
3877.74  8.35213e-15
3879.19  8.47434e-15
3880.63  8.58162e-15
3882.08  8.67655e-15
3883.52  8.76249e-15
3884.97  8.8428e-15
3886.41  8.92004e-15
3887.86  8.99551e-15
3889.3   9.06899e-15
3890.75  9.13889e-15
3892.19  9.20264e-15
3893.64  9.25729e-15
3895.08  9.30024e-15
3896.53  9.32987e-15
3897.97  9.34601e-15
3899.42  9.35021e-15
3900.86  9.34571e-15
3902.31  9.3371e-15
3903.75  9.32983e-15
3905.2   9.32943e-15
3906.64  9.34083e-15
3908.09  9.36762e-15
3909.54  9.41149e-15
3910.98  9.47193e-15
3912.43  9.54614e-15
3913.87  9.62933e-15
3915.32  9.71523e-15
3916.76  9.79682e-15
3918.21  9.86722e-15
3919.65  9.92057e-15
3921.1   9.95284e-15
3922.54  9.96241e-15
3923.99  9.95031e-15
3925.43  9.92019e-15
3926.88  9.87784e-15
3928.32  9.83048e-15
3929.77  9.78574e-15
3931.21  9.75068e-15
3932.66  9.73075e-15
3934.1   9.72912e-15
3935.55  9.7462e-15
3936.99  9.77967e-15
3938.44  9.82487e-15
3939.88  9.87551e-15
3941.33  9.92454e-15
3942.77  9.96518e-15
3944.22  9.99165e-15
3945.66  9.99984e-15
3947.11  9.98751e-15
3948.55  9.9543e-15
3950     9.90139e-15
3951.44  9.83107e-15
3952.89  9.7462e-15
3954.33  9.64984e-15
3955.78  9.5449e-15
3957.23  9.43401e-15
3958.67  9.31954e-15
3960.12  9.20361e-15
3961.56  9.08816e-15
3963.01  8.97495e-15
3964.45  8.86547e-15
3965.9   8.76074e-15
3967.34  8.66114e-15
3968.79  8.56627e-15
3970.23  8.47487e-15
3971.68  8.385e-15
3973.12  8.29424e-15
3974.57  8.20017e-15
3976.01  8.1008e-15
3977.46  7.99499e-15
3978.9   7.88274e-15
3980.35  7.76532e-15
3981.79  7.64513e-15
3983.24  7.52541e-15
3984.68  7.40983e-15
3986.13  7.30201e-15
3987.57  7.20513e-15
3989.02  7.12168e-15
3990.46  7.0533e-15
3991.91  7.00087e-15
3993.35  6.96459e-15
3994.8   6.94425e-15
3996.24  6.93934e-15
3997.69  6.94917e-15
3999.13  6.97293e-15
4000.58  7.00956e-15
4002.03  7.05772e-15
4003.47  7.11565e-15
4004.92  7.18122e-15
4006.36  7.25196e-15
4007.81  7.32526e-15
4009.25  7.39859e-15
4010.7   7.46981e-15
4012.14  7.53733e-15
4013.59  7.60029e-15
4015.03  7.65852e-15
4016.48  7.71246e-15
4017.92  7.76296e-15
4019.37  7.81102e-15
4020.81  7.85758e-15
4022.26  7.90339e-15
4023.7   7.94893e-15
4025.15  7.99449e-15
4026.59  8.04026e-15
4028.04  8.08646e-15
4029.48  8.13347e-15
4030.93  8.18186e-15
4032.37  8.2323e-15
4033.82  8.28546e-15
4035.26  8.34175e-15
4036.71  8.40112e-15
4038.15  8.46292e-15
4039.6   8.52577e-15
4041.04  8.58771e-15
4042.49  8.64634e-15
4043.93  8.69919e-15
4045.38  8.74406e-15
4046.83  8.77941e-15
4048.27  8.80464e-15
4049.72  8.82029e-15
4051.16  8.828e-15
4052.61  8.83034e-15
4054.05  8.83049e-15
4055.5   8.83179e-15
4056.94  8.83729e-15
4058.39  8.84926e-15
4059.83  8.86892e-15
4061.28  8.89622e-15
4062.72  8.92987e-15
4064.17  8.96751e-15
4065.61  9.00603e-15
4067.06  9.04201e-15
4068.5   9.07219e-15
4069.95  9.0938e-15
4071.39  9.10495e-15
4072.84  9.10475e-15
4074.28  9.09333e-15
4075.73  9.07176e-15
4077.17  9.04184e-15
4078.62  9.00584e-15
4080.06  8.96625e-15
4081.51  8.92556e-15
4082.95  8.88604e-15
4084.4   8.84968e-15
4085.84  8.81805e-15
4087.29  8.79226e-15
4088.73  8.77296e-15
4090.18  8.76026e-15
4091.62  8.75373e-15
4093.07  8.75235e-15
4094.52  8.75456e-15
4095.96  8.7583e-15
4097.41  8.76113e-15
4098.85  8.76045e-15
4100.3   8.75378e-15
4101.74  8.73901e-15
4103.19  8.71473e-15
4104.63  8.68048e-15
4106.08  8.6368e-15
4107.52  8.58529e-15
4108.97  8.5284e-15
4110.41  8.46913e-15
4111.86  8.41066e-15
4113.3   8.35588e-15
4114.75  8.30702e-15
4116.19  8.26538e-15
4117.64  8.23124e-15
4119.08  8.2039e-15
4120.53  8.18196e-15
4121.97  8.16369e-15
4123.42  8.14745e-15
4124.86  8.13209e-15
4126.31  8.11712e-15
4127.75  8.10286e-15
4129.2   8.09028e-15
4130.64  8.08064e-15
4132.09  8.07519e-15
4133.53  8.0747e-15
4134.98  8.07914e-15
4136.42  8.08762e-15
4137.87  8.09838e-15
4139.32  8.10916e-15
4140.76  8.11755e-15
4142.21  8.12151e-15
4143.65  8.1198e-15
4145.1   8.11223e-15
4146.54  8.09974e-15
4147.99  8.08418e-15
4149.43  8.06799e-15
4150.88  8.05361e-15
4152.32  8.04303e-15
4153.77  8.03731e-15
4155.21  8.03635e-15
4156.66  8.03887e-15
4158.1   8.04265e-15
4159.55  8.04495e-15
4160.99  8.04304e-15
4162.44  8.03474e-15
4163.88  8.01886e-15
4165.33  7.99542e-15
4166.77  7.96576e-15
4168.22  7.93229e-15
4169.66  7.89817e-15
4171.11  7.86683e-15
4172.55  7.8415e-15
4174     7.82477e-15
4175.44  7.8183e-15
4176.89  7.82261e-15
4178.33  7.83714e-15
4179.78  7.86033e-15
4181.22  7.88986e-15
4182.67  7.92296e-15
4184.12  7.95667e-15
4185.56  7.98814e-15
4187.01  8.01483e-15
4188.45  8.0347e-15
4189.9   8.04633e-15
4191.34  8.04891e-15
4192.79  8.04229e-15
4194.23  8.02689e-15
4195.68  8.0036e-15
4197.12  7.9736e-15
4198.57  7.93828e-15
4200.01  7.899e-15
4201.46  7.857e-15
4202.9   7.81329e-15
4204.35  7.76859e-15
4205.79  7.72335e-15
4207.24  7.67776e-15
4208.68  7.63184e-15
4210.13  7.5855e-15
4211.57  7.53855e-15
4213.02  7.49079e-15
4214.46  7.442e-15
4215.91  7.39197e-15
4217.35  7.34046e-15
4218.8   7.28728e-15
4220.24  7.23232e-15
4221.69  7.17561e-15
4223.13  7.11737e-15
4224.58  7.05807e-15
4226.02  6.99844e-15
4227.47  6.93944e-15
4228.91  6.8822e-15
4230.36  6.82786e-15
4231.81  6.77743e-15
4233.25  6.7317e-15
4234.7   6.69106e-15
4236.14  6.65548e-15
4237.59  6.6245e-15
4239.03  6.59732e-15
4240.48  6.5729e-15
4241.92  6.55011e-15
4243.37  6.52796e-15
4244.81  6.50566e-15
4246.26  6.48275e-15
4247.7   6.45911e-15
4249.15  6.4349e-15
4250.59  6.41042e-15
4252.04  6.38595e-15
4253.48  6.36159e-15
4254.93  6.3371e-15
4256.37  6.31183e-15
4257.82  6.28479e-15
4259.26  6.25475e-15
4260.71  6.22047e-15
4262.15  6.18097e-15
4263.6   6.13578e-15
4265.04  6.08514e-15
4266.49  6.03007e-15
4267.93  5.97232e-15
4269.38  5.91414e-15
4270.82  5.85796e-15
4272.27  5.806e-15
4273.71  5.75984e-15
4275.16  5.72013e-15
4276.61  5.68641e-15
4278.05  5.65712e-15
4279.5   5.62979e-15
4280.94  5.60141e-15
4282.39  5.56896e-15
4283.83  5.52988e-15
4285.28  5.48252e-15
4286.72  5.42646e-15
4288.17  5.36265e-15
4289.61  5.29324e-15
4291.06  5.22133e-15
4292.5   5.1505e-15
4293.95  5.08429e-15
4295.39  5.02573e-15
4296.84  4.9769e-15
4298.28  4.93875e-15
4299.73  4.91095e-15
4301.17  4.89209e-15
4302.62  4.87986e-15
4304.06  4.8714e-15
4305.51  4.86371e-15
4306.95  4.85398e-15
4308.4   4.83991e-15
4309.84  4.81995e-15
4311.29  4.79346e-15
4312.73  4.76074e-15
4314.18  4.72305e-15
4315.62  4.68249e-15
4317.07  4.64182e-15
4318.51  4.60424e-15
4319.96  4.57306e-15
4321.41  4.55138e-15
4322.85  4.54176e-15
4324.3   4.54587e-15
4325.74  4.56427e-15
4327.19  4.59627e-15
4328.63  4.63992e-15
4330.08  4.69212e-15
4331.52  4.74896e-15
4332.97  4.80606e-15
4334.41  4.85907e-15
4335.86  4.90407e-15
4337.3   4.93807e-15
4338.75  4.95924e-15
4340.19  4.96716e-15
4341.64  4.96274e-15
4343.08  4.94811e-15
4344.53  4.9263e-15
4345.97  4.90078e-15
4347.42  4.87501e-15
4348.86  4.85202e-15
4350.31  4.83399e-15
4351.75  4.82206e-15
4353.2   4.81626e-15
4354.64  4.81563e-15
4356.09  4.81844e-15
4357.53  4.82258e-15
4358.98  4.8259e-15
4360.42  4.82663e-15
4361.87  4.82359e-15
4363.31  4.81639e-15
4364.76  4.80543e-15
4366.2   4.79179e-15
4367.65  4.77706e-15
4369.1   4.76303e-15
4370.54  4.75145e-15
4371.99  4.74378e-15
4373.43  4.74099e-15
4374.88  4.74345e-15
4376.32  4.75092e-15
4377.77  4.76258e-15
4379.21  4.77719e-15
4380.66  4.79327e-15
4382.1   4.80928e-15
4383.55  4.82389e-15
4384.99  4.83612e-15
4386.44  4.84553e-15
4387.88  4.85231e-15
4389.33  4.85725e-15
4390.77  4.86175e-15
4392.22  4.86761e-15
4393.66  4.87686e-15
4395.11  4.89151e-15
4396.55  4.91328e-15
4398     4.94334e-15
4399.44  4.9821e-15
4400.89  5.02908e-15
4402.33  5.08292e-15
4403.78  5.14147e-15
4405.22  5.20199e-15
4406.67  5.26152e-15
4408.11  5.31719e-15
4409.56  5.36666e-15
4411     5.40838e-15
4412.45  5.44183e-15
4413.9   5.46756e-15
4415.34  5.48707e-15
4416.79  5.50264e-15
4418.23  5.51692e-15
4419.68  5.53256e-15
4421.12  5.5519e-15
4422.57  5.57664e-15
4424.01  5.60772e-15
4425.46  5.64528e-15
4426.9   5.68875e-15
4428.35  5.73704e-15
4429.79  5.78875e-15
4431.24  5.84242e-15
4432.68  5.89669e-15
4434.13  5.95038e-15
4435.57  6.00259e-15
4437.02  6.05264e-15
4438.46  6.10001e-15
4439.91  6.14429e-15
4441.35  6.18511e-15
4442.8   6.22213e-15
4444.24  6.25502e-15
4445.69  6.28351e-15
4447.13  6.30746e-15
4448.58  6.32688e-15
4450.02  6.34201e-15
4451.47  6.35331e-15
4452.91  6.36149e-15
4454.36  6.36747e-15
4455.8   6.37229e-15
4457.25  6.37708e-15
4458.7   6.38295e-15
4460.14  6.3909e-15
4461.59  6.40178e-15
4463.03  6.4162e-15
4464.48  6.43453e-15
4465.92  6.45691e-15
4467.37  6.48316e-15
4468.81  6.5129e-15
4470.26  6.54547e-15
4471.7   6.58005e-15
4473.15  6.61562e-15
4474.59  6.65109e-15
4476.04  6.6854e-15
4477.48  6.71761e-15
4478.93  6.74706e-15
4480.37  6.77347e-15
4481.82  6.79706e-15
4483.26  6.81851e-15
4484.71  6.83895e-15
4486.15  6.8598e-15
4487.6   6.88258e-15
4489.04  6.90862e-15
4490.49  6.9389e-15
4491.93  6.97381e-15
4493.38  7.0131e-15
4494.82  7.05589e-15
4496.27  7.10083e-15
4497.71  7.1463e-15
4499.16  7.19071e-15
4500.6   7.23274e-15
4502.05  7.27156e-15
4503.49  7.30694e-15
4504.94  7.33921e-15
4506.39  7.36912e-15
4507.83  7.39765e-15
4509.28  7.42567e-15
4510.72  7.45375e-15
4512.17  7.48193e-15
4513.61  7.50965e-15
4515.06  7.53577e-15
4516.5   7.55876e-15
4517.95  7.57693e-15
4519.39  7.58877e-15
4520.84  7.59324e-15
4522.28  7.59005e-15
4523.73  7.57979e-15
4525.17  7.56395e-15
4526.62  7.5448e-15
4528.06  7.52509e-15
4529.51  7.50771e-15
4530.95  7.4952e-15
4532.4   7.48935e-15
4533.84  7.49084e-15
4535.29  7.49907e-15
4536.73  7.51213e-15
4538.18  7.52699e-15
4539.62  7.53995e-15
4541.07  7.54709e-15
4542.51  7.54494e-15
4543.96  7.53098e-15
4545.4   7.50408e-15
4546.85  7.46475e-15
4548.29  7.41508e-15
4549.74  7.35853e-15
4551.19  7.29939e-15
4552.63  7.24224e-15
4554.08  7.19123e-15
4555.52  7.14961e-15
4556.97  7.11922e-15
4558.41  7.10045e-15
4559.86  7.09223e-15
4561.3   7.09243e-15
4562.75  7.09833e-15
4564.19  7.10717e-15
4565.64  7.11668e-15
4567.08  7.12543e-15
4568.53  7.13299e-15
4569.97  7.13987e-15
4571.42  7.14725e-15
4572.86  7.15656e-15
4574.31  7.16904e-15
4575.75  7.18539e-15
4577.2   7.20546e-15
4578.64  7.22824e-15
4580.09  7.25196e-15
4581.53  7.27439e-15
4582.98  7.29326e-15
4584.42  7.30662e-15
4585.87  7.31319e-15
4587.31  7.31261e-15
4588.76  7.30546e-15
4590.2   7.29312e-15
4591.65  7.27756e-15
4593.09  7.26093e-15
4594.54  7.2452e-15
4595.99  7.23182e-15
4597.43  7.2215e-15
4598.88  7.21408e-15
4600.32  7.20865e-15
4601.77  7.20373e-15
4603.21  7.19758e-15
4604.66  7.18859e-15
4606.1   7.17559e-15
4607.55  7.15813e-15
4608.99  7.13656e-15
4610.44  7.11201e-15
4611.88  7.08617e-15
4613.33  7.06102e-15
4614.77  7.03836e-15
4616.22  7.01951e-15
4617.66  7.00502e-15
4619.11  6.99445e-15
4620.55  6.98646e-15
4622     6.97892e-15
4623.44  6.96929e-15
4624.89  6.95499e-15
4626.33  6.93383e-15
4627.78  6.90438e-15
4629.22  6.86622e-15
4630.67  6.82005e-15
4632.11  6.76757e-15
4633.56  6.71128e-15
4635     6.65408e-15
4636.45  6.59885e-15
4637.89  6.54799e-15
4639.34  6.50313e-15
4640.78  6.4648e-15
4642.23  6.43245e-15
4643.68  6.4045e-15
4645.12  6.37861e-15
4646.57  6.35204e-15
4648.01  6.32205e-15
4649.46  6.28634e-15
4650.9   6.24335e-15
4652.35  6.19251e-15
4653.79  6.13433e-15
4655.24  6.07037e-15
4656.68  6.00305e-15
4658.13  5.93546e-15
4659.57  5.87098e-15
4661.02  5.81301e-15
4662.46  5.76457e-15
4663.91  5.72805e-15
4665.35  5.70496e-15
4666.8   5.69573e-15
4668.24  5.69967e-15
4669.69  5.715e-15
4671.13  5.73896e-15
4672.58  5.76811e-15
4674.02  5.79861e-15
4675.47  5.82664e-15
4676.91  5.84879e-15
4678.36  5.8624e-15
4679.8   5.86585e-15
4681.25  5.85865e-15
4682.69  5.84143e-15
4684.14  5.81579e-15
4685.58  5.78397e-15
4687.03  5.7485e-15
4688.48  5.71181e-15
4689.92  5.67589e-15
4691.37  5.64206e-15
4692.81  5.61082e-15
4694.26  5.5819e-15
4695.7   5.55436e-15
4697.15  5.5268e-15
4698.59  5.49764e-15
4700.04  5.46531e-15
4701.48  5.42854e-15
4702.93  5.38645e-15
4704.37  5.33869e-15
4705.82  5.28542e-15
4707.26  5.22732e-15
4708.71  5.16546e-15
4710.15  5.10124e-15
4711.6   5.03622e-15
4713.04  4.972e-15
4714.49  4.9101e-15
4715.93  4.85183e-15
4717.38  4.79824e-15
4718.82  4.75008e-15
4720.27  4.70779e-15
4721.71  4.67158e-15
4723.16  4.64144e-15
4724.6   4.61725e-15
4726.05  4.59881e-15
4727.49  4.58586e-15
4728.94  4.57807e-15
4730.38  4.57495e-15
4731.83  4.57584e-15
4733.28  4.57979e-15
4734.72  4.58559e-15
4736.17  4.59181e-15
4737.61  4.59693e-15
4739.06  4.59957e-15
4740.5   4.59867e-15
4741.95  4.59376e-15
4743.39  4.58505e-15
4744.84  4.57351e-15
4746.28  4.56068e-15
4747.73  4.54844e-15
4749.17  4.53865e-15
4750.62  4.53271e-15
4752.06  4.53124e-15
4753.51  4.53389e-15
4754.95  4.53928e-15
4756.4   4.54523e-15
4757.84  4.54919e-15
4759.29  4.5487e-15
4760.73  4.54195e-15
4762.18  4.52823e-15
4763.62  4.50815e-15
4765.07  4.48364e-15
4766.51  4.45768e-15
4767.96  4.43382e-15
4769.4   4.41555e-15
4770.85  4.40568e-15
4772.29  4.40586e-15
4773.74  4.41622e-15
4775.18  4.43541e-15
4776.63  4.46077e-15
4778.07  4.48876e-15
4779.52  4.5156e-15
4780.97  4.5378e-15
4782.41  4.55263e-15
4783.86  4.55849e-15
4785.3   4.55502e-15
4786.75  4.5429e-15
4788.19  4.5237e-15
4789.64  4.49937e-15
4791.08  4.47197e-15
4792.53  4.44324e-15
4793.97  4.41445e-15
4795.42  4.38634e-15
4796.86  4.35913e-15
4798.31  4.33273e-15
4799.75  4.30696e-15
4801.2   4.28171e-15
4802.64  4.25707e-15
4804.09  4.23344e-15
4805.53  4.2114e-15
4806.98  4.19165e-15
4808.42  4.17482e-15
4809.87  4.16128e-15
4811.31  4.15107e-15
4812.76  4.14379e-15
4814.2   4.13869e-15
4815.65  4.13473e-15
4817.09  4.13076e-15
4818.54  4.12572e-15
4819.98  4.11876e-15
4821.43  4.10939e-15
4822.87  4.09747e-15
4824.32  4.08317e-15
4825.77  4.06686e-15
4827.21  4.04894e-15
4828.66  4.02971e-15
4830.1   4.00929e-15
4831.55  3.98755e-15
4832.99  3.96418e-15
4834.44  3.93882e-15
4835.88  3.91122e-15
4837.33  3.88139e-15
4838.77  3.84972e-15
4840.22  3.81703e-15
4841.66  3.78452e-15
4843.11  3.75358e-15
4844.55  3.72563e-15
4846     3.70187e-15
4847.44  3.68307e-15
4848.89  3.66944e-15
4850.33  3.66058e-15
4851.78  3.65559e-15
4853.22  3.65319e-15
4854.67  3.65199e-15
4856.11  3.65071e-15
4857.56  3.64838e-15
4859     3.6445e-15
4860.45  3.63912e-15
4861.89  3.63278e-15
4863.34  3.62644e-15
4864.78  3.62134e-15
4866.23  3.61884e-15
4867.67  3.62032e-15
4869.12  3.62701e-15
4870.56  3.63996e-15
4872.01  3.65998e-15
4873.46  3.68762e-15
4874.9   3.72308e-15
4876.35  3.76626e-15
4877.79  3.81668e-15
4879.24  3.87343e-15
4880.68  3.93521e-15
4882.13  4.00034e-15
4883.57  4.06686e-15
4885.02  4.13268e-15
4886.46  4.19575e-15
4887.91  4.25429e-15
4889.35  4.307e-15
4890.8   4.35323e-15
4892.24  4.39305e-15
4893.69  4.42729e-15
4895.13  4.45738e-15
4896.58  4.48518e-15
4898.02  4.51275e-15
4899.47  4.54204e-15
4900.91  4.5746e-15
4902.36  4.61141e-15
4903.8   4.6527e-15
4905.25  4.69793e-15
4906.69  4.74583e-15
4908.14  4.79452e-15
4909.58  4.84172e-15
4911.03  4.88499e-15
4912.47  4.92195e-15
4913.92  4.95049e-15
4915.36  4.96898e-15
4916.81  4.97638e-15
4918.26  4.9723e-15
4919.7   4.95695e-15
4921.15  4.93114e-15
4922.59  4.89608e-15
4924.04  4.85328e-15
4925.48  4.80436e-15
4926.93  4.75088e-15
4928.37  4.69424e-15
4929.82  4.63561e-15
4931.26  4.57589e-15
4932.71  4.51572e-15
4934.15  4.45559e-15
4935.6   4.39589e-15
4937.04  4.33701e-15
4938.49  4.27942e-15
4939.93  4.2237e-15
4941.38  4.17053e-15
4942.82  4.12062e-15
4944.27  4.07466e-15
4945.71  4.03316e-15
4947.16  3.99637e-15
4948.6   3.9642e-15
4950.05  3.93613e-15
4951.49  3.91131e-15
4952.94  3.88855e-15
4954.38  3.86655e-15
4955.83  3.84405e-15
4957.27  3.82002e-15
4958.72  3.79386e-15
4960.16  3.76553e-15
4961.61  3.73561e-15
4963.06  3.7052e-15
4964.5   3.67583e-15
4965.95  3.64918e-15
4967.39  3.62686e-15
4968.84  3.61006e-15
4970.28  3.59938e-15
4971.73  3.59469e-15
4973.17  3.59509e-15
4974.62  3.59906e-15
4976.06  3.60467e-15
4977.51  3.60991e-15
4978.95  3.61303e-15
4980.4   3.6128e-15
4981.84  3.60873e-15
4983.29  3.60117e-15
4984.73  3.59117e-15
4986.18  3.58035e-15
4987.62  3.57054e-15
4989.07  3.56348e-15
4990.51  3.5605e-15
4991.96  3.56231e-15
4993.4   3.56894e-15
4994.85  3.5797e-15
4996.29  3.59343e-15
4997.74  3.6087e-15
4999.18  3.62412e-15
5000.63  3.63855e-15
5002.07  3.65129e-15
5003.52  3.66214e-15
5004.96  3.67133e-15
5006.41  3.67938e-15
5007.85  3.68693e-15
5009.3   3.69452e-15
5010.75  3.70247e-15
5012.19  3.71082e-15
5013.64  3.71933e-15
5015.08  3.72766e-15
5016.53  3.73544e-15
5017.97  3.74251e-15
5019.42  3.74899e-15
5020.86  3.75535e-15
5022.31  3.76237e-15
5023.75  3.771e-15
5025.2   3.78219e-15
5026.64  3.79668e-15
5028.09  3.81478e-15
5029.53  3.83633e-15
5030.98  3.8606e-15
5032.42  3.88643e-15
5033.87  3.91239e-15
5035.31  3.93705e-15
5036.76  3.95922e-15
5038.2   3.97817e-15
5039.65  3.99385e-15
5041.09  4.00691e-15
5042.54  4.01865e-15
5043.98  4.03087e-15
5045.43  4.04555e-15
5046.87  4.06461e-15
5048.32  4.08957e-15
5049.76  4.12129e-15
5051.21  4.1598e-15
5052.65  4.20426e-15
5054.1   4.25306e-15
5055.55  4.30401e-15
5056.99  4.35462e-15
5058.44  4.40246e-15
5059.88  4.44552e-15
5061.33  4.48243e-15
5062.77  4.51268e-15
5064.22  4.53663e-15
5065.66  4.55544e-15
5067.11  4.57083e-15
5068.55  4.58479e-15
5070     4.59926e-15
5071.44  4.61584e-15
5072.89  4.63552e-15
5074.33  4.65859e-15
5075.78  4.68464e-15
5077.22  4.7127e-15
5078.67  4.74142e-15
5080.11  4.76934e-15
5081.56  4.7952e-15
5083     4.8181e-15
5084.45  4.83769e-15
5085.89  4.85419e-15
5087.34  4.86837e-15
5088.78  4.88138e-15
5090.23  4.89459e-15
5091.67  4.90939e-15
5093.12  4.92699e-15
5094.56  4.94831e-15
5096.01  4.97387e-15
5097.45  5.0038e-15
5098.9   5.03787e-15
5100.35  5.07558e-15
5101.79  5.11623e-15
5103.24  5.15904e-15
5104.68  5.2032e-15
5106.13  5.24789e-15
5107.57  5.29236e-15
5109.02  5.33589e-15
5110.46  5.37782e-15
5111.91  5.4176e-15
5113.35  5.45477e-15
5114.8   5.48908e-15
5116.24  5.52046e-15
5117.69  5.54908e-15
5119.13  5.57535e-15
5120.58  5.59984e-15
5122.02  5.6232e-15
5123.47  5.64604e-15
5124.91  5.66874e-15
5126.36  5.69141e-15
5127.8   5.71372e-15
5129.25  5.73492e-15
5130.69  5.75393e-15
5132.14  5.76939e-15
5133.58  5.77995e-15
5135.03  5.78442e-15
5136.47  5.78198e-15
5137.92  5.77241e-15
5139.36  5.75612e-15
5140.81  5.7342e-15
5142.25  5.70834e-15
5143.7   5.68066e-15
5145.14  5.65348e-15
5146.59  5.62907e-15
5148.04  5.60942e-15
5149.48  5.59597e-15
5150.93  5.58954e-15
5152.37  5.59018e-15
5153.82  5.59724e-15
5155.26  5.60944e-15
5156.71  5.62509e-15
5158.15  5.6423e-15
5159.6   5.65924e-15
5161.04  5.67436e-15
5162.49  5.68658e-15
5163.93  5.6954e-15
5165.38  5.7009e-15
5166.82  5.70362e-15
5168.27  5.70444e-15
5169.71  5.70431e-15
5171.16  5.70405e-15
5172.6   5.70412e-15
5174.05  5.70458e-15
5175.49  5.70501e-15
5176.94  5.70468e-15
5178.38  5.70274e-15
5179.83  5.69847e-15
5181.27  5.69149e-15
5182.72  5.68201e-15
5184.16  5.6709e-15
5185.61  5.65959e-15
5187.05  5.64997e-15
5188.5   5.64402e-15
5189.94  5.64352e-15
5191.39  5.64969e-15
5192.84  5.66291e-15
5194.28  5.68258e-15
5195.73  5.70708e-15
5197.17  5.73398e-15
5198.62  5.76031e-15
5200.06  5.78297e-15
5201.51  5.79913e-15
5202.95  5.80668e-15
5204.4   5.80449e-15
5205.84  5.79259e-15
5207.29  5.77218e-15
5208.73  5.74542e-15
5210.18  5.71515e-15
5211.62  5.6844e-15
5213.07  5.656e-15
5214.51  5.63211e-15
5215.96  5.61391e-15
5217.4   5.60144e-15
5218.85  5.59358e-15
5220.29  5.58826e-15
5221.74  5.58275e-15
5223.18  5.57412e-15
5224.63  5.55971e-15
5226.07  5.53746e-15
5227.52  5.50632e-15
5228.96  5.46628e-15
5230.41  5.41841e-15
5231.85  5.36465e-15
5233.3   5.30743e-15
5234.74  5.24928e-15
5236.19  5.19244e-15
5237.64  5.13848e-15
5239.08  5.08807e-15
5240.53  5.04095e-15
5241.97  4.99604e-15
5243.42  4.95165e-15
5244.86  4.90581e-15
5246.31  4.85671e-15
5247.75  4.80295e-15
5249.2   4.74382e-15
5250.64  4.67941e-15
5252.09  4.61057e-15
5253.53  4.53878e-15
5254.98  4.46591e-15
5256.42  4.39394e-15
5257.87  4.32472e-15
5259.31  4.25972e-15
5260.76  4.19996e-15
5262.2   4.14586e-15
5263.65  4.09739e-15
5265.09  4.05405e-15
5266.54  4.01511e-15
5267.98  3.9797e-15
5269.43  3.94701e-15
5270.87  3.91638e-15
5272.32  3.88742e-15
5273.76  3.86001e-15
5275.21  3.83436e-15
5276.65  3.81087e-15
5278.1   3.79011e-15
5279.54  3.77266e-15
5280.99  3.75904e-15
5282.43  3.74953e-15
5283.88  3.74419e-15
5285.33  3.74279e-15
5286.77  3.74481e-15
5288.22  3.74957e-15
5289.66  3.75632e-15
5291.11  3.76433e-15
5292.55  3.77303e-15
5294     3.78212e-15
5295.44  3.79151e-15
5296.89  3.80141e-15
5298.33  3.81218e-15
5299.78  3.82424e-15
5301.22  3.83798e-15
5302.67  3.85361e-15
5304.11  3.87112e-15
5305.56  3.89022e-15
5307     3.9104e-15
5308.45  3.93095e-15
5309.89  3.95109e-15
5311.34  3.97007e-15
5312.78  3.98723e-15
5314.23  4.00216e-15
5315.67  4.01462e-15
5317.12  4.02463e-15
5318.56  4.03233e-15
5320.01  4.038e-15
5321.45  4.04191e-15
5322.9   4.0443e-15
5324.34  4.04531e-15
5325.79  4.04497e-15
5327.23  4.04319e-15
5328.68  4.03985e-15
5330.13  4.03486e-15
5331.57  4.02822e-15
5333.02  4.02008e-15
5334.46  4.01085e-15
5335.91  4.00116e-15
5337.35  3.99189e-15
5338.8   3.98408e-15
5340.24  3.97886e-15
5341.69  3.97734e-15
5343.13  3.98045e-15
5344.58  3.98885e-15
5346.02  4.00282e-15
5347.47  4.02215e-15
5348.91  4.0462e-15
5350.36  4.07385e-15
5351.8   4.10366e-15
5353.25  4.13391e-15
5354.69  4.16285e-15
5356.14  4.18879e-15
5357.58  4.21032e-15
5359.03  4.22644e-15
5360.47  4.23663e-15
5361.92  4.24088e-15
5363.36  4.2397e-15
5364.81  4.23402e-15
5366.25  4.22503e-15
5367.7   4.21408e-15
5369.14  4.20246e-15
5370.59  4.1913e-15
5372.03  4.18144e-15
5373.48  4.17338e-15
5374.93  4.16727e-15
5376.37  4.16291e-15
5377.82  4.1599e-15
5379.26  4.15771e-15
5380.71  4.15582e-15
5382.15  4.15384e-15
5383.6   4.1516e-15
5385.04  4.14921e-15
5386.49  4.14702e-15
5387.93  4.14562e-15
5389.38  4.14572e-15
5390.82  4.148e-15
5392.27  4.15299e-15
5393.71  4.16094e-15
5395.16  4.17173e-15
5396.6   4.18483e-15
5398.05  4.19928e-15
5399.49  4.21384e-15
5400.94  4.22699e-15
5402.38  4.23719e-15
5403.83  4.24295e-15
5405.27  4.24305e-15
5406.72  4.23663e-15
5408.16  4.22334e-15
5409.61  4.20333e-15
5411.05  4.17731e-15
5412.5   4.14642e-15
5413.94  4.11217e-15
5415.39  4.07626e-15
5416.83  4.04041e-15
5418.28  4.00613e-15
5419.72  3.97464e-15
5421.17  3.94667e-15
5422.62  3.92241e-15
5424.06  3.90155e-15
5425.51  3.88331e-15
5426.95  3.86656e-15
5428.4   3.85004e-15
5429.84  3.83252e-15
5431.29  3.81302e-15
5432.73  3.79091e-15
5434.18  3.76605e-15
5435.62  3.7388e-15
5437.07  3.70993e-15
5438.51  3.68053e-15
5439.96  3.65179e-15
5441.4   3.62484e-15
5442.85  3.60052e-15
5444.29  3.57926e-15
5445.74  3.56097e-15
5447.18  3.54507e-15
5448.63  3.53057e-15
5450.07  3.51619e-15
5451.52  3.5006e-15
5452.96  3.48261e-15
5454.41  3.46139e-15
5455.85  3.43664e-15
5457.3   3.40869e-15
5458.74  3.37854e-15
5460.19  3.34776e-15
5461.63  3.31834e-15
5463.08  3.2925e-15
5464.52  3.27241e-15
5465.97  3.25985e-15
5467.42  3.25605e-15
5468.86  3.2614e-15
5470.31  3.27543e-15
5471.75  3.29678e-15
5473.2   3.3234e-15
5474.64  3.3528e-15
5476.09  3.38239e-15
5477.53  3.40986e-15
5478.98  3.43355e-15
5480.42  3.45265e-15
5481.87  3.46737e-15
5483.31  3.47885e-15
5484.76  3.48899e-15
5486.2   3.50012e-15
5487.65  3.51461e-15
5489.09  3.53452e-15
5490.54  3.56126e-15
5491.98  3.59539e-15
5493.43  3.6366e-15
5494.87  3.68375e-15
5496.32  3.73515e-15
5497.76  3.78879e-15
5499.21  3.84269e-15
5500.65  3.89512e-15
5502.1   3.94484e-15
5503.54  3.99115e-15
5504.99  4.0339e-15
5506.43  4.07338e-15
5507.88  4.11013e-15
5509.32  4.14479e-15
5510.77  4.17792e-15
5512.22  4.20988e-15
5513.66  4.24078e-15
5515.11  4.2705e-15
5516.55  4.29875e-15
5518     4.32521e-15
5519.44  4.34959e-15
5520.89  4.37178e-15
5522.33  4.39186e-15
5523.78  4.41012e-15
5525.22  4.42702e-15
5526.67  4.44307e-15
5528.11  4.45877e-15
5529.56  4.4745e-15
5531     4.49046e-15
5532.45  4.50667e-15
5533.89  4.52299e-15
5535.34  4.53922e-15
5536.78  4.55512e-15
5538.23  4.57056e-15
5539.67  4.58553e-15
5541.12  4.60015e-15
5542.56  4.61466e-15
5544.01  4.62932e-15
5545.45  4.64435e-15
5546.9   4.65983e-15
5548.34  4.67564e-15
5549.79  4.69146e-15
5551.23  4.70679e-15
5552.68  4.72103e-15
5554.12  4.73363e-15
5555.57  4.74416e-15
5557.01  4.75246e-15
5558.46  4.75866e-15
5559.91  4.76321e-15
5561.35  4.76684e-15
5562.8   4.77039e-15
5564.24  4.77473e-15
5565.69  4.78055e-15
5567.13  4.78824e-15
5568.58  4.79775e-15
5570.02  4.80862e-15
5571.47  4.81993e-15
5572.91  4.83044e-15
5574.36  4.83876e-15
5575.8   4.84351e-15
5577.25  4.84356e-15
5578.69  4.8382e-15
5580.14  4.82727e-15
5581.58  4.81128e-15
5583.03  4.79133e-15
5584.47  4.76906e-15
5585.92  4.74648e-15
5587.36  4.72574e-15
5588.81  4.70887e-15
5590.25  4.69755e-15
5591.7   4.69291e-15
5593.14  4.69542e-15
5594.59  4.70478e-15
5596.03  4.72004e-15
5597.48  4.73964e-15
5598.92  4.76163e-15
5600.37  4.7839e-15
5601.81  4.80434e-15
5603.26  4.82115e-15
5604.71  4.83291e-15
5606.15  4.83876e-15
5607.6   4.83844e-15
5609.04  4.83221e-15
5610.49  4.82086e-15
5611.93  4.8055e-15
5613.38  4.78744e-15
5614.82  4.76801e-15
5616.27  4.74842e-15
5617.71  4.72965e-15
5619.16  4.71237e-15
5620.6   4.69698e-15
5622.05  4.68358e-15
5623.49  4.6721e-15
5624.94  4.66236e-15
5626.38  4.65413e-15
5627.83  4.64722e-15
5629.27  4.64147e-15
5630.72  4.63675e-15
5632.16  4.63295e-15
5633.61  4.62991e-15
5635.05  4.62741e-15
5636.5   4.62515e-15
5637.94  4.62274e-15
5639.39  4.61976e-15
5640.83  4.61584e-15
5642.28  4.61065e-15
5643.72  4.60404e-15
5645.17  4.596e-15
5646.61  4.58673e-15
5648.06  4.57655e-15
5649.51  4.56591e-15
5650.95  4.55525e-15
5652.4   4.54501e-15
5653.84  4.5355e-15
5655.29  4.52693e-15
5656.73  4.51935e-15
5658.18  4.51273e-15
5659.62  4.50694e-15
5661.07  4.50184e-15
5662.51  4.49731e-15
5663.96  4.49324e-15
5665.4   4.48956e-15
5666.85  4.48621e-15
5668.29  4.48311e-15
5669.74  4.48014e-15
5671.18  4.4771e-15
5672.63  4.47372e-15
5674.07  4.46971e-15
5675.52  4.46474e-15
5676.96  4.45852e-15
5678.41  4.45085e-15
5679.85  4.44158e-15
5681.3   4.43069e-15
5682.74  4.41821e-15
5684.19  4.40419e-15
5685.63  4.3887e-15
5687.08  4.37176e-15
5688.52  4.35339e-15
5689.97  4.33358e-15
5691.41  4.3124e-15
5692.86  4.29004e-15
5694.3   4.26688e-15
5695.75  4.24353e-15
5697.2   4.22078e-15
5698.64  4.19963e-15
5700.09  4.18108e-15
5701.53  4.16602e-15
5702.98  4.15512e-15
5704.42  4.1486e-15
5705.87  4.14621e-15
5707.31  4.14721e-15
5708.76  4.1504e-15
5710.2   4.15434e-15
5711.65  4.15749e-15
5713.09  4.15846e-15
5714.54  4.15623e-15
5715.98  4.15028e-15
5717.43  4.14067e-15
5718.87  4.12799e-15
5720.32  4.11323e-15
5721.76  4.09761e-15
5723.21  4.08232e-15
5724.65  4.06836e-15
5726.1   4.05634e-15
5727.54  4.04652e-15
5728.99  4.03875e-15
5730.43  4.03273e-15
5731.88  4.02808e-15
5733.32  4.02463e-15
5734.77  4.02251e-15
5736.21  4.02227e-15
5737.66  4.02475e-15
5739.1   4.03098e-15
5740.55  4.04191e-15
5742     4.0581e-15
5743.44  4.07949e-15
5744.89  4.10521e-15
5746.33  4.13355e-15
5747.78  4.16207e-15
5749.22  4.18793e-15
5750.67  4.20823e-15
5752.11  4.22051e-15
5753.56  4.22318e-15
5755     4.2158e-15
5756.45  4.19931e-15
5757.89  4.17588e-15
5759.34  4.14873e-15
5760.78  4.12161e-15
5762.23  4.09831e-15
5763.67  4.08202e-15
5765.12  4.0749e-15
5766.56  4.07763e-15
5768.01  4.08939e-15
5769.45  4.10787e-15
5770.9   4.12965e-15
5772.34  4.15067e-15
5773.79  4.16685e-15
5775.23  4.17466e-15
5776.68  4.17164e-15
5778.12  4.15671e-15
5779.57  4.13033e-15
5781.01  4.09438e-15
5782.46  4.05189e-15
5783.9   4.00659e-15
5785.35  3.96248e-15
5786.79  3.92326e-15
5788.24  3.89203e-15
5789.69  3.87097e-15
5791.13  3.86122e-15
5792.58  3.8629e-15
5794.02  3.87526e-15
5795.47  3.89681e-15
5796.91  3.92559e-15
5798.36  3.95937e-15
5799.8   3.99582e-15
5801.25  4.03266e-15
5802.69  4.06783e-15
5804.14  4.09956e-15
5805.58  4.12651e-15
5807.03  4.14786e-15
5808.47  4.16342e-15
5809.92  4.17367e-15
5811.36  4.17975e-15
5812.81  4.1834e-15
5814.25  4.18674e-15
5815.7   4.19204e-15
5817.14  4.20139e-15
5818.59  4.21634e-15
5820.03  4.23761e-15
5821.48  4.2649e-15
5822.92  4.2968e-15
5824.37  4.33091e-15
5825.81  4.36412e-15
5827.26  4.39303e-15
5828.7   4.41445e-15
5830.15  4.4259e-15
5831.59  4.42608e-15
5833.04  4.41511e-15
5834.49  4.39464e-15
5835.93  4.36768e-15
5837.38  4.33826e-15
5838.82  4.31085e-15
5840.27  4.28981e-15
5841.71  4.27873e-15
5843.16  4.27995e-15
5844.6   4.29422e-15
5846.05  4.3206e-15
5847.49  4.3566e-15
5848.94  4.39851e-15
5850.38  4.44192e-15
5851.83  4.48234e-15
5853.27  4.51575e-15
5854.72  4.53915e-15
5856.16  4.55088e-15
5857.61  4.55087e-15
5859.05  4.54049e-15
5860.5   4.52244e-15
5861.94  4.50024e-15
5863.39  4.47781e-15
5864.83  4.45889e-15
5866.28  4.44649e-15
5867.72  4.44257e-15
5869.17  4.44766e-15
5870.61  4.46085e-15
5872.06  4.4799e-15
5873.5   4.50152e-15
5874.95  4.52183e-15
5876.39  4.53694e-15
5877.84  4.5435e-15
5879.29  4.53921e-15
5880.73  4.52323e-15
5882.18  4.49632e-15
5883.62  4.46087e-15
5885.07  4.42057e-15
5886.51  4.37994e-15
5887.96  4.34373e-15
5889.4   4.31623e-15
5890.85  4.30066e-15
5892.29  4.29872e-15
5893.74  4.31034e-15
5895.18  4.33367e-15
5896.63  4.36543e-15
5898.07  4.40133e-15
5899.52  4.43674e-15
5900.96  4.46731e-15
5902.41  4.48958e-15
5903.85  4.50136e-15
5905.3   4.50197e-15
5906.74  4.4922e-15
5908.19  4.47406e-15
5909.63  4.45035e-15
5911.08  4.42425e-15
5912.52  4.39875e-15
5913.97  4.37632e-15
5915.41  4.35862e-15
5916.86  4.34642e-15
5918.3   4.33962e-15
5919.75  4.33748e-15
5921.19  4.33884e-15
5922.64  4.34243e-15
5924.08  4.34705e-15
5925.53  4.35176e-15
5926.98  4.35591e-15
5928.42  4.35917e-15
5929.87  4.3614e-15
5931.31  4.36258e-15
5932.76  4.36271e-15
5934.2   4.36176e-15
5935.65  4.35965e-15
5937.09  4.35632e-15
5938.54  4.35176e-15
5939.98  4.34612e-15
5941.43  4.33972e-15
5942.87  4.33308e-15
5944.32  4.32683e-15
5945.76  4.32166e-15
5947.21  4.31813e-15
5948.65  4.31656e-15
5950.1   4.31695e-15
5951.54  4.31888e-15
5952.99  4.32157e-15
5954.43  4.32395e-15
5955.88  4.32482e-15
5957.32  4.32307e-15
5958.77  4.31781e-15
5960.21  4.30861e-15
5961.66  4.29556e-15
5963.1   4.2793e-15
5964.55  4.26094e-15
5965.99  4.24193e-15
5967.44  4.22385e-15
5968.88  4.20816e-15
5970.33  4.19603e-15
5971.78  4.18812e-15
5973.22  4.18454e-15
5974.67  4.18478e-15
5976.11  4.18784e-15
5977.56  4.19236e-15
5979     4.19679e-15
5980.45  4.19964e-15
5981.89  4.19963e-15
5983.34  4.1959e-15
5984.78  4.18805e-15
5986.23  4.17623e-15
5987.67  4.16104e-15
5989.12  4.14348e-15
5990.56  4.12474e-15
5992.01  4.10609e-15
5993.45  4.08867e-15
5994.9   4.07335e-15
5996.34  4.06064e-15
5997.79  4.05066e-15
5999.23  4.04311e-15
6000.68  4.0374e-15
6002.12  4.03273e-15
6003.57  4.02826e-15
6005.01  4.02325e-15
6006.46  4.01716e-15
6007.9   4.00977e-15
6009.35  4.00117e-15
6010.79  3.99172e-15
6012.24  3.98201e-15
6013.68  3.9727e-15
6015.13  3.96442e-15
6016.58  3.95766e-15
6018.02  3.95267e-15
6019.47  3.94947e-15
6020.91  3.94785e-15
6022.36  3.94744e-15
6023.8   3.94777e-15
6025.25  3.94835e-15
6026.69  3.94878e-15
6028.14  3.94871e-15
6029.58  3.94789e-15
6031.03  3.94612e-15
6032.47  3.94321e-15
6033.92  3.93891e-15
6035.36  3.93289e-15
6036.81  3.92468e-15
6038.25  3.91374e-15
6039.7   3.89944e-15
6041.14  3.88119e-15
6042.59  3.85848e-15
6044.03  3.83096e-15
6045.48  3.79848e-15
6046.92  3.76112e-15
6048.37  3.7191e-15
6049.81  3.67278e-15
6051.26  3.62251e-15
6052.7   3.56856e-15
6054.15  3.51104e-15
6055.59  3.44987e-15
6057.04  3.38479e-15
6058.48  3.31543e-15
6059.93  3.24146e-15
6061.37  3.16268e-15
6062.82  3.07919e-15
6064.27  2.99146e-15
6065.71  2.90039e-15
6067.16  2.80729e-15
6068.6   2.71376e-15
6070.05  2.62155e-15
6071.49  2.53237e-15
6072.94  2.44769e-15
6074.38  2.36863e-15
6075.83  2.2958e-15
6077.27  2.2293e-15
6078.72  2.16876e-15
6080.16  2.11341e-15
6081.61  2.06224e-15
6083.05  2.0141e-15
6084.5   1.96789e-15
6085.94  1.92265e-15
6087.39  1.87765e-15
6088.83  1.83243e-15
6090.28  1.78685e-15
6091.72  1.74106e-15
6093.17  1.69546e-15
6094.61  1.65068e-15
6096.06  1.60748e-15
6097.5   1.56667e-15
6098.95  1.529e-15
6100.39  1.49509e-15
6101.84  1.46532e-15
6103.28  1.43976e-15
6104.73  1.41817e-15
6106.17  1.39999e-15
6107.62  1.38444e-15
6109.07  1.37059e-15
6110.51  1.35749e-15
6111.96  1.34431e-15
6113.4   1.33041e-15
6114.85  1.31544e-15
6116.29  1.29932e-15
6117.74  1.28228e-15
6119.18  1.26474e-15
6120.63  1.24726e-15
6122.07  1.23047e-15
6123.52  1.21498e-15
6124.96  1.20132e-15
6126.41  1.18994e-15
6127.85  1.18124e-15
6129.3   1.17551e-15
6130.74  1.17304e-15
6132.19  1.17405e-15
6133.63  1.17872e-15
6135.08  1.18713e-15
6136.52  1.19919e-15
6137.97  1.21459e-15
6139.41  1.23273e-15
6140.86  1.25269e-15
6142.3   1.27329e-15
6143.75  1.29316e-15
6145.19  1.31092e-15
6146.64  1.3253e-15
6148.08  1.33541e-15
6149.53  1.34087e-15
6150.97  1.34196e-15
6152.42  1.33959e-15
6153.87  1.33528e-15
6155.31  1.33099e-15
6156.76  1.32882e-15
6158.2   1.3308e-15
6159.65  1.33853e-15
6161.09  1.35303e-15
6162.54  1.37457e-15
6163.98  1.40264e-15
6165.43  1.43606e-15
6166.87  1.47321e-15
6168.32  1.51225e-15
6169.76  1.55148e-15
6171.21  1.58955e-15
6172.65  1.62569e-15
6174.1   1.65982e-15
6175.54  1.6925e-15
6176.99  1.72482e-15
6178.43  1.75815e-15
6179.88  1.79392e-15
6181.32  1.83329e-15
6182.77  1.87696e-15
6184.21  1.925e-15
6185.66  1.97683e-15
6187.1   2.03124e-15
6188.55  2.08662e-15
6189.99  2.14117e-15
6191.44  2.19318e-15
6192.88  2.24125e-15
6194.33  2.28452e-15
6195.77  2.32276e-15
6197.22  2.35638e-15
6198.66  2.38632e-15
6200.11  2.4139e-15
6201.56  2.44056e-15
6203     2.4677e-15
6204.45  2.49638e-15
6205.89  2.52727e-15
6207.34  2.56054e-15
6208.78  2.59583e-15
6210.23  2.63239e-15
6211.67  2.66922e-15
6213.12  2.70516e-15
6214.56  2.73917e-15
6216.01  2.77042e-15
6217.45  2.79843e-15
6218.9   2.82314e-15
6220.34  2.84493e-15
6221.79  2.86458e-15
6223.23  2.88315e-15
6224.68  2.90187e-15
6226.12  2.92198e-15
6227.57  2.94456e-15
6229.01  2.97039e-15
6230.46  2.99981e-15
6231.9   3.03267e-15
6233.35  3.06829e-15
6234.79  3.10555e-15
6236.24  3.14297e-15
6237.68  3.17886e-15
6239.13  3.2116e-15
6240.57  3.23975e-15
6242.02  3.26232e-15
6243.46  3.27888e-15
6244.91  3.28965e-15
6246.36  3.29547e-15
6247.8   3.29771e-15
6249.25  3.29811e-15
6250.69  3.29851e-15
6252.14  3.30066e-15
6253.58  3.30592e-15
6255.03  3.31516e-15
6256.47  3.32859e-15
6257.92  3.34578e-15
6259.36  3.36573e-15
6260.81  3.38703e-15
6262.25  3.40803e-15
6263.7   3.42711e-15
6265.14  3.44285e-15
6266.59  3.45423e-15
6268.03  3.46077e-15
6269.48  3.46257e-15
6270.92  3.46027e-15
6272.37  3.45499e-15
6273.81  3.4482e-15
6275.26  3.44146e-15
6276.7   3.43629e-15
6278.15  3.43395e-15
6279.59  3.43523e-15
6281.04  3.44039e-15
6282.48  3.4491e-15
6283.93  3.46048e-15
6285.37  3.47322e-15
6286.82  3.48576e-15
6288.26  3.49651e-15
6289.71  3.50406e-15
6291.16  3.50737e-15
6292.6   3.50595e-15
6294.05  3.49987e-15
6295.49  3.48981e-15
6296.94  3.47689e-15
6298.38  3.46259e-15
6299.83  3.44849e-15
6301.27  3.43607e-15
6302.72  3.42649e-15
6304.16  3.42047e-15
6305.61  3.41814e-15
6307.05  3.41906e-15
6308.5   3.42232e-15
6309.94  3.42665e-15
6311.39  3.43063e-15
6312.83  3.43297e-15
6314.28  3.43265e-15
6315.72  3.42915e-15
6317.17  3.4225e-15
6318.61  3.41328e-15
6320.06  3.40255e-15
6321.5   3.39164e-15
6322.95  3.38196e-15
6324.39  3.37474e-15
6325.84  3.37089e-15
6327.28  3.3708e-15
6328.73  3.37431e-15
6330.17  3.38074e-15
6331.62  3.38901e-15
6333.06  3.39778e-15
6334.51  3.4057e-15
6335.95  3.41152e-15
6337.4   3.41433e-15
6338.85  3.41359e-15
6340.29  3.40918e-15
6341.74  3.40133e-15
6343.18  3.39055e-15
6344.63  3.37744e-15
6346.07  3.36262e-15
6347.52  3.34654e-15
6348.96  3.32947e-15
6350.41  3.31148e-15
6351.85  3.29252e-15
6353.3   3.27246e-15
6354.74  3.25132e-15
6356.19  3.22928e-15
6357.63  3.20685e-15
6359.08  3.18483e-15
6360.52  3.16428e-15
6361.97  3.1464e-15
6363.41  3.13237e-15
6364.86  3.12317e-15
6366.3   3.1194e-15
6367.75  3.12118e-15
6369.19  3.12808e-15
6370.64  3.13919e-15
6372.08  3.15323e-15
6373.53  3.16869e-15
6374.97  3.18403e-15
6376.42  3.19788e-15
6377.86  3.20916e-15
6379.31  3.21719e-15
6380.75  3.22169e-15
6382.2   3.22273e-15
6383.65  3.22067e-15
6385.09  3.21602e-15
6386.54  3.20932e-15
6387.98  3.20109e-15
6389.43  3.19168e-15
6390.87  3.18134e-15
6392.32  3.17018e-15
6393.76  3.15822e-15
6395.21  3.14547e-15
6396.65  3.13199e-15
6398.1   3.11795e-15
6399.54  3.10367e-15
6400.99  3.08961e-15
6402.43  3.07639e-15
6403.88  3.06466e-15
6405.32  3.05508e-15
6406.77  3.04823e-15
6408.21  3.04447e-15
6409.66  3.04394e-15
6411.1   3.04646e-15
6412.55  3.05153e-15
6413.99  3.05837e-15
6415.44  3.06597e-15
6416.88  3.0732e-15
6418.33  3.07892e-15
6419.77  3.08211e-15
6421.22  3.08204e-15
6422.66  3.07839e-15
6424.11  3.07126e-15
6425.55  3.0613e-15
6427     3.04958e-15
6428.45  3.03751e-15
6429.89  3.02663e-15
6431.34  3.01841e-15
6432.78  3.014e-15
6434.23  3.01397e-15
6435.67  3.01819e-15
6437.12  3.02579e-15
6438.56  3.03519e-15
6440.01  3.04437e-15
6441.45  3.05112e-15
6442.9   3.05345e-15
6444.34  3.04991e-15
6445.79  3.03994e-15
6447.23  3.024e-15
6448.68  3.00357e-15
6450.12  2.98099e-15
6451.57  2.95911e-15
6453.01  2.94087e-15
6454.46  2.9288e-15
6455.9   2.9246e-15
6457.35  2.92888e-15
6458.79  2.94097e-15
6460.24  2.95902e-15
6461.68  2.9803e-15
6463.13  3.00159e-15
6464.57  3.01967e-15
6466.02  3.03181e-15
6467.46  3.03618e-15
6468.91  3.0321e-15
6470.35  3.0201e-15
6471.8   3.00181e-15
6473.24  2.97964e-15
6474.69  2.95639e-15
6476.14  2.93487e-15
6477.58  2.91742e-15
6479.03  2.90565e-15
6480.47  2.90022e-15
6481.92  2.90085e-15
6483.36  2.9064e-15
6484.81  2.91513e-15
6486.25  2.92496e-15
6487.7   2.93384e-15
6489.14  2.94006e-15
6490.59  2.94245e-15
6492.03  2.94058e-15
6493.48  2.93475e-15
6494.92  2.92594e-15
6496.37  2.91565e-15
6497.81  2.90562e-15
6499.26  2.89759e-15
6500.7   2.89299e-15
6502.15  2.89276e-15
6503.59  2.89715e-15
6505.04  2.90569e-15
6506.48  2.91722e-15
6507.93  2.93009e-15
6509.37  2.94234e-15
6510.82  2.95204e-15
6512.26  2.95753e-15
6513.71  2.95773e-15
6515.15  2.95226e-15
6516.6   2.94153e-15
6518.04  2.92667e-15
6519.49  2.90939e-15
6520.94  2.8917e-15
6522.38  2.8756e-15
6523.83  2.8628e-15
6525.27  2.85447e-15
6526.72  2.85107e-15
6528.16  2.85226e-15
6529.61  2.85703e-15
6531.05  2.8638e-15
6532.5   2.8707e-15
6533.94  2.87582e-15
6535.39  2.87752e-15
6536.83  2.87464e-15
6538.28  2.86669e-15
6539.72  2.85388e-15
6541.17  2.83711e-15
6542.61  2.81782e-15
6544.06  2.79776e-15
6545.5   2.77872e-15
6546.95  2.76226e-15
6548.39  2.74949e-15
6549.84  2.74086e-15
6551.28  2.73612e-15
6552.73  2.7344e-15
6554.17  2.73433e-15
6555.62  2.73431e-15
6557.06  2.73281e-15
6558.51  2.72862e-15
6559.95  2.7211e-15
6561.4   2.71027e-15
6562.84  2.69684e-15
6564.29  2.68206e-15
6565.74  2.66745e-15
6567.18  2.65457e-15
6568.63  2.64469e-15
6570.07  2.63855e-15
6571.52  2.63626e-15
6572.96  2.63724e-15
6574.41  2.6404e-15
6575.85  2.64433e-15
6577.3   2.64757e-15
6578.74  2.64895e-15
6580.19  2.64771e-15
6581.63  2.64373e-15
6583.08  2.63743e-15
6584.52  2.62972e-15
6585.97  2.62173e-15
6587.41  2.61456e-15
6588.86  2.60907e-15
6590.3   2.60568e-15
6591.75  2.60429e-15
6593.19  2.60432e-15
6594.64  2.60487e-15
6596.08  2.60491e-15
6597.53  2.60351e-15
6598.97  2.60007e-15
6600.42  2.59444e-15
6601.86  2.5869e-15
6603.31  2.57814e-15
6604.75  2.56906e-15
6606.2   2.56058e-15
6607.64  2.55339e-15
6609.09  2.54787e-15
6610.53  2.54392e-15
6611.98  2.54103e-15
6613.43  2.5384e-15
6614.87  2.5351e-15
6616.32  2.5303e-15
6617.76  2.5235e-15
6619.21  2.51458e-15
6620.65  2.50394e-15
6622.1   2.49239e-15
6623.54  2.48099e-15
6624.99  2.47089e-15
6626.43  2.46307e-15
6627.88  2.45814e-15
6629.32  2.45625e-15
6630.77  2.45703e-15
6632.21  2.45971e-15
6633.66  2.46321e-15
6635.1   2.46636e-15
6636.55  2.46813e-15
6637.99  2.46776e-15
6639.44  2.46489e-15
6640.88  2.45954e-15
6642.33  2.45212e-15
6643.77  2.44326e-15
6645.22  2.43369e-15
6646.66  2.42408e-15
6648.11  2.41496e-15
6649.55  2.4066e-15
6651     2.39904e-15
6652.44  2.3921e-15
6653.89  2.38545e-15
6655.33  2.37873e-15
6656.78  2.37162e-15
6658.23  2.36389e-15
6659.67  2.3555e-15
6661.12  2.34654e-15
6662.56  2.33725e-15
6664.01  2.32794e-15
6665.45  2.31892e-15
6666.9   2.31043e-15
6668.34  2.30259e-15
6669.79  2.29539e-15
6671.23  2.28865e-15
6672.68  2.28213e-15
6674.12  2.27551e-15
6675.57  2.26852e-15
6677.01  2.26096e-15
6678.46  2.25279e-15
6679.9   2.24407e-15
6681.35  2.23501e-15
6682.79  2.22589e-15
6684.24  2.21702e-15
6685.68  2.20865e-15
6687.13  2.20097e-15
6688.57  2.19407e-15
6690.02  2.18795e-15
6691.46  2.18254e-15
6692.91  2.17776e-15
6694.35  2.17355e-15
6695.8   2.16992e-15
6697.24  2.16693e-15
6698.69  2.16469e-15
6700.13  2.16331e-15
6701.58  2.16286e-15
6703.03  2.16333e-15
6704.47  2.16458e-15
6705.92  2.16637e-15
6707.36  2.16836e-15
6708.81  2.17017e-15
6710.25  2.17141e-15
6711.7   2.17182e-15
6713.14  2.17122e-15
6714.59  2.16964e-15
6716.03  2.16723e-15
6717.48  2.16428e-15
6718.92  2.16113e-15
6720.37  2.15814e-15
6721.81  2.15559e-15
6723.26  2.15362e-15
6724.7   2.15225e-15
6726.15  2.15132e-15
6727.59  2.15055e-15
6729.04  2.14958e-15
6730.48  2.14805e-15
6731.93  2.14565e-15
6733.37  2.14219e-15
6734.82  2.13762e-15
6736.26  2.13209e-15
6737.71  2.12592e-15
6739.15  2.11955e-15
6740.6   2.11353e-15
6742.04  2.10842e-15
6743.49  2.1047e-15
6744.93  2.10272e-15
6746.38  2.10262e-15
6747.82  2.10428e-15
6749.27  2.10735e-15
6750.72  2.11121e-15
6752.16  2.11513e-15
6753.61  2.11829e-15
6755.05  2.11991e-15
6756.5   2.11939e-15
6757.94  2.11636e-15
6759.39  2.11074e-15
6760.83  2.10279e-15
6762.28  2.09299e-15
6763.72  2.08205e-15
6765.17  2.07075e-15
6766.61  2.05987e-15
6768.06  2.05007e-15
6769.5   2.04184e-15
6770.95  2.03545e-15
6772.39  2.03099e-15
6773.84  2.02837e-15
6775.28  2.0274e-15
6776.73  2.02786e-15
6778.17  2.02952e-15
6779.62  2.03215e-15
6781.06  2.03556e-15
6782.51  2.03955e-15
6783.95  2.04385e-15
6785.4   2.04813e-15
6786.84  2.05196e-15
6788.29  2.05484e-15
6789.73  2.05627e-15
6791.18  2.0558e-15
6792.62  2.05316e-15
6794.07  2.04826e-15
6795.52  2.04132e-15
6796.96  2.0328e-15
6798.41  2.02332e-15
6799.85  2.01364e-15
6801.3   2.00444e-15
6802.74  1.99625e-15
6804.19  1.98933e-15
6805.63  1.98365e-15
6807.08  1.97886e-15
6808.52  1.97445e-15
6809.97  1.9698e-15
6811.41  1.96433e-15
6812.86  1.95766e-15
6814.3   1.94968e-15
6815.75  1.94057e-15
6817.19  1.93077e-15
6818.64  1.92093e-15
6820.08  1.91171e-15
6821.53  1.90374e-15
6822.97  1.89745e-15
6824.42  1.89309e-15
6825.86  1.89064e-15
6827.31  1.88994e-15
6828.75  1.89075e-15
6830.2   1.89285e-15
6831.64  1.89609e-15
6833.09  1.90047e-15
6834.53  1.90611e-15
6835.98  1.91312e-15
6837.42  1.92155e-15
6838.87  1.93122e-15
6840.31  1.94166e-15
6841.76  1.95205e-15
6843.21  1.96128e-15
6844.65  1.96803e-15
6846.1   1.971e-15
6847.54  1.96909e-15
6848.99  1.96165e-15
6850.43  1.94863e-15
6851.88  1.93065e-15
6853.32  1.90905e-15
6854.77  1.88569e-15
6856.21  1.86282e-15
6857.66  1.84272e-15
6859.1   1.82743e-15
6860.55  1.81845e-15
6861.99  1.81653e-15
6863.44  1.82153e-15
6864.88  1.83241e-15
6866.33  1.84742e-15
6867.77  1.86425e-15
6869.22  1.88043e-15
6870.66  1.89363e-15
6872.11  1.90203e-15
6873.55  1.90455e-15
6875     1.90101e-15
6876.44  1.89211e-15
6877.89  1.87935e-15
6879.33  1.86472e-15
6880.78  1.85039e-15
6882.22  1.83834e-15
6883.67  1.83007e-15
6885.11  1.82634e-15
6886.56  1.8271e-15
6888.01  1.83148e-15
6889.45  1.83806e-15
6890.9   1.84503e-15
6892.34  1.85059e-15
6893.79  1.8532e-15
6895.23  1.85182e-15
6896.68  1.84605e-15
6898.12  1.83614e-15
6899.57  1.8229e-15
6901.01  1.80751e-15
6902.46  1.79129e-15
6903.9   1.77553e-15
6905.35  1.7613e-15
6906.79  1.74937e-15
6908.24  1.74017e-15
6909.68  1.73385e-15
6911.13  1.73034e-15
6912.57  1.72943e-15
6914.02  1.73082e-15
6915.46  1.73418e-15
6916.91  1.73909e-15
6918.35  1.74506e-15
6919.8   1.75146e-15
6921.24  1.75753e-15
6922.69  1.76242e-15
6924.13  1.76524e-15
6925.58  1.76521e-15
6927.02  1.76171e-15
6928.47  1.7545e-15
6929.91  1.74369e-15
6931.36  1.72981e-15
6932.81  1.71376e-15
6934.25  1.69668e-15
6935.7   1.67982e-15
6937.14  1.66436e-15
6938.59  1.6513e-15
6940.03  1.64134e-15
6941.48  1.63483e-15
6942.92  1.63177e-15
6944.37  1.63187e-15
6945.81  1.63465e-15
6947.26  1.63949e-15
6948.7   1.64577e-15
6950.15  1.65289e-15
6951.59  1.66033e-15
6953.04  1.66766e-15
6954.48  1.67451e-15
6955.93  1.6806e-15
6957.37  1.68566e-15
6958.82  1.68946e-15
6960.26  1.69181e-15
6961.71  1.69255e-15
6963.15  1.69161e-15
6964.6   1.689e-15
6966.04  1.68485e-15
6967.49  1.67943e-15
6968.93  1.6731e-15
6970.38  1.66631e-15
6971.82  1.65957e-15
6973.27  1.65334e-15
6974.71  1.64804e-15
6976.16  1.64396e-15
6977.6   1.64125e-15
6979.05  1.63988e-15
6980.5   1.63972e-15
6981.94  1.64048e-15
6983.39  1.64187e-15
6984.83  1.64355e-15
6986.28  1.64525e-15
6987.72  1.6468e-15
6989.17  1.64814e-15
6990.61  1.64932e-15
6992.06  1.6505e-15
6993.5   1.65187e-15
6994.95  1.65364e-15
6996.39  1.65596e-15
6997.84  1.65888e-15
6999.28  1.66231e-15
7000.73  1.66598e-15
7002.17  1.66949e-15
7003.62  1.6723e-15
7005.06  1.67379e-15
7006.51  1.67335e-15
7007.95  1.67042e-15
7009.4   1.66462e-15
7010.84  1.65574e-15
7012.29  1.64387e-15
7013.73  1.62937e-15
7015.18  1.61284e-15
7016.62  1.59515e-15
7018.07  1.57731e-15
7019.51  1.56039e-15
7020.96  1.54545e-15
7022.4   1.53342e-15
7023.85  1.52503e-15
7025.3   1.52069e-15
7026.74  1.52052e-15
7028.19  1.52424e-15
7029.63  1.53124e-15
7031.08  1.54058e-15
7032.52  1.55107e-15
7033.97  1.56138e-15
7035.41  1.57017e-15
7036.86  1.5762e-15
7038.3   1.57853e-15
7039.75  1.57663e-15
7041.19  1.57047e-15
7042.64  1.56058e-15
7044.08  1.54798e-15
7045.53  1.53413e-15
7046.97  1.52071e-15
7048.42  1.50941e-15
7049.86  1.50169e-15
7051.31  1.49857e-15
7052.75  1.50044e-15
7054.2   1.50704e-15
7055.64  1.51739e-15
7057.09  1.53001e-15
7058.53  1.54304e-15
7059.98  1.55456e-15
7061.42  1.56284e-15
7062.87  1.56658e-15
7064.31  1.56512e-15
7065.76  1.55848e-15
7067.2   1.5474e-15
7068.65  1.53318e-15
7070.1   1.51748e-15
7071.54  1.5021e-15
7072.99  1.48871e-15
7074.43  1.47862e-15
7075.88  1.47264e-15
7077.32  1.471e-15
7078.77  1.4734e-15
7080.21  1.47908e-15
7081.66  1.48698e-15
7083.1   1.49596e-15
7084.55  1.50495e-15
7085.99  1.51307e-15
7087.44  1.51974e-15
7088.88  1.52468e-15
7090.33  1.52785e-15
7091.77  1.5294e-15
7093.22  1.52956e-15
7094.66  1.52858e-15
7096.11  1.52665e-15
7097.55  1.52391e-15
7099     1.52047e-15
7100.44  1.51645e-15
7101.89  1.51202e-15
7103.33  1.50746e-15
7104.78  1.50311e-15
7106.22  1.49934e-15
7107.67  1.49649e-15
7109.11  1.49477e-15
7110.56  1.49415e-15
7112     1.49433e-15
7113.45  1.49476e-15
7114.89  1.4947e-15
7116.34  1.49335e-15
7117.79  1.49002e-15
7119.23  1.48432e-15
7120.68  1.47625e-15
7122.12  1.46632e-15
7123.57  1.45546e-15
7125.01  1.44498e-15
7126.46  1.4363e-15
7127.9   1.43077e-15
7129.35  1.42942e-15
7130.79  1.43275e-15
7132.24  1.44062e-15
7133.68  1.45226e-15
7135.13  1.46638e-15
7136.57  1.48132e-15
7138.02  1.49533e-15
7139.46  1.50685e-15
7140.91  1.51472e-15
7142.35  1.51835e-15
7143.8   1.5178e-15
7145.24  1.51371e-15
7146.69  1.50717e-15
7148.13  1.49952e-15
7149.58  1.49208e-15
7151.02  1.48597e-15
7152.47  1.4819e-15
7153.91  1.48012e-15
7155.36  1.4804e-15
7156.8   1.48217e-15
7158.25  1.48465e-15
7159.69  1.48705e-15
7161.14  1.48873e-15
7162.59  1.48937e-15
7164.03  1.48902e-15
7165.48  1.48807e-15
7166.92  1.48719e-15
7168.37  1.48715e-15
7169.81  1.48865e-15
7171.26  1.49214e-15
7172.7   1.49767e-15
7174.15  1.50477e-15
7175.59  1.51252e-15
7177.04  1.51963e-15
7178.48  1.52461e-15
7179.93  1.52604e-15
7181.37  1.52281e-15
7182.82  1.51437e-15
7184.26  1.50084e-15
7185.71  1.4831e-15
7187.15  1.46269e-15
7188.6   1.44158e-15
7190.04  1.42193e-15
7191.49  1.40571e-15
7192.93  1.39441e-15
7194.38  1.38879e-15
7195.82  1.38879e-15
7197.27  1.39352e-15
7198.71  1.4015e-15
7200.16  1.41088e-15
7201.6   1.41986e-15
7203.05  1.42696e-15
7204.49  1.43135e-15
7205.94  1.4329e-15
7207.39  1.43226e-15
7208.83  1.43059e-15
7210.28  1.42934e-15
7211.72  1.4299e-15
7213.17  1.43327e-15
7214.61  1.43986e-15
7216.06  1.44934e-15
7217.5   1.46074e-15
7218.95  1.47257e-15
7220.39  1.48316e-15
7221.84  1.49093e-15
7223.28  1.49473e-15
7224.73  1.49406e-15
7226.17  1.48912e-15
7227.62  1.48081e-15
7229.06  1.47056e-15
7230.51  1.46005e-15
7231.95  1.4509e-15
7233.4   1.44441e-15
7234.84  1.44136e-15
7236.29  1.44186e-15
7237.73  1.44538e-15
7239.18  1.45089e-15
7240.62  1.45705e-15
7242.07  1.46248e-15
7243.51  1.46597e-15
7244.96  1.46672e-15
7246.4   1.46439e-15
7247.85  1.45919e-15
7249.29  1.45174e-15
7250.74  1.44299e-15
7252.18  1.43403e-15
7253.63  1.42592e-15
7255.08  1.41954e-15
7256.52  1.41546e-15
7257.97  1.41393e-15
7259.41  1.41489e-15
7260.86  1.41796e-15
7262.3   1.4226e-15
7263.75  1.42815e-15
7265.19  1.43396e-15
7266.64  1.43948e-15
7268.08  1.4443e-15
7269.53  1.44818e-15
7270.97  1.45106e-15
7272.42  1.45301e-15
7273.86  1.45419e-15
7275.31  1.4548e-15
7276.75  1.45506e-15
7278.2   1.45512e-15
7279.64  1.4551e-15
7281.09  1.45506e-15
7282.53  1.45502e-15
7283.98  1.45501e-15
7285.42  1.455e-15
7286.87  1.455e-15
7288.31  1.455e-15
7289.76  1.455e-15
7291.2   1.455e-15