#2.251902469327253
3611  1.11511e-15
3612  1.11285e-15
3613  1.11037e-15
3614  1.1077e-15
3615  1.10483e-15
3616  1.10175e-15
3617  1.09847e-15
3618  1.095e-15
3619  1.09133e-15
3620  1.08746e-15
3621  1.0834e-15
3622  1.07915e-15
3623  1.07471e-15
3624  1.07009e-15
3625  1.06529e-15
3626  1.06031e-15
3627  1.05517e-15
3628  1.04985e-15
3629  1.04438e-15
3630  1.03875e-15
3631  1.03298e-15
3632  1.02706e-15
3633  1.021e-15
3634  1.01482e-15
3635  1.00851e-15
3636  1.00209e-15
3637  9.95565e-16
3638  9.88938e-16
3639  9.82221e-16
3640  9.75421e-16
3641  9.68547e-16
3642  9.61608e-16
3643  9.54613e-16
3644  9.47571e-16
3645  9.40491e-16
3646  9.33383e-16
3647  9.26256e-16
3648  9.19119e-16
3649  9.11983e-16
3650  9.04856e-16
3651  8.97749e-16
3652  8.90672e-16
3653  8.83633e-16
3654  8.76643e-16
3655  8.69712e-16
3656  8.62849e-16
3657  8.56063e-16
3658  8.49364e-16
3659  8.42762e-16
3660  8.36265e-16
3661  8.29882e-16
3662  8.23623e-16
3663  8.17496e-16
3664  8.1151e-16
3665  8.05672e-16
3666  7.99992e-16
3667  7.94476e-16
3668  7.89132e-16
3669  7.83968e-16
3670  7.78991e-16
3671  7.74207e-16
3672  7.69622e-16
3673  7.65243e-16
3674  7.61076e-16
3675  7.57125e-16
3676  7.53396e-16
3677  7.49893e-16
3678  7.4662e-16
3679  7.43583e-16
3680  7.40783e-16
3681  7.38225e-16
3682  7.3591e-16
3683  7.33842e-16
3684  7.32021e-16
3685  7.3045e-16
3686  7.2913e-16
3687  7.28062e-16
3688  7.27245e-16
3689  7.26679e-16
3690  7.26365e-16
3691  7.26301e-16
3692  7.26485e-16
3693  7.26917e-16
3694  7.27593e-16
3695  7.28512e-16
3696  7.29671e-16
3697  7.31066e-16
3698  7.32694e-16
3699  7.3455e-16
3700  7.36631e-16
3701  7.38933e-16
3702  7.41449e-16
3703  7.44175e-16
3704  7.47105e-16
3705  7.50234e-16
3706  7.53555e-16
3707  7.57062e-16
3708  7.60749e-16
3709  7.64609e-16
3710  7.68634e-16
3711  7.72818e-16
3712  7.77152e-16
3713  7.81631e-16
3714  7.86246e-16
3715  7.90988e-16
3716  7.95851e-16
3717  8.00827e-16
3718  8.05906e-16
3719  8.11082e-16
3720  8.16346e-16
3721  8.21689e-16
3722  8.27104e-16
3723  8.32583e-16
3724  8.38117e-16
3725  8.43698e-16
3726  8.49318e-16
3727  8.5497e-16
3728  8.60644e-16
3729  8.66335e-16
3730  8.72034e-16
3731  8.77733e-16
3732  8.83426e-16
3733  8.89105e-16
3734  8.94764e-16
3735  9.00395e-16
3736  9.05992e-16
3737  9.1155e-16
3738  9.17061e-16
3739  9.22521e-16
3740  9.27923e-16
3741  9.33263e-16
3742  9.38536e-16
3743  9.43737e-16
3744  9.48861e-16
3745  9.53906e-16
3746  9.58866e-16
3747  9.63739e-16
3748  9.68522e-16
3749  9.73211e-16
3750  9.77806e-16
3751  9.82303e-16
3752  9.86701e-16
3753  9.90999e-16
3754  9.95196e-16
3755  9.99291e-16
3756  1.00328e-15
3757  1.00717e-15
3758  1.01096e-15
3759  1.01465e-15
3760  1.01824e-15
3761  1.02173e-15
3762  1.02512e-15
3763  1.02842e-15
3764  1.03163e-15
3765  1.03475e-15
3766  1.03778e-15
3767  1.04073e-15
3768  1.04359e-15
3769  1.04639e-15
3770  1.04911e-15
3771  1.05176e-15
3772  1.05435e-15
3773  1.05688e-15
3774  1.05936e-15
3775  1.06179e-15
3776  1.06418e-15
3777  1.06653e-15
3778  1.06885e-15
3779  1.07114e-15
3780  1.07341e-15
3781  1.07567e-15
3782  1.07792e-15
3783  1.08017e-15
3784  1.08243e-15
3785  1.08469e-15
3786  1.08698e-15
3787  1.08928e-15
3788  1.09162e-15
3789  1.09399e-15
3790  1.0964e-15
3791  1.09887e-15
3792  1.10139e-15
3793  1.10396e-15
3794  1.10661e-15
3795  1.10933e-15
3796  1.11212e-15
3797  1.115e-15
3798  1.11797e-15
3799  1.12104e-15
3800  1.1242e-15
3801  1.12747e-15
3802  1.13084e-15
3803  1.13433e-15
3804  1.13794e-15
3805  1.14166e-15
3806  1.14552e-15
3807  1.1495e-15
3808  1.15361e-15
3809  1.15785e-15
3810  1.16224e-15
3811  1.16676e-15
3812  1.17142e-15
3813  1.17622e-15
3814  1.18117e-15
3815  1.18626e-15
3816  1.19149e-15
3817  1.19687e-15
3818  1.2024e-15
3819  1.20807e-15
3820  1.21388e-15
3821  1.21984e-15
3822  1.22594e-15
3823  1.23217e-15
3824  1.23854e-15
3825  1.24505e-15
3826  1.25169e-15
3827  1.25845e-15
3828  1.26534e-15
3829  1.27236e-15
3830  1.27948e-15
3831  1.28672e-15
3832  1.29407e-15
3833  1.30152e-15
3834  1.30907e-15
3835  1.3167e-15
3836  1.32443e-15
3837  1.33223e-15
3838  1.3401e-15
3839  1.34804e-15
3840  1.35604e-15
3841  1.36409e-15
3842  1.37218e-15
3843  1.38031e-15
3844  1.38847e-15
3845  1.39665e-15
3846  1.40484e-15
3847  1.41303e-15
3848  1.42123e-15
3849  1.42941e-15
3850  1.43756e-15
3851  1.44569e-15
3852  1.45378e-15
3853  1.46183e-15
3854  1.46981e-15
3855  1.47774e-15
3856  1.48559e-15
3857  1.49335e-15
3858  1.50103e-15
3859  1.5086e-15
3860  1.51607e-15
3861  1.52342e-15
3862  1.53064e-15
3863  1.53773e-15
3864  1.54467e-15
3865  1.55146e-15
3866  1.5581e-15
3867  1.56457e-15
3868  1.57086e-15
3869  1.57697e-15
3870  1.58289e-15
3871  1.58861e-15
3872  1.59413e-15
3873  1.59943e-15
3874  1.60452e-15
3875  1.60939e-15
3876  1.61403e-15
3877  1.61843e-15
3878  1.62259e-15
3879  1.6265e-15
3880  1.63017e-15
3881  1.63358e-15
3882  1.63673e-15
3883  1.63961e-15
3884  1.64223e-15
3885  1.64459e-15
3886  1.64666e-15
3887  1.64847e-15
3888  1.65e-15
3889  1.65124e-15
3890  1.65221e-15
3891  1.6529e-15
3892  1.6533e-15
3893  1.65343e-15
3894  1.65327e-15
3895  1.65283e-15
3896  1.6521e-15
3897  1.6511e-15
3898  1.64983e-15
3899  1.64827e-15
3900  1.64644e-15
3901  1.64434e-15
3902  1.64198e-15
3903  1.63935e-15
3904  1.63645e-15
3905  1.63331e-15
3906  1.6299e-15
3907  1.62626e-15
3908  1.62237e-15
3909  1.61824e-15
3910  1.61388e-15
3911  1.6093e-15
3912  1.60449e-15
3913  1.59948e-15
3914  1.59426e-15
3915  1.58884e-15
3916  1.58323e-15
3917  1.57744e-15
3918  1.57147e-15
3919  1.56534e-15
3920  1.55905e-15
3921  1.5526e-15
3922  1.54602e-15
3923  1.5393e-15
3924  1.53247e-15
3925  1.52552e-15
3926  1.51846e-15
3927  1.51131e-15
3928  1.50407e-15
3929  1.49676e-15
3930  1.48939e-15
3931  1.48196e-15
3932  1.47449e-15
3933  1.46698e-15
3934  1.45944e-15
3935  1.45189e-15
3936  1.44434e-15
3937  1.4368e-15
3938  1.42927e-15
3939  1.42176e-15
3940  1.4143e-15
3941  1.40688e-15
3942  1.39952e-15
3943  1.39222e-15
3944  1.38501e-15
3945  1.37788e-15
3946  1.37084e-15
3947  1.36391e-15
3948  1.3571e-15
3949  1.35041e-15
3950  1.34386e-15
3951  1.33745e-15
3952  1.33119e-15
3953  1.32509e-15
3954  1.31915e-15
3955  1.3134e-15
3956  1.30783e-15
3957  1.30245e-15
3958  1.29727e-15
3959  1.29229e-15
3960  1.28753e-15
3961  1.28299e-15
3962  1.27867e-15
3963  1.27458e-15
3964  1.27074e-15
3965  1.26713e-15
3966  1.26377e-15
3967  1.26067e-15
3968  1.25781e-15
3969  1.25522e-15
3970  1.2529e-15
3971  1.25084e-15
3972  1.24905e-15
3973  1.24753e-15
3974  1.24629e-15
3975  1.24532e-15
3976  1.24463e-15
3977  1.24422e-15
3978  1.24408e-15
3979  1.24423e-15
3980  1.24466e-15
3981  1.24536e-15
3982  1.24634e-15
3983  1.2476e-15
3984  1.24913e-15
3985  1.25094e-15
3986  1.25301e-15
3987  1.25536e-15
3988  1.25797e-15
3989  1.26083e-15
3990  1.26396e-15
3991  1.26734e-15
3992  1.27096e-15
3993  1.27483e-15
3994  1.27894e-15
3995  1.28328e-15
3996  1.28785e-15
3997  1.29263e-15
3998  1.29764e-15
3999  1.30285e-15
4000  1.30825e-15
4001  1.31386e-15
4002  1.31964e-15
4003  1.32561e-15
4004  1.33174e-15
4005  1.33804e-15
4006  1.34449e-15
4007  1.35108e-15
4008  1.35781e-15
4009  1.36467e-15
4010  1.37164e-15
4011  1.37873e-15
4012  1.38591e-15
4013  1.39318e-15
4014  1.40053e-15
4015  1.40795e-15
4016  1.41543e-15
4017  1.42296e-15
4018  1.43053e-15
4019  1.43814e-15
4020  1.44576e-15
4021  1.4534e-15
4022  1.46104e-15
4023  1.46867e-15
4024  1.47628e-15
4025  1.48387e-15
4026  1.49142e-15
4027  1.49893e-15
4028  1.50638e-15
4029  1.51376e-15
4030  1.52108e-15
4031  1.52831e-15
4032  1.53545e-15
4033  1.54249e-15
4034  1.54943e-15
4035  1.55625e-15
4036  1.56294e-15
4037  1.56951e-15
4038  1.57594e-15
4039  1.58223e-15
4040  1.58837e-15
4041  1.59435e-15
4042  1.60017e-15
4043  1.60581e-15
4044  1.61129e-15
4045  1.61658e-15
4046  1.62169e-15
4047  1.62662e-15
4048  1.63134e-15
4049  1.63588e-15
4050  1.64021e-15
4051  1.64434e-15
4052  1.64827e-15
4053  1.65199e-15
4054  1.6555e-15
4055  1.6588e-15
4056  1.66189e-15
4057  1.66476e-15
4058  1.66742e-15
4059  1.66987e-15
4060  1.67211e-15
4061  1.67413e-15
4062  1.67594e-15
4063  1.67754e-15
4064  1.67893e-15
4065  1.68012e-15
4066  1.6811e-15
4067  1.68189e-15
4068  1.68247e-15
4069  1.68286e-15
4070  1.68306e-15
4071  1.68307e-15
4072  1.68289e-15
4073  1.68254e-15
4074  1.68202e-15
4075  1.68132e-15
4076  1.68046e-15
4077  1.67945e-15
4078  1.67828e-15
4079  1.67696e-15
4080  1.6755e-15
4081  1.6739e-15
4082  1.67218e-15
4083  1.67033e-15
4084  1.66837e-15
4085  1.6663e-15
4086  1.66412e-15
4087  1.66185e-15
4088  1.65949e-15
4089  1.65704e-15
4090  1.65452e-15
4091  1.65193e-15
4092  1.64928e-15
4093  1.64657e-15
4094  1.64381e-15
4095  1.64101e-15
4096  1.63817e-15
4097  1.63531e-15
4098  1.63242e-15
4099  1.62951e-15
4100  1.6266e-15
4101  1.62368e-15
4102  1.62076e-15
4103  1.61784e-15
4104  1.61494e-15
4105  1.61206e-15
4106  1.6092e-15
4107  1.60637e-15
4108  1.60356e-15
4109  1.6008e-15
4110  1.59807e-15
4111  1.59539e-15
4112  1.59276e-15
4113  1.59018e-15
4114  1.58765e-15
4115  1.58518e-15
4116  1.58277e-15
4117  1.58042e-15
4118  1.57814e-15
4119  1.57592e-15
4120  1.57377e-15
4121  1.57168e-15
4122  1.56966e-15
4123  1.56771e-15
4124  1.56584e-15
4125  1.56402e-15
4126  1.56228e-15
4127  1.56061e-15
4128  1.559e-15
4129  1.55745e-15
4130  1.55597e-15
4131  1.55456e-15
4132  1.5532e-15
4133  1.5519e-15
4134  1.55065e-15
4135  1.54946e-15
4136  1.54831e-15
4137  1.54721e-15
4138  1.54615e-15
4139  1.54513e-15
4140  1.54414e-15
4141  1.54319e-15
4142  1.54226e-15
4143  1.54135e-15
4144  1.54046e-15
4145  1.53958e-15
4146  1.53871e-15
4147  1.53784e-15
4148  1.53697e-15
4149  1.5361e-15
4150  1.53521e-15
4151  1.5343e-15
4152  1.53337e-15
4153  1.53242e-15
4154  1.53143e-15
4155  1.5304e-15
4156  1.52933e-15
4157  1.52822e-15
4158  1.52705e-15
4159  1.52582e-15
4160  1.52453e-15
4161  1.52317e-15
4162  1.52174e-15
4163  1.52024e-15
4164  1.51865e-15
4165  1.51697e-15
4166  1.51521e-15
4167  1.51335e-15
4168  1.5114e-15
4169  1.50934e-15
4170  1.50718e-15
4171  1.50491e-15
4172  1.50253e-15
4173  1.50004e-15
4174  1.49743e-15
4175  1.49471e-15
4176  1.49186e-15
4177  1.48889e-15
4178  1.48579e-15
4179  1.48257e-15
4180  1.47922e-15
4181  1.47575e-15
4182  1.47214e-15
4183  1.46841e-15
4184  1.46455e-15
4185  1.46056e-15
4186  1.45644e-15
4187  1.45219e-15
4188  1.44781e-15
4189  1.44331e-15
4190  1.43869e-15
4191  1.43394e-15
4192  1.42907e-15
4193  1.42408e-15
4194  1.41897e-15
4195  1.41375e-15
4196  1.40842e-15
4197  1.40298e-15
4198  1.39743e-15
4199  1.39178e-15
4200  1.38603e-15
4201  1.38019e-15
4202  1.37425e-15
4203  1.36823e-15
4204  1.36212e-15
4205  1.35593e-15
4206  1.34967e-15
4207  1.34334e-15
4208  1.33695e-15
4209  1.33049e-15
4210  1.32398e-15
4211  1.31741e-15
4212  1.3108e-15
4213  1.30415e-15
4214  1.29746e-15
4215  1.29074e-15
4216  1.284e-15
4217  1.27723e-15
4218  1.27045e-15
4219  1.26365e-15
4220  1.25685e-15
4221  1.25005e-15
4222  1.24325e-15
4223  1.23647e-15
4224  1.22969e-15
4225  1.22294e-15
4226  1.21621e-15
4227  1.2095e-15
4228  1.20283e-15
4229  1.1962e-15
4230  1.18961e-15
4231  1.18306e-15
4232  1.17656e-15
4233  1.17012e-15
4234  1.16373e-15
4235  1.15741e-15
4236  1.15115e-15
4237  1.14495e-15
4238  1.13883e-15
4239  1.13279e-15
4240  1.12682e-15
4241  1.12093e-15
4242  1.11512e-15
4243  1.1094e-15
4244  1.10377e-15
4245  1.09823e-15
4246  1.09278e-15
4247  1.08742e-15
4248  1.08216e-15
4249  1.077e-15
4250  1.07193e-15
4251  1.06697e-15
4252  1.0621e-15
4253  1.05734e-15
4254  1.05268e-15
4255  1.04812e-15
4256  1.04366e-15
4257  1.03931e-15
4258  1.03506e-15
4259  1.03092e-15
4260  1.02688e-15
4261  1.02294e-15
4262  1.01911e-15
4263  1.01538e-15
4264  1.01175e-15
4265  1.00823e-15
4266  1.00481e-15
4267  1.00148e-15
4268  9.98262e-16
4269  9.95139e-16
4270  9.92114e-16
4271  9.89186e-16
4272  9.86355e-16
4273  9.83619e-16
4274  9.80976e-16
4275  9.78426e-16
4276  9.75968e-16
4277  9.736e-16
4278  9.71322e-16
4279  9.69131e-16
4280  9.67027e-16
4281  9.65008e-16
4282  9.63073e-16
4283  9.61221e-16
4284  9.59451e-16
4285  9.57761e-16
4286  9.5615e-16
4287  9.54617e-16
4288  9.53162e-16
4289  9.51782e-16
4290  9.50476e-16
4291  9.49245e-16
4292  9.48086e-16
4293  9.46999e-16
4294  9.45983e-16
4295  9.45036e-16
4296  9.44159e-16
4297  9.4335e-16
4298  9.42609e-16
4299  9.41935e-16
4300  9.41327e-16
4301  9.40785e-16
4302  9.40308e-16
4303  9.39896e-16
4304  9.39549e-16
4305  9.39265e-16
4306  9.39045e-16
4307  9.38888e-16
4308  9.38794e-16
4309  9.38764e-16
4310  9.38795e-16
4311  9.3889e-16
4312  9.39047e-16
4313  9.39266e-16
4314  9.39547e-16
4315  9.39891e-16
4316  9.40297e-16
4317  9.40765e-16
4318  9.41296e-16
4319  9.41889e-16
4320  9.42544e-16
4321  9.43262e-16
4322  9.44043e-16
4323  9.44886e-16
4324  9.45792e-16
4325  9.4676e-16
4326  9.47791e-16
4327  9.48885e-16
4328  9.50042e-16
4329  9.51262e-16
4330  9.52544e-16
4331  9.53889e-16
4332  9.55297e-16
4333  9.56767e-16
4334  9.58299e-16
4335  9.59894e-16
4336  9.6155e-16
4337  9.63268e-16
4338  9.65048e-16
4339  9.66888e-16
4340  9.68789e-16
4341  9.7075e-16
4342  9.7277e-16
4343  9.7485e-16
4344  9.76988e-16
4345  9.79184e-16
4346  9.81436e-16
4347  9.83745e-16
4348  9.86109e-16
4349  9.88528e-16
4350  9.91001e-16
4351  9.93526e-16
4352  9.96103e-16
4353  9.9873e-16
4354  1.00141e-15
4355  1.00413e-15
4356  1.0069e-15
4357  1.00972e-15
4358  1.01258e-15
4359  1.01549e-15
4360  1.01843e-15
4361  1.02142e-15
4362  1.02445e-15
4363  1.02751e-15
4364  1.03061e-15
4365  1.03374e-15
4366  1.0369e-15
4367  1.0401e-15
4368  1.04332e-15
4369  1.04658e-15
4370  1.04985e-15
4371  1.05316e-15
4372  1.05648e-15
4373  1.05983e-15
4374  1.06319e-15
4375  1.06658e-15
4376  1.06998e-15
4377  1.07339e-15
4378  1.07681e-15
4379  1.08025e-15
4380  1.0837e-15
4381  1.08715e-15
4382  1.09061e-15
4383  1.09408e-15
4384  1.09755e-15
4385  1.10102e-15
4386  1.10449e-15
4387  1.10796e-15
4388  1.11143e-15
4389  1.1149e-15
4390  1.11836e-15
4391  1.12182e-15
4392  1.12526e-15
4393  1.1287e-15
4394  1.13214e-15
4395  1.13556e-15
4396  1.13897e-15
4397  1.14237e-15
4398  1.14575e-15
4399  1.14913e-15
4400  1.15249e-15
4401  1.15583e-15
4402  1.15916e-15
4403  1.16248e-15
4404  1.16578e-15
4405  1.16906e-15
4406  1.17232e-15
4407  1.17557e-15
4408  1.17881e-15
4409  1.18202e-15
4410  1.18522e-15
4411  1.1884e-15
4412  1.19156e-15
4413  1.1947e-15
4414  1.19783e-15
4415  1.20094e-15
4416  1.20403e-15
4417  1.20711e-15
4418  1.21017e-15
4419  1.21321e-15
4420  1.21624e-15
4421  1.21925e-15
4422  1.22224e-15
4423  1.22522e-15
4424  1.22818e-15
4425  1.23113e-15
4426  1.23407e-15
4427  1.23699e-15
4428  1.2399e-15
4429  1.24279e-15
4430  1.24567e-15
4431  1.24854e-15
4432  1.2514e-15
4433  1.25424e-15
4434  1.25707e-15
4435  1.25989e-15
4436  1.2627e-15
4437  1.2655e-15
4438  1.26829e-15
4439  1.27106e-15
4440  1.27383e-15
4441  1.27658e-15
4442  1.27933e-15
4443  1.28206e-15
4444  1.28478e-15
4445  1.2875e-15
4446  1.2902e-15
4447  1.29289e-15
4448  1.29556e-15
4449  1.29823e-15
4450  1.30088e-15
4451  1.30352e-15
4452  1.30615e-15
4453  1.30876e-15
4454  1.31136e-15
4455  1.31394e-15
4456  1.31651e-15
4457  1.31906e-15
4458  1.3216e-15
4459  1.32411e-15
4460  1.32661e-15
4461  1.32908e-15
4462  1.33154e-15
4463  1.33397e-15
4464  1.33638e-15
4465  1.33876e-15
4466  1.34112e-15
4467  1.34345e-15
4468  1.34576e-15
4469  1.34803e-15
4470  1.35028e-15
4471  1.35249e-15
4472  1.35467e-15
4473  1.35681e-15
4474  1.35892e-15
4475  1.361e-15
4476  1.36303e-15
4477  1.36502e-15
4478  1.36697e-15
4479  1.36888e-15
4480  1.37075e-15
4481  1.37257e-15
4482  1.37434e-15
4483  1.37607e-15
4484  1.37775e-15
4485  1.37938e-15
4486  1.38095e-15
4487  1.38248e-15
4488  1.38395e-15
4489  1.38537e-15
4490  1.38673e-15
4491  1.38803e-15
4492  1.38928e-15
4493  1.39047e-15
4494  1.3916e-15
4495  1.39268e-15
4496  1.39369e-15
4497  1.39464e-15
4498  1.39553e-15
4499  1.39637e-15
4500  1.39714e-15
4501  1.39785e-15
4502  1.3985e-15
4503  1.39908e-15
4504  1.39961e-15
4505  1.40007e-15
4506  1.40048e-15
4507  1.40082e-15
4508  1.4011e-15
4509  1.40133e-15
4510  1.40149e-15
4511  1.4016e-15
4512  1.40165e-15
4513  1.40164e-15
4514  1.40158e-15
4515  1.40147e-15
4516  1.4013e-15
4517  1.40107e-15
4518  1.4008e-15
4519  1.40048e-15
4520  1.40011e-15
4521  1.39969e-15
4522  1.39923e-15
4523  1.39872e-15
4524  1.39818e-15
4525  1.39759e-15
4526  1.39696e-15
4527  1.3963e-15
4528  1.3956e-15
4529  1.39487e-15
4530  1.39411e-15
4531  1.39331e-15
4532  1.3925e-15
4533  1.39165e-15
4534  1.39078e-15
4535  1.38989e-15
4536  1.38898e-15
4537  1.38805e-15
4538  1.38711e-15
4539  1.38615e-15
4540  1.38518e-15
4541  1.3842e-15
4542  1.38322e-15
4543  1.38222e-15
4544  1.38122e-15
4545  1.38022e-15
4546  1.37921e-15
4547  1.3782e-15
4548  1.3772e-15
4549  1.3762e-15
4550  1.3752e-15
4551  1.3742e-15
4552  1.37322e-15
4553  1.37224e-15
4554  1.37127e-15
4555  1.37031e-15
4556  1.36936e-15
4557  1.36842e-15
4558  1.36749e-15
4559  1.36657e-15
4560  1.36567e-15
4561  1.36478e-15
4562  1.36391e-15
4563  1.36305e-15
4564  1.3622e-15
4565  1.36137e-15
4566  1.36054e-15
4567  1.35974e-15
4568  1.35894e-15
4569  1.35816e-15
4570  1.35739e-15
4571  1.35664e-15
4572  1.35589e-15
4573  1.35515e-15
4574  1.35442e-15
4575  1.3537e-15
4576  1.35299e-15
4577  1.35228e-15
4578  1.35158e-15
4579  1.35087e-15
4580  1.35017e-15
4581  1.34947e-15
4582  1.34877e-15
4583  1.34807e-15
4584  1.34736e-15
4585  1.34664e-15
4586  1.34592e-15
4587  1.34518e-15
4588  1.34443e-15
4589  1.34367e-15
4590  1.34289e-15
4591  1.3421e-15
4592  1.34128e-15
4593  1.34044e-15
4594  1.33958e-15
4595  1.33869e-15
4596  1.33778e-15
4597  1.33683e-15
4598  1.33585e-15
4599  1.33483e-15
4600  1.33378e-15
4601  1.3327e-15
4602  1.33157e-15
4603  1.3304e-15
4604  1.32918e-15
4605  1.32792e-15
4606  1.32662e-15
4607  1.32526e-15
4608  1.32386e-15
4609  1.3224e-15
4610  1.32089e-15
4611  1.31932e-15
4612  1.3177e-15
4613  1.31602e-15
4614  1.31428e-15
4615  1.31248e-15
4616  1.31062e-15
4617  1.3087e-15
4618  1.30672e-15
4619  1.30468e-15
4620  1.30257e-15
4621  1.3004e-15
4622  1.29817e-15
4623  1.29587e-15
4624  1.29351e-15
4625  1.29108e-15
4626  1.28859e-15
4627  1.28603e-15
4628  1.28342e-15
4629  1.28073e-15
4630  1.27799e-15
4631  1.27519e-15
4632  1.27232e-15
4633  1.26939e-15
4634  1.26641e-15
4635  1.26336e-15
4636  1.26026e-15
4637  1.25711e-15
4638  1.2539e-15
4639  1.25063e-15
4640  1.24732e-15
4641  1.24396e-15
4642  1.24054e-15
4643  1.23709e-15
4644  1.23359e-15
4645  1.23004e-15
4646  1.22646e-15
4647  1.22284e-15
4648  1.21919e-15
4649  1.2155e-15
4650  1.21178e-15
4651  1.20803e-15
4652  1.20426e-15
4653  1.20047e-15
4654  1.19665e-15
4655  1.19281e-15
4656  1.18896e-15
4657  1.1851e-15
4658  1.18122e-15
4659  1.17734e-15
4660  1.17345e-15
4661  1.16956e-15
4662  1.16567e-15
4663  1.16178e-15
4664  1.15789e-15
4665  1.15402e-15
4666  1.15015e-15
4667  1.1463e-15
4668  1.14246e-15
4669  1.13865e-15
4670  1.13485e-15
4671  1.13107e-15
4672  1.12732e-15
4673  1.1236e-15
4674  1.11991e-15
4675  1.11625e-15
4676  1.11262e-15
4677  1.10903e-15
4678  1.10548e-15
4679  1.10197e-15
4680  1.0985e-15
4681  1.09508e-15
4682  1.0917e-15
4683  1.08837e-15
4684  1.08509e-15
4685  1.08185e-15
4686  1.07867e-15
4687  1.07555e-15
4688  1.07247e-15
4689  1.06946e-15
4690  1.0665e-15
4691  1.06359e-15
4692  1.06074e-15
4693  1.05796e-15
4694  1.05523e-15
4695  1.05256e-15
4696  1.04995e-15
4697  1.0474e-15
4698  1.04491e-15
4699  1.04248e-15
4700  1.04012e-15
4701  1.03781e-15
4702  1.03556e-15
4703  1.03337e-15
4704  1.03125e-15
4705  1.02918e-15
4706  1.02717e-15
4707  1.02521e-15
4708  1.02331e-15
4709  1.02147e-15
4710  1.01969e-15
4711  1.01795e-15
4712  1.01627e-15
4713  1.01464e-15
4714  1.01306e-15
4715  1.01153e-15
4716  1.01005e-15
4717  1.00861e-15
4718  1.00721e-15
4719  1.00586e-15
4720  1.00454e-15
4721  1.00327e-15
4722  1.00203e-15
4723  1.00083e-15
4724  9.9966e-16
4725  9.98521e-16
4726  9.97411e-16
4727  9.96327e-16
4728  9.95269e-16
4729  9.94233e-16
4730  9.93217e-16
4731  9.92219e-16
4732  9.91238e-16
4733  9.9027e-16
4734  9.89314e-16
4735  9.88367e-16
4736  9.87428e-16
4737  9.86494e-16
4738  9.85562e-16
4739  9.84631e-16
4740  9.83699e-16
4741  9.82763e-16
4742  9.81821e-16
4743  9.80872e-16
4744  9.79912e-16
4745  9.78941e-16
4746  9.77955e-16
4747  9.76954e-16
4748  9.75936e-16
4749  9.74897e-16
4750  9.73838e-16
4751  9.72755e-16
4752  9.71648e-16
4753  9.70515e-16
4754  9.69354e-16
4755  9.68163e-16
4756  9.66943e-16
4757  9.6569e-16
4758  9.64405e-16
4759  9.63085e-16
4760  9.6173e-16
4761  9.6034e-16
4762  9.58912e-16
4763  9.57447e-16
4764  9.55943e-16
4765  9.544e-16
4766  9.52819e-16
4767  9.51197e-16
4768  9.49535e-16
4769  9.47834e-16
4770  9.46092e-16
4771  9.4431e-16
4772  9.42488e-16
4773  9.40627e-16
4774  9.38726e-16
4775  9.36787e-16
4776  9.34809e-16
4777  9.32794e-16
4778  9.30742e-16
4779  9.28654e-16
4780  9.26531e-16
4781  9.24374e-16
4782  9.22185e-16
4783  9.19965e-16
4784  9.17715e-16
4785  9.15437e-16
4786  9.13132e-16
4787  9.10802e-16
4788  9.08448e-16
4789  9.06073e-16
4790  9.03679e-16
4791  9.01267e-16
4792  8.9884e-16
4793  8.964e-16
4794  8.93948e-16
4795  8.91488e-16
4796  8.89022e-16
4797  8.86552e-16
4798  8.8408e-16
4799  8.8161e-16
4800  8.79143e-16
4801  8.76682e-16
4802  8.74231e-16
4803  8.71791e-16
4804  8.69365e-16
4805  8.66956e-16
4806  8.64567e-16
4807  8.62201e-16
4808  8.59859e-16
4809  8.57546e-16
4810  8.55263e-16
4811  8.53013e-16
4812  8.508e-16
4813  8.48625e-16
4814  8.46491e-16
4815  8.44402e-16
4816  8.42359e-16
4817  8.40365e-16
4818  8.38422e-16
4819  8.36533e-16
4820  8.34701e-16
4821  8.32927e-16
4822  8.31213e-16
4823  8.29562e-16
4824  8.27976e-16
4825  8.26457e-16
4826  8.25007e-16
4827  8.23627e-16
4828  8.22318e-16
4829  8.21084e-16
4830  8.19924e-16
4831  8.1884e-16
4832  8.17834e-16
4833  8.16907e-16
4834  8.16059e-16
4835  8.15292e-16
4836  8.14605e-16
4837  8.14e-16
4838  8.13477e-16
4839  8.13037e-16
4840  8.12679e-16
4841  8.12403e-16
4842  8.1221e-16
4843  8.12099e-16
4844  8.1207e-16
4845  8.12122e-16
4846  8.12255e-16
4847  8.12467e-16
4848  8.12758e-16
4849  8.13127e-16
4850  8.13571e-16
4851  8.14091e-16
4852  8.14685e-16
4853  8.1535e-16
4854  8.16086e-16
4855  8.1689e-16
4856  8.1776e-16
4857  8.18694e-16
4858  8.1969e-16
4859  8.20745e-16
4860  8.21857e-16
4861  8.23024e-16
4862  8.24243e-16
4863  8.25511e-16
4864  8.26825e-16
4865  8.28182e-16
4866  8.29579e-16
4867  8.31014e-16
4868  8.32483e-16
4869  8.33983e-16
4870  8.3551e-16
4871  8.37062e-16
4872  8.38634e-16
4873  8.40225e-16
4874  8.41829e-16
4875  8.43445e-16
4876  8.45068e-16
4877  8.46695e-16
4878  8.48323e-16
4879  8.49947e-16
4880  8.51566e-16
4881  8.53175e-16
4882  8.54771e-16
4883  8.56351e-16
4884  8.57912e-16
4885  8.59449e-16
4886  8.60961e-16
4887  8.62444e-16
4888  8.63894e-16
4889  8.6531e-16
4890  8.66688e-16
4891  8.68025e-16
4892  8.69319e-16
4893  8.70566e-16
4894  8.71765e-16
4895  8.72913e-16
4896  8.74008e-16
4897  8.75048e-16
4898  8.7603e-16
4899  8.76952e-16
4900  8.77814e-16
4901  8.78612e-16
4902  8.79346e-16
4903  8.80014e-16
4904  8.80614e-16
4905  8.81147e-16
4906  8.8161e-16
4907  8.82003e-16
4908  8.82325e-16
4909  8.82575e-16
4910  8.82753e-16
4911  8.8286e-16
4912  8.82894e-16
4913  8.82855e-16
4914  8.82745e-16
4915  8.82563e-16
4916  8.82309e-16
4917  8.81984e-16
4918  8.8159e-16
4919  8.81126e-16
4920  8.80593e-16
4921  8.79994e-16
4922  8.79328e-16
4923  8.78599e-16
4924  8.77806e-16
4925  8.76951e-16
4926  8.76037e-16
4927  8.75065e-16
4928  8.74037e-16
4929  8.72956e-16
4930  8.71822e-16
4931  8.70639e-16
4932  8.69409e-16
4933  8.68134e-16
4934  8.66817e-16
4935  8.6546e-16
4936  8.64065e-16
4937  8.62637e-16
4938  8.61176e-16
4939  8.59687e-16
4940  8.58171e-16
4941  8.56632e-16
4942  8.55072e-16
4943  8.53496e-16
4944  8.51904e-16
4945  8.50301e-16
4946  8.48689e-16
4947  8.47072e-16
4948  8.45452e-16
4949  8.43832e-16
4950  8.42216e-16
4951  8.40605e-16
4952  8.39004e-16
4953  8.37415e-16
4954  8.3584e-16
4955  8.34283e-16
4956  8.32747e-16
4957  8.31233e-16
4958  8.29746e-16
4959  8.28287e-16
4960  8.26859e-16
4961  8.25464e-16
4962  8.24106e-16
4963  8.22786e-16
4964  8.21506e-16
4965  8.2027e-16
4966  8.19079e-16
4967  8.17934e-16
4968  8.1684e-16
4969  8.15796e-16
4970  8.14805e-16
4971  8.13869e-16
4972  8.12989e-16
4973  8.12167e-16
4974  8.11405e-16
4975  8.10703e-16
4976  8.10063e-16
4977  8.09487e-16
4978  8.08975e-16
4979  8.08529e-16
4980  8.08149e-16
4981  8.07836e-16
4982  8.07591e-16
4983  8.07414e-16
4984  8.07307e-16
4985  8.07269e-16
4986  8.07301e-16
4987  8.07403e-16
4988  8.07576e-16
4989  8.07819e-16
4990  8.08133e-16
4991  8.08517e-16
4992  8.08971e-16
4993  8.09495e-16
4994  8.10089e-16
4995  8.10753e-16
4996  8.11485e-16
4997  8.12285e-16
4998  8.13154e-16
4999  8.14089e-16
5000  8.15091e-16
5001  8.16158e-16
5002  8.1729e-16
5003  8.18486e-16
5004  8.19744e-16
5005  8.21064e-16
5006  8.22445e-16
5007  8.23885e-16
5008  8.25384e-16
5009  8.2694e-16
5010  8.28551e-16
5011  8.30217e-16
5012  8.31936e-16
5013  8.33707e-16
5014  8.35528e-16
5015  8.37398e-16
5016  8.39316e-16
5017  8.4128e-16
5018  8.43288e-16
5019  8.45338e-16
5020  8.47431e-16
5021  8.49562e-16
5022  8.51732e-16
5023  8.53939e-16
5024  8.5618e-16
5025  8.58455e-16
5026  8.60761e-16
5027  8.63097e-16
5028  8.65462e-16
5029  8.67853e-16
5030  8.70269e-16
5031  8.72709e-16
5032  8.7517e-16
5033  8.77651e-16
5034  8.80151e-16
5035  8.82667e-16
5036  8.85199e-16
5037  8.87744e-16
5038  8.90301e-16
5039  8.92869e-16
5040  8.95445e-16
5041  8.98028e-16
5042  9.00617e-16
5043  9.0321e-16
5044  9.05805e-16
5045  9.08402e-16
5046  9.10998e-16
5047  9.13592e-16
5048  9.16182e-16
5049  9.18768e-16
5050  9.21348e-16
5051  9.2392e-16
5052  9.26483e-16
5053  9.29036e-16
5054  9.31577e-16
5055  9.34105e-16
5056  9.36619e-16
5057  9.39118e-16
5058  9.416e-16
5059  9.44064e-16
5060  9.4651e-16
5061  9.48935e-16
5062  9.51339e-16
5063  9.53722e-16
5064  9.56081e-16
5065  9.58416e-16
5066  9.60725e-16
5067  9.63009e-16
5068  9.65266e-16
5069  9.67494e-16
5070  9.69695e-16
5071  9.71866e-16
5072  9.74006e-16
5073  9.76116e-16
5074  9.78194e-16
5075  9.8024e-16
5076  9.82253e-16
5077  9.84233e-16
5078  9.86179e-16
5079  9.8809e-16
5080  9.89966e-16
5081  9.91807e-16
5082  9.93612e-16
5083  9.95382e-16
5084  9.97114e-16
5085  9.9881e-16
5086  1.00047e-15
5087  1.00209e-15
5088  1.00368e-15
5089  1.00522e-15
5090  1.00673e-15
5091  1.0082e-15
5092  1.00964e-15
5093  1.01103e-15
5094  1.01239e-15
5095  1.01371e-15
5096  1.015e-15
5097  1.01624e-15
5098  1.01745e-15
5099  1.01863e-15
5100  1.01976e-15
5101  1.02086e-15
5102  1.02192e-15
5103  1.02295e-15
5104  1.02394e-15
5105  1.0249e-15
5106  1.02582e-15
5107  1.0267e-15
5108  1.02755e-15
5109  1.02837e-15
5110  1.02916e-15
5111  1.02991e-15
5112  1.03063e-15
5113  1.03131e-15
5114  1.03197e-15
5115  1.03259e-15
5116  1.03319e-15
5117  1.03375e-15
5118  1.03429e-15
5119  1.03479e-15
5120  1.03527e-15
5121  1.03572e-15
5122  1.03614e-15
5123  1.03653e-15
5124  1.0369e-15
5125  1.03724e-15
5126  1.03755e-15
5127  1.03784e-15
5128  1.0381e-15
5129  1.03834e-15
5130  1.03855e-15
5131  1.03874e-15
5132  1.03891e-15
5133  1.03905e-15
5134  1.03917e-15
5135  1.03927e-15
5136  1.03934e-15
5137  1.03939e-15
5138  1.03942e-15
5139  1.03942e-15
5140  1.03941e-15
5141  1.03937e-15
5142  1.0393e-15
5143  1.03922e-15
5144  1.03911e-15
5145  1.03898e-15
5146  1.03883e-15
5147  1.03865e-15
5148  1.03845e-15
5149  1.03823e-15
5150  1.03798e-15
5151  1.03771e-15
5152  1.03741e-15
5153  1.03709e-15
5154  1.03674e-15
5155  1.03637e-15
5156  1.03597e-15
5157  1.03554e-15
5158  1.03508e-15
5159  1.0346e-15
5160  1.03408e-15
5161  1.03354e-15
5162  1.03296e-15
5163  1.03236e-15
5164  1.03172e-15
5165  1.03105e-15
5166  1.03034e-15
5167  1.0296e-15
5168  1.02882e-15
5169  1.02801e-15
5170  1.02716e-15
5171  1.02627e-15
5172  1.02535e-15
5173  1.02438e-15
5174  1.02337e-15
5175  1.02232e-15
5176  1.02123e-15
5177  1.02009e-15
5178  1.01891e-15
5179  1.01768e-15
5180  1.01641e-15
5181  1.01509e-15
5182  1.01373e-15
5183  1.01231e-15
5184  1.01085e-15
5185  1.00934e-15
5186  1.00777e-15
5187  1.00616e-15
5188  1.00449e-15
5189  1.00278e-15
5190  1.00101e-15
5191  9.99183e-16
5192  9.97307e-16
5193  9.95377e-16
5194  9.93393e-16
5195  9.91356e-16
5196  9.89264e-16
5197  9.87119e-16
5198  9.84919e-16
5199  9.82665e-16
5200  9.80358e-16
5201  9.77997e-16
5202  9.75582e-16
5203  9.73114e-16
5204  9.70594e-16
5205  9.68022e-16
5206  9.65398e-16
5207  9.62724e-16
5208  9.59999e-16
5209  9.57226e-16
5210  9.54404e-16
5211  9.51534e-16
5212  9.48619e-16
5213  9.45658e-16
5214  9.42653e-16
5215  9.39606e-16
5216  9.36517e-16
5217  9.33388e-16
5218  9.30221e-16
5219  9.27017e-16
5220  9.23778e-16
5221  9.20506e-16
5222  9.17202e-16
5223  9.13868e-16
5224  9.10506e-16
5225  9.07117e-16
5226  9.03705e-16
5227  9.00271e-16
5228  8.96817e-16
5229  8.93345e-16
5230  8.89858e-16
5231  8.86358e-16
5232  8.82846e-16
5233  8.79326e-16
5234  8.758e-16
5235  8.72269e-16
5236  8.68737e-16
5237  8.65206e-16
5238  8.61678e-16
5239  8.58156e-16
5240  8.54642e-16
5241  8.51139e-16
5242  8.47649e-16
5243  8.44175e-16
5244  8.40718e-16
5245  8.37283e-16
5246  8.3387e-16
5247  8.30483e-16
5248  8.27124e-16
5249  8.23795e-16
5250  8.20498e-16
5251  8.17237e-16
5252  8.14013e-16
5253  8.10829e-16
5254  8.07687e-16
5255  8.04589e-16
5256  8.01537e-16
5257  7.98533e-16
5258  7.9558e-16
5259  7.92679e-16
5260  7.89833e-16
5261  7.87043e-16
5262  7.84311e-16
5263  7.8164e-16
5264  7.7903e-16
5265  7.76483e-16
5266  7.74001e-16
5267  7.71586e-16
5268  7.69239e-16
5269  7.66961e-16
5270  7.64754e-16
5271  7.62619e-16
5272  7.60556e-16
5273  7.58568e-16
5274  7.56655e-16
5275  7.54818e-16
5276  7.53058e-16
5277  7.51375e-16
5278  7.49771e-16
5279  7.48246e-16
5280  7.46801e-16
5281  7.45435e-16
5282  7.4415e-16
5283  7.42945e-16
5284  7.41821e-16
5285  7.40778e-16
5286  7.39817e-16
5287  7.38936e-16
5288  7.38136e-16
5289  7.37416e-16
5290  7.36778e-16
5291  7.36219e-16
5292  7.3574e-16
5293  7.3534e-16
5294  7.35018e-16
5295  7.34775e-16
5296  7.34609e-16
5297  7.34519e-16
5298  7.34506e-16
5299  7.34566e-16
5300  7.34701e-16
5301  7.34908e-16
5302  7.35187e-16
5303  7.35536e-16
5304  7.35954e-16
5305  7.3644e-16
5306  7.36993e-16
5307  7.37611e-16
5308  7.38292e-16
5309  7.39035e-16
5310  7.39839e-16
5311  7.40701e-16
5312  7.4162e-16
5313  7.42595e-16
5314  7.43623e-16
5315  7.44703e-16
5316  7.45833e-16
5317  7.4701e-16
5318  7.48234e-16
5319  7.49501e-16
5320  7.5081e-16
5321  7.52158e-16
5322  7.53544e-16
5323  7.54966e-16
5324  7.5642e-16
5325  7.57906e-16
5326  7.59419e-16
5327  7.6096e-16
5328  7.62524e-16
5329  7.6411e-16
5330  7.65715e-16
5331  7.67336e-16
5332  7.68972e-16
5333  7.70621e-16
5334  7.72278e-16
5335  7.73943e-16
5336  7.75612e-16
5337  7.77283e-16
5338  7.78954e-16
5339  7.80621e-16
5340  7.82283e-16
5341  7.83937e-16
5342  7.85581e-16
5343  7.87211e-16
5344  7.88826e-16
5345  7.90423e-16
5346  7.92e-16
5347  7.93553e-16
5348  7.95081e-16
5349  7.96581e-16
5350  7.98051e-16
5351  7.99488e-16
5352  8.0089e-16
5353  8.02255e-16
5354  8.0358e-16
5355  8.04863e-16
5356  8.06102e-16
5357  8.07295e-16
5358  8.08439e-16
5359  8.09533e-16
5360  8.10574e-16
5361  8.11561e-16
5362  8.12492e-16
5363  8.13364e-16
5364  8.14176e-16
5365  8.14927e-16
5366  8.15614e-16
5367  8.16236e-16
5368  8.16792e-16
5369  8.17281e-16
5370  8.177e-16
5371  8.18049e-16
5372  8.18326e-16
5373  8.18531e-16
5374  8.18663e-16
5375  8.1872e-16
5376  8.18702e-16
5377  8.18608e-16
5378  8.18439e-16
5379  8.18192e-16
5380  8.17869e-16
5381  8.17469e-16
5382  8.16991e-16
5383  8.16436e-16
5384  8.15804e-16
5385  8.15095e-16
5386  8.1431e-16
5387  8.13449e-16
5388  8.12512e-16
5389  8.11501e-16
5390  8.10416e-16
5391  8.09258e-16
5392  8.08029e-16
5393  8.06729e-16
5394  8.0536e-16
5395  8.03923e-16
5396  8.02421e-16
5397  8.00853e-16
5398  7.99224e-16
5399  7.97534e-16
5400  7.95785e-16
5401  7.93979e-16
5402  7.9212e-16
5403  7.90209e-16
5404  7.88248e-16
5405  7.8624e-16
5406  7.84189e-16
5407  7.82096e-16
5408  7.79964e-16
5409  7.77797e-16
5410  7.75597e-16
5411  7.73367e-16
5412  7.71111e-16
5413  7.68832e-16
5414  7.66533e-16
5415  7.64217e-16
5416  7.61887e-16
5417  7.59548e-16
5418  7.57203e-16
5419  7.54854e-16
5420  7.52506e-16
5421  7.50162e-16
5422  7.47826e-16
5423  7.45501e-16
5424  7.4319e-16
5425  7.40898e-16
5426  7.38628e-16
5427  7.36382e-16
5428  7.34166e-16
5429  7.31982e-16
5430  7.29834e-16
5431  7.27725e-16
5432  7.25658e-16
5433  7.23637e-16
5434  7.21665e-16
5435  7.19745e-16
5436  7.1788e-16
5437  7.16074e-16
5438  7.14328e-16
5439  7.12646e-16
5440  7.11031e-16
5441  7.09486e-16
5442  7.08011e-16
5443  7.06612e-16
5444  7.05288e-16
5445  7.04043e-16
5446  7.02879e-16
5447  7.01797e-16
5448  7.008e-16
5449  6.99889e-16
5450  6.99065e-16
5451  6.9833e-16
5452  6.97685e-16
5453  6.97131e-16
5454  6.9667e-16
5455  6.96301e-16
5456  6.96025e-16
5457  6.95844e-16
5458  6.95757e-16
5459  6.95764e-16
5460  6.95865e-16
5461  6.96061e-16
5462  6.9635e-16
5463  6.96733e-16
5464  6.97209e-16
5465  6.97776e-16
5466  6.98435e-16
5467  6.99184e-16
5468  7.00022e-16
5469  7.00947e-16
5470  7.01958e-16
5471  7.03054e-16
5472  7.04232e-16
5473  7.05491e-16
5474  7.06829e-16
5475  7.08243e-16
5476  7.09732e-16
5477  7.11293e-16
5478  7.12923e-16
5479  7.1462e-16
5480  7.16382e-16
5481  7.18205e-16
5482  7.20088e-16
5483  7.22026e-16
5484  7.24016e-16
5485  7.26057e-16
5486  7.28145e-16
5487  7.30276e-16
5488  7.32448e-16
5489  7.34657e-16
5490  7.369e-16
5491  7.39174e-16
5492  7.41475e-16
5493  7.438e-16
5494  7.46146e-16
5495  7.4851e-16
5496  7.50888e-16
5497  7.53276e-16
5498  7.55672e-16
5499  7.58073e-16
5500  7.60474e-16
5501  7.62874e-16
5502  7.65268e-16
5503  7.67654e-16
5504  7.70029e-16
5505  7.7239e-16
5506  7.74733e-16
5507  7.77057e-16
5508  7.79357e-16
5509  7.81633e-16
5510  7.83881e-16
5511  7.86098e-16
5512  7.88282e-16
5513  7.90432e-16
5514  7.92544e-16
5515  7.94617e-16
5516  7.96648e-16
5517  7.98637e-16
5518  8.0058e-16
5519  8.02477e-16
5520  8.04327e-16
5521  8.06126e-16
5522  8.07875e-16
5523  8.09572e-16
5524  8.11217e-16
5525  8.12807e-16
5526  8.14343e-16
5527  8.15824e-16
5528  8.17249e-16
5529  8.18617e-16
5530  8.1993e-16
5531  8.21185e-16
5532  8.22384e-16
5533  8.23527e-16
5534  8.24612e-16
5535  8.25642e-16
5536  8.26615e-16
5537  8.27533e-16
5538  8.28397e-16
5539  8.29206e-16
5540  8.29962e-16
5541  8.30665e-16
5542  8.31317e-16
5543  8.31919e-16
5544  8.32471e-16
5545  8.32975e-16
5546  8.33432e-16
5547  8.33843e-16
5548  8.34211e-16
5549  8.34536e-16
5550  8.34819e-16
5551  8.35063e-16
5552  8.35269e-16
5553  8.35438e-16
5554  8.35573e-16
5555  8.35675e-16
5556  8.35746e-16
5557  8.35787e-16
5558  8.358e-16
5559  8.35787e-16
5560  8.3575e-16
5561  8.3569e-16
5562  8.3561e-16
5563  8.35511e-16
5564  8.35394e-16
5565  8.35262e-16
5566  8.35116e-16
5567  8.34958e-16
5568  8.34789e-16
5569  8.34611e-16
5570  8.34426e-16
5571  8.34235e-16
5572  8.34039e-16
5573  8.33841e-16
5574  8.33641e-16
5575  8.3344e-16
5576  8.3324e-16
5577  8.33042e-16
5578  8.32847e-16
5579  8.32657e-16
5580  8.32471e-16
5581  8.32292e-16
5582  8.32119e-16
5583  8.31954e-16
5584  8.31797e-16
5585  8.3165e-16
5586  8.31511e-16
5587  8.31383e-16
5588  8.31264e-16
5589  8.31156e-16
5590  8.31059e-16
5591  8.30973e-16
5592  8.30898e-16
5593  8.30833e-16
5594  8.3078e-16
5595  8.30737e-16
5596  8.30704e-16
5597  8.30681e-16
5598  8.30669e-16
5599  8.30665e-16
5600  8.3067e-16
5601  8.30683e-16
5602  8.30704e-16
5603  8.30732e-16
5604  8.30765e-16
5605  8.30804e-16
5606  8.30848e-16
5607  8.30894e-16
5608  8.30943e-16
5609  8.30994e-16
5610  8.31045e-16
5611  8.31096e-16
5612  8.31144e-16
5613  8.3119e-16
5614  8.31232e-16
5615  8.31269e-16
5616  8.31299e-16
5617  8.31322e-16
5618  8.31336e-16
5619  8.3134e-16
5620  8.31332e-16
5621  8.31312e-16
5622  8.31279e-16
5623  8.3123e-16
5624  8.31165e-16
5625  8.31083e-16
5626  8.30983e-16
5627  8.30862e-16
5628  8.30721e-16
5629  8.30558e-16
5630  8.30373e-16
5631  8.30163e-16
5632  8.29928e-16
5633  8.29667e-16
5634  8.2938e-16
5635  8.29064e-16
5636  8.2872e-16
5637  8.28348e-16
5638  8.27945e-16
5639  8.27511e-16
5640  8.27046e-16
5641  8.2655e-16
5642  8.26021e-16
5643  8.2546e-16
5644  8.24866e-16
5645  8.24238e-16
5646  8.23578e-16
5647  8.22883e-16
5648  8.22155e-16
5649  8.21394e-16
5650  8.20599e-16
5651  8.1977e-16
5652  8.18909e-16
5653  8.18014e-16
5654  8.17087e-16
5655  8.16128e-16
5656  8.15137e-16
5657  8.14115e-16
5658  8.13063e-16
5659  8.11981e-16
5660  8.1087e-16
5661  8.0973e-16
5662  8.08564e-16
5663  8.07371e-16
5664  8.06153e-16
5665  8.04911e-16
5666  8.03646e-16
5667  8.02359e-16
5668  8.01051e-16
5669  7.99724e-16
5670  7.98379e-16
5671  7.97018e-16
5672  7.95641e-16
5673  7.9425e-16
5674  7.92848e-16
5675  7.91435e-16
5676  7.90012e-16
5677  7.88583e-16
5678  7.87147e-16
5679  7.85707e-16
5680  7.84265e-16
5681  7.82822e-16
5682  7.8138e-16
5683  7.79941e-16
5684  7.78506e-16
5685  7.77077e-16
5686  7.75656e-16
5687  7.74245e-16
5688  7.72845e-16
5689  7.71457e-16
5690  7.70085e-16
5691  7.68729e-16
5692  7.67391e-16
5693  7.66073e-16
5694  7.64776e-16
5695  7.63502e-16
5696  7.62253e-16
5697  7.6103e-16
5698  7.59834e-16
5699  7.58667e-16
5700  7.57531e-16
5701  7.56427e-16
5702  7.55356e-16
5703  7.54319e-16
5704  7.53318e-16
5705  7.52354e-16
5706  7.51428e-16
5707  7.50541e-16
5708  7.49694e-16
5709  7.48888e-16
5710  7.48124e-16
5711  7.47403e-16
5712  7.46725e-16
5713  7.46091e-16
5714  7.45503e-16
5715  7.44959e-16
5716  7.44461e-16
5717  7.4401e-16
5718  7.43605e-16
5719  7.43247e-16
5720  7.42936e-16
5721  7.42672e-16
5722  7.42455e-16
5723  7.42286e-16
5724  7.42163e-16
5725  7.42088e-16
5726  7.42059e-16
5727  7.42076e-16
5728  7.4214e-16
5729  7.42249e-16
5730  7.42403e-16
5731  7.42601e-16
5732  7.42843e-16
5733  7.43128e-16
5734  7.43455e-16
5735  7.43824e-16
5736  7.44233e-16
5737  7.44681e-16
5738  7.45168e-16
5739  7.45693e-16
5740  7.46253e-16
5741  7.46849e-16
5742  7.47478e-16
5743  7.4814e-16
5744  7.48833e-16
5745  7.49556e-16
5746  7.50308e-16
5747  7.51086e-16
5748  7.5189e-16
5749  7.52717e-16
5750  7.53568e-16
5751  7.54439e-16
5752  7.55329e-16
5753  7.56238e-16
5754  7.57162e-16
5755  7.58101e-16
5756  7.59052e-16
5757  7.60015e-16
5758  7.60987e-16
5759  7.61967e-16
5760  7.62954e-16
5761  7.63945e-16
5762  7.64939e-16
5763  7.65934e-16
5764  7.66929e-16
5765  7.67922e-16
5766  7.68912e-16
5767  7.69897e-16
5768  7.70875e-16
5769  7.71846e-16
5770  7.72807e-16
5771  7.73757e-16
5772  7.74695e-16
5773  7.75619e-16
5774  7.76529e-16
5775  7.77422e-16
5776  7.78298e-16
5777  7.79156e-16
5778  7.79994e-16
5779  7.80812e-16
5780  7.81608e-16
5781  7.82382e-16
5782  7.83132e-16
5783  7.83858e-16
5784  7.84559e-16
5785  7.85234e-16
5786  7.85883e-16
5787  7.86506e-16
5788  7.87101e-16
5789  7.87668e-16
5790  7.88207e-16
5791  7.88718e-16
5792  7.89201e-16
5793  7.89655e-16
5794  7.90079e-16
5795  7.90476e-16
5796  7.90843e-16
5797  7.91182e-16
5798  7.91492e-16
5799  7.91774e-16
5800  7.92029e-16
5801  7.92256e-16
5802  7.92455e-16
5803  7.92629e-16
5804  7.92776e-16
5805  7.92899e-16
5806  7.92996e-16
5807  7.9307e-16
5808  7.93121e-16
5809  7.93149e-16
5810  7.93156e-16
5811  7.93143e-16
5812  7.9311e-16
5813  7.93059e-16
5814  7.9299e-16
5815  7.92905e-16
5816  7.92805e-16
5817  7.92691e-16
5818  7.92563e-16
5819  7.92424e-16
5820  7.92275e-16
5821  7.92116e-16
5822  7.91949e-16
5823  7.91775e-16
5824  7.91595e-16
5825  7.9141e-16
5826  7.91222e-16
5827  7.91032e-16
5828  7.90841e-16
5829  7.90651e-16
5830  7.90461e-16
5831  7.90274e-16
5832  7.9009e-16
5833  7.89911e-16
5834  7.89737e-16
5835  7.8957e-16
5836  7.89409e-16
5837  7.89258e-16
5838  7.89115e-16
5839  7.88981e-16
5840  7.88859e-16
5841  7.88747e-16
5842  7.88646e-16
5843  7.88558e-16
5844  7.88482e-16
5845  7.88419e-16
5846  7.88369e-16
5847  7.88332e-16
5848  7.88308e-16
5849  7.88297e-16
5850  7.883e-16
5851  7.88315e-16
5852  7.88343e-16
5853  7.88383e-16
5854  7.88435e-16
5855  7.88498e-16
5856  7.88572e-16
5857  7.88655e-16
5858  7.88747e-16
5859  7.88847e-16
5860  7.88953e-16
5861  7.89065e-16
5862  7.89182e-16
5863  7.89301e-16
5864  7.89422e-16
5865  7.89543e-16
5866  7.89662e-16
5867  7.89778e-16
5868  7.89888e-16
5869  7.89991e-16
5870  7.90085e-16
5871  7.90167e-16
5872  7.90236e-16
5873  7.90288e-16
5874  7.90323e-16
5875  7.90336e-16
5876  7.90327e-16
5877  7.90292e-16
5878  7.90228e-16
5879  7.90134e-16
5880  7.90006e-16
5881  7.89841e-16
5882  7.89637e-16
5883  7.89391e-16
5884  7.891e-16
5885  7.88762e-16
5886  7.88372e-16
5887  7.87928e-16
5888  7.87428e-16
5889  7.86868e-16
5890  7.86246e-16
5891  7.85558e-16
5892  7.84801e-16
5893  7.83973e-16
5894  7.83071e-16
5895  7.82092e-16
5896  7.81033e-16
5897  7.79891e-16
5898  7.78663e-16
5899  7.77348e-16
5900  7.75942e-16
5901  7.74443e-16
5902  7.72848e-16
5903  7.71155e-16
5904  7.69362e-16
5905  7.67466e-16
5906  7.65466e-16
5907  7.6336e-16
5908  7.61145e-16
5909  7.5882e-16
5910  7.56383e-16
5911  7.53833e-16
5912  7.51168e-16
5913  7.48388e-16
5914  7.4549e-16
5915  7.42475e-16
5916  7.3934e-16
5917  7.36087e-16
5918  7.32713e-16
5919  7.29219e-16
5920  7.25604e-16
5921  7.21869e-16
5922  7.18014e-16
5923  7.14038e-16
5924  7.09943e-16
5925  7.05729e-16
5926  7.01396e-16
5927  6.96946e-16
5928  6.9238e-16
5929  6.87699e-16
5930  6.82905e-16
5931  6.77999e-16
5932  6.72983e-16
5933  6.67859e-16
5934  6.62629e-16
5935  6.57296e-16
5936  6.51861e-16
5937  6.46328e-16
5938  6.40699e-16
5939  6.34978e-16
5940  6.29167e-16
5941  6.23269e-16
5942  6.17288e-16
5943  6.11227e-16
5944  6.0509e-16
5945  5.98881e-16
5946  5.92603e-16
5947  5.86261e-16
5948  5.79858e-16
5949  5.73399e-16
5950  5.66887e-16
5951  5.60329e-16
5952  5.53727e-16
5953  5.47086e-16
5954  5.40411e-16
5955  5.33706e-16
5956  5.26977e-16
5957  5.20228e-16
5958  5.13464e-16
5959  5.06689e-16
5960  4.99908e-16
5961  4.93127e-16
5962  4.8635e-16
5963  4.79582e-16
5964  4.72828e-16
5965  4.66093e-16
5966  4.59381e-16
5967  4.52698e-16
5968  4.46047e-16
5969  4.39435e-16
5970  4.32865e-16
5971  4.26342e-16
5972  4.1987e-16
5973  4.13455e-16
5974  4.071e-16
5975  4.0081e-16
5976  3.94589e-16
5977  3.88441e-16
5978  3.82369e-16
5979  3.76379e-16
5980  3.70473e-16
5981  3.64655e-16
5982  3.58928e-16
5983  3.53297e-16
5984  3.47764e-16
5985  3.42332e-16
5986  3.37004e-16
5987  3.31783e-16
5988  3.26671e-16
5989  3.21671e-16
5990  3.16785e-16
5991  3.12015e-16
5992  3.07364e-16
5993  3.02832e-16
5994  2.98421e-16
5995  2.94133e-16
5996  2.89969e-16
5997  2.8593e-16
5998  2.82017e-16
5999  2.7823e-16
6000  2.7457e-16
6001  2.71037e-16
6002  2.67632e-16
6003  2.64354e-16
6004  2.61203e-16
6005  2.58179e-16
6006  2.55281e-16
6007  2.52509e-16
6008  2.49861e-16
6009  2.47336e-16
6010  2.44934e-16
6011  2.42652e-16
6012  2.4049e-16
6013  2.38445e-16
6014  2.36517e-16
6015  2.34702e-16
6016  2.32999e-16
6017  2.31406e-16
6018  2.2992e-16
6019  2.28538e-16
6020  2.2726e-16
6021  2.26081e-16
6022  2.24999e-16
6023  2.24011e-16
6024  2.23114e-16
6025  2.22305e-16
6026  2.21582e-16
6027  2.20941e-16
6028  2.20378e-16
6029  2.19891e-16
6030  2.19477e-16
6031  2.19132e-16
6032  2.18852e-16
6033  2.18635e-16
6034  2.18478e-16
6035  2.18376e-16
6036  2.18326e-16
6037  2.18326e-16
6038  2.18371e-16
6039  2.18459e-16
6040  2.18586e-16
6041  2.18749e-16
6042  2.18945e-16
6043  2.19171e-16
6044  2.19424e-16
6045  2.197e-16
6046  2.19998e-16
6047  2.20313e-16
6048  2.20643e-16
6049  2.20986e-16
6050  2.21339e-16
6051  2.21699e-16
6052  2.22065e-16
6053  2.22433e-16
6054  2.22802e-16
6055  2.2317e-16
6056  2.23535e-16
6057  2.23894e-16
6058  2.24247e-16
6059  2.24592e-16
6060  2.24927e-16
6061  2.25251e-16
6062  2.25563e-16
6063  2.25862e-16
6064  2.26147e-16
6065  2.26418e-16
6066  2.26674e-16
6067  2.26914e-16
6068  2.27138e-16
6069  2.27346e-16
6070  2.27538e-16
6071  2.27714e-16
6072  2.27875e-16
6073  2.2802e-16
6074  2.28151e-16
6075  2.28268e-16
6076  2.28372e-16
6077  2.28463e-16
6078  2.28544e-16
6079  2.28614e-16
6080  2.28676e-16
6081  2.28731e-16
6082  2.28779e-16
6083  2.28824e-16
6084  2.28866e-16
6085  2.28908e-16
6086  2.28951e-16
6087  2.28998e-16
6088  2.2905e-16
6089  2.2911e-16
6090  2.29179e-16
6091  2.29261e-16
6092  2.29357e-16
6093  2.2947e-16
6094  2.29603e-16
6095  2.29757e-16
6096  2.29936e-16
6097  2.30141e-16
6098  2.30377e-16
6099  2.30644e-16
6100  2.30946e-16
6101  2.31285e-16
6102  2.31664e-16
6103  2.32085e-16
6104  2.32552e-16
6105  2.33065e-16
6106  2.33629e-16
6107  2.34245e-16
6108  2.34916e-16
6109  2.35644e-16
6110  2.36432e-16
6111  2.37281e-16
6112  2.38195e-16
6113  2.39174e-16
6114  2.40221e-16
6115  2.41338e-16
6116  2.42527e-16
6117  2.43789e-16
6118  2.45126e-16
6119  2.4654e-16
6120  2.48033e-16
6121  2.49604e-16
6122  2.51256e-16
6123  2.5299e-16
6124  2.54807e-16
6125  2.56707e-16
6126  2.58691e-16
6127  2.6076e-16
6128  2.62915e-16
6129  2.65155e-16
6130  2.6748e-16
6131  2.69892e-16
6132  2.72389e-16
6133  2.74971e-16
6134  2.77639e-16
6135  2.80391e-16
6136  2.83227e-16
6137  2.86147e-16
6138  2.89148e-16
6139  2.92231e-16
6140  2.95394e-16
6141  2.98635e-16
6142  3.01954e-16
6143  3.05348e-16
6144  3.08817e-16
6145  3.12357e-16
6146  3.15968e-16
6147  3.19646e-16
6148  3.23391e-16
6149  3.272e-16
6150  3.3107e-16
6151  3.34998e-16
6152  3.38983e-16
6153  3.43022e-16
6154  3.47112e-16
6155  3.51249e-16
6156  3.55432e-16
6157  3.59657e-16
6158  3.63921e-16
6159  3.68221e-16
6160  3.72555e-16
6161  3.76917e-16
6162  3.81307e-16
6163  3.85719e-16
6164  3.90152e-16
6165  3.94601e-16
6166  3.99064e-16
6167  4.03536e-16
6168  4.08015e-16
6169  4.12497e-16
6170  4.16979e-16
6171  4.21457e-16
6172  4.25929e-16
6173  4.3039e-16
6174  4.34838e-16
6175  4.3927e-16
6176  4.43682e-16
6177  4.4807e-16
6178  4.52433e-16
6179  4.56766e-16
6180  4.61068e-16
6181  4.65334e-16
6182  4.69563e-16
6183  4.73751e-16
6184  4.77896e-16
6185  4.81995e-16
6186  4.86045e-16
6187  4.90045e-16
6188  4.93991e-16
6189  4.97882e-16
6190  5.01716e-16
6191  5.0549e-16
6192  5.09202e-16
6193  5.12852e-16
6194  5.16436e-16
6195  5.19954e-16
6196  5.23403e-16
6197  5.26784e-16
6198  5.30093e-16
6199  5.33331e-16
6200  5.36496e-16
6201  5.39588e-16
6202  5.42605e-16
6203  5.45546e-16
6204  5.48413e-16
6205  5.51203e-16
6206  5.53916e-16
6207  5.56554e-16
6208  5.59114e-16
6209  5.61598e-16
6210  5.64005e-16
6211  5.66336e-16
6212  5.68592e-16
6213  5.70771e-16
6214  5.72876e-16
6215  5.74907e-16
6216  5.76864e-16
6217  5.78749e-16
6218  5.80561e-16
6219  5.82303e-16
6220  5.83976e-16
6221  5.8558e-16
6222  5.87116e-16
6223  5.88587e-16
6224  5.89993e-16
6225  5.91336e-16
6226  5.92617e-16
6227  5.93838e-16
6228  5.95001e-16
6229  5.96107e-16
6230  5.97157e-16
6231  5.98154e-16
6232  5.99099e-16
6233  5.99994e-16
6234  6.0084e-16
6235  6.01641e-16
6236  6.02396e-16
6237  6.03108e-16
6238  6.0378e-16
6239  6.04412e-16
6240  6.05007e-16
6241  6.05566e-16
6242  6.06091e-16
6243  6.06585e-16
6244  6.07047e-16
6245  6.07482e-16
6246  6.07889e-16
6247  6.08271e-16
6248  6.0863e-16
6249  6.08966e-16
6250  6.09282e-16
6251  6.09579e-16
6252  6.09858e-16
6253  6.10122e-16
6254  6.1037e-16
6255  6.10606e-16
6256  6.10829e-16
6257  6.11041e-16
6258  6.11243e-16
6259  6.11436e-16
6260  6.11621e-16
6261  6.118e-16
6262  6.11973e-16
6263  6.1214e-16
6264  6.12303e-16
6265  6.12462e-16
6266  6.12618e-16
6267  6.12772e-16
6268  6.12923e-16
6269  6.13073e-16
6270  6.13221e-16
6271  6.13368e-16
6272  6.13514e-16
6273  6.13659e-16
6274  6.13804e-16
6275  6.13948e-16
6276  6.14091e-16
6277  6.14233e-16
6278  6.14374e-16
6279  6.14514e-16
6280  6.14653e-16
6281  6.14789e-16
6282  6.14924e-16
6283  6.15055e-16
6284  6.15184e-16
6285  6.15309e-16
6286  6.1543e-16
6287  6.15546e-16
6288  6.15657e-16
6289  6.15761e-16
6290  6.15859e-16
6291  6.1595e-16
6292  6.16032e-16
6293  6.16105e-16
6294  6.16168e-16
6295  6.16221e-16
6296  6.16263e-16
6297  6.16292e-16
6298  6.16308e-16
6299  6.16311e-16
6300  6.16299e-16
6301  6.16271e-16
6302  6.16228e-16
6303  6.16167e-16
6304  6.16088e-16
6305  6.15991e-16
6306  6.15874e-16
6307  6.15737e-16
6308  6.1558e-16
6309  6.154e-16
6310  6.15199e-16
6311  6.14975e-16
6312  6.14727e-16
6313  6.14456e-16
6314  6.1416e-16
6315  6.13839e-16
6316  6.13493e-16
6317  6.13121e-16
6318  6.12723e-16
6319  6.12298e-16
6320  6.11847e-16
6321  6.11368e-16
6322  6.10863e-16
6323  6.10331e-16
6324  6.09771e-16
6325  6.09184e-16
6326  6.0857e-16
6327  6.07929e-16
6328  6.07262e-16
6329  6.06567e-16
6330  6.05846e-16
6331  6.051e-16
6332  6.04327e-16
6333  6.0353e-16
6334  6.02708e-16
6335  6.01861e-16
6336  6.00991e-16
6337  6.00099e-16
6338  5.99184e-16
6339  5.98248e-16
6340  5.97291e-16
6341  5.96315e-16
6342  5.9532e-16
6343  5.94306e-16
6344  5.93276e-16
6345  5.92231e-16
6346  5.9117e-16
6347  5.90096e-16
6348  5.89009e-16
6349  5.87911e-16
6350  5.86803e-16
6351  5.85686e-16
6352  5.84561e-16
6353  5.83429e-16
6354  5.82293e-16
6355  5.81153e-16
6356  5.8001e-16
6357  5.78866e-16
6358  5.77723e-16
6359  5.76581e-16
6360  5.75442e-16
6361  5.74307e-16
6362  5.73177e-16
6363  5.72055e-16
6364  5.70941e-16
6365  5.69837e-16
6366  5.68743e-16
6367  5.67662e-16
6368  5.66594e-16
6369  5.65541e-16
6370  5.64504e-16
6371  5.63484e-16
6372  5.62482e-16
6373  5.615e-16
6374  5.60538e-16
6375  5.59597e-16
6376  5.5868e-16
6377  5.57786e-16
6378  5.56916e-16
6379  5.56072e-16
6380  5.55254e-16
6381  5.54463e-16
6382  5.53699e-16
6383  5.52964e-16
6384  5.52258e-16
6385  5.51581e-16
6386  5.50934e-16
6387  5.50318e-16
6388  5.49733e-16
6389  5.49178e-16
6390  5.48655e-16
6391  5.48164e-16
6392  5.47704e-16
6393  5.47276e-16
6394  5.4688e-16
6395  5.46515e-16
6396  5.46182e-16
6397  5.45881e-16
6398  5.4561e-16
6399  5.4537e-16
6400  5.4516e-16
6401  5.4498e-16
6402  5.4483e-16
6403  5.44708e-16
6404  5.44615e-16
6405  5.44549e-16
6406  5.4451e-16
6407  5.44496e-16
6408  5.44508e-16
6409  5.44544e-16
6410  5.44604e-16
6411  5.44685e-16
6412  5.44788e-16
6413  5.44911e-16
6414  5.45053e-16
6415  5.45212e-16
6416  5.45389e-16
6417  5.4558e-16
6418  5.45786e-16
6419  5.46005e-16
6420  5.46236e-16
6421  5.46476e-16
6422  5.46726e-16
6423  5.46983e-16
6424  5.47246e-16
6425  5.47514e-16
6426  5.47785e-16
6427  5.48059e-16
6428  5.48333e-16
6429  5.48606e-16
6430  5.48876e-16
6431  5.49144e-16
6432  5.49406e-16
6433  5.49662e-16
6434  5.4991e-16
6435  5.50149e-16
6436  5.50378e-16
6437  5.50595e-16
6438  5.50799e-16
6439  5.50989e-16
6440  5.51164e-16
6441  5.51322e-16
6442  5.51463e-16
6443  5.51585e-16
6444  5.51688e-16
6445  5.51769e-16
6446  5.51829e-16
6447  5.51867e-16
6448  5.51881e-16
6449  5.51871e-16
6450  5.51835e-16
6451  5.51775e-16
6452  5.51687e-16
6453  5.51573e-16
6454  5.51431e-16
6455  5.51261e-16
6456  5.51063e-16
6457  5.50836e-16
6458  5.5058e-16
6459  5.50295e-16
6460  5.49979e-16
6461  5.49635e-16
6462  5.4926e-16
6463  5.48856e-16
6464  5.48422e-16
6465  5.47958e-16
6466  5.47465e-16
6467  5.46942e-16
6468  5.46391e-16
6469  5.45811e-16
6470  5.45202e-16
6471  5.44566e-16
6472  5.43902e-16
6473  5.43211e-16
6474  5.42494e-16
6475  5.41751e-16
6476  5.40983e-16
6477  5.4019e-16
6478  5.39374e-16
6479  5.38535e-16
6480  5.37675e-16
6481  5.36793e-16
6482  5.3589e-16
6483  5.34969e-16
6484  5.34029e-16
6485  5.33071e-16
6486  5.32098e-16
6487  5.31108e-16
6488  5.30105e-16
6489  5.29088e-16
6490  5.28059e-16
6491  5.27018e-16
6492  5.25968e-16
6493  5.24908e-16
6494  5.23841e-16
6495  5.22767e-16
6496  5.21687e-16
6497  5.20603e-16
6498  5.19515e-16
6499  5.18425e-16
6500  5.17333e-16
6501  5.16241e-16
6502  5.1515e-16
6503  5.1406e-16
6504  5.12974e-16
6505  5.11891e-16
6506  5.10813e-16
6507  5.09741e-16
6508  5.08675e-16
6509  5.07617e-16
6510  5.06568e-16
6511  5.05527e-16
6512  5.04497e-16
6513  5.03478e-16
6514  5.0247e-16
6515  5.01474e-16
6516  5.00491e-16
6517  4.99522e-16
6518  4.98567e-16
6519  4.97627e-16
6520  4.96701e-16
6521  4.95792e-16
6522  4.94898e-16
6523  4.94021e-16
6524  4.93161e-16
6525  4.92317e-16
6526  4.91491e-16
6527  4.90683e-16
6528  4.89892e-16
6529  4.89119e-16
6530  4.88364e-16
6531  4.87627e-16
6532  4.86907e-16
6533  4.86206e-16
6534  4.85522e-16
6535  4.84857e-16
6536  4.84208e-16
6537  4.83577e-16
6538  4.82963e-16
6539  4.82366e-16
6540  4.81786e-16
6541  4.81221e-16
6542  4.80672e-16
6543  4.80139e-16
6544  4.79621e-16
6545  4.79117e-16
6546  4.78628e-16
6547  4.78152e-16
6548  4.77688e-16
6549  4.77238e-16
6550  4.76799e-16
6551  4.76371e-16
6552  4.75954e-16
6553  4.75547e-16
6554  4.7515e-16
6555  4.74761e-16
6556  4.74381e-16
6557  4.74007e-16
6558  4.73641e-16
6559  4.7328e-16
6560  4.72925e-16
6561  4.72575e-16
6562  4.72229e-16
6563  4.71886e-16
6564  4.71545e-16
6565  4.71207e-16
6566  4.7087e-16
6567  4.70534e-16
6568  4.70197e-16
6569  4.6986e-16
6570  4.69522e-16
6571  4.69182e-16
6572  4.6884e-16
6573  4.68494e-16
6574  4.68145e-16
6575  4.67792e-16
6576  4.67435e-16
6577  4.67072e-16
6578  4.66704e-16
6579  4.66329e-16
6580  4.65949e-16
6581  4.65561e-16
6582  4.65167e-16
6583  4.64765e-16
6584  4.64355e-16
6585  4.63937e-16
6586  4.63511e-16
6587  4.63076e-16
6588  4.62632e-16
6589  4.6218e-16
6590  4.61719e-16
6591  4.61248e-16
6592  4.60768e-16
6593  4.60279e-16
6594  4.59781e-16
6595  4.59274e-16
6596  4.58757e-16
6597  4.58232e-16
6598  4.57697e-16
6599  4.57154e-16
6600  4.56602e-16
6601  4.56041e-16
6602  4.55472e-16
6603  4.54895e-16
6604  4.54311e-16
6605  4.53719e-16
6606  4.5312e-16
6607  4.52514e-16
6608  4.51901e-16
6609  4.51283e-16
6610  4.50659e-16
6611  4.50029e-16
6612  4.49395e-16
6613  4.48757e-16
6614  4.48114e-16
6615  4.47468e-16
6616  4.46819e-16
6617  4.46168e-16
6618  4.45515e-16
6619  4.4486e-16
6620  4.44205e-16
6621  4.43549e-16
6622  4.42893e-16
6623  4.42237e-16
6624  4.41583e-16
6625  4.40931e-16
6626  4.4028e-16
6627  4.39633e-16
6628  4.38988e-16
6629  4.38348e-16
6630  4.37711e-16
6631  4.37079e-16
6632  4.36452e-16
6633  4.35831e-16
6634  4.35216e-16
6635  4.34607e-16
6636  4.34005e-16
6637  4.3341e-16
6638  4.32823e-16
6639  4.32244e-16
6640  4.31673e-16
6641  4.31111e-16
6642  4.30557e-16
6643  4.30013e-16
6644  4.29478e-16
6645  4.28953e-16
6646  4.28437e-16
6647  4.27932e-16
6648  4.27436e-16
6649  4.26951e-16
6650  4.26476e-16
6651  4.26011e-16
6652  4.25557e-16
6653  4.25113e-16
6654  4.2468e-16
6655  4.24257e-16
6656  4.23844e-16
6657  4.23441e-16
6658  4.23048e-16
6659  4.22665e-16
6660  4.22292e-16
6661  4.21928e-16
6662  4.21574e-16
6663  4.21228e-16
6664  4.20891e-16
6665  4.20563e-16
6666  4.20242e-16
6667  4.19929e-16
6668  4.19624e-16
6669  4.19325e-16
6670  4.19033e-16
6671  4.18747e-16
6672  4.18467e-16
6673  4.18192e-16
6674  4.17921e-16
6675  4.17655e-16
6676  4.17393e-16
6677  4.17134e-16
6678  4.16877e-16
6679  4.16623e-16
6680  4.1637e-16
6681  4.16119e-16
6682  4.15868e-16
6683  4.15616e-16
6684  4.15365e-16
6685  4.15112e-16
6686  4.14858e-16
6687  4.14601e-16
6688  4.14342e-16
6689  4.1408e-16
6690  4.13813e-16
6691  4.13543e-16
6692  4.13267e-16
6693  4.12987e-16
6694  4.127e-16
6695  4.12407e-16
6696  4.12108e-16
6697  4.11801e-16
6698  4.11486e-16
6699  4.11164e-16
6700  4.10832e-16
6701  4.10492e-16
6702  4.10143e-16
6703  4.09784e-16
6704  4.09416e-16
6705  4.09037e-16
6706  4.08648e-16
6707  4.08248e-16
6708  4.07837e-16
6709  4.07414e-16
6710  4.06981e-16
6711  4.06536e-16
6712  4.06079e-16
6713  4.0561e-16
6714  4.0513e-16
6715  4.04638e-16
6716  4.04134e-16
6717  4.03617e-16
6718  4.03089e-16
6719  4.02549e-16
6720  4.01997e-16
6721  4.01433e-16
6722  4.00858e-16
6723  4.00271e-16
6724  3.99673e-16
6725  3.99063e-16
6726  3.98443e-16
6727  3.97812e-16
6728  3.9717e-16
6729  3.96518e-16
6730  3.95855e-16
6731  3.95183e-16
6732  3.94502e-16
6733  3.93812e-16
6734  3.93112e-16
6735  3.92405e-16
6736  3.91689e-16
6737  3.90966e-16
6738  3.90235e-16
6739  3.89498e-16
6740  3.88754e-16
6741  3.88004e-16
6742  3.87248e-16
6743  3.86487e-16
6744  3.85722e-16
6745  3.84952e-16
6746  3.84179e-16
6747  3.83402e-16
6748  3.82622e-16
6749  3.81839e-16
6750  3.81054e-16
6751  3.80268e-16
6752  3.79481e-16
6753  3.78693e-16
6754  3.77904e-16
6755  3.77116e-16
6756  3.76328e-16
6757  3.75541e-16
6758  3.74755e-16
6759  3.73972e-16
6760  3.7319e-16
6761  3.72411e-16
6762  3.71635e-16
6763  3.70861e-16
6764  3.70092e-16
6765  3.69326e-16
6766  3.68565e-16
6767  3.67808e-16
6768  3.67056e-16
6769  3.66309e-16
6770  3.65568e-16
6771  3.64832e-16
6772  3.64102e-16
6773  3.63378e-16
6774  3.6266e-16
6775  3.61949e-16
6776  3.61244e-16
6777  3.60547e-16
6778  3.59856e-16
6779  3.59172e-16
6780  3.58496e-16
6781  3.57827e-16
6782  3.57165e-16
6783  3.56511e-16
6784  3.55865e-16
6785  3.55226e-16
6786  3.54595e-16
6787  3.53972e-16
6788  3.53356e-16
6789  3.52748e-16
6790  3.52148e-16
6791  3.51556e-16
6792  3.50972e-16
6793  3.50395e-16
6794  3.49826e-16
6795  3.49265e-16
6796  3.48711e-16
6797  3.48165e-16
6798  3.47627e-16
6799  3.47096e-16
6800  3.46572e-16
6801  3.46056e-16
6802  3.45547e-16
6803  3.45045e-16
6804  3.4455e-16
6805  3.44062e-16
6806  3.43581e-16
6807  3.43107e-16
6808  3.4264e-16
6809  3.42179e-16
6810  3.41725e-16
6811  3.41278e-16
6812  3.40837e-16
6813  3.40402e-16
6814  3.39973e-16
6815  3.39551e-16
6816  3.39135e-16
6817  3.38725e-16
6818  3.3832e-16
6819  3.37922e-16
6820  3.3753e-16
6821  3.37143e-16
6822  3.36762e-16
6823  3.36387e-16
6824  3.36018e-16
6825  3.35654e-16
6826  3.35296e-16
6827  3.34943e-16
6828  3.34596e-16
6829  3.34255e-16
6830  3.33919e-16
6831  3.33588e-16
6832  3.33264e-16
6833  3.32944e-16
6834  3.3263e-16
6835  3.32322e-16
6836  3.32019e-16
6837  3.31722e-16
6838  3.3143e-16
6839  3.31144e-16
6840  3.30863e-16
6841  3.30588e-16
6842  3.30319e-16
6843  3.30055e-16
6844  3.29797e-16
6845  3.29544e-16
6846  3.29297e-16
6847  3.29056e-16
6848  3.28821e-16
6849  3.28591e-16
6850  3.28367e-16
6851  3.28149e-16
6852  3.27937e-16
6853  3.2773e-16
6854  3.2753e-16
6855  3.27335e-16
6856  3.27145e-16
6857  3.26962e-16
6858  3.26784e-16
6859  3.26612e-16
6860  3.26445e-16
6861  3.26284e-16
6862  3.26128e-16
6863  3.25978e-16
6864  3.25834e-16
6865  3.25695e-16
6866  3.2556e-16
6867  3.25432e-16
6868  3.25308e-16
6869  3.25189e-16
6870  3.25075e-16
6871  3.24965e-16
6872  3.2486e-16
6873  3.24759e-16
6874  3.24663e-16
6875  3.24571e-16
6876  3.24482e-16
6877  3.24397e-16
6878  3.24316e-16
6879  3.24238e-16
6880  3.24163e-16
6881  3.2409e-16
6882  3.24021e-16
6883  3.23953e-16
6884  3.23888e-16
6885  3.23824e-16
6886  3.23762e-16
6887  3.23702e-16
6888  3.23642e-16
6889  3.23582e-16
6890  3.23524e-16
6891  3.23465e-16
6892  3.23406e-16
6893  3.23346e-16
6894  3.23286e-16
6895  3.23224e-16
6896  3.23161e-16
6897  3.23096e-16
6898  3.23028e-16
6899  3.22958e-16
6900  3.22886e-16
6901  3.2281e-16
6902  3.2273e-16
6903  3.22647e-16
6904  3.22559e-16
6905  3.22467e-16
6906  3.2237e-16
6907  3.22268e-16
6908  3.22161e-16
6909  3.22048e-16
6910  3.21928e-16
6911  3.21802e-16
6912  3.2167e-16
6913  3.2153e-16
6914  3.21384e-16
6915  3.2123e-16
6916  3.21068e-16
6917  3.20898e-16
6918  3.2072e-16
6919  3.20533e-16
6920  3.20338e-16
6921  3.20134e-16
6922  3.19921e-16
6923  3.19699e-16
6924  3.19467e-16
6925  3.19226e-16
6926  3.18976e-16
6927  3.18715e-16
6928  3.18445e-16
6929  3.18164e-16
6930  3.17874e-16
6931  3.17574e-16
6932  3.17263e-16
6933  3.16943e-16
6934  3.16612e-16
6935  3.16271e-16
6936  3.15921e-16
6937  3.1556e-16
6938  3.15189e-16
6939  3.14808e-16
6940  3.14417e-16
6941  3.14016e-16
6942  3.13606e-16
6943  3.13187e-16
6944  3.12758e-16
6945  3.12319e-16
6946  3.11872e-16
6947  3.11416e-16
6948  3.10951e-16
6949  3.10478e-16
6950  3.09996e-16
6951  3.09507e-16
6952  3.0901e-16
6953  3.08505e-16
6954  3.07993e-16
6955  3.07474e-16
6956  3.06948e-16
6957  3.06417e-16
6958  3.05878e-16
6959  3.05335e-16
6960  3.04785e-16
6961  3.04231e-16
6962  3.03672e-16
6963  3.03108e-16
6964  3.0254e-16
6965  3.01968e-16
6966  3.01393e-16
6967  3.00815e-16
6968  3.00234e-16
6969  2.9965e-16
6970  2.99064e-16
6971  2.98477e-16
6972  2.97888e-16
6973  2.97298e-16
6974  2.96707e-16
6975  2.96116e-16
6976  2.95524e-16
6977  2.94933e-16
6978  2.94343e-16
6979  2.93753e-16
6980  2.93165e-16
6981  2.92578e-16
6982  2.91992e-16
6983  2.91409e-16
6984  2.90828e-16
6985  2.9025e-16
6986  2.89675e-16
6987  2.89103e-16
6988  2.88535e-16
6989  2.8797e-16
6990  2.87409e-16
6991  2.86852e-16
6992  2.863e-16
6993  2.85752e-16
6994  2.85209e-16
6995  2.84671e-16
6996  2.84138e-16
6997  2.83611e-16
6998  2.83089e-16
6999  2.82572e-16
7000  2.82062e-16
7001  2.81557e-16
7002  2.81058e-16
7003  2.80566e-16
7004  2.8008e-16
7005  2.796e-16
7006  2.79126e-16
7007  2.7866e-16
7008  2.78199e-16
7009  2.77746e-16
7010  2.77299e-16
7011  2.76859e-16
7012  2.76425e-16
7013  2.75999e-16
7014  2.75579e-16
7015  2.75166e-16
7016  2.7476e-16
7017  2.74361e-16
7018  2.73969e-16
7019  2.73583e-16
7020  2.73205e-16
7021  2.72833e-16
7022  2.72468e-16
7023  2.7211e-16
7024  2.71758e-16
7025  2.71413e-16
7026  2.71075e-16
7027  2.70743e-16
7028  2.70417e-16
7029  2.70099e-16
7030  2.69786e-16
7031  2.6948e-16
7032  2.6918e-16
7033  2.68886e-16
7034  2.68599e-16
7035  2.68317e-16
7036  2.68042e-16
7037  2.67773e-16
7038  2.67509e-16
7039  2.67251e-16
7040  2.66999e-16
7041  2.66753e-16
7042  2.66512e-16
7043  2.66276e-16
7044  2.66046e-16
7045  2.65822e-16
7046  2.65603e-16
7047  2.65389e-16
7048  2.6518e-16
7049  2.64976e-16
7050  2.64778e-16
7051  2.64584e-16
7052  2.64396e-16
7053  2.64212e-16
7054  2.64033e-16
7055  2.63859e-16
7056  2.63689e-16
7057  2.63524e-16
7058  2.63364e-16
7059  2.63209e-16
7060  2.63058e-16
7061  2.62911e-16
7062  2.62769e-16
7063  2.62631e-16
7064  2.62498e-16
7065  2.62368e-16
7066  2.62244e-16
7067  2.62123e-16
7068  2.62007e-16
7069  2.61895e-16
7070  2.61787e-16
7071  2.61683e-16
7072  2.61583e-16
7073  2.61488e-16
7074  2.61396e-16
7075  2.61309e-16
7076  2.61225e-16
7077  2.61146e-16
7078  2.6107e-16
7079  2.60999e-16
7080  2.60931e-16
7081  2.60868e-16
7082  2.60808e-16
7083  2.60752e-16
7084  2.607e-16
7085  2.60652e-16
7086  2.60608e-16
7087  2.60567e-16
7088  2.60531e-16
7089  2.60498e-16
7090  2.60469e-16
7091  2.60444e-16
7092  2.60422e-16
7093  2.60405e-16
7094  2.60391e-16
7095  2.6038e-16
7096  2.60374e-16
7097  2.60371e-16
7098  2.60372e-16
7099  2.60376e-16
7100  2.60384e-16
7101  2.60395e-16
7102  2.6041e-16
7103  2.60428e-16
7104  2.6045e-16
7105  2.60476e-16
7106  2.60505e-16
7107  2.60537e-16
7108  2.60572e-16
7109  2.60611e-16
7110  2.60653e-16
7111  2.60698e-16
7112  2.60746e-16
7113  2.60798e-16
7114  2.60852e-16
7115  2.6091e-16
7116  2.6097e-16
7117  2.61033e-16
7118  2.611e-16
7119  2.61168e-16
7120  2.6124e-16
7121  2.61314e-16
7122  2.61391e-16
7123  2.6147e-16
7124  2.61552e-16
7125  2.61636e-16
7126  2.61722e-16
7127  2.6181e-16
7128  2.61901e-16
7129  2.61993e-16
7130  2.62087e-16
7131  2.62183e-16
7132  2.62281e-16
7133  2.6238e-16
7134  2.62481e-16
7135  2.62583e-16
7136  2.62687e-16
7137  2.62792e-16
7138  2.62898e-16
7139  2.63004e-16
7140  2.63112e-16
7141  2.63221e-16
7142  2.6333e-16
7143  2.63439e-16
7144  2.6355e-16
7145  2.6366e-16
7146  2.63771e-16
7147  2.63881e-16
7148  2.63992e-16
7149  2.64103e-16
7150  2.64213e-16
7151  2.64323e-16
7152  2.64432e-16
7153  2.64541e-16
7154  2.6465e-16
7155  2.64757e-16
7156  2.64864e-16
7157  2.64969e-16
7158  2.65074e-16
7159  2.65177e-16
7160  2.65279e-16
7161  2.65379e-16
7162  2.65478e-16
7163  2.65576e-16
7164  2.65672e-16
7165  2.65766e-16
7166  2.65858e-16
7167  2.65948e-16
7168  2.66037e-16
7169  2.66123e-16
7170  2.66207e-16
7171  2.66289e-16
7172  2.66369e-16
7173  2.66447e-16
7174  2.66522e-16
7175  2.66595e-16
7176  2.66665e-16
7177  2.66733e-16
7178  2.66799e-16
7179  2.66862e-16
7180  2.66922e-16
7181  2.6698e-16
7182  2.67036e-16
7183  2.67089e-16
7184  2.67139e-16
7185  2.67187e-16
7186  2.67232e-16
7187  2.67275e-16
7188  2.67315e-16
7189  2.67353e-16
7190  2.67388e-16
7191  2.67421e-16
7192  2.67452e-16
7193  2.6748e-16
7194  2.67506e-16
7195  2.67529e-16
7196  2.67551e-16
7197  2.6757e-16
7198  2.67587e-16
7199  2.67602e-16
7200  2.67615e-16
7201  2.67626e-16
7202  2.67636e-16
7203  2.67643e-16
7204  2.67649e-16
7205  2.67653e-16
7206  2.67656e-16
7207  2.67657e-16
7208  2.67656e-16
7209  2.67654e-16
7210  2.67651e-16
7211  2.67647e-16
7212  2.67642e-16
7213  2.67635e-16
7214  2.67628e-16
7215  2.67619e-16
7216  2.6761e-16
7217  2.676e-16
7218  2.6759e-16
7219  2.67578e-16
7220  2.67567e-16
7221  2.67554e-16
7222  2.67542e-16
7223  2.67529e-16
7224  2.67515e-16
7225  2.67502e-16
7226  2.67488e-16
7227  2.67474e-16
7228  2.6746e-16
7229  2.67446e-16
7230  2.67432e-16
7231  2.67418e-16
7232  2.67405e-16
7233  2.67391e-16
7234  2.67378e-16
7235  2.67365e-16
7236  2.67352e-16
7237  2.67339e-16
7238  2.67327e-16
7239  2.67315e-16
7240  2.67303e-16
7241  2.67292e-16
7242  2.67281e-16
7243  2.6727e-16
7244  2.6726e-16
7245  2.67251e-16
7246  2.67241e-16
7247  2.67232e-16
7248  2.67224e-16
7249  2.67216e-16
7250  2.67208e-16
7251  2.67201e-16
7252  2.67194e-16
7253  2.67188e-16
7254  2.67182e-16
7255  2.67176e-16
7256  2.67171e-16
7257  2.67166e-16
7258  2.67161e-16
7259  2.67157e-16
7260  2.67153e-16
7261  2.67149e-16
7262  2.67146e-16
7263  2.67143e-16
7264  2.6714e-16
7265  2.67138e-16
7266  2.67135e-16
7267  2.67133e-16
7268  2.67131e-16
7269  2.67129e-16
7270  2.67128e-16
7271  2.67127e-16
7272  2.67125e-16
7273  2.67124e-16
7274  2.67123e-16
7275  2.67122e-16
7276  2.67122e-16
7277  2.67121e-16
7278  2.67121e-16
7279  2.6712e-16
7280  2.6712e-16
7281  2.67119e-16
7282  2.67119e-16
7283  2.67119e-16
7284  2.67119e-16
7285  2.67118e-16
7286  2.67118e-16
7287  2.67118e-16
7288  2.67118e-16
7289  2.67118e-16
7290  2.67118e-16
7291  2.67118e-16
7292  2.67118e-16
7293  2.67118e-16
7294  2.67118e-16
7295  2.67118e-16
7296  2.67118e-16
7297  2.67118e-16
7298  2.67118e-16
7299  2.67118e-16
7300  2.67118e-16
7301  2.67118e-16
7302  2.67118e-16
7303  2.67118e-16
7304  2.67118e-16
7305  2.67118e-16
7306  2.67118e-16
7307  2.67118e-16
7308  2.67118e-16
7309  2.67118e-16
7310  2.67118e-16
7311  2.67118e-16
7312  2.67118e-16
7313  2.67118e-16
7314  2.67118e-16
7315  2.67118e-16
7316  2.67118e-16
7317  2.67118e-16
7318  2.67118e-16
7319  2.67118e-16