6369.12  3.10527e-15
6371.05  3.10616e-15
6372.99  3.10696e-15
6374.92  3.1075e-15
6376.86  3.10755e-15
6378.79  3.10691e-15
6380.73  3.10536e-15
6382.67  3.10273e-15
6384.6   3.09889e-15
6386.54  3.09377e-15
6388.47  3.08741e-15
6390.41  3.0799e-15
6392.34  3.07145e-15
6394.28  3.06235e-15
6396.21  3.05295e-15
6398.15  3.04368e-15
6400.08  3.035e-15
6402.02  3.02733e-15
6403.95  3.02107e-15
6405.89  3.01649e-15
6407.82  3.01371e-15
6409.76  3.01267e-15
6411.69  3.01311e-15
6413.63  3.0146e-15
6415.56  3.01654e-15
6417.5   3.01831e-15
6419.43  3.01929e-15
6421.37  3.01896e-15
6423.3   3.01703e-15
6425.24  3.01339e-15
6427.17  3.00823e-15
6429.11  3.0019e-15
6431.04  2.9949e-15
6432.98  2.98773e-15
6434.91  2.98084e-15
6436.85  2.97447e-15
6438.78  2.96867e-15
6440.72  2.96321e-15
6442.65  2.95769e-15
6444.59  2.95159e-15
6446.53  2.9444e-15
6448.46  2.93573e-15
6450.4   2.9254e-15
6452.33  2.91354e-15
6454.27  2.90058e-15
6456.2   2.88718e-15
6458.14  2.87421e-15
6460.07  2.86254e-15
6462.01  2.85298e-15
6463.94  2.84612e-15
6465.88  2.84224e-15
6467.81  2.84133e-15
6469.75  2.84305e-15
6471.68  2.8468e-15
6473.62  2.85188e-15
6475.55  2.85749e-15
6477.49  2.86294e-15
6479.42  2.86766e-15
6481.36  2.87123e-15
6483.29  2.87343e-15
6485.23  2.87417e-15
6487.16  2.87346e-15
6489.1   2.87139e-15
6491.03  2.86803e-15
6492.97  2.8635e-15
6494.9   2.85792e-15
6496.84  2.85145e-15
6498.77  2.84433e-15
6500.71  2.83691e-15
6502.64  2.82962e-15
6504.58  2.82299e-15
6506.52  2.81758e-15
6508.45  2.81391e-15
6510.39  2.81234e-15
6512.32  2.81303e-15
6514.26  2.81584e-15
6516.19  2.82034e-15
6518.13  2.82579e-15
6520.06  2.83125e-15
6522     2.83568e-15
6523.93  2.8381e-15
6525.87  2.83775e-15
6527.8   2.83425e-15
6529.74  2.82767e-15
6531.67  2.8186e-15
6533.61  2.8081e-15
6535.54  2.79759e-15
6537.48  2.78864e-15
6539.41  2.78275e-15
6541.35  2.78112e-15
6543.28  2.78439e-15
6545.22  2.79254e-15
6547.15  2.80478e-15
6549.09  2.81967e-15
6551.02  2.83526e-15
6552.96  2.84939e-15
6554.89  2.85996e-15
6556.83  2.86527e-15
6558.76  2.86428e-15
6560.7   2.85676e-15
6562.63  2.84331e-15
6564.57  2.82527e-15
6566.51  2.8045e-15
6568.44  2.78306e-15
6570.38  2.76291e-15
6572.31  2.74563e-15
6574.25  2.73218e-15
6576.18  2.72285e-15
6578.12  2.71723e-15
6580.05  2.7144e-15
6581.99  2.71312e-15
6583.92  2.71207e-15
6585.86  2.7101e-15
6587.79  2.70643e-15
6589.73  2.70076e-15
6591.66  2.69326e-15
6593.6   2.6845e-15
6595.53  2.67534e-15
6597.47  2.66674e-15
6599.4   2.6596e-15
6601.34  2.65457e-15
6603.27  2.65206e-15
6605.21  2.65212e-15
6607.14  2.6545e-15
6609.08  2.65874e-15
6611.01  2.66423e-15
6612.95  2.67033e-15
6614.88  2.67642e-15
6616.82  2.68197e-15
6618.75  2.68653e-15
6620.69  2.68978e-15
6622.62  2.69148e-15
6624.56  2.69145e-15
6626.49  2.68963e-15
6628.43  2.68599e-15
6630.37  2.68063e-15
6632.3   2.67376e-15
6634.24  2.66567e-15
6636.17  2.6568e-15
6638.11  2.64764e-15
6640.04  2.6387e-15
6641.98  2.63049e-15
6643.91  2.62337e-15
6645.85  2.6176e-15
6647.78  2.61322e-15
6649.72  2.61008e-15
6651.65  2.60784e-15
6653.59  2.60604e-15
6655.52  2.60416e-15
6657.46  2.60166e-15
6659.39  2.59807e-15
6661.33  2.59305e-15
6663.26  2.58641e-15
6665.2   2.57811e-15
6667.13  2.56828e-15
6669.07  2.55715e-15
6671     2.54505e-15
6672.94  2.53234e-15
6674.87  2.5194e-15
6676.81  2.5066e-15
6678.74  2.49424e-15
6680.68  2.48263e-15
6682.61  2.47196e-15
6684.55  2.46241e-15
6686.48  2.45408e-15
6688.42  2.44704e-15
6690.36  2.44126e-15
6692.29  2.43671e-15
6694.23  2.43329e-15
6696.16  2.4309e-15
6698.1   2.42937e-15
6700.03  2.42858e-15
6701.97  2.42836e-15
6703.9   2.42855e-15
6705.84  2.42899e-15
6707.77  2.42953e-15
6709.71  2.43e-15
6711.64  2.43023e-15
6713.58  2.43007e-15
6715.51  2.42936e-15
6717.45  2.42798e-15
6719.38  2.42585e-15
6721.32  2.42293e-15
6723.25  2.41922e-15
6725.19  2.41477e-15
6727.12  2.40966e-15
6729.06  2.40401e-15
6730.99  2.39792e-15
6732.93  2.39153e-15
6734.86  2.38492e-15
6736.8   2.37818e-15
6738.73  2.37138e-15
6740.67  2.36459e-15
6742.6   2.35786e-15
6744.54  2.3513e-15
6746.47  2.34502e-15
6748.41  2.33917e-15
6750.35  2.33395e-15
6752.28  2.32954e-15
6754.22  2.32613e-15
6756.15  2.32383e-15
6758.09  2.3227e-15
6760.02  2.32266e-15
6761.96  2.32354e-15
6763.89  2.32503e-15
6765.83  2.32673e-15
6767.76  2.32818e-15
6769.7   2.32891e-15
6771.63  2.32852e-15
6773.57  2.32671e-15
6775.5   2.32333e-15
6777.44  2.3184e-15
6779.37  2.3121e-15
6781.31  2.30476e-15
6783.24  2.29681e-15
6785.18  2.28869e-15
6787.11  2.28083e-15
6789.05  2.27358e-15
6790.98  2.26717e-15
6792.92  2.26168e-15
6794.85  2.25707e-15
6796.79  2.25319e-15
6798.72  2.2498e-15
6800.66  2.24666e-15
6802.59  2.24352e-15
6804.53  2.24017e-15
6806.46  2.23649e-15
6808.4   2.23245e-15
6810.33  2.2281e-15
6812.27  2.22356e-15
6814.21  2.219e-15
6816.14  2.21461e-15
6818.08  2.2106e-15
6820.01  2.20711e-15
6821.95  2.20424e-15
6823.88  2.20201e-15
6825.82  2.20035e-15
6827.75  2.19911e-15
6829.69  2.19806e-15
6831.62  2.19696e-15
6833.56  2.19553e-15
6835.49  2.19354e-15
6837.43  2.19083e-15
6839.36  2.18734e-15
6841.3   2.18313e-15
6843.23  2.17839e-15
6845.17  2.17338e-15
6847.1   2.16845e-15
6849.04  2.16389e-15
6850.97  2.15998e-15
6852.91  2.15685e-15
6854.84  2.15448e-15
6856.78  2.15268e-15
6858.71  2.15115e-15
6860.65  2.14949e-15
6862.58  2.14729e-15
6864.52  2.14421e-15
6866.45  2.14009e-15
6868.39  2.13494e-15
6870.32  2.12903e-15
6872.26  2.12278e-15
6874.2   2.11677e-15
6876.13  2.11159e-15
6878.07  2.10774e-15
6880     2.10556e-15
6881.94  2.10512e-15
6883.87  2.10622e-15
6885.81  2.10838e-15
6887.74  2.11097e-15
6889.68  2.11326e-15
6891.61  2.11458e-15
6893.55  2.11445e-15
6895.48  2.11262e-15
6897.42  2.10916e-15
6899.35  2.10442e-15
6901.29  2.09899e-15
6903.22  2.09355e-15
6905.16  2.08877e-15
6907.09  2.08519e-15
6909.03  2.08307e-15
6910.96  2.08241e-15
6912.9   2.08287e-15
6914.83  2.08387e-15
6916.77  2.08467e-15
6918.7   2.08448e-15
6920.64  2.08263e-15
6922.57  2.07864e-15
6924.51  2.07234e-15
6926.44  2.06384e-15
6928.38  2.05356e-15
6930.31  2.04213e-15
6932.25  2.03028e-15
6934.19  2.01872e-15
6936.12  2.00806e-15
6938.06  1.99869e-15
6939.99  1.99075e-15
6941.93  1.98412e-15
6943.86  1.9785e-15
6945.8   1.97346e-15
6947.73  1.96853e-15
6949.67  1.96328e-15
6951.6   1.95743e-15
6953.54  1.95086e-15
6955.47  1.9436e-15
6957.41  1.93584e-15
6959.34  1.92787e-15
6961.28  1.92e-15
6963.21  1.9125e-15
6965.15  1.90562e-15
6967.08  1.89947e-15
6969.02  1.89409e-15
6970.95  1.88945e-15
6972.89  1.88547e-15
6974.82  1.88207e-15
6976.76  1.87916e-15
6978.69  1.8767e-15
6980.63  1.87467e-15
6982.56  1.87307e-15
6984.5   1.87191e-15
6986.43  1.87118e-15
6988.37  1.87086e-15
6990.3   1.87091e-15
6992.24  1.87126e-15
6994.17  1.87185e-15
6996.11  1.87265e-15
6998.05  1.87363e-15
6999.98  1.87485e-15
7001.92  1.87639e-15
7003.85  1.87834e-15
7005.79  1.88085e-15
7007.72  1.884e-15
7009.66  1.88785e-15
7011.59  1.89236e-15
7013.53  1.89743e-15
7015.46  1.90282e-15
7017.4   1.90825e-15
7019.33  1.91336e-15
7021.27  1.91776e-15
7023.2   1.92108e-15
7025.14  1.92302e-15
7027.07  1.92332e-15
7029.01  1.92185e-15
7030.94  1.91858e-15
7032.88  1.91359e-15
7034.81  1.90707e-15
7036.75  1.89931e-15
7038.68  1.89068e-15
7040.62  1.88162e-15
7042.55  1.87263e-15
7044.49  1.86421e-15
7046.42  1.85688e-15
7048.36  1.85112e-15
7050.29  1.84734e-15
7052.23  1.84582e-15
7054.16  1.84668e-15
7056.1   1.84986e-15
7058.04  1.85508e-15
7059.97  1.86188e-15
7061.91  1.8696e-15
7063.84  1.87752e-15
7065.78  1.88487e-15
7067.71  1.89097e-15
7069.65  1.89529e-15
7071.58  1.89757e-15
7073.52  1.89779e-15
7075.45  1.89623e-15
7077.39  1.89339e-15
7079.32  1.88996e-15
7081.26  1.88663e-15
7083.19  1.88407e-15
7085.13  1.88278e-15
7087.06  1.88299e-15
7089     1.88468e-15
7090.93  1.88756e-15
7092.87  1.89109e-15
7094.8   1.89464e-15
7096.74  1.89752e-15
7098.67  1.89918e-15
7100.61  1.89925e-15
7102.54  1.8976e-15
7104.48  1.89444e-15
7106.41  1.89018e-15
7108.35  1.88548e-15
7110.28  1.88106e-15
7112.22  1.87761e-15
7114.15  1.87571e-15
7116.09  1.87568e-15
7118.02  1.87756e-15
7119.96  1.88113e-15
7121.9   1.88591e-15
7123.83  1.89125e-15
7125.77  1.89646e-15
7127.7   1.90092e-15
7129.64  1.90415e-15
7131.57  1.90589e-15
7133.51  1.90612e-15
7135.44  1.90504e-15
7137.38  1.903e-15
7139.31  1.90043e-15
7141.25  1.89775e-15
7143.18  1.89527e-15
7145.12  1.89318e-15
7147.05  1.89147e-15
7148.99  1.89003e-15
7150.92  1.88863e-15
7152.86  1.88704e-15
7154.79  1.88506e-15
7156.73  1.8826e-15
7158.66  1.87969e-15
7160.6   1.8765e-15
7162.53  1.87329e-15
7164.47  1.87035e-15
7166.4   1.86796e-15
7168.34  1.86627e-15
7170.27  1.86531e-15
7172.21  1.86496e-15
7174.14  1.86495e-15
7176.08  1.86491e-15
7178.01  1.86445e-15
7179.95  1.86325e-15
7181.89  1.86106e-15
7183.82  1.85782e-15
7185.76  1.85363e-15
7187.69  1.84875e-15
7189.63  1.84356e-15
7191.56  1.83848e-15
7193.5   1.83393e-15
7195.43  1.83026e-15
7197.37  1.82768e-15
7199.3   1.8263e-15
7201.24  1.82605e-15
7203.17  1.82675e-15
7205.11  1.82817e-15
7207.04  1.83002e-15
7208.98  1.83202e-15
7210.91  1.83395e-15
7212.85  1.83566e-15
7214.78  1.83708e-15
7216.72  1.8382e-15
7218.65  1.83909e-15
7220.59  1.83982e-15
7222.52  1.84047e-15
7224.46  1.84111e-15
7226.39  1.84179e-15
7228.33  1.84248e-15
7230.26  1.84315e-15
7232.2   1.84375e-15
7234.13  1.84422e-15
7236.07  1.84452e-15
7238     1.84467e-15
7239.94  1.84471e-15
7241.88  1.84475e-15
7243.81  1.84492e-15
7245.75  1.84536e-15
7247.68  1.84622e-15
7249.62  1.84758e-15
7251.55  1.84948e-15
7253.49  1.85184e-15
7255.42  1.85451e-15
7257.36  1.85725e-15
7259.29  1.85978e-15
7261.23  1.86178e-15
7263.16  1.86296e-15
7265.1   1.86309e-15
7267.03  1.86207e-15
7268.97  1.85991e-15
7270.9   1.8568e-15
7272.84  1.85303e-15
7274.77  1.84901e-15
7276.71  1.8452e-15
7278.64  1.84206e-15
7280.58  1.83997e-15
7282.51  1.83918e-15
7284.45  1.83978e-15
7286.38  1.84165e-15
7288.32  1.84455e-15
7290.25  1.84808e-15
7292.19  1.85178e-15
7294.12  1.85521e-15
7296.06  1.85797e-15
7297.99  1.85979e-15
7299.93  1.86055e-15
7301.86  1.86026e-15
7303.8   1.85904e-15
7305.74  1.8571e-15
7307.67  1.85464e-15
7309.61  1.8519e-15
7311.54  1.84901e-15
7313.48  1.8461e-15
7315.41  1.84322e-15
7317.35  1.8404e-15
7319.28  1.83768e-15
7321.22  1.83512e-15
7323.15  1.83278e-15
7325.09  1.83077e-15
7327.02  1.82919e-15
7328.96  1.82813e-15
7330.89  1.8276e-15
7332.83  1.82758e-15
7334.76  1.82794e-15
7336.7   1.82851e-15
7338.63  1.82912e-15
7340.57  1.8296e-15
7342.5   1.82984e-15
7344.44  1.82983e-15
7346.37  1.82965e-15
7348.31  1.82947e-15
7350.24  1.8295e-15
7352.18  1.82995e-15
7354.11  1.83096e-15
7356.05  1.83255e-15
7357.98  1.83462e-15
7359.92  1.83692e-15
7361.85  1.8391e-15
7363.79  1.84074e-15
7365.73  1.84144e-15
7367.66  1.84088e-15
7369.6   1.83887e-15
7371.53  1.83537e-15
7373.47  1.83052e-15
7375.4   1.82455e-15
7377.34  1.81779e-15
7379.27  1.81054e-15
7381.21  1.80308e-15
7383.14  1.79559e-15
7385.08  1.78813e-15
7387.01  1.78072e-15
7388.95  1.77332e-15
7390.88  1.76591e-15
7392.82  1.75853e-15
7394.75  1.75131e-15
7396.69  1.74448e-15
7398.62  1.73829e-15
7400.56  1.733e-15
7402.49  1.72878e-15
7404.43  1.72565e-15
7406.36  1.72343e-15
7408.3   1.72178e-15
7410.23  1.72018e-15
7412.17  1.71808e-15
7414.1   1.71496e-15
7416.04  1.71045e-15
7417.97  1.70445e-15
7419.91  1.69717e-15
7421.84  1.68911e-15
7423.78  1.68103e-15
7425.72  1.67381e-15
7427.65  1.66833e-15
7429.59  1.66533e-15
7431.52  1.66526e-15
7433.46  1.66822e-15
7435.39  1.67393e-15
7437.33  1.68174e-15
7439.26  1.69081e-15
7441.2   1.70016e-15
7443.13  1.70885e-15
7445.07  1.71613e-15
7447     1.72154e-15
7448.94  1.72494e-15
7450.87  1.72652e-15
7452.81  1.72673e-15
7454.74  1.72618e-15
7456.68  1.72552e-15
7458.61  1.72533e-15
7460.55  1.72601e-15
7462.48  1.72769e-15
7464.42  1.73031e-15
7466.35  1.73355e-15
7468.29  1.73695e-15
7470.22  1.73998e-15
7472.16  1.74213e-15
7474.09  1.74299e-15
7476.03  1.74233e-15
7477.96  1.74008e-15
7479.9   1.73638e-15
7481.83  1.73152e-15
7483.77  1.72595e-15
7485.7   1.72015e-15
7487.64  1.71466e-15
7489.58  1.70998e-15
7491.51  1.70652e-15
7493.45  1.70459e-15
7495.38  1.70438e-15
7497.32  1.70592e-15
7499.25  1.70907e-15
7501.19  1.71358e-15
7503.12  1.71907e-15
7505.06  1.72507e-15
7506.99  1.73112e-15
7508.93  1.73674e-15
7510.86  1.74155e-15
7512.8   1.74529e-15
7514.73  1.74786e-15
7516.67  1.7493e-15
7518.6   1.7498e-15
7520.54  1.74966e-15
7522.47  1.74924e-15
7524.41  1.74889e-15
7526.34  1.7489e-15
7528.28  1.74947e-15
7530.21  1.75066e-15
7532.15  1.75239e-15
7534.08  1.75452e-15
7536.02  1.75679e-15
7537.95  1.75895e-15
7539.89  1.76079e-15
7541.82  1.76214e-15
7543.76  1.76296e-15
7545.69  1.76329e-15
7547.63  1.76326e-15
7549.57  1.76306e-15
7551.5   1.76292e-15
7553.44  1.76304e-15
7555.37  1.7636e-15
7557.31  1.76468e-15
7559.24  1.76631e-15
7561.18  1.76841e-15
7563.11  1.77082e-15
7565.05  1.77336e-15
7566.98  1.77578e-15
7568.92  1.77784e-15
7570.85  1.77934e-15
7572.79  1.78013e-15
7574.72  1.78013e-15
7576.66  1.77939e-15
7578.59  1.77804e-15
7580.53  1.77632e-15
7582.46  1.77451e-15
7584.4   1.77294e-15
7586.33  1.77194e-15
7588.27  1.77175e-15
7590.2   1.77253e-15
7592.14  1.77427e-15
7594.07  1.77685e-15
7596.01  1.77998e-15
7597.94  1.78329e-15
7599.88  1.78635e-15
7601.81  1.78871e-15
7603.75  1.79003e-15
7605.68  1.79008e-15
7607.62  1.78877e-15
7609.56  1.78622e-15
7611.49  1.78266e-15
7613.43  1.77846e-15
7615.36  1.77406e-15
7617.3   1.76985e-15
7619.23  1.76619e-15
7621.17  1.7633e-15
7623.1   1.76126e-15
7625.04  1.76e-15
7626.97  1.75937e-15
7628.91  1.7591e-15
7630.84  1.75895e-15
7632.78  1.75867e-15
7634.71  1.7581e-15
7636.65  1.75715e-15
7638.58  1.75583e-15
7640.52  1.75419e-15
7642.45  1.75233e-15
7644.39  1.75036e-15
7646.32  1.74835e-15
7648.26  1.74636e-15
7650.19  1.74441e-15
7652.13  1.74249e-15
7654.06  1.7406e-15
7656     1.73874e-15
7657.93  1.73694e-15
7659.87  1.73525e-15
7661.8   1.73375e-15
7663.74  1.73248e-15
7665.67  1.73148e-15
7667.61  1.73076e-15
7669.55  1.73023e-15
7671.48  1.72979e-15
7673.42  1.72929e-15
7675.35  1.72855e-15
7677.29  1.72745e-15
7679.22  1.7259e-15
7681.16  1.72389e-15
7683.09  1.72151e-15
7685.03  1.71893e-15
7686.96  1.71634e-15
7688.9   1.71399e-15
7690.83  1.71208e-15
7692.77  1.71074e-15
7694.7   1.71003e-15
7696.64  1.70991e-15
7698.57  1.71026e-15
7700.51  1.71093e-15
7702.44  1.71173e-15
7704.38  1.71254e-15
7706.31  1.71329e-15
7708.25  1.71397e-15
7710.18  1.71467e-15
7712.12  1.71552e-15
7714.05  1.71667e-15
7715.99  1.71823e-15
7717.92  1.72025e-15
7719.86  1.72268e-15
7721.79  1.72538e-15
7723.73  1.72813e-15
7725.66  1.73065e-15
7727.6   1.73266e-15
7729.53  1.73391e-15
7731.47  1.73423e-15
7733.41  1.73355e-15
7735.34  1.7319e-15
7737.28  1.72942e-15
7739.21  1.72631e-15
7741.15  1.72283e-15
7743.08  1.71923e-15
7745.02  1.71578e-15
7746.95  1.71266e-15
7748.89  1.71005e-15
7750.82  1.70805e-15
7752.76  1.70668e-15
7754.69  1.70593e-15
7756.63  1.70573e-15
7758.56  1.70595e-15
7760.5   1.70643e-15
7762.43  1.70696e-15
7764.37  1.70729e-15
7766.3   1.70717e-15
7768.24  1.70638e-15
7770.17  1.70472e-15
7772.11  1.70208e-15
7774.04  1.69844e-15
7775.98  1.69389e-15
7777.91  1.68863e-15
7779.85  1.68294e-15
7781.78  1.67716e-15
7783.72  1.67163e-15
7785.65  1.66665e-15
7787.59  1.66243e-15
7789.52  1.65904e-15
7791.46  1.65643e-15
7793.4   1.65441e-15
7795.33  1.6527e-15
7797.27  1.65096e-15
7799.2   1.64887e-15
7801.14  1.64618e-15
7803.07  1.64273e-15
7805.01  1.63852e-15
7806.94  1.63369e-15
7808.88  1.6285e-15
7810.81  1.62325e-15
7812.75  1.61831e-15
7814.68  1.61397e-15
7816.62  1.61049e-15
7818.55  1.60797e-15
7820.49  1.60643e-15
7822.42  1.60579e-15
7824.36  1.60589e-15
7826.29  1.60653e-15
7828.23  1.60751e-15
7830.16  1.60866e-15
7832.1   1.60984e-15
7834.03  1.61096e-15
7835.97  1.61197e-15
7837.9   1.6128e-15
7839.84  1.61344e-15
7841.77  1.61385e-15
7843.71  1.61399e-15
7845.64  1.61383e-15
7847.58  1.61336e-15
7849.51  1.61256e-15
7851.45  1.61147e-15
7853.38  1.61013e-15
7855.32  1.60857e-15
7857.26  1.60682e-15
7859.19  1.6049e-15
7861.13  1.60278e-15
7863.06  1.60038e-15
7865     1.59761e-15
7866.93  1.59436e-15
7868.87  1.59054e-15
7870.8   1.58612e-15
7872.74  1.5811e-15
7874.67  1.57558e-15
7876.61  1.56974e-15
7878.54  1.5638e-15
7880.48  1.55802e-15
7882.41  1.55265e-15
7884.35  1.54789e-15
7886.28  1.54386e-15
7888.22  1.54057e-15
7890.15  1.53794e-15
7892.09  1.53578e-15
7894.02  1.53384e-15
7895.96  1.53183e-15
7897.89  1.52949e-15
7899.83  1.52658e-15
7901.76  1.52298e-15
7903.7   1.51866e-15
7905.63  1.51374e-15
7907.57  1.5084e-15
7909.5   1.50295e-15
7911.44  1.49769e-15
7913.37  1.49293e-15
7915.31  1.48891e-15
7917.25  1.48575e-15
7919.18  1.48343e-15
7921.12  1.48178e-15
7923.05  1.48048e-15
7924.99  1.47915e-15
7926.92  1.47733e-15
7928.86  1.47462e-15
7930.79  1.4707e-15
7932.73  1.46544e-15
7934.66  1.45888e-15
7936.6   1.45128e-15
7938.53  1.44307e-15
7940.47  1.4348e-15
7942.4   1.42708e-15
7944.34  1.42045e-15
7946.27  1.41534e-15
7948.21  1.41197e-15
7950.14  1.41035e-15
7952.08  1.41025e-15
7954.01  1.41127e-15
7955.95  1.41289e-15
7957.88  1.41454e-15
7959.82  1.41571e-15
7961.75  1.41603e-15
7963.69  1.41529e-15
7965.62  1.41348e-15
7967.56  1.41076e-15
7969.49  1.40744e-15
7971.43  1.4039e-15
7973.36  1.40053e-15
7975.3   1.39764e-15
7977.23  1.39546e-15
7979.17  1.39409e-15
7981.11  1.39351e-15
7983.04  1.39361e-15
7984.98  1.39421e-15
7986.91  1.39515e-15
7988.85  1.39627e-15
7990.78  1.39749e-15
7992.72  1.39879e-15
7994.65  1.40018e-15
7996.59  1.40172e-15
7998.52  1.40343e-15
8000.46  1.40533e-15
8002.39  1.40735e-15
8004.33  1.40939e-15
8006.26  1.41127e-15
8008.2   1.41284e-15
8010.13  1.41394e-15
8012.07  1.41448e-15
8014     1.41444e-15
8015.94  1.41393e-15
8017.87  1.4131e-15
8019.81  1.41222e-15
8021.74  1.41154e-15
8023.68  1.41135e-15
8025.61  1.41185e-15
8027.55  1.41316e-15
8029.48  1.41532e-15
8031.42  1.41824e-15
8033.35  1.42174e-15
8035.29  1.42554e-15
8037.22  1.42936e-15
8039.16  1.43288e-15
8041.1   1.43579e-15
8043.03  1.43787e-15
8044.97  1.43896e-15
8046.9   1.43896e-15
8048.84  1.4379e-15
8050.77  1.43588e-15
8052.71  1.43305e-15
8054.64  1.42964e-15
8056.58  1.42592e-15
8058.51  1.42216e-15
8060.45  1.41864e-15
8062.38  1.41562e-15
8064.32  1.4133e-15
8066.25  1.41186e-15
8068.19  1.41138e-15
8070.12  1.41189e-15
8072.06  1.41333e-15
8073.99  1.41556e-15
8075.93  1.4184e-15
8077.86  1.4216e-15
8079.8   1.42488e-15
8081.73  1.42794e-15
8083.67  1.43052e-15
8085.6   1.43238e-15
8087.54  1.43332e-15
8089.47  1.43325e-15
8091.41  1.43213e-15
8093.34  1.43003e-15
8095.28  1.42709e-15
8097.21  1.42352e-15
8099.15  1.41956e-15
8101.09  1.4155e-15
8103.02  1.41159e-15
8104.96  1.40809e-15
8106.89  1.40516e-15
8108.83  1.40292e-15
8110.76  1.40139e-15
8112.7   1.4005e-15
8114.63  1.40012e-15
8116.57  1.40002e-15
8118.5   1.39994e-15
8120.44  1.3996e-15
8122.37  1.39872e-15
8124.31  1.39709e-15
8126.24  1.39457e-15
8128.18  1.39112e-15
8130.11  1.38683e-15
8132.05  1.3819e-15
8133.98  1.37662e-15
8135.92  1.37135e-15
8137.85  1.36645e-15
8139.79  1.36224e-15
8141.72  1.35894e-15
8143.66  1.35664e-15
8145.59  1.35526e-15
8147.53  1.35457e-15
8149.46  1.35419e-15
8151.4   1.3537e-15
8153.33  1.35265e-15
8155.27  1.35068e-15
8157.2   1.34759e-15
8159.14  1.34336e-15
8161.07  1.33818e-15
8163.01  1.33241e-15
8164.95  1.32656e-15
8166.88  1.32117e-15
8168.82  1.3167e-15
8170.75  1.3135e-15
8172.69  1.31168e-15
8174.62  1.31112e-15
8176.56  1.31146e-15
8178.49  1.31219e-15
8180.43  1.31271e-15
8182.36  1.31243e-15
8184.3   1.31094e-15
8186.23  1.308e-15
8188.17  1.30369e-15
8190.1   1.29831e-15
8192.04  1.29242e-15
8193.97  1.28671e-15
8195.91  1.28191e-15
8197.84  1.27864e-15
8199.78  1.27735e-15
8201.71  1.2782e-15
8203.65  1.28107e-15
8205.58  1.28552e-15
8207.52  1.29091e-15
8209.45  1.29645e-15
8211.39  1.30135e-15
8213.32  1.3049e-15
8215.26  1.3066e-15
8217.19  1.30621e-15
8219.13  1.30378e-15
8221.06  1.29965e-15
8223     1.29435e-15
8224.94  1.28853e-15
8226.87  1.28287e-15
8228.81  1.27792e-15
8230.74  1.27407e-15
8232.68  1.2715e-15
8234.61  1.27013e-15
8236.55  1.26967e-15
8238.48  1.26971e-15
8240.42  1.26977e-15
8242.35  1.26941e-15
8244.29  1.26829e-15
8246.22  1.26626e-15
8248.16  1.26334e-15
8250.09  1.25973e-15
8252.03  1.25576e-15
8253.96  1.25179e-15
8255.9   1.24822e-15
8257.83  1.24531e-15
8259.77  1.24322e-15
8261.7   1.24197e-15
8263.64  1.24142e-15
8265.57  1.24133e-15
8267.51  1.24141e-15
8269.44  1.2414e-15
8271.38  1.24108e-15
8273.31  1.24036e-15
8275.25  1.23924e-15
8277.18  1.23784e-15
8279.12  1.23636e-15
8281.05  1.23503e-15
8282.99  1.23405e-15
8284.93  1.23355e-15
8286.86  1.23358e-15
8288.8   1.23407e-15
8290.73  1.23487e-15
8292.67  1.23576e-15
8294.6   1.23651e-15
8296.54  1.2369e-15
8298.47  1.2368e-15
8300.41  1.23614e-15
8302.34  1.23499e-15
8304.28  1.2335e-15
8306.21  1.23191e-15
8308.15  1.23044e-15
8310.08  1.22935e-15
8312.02  1.2288e-15
8313.95  1.22888e-15
8315.89  1.22953e-15
8317.82  1.23064e-15
8319.76  1.23196e-15
8321.69  1.23322e-15
8323.63  1.23416e-15
8325.56  1.23457e-15
8327.5   1.23432e-15
8329.43  1.23342e-15
8331.37  1.23202e-15
8333.3   1.23035e-15
8335.24  1.22874e-15
8337.17  1.22752e-15
8339.11  1.227e-15
8341.04  1.22741e-15
8342.98  1.22883e-15
8344.92  1.2312e-15
8346.85  1.23433e-15
8348.79  1.23791e-15
8350.72  1.24153e-15
8352.66  1.24479e-15
8354.59  1.24733e-15
8356.53  1.24884e-15
8358.46  1.2492e-15
8360.4   1.24839e-15
8362.33  1.24657e-15
8364.27  1.24402e-15
8366.2   1.24111e-15
8368.14  1.23824e-15
8370.07  1.2358e-15
8372.01  1.2341e-15
8373.94  1.23334e-15
8375.88  1.23358e-15
8377.81  1.23473e-15
8379.75  1.23658e-15
8381.68  1.23882e-15
8383.62  1.2411e-15
8385.55  1.24308e-15
8387.49  1.24447e-15
8389.42  1.2451e-15
8391.36  1.24491e-15
8393.29  1.24398e-15
8395.23  1.24252e-15
8397.16  1.24083e-15
8399.1   1.23926e-15
8401.03  1.23815e-15
8402.97  1.23779e-15
8404.9   1.23837e-15
8406.84  1.23998e-15
8408.78  1.24258e-15
8410.71  1.24602e-15
8412.65  1.25011e-15
8414.58  1.25464e-15
8416.52  1.25945e-15
8418.45  1.26444e-15
8420.39  1.2696e-15
8422.32  1.275e-15
8424.26  1.28074e-15
8426.19  1.28693e-15
8428.13  1.2936e-15
8430.06  1.30065e-15
8432     1.30785e-15
8433.93  1.31482e-15
8435.87  1.32104e-15
8437.8   1.32596e-15
8439.74  1.32908e-15
8441.67  1.33e-15
8443.61  1.32856e-15
8445.54  1.32484e-15
8447.48  1.31919e-15
8449.41  1.31219e-15
8451.35  1.3046e-15
8453.28  1.29722e-15
8455.22  1.2908e-15
8457.15  1.28595e-15
8459.09  1.28305e-15
8461.02  1.28221e-15
8462.96  1.28328e-15
8464.89  1.28589e-15
8466.83  1.28951e-15
8468.77  1.29356e-15
8470.7   1.29748e-15
8472.64  1.30078e-15
8474.57  1.3031e-15
8476.51  1.30427e-15
8478.44  1.30423e-15
8480.38  1.30308e-15
8482.31  1.301e-15
8484.25  1.29824e-15
8486.18  1.29508e-15
8488.12  1.29179e-15
8490.05  1.28866e-15
8491.99  1.28593e-15
8493.92  1.28386e-15
8495.86  1.28263e-15
8497.79  1.28239e-15
8499.73  1.28324e-15
8501.66  1.28514e-15
8503.6   1.28798e-15
8505.53  1.29151e-15
8507.47  1.29535e-15
8509.4   1.29903e-15
8511.34  1.302e-15
8513.27  1.30374e-15
8515.21  1.30379e-15
8517.14  1.30181e-15
8519.08  1.29769e-15
8521.01  1.29152e-15
8522.95  1.28362e-15
8524.88  1.27453e-15
8526.82  1.2649e-15
8528.75  1.25546e-15
8530.69  1.24689e-15
8532.63  1.23974e-15
8534.56  1.23438e-15
8536.5   1.23097e-15
8538.43  1.2294e-15
8540.37  1.2294e-15
8542.3   1.23052e-15
8544.24  1.23227e-15
8546.17  1.23414e-15
8548.11  1.2357e-15
8550.04  1.23666e-15
8551.98  1.23684e-15
8553.91  1.23618e-15
8555.85  1.23472e-15
8557.78  1.23255e-15
8559.72  1.22971e-15
8561.65  1.22624e-15
8563.59  1.22209e-15
8565.52  1.21718e-15
8567.46  1.21144e-15
8569.39  1.20481e-15
8571.33  1.19738e-15
8573.26  1.18936e-15
8575.2   1.18115e-15
8577.13  1.1733e-15
8579.07  1.16642e-15
8581     1.16118e-15
8582.94  1.1581e-15
8584.87  1.15755e-15
8586.81  1.15959e-15
8588.74  1.164e-15
8590.68  1.17028e-15
8592.62  1.17769e-15
8594.55  1.18537e-15
8596.49  1.19248e-15
8598.42  1.19829e-15
8600.36  1.20227e-15
8602.29  1.2042e-15
8604.23  1.2041e-15
8606.16  1.20226e-15
8608.1   1.19915e-15
8610.03  1.19533e-15
8611.97  1.19137e-15
8613.9   1.18778e-15
8615.84  1.18494e-15
8617.77  1.1831e-15
8619.71  1.18236e-15
8621.64  1.18269e-15
8623.58  1.18399e-15
8625.51  1.1861e-15
8627.45  1.18881e-15
8629.38  1.19191e-15
8631.32  1.19517e-15
8633.25  1.19837e-15
8635.19  1.20128e-15
8637.12  1.20363e-15
8639.06  1.20521e-15
8640.99  1.20579e-15
8642.93  1.20521e-15
8644.86  1.20339e-15
8646.8   1.20036e-15
8648.73  1.1963e-15
8650.67  1.19151e-15
8652.61  1.18639e-15
8654.54  1.18146e-15
8656.48  1.17722e-15
8658.41  1.17414e-15
8660.35  1.17257e-15
8662.28  1.1727e-15
8664.22  1.17449e-15
8666.15  1.17769e-15
8668.09  1.18187e-15
8670.02  1.18644e-15
8671.96  1.19077e-15
8673.89  1.19425e-15
8675.83  1.1964e-15
8677.76  1.19693e-15
8679.7   1.19582e-15
8681.63  1.19326e-15
8683.57  1.1897e-15
8685.5   1.18571e-15
8687.44  1.18193e-15
8689.37  1.17895e-15
8691.31  1.17722e-15
8693.24  1.17695e-15
8695.18  1.17809e-15
8697.11  1.18036e-15
8699.05  1.18326e-15
8700.98  1.18615e-15
8702.92  1.18839e-15
8704.85  1.18942e-15
8706.79  1.18884e-15
8708.72  1.1865e-15
8710.66  1.18248e-15
8712.59  1.1771e-15
8714.53  1.17088e-15
8716.47  1.1644e-15
8718.4   1.15828e-15
8720.34  1.15305e-15
8722.27  1.14906e-15
8724.21  1.14649e-15
8726.14  1.14528e-15
8728.08  1.14516e-15
8730.01  1.14574e-15
8731.95  1.14651e-15
8733.88  1.147e-15
8735.82  1.14678e-15
8737.75  1.14557e-15
8739.69  1.14326e-15
8741.62  1.13992e-15
8743.56  1.13577e-15
8745.49  1.13114e-15
8747.43  1.12643e-15
8749.36  1.12199e-15
8751.3   1.11815e-15
8753.23  1.11509e-15
8755.17  1.11289e-15
8757.1   1.1115e-15
8759.04  1.11078e-15
8760.97  1.11054e-15
8762.91  1.11057e-15
8764.84  1.1107e-15
8766.78  1.1108e-15
8768.71  1.11082e-15
8770.65  1.11079e-15
8772.58  1.1108e-15
8774.52  1.11094e-15
8776.46  1.11133e-15
8778.39  1.11204e-15
8780.33  1.11307e-15
8782.26  1.11436e-15
8784.2   1.11577e-15
8786.13  1.11708e-15
8788.07  1.11805e-15
8790     1.11844e-15
8791.94  1.11805e-15
8793.87  1.11675e-15
8795.81  1.11449e-15
8797.74  1.11133e-15
8799.68  1.10741e-15
8801.61  1.10295e-15
8803.55  1.09817e-15
8805.48  1.09333e-15
8807.42  1.08861e-15
8809.35  1.08419e-15
8811.29  1.08016e-15
8813.22  1.07655e-15
8815.16  1.07336e-15
8817.09  1.07056e-15
8819.03  1.06808e-15
8820.96  1.06588e-15
8822.9   1.06391e-15
8824.83  1.06213e-15
8826.77  1.0605e-15
8828.7   1.05899e-15
8830.64  1.05756e-15
8832.57  1.05616e-15
8834.51  1.05473e-15
8836.44  1.0532e-15
8838.38  1.0515e-15
8840.32  1.04958e-15
8842.25  1.0474e-15
8844.19  1.04494e-15
8846.12  1.04222e-15
8848.06  1.03927e-15
8849.99  1.03613e-15
8851.93  1.03284e-15
8853.86  1.02943e-15
8855.8   1.0259e-15
8857.73  1.02223e-15
8859.67  1.01838e-15
8861.6   1.01428e-15
8863.54  1.00988e-15
8865.47  1.00517e-15
8867.41  1.00015e-15
8869.34  9.94932e-16
8871.28  9.89647e-16
8873.21  9.84506e-16
8875.15  9.7975e-16
8877.08  9.75627e-16
8879.02  9.72358e-16
8880.95  9.70098e-16
8882.89  9.68912e-16
8884.82  9.68749e-16
8886.76  9.69442e-16
8888.69  9.70712e-16
8890.63  9.72203e-16
8892.56  9.73517e-16
8894.5   9.74269e-16
8896.43  9.74132e-16
8898.37  9.72887e-16
8900.31  9.70452e-16
8902.24  9.66893e-16
8904.18  9.62417e-16
8906.11  9.57343e-16
8908.05  9.52061e-16
8909.98  9.4698e-16
8911.92  9.42482e-16
8913.85  9.38881e-16
8915.79  9.36388e-16
8917.72  9.35102e-16
8919.66  9.35004e-16
8921.59  9.35971e-16
8923.53  9.3779e-16
8925.46  9.40189e-16
8927.4   9.42856e-16
8929.33  9.45469e-16
8931.27  9.47723e-16
8933.2   9.49352e-16
8935.14  9.5015e-16
8937.07  9.49983e-16
8939.01  9.48804e-16
8940.94  9.46649e-16
8942.88  9.43635e-16
8944.81  9.39944e-16
8946.75  9.35806e-16
8948.68  9.31476e-16
8950.62  9.2721e-16
8952.55  9.23245e-16
8954.49  9.19779e-16
8956.42  9.16962e-16
8958.36  9.14886e-16
8960.3   9.13583e-16
8962.23  9.13027e-16
8964.17  9.13136e-16
8966.1   9.13784e-16
8968.04  9.14806e-16
8969.97  9.16015e-16
8971.91  9.17214e-16
8973.84  9.18214e-16
8975.78  9.18848e-16
8977.71  9.18987e-16
8979.65  9.18554e-16
8981.58  9.17527e-16
8983.52  9.15942e-16
8985.45  9.13886e-16
8987.39  9.11488e-16
8989.32  9.089e-16
8991.26  9.06282e-16
8993.19  9.03788e-16
8995.13  9.01543e-16
8997.06  8.99642e-16
8999     8.98133e-16
9000.93  8.97016e-16
9002.87  8.96246e-16
9004.8   8.95727e-16
9006.74  8.95329e-16
9008.67  8.9489e-16
9010.61  8.94232e-16
9012.54  8.93181e-16
9014.48  8.91583e-16
9016.41  8.89327e-16
9018.35  8.86359e-16
9020.28  8.82699e-16
9022.22  8.78445e-16
9024.16  8.73771e-16
9026.09  8.68917e-16
9028.03  8.64164e-16
9029.96  8.59816e-16
9031.9   8.56161e-16
9033.83  8.53449e-16
9035.77  8.5186e-16
9037.7   8.51481e-16
9039.64  8.52287e-16
9041.57  8.5414e-16
9043.51  8.56784e-16
9045.44  8.59864e-16
9047.38  8.62953e-16
9049.31  8.65589e-16
9051.25  8.67324e-16
9053.18  8.67774e-16
9055.12  8.66676e-16
9057.05  8.63919e-16
9058.99  8.59573e-16
9060.92  8.53883e-16
9062.86  8.4725e-16
9064.79  8.40174e-16
9066.73  8.33195e-16
9068.66  8.26819e-16
9070.6   8.21455e-16
9072.53  8.17364e-16
9074.47  8.14641e-16
9076.4   8.13213e-16
9078.34  8.12874e-16
9080.27  8.13327e-16
9082.21  8.1424e-16
9084.15  8.15295e-16
9086.08  8.1622e-16
9088.02  8.16806e-16
9089.95  8.16902e-16
9091.89  8.16395e-16
9093.82  8.15185e-16
9095.76  8.13166e-16
9097.69  8.1021e-16
9099.63  8.06185e-16
9101.56  8.00973e-16
9103.5   7.94521e-16
9105.43  7.86881e-16
9107.37  7.78253e-16
9109.3   7.69009e-16
9111.24  7.59686e-16
9113.17  7.50948e-16
9115.11  7.43521e-16
9117.04  7.38098e-16
9118.98  7.35244e-16
9120.91  7.35299e-16
9122.85  7.38314e-16
9124.78  7.4402e-16
9126.72  7.51846e-16
9128.65  7.60979e-16
9130.59  7.70469e-16
9132.52  7.79346e-16
9134.46  7.86757e-16
9136.39  7.92072e-16
9138.33  7.94972e-16
9140.26  7.95481e-16
9142.2   7.93953e-16
9144.14  7.91012e-16
9146.07  7.8745e-16
9148.01  7.84109e-16
9149.94  7.81754e-16
9151.88  7.80964e-16
9153.81  7.8206e-16
9155.75  7.85067e-16
9157.68  7.89727e-16
9159.62  7.95551e-16
9161.55  8.01905e-16
9163.49  8.08111e-16
9165.42  8.13549e-16
9167.36  8.1774e-16
9169.29  8.20402e-16
9171.23  8.21467e-16
9173.16  8.21071e-16
9175.1   8.19501e-16
9177.03  8.17128e-16
9178.97  8.14337e-16
9180.9   8.11459e-16
9182.84  8.08717e-16
9184.77  8.06209e-16
9186.71  8.03911e-16
9188.64  8.01705e-16
9190.58  7.99431e-16
9192.51  7.96944e-16
9194.45  7.94167e-16
9196.38  7.91132e-16
9198.32  7.8799e-16
9200.25  7.85008e-16
9202.19  7.82521e-16
9204.12  7.80885e-16
9206.06  7.80404e-16
9208     7.81269e-16
9209.93  7.83514e-16
9211.87  7.86984e-16
9213.8   7.91346e-16
9215.74  7.96118e-16
9217.67  8.00725e-16
9219.61  8.04569e-16
9221.54  8.0711e-16
9223.48  8.07933e-16
9225.41  8.06806e-16
9227.35  8.03719e-16
9229.28  7.9889e-16
9231.22  7.9275e-16
9233.15  7.85898e-16
9235.09  7.7903e-16
9237.02  7.72865e-16
9238.96  7.6805e-16
9240.89  7.65082e-16
9242.83  7.64237e-16
9244.76  7.65542e-16
9246.7   7.6876e-16
9248.63  7.73432e-16
9250.57  7.7894e-16
9252.5   7.84597e-16
9254.44  7.89748e-16
9256.37  7.93865e-16
9258.31  7.96623e-16
9260.24  7.97947e-16
9262.18  7.98011e-16
9264.11  7.97214e-16
9266.05  7.96107e-16
9267.99  7.9531e-16
9269.92  7.9541e-16
9271.86  7.96871e-16
9273.79  7.99962e-16
9275.73  8.04707e-16
9277.66  8.1088e-16
9279.6   8.18029e-16
9281.53  8.25528e-16
9283.47  8.32663e-16
9285.4   8.38717e-16
9287.34  8.4307e-16
9289.27  8.45278e-16
9291.21  8.45137e-16
9293.14  8.4271e-16
9295.08  8.3833e-16
9297.01  8.3256e-16
9298.95  8.26122e-16
9300.88  8.19812e-16
9302.82  8.14389e-16
9304.75  8.10477e-16
9306.69  8.08483e-16
9308.62  8.08543e-16
9310.56  8.10511e-16
9312.49  8.13989e-16
9314.43  8.18398e-16
9316.36  8.23074e-16
9318.3   8.27381e-16
9320.23  8.3081e-16
9322.17  8.33056e-16
9324.1   8.34061e-16
9326.04  8.34009e-16
9327.98  8.33271e-16
9329.91  8.32329e-16
9331.85  8.31671e-16
9333.78  8.31693e-16
9335.72  8.32618e-16
9337.65  8.34453e-16
9339.59  8.36991e-16
9341.52  8.39851e-16
9343.46  8.42557e-16
9345.39  8.44638e-16
9347.33  8.45727e-16
9349.26  8.45636e-16
9351.2   8.44401e-16
9353.13  8.42284e-16
9355.07  8.39725e-16
9357     8.37263e-16
9358.94  8.35436e-16
9360.87  8.3468e-16
9362.81  8.35243e-16
9364.74  8.37142e-16
9366.68  8.40157e-16
9368.61  8.43874e-16
9370.55  8.47762e-16
9372.48  8.51276e-16
9374.42  8.53956e-16
9376.35  8.55512e-16
9378.29  8.55877e-16
9380.22  8.55207e-16
9382.16  8.53856e-16
9384.09  8.52293e-16
9386.03  8.51012e-16
9387.97  8.50436e-16
9389.9   8.50828e-16
9391.84  8.5224e-16
9393.77  8.54502e-16
9395.71  8.57248e-16
9397.64  8.59984e-16
9399.58  8.6218e-16
9401.51  8.63371e-16
9403.45  8.63247e-16
9405.38  8.61715e-16
9407.32  8.58931e-16
9409.25  8.55282e-16
9411.19  8.51324e-16
9413.12  8.47701e-16
9415.06  8.45034e-16
9416.99  8.43821e-16
9418.93  8.44345e-16
9420.86  8.46628e-16
9422.8   8.50409e-16
9424.73  8.55182e-16
9426.67  8.60259e-16
9428.6   8.64871e-16
9430.54  8.68269e-16
9432.47  8.69833e-16
9434.41  8.69155e-16
9436.34  8.66091e-16
9438.28  8.60781e-16
9440.21  8.53623e-16
9442.15  8.45222e-16
9444.08  8.36309e-16
9446.02  8.27647e-16
9447.95  8.19942e-16
9449.89  8.13764e-16
9451.83  8.09491e-16
9453.76  8.07276e-16
9455.7   8.0706e-16
9457.63  8.08592e-16
9459.57  8.1149e-16
9461.5   8.15296e-16
9463.44  8.19541e-16
9465.37  8.23797e-16
9467.31  8.27712e-16
9469.24  8.31025e-16
9471.18  8.33561e-16
9473.11  8.35216e-16
9475.05  8.35936e-16
9476.98  8.35695e-16
9478.92  8.3449e-16
9480.85  8.3234e-16
9482.79  8.29301e-16
9484.72  8.25485e-16
9486.66  8.21078e-16
9488.59  8.1635e-16
9490.53  8.11646e-16
9492.46  8.07363e-16
9494.4   8.03908e-16
9496.33  8.01647e-16
9498.27  8.0085e-16
9500.2   8.01646e-16
9502.14  8.03994e-16
9504.07  8.07677e-16
9506.01  8.1232e-16
9507.94  8.17436e-16
9509.88  8.22478e-16
9511.82  8.26912e-16
9513.75  8.30274e-16
9515.69  8.32225e-16
9517.62  8.32584e-16
9519.56  8.3134e-16
9521.49  8.28641e-16
9523.43  8.24766e-16
9525.36  8.2008e-16
9527.3   8.14987e-16
9529.23  8.09884e-16
9531.17  8.05114e-16
9533.1   8.00944e-16
9535.04  7.97547e-16
9536.97  7.94998e-16
9538.91  7.93288e-16
9540.84  7.92334e-16
9542.78  7.92005e-16
9544.71  7.92141e-16
9546.65  7.92573e-16
9548.58  7.93136e-16
9550.52  7.93687e-16
9552.45  7.94107e-16
9554.39  7.94309e-16
9556.32  7.94235e-16
9558.26  7.93855e-16
9560.19  7.93163e-16
9562.13  7.92168e-16
9564.06  7.90892e-16
9566     7.89363e-16
9567.93  7.87613e-16
9569.87  7.85679e-16
9571.81  7.83606e-16
9573.74  7.81449e-16
9575.68  7.79278e-16
9577.61  7.77175e-16
9579.55  7.75234e-16
9581.48  7.73551e-16
9583.42  7.72212e-16
9585.35  7.71283e-16
9587.29  7.70795e-16
9589.22  7.70733e-16
9591.16  7.71034e-16
9593.09  7.71588e-16
9595.03  7.72247e-16
9596.96  7.72838e-16
9598.9   7.73192e-16
9600.83  7.73158e-16
9602.77  7.72634e-16
9604.7   7.71581e-16
9606.64  7.70039e-16
9608.57  7.68129e-16
9610.51  7.66045e-16
9612.44  7.64035e-16
9614.38  7.62378e-16
9616.31  7.61347e-16
9618.25  7.61172e-16
9620.18  7.62013e-16
9622.12  7.63931e-16
9624.05  7.66877e-16
9625.99  7.70691e-16
9627.92  7.75122e-16
9629.86  7.7985e-16
9631.79  7.84526e-16
9633.73  7.88809e-16
9635.67  7.92403e-16
9637.6   7.95087e-16
9639.54  7.96739e-16
9641.47  7.9734e-16
9643.41  7.96976e-16
9645.34  7.95819e-16
9647.28  7.94115e-16
9649.21  7.92152e-16
9651.15  7.90232e-16
9653.08  7.88646e-16
9655.02  7.87645e-16
9656.95  7.87411e-16
9658.89  7.88042e-16
9660.82  7.89529e-16
9662.76  7.9175e-16
9664.69  7.94466e-16
9666.63  7.97338e-16
9668.56  7.99945e-16
9670.5   8.01827e-16
9672.43  8.02537e-16
9674.37  8.01697e-16
9676.3   7.99062e-16
9678.24  7.94569e-16
9680.17  7.88375e-16
9682.11  7.80867e-16
9684.04  7.72636e-16
9685.98  7.64425e-16
9687.91  7.57042e-16
9689.85  7.51261e-16
9691.78  7.47713e-16
9693.72  7.4679e-16
9695.66  7.48586e-16
9697.59  7.52866e-16
9699.53  7.59092e-16
9701.46  7.66498e-16
9703.4   7.74192e-16
9705.33  7.8129e-16
9707.27  7.8705e-16
9709.2   7.90975e-16
9711.14  7.92893e-16
9713.07  7.9297e-16
9715.01  7.91677e-16
9716.94  7.89698e-16
9718.88  7.87811e-16
9720.81  7.8675e-16
9722.75  7.87075e-16
9724.68  7.89072e-16
9726.62  7.92709e-16
9728.55  7.9764e-16
9730.49  8.03262e-16
9732.42  8.08826e-16
9734.36  8.13559e-16
9736.29  8.16794e-16
9738.23  8.18086e-16
9740.16  8.17277e-16
9742.1   8.1452e-16
9744.03  8.10257e-16
9745.97  8.05139e-16
9747.9   7.9993e-16
9749.84  7.95385e-16
9751.77  7.9215e-16
9753.71  7.90669e-16
9755.65  7.91138e-16
9757.58  7.93488e-16
9759.52  7.9742e-16
9761.45  8.02452e-16
9763.39  8.08004e-16
9765.32  8.13474e-16
9767.26  8.18323e-16
9769.19  8.22136e-16
9771.13  8.2467e-16
9773.06  8.25866e-16
9775     8.25854e-16
9776.93  8.24916e-16
9778.87  8.23449e-16
9780.8   8.21909e-16
9782.74  8.20747e-16
9784.67  8.20357e-16
9786.61  8.21026e-16
9788.54  8.22901e-16
9790.48  8.2598e-16
9792.41  8.30116e-16
9794.35  8.35043e-16
9796.28  8.40421e-16
9798.22  8.45883e-16
9800.15  8.51086e-16
9802.09  8.55754e-16
9804.02  8.59703e-16
9805.96  8.62855e-16
9807.89  8.65228e-16
9809.83  8.66917e-16
9811.76  8.68061e-16
9813.7   8.68814e-16
9815.63  8.69314e-16
9817.57  8.69669e-16
9819.51  8.69949e-16
9821.44  8.70188e-16
9823.38  8.70396e-16
9825.31  8.7057e-16
9827.25  8.70705e-16
9829.18  8.70799e-16
9831.12  8.70858e-16
9833.05  8.7089e-16
9834.99  8.70904e-16
9836.92  8.7091e-16
9838.86  8.70912e-16
9840.79  8.70912e-16
9842.73  8.70912e-16
9844.66  8.70912e-16