3037.94  7.67453e-15
3040.53  7.63343e-15
3043.12  7.42329e-15
3045.71  7.06742e-15
3048.3   6.60845e-15
3050.89  6.1008e-15
3053.48  5.60092e-15
3056.07  5.15737e-15
3058.65  4.80263e-15
3061.24  4.54832e-15
3063.83  4.38473e-15
3066.42  4.28463e-15
3069.01  4.2105e-15
3071.6   4.12338e-15
3074.19  3.99158e-15
3076.78  3.79723e-15
3079.37  3.53946e-15
3081.96  3.23371e-15
3084.55  2.90749e-15
3087.14  2.59378e-15
3089.72  2.32356e-15
3092.31  2.11922e-15
3094.9   1.99015e-15
3097.49  1.93136e-15
3100.08  1.9252e-15
3102.67  1.94562e-15
3105.26  1.96392e-15
3107.85  1.95469e-15
3110.44  1.90066e-15
3113.03  1.79562e-15
3115.62  1.64488e-15
3118.21  1.46351e-15
3120.79  1.27269e-15
3123.38  1.09524e-15
3125.97  9.51173e-16
3128.56  8.54086e-16
3131.15  8.09177e-16
3133.74  8.12971e-16
3136.33  8.54766e-16
3138.92  9.19357e-16
3141.51  9.90419e-16
3144.1   1.05386e-15
3146.69  1.1005e-15
3149.28  1.12758e-15
3151.86  1.13891e-15
3154.45  1.14369e-15
3157.04  1.15424e-15
3159.63  1.18327e-15
3162.22  1.24108e-15
3164.81  1.33329e-15
3167.4   1.45965e-15
3169.99  1.6138e-15
3172.58  1.78436e-15
3175.17  1.95676e-15
3177.76  2.11568e-15
3180.35  2.24748e-15
3182.94  2.34226e-15
3185.52  2.39523e-15
3188.11  2.40709e-15
3190.7   2.38358e-15
3193.29  2.33423e-15
3195.88  2.27056e-15
3198.47  2.20421e-15
3201.06  2.14521e-15
3203.65  2.10062e-15
3206.24  2.07396e-15
3208.83  2.06508e-15
3211.42  2.07079e-15
3214.01  2.08585e-15
3216.59  2.10411e-15
3219.18  2.11969e-15
3221.77  2.12787e-15
3224.36  2.12561e-15
3226.95  2.1117e-15
3229.54  2.08651e-15
3232.13  2.05148e-15
3234.72  2.00853e-15
3237.31  1.95948e-15
3239.9   1.90569e-15
3242.49  1.84788e-15
3245.08  1.78632e-15
3247.66  1.72106e-15
3250.25  1.65244e-15
3252.84  1.58141e-15
3255.43  1.50978e-15
3258.02  1.44024e-15
3260.61  1.37605e-15
3263.2   1.32062e-15
3265.79  1.27688e-15
3268.38  1.24672e-15
3270.97  1.23052e-15
3273.56  1.22703e-15
3276.15  1.2334e-15
3278.73  1.24568e-15
3281.32  1.2594e-15
3283.91  1.27035e-15
3286.5   1.27527e-15
3289.09  1.27237e-15
3291.68  1.2616e-15
3294.27  1.24456e-15
3296.86  1.22415e-15
3299.45  1.20397e-15
3302.04  1.18761e-15
3304.63  1.178e-15
3307.22  1.17689e-15
3309.8   1.18462e-15
3312.39  1.20011e-15
3314.98  1.22117e-15
3317.57  1.24502e-15
3320.16  1.26878e-15
3322.75  1.29011e-15
3325.34  1.30755e-15
3327.93  1.32073e-15
3330.52  1.33034e-15
3333.11  1.33784e-15
3335.7   1.3451e-15
3338.29  1.35387e-15
3340.87  1.36539e-15
3343.46  1.38011e-15
3346.05  1.39753e-15
3348.64  1.41636e-15
3351.23  1.43478e-15
3353.82  1.4508e-15
3356.41  1.4627e-15
3359     1.46942e-15
3361.59  1.47072e-15
3364.18  1.46732e-15
3366.77  1.4607e-15
3369.36  1.45289e-15
3371.94  1.44604e-15
3374.53  1.44206e-15
3377.12  1.44227e-15
3379.71  1.44723e-15
3382.3   1.45661e-15
3384.89  1.46935e-15
3387.48  1.48386e-15
3390.07  1.49835e-15
3392.66  1.51115e-15
3395.25  1.52097e-15
3397.84  1.52705e-15
3400.43  1.52927e-15
3403.02  1.52795e-15
3405.6   1.5238e-15
3408.19  1.51759e-15
3410.78  1.50998e-15
3413.37  1.5014e-15
3415.96  1.492e-15
3418.55  1.48168e-15
3421.14  1.47031e-15
3423.73  1.45793e-15
3426.32  1.44489e-15
3428.91  1.43205e-15
3431.5   1.42074e-15
3434.09  1.41265e-15
3436.67  1.40961e-15
3439.26  1.41327e-15
3441.85  1.42472e-15
3444.44  1.44431e-15
3447.03  1.4714e-15
3449.62  1.50438e-15
3452.21  1.54086e-15
3454.8   1.57794e-15
3457.39  1.61261e-15
3459.98  1.64218e-15
3462.57  1.6646e-15
3465.16  1.67875e-15
3467.74  1.68451e-15
3470.33  1.68269e-15
3472.92  1.67484e-15
3475.51  1.66295e-15
3478.1   1.64909e-15
3480.69  1.63518e-15
3483.28  1.62276e-15
3485.87  1.61286e-15
3488.46  1.60606e-15
3491.05  1.60255e-15
3493.64  1.60229e-15
3496.23  1.60518e-15
3498.81  1.61115e-15
3501.4   1.62019e-15
3503.99  1.63238e-15
3506.58  1.64772e-15
3509.17  1.66607e-15
3511.76  1.687e-15
3514.35  1.7097e-15
3516.94  1.73299e-15
3519.53  1.75539e-15
3522.12  1.77529e-15
3524.71  1.79116e-15
3527.3   1.80184e-15
3529.88  1.80671e-15
3532.47  1.80593e-15
3535.06  1.80044e-15
3537.65  1.79196e-15
3540.24  1.7828e-15
3542.83  1.77558e-15
3545.42  1.77291e-15
3548.01  1.77702e-15
3550.6   1.78948e-15
3553.19  1.81094e-15
3555.78  1.84105e-15
3558.37  1.8785e-15
3560.95  1.92121e-15
3563.54  1.96664e-15
3566.13  2.01211e-15
3568.72  2.05523e-15
3571.31  2.09416e-15
3573.9   2.1279e-15
3576.49  2.15632e-15
3579.08  2.18016e-15
3581.67  2.20078e-15
3584.26  2.21991e-15
3586.85  2.23928e-15
3589.44  2.2603e-15
3592.02  2.28382e-15
3594.61  2.30991e-15
3597.2   2.33792e-15
3599.79  2.36648e-15
3602.38  2.39384e-15
3604.97  2.41805e-15
3607.56  2.43732e-15
3610.15  2.4503e-15
3612.74  2.45629e-15
3615.33  2.45534e-15
3617.92  2.44826e-15
3620.51  2.43654e-15
3623.09  2.42212e-15
3625.68  2.40718e-15
3628.27  2.39389e-15
3630.86  2.38408e-15
3633.45  2.37912e-15
3636.04  2.37968e-15
3638.63  2.38572e-15
3641.22  2.39648e-15
3643.81  2.41061e-15
3646.4   2.4263e-15
3648.99  2.44152e-15
3651.58  2.45429e-15
3654.17  2.46289e-15
3656.75  2.46607e-15
3659.34  2.46322e-15
3661.93  2.45443e-15
3664.52  2.44052e-15
3667.11  2.42296e-15
3669.7   2.40378e-15
3672.29  2.38536e-15
3674.88  2.37034e-15
3677.47  2.36135e-15
3680.06  2.36091e-15
3682.65  2.37123e-15
3685.24  2.39416e-15
3687.82  2.431e-15
3690.41  2.48249e-15
3693     2.54867e-15
3695.59  2.62888e-15
3698.18  2.72166e-15
3700.77  2.82474e-15
3703.36  2.93508e-15
3705.95  3.04892e-15
3708.54  3.16192e-15
3711.13  3.26936e-15
3713.72  3.3664e-15
3716.31  3.44846e-15
3718.89  3.51152e-15
3721.48  3.5525e-15
3724.07  3.56954e-15
3726.66  3.56227e-15
3729.25  3.5318e-15
3731.84  3.48075e-15
3734.43  3.41295e-15
3737.02  3.33314e-15
3739.61  3.24644e-15
3742.2   3.15788e-15
3744.79  3.07191e-15
3747.38  2.99197e-15
3749.96  2.92026e-15
3752.55  2.8577e-15
3755.14  2.80404e-15
3757.73  2.75822e-15
3760.32  2.71879e-15
3762.91  2.68448e-15
3765.5   2.6546e-15
3768.09  2.62946e-15
3770.68  2.61045e-15
3773.27  2.60003e-15
3775.86  2.60138e-15
3778.45  2.61789e-15
3781.03  2.65252e-15
3783.62  2.7072e-15
3786.21  2.78227e-15
3788.8   2.87608e-15
3791.39  2.98497e-15
3793.98  3.10339e-15
3796.57  3.2244e-15
3799.16  3.34034e-15
3801.75  3.4436e-15
3804.34  3.52741e-15
3806.93  3.58648e-15
3809.52  3.6175e-15
3812.1   3.61934e-15
3814.69  3.59292e-15
3817.28  3.54099e-15
3819.87  3.46756e-15
3822.46  3.37741e-15
3825.05  3.2755e-15
3827.64  3.16655e-15
3830.23  3.05475e-15
3832.82  2.94366e-15
3835.41  2.83627e-15
3838     2.73514e-15
3840.59  2.64259e-15
3843.17  2.56086e-15
3845.76  2.49216e-15
3848.35  2.43858e-15
3850.94  2.40196e-15
3853.53  2.38352e-15
3856.12  2.38364e-15
3858.71  2.40162e-15
3861.3   2.43554e-15
3863.89  2.4824e-15
3866.48  2.53838e-15
3869.07  2.59928e-15
3871.66  2.66109e-15
3874.24  2.72054e-15
3876.83  2.77555e-15
3879.42  2.82555e-15
3882.01  2.87145e-15
3884.6   2.91544e-15
3887.19  2.96051e-15
3889.78  3.00979e-15
3892.37  3.06593e-15
3894.96  3.13047e-15
3897.55  3.2035e-15
3900.14  3.28351e-15
3902.73  3.36761e-15
3905.32  3.452e-15
3907.9   3.53264e-15
3910.49  3.60591e-15
3913.08  3.66928e-15
3915.67  3.72172e-15
3918.26  3.76384e-15
3920.85  3.79763e-15
3923.44  3.82606e-15
3926.03  3.85233e-15
3928.62  3.87923e-15
3931.21  3.90847e-15
3933.8   3.94031e-15
3936.39  3.9735e-15
3938.97  4.00553e-15
3941.56  4.03313e-15
3944.15  4.05304e-15
3946.74  4.0627e-15
3949.33  4.06089e-15
3951.92  4.04807e-15
3954.51  4.02645e-15
3957.1   3.99969e-15
3959.69  3.97238e-15
3962.28  3.94926e-15
3964.87  3.93445e-15
3967.46  3.93086e-15
3970.04  3.93964e-15
3972.63  3.96015e-15
3975.22  3.99001e-15
3977.81  4.02564e-15
3980.4   4.06278e-15
3982.99  4.09721e-15
3985.58  4.12535e-15
3988.17  4.14475e-15
3990.76  4.15428e-15
3993.35  4.15411e-15
3995.94  4.14551e-15
3998.53  4.13038e-15
4001.11  4.11077e-15
4003.7   4.08841e-15
4006.29  4.0643e-15
4008.88  4.03852e-15
4011.47  4.01017e-15
4014.06  3.97756e-15
4016.65  3.93853e-15
4019.24  3.89086e-15
4021.83  3.83273e-15
4024.42  3.76308e-15
4027.01  3.68197e-15
4029.6   3.59067e-15
4032.18  3.49164e-15
4034.77  3.38837e-15
4037.36  3.28504e-15
4039.95  3.18609e-15
4042.54  3.09581e-15
4045.13  3.01784e-15
4047.72  2.95487e-15
4050.31  2.90836e-15
4052.9   2.87846e-15
4055.49  2.86404e-15
4058.08  2.86287e-15
4060.67  2.87199e-15
4063.25  2.88803e-15
4065.84  2.90763e-15
4068.43  2.92789e-15
4071.02  2.94662e-15
4073.61  2.96256e-15
4076.2   2.97549e-15
4078.79  2.98614e-15
4081.38  2.99604e-15
4083.97  3.00722e-15
4086.56  3.02189e-15
4089.15  3.04212e-15
4091.74  3.06956e-15
4094.32  3.1052e-15
4096.91  3.14929e-15
4099.5   3.20128e-15
4102.09  3.25993e-15
4104.68  3.32345e-15
4107.27  3.38969e-15
4109.86  3.45631e-15
4112.45  3.52101e-15
4115.04  3.58161e-15
4117.63  3.63615e-15
4120.22  3.68293e-15
4122.81  3.72056e-15
4125.4   3.74789e-15
4127.98  3.76408e-15
4130.57  3.76856e-15
4133.16  3.76113e-15
4135.75  3.74193e-15
4138.34  3.71153e-15
4140.93  3.67097e-15
4143.52  3.62173e-15
4146.11  3.56573e-15
4148.7   3.50521e-15
4151.29  3.44263e-15
4153.88  3.38053e-15
4156.47  3.32133e-15
4159.05  3.26714e-15
4161.64  3.21969e-15
4164.23  3.18013e-15
4166.82  3.149e-15
4169.41  3.12625e-15
4172     3.11127e-15
4174.59  3.10303e-15
4177.18  3.10021e-15
4179.77  3.1014e-15
4182.36  3.10531e-15
4184.95  3.11091e-15
4187.54  3.11754e-15
4190.12  3.12504e-15
4192.71  3.13371e-15
4195.3   3.14427e-15
4197.89  3.15773e-15
4200.48  3.17529e-15
4203.07  3.19811e-15
4205.66  3.2272e-15
4208.25  3.26323e-15
4210.84  3.3065e-15
4213.43  3.35679e-15
4216.02  3.41343e-15
4218.61  3.47531e-15
4221.19  3.54091e-15
4223.78  3.60842e-15
4226.37  3.67582e-15
4228.96  3.74098e-15
4231.55  3.80177e-15
4234.14  3.85614e-15
4236.73  3.90226e-15
4239.32  3.93855e-15
4241.91  3.96384e-15
4244.5   3.9774e-15
4247.09  3.97904e-15
4249.68  3.96911e-15
4252.26  3.9485e-15
4254.85  3.91861e-15
4257.44  3.88124e-15
4260.03  3.83844e-15
4262.62  3.79242e-15
4265.21  3.74534e-15
4267.8   3.69917e-15
4270.39  3.65559e-15
4272.98  3.61589e-15
4275.57  3.58095e-15
4278.16  3.55122e-15
4280.75  3.5268e-15
4283.33  3.50748e-15
4285.92  3.49279e-15
4288.51  3.48214e-15
4291.1   3.47481e-15
4293.69  3.47005e-15
4296.28  3.46712e-15
4298.87  3.46531e-15
4301.46  3.46402e-15
4304.05  3.46273e-15
4306.64  3.46109e-15
4309.23  3.45894e-15
4311.82  3.45631e-15
4314.4   3.45342e-15
4316.99  3.45067e-15
4319.58  3.44853e-15
4322.17  3.4475e-15
4324.76  3.44797e-15
4327.35  3.45017e-15
4329.94  3.45406e-15
4332.53  3.4593e-15
4335.12  3.46529e-15
4337.71  3.47119e-15
4340.3   3.47605e-15
4342.89  3.4789e-15
4345.47  3.47894e-15
4348.06  3.47562e-15
4350.65  3.46872e-15
4353.24  3.45835e-15
4355.83  3.44497e-15
4358.42  3.42925e-15
4361.01  3.41196e-15
4363.6   3.39384e-15
4366.19  3.37549e-15
4368.78  3.35726e-15
4371.37  3.33921e-15
4373.96  3.32114e-15
4376.55  3.30262e-15
4379.13  3.28315e-15
4381.72  3.26215e-15
4384.31  3.23917e-15
4386.9   3.21385e-15
4389.49  3.18603e-15
4392.08  3.15566e-15
4394.67  3.12284e-15
4397.26  3.08772e-15
4399.85  3.05048e-15
4402.44  3.01131e-15
4405.03  2.97042e-15
4407.62  2.92806e-15
4410.2   2.88458e-15
4412.79  2.84048e-15
4415.38  2.79641e-15
4417.97  2.75319e-15
4420.56  2.71179e-15
4423.15  2.67323e-15
4425.74  2.63851e-15
4428.33  2.60846e-15
4430.92  2.5837e-15
4433.51  2.5645e-15
4436.1   2.55081e-15
4438.69  2.54217e-15
4441.27  2.53786e-15
4443.86  2.5369e-15
4446.45  2.53817e-15
4449.04  2.54055e-15
4451.63  2.543e-15
4454.22  2.54464e-15
4456.81  2.54485e-15
4459.4   2.54325e-15
4461.99  2.53975e-15
4464.58  2.53452e-15
4467.17  2.52794e-15
4469.76  2.52062e-15
4472.34  2.51331e-15
4474.93  2.50692e-15
4477.52  2.50248e-15
4480.11  2.50108e-15
4482.7   2.50393e-15
4485.29  2.51222e-15
4487.88  2.52712e-15
4490.47  2.54965e-15
4493.06  2.5806e-15
4495.65  2.6204e-15
4498.24  2.66898e-15
4500.83  2.72575e-15
4503.41  2.78949e-15
4506     2.85846e-15
4508.59  2.9304e-15
4511.18  3.00279e-15
4513.77  3.07301e-15
4516.36  3.13861e-15
4518.95  3.19757e-15
4521.54  3.24848e-15
4524.13  3.29072e-15
4526.72  3.32452e-15
4529.31  3.35091e-15
4531.9   3.37165e-15
4534.48  3.38894e-15
4537.07  3.40525e-15
4539.66  3.42303e-15
4542.25  3.44442e-15
4544.84  3.4711e-15
4547.43  3.50414e-15
4550.02  3.54396e-15
4552.61  3.59039e-15
4555.2   3.64277e-15
4557.79  3.70017e-15
4560.38  3.76151e-15
4562.97  3.8258e-15
4565.55  3.89229e-15
4568.14  3.96054e-15
4570.73  4.03046e-15
4573.32  4.10229e-15
4575.91  4.17652e-15
4578.5   4.25375e-15
4581.09  4.33456e-15
4583.68  4.4194e-15
4586.27  4.50846e-15
4588.86  4.60161e-15
4591.45  4.69834e-15
4594.04  4.79781e-15
4596.63  4.89886e-15
4599.21  5.00008e-15
4601.8   5.09994e-15
4604.39  5.19681e-15
4606.98  5.28909e-15
4609.57  5.37529e-15
4612.16  5.45402e-15
4614.75  5.52412e-15
4617.34  5.58459e-15
4619.93  5.63469e-15
4622.52  5.67391e-15
4625.11  5.70197e-15
4627.7   5.7189e-15
4630.28  5.725e-15
4632.87  5.7209e-15
4635.46  5.70751e-15
4638.05  5.68605e-15
4640.64  5.65795e-15
4643.23  5.62477e-15
4645.82  5.58811e-15
4648.41  5.54949e-15
4651     5.51017e-15
4653.59  5.47106e-15
4656.18  5.43267e-15
4658.77  5.39506e-15
4661.35  5.35783e-15
4663.94  5.32028e-15
4666.53  5.28151e-15
4669.12  5.24058e-15
4671.71  5.19669e-15
4674.3   5.14934e-15
4676.89  5.09837e-15
4679.48  5.04407e-15
4682.07  4.98703e-15
4684.66  4.92813e-15
4687.25  4.8683e-15
4689.84  4.80836e-15
4692.42  4.74883e-15
4695.01  4.68982e-15
4697.6   4.63092e-15
4700.19  4.57121e-15
4702.78  4.50939e-15
4705.37  4.44392e-15
4707.96  4.37326e-15
4710.55  4.29607e-15
4713.14  4.21152e-15
4715.73  4.11938e-15
4718.32  4.02023e-15
4720.91  3.91539e-15
4723.49  3.80691e-15
4726.08  3.69741e-15
4728.67  3.5898e-15
4731.26  3.48706e-15
4733.85  3.39194e-15
4736.44  3.30672e-15
4739.03  3.23303e-15
4741.62  3.17173e-15
4744.21  3.12289e-15
4746.8   3.08587e-15
4749.39  3.05944e-15
4751.98  3.04198e-15
4754.56  3.03173e-15
4757.15  3.02695e-15
4759.74  3.02615e-15
4762.33  3.0282e-15
4764.92  3.0324e-15
4767.51  3.03851e-15
4770.1   3.04663e-15
4772.69  3.05718e-15
4775.28  3.07064e-15
4777.87  3.0875e-15
4780.46  3.10803e-15
4783.05  3.13217e-15
4785.63  3.15949e-15
4788.22  3.18912e-15
4790.81  3.21977e-15
4793.4   3.24987e-15
4795.99  3.27765e-15
4798.58  3.30134e-15
4801.17  3.31932e-15
4803.76  3.33036e-15
4806.35  3.33366e-15
4808.94  3.32907e-15
4811.53  3.31706e-15
4814.12  3.29873e-15
4816.7   3.27571e-15
4819.29  3.25009e-15
4821.88  3.22418e-15
4824.47  3.20036e-15
4827.06  3.18089e-15
4829.65  3.1677e-15
4832.24  3.16228e-15
4834.83  3.16555e-15
4837.42  3.17785e-15
4840.01  3.1989e-15
4842.6   3.22789e-15
4845.19  3.26357e-15
4847.78  3.30435e-15
4850.36  3.34851e-15
4852.95  3.39427e-15
4855.54  3.44001e-15
4858.13  3.48431e-15
4860.72  3.52611e-15
4863.31  3.56467e-15
4865.9   3.59964e-15
4868.49  3.63098e-15
4871.08  3.6589e-15
4873.67  3.6837e-15
4876.26  3.70572e-15
4878.85  3.72512e-15
4881.43  3.74187e-15
4884.02  3.75558e-15
4886.61  3.76556e-15
4889.2   3.77081e-15
4891.79  3.77013e-15
4894.38  3.76227e-15
4896.97  3.74611e-15
4899.56  3.72084e-15
4902.15  3.68613e-15
4904.74  3.64231e-15
4907.33  3.59036e-15
4909.92  3.53197e-15
4912.5   3.46938e-15
4915.09  3.40526e-15
4917.68  3.34249e-15
4920.27  3.28391e-15
4922.86  3.23209e-15
4925.45  3.1892e-15
4928.04  3.15683e-15
4930.63  3.13597e-15
4933.22  3.12706e-15
4935.81  3.13004e-15
4938.4   3.14452e-15
4940.99  3.1699e-15
4943.57  3.2055e-15
4946.16  3.25064e-15
4948.75  3.30468e-15
4951.34  3.36699e-15
4953.93  3.43687e-15
4956.52  3.51346e-15
4959.11  3.59561e-15
4961.7   3.68177e-15
4964.29  3.76998e-15
4966.88  3.85787e-15
4969.47  3.94271e-15
4972.06  4.02159e-15
4974.64  4.0916e-15
4977.23  4.15005e-15
4979.82  4.19466e-15
4982.41  4.22378e-15
4985     4.23647e-15
4987.59  4.23261e-15
4990.18  4.21282e-15
4992.77  4.17842e-15
4995.36  4.13128e-15
4997.95  4.07368e-15
5000.54  4.00811e-15
5003.13  3.9371e-15
5005.71  3.86309e-15
5008.3   3.78831e-15
5010.89  3.71466e-15
5013.48  3.64369e-15
5016.07  3.57653e-15
5018.66  3.51393e-15
5021.25  3.45618e-15
5023.84  3.40323e-15
5026.43  3.35466e-15
5029.02  3.30978e-15
5031.61  3.2677e-15
5034.2   3.22744e-15
5036.78  3.18802e-15
5039.37  3.14859e-15
5041.96  3.10852e-15
5044.55  3.06751e-15
5047.14  3.02559e-15
5049.73  2.98316e-15
5052.32  2.94092e-15
5054.91  2.8998e-15
5057.5   2.86085e-15
5060.09  2.82509e-15
5062.68  2.79343e-15
5065.27  2.76655e-15
5067.86  2.74484e-15
5070.44  2.72843e-15
5073.03  2.7172e-15
5075.62  2.71086e-15
5078.21  2.70901e-15
5080.8   2.71129e-15
5083.39  2.71735e-15
5085.98  2.72698e-15
5088.57  2.74004e-15
5091.16  2.75641e-15
5093.75  2.77599e-15
5096.34  2.79854e-15
5098.93  2.82366e-15
5101.51  2.85074e-15
5104.1   2.87894e-15
5106.69  2.90724e-15
5109.28  2.93454e-15
5111.87  2.95974e-15
5114.46  2.98186e-15
5117.05  3.00022e-15
5119.64  3.01445e-15
5122.23  3.02461e-15
5124.82  3.03113e-15
5127.41  3.03478e-15
5130     3.03656e-15
5132.58  3.03756e-15
5135.17  3.03878e-15
5137.76  3.04103e-15
5140.35  3.04476e-15
5142.94  3.05005e-15
5145.53  3.05656e-15
5148.12  3.0636e-15
5150.71  3.07025e-15
5153.3   3.0755e-15
5155.89  3.07842e-15
5158.48  3.07831e-15
5161.07  3.07489e-15
5163.65  3.06829e-15
5166.24  3.05915e-15
5168.83  3.04853e-15
5171.42  3.0378e-15
5174.01  3.02846e-15
5176.6   3.02198e-15
5179.19  3.01956e-15
5181.78  3.02201e-15
5184.37  3.02965e-15
5186.96  3.04222e-15
5189.55  3.05902e-15
5192.14  3.07894e-15
5194.72  3.1007e-15
5197.31  3.12305e-15
5199.9   3.14496e-15
5202.49  3.1658e-15
5205.08  3.18548e-15
5207.67  3.20442e-15
5210.26  3.22356e-15
5212.85  3.24418e-15
5215.44  3.2677e-15
5218.03  3.2955e-15
5220.62  3.32863e-15
5223.21  3.36768e-15
5225.79  3.41266e-15
5228.38  3.46296e-15
5230.97  3.51741e-15
5233.56  3.57447e-15
5236.15  3.63241e-15
5238.74  3.68954e-15
5241.33  3.74444e-15
5243.92  3.79617e-15
5246.51  3.84428e-15
5249.1   3.88889e-15
5251.69  3.93059e-15
5254.28  3.97027e-15
5256.86  4.00893e-15
5259.45  4.04746e-15
5262.04  4.08647e-15
5264.63  4.12617e-15
5267.22  4.1663e-15
5269.81  4.20621e-15
5272.4   4.24493e-15
5274.99  4.28132e-15
5277.58  4.31431e-15
5280.17  4.34298e-15
5282.76  4.36672e-15
5285.35  4.3853e-15
5287.93  4.39881e-15
5290.52  4.40766e-15
5293.11  4.41238e-15
5295.7   4.41357e-15
5298.29  4.41177e-15
5300.88  4.40737e-15
5303.47  4.40056e-15
5306.06  4.39143e-15
5308.65  4.37996e-15
5311.24  4.36613e-15
5313.83  4.35003e-15
5316.42  4.33188e-15
5319.01  4.31208e-15
5321.59  4.29119e-15
5324.18  4.26988e-15
5326.77  4.24878e-15
5329.36  4.22844e-15
5331.95  4.20921e-15
5334.54  4.19123e-15
5337.13  4.17434e-15
5339.72  4.1582e-15
5342.31  4.14231e-15
5344.9   4.12616e-15
5347.49  4.10926e-15
5350.08  4.09131e-15
5352.66  4.07217e-15
5355.25  4.05194e-15
5357.84  4.0309e-15
5360.43  4.00944e-15
5363.02  3.98799e-15
5365.61  3.96694e-15
5368.2   3.94658e-15
5370.79  3.92704e-15
5373.38  3.90832e-15
5375.97  3.89027e-15
5378.56  3.87271e-15
5381.15  3.85541e-15
5383.73  3.83821e-15
5386.32  3.82101e-15
5388.91  3.80383e-15
5391.5   3.78678e-15
5394.09  3.77007e-15
5396.68  3.75396e-15
5399.27  3.73876e-15
5401.86  3.72482e-15
5404.45  3.7125e-15
5407.04  3.70217e-15
5409.63  3.69427e-15
5412.22  3.68922e-15
5414.8   3.68747e-15
5417.39  3.68945e-15
5419.98  3.6955e-15
5422.57  3.70579e-15
5425.16  3.72032e-15
5427.75  3.73879e-15
5430.34  3.76063e-15
5432.93  3.78495e-15
5435.52  3.81065e-15
5438.11  3.83643e-15
5440.7   3.86093e-15
5443.29  3.88285e-15
5445.87  3.90106e-15
5448.46  3.91471e-15
5451.05  3.92329e-15
5453.64  3.92669e-15
5456.23  3.92513e-15
5458.82  3.91917e-15
5461.41  3.90958e-15
5464     3.89723e-15
5466.59  3.88304e-15
5469.18  3.8678e-15
5471.77  3.85217e-15
5474.36  3.83657e-15
5476.94  3.82124e-15
5479.53  3.80619e-15
5482.12  3.79128e-15
5484.71  3.77631e-15
5487.3   3.76102e-15
5489.89  3.74518e-15
5492.48  3.72865e-15
5495.07  3.71136e-15
5497.66  3.69336e-15
5500.25  3.67477e-15
5502.84  3.65575e-15
5505.43  3.6365e-15
5508.01  3.61719e-15
5510.6   3.59795e-15
5513.19  3.57887e-15
5515.78  3.55999e-15
5518.37  3.54129e-15
5520.96  3.52276e-15
5523.55  3.50439e-15
5526.14  3.48619e-15
5528.73  3.46822e-15
5531.32  3.45057e-15
5533.91  3.43339e-15
5536.5   3.41681e-15
5539.09  3.40098e-15
5541.67  3.38601e-15
5544.26  3.37196e-15
5546.85  3.35885e-15
5549.44  3.34663e-15
5552.03  3.33523e-15
5554.62  3.32458e-15
5557.21  3.31461e-15
5559.8   3.30531e-15
5562.39  3.29669e-15
5564.98  3.28882e-15
5567.57  3.28177e-15
5570.16  3.27562e-15
5572.74  3.27038e-15
5575.33  3.26597e-15
5577.92  3.26221e-15
5580.51  3.25879e-15
5583.1   3.25528e-15
5585.69  3.25122e-15
5588.28  3.24611e-15
5590.87  3.23952e-15
5593.46  3.23115e-15
5596.05  3.22085e-15
5598.64  3.20866e-15
5601.23  3.19484e-15
5603.81  3.17977e-15
5606.4   3.16395e-15
5608.99  3.14789e-15
5611.58  3.13204e-15
5614.17  3.1167e-15
5616.76  3.10201e-15
5619.35  3.08788e-15
5621.94  3.07402e-15
5624.53  3.06e-15
5627.12  3.04529e-15
5629.71  3.02938e-15
5632.3   3.01181e-15
5634.88  2.99227e-15
5637.47  2.97065e-15
5640.06  2.94703e-15
5642.65  2.92165e-15
5645.24  2.8949e-15
5647.83  2.86721e-15
5650.42  2.83903e-15
5653.01  2.81073e-15
5655.6   2.78256e-15
5658.19  2.75466e-15
5660.78  2.72702e-15
5663.37  2.69957e-15
5665.95  2.67216e-15
5668.54  2.64466e-15
5671.13  2.61699e-15
5673.72  2.58915e-15
5676.31  2.56123e-15
5678.9   2.53342e-15
5681.49  2.50599e-15
5684.08  2.47922e-15
5686.67  2.45338e-15
5689.26  2.42872e-15
5691.85  2.40537e-15
5694.44  2.38339e-15
5697.02  2.36277e-15
5699.61  2.34341e-15
5702.2   2.32522e-15
5704.79  2.30813e-15
5707.38  2.29215e-15
5709.97  2.27737e-15
5712.56  2.26403e-15
5715.15  2.25244e-15
5717.74  2.24299e-15
5720.33  2.23604e-15
5722.92  2.23188e-15
5725.51  2.23064e-15
5728.09  2.23223e-15
5730.68  2.23628e-15
5733.27  2.24215e-15
5735.86  2.249e-15
5738.45  2.25581e-15
5741.04  2.26157e-15
5743.63  2.26537e-15
5746.22  2.26654e-15
5748.81  2.26478e-15
5751.4   2.26024e-15
5753.99  2.25351e-15
5756.58  2.24559e-15
5759.16  2.2378e-15
5761.75  2.23162e-15
5764.34  2.22851e-15
5766.93  2.22976e-15
5769.52  2.23632e-15
5772.11  2.24871e-15
5774.7   2.26699e-15
5777.29  2.29081e-15
5779.88  2.31949e-15
5782.47  2.35215e-15
5785.06  2.38792e-15
5787.65  2.42604e-15
5790.24  2.46602e-15
5792.82  2.50771e-15
5795.41  2.55127e-15
5798     2.59716e-15
5800.59  2.64599e-15
5803.18  2.69839e-15
5805.77  2.75485e-15
5808.36  2.81555e-15
5810.95  2.88027e-15
5813.54  2.94834e-15
5816.13  3.01863e-15
5818.72  3.08967e-15
5821.31  3.15978e-15
5823.89  3.22723e-15
5826.48  3.2905e-15
5829.07  3.3484e-15
5831.66  3.40027e-15
5834.25  3.44598e-15
5836.84  3.48597e-15
5839.43  3.5211e-15
5842.02  3.55251e-15
5844.61  3.58137e-15
5847.2   3.60866e-15
5849.79  3.63494e-15
5852.38  3.66022e-15
5854.96  3.68391e-15
5857.55  3.70489e-15
5860.14  3.7217e-15
5862.73  3.73275e-15
5865.32  3.73669e-15
5867.91  3.73271e-15
5870.5   3.72075e-15
5873.09  3.70169e-15
5875.68  3.67728e-15
5878.27  3.65008e-15
5880.86  3.62305e-15
5883.45  3.59923e-15
5886.03  3.58127e-15
5888.62  3.57104e-15
5891.21  3.56931e-15
5893.8   3.57562e-15
5896.39  3.58835e-15
5898.98  3.60488e-15
5901.57  3.622e-15
5904.16  3.63636e-15
5906.75  3.64488e-15
5909.34  3.6452e-15
5911.93  3.63594e-15
5914.52  3.61678e-15
5917.1   3.58849e-15
5919.69  3.55266e-15
5922.28  3.51144e-15
5924.87  3.46721e-15
5927.46  3.42219e-15
5930.05  3.37824e-15
5932.64  3.3366e-15
5935.23  3.29788e-15
5937.82  3.26206e-15
5940.41  3.22864e-15
5943     3.19681e-15
5945.59  3.16563e-15
5948.17  3.13427e-15
5950.76  3.10207e-15
5953.35  3.0687e-15
5955.94  3.03411e-15
5958.53  2.99857e-15
5961.12  2.96251e-15
5963.71  2.92649e-15
5966.3   2.89107e-15
5968.89  2.85673e-15
5971.48  2.82382e-15
5974.07  2.79251e-15
5976.66  2.76281e-15
5979.24  2.7346e-15
5981.83  2.70767e-15
5984.42  2.68175e-15
5987.01  2.6566e-15
5989.6   2.632e-15
5992.19  2.60781e-15
5994.78  2.58398e-15
5997.37  2.56055e-15
5999.96  2.53759e-15
6002.55  2.51525e-15
6005.14  2.49369e-15
6007.73  2.47307e-15
6010.31  2.45355e-15
6012.9   2.43526e-15
6015.49  2.41835e-15
6018.08  2.40295e-15
6020.67  2.38924e-15
6023.26  2.37745e-15
6025.85  2.36784e-15
6028.44  2.36074e-15
6031.03  2.35651e-15
6033.62  2.35547e-15
6036.21  2.35792e-15
6038.8   2.364e-15
6041.39  2.37373e-15
6043.97  2.38689e-15
6046.56  2.40309e-15
6049.15  2.42175e-15
6051.74  2.44213e-15
6054.33  2.46343e-15
6056.92  2.48488e-15
6059.51  2.50578e-15
6062.1   2.52558e-15
6064.69  2.54394e-15
6067.28  2.5607e-15
6069.87  2.57585e-15
6072.46  2.58952e-15
6075.04  2.60186e-15
6077.63  2.613e-15
6080.22  2.62298e-15
6082.81  2.63176e-15
6085.4   2.63916e-15
6087.99  2.64494e-15
6090.58  2.64885e-15
6093.17  2.65069e-15
6095.76  2.65033e-15
6098.35  2.64782e-15
6100.94  2.64332e-15
6103.53  2.6371e-15
6106.11  2.6295e-15
6108.7   2.62083e-15
6111.29  2.6113e-15
6113.88  2.60096e-15
6116.47  2.58967e-15
6119.06  2.57715e-15
6121.65  2.56295e-15
6124.24  2.54661e-15
6126.83  2.52772e-15
6129.42  2.50602e-15
6132.01  2.48145e-15
6134.6   2.45424e-15
6137.18  2.4248e-15
6139.77  2.39376e-15
6142.36  2.3618e-15
6144.95  2.32957e-15
6147.54  2.29759e-15
6150.13  2.26617e-15
6152.72  2.23537e-15
6155.31  2.20499e-15
6157.9   2.17467e-15
6160.49  2.14394e-15
6163.08  2.11235e-15
6165.67  2.07952e-15
6168.25  2.04529e-15
6170.84  2.0097e-15
6173.43  1.97301e-15
6176.02  1.93566e-15
6178.61  1.89822e-15
6181.2   1.86129e-15
6183.79  1.82542e-15
6186.38  1.79107e-15
6188.97  1.75853e-15
6191.56  1.72795e-15
6194.15  1.69934e-15
6196.74  1.67259e-15
6199.32  1.64757e-15
6201.91  1.62415e-15
6204.5   1.60226e-15
6207.09  1.58195e-15
6209.68  1.56334e-15
6212.27  1.54665e-15
6214.86  1.53219e-15
6217.45  1.52028e-15
6220.04  1.51126e-15
6222.63  1.5054e-15
6225.22  1.50297e-15
6227.81  1.50417e-15
6230.39  1.50916e-15
6232.98  1.51808e-15
6235.57  1.53108e-15
6238.16  1.54831e-15
6240.75  1.56992e-15
6243.34  1.59603e-15
6245.93  1.62672e-15
6248.52  1.66196e-15
6251.11  1.70158e-15
6253.7   1.74522e-15
6256.29  1.79229e-15
6258.88  1.84202e-15
6261.47  1.89344e-15
6264.05  1.94545e-15
6266.64  1.99693e-15
6269.23  2.04677e-15
6271.82  2.09399e-15
6274.41  2.13782e-15
6277     2.17772e-15
6279.59  2.21341e-15
6282.18  2.24487e-15
6284.77  2.27227e-15
6287.36  2.29595e-15
6289.95  2.31631e-15
6292.54  2.33377e-15
6295.12  2.34872e-15
6297.71  2.36145e-15
6300.3   2.37218e-15
6302.89  2.38105e-15
6305.48  2.38812e-15
6308.07  2.39344e-15
6310.66  2.39707e-15
6313.25  2.39913e-15
6315.84  2.39978e-15
6318.43  2.39929e-15
6321.02  2.398e-15
6323.61  2.39631e-15
6326.19  2.39465e-15
6328.78  2.39349e-15
6331.37  2.39325e-15
6333.96  2.39431e-15
6336.55  2.39696e-15
6339.14  2.4014e-15
6341.73  2.40771e-15
6344.32  2.41585e-15
6346.91  2.42567e-15
6349.5   2.43691e-15
6352.09  2.44921e-15
6354.68  2.46216e-15
6357.26  2.4753e-15
6359.85  2.48814e-15
6362.44  2.50026e-15
6365.03  2.51124e-15
6367.62  2.52077e-15
6370.21  2.52864e-15
6372.8   2.53475e-15
6375.39  2.53913e-15
6377.98  2.54191e-15
6380.57  2.54333e-15
6383.16  2.54374e-15
6385.75  2.54352e-15
6388.33  2.54308e-15
6390.92  2.54282e-15
6393.51  2.54309e-15
6396.1   2.54415e-15
6398.69  2.54615e-15
6401.28  2.54913e-15
6403.87  2.55297e-15
6406.46  2.55743e-15
6409.05  2.56221e-15
6411.64  2.5669e-15
6414.23  2.57112e-15
6416.82  2.57451e-15
6419.4   2.5768e-15
6421.99  2.57781e-15
6424.58  2.57752e-15
6427.17  2.57603e-15
6429.76  2.57354e-15
6432.35  2.57035e-15
6434.94  2.56677e-15
6437.53  2.56313e-15
6440.12  2.5597e-15
6442.71  2.5567e-15
6445.3   2.55425e-15
6447.89  2.55245e-15
6450.47  2.55132e-15
6453.06  2.5509e-15
6455.65  2.55123e-15
6458.24  2.55239e-15
6460.83  2.55447e-15
6463.42  2.55762e-15
6466.01  2.56197e-15
6468.6   2.56761e-15
6471.19  2.57458e-15
6473.78  2.58283e-15
6476.37  2.59218e-15
6478.96  2.6024e-15
6481.54  2.61315e-15
6484.13  2.62408e-15
6486.72  2.63488e-15
6489.31  2.64529e-15
6491.9   2.65515e-15
6494.49  2.66444e-15
6497.08  2.67325e-15
6499.67  2.68177e-15
6502.26  2.69023e-15
6504.85  2.69886e-15
6507.44  2.70784e-15
6510.03  2.71722e-15
6512.62  2.72692e-15
6515.2   2.73669e-15
6517.79  2.74615e-15
6520.38  2.75482e-15
6522.97  2.76219e-15
6525.56  2.76773e-15
6528.15  2.77104e-15
6530.74  2.77182e-15
6533.33  2.76995e-15
6535.92  2.76551e-15
6538.51  2.75873e-15
6541.1   2.75e-15
6543.69  2.73981e-15
6546.27  2.72868e-15
6548.86  2.71712e-15
6551.45  2.70557e-15
6554.04  2.69435e-15
6556.63  2.68363e-15
6559.22  2.67344e-15
6561.81  2.66368e-15
6564.4   2.65408e-15
6566.99  2.64432e-15
6569.58  2.63401e-15
6572.17  2.62276e-15
6574.76  2.61024e-15
6577.34  2.59618e-15
6579.93  2.58044e-15
6582.52  2.56302e-15
6585.11  2.54402e-15
6587.7   2.52371e-15
6590.29  2.50242e-15
6592.88  2.48054e-15
6595.47  2.4585e-15
6598.06  2.43667e-15
6600.65  2.41536e-15
6603.24  2.39478e-15
6605.83  2.37502e-15
6608.41  2.35606e-15
6611     2.33777e-15
6613.59  2.31992e-15
6616.18  2.30227e-15
6618.77  2.28453e-15
6621.36  2.26647e-15
6623.95  2.24789e-15
6626.54  2.22866e-15
6629.13  2.20872e-15
6631.72  2.18809e-15
6634.31  2.16687e-15
6636.9   2.14518e-15
6639.48  2.12322e-15
6642.07  2.10118e-15
6644.66  2.07928e-15
6647.25  2.05772e-15
6649.84  2.03667e-15
6652.43  2.01628e-15
6655.02  1.99662e-15
6657.61  1.97772e-15
6660.2   1.9595e-15
6662.79  1.94181e-15
6665.38  1.92443e-15
6667.97  1.90708e-15
6670.55  1.88949e-15
6673.14  1.87138e-15
6675.73  1.85257e-15
6678.32  1.83299e-15
6680.91  1.81272e-15
6683.5   1.79201e-15
6686.09  1.77123e-15
6688.68  1.7509e-15
6691.27  1.73159e-15
6693.86  1.71385e-15
6696.45  1.69812e-15
6699.04  1.68473e-15
6701.62  1.67374e-15
6704.21  1.66504e-15
6706.8   1.65825e-15
6709.39  1.65284e-15
6711.98  1.64817e-15
6714.57  1.64358e-15
6717.16  1.63847e-15
6719.75  1.63242e-15
6722.34  1.62519e-15
6724.93  1.6168e-15
6727.52  1.60751e-15
6730.11  1.59774e-15
6732.7   1.58807e-15
6735.28  1.57908e-15
6737.87  1.57136e-15
6740.46  1.56533e-15
6743.05  1.56127e-15
6745.64  1.55926e-15
6748.23  1.55917e-15
6750.82  1.56071e-15
6753.41  1.56348e-15
6756     1.56703e-15
6758.59  1.57089e-15
6761.18  1.57467e-15
6763.77  1.57808e-15
6766.35  1.58092e-15
6768.94  1.58315e-15
6771.53  1.58483e-15
6774.12  1.58608e-15
6776.71  1.58709e-15
6779.3   1.58806e-15
6781.89  1.5892e-15
6784.48  1.59066e-15
6787.07  1.59258e-15
6789.66  1.59505e-15
6792.25  1.59812e-15
6794.84  1.60178e-15
6797.42  1.60602e-15
6800.01  1.61073e-15
6802.6   1.61581e-15
6805.19  1.62105e-15
6807.78  1.62622e-15
6810.37  1.63101e-15
6812.96  1.63508e-15
6815.55  1.63807e-15
6818.14  1.63966e-15
6820.73  1.63956e-15
6823.32  1.63763e-15
6825.91  1.63383e-15
6828.49  1.6283e-15
6831.08  1.62131e-15
6833.67  1.61327e-15
6836.26  1.60467e-15
6838.85  1.596e-15
6841.44  1.58772e-15
6844.03  1.58017e-15
6846.62  1.57357e-15
6849.21  1.56796e-15
6851.8   1.56324e-15
6854.39  1.55919e-15
6856.98  1.55552e-15
6859.56  1.55196e-15
6862.15  1.54828e-15
6864.74  1.54435e-15
6867.33  1.54018e-15
6869.92  1.53591e-15
6872.51  1.53176e-15
6875.1   1.528e-15
6877.69  1.52491e-15
6880.28  1.52266e-15
6882.87  1.52135e-15
6885.46  1.5209e-15
6888.05  1.5211e-15
6890.63  1.52162e-15
6893.22  1.52207e-15
6895.81  1.52202e-15
6898.4   1.52113e-15
6900.99  1.51913e-15
6903.58  1.51593e-15
6906.17  1.51159e-15
6908.76  1.50635e-15
6911.35  1.50057e-15
6913.94  1.49467e-15
6916.53  1.48911e-15
6919.12  1.48431e-15
6921.7   1.4806e-15
6924.29  1.47819e-15
6926.88  1.47712e-15
6929.47  1.47732e-15
6932.06  1.47858e-15
6934.65  1.48061e-15
6937.24  1.48307e-15
6939.83  1.48561e-15
6942.42  1.4879e-15
6945.01  1.48969e-15
6947.6   1.4908e-15
6950.19  1.49115e-15
6952.77  1.49075e-15
6955.36  1.48969e-15
6957.95  1.48813e-15
6960.54  1.48626e-15
6963.13  1.48429e-15
6965.72  1.4824e-15
6968.31  1.48073e-15
6970.9   1.47938e-15
6973.49  1.47838e-15
6976.08  1.47767e-15
6978.67  1.47717e-15
6981.26  1.47673e-15
6983.85  1.47623e-15
6986.43  1.4755e-15
6989.02  1.47446e-15
6991.61  1.47301e-15
6994.2   1.47113e-15
6996.79  1.46883e-15
6999.38  1.46617e-15
7001.97  1.4632e-15
7004.56  1.46e-15
7007.15  1.45663e-15
7009.74  1.45315e-15
7012.33  1.44956e-15
7014.92  1.44589e-15
7017.5   1.44215e-15
7020.09  1.43833e-15
7022.68  1.43447e-15
7025.27  1.4306e-15
7027.86  1.42681e-15
7030.45  1.42318e-15
7033.04  1.41981e-15
7035.63  1.41681e-15
7038.22  1.41424e-15
7040.81  1.41216e-15
7043.4   1.41057e-15
7045.99  1.40944e-15
7048.57  1.40868e-15
7051.16  1.4082e-15
7053.75  1.40785e-15
7056.34  1.40753e-15
7058.93  1.40709e-15
7061.52  1.40645e-15
7064.11  1.40552e-15
7066.7   1.40426e-15
7069.29  1.40263e-15
7071.88  1.40064e-15
7074.47  1.39829e-15
7077.06  1.3956e-15
7079.64  1.39262e-15
7082.23  1.3894e-15
7084.82  1.38605e-15
7087.41  1.38267e-15
7090     1.37942e-15
7092.59  1.37646e-15
7095.18  1.37399e-15
7097.77  1.37217e-15
7100.36  1.37113e-15
7102.95  1.37096e-15
7105.54  1.37162e-15
7108.13  1.37302e-15
7110.71  1.37494e-15
7113.3   1.37709e-15
7115.89  1.37914e-15
7118.48  1.38073e-15
7121.07  1.38156e-15
7123.66  1.38138e-15
7126.25  1.3801e-15
7128.84  1.37771e-15
7131.43  1.37437e-15
7134.02  1.37032e-15
7136.61  1.36587e-15
7139.2   1.36138e-15
7141.78  1.35716e-15
7144.37  1.35346e-15
7146.96  1.35046e-15
7149.55  1.34821e-15
7152.14  1.34671e-15
7154.73  1.34589e-15
7157.32  1.34564e-15
7159.91  1.34589e-15
7162.5   1.34659e-15
7165.09  1.34776e-15
7167.68  1.34946e-15
7170.27  1.3518e-15
7172.85  1.35491e-15
7175.44  1.35889e-15
7178.03  1.36382e-15
7180.62  1.36968e-15
7183.21  1.3764e-15
7185.8   1.38382e-15
7188.39  1.39173e-15
7190.98  1.39988e-15
7193.57  1.40803e-15
7196.16  1.41593e-15
7198.75  1.42338e-15
7201.34  1.43024e-15
7203.93  1.43639e-15
7206.51  1.44177e-15
7209.1   1.44636e-15
7211.69  1.45014e-15
7214.28  1.45312e-15
7216.87  1.45531e-15
7219.46  1.45673e-15
7222.05  1.45739e-15
7224.64  1.45733e-15
7227.23  1.45658e-15
7229.82  1.45521e-15
7232.41  1.4533e-15
7235     1.45095e-15
7237.58  1.44828e-15
7240.17  1.4454e-15
7242.76  1.44244e-15
7245.35  1.43953e-15
7247.94  1.43677e-15
7250.53  1.43426e-15
7253.12  1.43206e-15
7255.71  1.43025e-15
7258.3   1.42884e-15
7260.89  1.42786e-15
7263.48  1.42733e-15
7266.07  1.42724e-15
7268.65  1.42759e-15
7271.24  1.42837e-15
7273.83  1.42957e-15
7276.42  1.4312e-15
7279.01  1.43324e-15
7281.6   1.43567e-15
7284.19  1.43845e-15
7286.78  1.44155e-15
7289.37  1.44489e-15
7291.96  1.44837e-15
7294.55  1.45189e-15
7297.14  1.45531e-15
7299.72  1.4585e-15
7302.31  1.4613e-15
7304.9   1.46357e-15
7307.49  1.46518e-15
7310.08  1.46605e-15
7312.67  1.46612e-15
7315.26  1.46538e-15
7317.85  1.46388e-15
7320.44  1.46173e-15
7323.03  1.45907e-15
7325.62  1.45611e-15
7328.21  1.45304e-15
7330.79  1.45007e-15
7333.38  1.44738e-15
7335.97  1.44511e-15
7338.56  1.44332e-15
7341.15  1.44201e-15
7343.74  1.4411e-15
7346.33  1.44045e-15
7348.92  1.43989e-15
7351.51  1.43922e-15
7354.1   1.43827e-15
7356.69  1.43692e-15
7359.28  1.4351e-15
7361.86  1.43282e-15
7364.45  1.43014e-15
7367.04  1.4272e-15
7369.63  1.42415e-15
7372.22  1.42114e-15
7374.81  1.4183e-15
7377.4   1.4157e-15
7379.99  1.41339e-15
7382.58  1.41133e-15
7385.17  1.40949e-15
7387.76  1.4078e-15
7390.35  1.40623e-15
7392.93  1.40479e-15
7395.52  1.40356e-15
7398.11  1.40267e-15
7400.7   1.40232e-15
7403.29  1.4027e-15
7405.88  1.40402e-15
7408.47  1.40637e-15
7411.06  1.40975e-15
7413.65  1.41403e-15
7416.24  1.41889e-15
7418.83  1.42392e-15
7421.42  1.4286e-15
7424     1.43239e-15
7426.59  1.43481e-15
7429.18  1.43552e-15
7431.77  1.43436e-15
7434.36  1.4314e-15
7436.95  1.42694e-15
7439.54  1.42144e-15
7442.13  1.41548e-15
7444.72  1.40962e-15
7447.31  1.40438e-15
7449.9   1.40009e-15
7452.49  1.39688e-15
7455.08  1.39463e-15
7457.66  1.39303e-15
7460.25  1.39163e-15
7462.84  1.3899e-15
7465.43  1.38733e-15
7468.02  1.38347e-15
7470.61  1.37804e-15
7473.2   1.37092e-15
7475.79  1.36216e-15
7478.38  1.35195e-15
7480.97  1.34059e-15
7483.56  1.32842e-15
7486.15  1.31582e-15
7488.73  1.30311e-15
7491.32  1.29054e-15
7493.91  1.27829e-15
7496.5   1.26645e-15
7499.09  1.25499e-15
7501.68  1.24384e-15
7504.27  1.23284e-15
7506.86  1.22184e-15
7509.45  1.21063e-15
7512.04  1.19908e-15
7514.63  1.18705e-15
7517.22  1.17451e-15
7519.8   1.16145e-15
7522.39  1.14796e-15
7524.98  1.13419e-15
7527.57  1.12033e-15
7530.16  1.1066e-15
7532.75  1.09325e-15
7535.34  1.08051e-15
7537.93  1.06858e-15
7540.52  1.05763e-15
7543.11  1.04779e-15
7545.7   1.03912e-15
7548.29  1.03163e-15
7550.87  1.02525e-15
7553.46  1.01989e-15
7556.05  1.01539e-15
7558.64  1.01158e-15
7561.23  1.00828e-15
7563.82  1.0053e-15
7566.41  1.00252e-15
7569     9.99817e-16
7571.59  9.97164e-16
7574.18  9.94565e-16
7576.77  9.9207e-16
7579.36  9.8976e-16
7581.94  9.87721e-16
7584.53  9.86023e-16
7587.12  9.84704e-16
7589.71  9.83755e-16
7592.3   9.83127e-16
7594.89  9.82732e-16
7597.48  9.82473e-16
7600.07  9.82267e-16
7602.66  9.82072e-16
7605.25  9.81917e-16
7607.84  9.81914e-16
7610.43  9.8226e-16
7613.01  9.83225e-16
7615.6   9.85119e-16
7618.19  9.88254e-16
7620.78  9.92895e-16
7623.37  9.9921e-16
7625.96  1.00724e-15
7628.55  1.01686e-15
7631.14  1.0278e-15
7633.73  1.03965e-15
7636.32  1.05192e-15
7638.91  1.06409e-15
7641.5   1.07568e-15
7644.08  1.08631e-15
7646.67  1.09576e-15
7649.26  1.10401e-15
7651.85  1.11119e-15
7654.44  1.11762e-15
7657.03  1.12371e-15
7659.62  1.12988e-15
7662.21  1.13653e-15
7664.8   1.14395e-15
7667.39  1.15226e-15
7669.98  1.16143e-15
7672.57  1.17124e-15
7675.15  1.18136e-15
7677.74  1.19139e-15
7680.33  1.20091e-15
7682.92  1.20956e-15
7685.51  1.21706e-15
7688.1   1.22328e-15
7690.69  1.2282e-15
7693.28  1.23193e-15
7695.87  1.23463e-15
7698.46  1.23654e-15
7701.05  1.23785e-15
7703.64  1.23873e-15
7706.23  1.23928e-15
7708.81  1.23955e-15
7711.4   1.2395e-15
7713.99  1.23908e-15
7716.58  1.23823e-15
7719.17  1.2369e-15
7721.76  1.2351e-15
7724.35  1.23289e-15
7726.94  1.23039e-15
7729.53  1.22778e-15
7732.12  1.22525e-15
7734.71  1.22301e-15
7737.3   1.22124e-15
7739.88  1.22012e-15
7742.47  1.21975e-15
7745.06  1.22021e-15
7747.65  1.22152e-15
7750.24  1.22367e-15
7752.83  1.22664e-15
7755.42  1.23035e-15
7758.01  1.23472e-15
7760.6   1.23962e-15
7763.19  1.24491e-15
7765.78  1.25039e-15
7768.37  1.25584e-15
7770.95  1.26102e-15
7773.54  1.26569e-15
7776.13  1.26963e-15
7778.72  1.27269e-15
7781.31  1.27478e-15
7783.9   1.27594e-15
7786.49  1.27634e-15
7789.08  1.27624e-15
7791.67  1.276e-15
7794.26  1.27602e-15
7796.85  1.27673e-15
7799.44  1.27846e-15
7802.02  1.28148e-15
7804.61  1.28586e-15
7807.2   1.29157e-15
7809.79  1.29839e-15
7812.38  1.30599e-15
7814.97  1.31394e-15
7817.56  1.32182e-15
7820.15  1.32922e-15
7822.74  1.33584e-15
7825.33  1.34146e-15
7827.92  1.34603e-15
7830.51  1.34957e-15
7833.09  1.35222e-15
7835.68  1.35415e-15
7838.27  1.35551e-15
7840.86  1.35646e-15
7843.45  1.35706e-15
7846.04  1.3573e-15
7848.63  1.35715e-15
7851.22  1.3565e-15
7853.81  1.35527e-15
7856.4   1.35337e-15
7858.99  1.3508e-15
7861.58  1.34762e-15
7864.16  1.34394e-15
7866.75  1.33997e-15
7869.34  1.33592e-15
7871.93  1.33202e-15
7874.52  1.32847e-15
7877.11  1.32541e-15
7879.7   1.3229e-15
7882.29  1.3209e-15
7884.88  1.31925e-15
7887.47  1.31774e-15
7890.06  1.31609e-15
7892.65  1.31397e-15
7895.23  1.31109e-15
7897.82  1.30722e-15
7900.41  1.3022e-15
7903     1.29602e-15
7905.59  1.28879e-15
7908.18  1.28078e-15
7910.77  1.27235e-15
7913.36  1.26396e-15
7915.95  1.25607e-15
7918.54  1.2491e-15
7921.13  1.24336e-15
7923.72  1.239e-15
7926.31  1.23596e-15
7928.89  1.23401e-15
7931.48  1.23271e-15
7934.07  1.23151e-15
7936.66  1.22982e-15
7939.25  1.22704e-15
7941.84  1.22269e-15
7944.43  1.21646e-15
7947.02  1.20823e-15
7949.61  1.19807e-15
7952.2   1.18629e-15
7954.79  1.17329e-15
7957.38  1.1596e-15
7959.96  1.14574e-15
7962.55  1.1322e-15
7965.14  1.11936e-15
7967.73  1.10748e-15
7970.32  1.09671e-15
7972.91  1.08704e-15
7975.5   1.0784e-15
7978.09  1.07063e-15
7980.68  1.06355e-15
7983.27  1.05699e-15
7985.86  1.0508e-15
7988.45  1.04487e-15
7991.03  1.03919e-15
7993.62  1.03378e-15
7996.21  1.02877e-15
7998.8   1.02437e-15
8001.39  1.02082e-15
8003.98  1.01844e-15
8006.57  1.01754e-15
8009.16  1.01837e-15
8011.75  1.02106e-15
8014.34  1.02559e-15
8016.93  1.03171e-15
8019.52  1.03894e-15
8022.1   1.04658e-15
8024.69  1.05376e-15
8027.28  1.05958e-15
8029.87  1.06315e-15
8032.46  1.06383e-15
8035.05  1.06126e-15
8037.64  1.05546e-15
8040.23  1.04691e-15
8042.82  1.03645e-15
8045.41  1.02519e-15
8048     1.01443e-15
8050.59  1.0054e-15
8053.17  9.99121e-16
8055.76  9.96292e-16
8058.35  9.9715e-16
8060.94  1.00146e-15
8063.53  1.00857e-15
8066.12  1.0175e-15
8068.71  1.02709e-15
8071.3   1.03617e-15
8073.89  1.04373e-15
8076.48  1.04901e-15
8079.07  1.05161e-15
8081.66  1.05147e-15
8084.24  1.04887e-15
8086.83  1.04433e-15
8089.42  1.03853e-15
8092.01  1.03216e-15
8094.6   1.02587e-15
8097.19  1.02017e-15
8099.78  1.01541e-15
8102.37  1.01174e-15
8104.96  1.00916e-15
8107.55  1.00757e-15
8110.14  1.00678e-15
8112.73  1.00661e-15
8115.31  1.00687e-15
8117.9   1.00746e-15
8120.49  1.00831e-15
8123.08  1.00942e-15
8125.67  1.01079e-15
8128.26  1.01248e-15
8130.85  1.01449e-15
8133.44  1.01684e-15
8136.03  1.0195e-15
8138.62  1.02243e-15
8141.21  1.02554e-15
8143.8   1.02873e-15
8146.38  1.03187e-15
8148.97  1.03481e-15
8151.56  1.0374e-15
8154.15  1.03948e-15
8156.74  1.04089e-15
8159.33  1.04153e-15
8161.92  1.04132e-15
8164.51  1.04027e-15
8167.1   1.03847e-15
8169.69  1.03611e-15
8172.28  1.03346e-15
8174.87  1.03088e-15
8177.46  1.02875e-15
8180.04  1.02745e-15
8182.63  1.02726e-15
8185.22  1.02835e-15
8187.81  1.03073e-15
8190.4   1.03421e-15
8192.99  1.03842e-15
8195.58  1.04284e-15
8198.17  1.0469e-15
8200.76  1.05e-15
8203.35  1.05164e-15
8205.94  1.05146e-15
8208.53  1.04932e-15
8211.11  1.04531e-15
8213.7   1.03976e-15
8216.29  1.03316e-15
8218.88  1.02616e-15
8221.47  1.01946e-15
8224.06  1.01373e-15
8226.65  1.0095e-15
8229.24  1.00716e-15
8231.83  1.00685e-15
8234.42  1.00847e-15
8237.01  1.01169e-15
8239.6   1.01599e-15
8242.18  1.0207e-15
8244.77  1.02511e-15
8247.36  1.02851e-15
8249.95  1.0303e-15
8252.54  1.03004e-15
8255.13  1.02746e-15
8257.72  1.02252e-15
8260.31  1.01538e-15
8262.9   1.00636e-15
8265.49  9.95933e-16
8268.08  9.84643e-16
8270.67  9.73065e-16
8273.25  9.61747e-16
8275.84  9.51168e-16
8278.43  9.41702e-16
8281.02  9.33595e-16
8283.61  9.26951e-16
8286.2   9.21731e-16
8288.79  9.17768e-16
8291.38  9.14788e-16
8293.97  9.12445e-16
8296.56  9.10367e-16
8299.15  9.08201e-16
8301.74  9.05657e-16
8304.32  9.02545e-16
8306.91  8.98794e-16
8309.5   8.94451e-16
8312.09  8.89668e-16
8314.68  8.84666e-16
8317.27  8.79695e-16
8319.86  8.74997e-16
8322.45  8.70768e-16
8325.04  8.67134e-16
8327.63  8.64147e-16
8330.22  8.61782e-16
8332.81  8.59951e-16
8335.39  8.58526e-16
8337.98  8.57352e-16
8340.57  8.56272e-16
8343.16  8.55139e-16
8345.75  8.5383e-16
8348.34  8.52258e-16
8350.93  8.5038e-16
8353.52  8.48211e-16
8356.11  8.45825e-16
8358.7   8.4337e-16
8361.29  8.41056e-16
8363.88  8.39147e-16
8366.46  8.37942e-16
8369.05  8.37736e-16
8371.64  8.38794e-16
8374.23  8.41318e-16
8376.82  8.45433e-16
8379.41  8.51179e-16
8382     8.58523e-16
8384.59  8.67381e-16
8387.18  8.77638e-16
8389.77  8.89168e-16
8392.36  9.01849e-16
8394.95  9.15559e-16
8397.54  9.30171e-16
8400.12  9.45547e-16
8402.71  9.6153e-16
8405.3   9.77953e-16
8407.89  9.94648e-16
8410.48  1.01147e-15
8413.07  1.02831e-15
8415.66  1.04513e-15
8418.25  1.06193e-15
8420.84  1.0788e-15
8423.43  1.09581e-15
8426.02  1.11307e-15
8428.61  1.13061e-15
8431.19  1.14838e-15
8433.78  1.16619e-15
8436.37  1.18372e-15
8438.96  1.20051e-15
8441.55  1.216e-15
8444.14  1.22959e-15
8446.73  1.24068e-15
8449.32  1.24883e-15
8451.91  1.25375e-15
8454.5   1.25546e-15
8457.09  1.25421e-15
8459.68  1.25056e-15
8462.26  1.24526e-15
8464.85  1.23922e-15
8467.44  1.23335e-15
8470.03  1.22847e-15
8472.62  1.22524e-15
8475.21  1.22405e-15
8477.8   1.22501e-15
8480.39  1.22792e-15
8482.98  1.23235e-15
8485.57  1.23766e-15
8488.16  1.24318e-15
8490.75  1.24825e-15
8493.33  1.25242e-15
8495.92  1.2555e-15
8498.51  1.25765e-15
8501.1   1.25939e-15
8503.69  1.26154e-15
8506.28  1.26513e-15
8508.87  1.27123e-15
8511.46  1.28079e-15
8514.05  1.29449e-15
8516.64  1.31261e-15
8519.23  1.33504e-15
8521.82  1.36125e-15
8524.4   1.39041e-15
8526.99  1.4215e-15
8529.58  1.45344e-15
8532.17  1.4852e-15
8534.76  1.51589e-15
8537.35  1.54478e-15
8539.94  1.57128e-15
8542.53  1.595e-15
8545.12  1.61562e-15
8547.71  1.63297e-15
8550.3   1.64696e-15
8552.89  1.6576e-15
8555.47  1.66503e-15
8558.06  1.66955e-15
8560.65  1.6716e-15
8563.24  1.67175e-15
8565.83  1.67074e-15
8568.42  1.66939e-15
8571.01  1.66852e-15
8573.6   1.66896e-15
8576.19  1.67137e-15
8578.78  1.67619e-15
8581.37  1.68356e-15
8583.96  1.69324e-15
8586.54  1.70467e-15
8589.13  1.71694e-15
8591.72  1.72897e-15
8594.31  1.73964e-15
8596.9   1.74793e-15
8599.49  1.75313e-15
8602.08  1.75492e-15
8604.67  1.75349e-15
8607.26  1.74947e-15
8609.85  1.74392e-15
8612.44  1.73815e-15
8615.03  1.73354e-15
8617.61  1.73136e-15
8620.2   1.73253e-15
8622.79  1.73752e-15
8625.38  1.74621e-15
8627.97  1.75791e-15
8630.56  1.77141e-15
8633.15  1.78519e-15
8635.74  1.79764e-15
8638.33  1.80731e-15
8640.92  1.81318e-15
8643.51  1.81485e-15
8646.1   1.81261e-15
8648.69  1.80744e-15
8651.27  1.80087e-15
8653.86  1.79474e-15
8656.45  1.7909e-15
8659.04  1.79087e-15
8661.63  1.79562e-15
8664.22  1.80535e-15
8666.81  1.81938e-15
8669.4   1.83625e-15
8671.99  1.85391e-15
8674.58  1.87001e-15
8677.17  1.88232e-15
8679.76  1.88909e-15
8682.34  1.88944e-15
8684.93  1.88358e-15
8687.52  1.87282e-15
8690.11  1.85944e-15
8692.7   1.84631e-15
8695.29  1.83641e-15
8697.88  1.83227e-15
8700.47  1.83547e-15
8703.06  1.84636e-15
8705.65  1.86387e-15
8708.24  1.88572e-15
8710.83  1.90877e-15
8713.41  1.92957e-15
8716     1.9449e-15
8718.59  1.95238e-15
8721.18  1.95081e-15
8723.77  1.94033e-15
8726.36  1.92242e-15
8728.95  1.89956e-15
8731.54  1.87481e-15
8734.13  1.8513e-15
8736.72  1.83168e-15
8739.31  1.81771e-15
8741.9   1.80997e-15
8744.48  1.80775e-15
8747.07  1.80921e-15
8749.66  1.81168e-15
8752.25  1.81215e-15
8754.84  1.80779e-15
8757.43  1.79648e-15
8760.02  1.77722e-15
8762.61  1.75034e-15
8765.2   1.71751e-15
8767.79  1.68145e-15
8770.38  1.64555e-15
8772.97  1.61325e-15
8775.55  1.58752e-15
8778.14  1.57036e-15
8780.73  1.56257e-15
8783.32  1.56358e-15
8785.91  1.57164e-15
8788.5   1.58413e-15
8791.09  1.59798e-15
8793.68  1.6101e-15
8796.27  1.61786e-15
8798.86  1.61936e-15
8801.45  1.61367e-15
8804.04  1.60089e-15
8806.62  1.58211e-15
8809.21  1.55926e-15
8811.8   1.5348e-15
8814.39  1.51148e-15
8816.98  1.4919e-15
8819.57  1.47827e-15
8822.16  1.472e-15
8824.75  1.47362e-15
8827.34  1.4826e-15
8829.93  1.4975e-15
8832.52  1.51618e-15
8835.11  1.53608e-15
8837.69  1.55464e-15
8840.28  1.56964e-15
8842.87  1.57944e-15
8845.46  1.58318e-15
8848.05  1.58071e-15
8850.64  1.57253e-15
8853.23  1.55952e-15
8855.82  1.54273e-15
8858.41  1.52317e-15
8861     1.50169e-15
8863.59  1.47888e-15
8866.18  1.45517e-15
8868.77  1.4309e-15
8871.35  1.40642e-15
8873.94  1.38222e-15
8876.53  1.35891e-15
8879.12  1.33727e-15
8881.71  1.31812e-15
8884.3   1.3022e-15
8886.89  1.29004e-15
8889.48  1.28182e-15
8892.07  1.27729e-15
8894.66  1.27571e-15
8897.25  1.27593e-15
8899.84  1.2765e-15
8902.42  1.2759e-15
8905.01  1.27275e-15
8907.6   1.26606e-15
8910.19  1.2554e-15
8912.78  1.24104e-15
8915.37  1.22387e-15
8917.96  1.20528e-15
8920.55  1.18691e-15
8923.14  1.17035e-15
8925.73  1.15681e-15
8928.32  1.14697e-15
8930.91  1.14079e-15
8933.49  1.13762e-15
8936.08  1.1363e-15
8938.67  1.13547e-15
8941.26  1.1338e-15
8943.85  1.13029e-15
8946.44  1.12443e-15
8949.03  1.11625e-15
8951.62  1.10628e-15
8954.21  1.0954e-15
8956.8   1.08463e-15
8959.39  1.07495e-15
8961.98  1.06712e-15
8964.56  1.06154e-15
8967.15  1.05823e-15
8969.74  1.05686e-15
8972.33  1.05685e-15
8974.92  1.05745e-15
8977.51  1.05796e-15
8980.1   1.05778e-15
8982.69  1.05656e-15
8985.28  1.05425e-15
8987.87  1.05111e-15
8990.46  1.04765e-15
8993.05  1.04454e-15
8995.63  1.04242e-15
8998.22  1.04181e-15
9000.81  1.04289e-15
9003.4   1.04549e-15
9005.99  1.049e-15
9008.58  1.05253e-15
9011.17  1.05497e-15
9013.76  1.05524e-15
9016.35  1.05249e-15
9018.94  1.04622e-15
9021.53  1.03642e-15
9024.12  1.02354e-15
9026.7   1.00843e-15
9029.29  9.92216e-16
9031.88  9.76119e-16
9034.47  9.61311e-16
9037.06  9.48798e-16
9039.65  9.39336e-16
9042.24  9.33397e-16
9044.83  9.31158e-16
9047.42  9.3249e-16
9050.01  9.36957e-16
9052.6   9.43807e-16
9055.19  9.51976e-16
9057.77  9.60121e-16
9060.36  9.66706e-16
9062.95  9.70135e-16
9065.54  9.68949e-16
9068.13  9.62042e-16
9070.72  9.48878e-16
9073.31  9.29645e-16
9075.9   9.05335e-16
9078.49  8.77702e-16
9081.08  8.49097e-16
9083.67  8.22209e-16
9086.26  7.9972e-16
9088.84  7.83949e-16
9091.43  7.76518e-16
9094.02  7.781e-16
9096.61  7.88288e-16
9099.2   8.05617e-16
9101.79  8.27724e-16
9104.38  8.51658e-16
9106.97  8.74271e-16
9109.56  8.92658e-16
9112.15  9.0457e-16
9114.74  9.08733e-16
9117.33  9.05037e-16
9119.92  8.94541e-16
9122.5   8.79303e-16
9125.09  8.62061e-16
9127.68  8.45807e-16
9130.27  8.33323e-16
9132.86  8.26759e-16
9135.45  8.27309e-16
9138.04  8.35038e-16
9140.63  8.48885e-16
9143.22  8.66827e-16
9145.81  8.86187e-16
9148.4   9.04035e-16
9150.99  9.17613e-16
9153.57  9.24735e-16
9156.16  9.24108e-16
9158.75  9.15516e-16
9161.34  8.99859e-16
9163.93  8.79024e-16
9166.52  8.55626e-16
9169.11  8.32634e-16
9171.7   8.12946e-16
9174.29  7.98982e-16
9176.88  7.92348e-16
9179.47  7.93618e-16
9182.06  8.02289e-16
9184.64  8.16886e-16
9187.23  8.35214e-16
9189.82  8.54705e-16
9192.41  8.72801e-16
9195     8.87307e-16
9197.59  8.96664e-16
9200.18  9.00107e-16
9202.77  8.97684e-16
9205.36  8.90165e-16
9207.95  8.78846e-16
9210.54  8.65311e-16
9213.13  8.51185e-16
9215.71  8.3791e-16
9218.3   8.26587e-16
9220.89  8.17895e-16
9223.48  8.12081e-16
9226.07  8.09016e-16
9228.66  8.08299e-16
9231.25  8.09374e-16
9233.84  8.11646e-16
9236.43  8.14566e-16
9239.02  8.17682e-16
9241.61  8.20652e-16
9244.2   8.23219e-16
9246.78  8.25176e-16
9249.37  8.26338e-16
9251.96  8.26527e-16
9254.55  8.25581e-16
9257.14  8.2339e-16
9259.73  8.19943e-16
9262.32  8.15373e-16
9264.91  8.0997e-16
9267.5   8.04173e-16
9270.09  7.98512e-16
9272.68  7.93535e-16
9275.27  7.89702e-16
9277.85  7.87304e-16
9280.44  7.8639e-16
9283.03  7.86752e-16
9285.62  7.87932e-16
9288.21  7.89296e-16
9290.8   7.90122e-16
9293.39  7.89714e-16
9295.98  7.87514e-16
9298.57  7.83199e-16
9301.16  7.76746e-16
9303.75  7.6846e-16
9306.34  7.58952e-16
9308.92  7.49069e-16
9311.51  7.39784e-16
9314.1   7.32058e-16
9316.69  7.2669e-16
9319.28  7.24186e-16
9321.87  7.24659e-16
9324.46  7.27794e-16
9327.05  7.32876e-16
9329.64  7.38881e-16
9332.23  7.44622e-16
9334.82  7.48919e-16
9337.41  7.50758e-16
9339.99  7.49427e-16
9342.58  7.44591e-16
9345.17  7.36318e-16
9347.76  7.25035e-16
9350.35  7.11452e-16
9352.94  6.96458e-16
9355.53  6.81004e-16
9358.12  6.66003e-16
9360.71  6.52242e-16
9363.3   6.40323e-16
9365.89  6.30618e-16
9368.48  6.23254e-16
9371.07  6.18117e-16
9373.65  6.14877e-16
9376.24  6.13042e-16
9378.83  6.1202e-16
9381.42  6.11206e-16
9384.01  6.10062e-16
9386.6   6.08192e-16
9389.19  6.05395e-16
9391.78  6.01675e-16
9394.37  5.97224e-16
9396.96  5.92369e-16
9399.55  5.87495e-16
9402.14  5.8297e-16
9404.72  5.79077e-16
9407.31  5.75978e-16
9409.9   5.737e-16
9412.49  5.72166e-16
9415.08  5.71226e-16
9417.67  5.7071e-16
9420.26  5.70459e-16
9422.85  5.70353e-16
9425.44  5.70317e-16
9428.03  5.70306e-16
9430.62  5.70304e-16
9433.21  5.70304e-16
9435.79  5.70304e-16