#12.172284644194756
3134  4.7883e-17
3135  4.72459e-17
3136  4.66053e-17
3137  4.59617e-17
3138  4.53156e-17
3139  4.46677e-17
3140  4.40183e-17
3141  4.33681e-17
3142  4.27175e-17
3143  4.20671e-17
3144  4.14174e-17
3145  4.07689e-17
3146  4.01221e-17
3147  3.94776e-17
3148  3.88358e-17
3149  3.81973e-17
3150  3.75625e-17
3151  3.69319e-17
3152  3.63059e-17
3153  3.56851e-17
3154  3.50699e-17
3155  3.44608e-17
3156  3.38581e-17
3157  3.32623e-17
3158  3.26738e-17
3159  3.2093e-17
3160  3.15202e-17
3161  3.09558e-17
3162  3.04002e-17
3163  2.98537e-17
3164  2.93167e-17
3165  2.87893e-17
3166  2.82719e-17
3167  2.77648e-17
3168  2.72682e-17
3169  2.67824e-17
3170  2.63075e-17
3171  2.58438e-17
3172  2.53914e-17
3173  2.49505e-17
3174  2.45212e-17
3175  2.41037e-17
3176  2.36981e-17
3177  2.33045e-17
3178  2.29229e-17
3179  2.25534e-17
3180  2.2196e-17
3181  2.18509e-17
3182  2.15179e-17
3183  2.1197e-17
3184  2.08883e-17
3185  2.05917e-17
3186  2.03072e-17
3187  2.00346e-17
3188  1.97739e-17
3189  1.95251e-17
3190  1.92879e-17
3191  1.90623e-17
3192  1.88482e-17
3193  1.86453e-17
3194  1.84536e-17
3195  1.82728e-17
3196  1.81029e-17
3197  1.79435e-17
3198  1.77946e-17
3199  1.7656e-17
3200  1.75273e-17
3201  1.74084e-17
3202  1.72992e-17
3203  1.71992e-17
3204  1.71085e-17
3205  1.70266e-17
3206  1.69533e-17
3207  1.68885e-17
3208  1.68319e-17
3209  1.67832e-17
3210  1.67423e-17
3211  1.67087e-17
3212  1.66824e-17
3213  1.66631e-17
3214  1.66504e-17
3215  1.66443e-17
3216  1.66444e-17
3217  1.66505e-17
3218  1.66624e-17
3219  1.66798e-17
3220  1.67026e-17
3221  1.67304e-17
3222  1.67632e-17
3223  1.68006e-17
3224  1.68425e-17
3225  1.68887e-17
3226  1.69389e-17
3227  1.69931e-17
3228  1.70509e-17
3229  1.71123e-17
3230  1.71771e-17
3231  1.7245e-17
3232  1.7316e-17
3233  1.73898e-17
3234  1.74665e-17
3235  1.75457e-17
3236  1.76274e-17
3237  1.77115e-17
3238  1.77978e-17
3239  1.78862e-17
3240  1.79767e-17
3241  1.80691e-17
3242  1.81633e-17
3243  1.82593e-17
3244  1.8357e-17
3245  1.84563e-17
3246  1.85571e-17
3247  1.86593e-17
3248  1.8763e-17
3249  1.88681e-17
3250  1.89744e-17
3251  1.90821e-17
3252  1.91909e-17
3253  1.9301e-17
3254  1.94122e-17
3255  1.95245e-17
3256  1.9638e-17
3257  1.97525e-17
3258  1.9868e-17
3259  1.99846e-17
3260  2.01023e-17
3261  2.02209e-17
3262  2.03405e-17
3263  2.0461e-17
3264  2.05825e-17
3265  2.0705e-17
3266  2.08284e-17
3267  2.09527e-17
3268  2.10778e-17
3269  2.12039e-17
3270  2.13308e-17
3271  2.14585e-17
3272  2.15871e-17
3273  2.17165e-17
3274  2.18466e-17
3275  2.19775e-17
3276  2.21091e-17
3277  2.22415e-17
3278  2.23745e-17
3279  2.25081e-17
3280  2.26423e-17
3281  2.2777e-17
3282  2.29123e-17
3283  2.3048e-17
3284  2.31842e-17
3285  2.33207e-17
3286  2.34575e-17
3287  2.35946e-17
3288  2.37319e-17
3289  2.38693e-17
3290  2.40068e-17
3291  2.41443e-17
3292  2.42818e-17
3293  2.44191e-17
3294  2.45561e-17
3295  2.46929e-17
3296  2.48294e-17
3297  2.49654e-17
3298  2.51008e-17
3299  2.52357e-17
3300  2.53698e-17
3301  2.55032e-17
3302  2.56357e-17
3303  2.57672e-17
3304  2.58977e-17
3305  2.60271e-17
3306  2.61552e-17
3307  2.62821e-17
3308  2.64075e-17
3309  2.65314e-17
3310  2.66538e-17
3311  2.67745e-17
3312  2.68934e-17
3313  2.70105e-17
3314  2.71257e-17
3315  2.7239e-17
3316  2.73501e-17
3317  2.74592e-17
3318  2.7566e-17
3319  2.76705e-17
3320  2.77727e-17
3321  2.78725e-17
3322  2.79699e-17
3323  2.80648e-17
3324  2.81571e-17
3325  2.82468e-17
3326  2.83338e-17
3327  2.84182e-17
3328  2.84999e-17
3329  2.85789e-17
3330  2.86552e-17
3331  2.87286e-17
3332  2.87994e-17
3333  2.88673e-17
3334  2.89326e-17
3335  2.8995e-17
3336  2.90548e-17
3337  2.91118e-17
3338  2.91662e-17
3339  2.92179e-17
3340  2.9267e-17
3341  2.93136e-17
3342  2.93577e-17
3343  2.93993e-17
3344  2.94386e-17
3345  2.94756e-17
3346  2.95103e-17
3347  2.9543e-17
3348  2.95735e-17
3349  2.96021e-17
3350  2.96289e-17
3351  2.96539e-17
3352  2.96773e-17
3353  2.96992e-17
3354  2.97197e-17
3355  2.97389e-17
3356  2.97569e-17
3357  2.9774e-17
3358  2.97902e-17
3359  2.98057e-17
3360  2.98205e-17
3361  2.9835e-17
3362  2.98492e-17
3363  2.98632e-17
3364  2.98772e-17
3365  2.98915e-17
3366  2.9906e-17
3367  2.99211e-17
3368  2.99368e-17
3369  2.99534e-17
3370  2.99709e-17
3371  2.99895e-17
3372  3.00095e-17
3373  3.00309e-17
3374  3.00539e-17
3375  3.00787e-17
3376  3.01054e-17
3377  3.01341e-17
3378  3.01651e-17
3379  3.01984e-17
3380  3.02342e-17
3381  3.02727e-17
3382  3.03139e-17
3383  3.0358e-17
3384  3.04051e-17
3385  3.04553e-17
3386  3.05088e-17
3387  3.05657e-17
3388  3.06259e-17
3389  3.06897e-17
3390  3.07572e-17
3391  3.08283e-17
3392  3.09032e-17
3393  3.09819e-17
3394  3.10645e-17
3395  3.11511e-17
3396  3.12416e-17
3397  3.13361e-17
3398  3.14347e-17
3399  3.15373e-17
3400  3.1644e-17
3401  3.17548e-17
3402  3.18695e-17
3403  3.19883e-17
3404  3.21111e-17
3405  3.22378e-17
3406  3.23685e-17
3407  3.2503e-17
3408  3.26413e-17
3409  3.27833e-17
3410  3.29289e-17
3411  3.30781e-17
3412  3.32307e-17
3413  3.33867e-17
3414  3.35459e-17
3415  3.37082e-17
3416  3.38735e-17
3417  3.40416e-17
3418  3.42125e-17
3419  3.43858e-17
3420  3.45616e-17
3421  3.47396e-17
3422  3.49197e-17
3423  3.51016e-17
3424  3.52853e-17
3425  3.54705e-17
3426  3.5657e-17
3427  3.58447e-17
3428  3.60334e-17
3429  3.62228e-17
3430  3.64127e-17
3431  3.6603e-17
3432  3.67935e-17
3433  3.69839e-17
3434  3.7174e-17
3435  3.73637e-17
3436  3.75527e-17
3437  3.77408e-17
3438  3.79279e-17
3439  3.81137e-17
3440  3.8298e-17
3441  3.84806e-17
3442  3.86614e-17
3443  3.88402e-17
3444  3.90167e-17
3445  3.91908e-17
3446  3.93623e-17
3447  3.95311e-17
3448  3.9697e-17
3449  3.98598e-17
3450  4.00195e-17
3451  4.01758e-17
3452  4.03286e-17
3453  4.04779e-17
3454  4.06235e-17
3455  4.07654e-17
3456  4.09033e-17
3457  4.10374e-17
3458  4.11674e-17
3459  4.12934e-17
3460  4.14152e-17
3461  4.1533e-17
3462  4.16466e-17
3463  4.17561e-17
3464  4.18614e-17
3465  4.19626e-17
3466  4.20597e-17
3467  4.21529e-17
3468  4.2242e-17
3469  4.23273e-17
3470  4.24088e-17
3471  4.24866e-17
3472  4.25609e-17
3473  4.26317e-17
3474  4.26993e-17
3475  4.27638e-17
3476  4.28253e-17
3477  4.28842e-17
3478  4.29404e-17
3479  4.29944e-17
3480  4.30463e-17
3481  4.30964e-17
3482  4.3145e-17
3483  4.31922e-17
3484  4.32384e-17
3485  4.3284e-17
3486  4.33291e-17
3487  4.33741e-17
3488  4.34194e-17
3489  4.34653e-17
3490  4.35122e-17
3491  4.35603e-17
3492  4.36102e-17
3493  4.3662e-17
3494  4.37164e-17
3495  4.37735e-17
3496  4.38338e-17
3497  4.38978e-17
3498  4.39658e-17
3499  4.40383e-17
3500  4.41155e-17
3501  4.41981e-17
3502  4.42863e-17
3503  4.43806e-17
3504  4.44814e-17
3505  4.45892e-17
3506  4.47042e-17
3507  4.4827e-17
3508  4.49579e-17
3509  4.50974e-17
3510  4.52458e-17
3511  4.54035e-17
3512  4.55709e-17
3513  4.57483e-17
3514  4.59362e-17
3515  4.61348e-17
3516  4.63445e-17
3517  4.65656e-17
3518  4.67984e-17
3519  4.70433e-17
3520  4.73004e-17
3521  4.75701e-17
3522  4.78526e-17
3523  4.81482e-17
3524  4.84569e-17
3525  4.87791e-17
3526  4.91148e-17
3527  4.94643e-17
3528  4.98276e-17
3529  5.02048e-17
3530  5.05961e-17
3531  5.10015e-17
3532  5.14209e-17
3533  5.18544e-17
3534  5.23021e-17
3535  5.27637e-17
3536  5.32393e-17
3537  5.37287e-17
3538  5.42318e-17
3539  5.47485e-17
3540  5.52785e-17
3541  5.58216e-17
3542  5.63776e-17
3543  5.69463e-17
3544  5.75272e-17
3545  5.81201e-17
3546  5.87247e-17
3547  5.93404e-17
3548  5.9967e-17
3549  6.06039e-17
3550  6.12507e-17
3551  6.19069e-17
3552  6.2572e-17
3553  6.32453e-17
3554  6.39264e-17
3555  6.46147e-17
3556  6.53094e-17
3557  6.60099e-17
3558  6.67157e-17
3559  6.74259e-17
3560  6.81398e-17
3561  6.88568e-17
3562  6.9576e-17
3563  7.02967e-17
3564  7.10181e-17
3565  7.17393e-17
3566  7.24596e-17
3567  7.31782e-17
3568  7.38941e-17
3569  7.46065e-17
3570  7.53145e-17
3571  7.60173e-17
3572  7.67141e-17
3573  7.74038e-17
3574  7.80856e-17
3575  7.87586e-17
3576  7.9422e-17
3577  8.00748e-17
3578  8.07161e-17
3579  8.13452e-17
3580  8.1961e-17
3581  8.25628e-17
3582  8.31496e-17
3583  8.37207e-17
3584  8.42751e-17
3585  8.48122e-17
3586  8.5331e-17
3587  8.58309e-17
3588  8.6311e-17
3589  8.67706e-17
3590  8.72091e-17
3591  8.76256e-17
3592  8.80196e-17
3593  8.83904e-17
3594  8.87375e-17
3595  8.90602e-17
3596  8.9358e-17
3597  8.96304e-17
3598  8.98769e-17
3599  9.00971e-17
3600  9.02907e-17
3601  9.04572e-17
3602  9.05963e-17
3603  9.07078e-17
3604  9.07915e-17
3605  9.08471e-17
3606  9.08745e-17
3607  9.08736e-17
3608  9.08444e-17
3609  9.07869e-17
3610  9.07011e-17
3611  9.0587e-17
3612  9.04449e-17
3613  9.02749e-17
3614  9.00772e-17
3615  8.98521e-17
3616  8.96001e-17
3617  8.93213e-17
3618  8.90163e-17
3619  8.86856e-17
3620  8.83296e-17
3621  8.79489e-17
3622  8.75441e-17
3623  8.7116e-17
3624  8.66652e-17
3625  8.61924e-17
3626  8.56985e-17
3627  8.51842e-17
3628  8.46505e-17
3629  8.40983e-17
3630  8.35285e-17
3631  8.29422e-17
3632  8.23403e-17
3633  8.17239e-17
3634  8.10942e-17
3635  8.04521e-17
3636  7.9799e-17
3637  7.9136e-17
3638  7.84643e-17
3639  7.77851e-17
3640  7.70996e-17
3641  7.64093e-17
3642  7.57153e-17
3643  7.5019e-17
3644  7.43217e-17
3645  7.36247e-17
3646  7.29294e-17
3647  7.22371e-17
3648  7.15492e-17
3649  7.0867e-17
3650  7.01919e-17
3651  6.95253e-17
3652  6.88685e-17
3653  6.82228e-17
3654  6.75896e-17
3655  6.69702e-17
3656  6.6366e-17
3657  6.57781e-17
3658  6.52078e-17
3659  6.46565e-17
3660  6.41253e-17
3661  6.36155e-17
3662  6.31282e-17
3663  6.26645e-17
3664  6.22256e-17
3665  6.18125e-17
3666  6.14263e-17
3667  6.1068e-17
3668  6.07385e-17
3669  6.04388e-17
3670  6.01697e-17
3671  5.9932e-17
3672  5.97266e-17
3673  5.95542e-17
3674  5.94154e-17
3675  5.93109e-17
3676  5.92413e-17
3677  5.92071e-17
3678  5.92087e-17
3679  5.92467e-17
3680  5.93212e-17
3681  5.94328e-17
3682  5.95815e-17
3683  5.97677e-17
3684  5.99914e-17
3685  6.02526e-17
3686  6.05515e-17
3687  6.0888e-17
3688  6.12619e-17
3689  6.16731e-17
3690  6.21214e-17
3691  6.26064e-17
3692  6.3128e-17
3693  6.36856e-17
3694  6.42789e-17
3695  6.49072e-17
3696  6.55702e-17
3697  6.6267e-17
3698  6.69972e-17
3699  6.77599e-17
3700  6.85545e-17
3701  6.938e-17
3702  7.02356e-17
3703  7.11205e-17
3704  7.20336e-17
3705  7.29741e-17
3706  7.39407e-17
3707  7.49326e-17
3708  7.59485e-17
3709  7.69874e-17
3710  7.8048e-17
3711  7.91292e-17
3712  8.02297e-17
3713  8.13484e-17
3714  8.24838e-17
3715  8.36347e-17
3716  8.47998e-17
3717  8.59777e-17
3718  8.71672e-17
3719  8.83668e-17
3720  8.95752e-17
3721  9.0791e-17
3722  9.20129e-17
3723  9.32394e-17
3724  9.44692e-17
3725  9.57009e-17
3726  9.69331e-17
3727  9.81646e-17
3728  9.93938e-17
3729  1.0062e-16
3730  1.01841e-16
3731  1.03055e-16
3732  1.04263e-16
3733  1.05462e-16
3734  1.06651e-16
3735  1.07828e-16
3736  1.08994e-16
3737  1.10146e-16
3738  1.11284e-16
3739  1.12406e-16
3740  1.13511e-16
3741  1.14599e-16
3742  1.15668e-16
3743  1.16717e-16
3744  1.17747e-16
3745  1.18754e-16
3746  1.1974e-16
3747  1.20703e-16
3748  1.21642e-16
3749  1.22557e-16
3750  1.23448e-16
3751  1.24313e-16
3752  1.25152e-16
3753  1.25965e-16
3754  1.26751e-16
3755  1.2751e-16
3756  1.28241e-16
3757  1.28946e-16
3758  1.29622e-16
3759  1.3027e-16
3760  1.3089e-16
3761  1.31482e-16
3762  1.32046e-16
3763  1.32582e-16
3764  1.3309e-16
3765  1.3357e-16
3766  1.34023e-16
3767  1.34449e-16
3768  1.34847e-16
3769  1.35219e-16
3770  1.35564e-16
3771  1.35884e-16
3772  1.36179e-16
3773  1.36448e-16
3774  1.36694e-16
3775  1.36916e-16
3776  1.37114e-16
3777  1.37291e-16
3778  1.37446e-16
3779  1.3758e-16
3780  1.37694e-16
3781  1.37789e-16
3782  1.37865e-16
3783  1.37924e-16
3784  1.37966e-16
3785  1.37992e-16
3786  1.38004e-16
3787  1.38001e-16
3788  1.37986e-16
3789  1.37958e-16
3790  1.3792e-16
3791  1.37871e-16
3792  1.37814e-16
3793  1.37748e-16
3794  1.37676e-16
3795  1.37597e-16
3796  1.37514e-16
3797  1.37426e-16
3798  1.37336e-16
3799  1.37244e-16
3800  1.37151e-16
3801  1.37057e-16
3802  1.36965e-16
3803  1.36875e-16
3804  1.36788e-16
3805  1.36705e-16
3806  1.36626e-16
3807  1.36554e-16
3808  1.36488e-16
3809  1.36429e-16
3810  1.36379e-16
3811  1.36337e-16
3812  1.36306e-16
3813  1.36285e-16
3814  1.36276e-16
3815  1.36279e-16
3816  1.36294e-16
3817  1.36323e-16
3818  1.36366e-16
3819  1.36423e-16
3820  1.36496e-16
3821  1.36584e-16
3822  1.36689e-16
3823  1.36809e-16
3824  1.36947e-16
3825  1.37102e-16
3826  1.37275e-16
3827  1.37466e-16
3828  1.37675e-16
3829  1.37902e-16
3830  1.38148e-16
3831  1.38413e-16
3832  1.38696e-16
3833  1.38998e-16
3834  1.3932e-16
3835  1.3966e-16
3836  1.40019e-16
3837  1.40397e-16
3838  1.40793e-16
3839  1.41209e-16
3840  1.41642e-16
3841  1.42094e-16
3842  1.42563e-16
3843  1.4305e-16
3844  1.43554e-16
3845  1.44076e-16
3846  1.44613e-16
3847  1.45167e-16
3848  1.45737e-16
3849  1.46322e-16
3850  1.46921e-16
3851  1.47535e-16
3852  1.48162e-16
3853  1.48803e-16
3854  1.49456e-16
3855  1.50121e-16
3856  1.50797e-16
3857  1.51484e-16
3858  1.5218e-16
3859  1.52886e-16
3860  1.53601e-16
3861  1.54323e-16
3862  1.55052e-16
3863  1.55787e-16
3864  1.56528e-16
3865  1.57274e-16
3866  1.58024e-16
3867  1.58777e-16
3868  1.59532e-16
3869  1.60289e-16
3870  1.61046e-16
3871  1.61804e-16
3872  1.6256e-16
3873  1.63315e-16
3874  1.64068e-16
3875  1.64817e-16
3876  1.65562e-16
3877  1.66301e-16
3878  1.67036e-16
3879  1.67763e-16
3880  1.68483e-16
3881  1.69195e-16
3882  1.69898e-16
3883  1.70592e-16
3884  1.71275e-16
3885  1.71946e-16
3886  1.72606e-16
3887  1.73253e-16
3888  1.73886e-16
3889  1.74506e-16
3890  1.7511e-16
3891  1.75699e-16
3892  1.76272e-16
3893  1.76828e-16
3894  1.77367e-16
3895  1.77888e-16
3896  1.7839e-16
3897  1.78873e-16
3898  1.79337e-16
3899  1.7978e-16
3900  1.80203e-16
3901  1.80605e-16
3902  1.80985e-16
3903  1.81343e-16
3904  1.81679e-16
3905  1.81991e-16
3906  1.82281e-16
3907  1.82548e-16
3908  1.8279e-16
3909  1.83009e-16
3910  1.83203e-16
3911  1.83373e-16
3912  1.83518e-16
3913  1.83639e-16
3914  1.83734e-16
3915  1.83804e-16
3916  1.83849e-16
3917  1.83869e-16
3918  1.83864e-16
3919  1.83833e-16
3920  1.83777e-16
3921  1.83695e-16
3922  1.83589e-16
3923  1.83457e-16
3924  1.83301e-16
3925  1.83119e-16
3926  1.82913e-16
3927  1.82683e-16
3928  1.82428e-16
3929  1.8215e-16
3930  1.81848e-16
3931  1.81522e-16
3932  1.81174e-16
3933  1.80803e-16
3934  1.80409e-16
3935  1.79994e-16
3936  1.79557e-16
3937  1.79099e-16
3938  1.78621e-16
3939  1.78122e-16
3940  1.77604e-16
3941  1.77067e-16
3942  1.76512e-16
3943  1.75939e-16
3944  1.75348e-16
3945  1.74741e-16
3946  1.74117e-16
3947  1.73478e-16
3948  1.72825e-16
3949  1.72157e-16
3950  1.71476e-16
3951  1.70783e-16
3952  1.70077e-16
3953  1.6936e-16
3954  1.68632e-16
3955  1.67895e-16
3956  1.67149e-16
3957  1.66395e-16
3958  1.65633e-16
3959  1.64864e-16
3960  1.6409e-16
3961  1.6331e-16
3962  1.62526e-16
3963  1.61739e-16
3964  1.60949e-16
3965  1.60157e-16
3966  1.59364e-16
3967  1.58571e-16
3968  1.57779e-16
3969  1.56987e-16
3970  1.56198e-16
3971  1.55412e-16
3972  1.5463e-16
3973  1.53852e-16
3974  1.5308e-16
3975  1.52313e-16
3976  1.51554e-16
3977  1.50802e-16
3978  1.50058e-16
3979  1.49323e-16
3980  1.48599e-16
3981  1.47884e-16
3982  1.47181e-16
3983  1.4649e-16
3984  1.45811e-16
3985  1.45146e-16
3986  1.44494e-16
3987  1.43857e-16
3988  1.43234e-16
3989  1.42627e-16
3990  1.42037e-16
3991  1.41462e-16
3992  1.40905e-16
3993  1.40366e-16
3994  1.39844e-16
3995  1.39341e-16
3996  1.38857e-16
3997  1.38392e-16
3998  1.37947e-16
3999  1.37521e-16
4000  1.37116e-16
4001  1.36732e-16
4002  1.36368e-16
4003  1.36025e-16
4004  1.35703e-16
4005  1.35403e-16
4006  1.35124e-16
4007  1.34867e-16
4008  1.34631e-16
4009  1.34418e-16
4010  1.34226e-16
4011  1.34055e-16
4012  1.33907e-16
4013  1.3378e-16
4014  1.33675e-16
4015  1.33592e-16
4016  1.33529e-16
4017  1.33488e-16
4018  1.33468e-16
4019  1.33469e-16
4020  1.33491e-16
4021  1.33532e-16
4022  1.33594e-16
4023  1.33675e-16
4024  1.33776e-16
4025  1.33896e-16
4026  1.34035e-16
4027  1.34191e-16
4028  1.34366e-16
4029  1.34558e-16
4030  1.34767e-16
4031  1.34992e-16
4032  1.35234e-16
4033  1.3549e-16
4034  1.35762e-16
4035  1.36048e-16
4036  1.36348e-16
4037  1.36662e-16
4038  1.36988e-16
4039  1.37326e-16
4040  1.37676e-16
4041  1.38036e-16
4042  1.38407e-16
4043  1.38788e-16
4044  1.39178e-16
4045  1.39576e-16
4046  1.39983e-16
4047  1.40396e-16
4048  1.40816e-16
4049  1.41243e-16
4050  1.41674e-16
4051  1.42111e-16
4052  1.42551e-16
4053  1.42995e-16
4054  1.43443e-16
4055  1.43892e-16
4056  1.44343e-16
4057  1.44796e-16
4058  1.45249e-16
4059  1.45703e-16
4060  1.46155e-16
4061  1.46607e-16
4062  1.47058e-16
4063  1.47506e-16
4064  1.47952e-16
4065  1.48395e-16
4066  1.48835e-16
4067  1.49271e-16
4068  1.49703e-16
4069  1.5013e-16
4070  1.50552e-16
4071  1.50968e-16
4072  1.51379e-16
4073  1.51784e-16
4074  1.52183e-16
4075  1.52575e-16
4076  1.5296e-16
4077  1.53338e-16
4078  1.53709e-16
4079  1.54072e-16
4080  1.54428e-16
4081  1.54776e-16
4082  1.55116e-16
4083  1.55447e-16
4084  1.55771e-16
4085  1.56087e-16
4086  1.56394e-16
4087  1.56693e-16
4088  1.56984e-16
4089  1.57267e-16
4090  1.57542e-16
4091  1.57808e-16
4092  1.58067e-16
4093  1.58317e-16
4094  1.5856e-16
4095  1.58795e-16
4096  1.59022e-16
4097  1.59243e-16
4098  1.59456e-16
4099  1.59662e-16
4100  1.59861e-16
4101  1.60054e-16
4102  1.6024e-16
4103  1.6042e-16
4104  1.60595e-16
4105  1.60764e-16
4106  1.60928e-16
4107  1.61086e-16
4108  1.6124e-16
4109  1.6139e-16
4110  1.61535e-16
4111  1.61676e-16
4112  1.61814e-16
4113  1.61949e-16
4114  1.6208e-16
4115  1.6221e-16
4116  1.62336e-16
4117  1.62461e-16
4118  1.62584e-16
4119  1.62705e-16
4120  1.62825e-16
4121  1.62944e-16
4122  1.63063e-16
4123  1.63181e-16
4124  1.63299e-16
4125  1.63417e-16
4126  1.63536e-16
4127  1.63655e-16
4128  1.63774e-16
4129  1.63895e-16
4130  1.64017e-16
4131  1.6414e-16
4132  1.64265e-16
4133  1.64391e-16
4134  1.64519e-16
4135  1.64649e-16
4136  1.64781e-16
4137  1.64915e-16
4138  1.65051e-16
4139  1.65189e-16
4140  1.65329e-16
4141  1.65471e-16
4142  1.65616e-16
4143  1.65763e-16
4144  1.65911e-16
4145  1.66062e-16
4146  1.66215e-16
4147  1.66369e-16
4148  1.66526e-16
4149  1.66683e-16
4150  1.66843e-16
4151  1.67003e-16
4152  1.67165e-16
4153  1.67328e-16
4154  1.67491e-16
4155  1.67655e-16
4156  1.67819e-16
4157  1.67983e-16
4158  1.68147e-16
4159  1.6831e-16
4160  1.68472e-16
4161  1.68633e-16
4162  1.68793e-16
4163  1.68951e-16
4164  1.69106e-16
4165  1.6926e-16
4166  1.6941e-16
4167  1.69557e-16
4168  1.697e-16
4169  1.6984e-16
4170  1.69975e-16
4171  1.70106e-16
4172  1.70231e-16
4173  1.70351e-16
4174  1.70465e-16
4175  1.70573e-16
4176  1.70674e-16
4177  1.70768e-16
4178  1.70855e-16
4179  1.70934e-16
4180  1.71005e-16
4181  1.71067e-16
4182  1.71121e-16
4183  1.71165e-16
4184  1.712e-16
4185  1.71225e-16
4186  1.7124e-16
4187  1.71244e-16
4188  1.71237e-16
4189  1.7122e-16
4190  1.71191e-16
4191  1.7115e-16
4192  1.71097e-16
4193  1.71033e-16
4194  1.70956e-16
4195  1.70866e-16
4196  1.70764e-16
4197  1.70648e-16
4198  1.7052e-16
4199  1.70379e-16
4200  1.70224e-16
4201  1.70056e-16
4202  1.69874e-16
4203  1.69679e-16
4204  1.6947e-16
4205  1.69248e-16
4206  1.69012e-16
4207  1.68762e-16
4208  1.68499e-16
4209  1.68222e-16
4210  1.67932e-16
4211  1.67629e-16
4212  1.67312e-16
4213  1.66983e-16
4214  1.6664e-16
4215  1.66285e-16
4216  1.65917e-16
4217  1.65537e-16
4218  1.65144e-16
4219  1.6474e-16
4220  1.64324e-16
4221  1.63897e-16
4222  1.63458e-16
4223  1.63009e-16
4224  1.6255e-16
4225  1.6208e-16
4226  1.616e-16
4227  1.61112e-16
4228  1.60614e-16
4229  1.60108e-16
4230  1.59593e-16
4231  1.59071e-16
4232  1.58541e-16
4233  1.58004e-16
4234  1.57461e-16
4235  1.56911e-16
4236  1.56356e-16
4237  1.55796e-16
4238  1.55231e-16
4239  1.54662e-16
4240  1.54089e-16
4241  1.53513e-16
4242  1.52934e-16
4243  1.52352e-16
4244  1.51769e-16
4245  1.51184e-16
4246  1.50599e-16
4247  1.50013e-16
4248  1.49427e-16
4249  1.48841e-16
4250  1.48256e-16
4251  1.47673e-16
4252  1.47091e-16
4253  1.46512e-16
4254  1.45936e-16
4255  1.45362e-16
4256  1.44793e-16
4257  1.44227e-16
4258  1.43666e-16
4259  1.43109e-16
4260  1.42557e-16
4261  1.42011e-16
4262  1.41471e-16
4263  1.40938e-16
4264  1.4041e-16
4265  1.3989e-16
4266  1.39377e-16
4267  1.38871e-16
4268  1.38373e-16
4269  1.37883e-16
4270  1.37402e-16
4271  1.36929e-16
4272  1.36465e-16
4273  1.36009e-16
4274  1.35563e-16
4275  1.35126e-16
4276  1.34699e-16
4277  1.34281e-16
4278  1.33874e-16
4279  1.33476e-16
4280  1.33088e-16
4281  1.3271e-16
4282  1.32342e-16
4283  1.31985e-16
4284  1.31638e-16
4285  1.31301e-16
4286  1.30974e-16
4287  1.30658e-16
4288  1.30352e-16
4289  1.30057e-16
4290  1.29771e-16
4291  1.29496e-16
4292  1.29231e-16
4293  1.28976e-16
4294  1.28731e-16
4295  1.28496e-16
4296  1.28271e-16
4297  1.28056e-16
4298  1.27849e-16
4299  1.27653e-16
4300  1.27465e-16
4301  1.27287e-16
4302  1.27117e-16
4303  1.26957e-16
4304  1.26805e-16
4305  1.26661e-16
4306  1.26525e-16
4307  1.26398e-16
4308  1.26278e-16
4309  1.26166e-16
4310  1.26061e-16
4311  1.25964e-16
4312  1.25873e-16
4313  1.2579e-16
4314  1.25712e-16
4315  1.25642e-16
4316  1.25577e-16
4317  1.25518e-16
4318  1.25465e-16
4319  1.25417e-16
4320  1.25374e-16
4321  1.25337e-16
4322  1.25304e-16
4323  1.25276e-16
4324  1.25252e-16
4325  1.25233e-16
4326  1.25218e-16
4327  1.25206e-16
4328  1.25198e-16
4329  1.25193e-16
4330  1.25192e-16
4331  1.25194e-16
4332  1.25198e-16
4333  1.25206e-16
4334  1.25216e-16
4335  1.25228e-16
4336  1.25243e-16
4337  1.2526e-16
4338  1.25279e-16
4339  1.253e-16
4340  1.25323e-16
4341  1.25348e-16
4342  1.25374e-16
4343  1.25402e-16
4344  1.25431e-16
4345  1.25462e-16
4346  1.25495e-16
4347  1.25528e-16
4348  1.25563e-16
4349  1.25599e-16
4350  1.25637e-16
4351  1.25676e-16
4352  1.25716e-16
4353  1.25757e-16
4354  1.258e-16
4355  1.25844e-16
4356  1.25889e-16
4357  1.25936e-16
4358  1.25984e-16
4359  1.26034e-16
4360  1.26085e-16
4361  1.26138e-16
4362  1.26192e-16
4363  1.26249e-16
4364  1.26307e-16
4365  1.26367e-16
4366  1.2643e-16
4367  1.26494e-16
4368  1.26562e-16
4369  1.26631e-16
4370  1.26703e-16
4371  1.26778e-16
4372  1.26856e-16
4373  1.26937e-16
4374  1.27021e-16
4375  1.27109e-16
4376  1.272e-16
4377  1.27295e-16
4378  1.27394e-16
4379  1.27496e-16
4380  1.27603e-16
4381  1.27714e-16
4382  1.2783e-16
4383  1.27951e-16
4384  1.28076e-16
4385  1.28207e-16
4386  1.28342e-16
4387  1.28483e-16
4388  1.2863e-16
4389  1.28783e-16
4390  1.28941e-16
4391  1.29106e-16
4392  1.29276e-16
4393  1.29454e-16
4394  1.29637e-16
4395  1.29828e-16
4396  1.30025e-16
4397  1.3023e-16
4398  1.30441e-16
4399  1.3066e-16
4400  1.30887e-16
4401  1.31121e-16
4402  1.31362e-16
4403  1.31612e-16
4404  1.31869e-16
4405  1.32134e-16
4406  1.32408e-16
4407  1.3269e-16
4408  1.3298e-16
4409  1.33278e-16
4410  1.33585e-16
4411  1.339e-16
4412  1.34224e-16
4413  1.34556e-16
4414  1.34897e-16
4415  1.35247e-16
4416  1.35605e-16
4417  1.35972e-16
4418  1.36348e-16
4419  1.36732e-16
4420  1.37126e-16
4421  1.37527e-16
4422  1.37937e-16
4423  1.38356e-16
4424  1.38784e-16
4425  1.39219e-16
4426  1.39664e-16
4427  1.40116e-16
4428  1.40577e-16
4429  1.41046e-16
4430  1.41523e-16
4431  1.42008e-16
4432  1.42501e-16
4433  1.43001e-16
4434  1.43509e-16
4435  1.44025e-16
4436  1.44548e-16
4437  1.45078e-16
4438  1.45615e-16
4439  1.46159e-16
4440  1.4671e-16
4441  1.47268e-16
4442  1.47832e-16
4443  1.48402e-16
4444  1.48978e-16
4445  1.4956e-16
4446  1.50148e-16
4447  1.50742e-16
4448  1.5134e-16
4449  1.51944e-16
4450  1.52553e-16
4451  1.53167e-16
4452  1.53785e-16
4453  1.54408e-16
4454  1.55035e-16
4455  1.55666e-16
4456  1.563e-16
4457  1.56939e-16
4458  1.5758e-16
4459  1.58225e-16
4460  1.58873e-16
4461  1.59524e-16
4462  1.60178e-16
4463  1.60834e-16
4464  1.61493e-16
4465  1.62154e-16
4466  1.62816e-16
4467  1.63481e-16
4468  1.64147e-16
4469  1.64815e-16
4470  1.65484e-16
4471  1.66155e-16
4472  1.66826e-16
4473  1.67499e-16
4474  1.68172e-16
4475  1.68846e-16
4476  1.69521e-16
4477  1.70196e-16
4478  1.70871e-16
4479  1.71547e-16
4480  1.72223e-16
4481  1.72899e-16
4482  1.73575e-16
4483  1.74251e-16
4484  1.74926e-16
4485  1.75602e-16
4486  1.76277e-16
4487  1.76952e-16
4488  1.77626e-16
4489  1.783e-16
4490  1.78974e-16
4491  1.79647e-16
4492  1.80319e-16
4493  1.80991e-16
4494  1.81662e-16
4495  1.82333e-16
4496  1.83003e-16
4497  1.83672e-16
4498  1.84341e-16
4499  1.85008e-16
4500  1.85676e-16
4501  1.86342e-16
4502  1.87007e-16
4503  1.87672e-16
4504  1.88336e-16
4505  1.89e-16
4506  1.89662e-16
4507  1.90324e-16
4508  1.90985e-16
4509  1.91645e-16
4510  1.92305e-16
4511  1.92964e-16
4512  1.93621e-16
4513  1.94278e-16
4514  1.94934e-16
4515  1.95589e-16
4516  1.96243e-16
4517  1.96896e-16
4518  1.97549e-16
4519  1.982e-16
4520  1.98849e-16
4521  1.99498e-16
4522  2.00145e-16
4523  2.00791e-16
4524  2.01436e-16
4525  2.02079e-16
4526  2.0272e-16
4527  2.0336e-16
4528  2.03998e-16
4529  2.04634e-16
4530  2.05267e-16
4531  2.05899e-16
4532  2.06528e-16
4533  2.07154e-16
4534  2.07778e-16
4535  2.08399e-16
4536  2.09017e-16
4537  2.09631e-16
4538  2.10242e-16
4539  2.1085e-16
4540  2.11453e-16
4541  2.12052e-16
4542  2.12647e-16
4543  2.13237e-16
4544  2.13823e-16
4545  2.14403e-16
4546  2.14978e-16
4547  2.15547e-16
4548  2.1611e-16
4549  2.16666e-16
4550  2.17216e-16
4551  2.17759e-16
4552  2.18295e-16
4553  2.18824e-16
4554  2.19344e-16
4555  2.19856e-16
4556  2.2036e-16
4557  2.20855e-16
4558  2.2134e-16
4559  2.21816e-16
4560  2.22282e-16
4561  2.22738e-16
4562  2.23182e-16
4563  2.23616e-16
4564  2.24039e-16
4565  2.2445e-16
4566  2.24848e-16
4567  2.25235e-16
4568  2.25608e-16
4569  2.25969e-16
4570  2.26315e-16
4571  2.26648e-16
4572  2.26967e-16
4573  2.27271e-16
4574  2.27561e-16
4575  2.27835e-16
4576  2.28093e-16
4577  2.28336e-16
4578  2.28563e-16
4579  2.28773e-16
4580  2.28967e-16
4581  2.29143e-16
4582  2.29302e-16
4583  2.29444e-16
4584  2.29568e-16
4585  2.29674e-16
4586  2.29761e-16
4587  2.29831e-16
4588  2.29881e-16
4589  2.29913e-16
4590  2.29925e-16
4591  2.29919e-16
4592  2.29893e-16
4593  2.29847e-16
4594  2.29782e-16
4595  2.29697e-16
4596  2.29592e-16
4597  2.29468e-16
4598  2.29323e-16
4599  2.29159e-16
4600  2.28974e-16
4601  2.28769e-16
4602  2.28544e-16
4603  2.28299e-16
4604  2.28034e-16
4605  2.27749e-16
4606  2.27444e-16
4607  2.2712e-16
4608  2.26775e-16
4609  2.26411e-16
4610  2.26027e-16
4611  2.25623e-16
4612  2.25201e-16
4613  2.24759e-16
4614  2.24298e-16
4615  2.23819e-16
4616  2.23321e-16
4617  2.22805e-16
4618  2.2227e-16
4619  2.21718e-16
4620  2.21148e-16
4621  2.20561e-16
4622  2.19956e-16
4623  2.19335e-16
4624  2.18698e-16
4625  2.18044e-16
4626  2.17374e-16
4627  2.16689e-16
4628  2.15989e-16
4629  2.15273e-16
4630  2.14544e-16
4631  2.138e-16
4632  2.13042e-16
4633  2.12271e-16
4634  2.11487e-16
4635  2.1069e-16
4636  2.09881e-16
4637  2.09061e-16
4638  2.08228e-16
4639  2.07385e-16
4640  2.06531e-16
4641  2.05667e-16
4642  2.04793e-16
4643  2.03909e-16
4644  2.03017e-16
4645  2.02115e-16
4646  2.01206e-16
4647  2.00289e-16
4648  1.99364e-16
4649  1.98432e-16
4650  1.97494e-16
4651  1.9655e-16
4652  1.95599e-16
4653  1.94644e-16
4654  1.93683e-16
4655  1.92718e-16
4656  1.91748e-16
4657  1.90774e-16
4658  1.89797e-16
4659  1.88817e-16
4660  1.87834e-16
4661  1.86849e-16
4662  1.85861e-16
4663  1.84872e-16
4664  1.83881e-16
4665  1.8289e-16
4666  1.81897e-16
4667  1.80904e-16
4668  1.79911e-16
4669  1.78919e-16
4670  1.77927e-16
4671  1.76935e-16
4672  1.75945e-16
4673  1.74956e-16
4674  1.73969e-16
4675  1.72984e-16
4676  1.72001e-16
4677  1.71021e-16
4678  1.70043e-16
4679  1.69068e-16
4680  1.68097e-16
4681  1.67129e-16
4682  1.66164e-16
4683  1.65204e-16
4684  1.64248e-16
4685  1.63296e-16
4686  1.62348e-16
4687  1.61406e-16
4688  1.60469e-16
4689  1.59536e-16
4690  1.58609e-16
4691  1.57688e-16
4692  1.56773e-16
4693  1.55863e-16
4694  1.5496e-16
4695  1.54063e-16
4696  1.53173e-16
4697  1.52289e-16
4698  1.51413e-16
4699  1.50543e-16
4700  1.49681e-16
4701  1.48826e-16
4702  1.47979e-16
4703  1.47139e-16
4704  1.46308e-16
4705  1.45484e-16
4706  1.44669e-16
4707  1.43862e-16
4708  1.43064e-16
4709  1.42275e-16
4710  1.41495e-16
4711  1.40724e-16
4712  1.39962e-16
4713  1.39209e-16
4714  1.38467e-16
4715  1.37734e-16
4716  1.37011e-16
4717  1.36298e-16
4718  1.35595e-16
4719  1.34903e-16
4720  1.34222e-16
4721  1.33551e-16
4722  1.32892e-16
4723  1.32243e-16
4724  1.31606e-16
4725  1.3098e-16
4726  1.30365e-16
4727  1.29763e-16
4728  1.29172e-16
4729  1.28593e-16
4730  1.28026e-16
4731  1.27472e-16
4732  1.2693e-16
4733  1.264e-16
4734  1.25884e-16
4735  1.2538e-16
4736  1.24889e-16
4737  1.24411e-16
4738  1.23946e-16
4739  1.23494e-16
4740  1.23055e-16
4741  1.2263e-16
4742  1.22218e-16
4743  1.2182e-16
4744  1.21436e-16
4745  1.21065e-16
4746  1.20707e-16
4747  1.20363e-16
4748  1.20033e-16
4749  1.19717e-16
4750  1.19414e-16
4751  1.19125e-16
4752  1.18849e-16
4753  1.18587e-16
4754  1.18339e-16
4755  1.18104e-16
4756  1.17883e-16
4757  1.17674e-16
4758  1.17479e-16
4759  1.17297e-16
4760  1.17128e-16
4761  1.16972e-16
4762  1.16828e-16
4763  1.16697e-16
4764  1.16578e-16
4765  1.16471e-16
4766  1.16376e-16
4767  1.16292e-16
4768  1.1622e-16
4769  1.16159e-16
4770  1.16109e-16
4771  1.1607e-16
4772  1.1604e-16
4773  1.16021e-16
4774  1.16011e-16
4775  1.16011e-16
4776  1.1602e-16
4777  1.16037e-16
4778  1.16062e-16
4779  1.16095e-16
4780  1.16136e-16
4781  1.16184e-16
4782  1.16238e-16
4783  1.16299e-16
4784  1.16365e-16
4785  1.16437e-16
4786  1.16514e-16
4787  1.16595e-16
4788  1.1668e-16
4789  1.16769e-16
4790  1.16861e-16
4791  1.16955e-16
4792  1.17052e-16
4793  1.1715e-16
4794  1.1725e-16
4795  1.1735e-16
4796  1.1745e-16
4797  1.17551e-16
4798  1.1765e-16
4799  1.17749e-16
4800  1.17845e-16
4801  1.1794e-16
4802  1.18033e-16
4803  1.18122e-16
4804  1.18208e-16
4805  1.1829e-16
4806  1.18367e-16
4807  1.1844e-16
4808  1.18508e-16
4809  1.18571e-16
4810  1.18628e-16
4811  1.18678e-16
4812  1.18722e-16
4813  1.18759e-16
4814  1.18788e-16
4815  1.1881e-16
4816  1.18824e-16
4817  1.1883e-16
4818  1.18828e-16
4819  1.18817e-16
4820  1.18797e-16
4821  1.18768e-16
4822  1.1873e-16
4823  1.18682e-16
4824  1.18625e-16
4825  1.18558e-16
4826  1.18481e-16
4827  1.18394e-16
4828  1.18298e-16
4829  1.18191e-16
4830  1.18074e-16
4831  1.17947e-16
4832  1.1781e-16
4833  1.17664e-16
4834  1.17507e-16
4835  1.1734e-16
4836  1.17164e-16
4837  1.16978e-16
4838  1.16783e-16
4839  1.16578e-16
4840  1.16364e-16
4841  1.16142e-16
4842  1.1591e-16
4843  1.15671e-16
4844  1.15423e-16
4845  1.15167e-16
4846  1.14904e-16
4847  1.14633e-16
4848  1.14355e-16
4849  1.14071e-16
4850  1.13781e-16
4851  1.13485e-16
4852  1.13183e-16
4853  1.12876e-16
4854  1.12565e-16
4855  1.1225e-16
4856  1.1193e-16
4857  1.11608e-16
4858  1.11282e-16
4859  1.10954e-16
4860  1.10624e-16
4861  1.10293e-16
4862  1.0996e-16
4863  1.09628e-16
4864  1.09295e-16
4865  1.08962e-16
4866  1.08631e-16
4867  1.083e-16
4868  1.07972e-16
4869  1.07646e-16
4870  1.07323e-16
4871  1.07003e-16
4872  1.06687e-16
4873  1.06375e-16
4874  1.06068e-16
4875  1.05766e-16
4876  1.0547e-16
4877  1.05179e-16
4878  1.04895e-16
4879  1.04618e-16
4880  1.04348e-16
4881  1.04086e-16
4882  1.03831e-16
4883  1.03585e-16
4884  1.03347e-16
4885  1.03118e-16
4886  1.02899e-16
4887  1.02689e-16
4888  1.02489e-16
4889  1.02298e-16
4890  1.02118e-16
4891  1.01948e-16
4892  1.01789e-16
4893  1.01641e-16
4894  1.01504e-16
4895  1.01378e-16
4896  1.01262e-16
4897  1.01159e-16
4898  1.01066e-16
4899  1.00985e-16
4900  1.00915e-16
4901  1.00856e-16
4902  1.00809e-16
4903  1.00773e-16
4904  1.00749e-16
4905  1.00735e-16
4906  1.00732e-16
4907  1.00741e-16
4908  1.0076e-16
4909  1.0079e-16
4910  1.0083e-16
4911  1.00881e-16
4912  1.00941e-16
4913  1.01011e-16
4914  1.01091e-16
4915  1.0118e-16
4916  1.01278e-16
4917  1.01385e-16
4918  1.015e-16
4919  1.01623e-16
4920  1.01753e-16
4921  1.01892e-16
4922  1.02037e-16
4923  1.02188e-16
4924  1.02346e-16
4925  1.0251e-16
4926  1.0268e-16
4927  1.02854e-16
4928  1.03033e-16
4929  1.03217e-16
4930  1.03404e-16
4931  1.03595e-16
4932  1.03789e-16
4933  1.03986e-16
4934  1.04184e-16
4935  1.04385e-16
4936  1.04587e-16
4937  1.0479e-16
4938  1.04994e-16
4939  1.05198e-16
4940  1.05402e-16
4941  1.05605e-16
4942  1.05808e-16
4943  1.06009e-16
4944  1.06208e-16
4945  1.06406e-16
4946  1.06601e-16
4947  1.06794e-16
4948  1.06984e-16
4949  1.07171e-16
4950  1.07355e-16
4951  1.07534e-16
4952  1.0771e-16
4953  1.07882e-16
4954  1.08049e-16
4955  1.08212e-16
4956  1.0837e-16
4957  1.08524e-16
4958  1.08672e-16
4959  1.08815e-16
4960  1.08953e-16
4961  1.09086e-16
4962  1.09214e-16
4963  1.09336e-16
4964  1.09452e-16
4965  1.09564e-16
4966  1.0967e-16
4967  1.0977e-16
4968  1.09866e-16
4969  1.09956e-16
4970  1.10041e-16
4971  1.10121e-16
4972  1.10197e-16
4973  1.10267e-16
4974  1.10334e-16
4975  1.10396e-16
4976  1.10453e-16
4977  1.10507e-16
4978  1.10558e-16
4979  1.10605e-16
4980  1.10649e-16
4981  1.1069e-16
4982  1.10729e-16
4983  1.10765e-16
4984  1.108e-16
4985  1.10833e-16
4986  1.10865e-16
4987  1.10896e-16
4988  1.10926e-16
4989  1.10957e-16
4990  1.10988e-16
4991  1.11019e-16
4992  1.11051e-16
4993  1.11085e-16
4994  1.11121e-16
4995  1.11159e-16
4996  1.112e-16
4997  1.11244e-16
4998  1.11291e-16
4999  1.11342e-16
5000  1.11397e-16
5001  1.11457e-16
5002  1.11522e-16
5003  1.11593e-16
5004  1.11669e-16
5005  1.11751e-16
5006  1.1184e-16
5007  1.11936e-16
5008  1.1204e-16
5009  1.1215e-16
5010  1.12269e-16
5011  1.12396e-16
5012  1.12531e-16
5013  1.12675e-16
5014  1.12829e-16
5015  1.12992e-16
5016  1.13164e-16
5017  1.13346e-16
5018  1.13538e-16
5019  1.13741e-16
5020  1.13954e-16
5021  1.14177e-16
5022  1.14412e-16
5023  1.14657e-16
5024  1.14913e-16
5025  1.1518e-16
5026  1.15459e-16
5027  1.15749e-16
5028  1.16049e-16
5029  1.16362e-16
5030  1.16685e-16
5031  1.1702e-16
5032  1.17366e-16
5033  1.17723e-16
5034  1.18091e-16
5035  1.1847e-16
5036  1.1886e-16
5037  1.19261e-16
5038  1.19672e-16
5039  1.20094e-16
5040  1.20525e-16
5041  1.20967e-16
5042  1.21419e-16
5043  1.21881e-16
5044  1.22351e-16
5045  1.22831e-16
5046  1.23319e-16
5047  1.23817e-16
5048  1.24322e-16
5049  1.24835e-16
5050  1.25356e-16
5051  1.25884e-16
5052  1.26419e-16
5053  1.2696e-16
5054  1.27508e-16
5055  1.28062e-16
5056  1.28621e-16
5057  1.29185e-16
5058  1.29754e-16
5059  1.30327e-16
5060  1.30904e-16
5061  1.31485e-16
5062  1.32069e-16
5063  1.32655e-16
5064  1.33244e-16
5065  1.33836e-16
5066  1.34428e-16
5067  1.35022e-16
5068  1.35617e-16
5069  1.36213e-16
5070  1.36809e-16
5071  1.37404e-16
5072  1.37999e-16
5073  1.38593e-16
5074  1.39186e-16
5075  1.39777e-16
5076  1.40366e-16
5077  1.40954e-16
5078  1.41539e-16
5079  1.42121e-16
5080  1.427e-16
5081  1.43276e-16
5082  1.43849e-16
5083  1.44418e-16
5084  1.44983e-16
5085  1.45545e-16
5086  1.46102e-16
5087  1.46654e-16
5088  1.47202e-16
5089  1.47746e-16
5090  1.48285e-16
5091  1.48819e-16
5092  1.49348e-16
5093  1.49872e-16
5094  1.50392e-16
5095  1.50906e-16
5096  1.51415e-16
5097  1.5192e-16
5098  1.52419e-16
5099  1.52914e-16
5100  1.53404e-16
5101  1.53889e-16
5102  1.5437e-16
5103  1.54846e-16
5104  1.55317e-16
5105  1.55785e-16
5106  1.56248e-16
5107  1.56708e-16
5108  1.57163e-16
5109  1.57616e-16
5110  1.58065e-16
5111  1.58511e-16
5112  1.58954e-16
5113  1.59394e-16
5114  1.59832e-16
5115  1.60269e-16
5116  1.60703e-16
5117  1.61136e-16
5118  1.61567e-16
5119  1.61998e-16
5120  1.62428e-16
5121  1.62858e-16
5122  1.63287e-16
5123  1.63717e-16
5124  1.64148e-16
5125  1.64579e-16
5126  1.65011e-16
5127  1.65445e-16
5128  1.65881e-16
5129  1.66319e-16
5130  1.66759e-16
5131  1.67202e-16
5132  1.67648e-16
5133  1.68097e-16
5134  1.6855e-16
5135  1.69006e-16
5136  1.69466e-16
5137  1.69931e-16
5138  1.704e-16
5139  1.70874e-16
5140  1.71353e-16
5141  1.71837e-16
5142  1.72326e-16
5143  1.72821e-16
5144  1.73321e-16
5145  1.73827e-16
5146  1.74339e-16
5147  1.74857e-16
5148  1.75381e-16
5149  1.75911e-16
5150  1.76448e-16
5151  1.76991e-16
5152  1.7754e-16
5153  1.78095e-16
5154  1.78657e-16
5155  1.79224e-16
5156  1.79798e-16
5157  1.80378e-16
5158  1.80964e-16
5159  1.81556e-16
5160  1.82154e-16
5161  1.82758e-16
5162  1.83366e-16
5163  1.8398e-16
5164  1.84599e-16
5165  1.85223e-16
5166  1.85852e-16
5167  1.86484e-16
5168  1.87121e-16
5169  1.87762e-16
5170  1.88406e-16
5171  1.89052e-16
5172  1.89702e-16
5173  1.90354e-16
5174  1.91008e-16
5175  1.91664e-16
5176  1.92321e-16
5177  1.92978e-16
5178  1.93636e-16
5179  1.94294e-16
5180  1.94951e-16
5181  1.95607e-16
5182  1.96262e-16
5183  1.96915e-16
5184  1.97565e-16
5185  1.98212e-16
5186  1.98856e-16
5187  1.99496e-16
5188  2.00131e-16
5189  2.00762e-16
5190  2.01387e-16
5191  2.02006e-16
5192  2.02618e-16
5193  2.03223e-16
5194  2.03821e-16
5195  2.04411e-16
5196  2.04992e-16
5197  2.05564e-16
5198  2.06127e-16
5199  2.06679e-16
5200  2.07221e-16
5201  2.07752e-16
5202  2.08272e-16
5203  2.08779e-16
5204  2.09274e-16
5205  2.09757e-16
5206  2.10226e-16
5207  2.10681e-16
5208  2.11123e-16
5209  2.1155e-16
5210  2.11962e-16
5211  2.12359e-16
5212  2.1274e-16
5213  2.13106e-16
5214  2.13455e-16
5215  2.13789e-16
5216  2.14105e-16
5217  2.14405e-16
5218  2.14687e-16
5219  2.14952e-16
5220  2.15199e-16
5221  2.15429e-16
5222  2.15641e-16
5223  2.15835e-16
5224  2.16011e-16
5225  2.16168e-16
5226  2.16307e-16
5227  2.16428e-16
5228  2.16531e-16
5229  2.16615e-16
5230  2.16681e-16
5231  2.16728e-16
5232  2.16757e-16
5233  2.16768e-16
5234  2.16761e-16
5235  2.16736e-16
5236  2.16693e-16
5237  2.16632e-16
5238  2.16554e-16
5239  2.16459e-16
5240  2.16346e-16
5241  2.16216e-16
5242  2.1607e-16
5243  2.15907e-16
5244  2.15728e-16
5245  2.15533e-16
5246  2.15323e-16
5247  2.15098e-16
5248  2.14857e-16
5249  2.14602e-16
5250  2.14333e-16
5251  2.1405e-16
5252  2.13753e-16
5253  2.13443e-16
5254  2.13121e-16
5255  2.12786e-16
5256  2.1244e-16
5257  2.12082e-16
5258  2.11713e-16
5259  2.11333e-16
5260  2.10943e-16
5261  2.10544e-16
5262  2.10135e-16
5263  2.09717e-16
5264  2.09291e-16
5265  2.08858e-16
5266  2.08416e-16
5267  2.07968e-16
5268  2.07513e-16
5269  2.07052e-16
5270  2.06585e-16
5271  2.06113e-16
5272  2.05636e-16
5273  2.05155e-16
5274  2.0467e-16
5275  2.04181e-16
5276  2.0369e-16
5277  2.03195e-16
5278  2.02698e-16
5279  2.022e-16
5280  2.017e-16
5281  2.01198e-16
5282  2.00696e-16
5283  2.00194e-16
5284  1.99691e-16
5285  1.99189e-16
5286  1.98688e-16
5287  1.98187e-16
5288  1.97688e-16
5289  1.9719e-16
5290  1.96693e-16
5291  1.96199e-16
5292  1.95707e-16
5293  1.95218e-16
5294  1.94732e-16
5295  1.94248e-16
5296  1.93768e-16
5297  1.93291e-16
5298  1.92818e-16
5299  1.92348e-16
5300  1.91882e-16
5301  1.9142e-16
5302  1.90962e-16
5303  1.90509e-16
5304  1.9006e-16
5305  1.89615e-16
5306  1.89174e-16
5307  1.88738e-16
5308  1.88307e-16
5309  1.8788e-16
5310  1.87458e-16
5311  1.8704e-16
5312  1.86627e-16
5313  1.86219e-16
5314  1.85815e-16
5315  1.85416e-16
5316  1.85021e-16
5317  1.8463e-16
5318  1.84244e-16
5319  1.83862e-16
5320  1.83485e-16
5321  1.83111e-16
5322  1.82741e-16
5323  1.82375e-16
5324  1.82013e-16
5325  1.81654e-16
5326  1.81299e-16
5327  1.80948e-16
5328  1.80599e-16
5329  1.80253e-16
5330  1.79911e-16
5331  1.79571e-16
5332  1.79233e-16
5333  1.78898e-16
5334  1.78566e-16
5335  1.78235e-16
5336  1.77906e-16
5337  1.77579e-16
5338  1.77253e-16
5339  1.76929e-16
5340  1.76606e-16
5341  1.76284e-16
5342  1.75963e-16
5343  1.75642e-16
5344  1.75322e-16
5345  1.75002e-16
5346  1.74682e-16
5347  1.74363e-16
5348  1.74043e-16
5349  1.73723e-16
5350  1.73402e-16
5351  1.73081e-16
5352  1.72758e-16
5353  1.72435e-16
5354  1.72111e-16
5355  1.71786e-16
5356  1.71459e-16
5357  1.71131e-16
5358  1.70801e-16
5359  1.7047e-16
5360  1.70137e-16
5361  1.69802e-16
5362  1.69464e-16
5363  1.69125e-16
5364  1.68784e-16
5365  1.68441e-16
5366  1.68095e-16
5367  1.67747e-16
5368  1.67397e-16
5369  1.67044e-16
5370  1.66689e-16
5371  1.66331e-16
5372  1.65971e-16
5373  1.65608e-16
5374  1.65243e-16
5375  1.64876e-16
5376  1.64506e-16
5377  1.64133e-16
5378  1.63758e-16
5379  1.63381e-16
5380  1.63002e-16
5381  1.6262e-16
5382  1.62235e-16
5383  1.61849e-16
5384  1.61461e-16
5385  1.6107e-16
5386  1.60677e-16
5387  1.60283e-16
5388  1.59887e-16
5389  1.59489e-16
5390  1.59089e-16
5391  1.58688e-16
5392  1.58286e-16
5393  1.57882e-16
5394  1.57477e-16
5395  1.57071e-16
5396  1.56664e-16
5397  1.56256e-16
5398  1.55848e-16
5399  1.55439e-16
5400  1.5503e-16
5401  1.5462e-16
5402  1.5421e-16
5403  1.538e-16
5404  1.53391e-16
5405  1.52981e-16
5406  1.52572e-16
5407  1.52164e-16
5408  1.51756e-16
5409  1.51349e-16
5410  1.50943e-16
5411  1.50538e-16
5412  1.50134e-16
5413  1.49732e-16
5414  1.49331e-16
5415  1.48932e-16
5416  1.48534e-16
5417  1.48139e-16
5418  1.47745e-16
5419  1.47354e-16
5420  1.46965e-16
5421  1.46578e-16
5422  1.46193e-16
5423  1.45811e-16
5424  1.45432e-16
5425  1.45055e-16
5426  1.44682e-16
5427  1.44311e-16
5428  1.43943e-16
5429  1.43578e-16
5430  1.43217e-16
5431  1.42858e-16
5432  1.42503e-16
5433  1.42151e-16
5434  1.41802e-16
5435  1.41457e-16
5436  1.41115e-16
5437  1.40777e-16
5438  1.40442e-16
5439  1.40111e-16
5440  1.39783e-16
5441  1.39458e-16
5442  1.39138e-16
5443  1.3882e-16
5444  1.38506e-16
5445  1.38196e-16
5446  1.37889e-16
5447  1.37585e-16
5448  1.37285e-16
5449  1.36988e-16
5450  1.36694e-16
5451  1.36403e-16
5452  1.36116e-16
5453  1.35832e-16
5454  1.3555e-16
5455  1.35272e-16
5456  1.34997e-16
5457  1.34724e-16
5458  1.34454e-16
5459  1.34187e-16
5460  1.33922e-16
5461  1.3366e-16
5462  1.334e-16
5463  1.33142e-16
5464  1.32887e-16
5465  1.32633e-16
5466  1.32382e-16
5467  1.32132e-16
5468  1.31884e-16
5469  1.31637e-16
5470  1.31392e-16
5471  1.31148e-16
5472  1.30905e-16
5473  1.30664e-16
5474  1.30423e-16
5475  1.30183e-16
5476  1.29944e-16
5477  1.29705e-16
5478  1.29467e-16
5479  1.29229e-16
5480  1.28992e-16
5481  1.28754e-16
5482  1.28516e-16
5483  1.28278e-16
5484  1.2804e-16
5485  1.27802e-16
5486  1.27563e-16
5487  1.27323e-16
5488  1.27083e-16
5489  1.26842e-16
5490  1.26599e-16
5491  1.26356e-16
5492  1.26112e-16
5493  1.25866e-16
5494  1.25619e-16
5495  1.25371e-16
5496  1.25121e-16
5497  1.24869e-16
5498  1.24616e-16
5499  1.24361e-16
5500  1.24104e-16
5501  1.23846e-16
5502  1.23585e-16
5503  1.23323e-16
5504  1.23058e-16
5505  1.22792e-16
5506  1.22523e-16
5507  1.22252e-16
5508  1.21979e-16
5509  1.21704e-16
5510  1.21426e-16
5511  1.21147e-16
5512  1.20865e-16
5513  1.2058e-16
5514  1.20294e-16
5515  1.20005e-16
5516  1.19714e-16
5517  1.19421e-16
5518  1.19126e-16
5519  1.18829e-16
5520  1.18529e-16
5521  1.18227e-16
5522  1.17923e-16
5523  1.17617e-16
5524  1.1731e-16
5525  1.17e-16
5526  1.16688e-16
5527  1.16375e-16
5528  1.16059e-16
5529  1.15742e-16
5530  1.15424e-16
5531  1.15103e-16
5532  1.14782e-16
5533  1.14459e-16
5534  1.14134e-16
5535  1.13809e-16
5536  1.13482e-16
5537  1.13154e-16
5538  1.12825e-16
5539  1.12495e-16
5540  1.12165e-16
5541  1.11833e-16
5542  1.11501e-16
5543  1.11169e-16
5544  1.10836e-16
5545  1.10503e-16
5546  1.1017e-16
5547  1.09836e-16
5548  1.09502e-16
5549  1.09169e-16
5550  1.08836e-16
5551  1.08503e-16
5552  1.0817e-16
5553  1.07838e-16
5554  1.07506e-16
5555  1.07175e-16
5556  1.06845e-16
5557  1.06515e-16
5558  1.06187e-16
5559  1.05859e-16
5560  1.05532e-16
5561  1.05207e-16
5562  1.04883e-16
5563  1.0456e-16
5564  1.04239e-16
5565  1.03919e-16
5566  1.036e-16
5567  1.03283e-16
5568  1.02968e-16
5569  1.02654e-16
5570  1.02342e-16
5571  1.02032e-16
5572  1.01724e-16
5573  1.01417e-16
5574  1.01113e-16
5575  1.0081e-16
5576  1.00509e-16
5577  1.00211e-16
5578  9.99139e-17
5579  9.96192e-17
5580  9.93266e-17
5581  9.90359e-17
5582  9.87473e-17
5583  9.84606e-17
5584  9.8176e-17
5585  9.78934e-17
5586  9.76128e-17
5587  9.73342e-17
5588  9.70574e-17
5589  9.67826e-17
5590  9.65097e-17
5591  9.62386e-17
5592  9.59694e-17
5593  9.57018e-17
5594  9.5436e-17
5595  9.51719e-17
5596  9.49093e-17
5597  9.46483e-17
5598  9.43888e-17
5599  9.41307e-17
5600  9.38739e-17
5601  9.36184e-17
5602  9.33641e-17
5603  9.3111e-17
5604  9.28589e-17
5605  9.26078e-17
5606  9.23576e-17
5607  9.21082e-17
5608  9.18595e-17
5609  9.16115e-17
5610  9.1364e-17
5611  9.1117e-17
5612  9.08703e-17
5613  9.0624e-17
5614  9.03778e-17
5615  9.01317e-17
5616  8.98857e-17
5617  8.96396e-17
5618  8.93933e-17
5619  8.91468e-17
5620  8.88999e-17
5621  8.86526e-17
5622  8.84048e-17
5623  8.81564e-17
5624  8.79074e-17
5625  8.76576e-17
5626  8.7407e-17
5627  8.71555e-17
5628  8.6903e-17
5629  8.66494e-17
5630  8.63948e-17
5631  8.6139e-17
5632  8.5882e-17
5633  8.56237e-17
5634  8.53641e-17
5635  8.51031e-17
5636  8.48407e-17
5637  8.45768e-17
5638  8.43114e-17
5639  8.40446e-17
5640  8.37762e-17
5641  8.35062e-17
5642  8.32347e-17
5643  8.29615e-17
5644  8.26868e-17
5645  8.24106e-17
5646  8.21327e-17
5647  8.18533e-17
5648  8.15724e-17
5649  8.12899e-17
5650  8.1006e-17
5651  8.07206e-17
5652  8.04338e-17
5653  8.01457e-17
5654  7.98563e-17
5655  7.95656e-17
5656  7.92738e-17
5657  7.89809e-17
5658  7.8687e-17
5659  7.83922e-17
5660  7.80965e-17
5661  7.78001e-17
5662  7.7503e-17
5663  7.72055e-17
5664  7.69075e-17
5665  7.66092e-17
5666  7.63108e-17
5667  7.60123e-17
5668  7.5714e-17
5669  7.54159e-17
5670  7.51181e-17
5671  7.4821e-17
5672  7.45245e-17
5673  7.42288e-17
5674  7.39342e-17
5675  7.36408e-17
5676  7.33488e-17
5677  7.30583e-17
5678  7.27695e-17
5679  7.24826e-17
5680  7.21978e-17
5681  7.19152e-17
5682  7.16352e-17
5683  7.13577e-17
5684  7.10832e-17
5685  7.08117e-17
5686  7.05434e-17
5687  7.02786e-17
5688  7.00174e-17
5689  6.976e-17
5690  6.95067e-17
5691  6.92577e-17
5692  6.90131e-17
5693  6.87731e-17
5694  6.8538e-17
5695  6.83079e-17
5696  6.8083e-17
5697  6.78636e-17
5698  6.76499e-17
5699  6.74419e-17
5700  6.72399e-17
5701  6.70442e-17
5702  6.68548e-17
5703  6.66719e-17
5704  6.64958e-17
5705  6.63266e-17
5706  6.61645e-17
5707  6.60096e-17
5708  6.58621e-17
5709  6.57221e-17
5710  6.55898e-17
5711  6.54654e-17
5712  6.53489e-17
5713  6.52406e-17
5714  6.51405e-17
5715  6.50487e-17
5716  6.49655e-17
5717  6.48908e-17
5718  6.48248e-17
5719  6.47676e-17
5720  6.47193e-17
5721  6.46799e-17
5722  6.46496e-17
5723  6.46284e-17
5724  6.46163e-17
5725  6.46135e-17
5726  6.46199e-17
5727  6.46357e-17
5728  6.46608e-17
5729  6.46953e-17
5730  6.47392e-17
5731  6.47925e-17
5732  6.48552e-17
5733  6.49274e-17
5734  6.50089e-17
5735  6.50999e-17
5736  6.52002e-17
5737  6.53098e-17
5738  6.54288e-17
5739  6.5557e-17
5740  6.56944e-17
5741  6.5841e-17
5742  6.59967e-17
5743  6.61614e-17
5744  6.63351e-17
5745  6.65176e-17
5746  6.6709e-17
5747  6.6909e-17
5748  6.71176e-17
5749  6.73347e-17
5750  6.75602e-17
5751  6.7794e-17
5752  6.80359e-17
5753  6.82859e-17
5754  6.85438e-17
5755  6.88094e-17
5756  6.90827e-17
5757  6.93635e-17
5758  6.96516e-17
5759  6.9947e-17
5760  7.02494e-17
5761  7.05588e-17
5762  7.08749e-17
5763  7.11976e-17
5764  7.15267e-17
5765  7.18622e-17
5766  7.22037e-17
5767  7.25512e-17
5768  7.29045e-17
5769  7.32633e-17
5770  7.36277e-17
5771  7.39973e-17
5772  7.4372e-17
5773  7.47516e-17
5774  7.5136e-17
5775  7.55249e-17
5776  7.59183e-17
5777  7.63159e-17
5778  7.67176e-17
5779  7.71231e-17
5780  7.75324e-17
5781  7.79452e-17
5782  7.83614e-17
5783  7.87808e-17
5784  7.92033e-17
5785  7.96286e-17
5786  8.00566e-17
5787  8.04872e-17
5788  8.09201e-17
5789  8.13552e-17
5790  8.17924e-17
5791  8.22315e-17
5792  8.26723e-17
5793  8.31147e-17
5794  8.35586e-17
5795  8.40037e-17
5796  8.445e-17
5797  8.48972e-17
5798  8.53453e-17
5799  8.57941e-17
5800  8.62435e-17
5801  8.66933e-17
5802  8.71433e-17
5803  8.75936e-17
5804  8.80439e-17
5805  8.8494e-17
5806  8.8944e-17
5807  8.93936e-17
5808  8.98428e-17
5809  9.02914e-17
5810  9.07392e-17
5811  9.11863e-17
5812  9.16325e-17
5813  9.20776e-17
5814  9.25216e-17
5815  9.29644e-17
5816  9.34058e-17
5817  9.38458e-17
5818  9.42843e-17
5819  9.47211e-17
5820  9.51563e-17
5821  9.55896e-17
5822  9.6021e-17
5823  9.64505e-17
5824  9.68779e-17
5825  9.73031e-17
5826  9.77261e-17
5827  9.81468e-17
5828  9.85651e-17
5829  9.8981e-17
5830  9.93943e-17
5831  9.9805e-17
5832  1.00213e-16
5833  1.00618e-16
5834  1.01021e-16
5835  1.0142e-16
5836  1.01817e-16
5837  1.02211e-16
5838  1.02601e-16
5839  1.02989e-16
5840  1.03373e-16
5841  1.03754e-16
5842  1.04131e-16
5843  1.04506e-16
5844  1.04877e-16
5845  1.05244e-16
5846  1.05608e-16
5847  1.05968e-16
5848  1.06324e-16
5849  1.06677e-16
5850  1.07026e-16
5851  1.07371e-16
5852  1.07713e-16
5853  1.0805e-16
5854  1.08383e-16
5855  1.08713e-16
5856  1.09038e-16
5857  1.09359e-16
5858  1.09676e-16
5859  1.09989e-16
5860  1.10297e-16
5861  1.10601e-16
5862  1.109e-16
5863  1.11195e-16
5864  1.11486e-16
5865  1.11772e-16
5866  1.12053e-16
5867  1.1233e-16
5868  1.12602e-16
5869  1.12869e-16
5870  1.13131e-16
5871  1.13388e-16
5872  1.1364e-16
5873  1.13887e-16
5874  1.1413e-16
5875  1.14367e-16
5876  1.14598e-16
5877  1.14825e-16
5878  1.15046e-16
5879  1.15262e-16
5880  1.15472e-16
5881  1.15677e-16
5882  1.15876e-16
5883  1.16069e-16
5884  1.16257e-16
5885  1.16439e-16
5886  1.16616e-16
5887  1.16786e-16
5888  1.16951e-16
5889  1.17109e-16
5890  1.17262e-16
5891  1.17408e-16
5892  1.17548e-16
5893  1.17682e-16
5894  1.1781e-16
5895  1.17931e-16
5896  1.18046e-16
5897  1.18154e-16
5898  1.18256e-16
5899  1.18351e-16
5900  1.1844e-16
5901  1.18522e-16
5902  1.18597e-16
5903  1.18666e-16
5904  1.18728e-16
5905  1.18782e-16
5906  1.1883e-16
5907  1.18871e-16
5908  1.18905e-16
5909  1.18932e-16
5910  1.18952e-16
5911  1.18965e-16
5912  1.18971e-16
5913  1.1897e-16
5914  1.18961e-16
5915  1.18946e-16
5916  1.18923e-16
5917  1.18893e-16
5918  1.18855e-16
5919  1.18811e-16
5920  1.18759e-16
5921  1.187e-16
5922  1.18634e-16
5923  1.1856e-16
5924  1.1848e-16
5925  1.18392e-16
5926  1.18297e-16
5927  1.18195e-16
5928  1.18086e-16
5929  1.17969e-16
5930  1.17846e-16
5931  1.17716e-16
5932  1.17578e-16
5933  1.17434e-16
5934  1.17283e-16
5935  1.17126e-16
5936  1.16961e-16
5937  1.1679e-16
5938  1.16612e-16
5939  1.16428e-16
5940  1.16237e-16
5941  1.16041e-16
5942  1.15837e-16
5943  1.15628e-16
5944  1.15413e-16
5945  1.15192e-16
5946  1.14965e-16
5947  1.14732e-16
5948  1.14494e-16
5949  1.1425e-16
5950  1.14001e-16
5951  1.13747e-16
5952  1.13487e-16
5953  1.13223e-16
5954  1.12954e-16
5955  1.1268e-16
5956  1.12402e-16
5957  1.1212e-16
5958  1.11833e-16
5959  1.11542e-16
5960  1.11248e-16
5961  1.10949e-16
5962  1.10647e-16
5963  1.10342e-16
5964  1.10034e-16
5965  1.09722e-16
5966  1.09407e-16
5967  1.0909e-16
5968  1.0877e-16
5969  1.08448e-16
5970  1.08123e-16
5971  1.07797e-16
5972  1.07468e-16
5973  1.07138e-16
5974  1.06806e-16
5975  1.06473e-16
5976  1.06138e-16
5977  1.05803e-16
5978  1.05466e-16
5979  1.05129e-16
5980  1.0479e-16
5981  1.04452e-16
5982  1.04113e-16
5983  1.03774e-16
5984  1.03434e-16
5985  1.03095e-16
5986  1.02756e-16
5987  1.02417e-16
5988  1.02079e-16
5989  1.01741e-16
5990  1.01404e-16
5991  1.01068e-16
5992  1.00732e-16
5993  1.00398e-16
5994  1.00064e-16
5995  9.97317e-17
5996  9.94005e-17
5997  9.90705e-17
5998  9.87418e-17
5999  9.84145e-17
6000  9.80887e-17
6001  9.77643e-17
6002  9.74414e-17
6003  9.712e-17
6004  9.68002e-17
6005  9.6482e-17
6006  9.61653e-17
6007  9.58503e-17
6008  9.55368e-17
6009  9.52249e-17
6010  9.49145e-17
6011  9.46056e-17
6012  9.42983e-17
6013  9.39924e-17
6014  9.36879e-17
6015  9.33847e-17
6016  9.30828e-17
6017  9.27822e-17
6018  9.24827e-17
6019  9.21843e-17
6020  9.18868e-17
6021  9.15903e-17
6022  9.12946e-17
6023  9.09996e-17
6024  9.07051e-17
6025  9.04112e-17
6026  9.01177e-17
6027  8.98244e-17
6028  8.95312e-17
6029  8.9238e-17
6030  8.89447e-17
6031  8.86512e-17
6032  8.83572e-17
6033  8.80628e-17
6034  8.77676e-17
6035  8.74716e-17
6036  8.71747e-17
6037  8.68766e-17
6038  8.65773e-17
6039  8.62766e-17
6040  8.59743e-17
6041  8.56703e-17
6042  8.53644e-17
6043  8.50566e-17
6044  8.47466e-17
6045  8.44343e-17
6046  8.41196e-17
6047  8.38023e-17
6048  8.34823e-17
6049  8.31595e-17
6050  8.28337e-17
6051  8.25047e-17
6052  8.21726e-17
6053  8.18371e-17
6054  8.14982e-17
6055  8.11557e-17
6056  8.08095e-17
6057  8.04595e-17
6058  8.01057e-17
6059  7.97479e-17
6060  7.93862e-17
6061  7.90203e-17
6062  7.86503e-17
6063  7.8276e-17
6064  7.78975e-17
6065  7.75146e-17
6066  7.71275e-17
6067  7.67359e-17
6068  7.634e-17
6069  7.59397e-17
6070  7.5535e-17
6071  7.51259e-17
6072  7.47124e-17
6073  7.42947e-17
6074  7.38726e-17
6075  7.34462e-17
6076  7.30157e-17
6077  7.25811e-17
6078  7.21424e-17
6079  7.16997e-17
6080  7.12532e-17
6081  7.08028e-17
6082  7.03489e-17
6083  6.98914e-17
6084  6.94305e-17
6085  6.89664e-17
6086  6.84991e-17
6087  6.8029e-17
6088  6.7556e-17
6089  6.70805e-17
6090  6.66025e-17
6091  6.61223e-17
6092  6.56402e-17
6093  6.51562e-17
6094  6.46706e-17
6095  6.41837e-17
6096  6.36957e-17
6097  6.32068e-17
6098  6.27173e-17
6099  6.22274e-17
6100  6.17374e-17
6101  6.12475e-17
6102  6.07581e-17
6103  6.02693e-17
6104  5.97816e-17
6105  5.92951e-17
6106  5.88102e-17
6107  5.83271e-17
6108  5.78462e-17
6109  5.73677e-17
6110  5.68919e-17
6111  5.64192e-17
6112  5.59499e-17
6113  5.54842e-17
6114  5.50225e-17
6115  5.45651e-17
6116  5.41123e-17
6117  5.36643e-17
6118  5.32216e-17
6119  5.27843e-17
6120  5.23529e-17
6121  5.19275e-17
6122  5.15086e-17
6123  5.10963e-17
6124  5.0691e-17
6125  5.0293e-17
6126  4.99026e-17
6127  4.952e-17
6128  4.91454e-17
6129  4.87793e-17
6130  4.84218e-17
6131  4.80731e-17
6132  4.77336e-17
6133  4.74035e-17
6134  4.7083e-17
6135  4.67723e-17
6136  4.64716e-17
6137  4.61812e-17
6138  4.59013e-17
6139  4.5632e-17
6140  4.53736e-17
6141  4.51261e-17
6142  4.48899e-17
6143  4.46649e-17
6144  4.44514e-17
6145  4.42495e-17
6146  4.40593e-17
6147  4.38809e-17
6148  4.37145e-17
6149  4.35601e-17
6150  4.34177e-17
6151  4.32876e-17
6152  4.31696e-17
6153  4.30639e-17
6154  4.29705e-17
6155  4.28894e-17
6156  4.28206e-17
6157  4.27641e-17
6158  4.27199e-17
6159  4.26879e-17
6160  4.26682e-17
6161  4.26607e-17
6162  4.26653e-17
6163  4.26819e-17
6164  4.27105e-17
6165  4.2751e-17
6166  4.28032e-17
6167  4.2867e-17
6168  4.29424e-17
6169  4.30291e-17
6170  4.3127e-17
6171  4.3236e-17
6172  4.33559e-17
6173  4.34865e-17
6174  4.36276e-17
6175  4.3779e-17
6176  4.39405e-17
6177  4.41119e-17
6178  4.4293e-17
6179  4.44835e-17
6180  4.46832e-17
6181  4.48919e-17
6182  4.51092e-17
6183  4.5335e-17
6184  4.55689e-17
6185  4.58107e-17
6186  4.60601e-17
6187  4.63168e-17
6188  4.65806e-17
6189  4.6851e-17
6190  4.71279e-17
6191  4.74109e-17
6192  4.76997e-17
6193  4.79941e-17
6194  4.82936e-17
6195  4.8598e-17
6196  4.89069e-17
6197  4.92201e-17
6198  4.95372e-17
6199  4.98579e-17
6200  5.01819e-17
6201  5.05088e-17
6202  5.08384e-17
6203  5.11702e-17
6204  5.15041e-17
6205  5.18397e-17
6206  5.21767e-17
6207  5.25147e-17
6208  5.28534e-17
6209  5.31926e-17
6210  5.3532e-17
6211  5.38712e-17
6212  5.42099e-17
6213  5.45479e-17
6214  5.4885e-17
6215  5.52207e-17
6216  5.55548e-17
6217  5.58872e-17
6218  5.62174e-17
6219  5.65453e-17
6220  5.68706e-17
6221  5.71931e-17
6222  5.75125e-17
6223  5.78286e-17
6224  5.81412e-17
6225  5.84501e-17
6226  5.87552e-17
6227  5.9056e-17
6228  5.93527e-17
6229  5.96448e-17
6230  5.99323e-17
6231  6.0215e-17
6232  6.04928e-17
6233  6.07656e-17
6234  6.10331e-17
6235  6.12953e-17
6236  6.1552e-17
6237  6.18032e-17
6238  6.20488e-17
6239  6.22886e-17
6240  6.25227e-17
6241  6.27509e-17
6242  6.29732e-17
6243  6.31896e-17
6244  6.33999e-17
6245  6.36043e-17
6246  6.38026e-17
6247  6.39948e-17
6248  6.4181e-17
6249  6.43612e-17
6250  6.45353e-17
6251  6.47035e-17
6252  6.48657e-17
6253  6.50219e-17
6254  6.51723e-17
6255  6.53169e-17
6256  6.54557e-17
6257  6.55889e-17
6258  6.57165e-17
6259  6.58385e-17
6260  6.59552e-17
6261  6.60665e-17
6262  6.61726e-17
6263  6.62736e-17
6264  6.63696e-17
6265  6.64607e-17
6266  6.65472e-17
6267  6.6629e-17
6268  6.67063e-17
6269  6.67793e-17
6270  6.68481e-17
6271  6.69129e-17
6272  6.69738e-17
6273  6.70309e-17
6274  6.70844e-17
6275  6.71345e-17
6276  6.71813e-17
6277  6.72251e-17
6278  6.72658e-17
6279  6.73038e-17
6280  6.73391e-17
6281  6.73719e-17
6282  6.74024e-17
6283  6.74308e-17
6284  6.74571e-17
6285  6.74816e-17
6286  6.75045e-17
6287  6.75257e-17
6288  6.75456e-17
6289  6.75643e-17
6290  6.75819e-17
6291  6.75985e-17
6292  6.76143e-17
6293  6.76294e-17
6294  6.7644e-17
6295  6.76581e-17
6296  6.76719e-17
6297  6.76856e-17
6298  6.76992e-17
6299  6.77128e-17
6300  6.77266e-17
6301  6.77406e-17
6302  6.77549e-17
6303  6.77696e-17
6304  6.77848e-17
6305  6.78006e-17
6306  6.7817e-17
6307  6.78341e-17
6308  6.78519e-17
6309  6.78705e-17
6310  6.789e-17
6311  6.79102e-17
6312  6.79314e-17
6313  6.79535e-17
6314  6.79765e-17
6315  6.80004e-17
6316  6.80253e-17
6317  6.80511e-17
6318  6.80778e-17
6319  6.81054e-17
6320  6.81339e-17
6321  6.81632e-17
6322  6.81933e-17
6323  6.82242e-17
6324  6.82557e-17
6325  6.8288e-17
6326  6.83208e-17
6327  6.83542e-17
6328  6.83881e-17
6329  6.84223e-17
6330  6.84569e-17
6331  6.84917e-17
6332  6.85266e-17
6333  6.85616e-17
6334  6.85966e-17
6335  6.86315e-17
6336  6.86661e-17
6337  6.87004e-17
6338  6.87342e-17
6339  6.87675e-17
6340  6.88002e-17
6341  6.88321e-17
6342  6.88632e-17
6343  6.88933e-17
6344  6.89223e-17
6345  6.89501e-17
6346  6.89766e-17
6347  6.90017e-17
6348  6.90253e-17
6349  6.90472e-17
6350  6.90674e-17
6351  6.90859e-17
6352  6.91023e-17
6353  6.91168e-17
6354  6.91291e-17
6355  6.91393e-17
6356  6.91471e-17
6357  6.91526e-17
6358  6.91556e-17
6359  6.91561e-17
6360  6.91541e-17
6361  6.91493e-17
6362  6.91419e-17
6363  6.91317e-17
6364  6.91187e-17
6365  6.91029e-17
6366  6.90841e-17
6367  6.90625e-17
6368  6.9038e-17
6369  6.90105e-17
6370  6.89801e-17
6371  6.89467e-17
6372  6.89104e-17
6373  6.88712e-17
6374  6.88291e-17
6375  6.87841e-17
6376  6.87363e-17
6377  6.86857e-17
6378  6.86324e-17
6379  6.85764e-17
6380  6.85178e-17
6381  6.84566e-17
6382  6.8393e-17
6383  6.8327e-17
6384  6.82587e-17
6385  6.81883e-17
6386  6.81157e-17
6387  6.80412e-17
6388  6.79649e-17
6389  6.78868e-17
6390  6.78071e-17
6391  6.7726e-17
6392  6.76435e-17
6393  6.75598e-17
6394  6.74752e-17
6395  6.73896e-17
6396  6.73033e-17
6397  6.72164e-17
6398  6.71291e-17
6399  6.70415e-17
6400  6.69538e-17
6401  6.68662e-17
6402  6.67789e-17
6403  6.6692e-17
6404  6.66056e-17
6405  6.652e-17
6406  6.64353e-17
6407  6.63517e-17
6408  6.62693e-17
6409  6.61884e-17
6410  6.6109e-17
6411  6.60313e-17
6412  6.59555e-17
6413  6.58818e-17
6414  6.58102e-17
6415  6.5741e-17
6416  6.56742e-17
6417  6.561e-17
6418  6.55486e-17
6419  6.549e-17
6420  6.54344e-17
6421  6.53818e-17
6422  6.53325e-17
6423  6.52864e-17
6424  6.52437e-17
6425  6.52044e-17
6426  6.51687e-17
6427  6.51366e-17
6428  6.5108e-17
6429  6.50832e-17
6430  6.50621e-17
6431  6.50448e-17
6432  6.50313e-17
6433  6.50215e-17
6434  6.50155e-17
6435  6.50133e-17
6436  6.50149e-17
6437  6.50203e-17
6438  6.50293e-17
6439  6.5042e-17
6440  6.50583e-17
6441  6.50782e-17
6442  6.51015e-17
6443  6.51282e-17
6444  6.51582e-17
6445  6.51914e-17
6446  6.52277e-17
6447  6.5267e-17
6448  6.53091e-17
6449  6.53539e-17
6450  6.54013e-17
6451  6.54511e-17
6452  6.55032e-17
6453  6.55574e-17
6454  6.56135e-17
6455  6.56714e-17
6456  6.57309e-17
6457  6.57917e-17
6458  6.58538e-17
6459  6.59168e-17
6460  6.59807e-17
6461  6.60452e-17
6462  6.61101e-17
6463  6.61752e-17
6464  6.62402e-17
6465  6.63051e-17
6466  6.63695e-17
6467  6.64332e-17
6468  6.64961e-17
6469  6.65579e-17
6470  6.66183e-17
6471  6.66773e-17
6472  6.67346e-17
6473  6.67899e-17
6474  6.68431e-17
6475  6.6894e-17
6476  6.69423e-17
6477  6.6988e-17
6478  6.70307e-17
6479  6.70702e-17
6480  6.71066e-17
6481  6.71394e-17
6482  6.71687e-17
6483  6.71942e-17
6484  6.72157e-17
6485  6.72332e-17
6486  6.72464e-17
6487  6.72553e-17
6488  6.72597e-17
6489  6.72595e-17
6490  6.72547e-17
6491  6.72451e-17
6492  6.72306e-17
6493  6.72111e-17
6494  6.71867e-17
6495  6.71571e-17
6496  6.71225e-17
6497  6.70827e-17
6498  6.70377e-17
6499  6.69875e-17
6500  6.69321e-17
6501  6.68716e-17
6502  6.68058e-17
6503  6.67348e-17
6504  6.66588e-17
6505  6.65776e-17
6506  6.64914e-17
6507  6.64003e-17
6508  6.63042e-17
6509  6.62033e-17
6510  6.60978e-17
6511  6.59875e-17
6512  6.58728e-17
6513  6.57537e-17
6514  6.56303e-17
6515  6.55028e-17
6516  6.53713e-17
6517  6.52359e-17
6518  6.50969e-17
6519  6.49543e-17
6520  6.48084e-17
6521  6.46592e-17
6522  6.45071e-17
6523  6.43521e-17
6524  6.41945e-17
6525  6.40345e-17
6526  6.38722e-17
6527  6.37079e-17
6528  6.35417e-17
6529  6.33739e-17
6530  6.32046e-17
6531  6.30341e-17
6532  6.28625e-17
6533  6.26902e-17
6534  6.25172e-17
6535  6.23438e-17
6536  6.21702e-17
6537  6.19967e-17
6538  6.18233e-17
6539  6.16503e-17
6540  6.14779e-17
6541  6.13063e-17
6542  6.11357e-17
6543  6.09663e-17
6544  6.07982e-17
6545  6.06316e-17
6546  6.04667e-17
6547  6.03037e-17
6548  6.01427e-17
6549  5.99838e-17
6550  5.98272e-17
6551  5.96731e-17
6552  5.95216e-17
6553  5.93727e-17
6554  5.92267e-17
6555  5.90836e-17
6556  5.89435e-17
6557  5.88065e-17
6558  5.86727e-17
6559  5.85421e-17
6560  5.84149e-17
6561  5.8291e-17
6562  5.81706e-17
6563  5.80536e-17
6564  5.79402e-17
6565  5.78302e-17
6566  5.77237e-17
6567  5.76208e-17
6568  5.75214e-17
6569  5.74254e-17
6570  5.73329e-17
6571  5.72439e-17
6572  5.71582e-17
6573  5.70759e-17
6574  5.69968e-17
6575  5.69209e-17
6576  5.68481e-17
6577  5.67784e-17
6578  5.67116e-17
6579  5.66476e-17
6580  5.65864e-17
6581  5.65278e-17
6582  5.64717e-17
6583  5.64179e-17
6584  5.63664e-17
6585  5.6317e-17
6586  5.62696e-17
6587  5.6224e-17
6588  5.618e-17
6589  5.61375e-17
6590  5.60964e-17
6591  5.60565e-17
6592  5.60175e-17
6593  5.59794e-17
6594  5.5942e-17
6595  5.59051e-17
6596  5.58685e-17
6597  5.58321e-17
6598  5.57957e-17
6599  5.5759e-17
6600  5.5722e-17
6601  5.56844e-17
6602  5.56462e-17
6603  5.5607e-17
6604  5.55667e-17
6605  5.55253e-17
6606  5.54824e-17
6607  5.5438e-17
6608  5.53919e-17
6609  5.53439e-17
6610  5.52938e-17
6611  5.52416e-17
6612  5.51871e-17
6613  5.51301e-17
6614  5.50706e-17
6615  5.50083e-17
6616  5.49432e-17
6617  5.48751e-17
6618  5.4804e-17
6619  5.47297e-17
6620  5.46521e-17
6621  5.45712e-17
6622  5.44868e-17
6623  5.43989e-17
6624  5.43074e-17
6625  5.42123e-17
6626  5.41134e-17
6627  5.40108e-17
6628  5.39044e-17
6629  5.37941e-17
6630  5.368e-17
6631  5.3562e-17
6632  5.344e-17
6633  5.33142e-17
6634  5.31845e-17
6635  5.30509e-17
6636  5.29134e-17
6637  5.27721e-17
6638  5.26269e-17
6639  5.2478e-17
6640  5.23253e-17
6641  5.2169e-17
6642  5.2009e-17
6643  5.18454e-17
6644  5.16784e-17
6645  5.15079e-17
6646  5.13341e-17
6647  5.11571e-17
6648  5.09769e-17
6649  5.07936e-17
6650  5.06074e-17
6651  5.04183e-17
6652  5.02265e-17
6653  5.0032e-17
6654  4.98351e-17
6655  4.96357e-17
6656  4.94341e-17
6657  4.92304e-17
6658  4.90247e-17
6659  4.88171e-17
6660  4.86078e-17
6661  4.83968e-17
6662  4.81845e-17
6663  4.79708e-17
6664  4.77559e-17
6665  4.754e-17
6666  4.73232e-17
6667  4.71057e-17
6668  4.68876e-17
6669  4.6669e-17
6670  4.645e-17
6671  4.62309e-17
6672  4.60118e-17
6673  4.57927e-17
6674  4.55738e-17
6675  4.53553e-17
6676  4.51373e-17
6677  4.49199e-17
6678  4.47032e-17
6679  4.44874e-17
6680  4.42725e-17
6681  4.40588e-17
6682  4.38462e-17
6683  4.3635e-17
6684  4.34252e-17
6685  4.32169e-17
6686  4.30102e-17
6687  4.28053e-17
6688  4.26021e-17
6689  4.24008e-17
6690  4.22015e-17
6691  4.20042e-17
6692  4.1809e-17
6693  4.1616e-17
6694  4.14252e-17
6695  4.12367e-17
6696  4.10506e-17
6697  4.08668e-17
6698  4.06855e-17
6699  4.05066e-17
6700  4.03302e-17
6701  4.01564e-17
6702  3.99851e-17
6703  3.98163e-17
6704  3.96502e-17
6705  3.94866e-17
6706  3.93257e-17
6707  3.91673e-17
6708  3.90116e-17
6709  3.88584e-17
6710  3.87078e-17
6711  3.85598e-17
6712  3.84143e-17
6713  3.82713e-17
6714  3.81309e-17
6715  3.79929e-17
6716  3.78574e-17
6717  3.77242e-17
6718  3.75935e-17
6719  3.7465e-17
6720  3.73389e-17
6721  3.7215e-17
6722  3.70933e-17
6723  3.69737e-17
6724  3.68562e-17
6725  3.67408e-17
6726  3.66274e-17
6727  3.65159e-17
6728  3.64064e-17
6729  3.62986e-17
6730  3.61926e-17
6731  3.60884e-17
6732  3.59858e-17
6733  3.58849e-17
6734  3.57854e-17
6735  3.56875e-17
6736  3.5591e-17
6737  3.54959e-17
6738  3.54022e-17
6739  3.53097e-17
6740  3.52185e-17
6741  3.51284e-17
6742  3.50394e-17
6743  3.49515e-17
6744  3.48647e-17
6745  3.47788e-17
6746  3.46939e-17
6747  3.46099e-17
6748  3.45268e-17
6749  3.44444e-17
6750  3.43629e-17
6751  3.42821e-17
6752  3.4202e-17
6753  3.41227e-17
6754  3.4044e-17
6755  3.39659e-17
6756  3.38885e-17
6757  3.38117e-17
6758  3.37355e-17
6759  3.36599e-17
6760  3.35848e-17
6761  3.35103e-17
6762  3.34363e-17
6763  3.33629e-17
6764  3.32901e-17
6765  3.32178e-17
6766  3.3146e-17
6767  3.30748e-17
6768  3.30042e-17
6769  3.29342e-17
6770  3.28648e-17
6771  3.2796e-17
6772  3.27278e-17
6773  3.26602e-17
6774  3.25934e-17
6775  3.25272e-17
6776  3.24618e-17
6777  3.23971e-17
6778  3.23331e-17
6779  3.227e-17
6780  3.22077e-17
6781  3.21463e-17
6782  3.20858e-17
6783  3.20263e-17
6784  3.19677e-17
6785  3.19101e-17
6786  3.18535e-17
6787  3.17981e-17
6788  3.17438e-17
6789  3.16906e-17
6790  3.16386e-17
6791  3.15879e-17
6792  3.15384e-17
6793  3.14903e-17
6794  3.14435e-17
6795  3.1398e-17
6796  3.1354e-17
6797  3.13115e-17
6798  3.12704e-17
6799  3.12309e-17
6800  3.11929e-17
6801  3.11565e-17
6802  3.11217e-17
6803  3.10886e-17
6804  3.10571e-17
6805  3.10274e-17
6806  3.09993e-17
6807  3.0973e-17
6808  3.09484e-17
6809  3.09256e-17
6810  3.09046e-17
6811  3.08854e-17
6812  3.0868e-17
6813  3.08525e-17
6814  3.08388e-17
6815  3.08269e-17
6816  3.08168e-17
6817  3.08086e-17
6818  3.08022e-17
6819  3.07976e-17
6820  3.07949e-17
6821  3.07939e-17
6822  3.07948e-17
6823  3.07974e-17
6824  3.08018e-17
6825  3.08079e-17
6826  3.08158e-17
6827  3.08253e-17
6828  3.08365e-17
6829  3.08494e-17
6830  3.08638e-17
6831  3.08799e-17
6832  3.08974e-17
6833  3.09165e-17
6834  3.0937e-17
6835  3.09589e-17
6836  3.09822e-17
6837  3.10069e-17
6838  3.10328e-17
6839  3.10599e-17
6840  3.10882e-17
6841  3.11177e-17
6842  3.11482e-17
6843  3.11798e-17
6844  3.12123e-17
6845  3.12458e-17
6846  3.12801e-17
6847  3.13152e-17
6848  3.1351e-17
6849  3.13876e-17
6850  3.14247e-17
6851  3.14625e-17
6852  3.15007e-17
6853  3.15394e-17
6854  3.15785e-17
6855  3.1618e-17
6856  3.16577e-17
6857  3.16977e-17
6858  3.17378e-17
6859  3.1778e-17
6860  3.18183e-17
6861  3.18586e-17
6862  3.18989e-17
6863  3.19391e-17
6864  3.19791e-17
6865  3.20189e-17
6866  3.20585e-17
6867  3.20978e-17
6868  3.21368e-17
6869  3.21754e-17
6870  3.22136e-17
6871  3.22513e-17
6872  3.22885e-17
6873  3.23253e-17
6874  3.23614e-17
6875  3.2397e-17
6876  3.24319e-17
6877  3.24662e-17
6878  3.24999e-17
6879  3.25328e-17
6880  3.2565e-17
6881  3.25965e-17
6882  3.26272e-17
6883  3.26572e-17
6884  3.26863e-17
6885  3.27147e-17
6886  3.27423e-17
6887  3.27691e-17
6888  3.2795e-17
6889  3.28201e-17
6890  3.28445e-17
6891  3.28679e-17
6892  3.28906e-17
6893  3.29124e-17
6894  3.29335e-17
6895  3.29537e-17
6896  3.29731e-17
6897  3.29917e-17
6898  3.30096e-17
6899  3.30267e-17
6900  3.3043e-17
6901  3.30586e-17
6902  3.30734e-17
6903  3.30875e-17
6904  3.3101e-17
6905  3.31137e-17
6906  3.31258e-17
6907  3.31373e-17
6908  3.31481e-17
6909  3.31583e-17
6910  3.31679e-17
6911  3.3177e-17
6912  3.31855e-17
6913  3.31935e-17
6914  3.3201e-17
6915  3.3208e-17
6916  3.32146e-17
6917  3.32207e-17
6918  3.32263e-17
6919  3.32316e-17
6920  3.32365e-17
6921  3.3241e-17
6922  3.32452e-17
6923  3.32491e-17
6924  3.32526e-17
6925  3.32559e-17
6926  3.32589e-17
6927  3.32616e-17
6928  3.32641e-17
6929  3.32664e-17
6930  3.32685e-17
6931  3.32703e-17
6932  3.3272e-17
6933  3.32736e-17
6934  3.32749e-17
6935  3.32762e-17
6936  3.32773e-17
6937  3.32783e-17
6938  3.32792e-17
6939  3.32799e-17
6940  3.32806e-17
6941  3.32812e-17
6942  3.32818e-17
6943  3.32822e-17
6944  3.32826e-17
6945  3.3283e-17
6946  3.32833e-17
6947  3.32836e-17
6948  3.32838e-17
6949  3.3284e-17
6950  3.32842e-17
6951  3.32843e-17
6952  3.32844e-17
6953  3.32845e-17
6954  3.32846e-17
6955  3.32847e-17
6956  3.32847e-17
6957  3.32848e-17
6958  3.32848e-17
6959  3.32848e-17
6960  3.32849e-17
6961  3.32849e-17
6962  3.32849e-17
6963  3.32849e-17
6964  3.32849e-17
6965  3.32849e-17
6966  3.32849e-17
6967  3.32849e-17
6968  3.32849e-17
6969  3.32849e-17
6970  3.32849e-17
6971  3.32849e-17
6972  3.32849e-17
6973  3.32849e-17
6974  3.32849e-17
6975  3.32849e-17
6976  3.32849e-17
6977  3.32849e-17
6978  3.32849e-17
6979  3.32849e-17
6980  3.32849e-17
6981  3.32849e-17
6982  3.32849e-17
6983  3.32849e-17
6984  3.32849e-17
6985  3.32849e-17
6986  3.32849e-17
6987  3.32849e-17
6988  3.32849e-17
6989  3.32849e-17
6990  3.32849e-17
6991  3.32849e-17