#19.20409185715184
5674.19  2.78808e-16
5677.51  2.77541e-16
5680.82  2.76399e-16
5684.13  2.754e-16
5687.45  2.74559e-16
5690.76  2.7389e-16
5694.07  2.73399e-16
5697.39  2.7309e-16
5700.7   2.7296e-16
5704.02  2.73006e-16
5707.33  2.73219e-16
5710.64  2.73586e-16
5713.96  2.74097e-16
5717.27  2.74736e-16
5720.58  2.75489e-16
5723.9   2.76345e-16
5727.21  2.77293e-16
5730.53  2.78325e-16
5733.84  2.79438e-16
5737.15  2.80634e-16
5740.47  2.81919e-16
5743.78  2.83306e-16
5747.09  2.84812e-16
5750.41  2.86461e-16
5753.72  2.8828e-16
5757.04  2.90303e-16
5760.35  2.92565e-16
5763.66  2.95104e-16
5766.98  2.97956e-16
5770.29  3.0116e-16
5773.6   3.0475e-16
5776.92  3.08756e-16
5780.23  3.13202e-16
5783.55  3.18104e-16
5786.86  3.2347e-16
5790.17  3.29298e-16
5793.49  3.35573e-16
5796.8   3.42271e-16
5800.11  3.49354e-16
5803.43  3.56774e-16
5806.74  3.6447e-16
5810.06  3.72372e-16
5813.37  3.80399e-16
5816.68  3.88464e-16
5820     3.96473e-16
5823.31  4.04329e-16
5826.62  4.11934e-16
5829.94  4.1919e-16
5833.25  4.26e-16
5836.57  4.32277e-16
5839.88  4.37939e-16
5843.19  4.42914e-16
5846.51  4.47141e-16
5849.82  4.50575e-16
5853.13  4.53182e-16
5856.45  4.54946e-16
5859.76  4.55862e-16
5863.08  4.55946e-16
5866.39  4.55225e-16
5869.7   4.53741e-16
5873.02  4.5155e-16
5876.33  4.48718e-16
5879.64  4.45322e-16
5882.96  4.41444e-16
5886.27  4.37175e-16
5889.59  4.32606e-16
5892.9   4.27831e-16
5896.21  4.22942e-16
5899.53  4.18027e-16
5902.84  4.1317e-16
5906.15  4.08445e-16
5909.47  4.03919e-16
5912.78  3.9965e-16
5916.1   3.95682e-16
5919.41  3.92049e-16
5922.72  3.88773e-16
5926.04  3.85862e-16
5929.35  3.83313e-16
5932.66  3.81112e-16
5935.98  3.79233e-16
5939.29  3.77642e-16
5942.61  3.76294e-16
5945.92  3.7514e-16
5949.23  3.74123e-16
5952.55  3.73185e-16
5955.86  3.72266e-16
5959.17  3.71304e-16
5962.49  3.70241e-16
5965.8   3.69023e-16
5969.12  3.67602e-16
5972.43  3.65936e-16
5975.74  3.63992e-16
5979.06  3.61749e-16
5982.37  3.59194e-16
5985.68  3.56327e-16
5989     3.53161e-16
5992.31  3.49718e-16
5995.63  3.46035e-16
5998.94  3.42156e-16
6002.25  3.38137e-16
6005.57  3.34042e-16
6008.88  3.2994e-16
6012.19  3.25906e-16
6015.51  3.22016e-16
6018.82  3.18345e-16
6022.14  3.14967e-16
6025.45  3.11951e-16
6028.76  3.09355e-16
6032.08  3.07232e-16
6035.39  3.05619e-16
6038.7   3.04541e-16
6042.02  3.04009e-16
6045.33  3.04017e-16
6048.65  3.04542e-16
6051.96  3.05548e-16
6055.27  3.0698e-16
6058.59  3.0877e-16
6061.9   3.10839e-16
6065.21  3.13094e-16
6068.53  3.15436e-16
6071.84  3.17761e-16
6075.16  3.1996e-16
6078.47  3.21926e-16
6081.78  3.23558e-16
6085.1   3.24757e-16
6088.41  3.25439e-16
6091.72  3.2553e-16
6095.04  3.24971e-16
6098.35  3.23721e-16
6101.67  3.21754e-16
6104.98  3.19068e-16
6108.29  3.15677e-16
6111.61  3.11614e-16
6114.92  3.06932e-16
6118.23  3.01699e-16
6121.55  2.95998e-16
6124.86  2.89926e-16
6128.18  2.83588e-16
6131.49  2.77095e-16
6134.8   2.70564e-16
6138.12  2.6411e-16
6141.43  2.57847e-16
6144.74  2.5188e-16
6148.06  2.4631e-16
6151.37  2.41221e-16
6154.69  2.36689e-16
6158     2.32771e-16
6161.31  2.29509e-16
6164.63  2.2693e-16
6167.94  2.25042e-16
6171.25  2.23838e-16
6174.57  2.23293e-16
6177.88  2.23373e-16
6181.2   2.24025e-16
6184.51  2.25192e-16
6187.82  2.26805e-16
6191.14  2.28791e-16
6194.45  2.31075e-16
6197.76  2.33579e-16
6201.08  2.3623e-16
6204.39  2.38958e-16
6207.71  2.417e-16
6211.02  2.44399e-16
6214.33  2.47009e-16
6217.65  2.49495e-16
6220.96  2.51831e-16
6224.27  2.54004e-16
6227.59  2.56011e-16
6230.9   2.57859e-16
6234.22  2.59565e-16
6237.53  2.61154e-16
6240.84  2.62658e-16
6244.16  2.64116e-16
6247.47  2.65568e-16
6250.78  2.67058e-16
6254.1   2.68629e-16
6257.41  2.70324e-16
6260.73  2.72183e-16
6264.04  2.7424e-16
6267.35  2.76527e-16
6270.67  2.79067e-16
6273.98  2.81877e-16
6277.29  2.84966e-16
6280.61  2.88337e-16
6283.92  2.91984e-16
6287.23  2.95894e-16
6290.55  3.00048e-16
6293.86  3.04419e-16
6297.18  3.08978e-16
6300.49  3.13689e-16
6303.8   3.18514e-16
6307.12  3.23411e-16
6310.43  3.2834e-16
6313.74  3.33258e-16
6317.06  3.38125e-16
6320.37  3.42901e-16
6323.69  3.47551e-16
6327     3.52041e-16
6330.31  3.56342e-16
6333.63  3.60431e-16
6336.94  3.64287e-16
6340.26  3.67895e-16
6343.57  3.71245e-16
6346.88  3.74332e-16
6350.2   3.77155e-16
6353.51  3.79717e-16
6356.82  3.82024e-16
6360.14  3.84086e-16
6363.45  3.85916e-16
6366.77  3.87528e-16
6370.08  3.88937e-16
6373.39  3.90161e-16
6376.71  3.91216e-16
6380.02  3.92119e-16
6383.33  3.92887e-16
6386.65  3.93536e-16
6389.96  3.94079e-16
6393.27  3.94531e-16
6396.59  3.94903e-16
6399.9   3.95206e-16
6403.22  3.95448e-16
6406.53  3.95638e-16
6409.84  3.95784e-16
6413.16  3.9589e-16
6416.47  3.95963e-16
6419.78  3.96008e-16
6423.1   3.96029e-16
6426.41  3.96032e-16
6429.73  3.96022e-16
6433.04  3.96003e-16
6436.35  3.95983e-16
6439.67  3.95967e-16
6442.98  3.95962e-16
6446.3   3.95974e-16
6449.61  3.96011e-16
6452.92  3.96079e-16
6456.24  3.96186e-16
6459.55  3.96335e-16
6462.86  3.96533e-16
6466.18  3.96782e-16
6469.49  3.97085e-16
6472.81  3.9744e-16
6476.12  3.97847e-16
6479.43  3.983e-16
6482.75  3.98791e-16
6486.06  3.99311e-16
6489.37  3.99848e-16
6492.69  4.00386e-16
6496     4.00908e-16
6499.31  4.01394e-16
6502.63  4.01825e-16
6505.94  4.02176e-16
6509.26  4.02425e-16
6512.57  4.02549e-16
6515.88  4.02523e-16
6519.2   4.02326e-16
6522.51  4.01937e-16
6525.82  4.01336e-16
6529.14  4.00506e-16
6532.45  3.99434e-16
6535.77  3.9811e-16
6539.08  3.96525e-16
6542.39  3.94677e-16
6545.71  3.92567e-16
6549.02  3.90198e-16
6552.33  3.8758e-16
6555.65  3.84723e-16
6558.96  3.81644e-16
6562.28  3.78358e-16
6565.59  3.74887e-16
6568.9   3.71253e-16
6572.22  3.67479e-16
6575.53  3.63589e-16
6578.84  3.59607e-16
6582.16  3.55557e-16
6585.47  3.51461e-16
6588.79  3.47342e-16
6592.1   3.43218e-16
6595.41  3.39108e-16
6598.73  3.35025e-16
6602.04  3.30984e-16
6605.35  3.26992e-16
6608.67  3.23059e-16
6611.98  3.19188e-16
6615.3   3.15381e-16
6618.61  3.1164e-16
6621.92  3.07962e-16
6625.24  3.04345e-16
6628.55  3.00784e-16
6631.86  2.97275e-16
6635.18  2.93812e-16
6638.49  2.90389e-16
6641.81  2.87002e-16
6645.12  2.83646e-16
6648.43  2.80316e-16
6651.75  2.77011e-16
6655.06  2.73727e-16
6658.37  2.70463e-16
6661.69  2.67221e-16
6665     2.64e-16
6668.32  2.60803e-16
6671.63  2.57632e-16
6674.94  2.54492e-16
6678.26  2.51386e-16
6681.57  2.48318e-16
6684.88  2.45294e-16
6688.2   2.42318e-16
6691.51  2.39395e-16
6694.83  2.36529e-16
6698.14  2.33724e-16
6701.45  2.30984e-16
6704.77  2.28313e-16
6708.08  2.25712e-16
6711.39  2.23185e-16
6714.71  2.20733e-16
6718.02  2.18358e-16
6721.34  2.1606e-16
6724.65  2.13841e-16
6727.96  2.117e-16
6731.28  2.09637e-16
6734.59  2.07652e-16
6737.9   2.05745e-16
6741.22  2.03914e-16
6744.53  2.02158e-16
6747.85  2.00477e-16
6751.16  1.98869e-16
6754.47  1.97331e-16
6757.79  1.95863e-16
6761.1   1.94461e-16
6764.41  1.93124e-16
6767.73  1.91848e-16
6771.04  1.90632e-16
6774.36  1.89471e-16
6777.67  1.88363e-16
6780.98  1.87305e-16
6784.3   1.86293e-16
6787.61  1.85325e-16
6790.92  1.84399e-16
6794.24  1.83511e-16
6797.55  1.8266e-16
6800.87  1.81844e-16
6804.18  1.81063e-16
6807.49  1.80315e-16
6810.81  1.79601e-16
6814.12  1.78922e-16
6817.43  1.78279e-16
6820.75  1.77674e-16
6824.06  1.77108e-16
6827.38  1.76585e-16
6830.69  1.76106e-16
6834     1.75674e-16
6837.32  1.75292e-16
6840.63  1.74959e-16
6843.94  1.74678e-16
6847.26  1.74448e-16
6850.57  1.74267e-16
6853.89  1.74135e-16
6857.2   1.74046e-16
6860.51  1.73997e-16
6863.83  1.7398e-16
6867.14  1.73988e-16
6870.45  1.74013e-16
6873.77  1.74044e-16
6877.08  1.7407e-16
6880.4   1.7408e-16
6883.71  1.74063e-16
6887.02  1.74006e-16
6890.34  1.73898e-16
6893.65  1.73729e-16
6896.96  1.7349e-16
6900.28  1.73172e-16
6903.59  1.72768e-16
6906.91  1.72276e-16
6910.22  1.71692e-16
6913.53  1.71018e-16
6916.85  1.70256e-16
6920.16  1.69412e-16
6923.47  1.68494e-16
6926.79  1.67513e-16
6930.1   1.66481e-16
6933.42  1.65412e-16
6936.73  1.64324e-16
6940.04  1.63232e-16
6943.36  1.62155e-16
6946.67  1.6111e-16
6949.98  1.60114e-16
6953.3   1.59185e-16
6956.61  1.58336e-16
6959.93  1.57582e-16
6963.24  1.56932e-16
6966.55  1.56395e-16
6969.87  1.55975e-16
6973.18  1.55675e-16
6976.49  1.55493e-16
6979.81  1.55425e-16
6983.12  1.55461e-16
6986.44  1.55592e-16
6989.75  1.55802e-16
6993.06  1.56077e-16
6996.38  1.56399e-16
6999.69  1.56747e-16
7003     1.57103e-16
7006.32  1.57446e-16
7009.63  1.57757e-16
7012.95  1.58018e-16
7016.26  1.58213e-16
7019.57  1.58328e-16
7022.89  1.58352e-16
7026.2   1.58278e-16
7029.51  1.58102e-16
7032.83  1.57823e-16
7036.14  1.57446e-16
7039.46  1.5698e-16
7042.77  1.56435e-16
7046.08  1.55826e-16
7049.4   1.55173e-16
7052.71  1.54496e-16
7056.02  1.53818e-16
7059.34  1.53163e-16
7062.65  1.52556e-16
7065.97  1.52022e-16
7069.28  1.51584e-16
7072.59  1.51263e-16
7075.91  1.5108e-16
7079.22  1.51052e-16
7082.53  1.5119e-16
7085.85  1.51503e-16
7089.16  1.51997e-16
7092.48  1.5267e-16
7095.79  1.53517e-16
7099.1   1.5453e-16
7102.42  1.55693e-16
7105.73  1.56989e-16
7109.04  1.58395e-16
7112.36  1.59887e-16
7115.67  1.61436e-16
7118.99  1.63014e-16
7122.3   1.6459e-16
7125.61  1.66135e-16
7128.93  1.67618e-16
7132.24  1.69011e-16
7135.55  1.70288e-16
7138.87  1.71426e-16
7142.18  1.72405e-16
7145.5   1.73209e-16
7148.81  1.73827e-16
7152.12  1.74252e-16
7155.44  1.74481e-16
7158.75  1.74517e-16
7162.06  1.74366e-16
7165.38  1.7404e-16
7168.69  1.73553e-16
7172.01  1.72923e-16
7175.32  1.72172e-16
7178.63  1.71323e-16
7181.95  1.704e-16
7185.26  1.6943e-16
7188.57  1.68439e-16
7191.89  1.67451e-16
7195.2   1.66492e-16
7198.52  1.65585e-16
7201.83  1.6475e-16
7205.14  1.64005e-16
7208.46  1.63367e-16
7211.77  1.62847e-16
7215.08  1.62455e-16
7218.4   1.62197e-16
7221.71  1.62076e-16
7225.03  1.62091e-16
7228.34  1.6224e-16
7231.65  1.62518e-16
7234.97  1.62916e-16
7238.28  1.63425e-16
7241.59  1.64034e-16
7244.91  1.64732e-16
7248.22  1.65505e-16
7251.54  1.66342e-16
7254.85  1.67229e-16
7258.16  1.68153e-16
7261.48  1.69103e-16
7264.79  1.70067e-16
7268.1   1.71036e-16
7271.42  1.72e-16
7274.73  1.72951e-16
7278.05  1.73882e-16
7281.36  1.74787e-16
7284.67  1.75661e-16
7287.99  1.76499e-16
7291.3   1.77297e-16
7294.61  1.78052e-16
7297.93  1.78762e-16
7301.24  1.79422e-16
7304.56  1.80031e-16
7307.87  1.80586e-16
7311.18  1.81084e-16
7314.5   1.81522e-16
7317.81  1.81898e-16
7321.12  1.82206e-16
7324.44  1.82446e-16
7327.75  1.82612e-16
7331.07  1.82703e-16
7334.38  1.82715e-16
7337.69  1.82645e-16
7341.01  1.82491e-16
7344.32  1.82252e-16
7347.63  1.81927e-16
7350.95  1.81516e-16
7354.26  1.8102e-16
7357.58  1.80441e-16
7360.89  1.79784e-16
7364.2   1.79051e-16
7367.52  1.78249e-16
7370.83  1.77384e-16
7374.14  1.76464e-16
7377.46  1.75497e-16
7380.77  1.74493e-16
7384.09  1.73462e-16
7387.4   1.72415e-16
7390.71  1.71361e-16
7394.03  1.70312e-16
7397.34  1.69277e-16
7400.65  1.68267e-16
7403.97  1.67292e-16
7407.28  1.66359e-16
7410.6   1.65476e-16
7413.91  1.64649e-16
7417.22  1.63883e-16
7420.54  1.63182e-16
7423.85  1.62546e-16
7427.16  1.61977e-16
7430.48  1.61472e-16
7433.79  1.6103e-16
7437.11  1.60645e-16
7440.42  1.60312e-16
7443.73  1.60024e-16
7447.05  1.59773e-16
7450.36  1.5955e-16
7453.67  1.59346e-16
7456.99  1.59152e-16
7460.3   1.58957e-16
7463.62  1.58753e-16
7466.93  1.58531e-16
7470.24  1.58283e-16
7473.56  1.58002e-16
7476.87  1.57684e-16
7480.18  1.57324e-16
7483.5   1.56921e-16
7486.81  1.56473e-16
7490.13  1.55983e-16
7493.44  1.55453e-16
7496.75  1.5489e-16
7500.07  1.54301e-16
7503.38  1.53693e-16
7506.69  1.53077e-16
7510.01  1.52464e-16
7513.32  1.51866e-16
7516.64  1.51295e-16
7519.95  1.50763e-16
7523.26  1.50284e-16
7526.58  1.49868e-16
7529.89  1.49527e-16
7533.2   1.49269e-16
7536.52  1.49103e-16
7539.83  1.49034e-16
7543.15  1.49067e-16
7546.46  1.49203e-16
7549.77  1.49441e-16
7553.09  1.49779e-16
7556.4   1.50211e-16
7559.71  1.50729e-16
7563.03  1.51324e-16
7566.34  1.51985e-16
7569.66  1.52697e-16
7572.97  1.53447e-16
7576.28  1.54219e-16
7579.6   1.54997e-16
7582.91  1.55765e-16
7586.22  1.56507e-16
7589.54  1.57207e-16
7592.85  1.57852e-16
7596.17  1.58427e-16
7599.48  1.58921e-16
7602.79  1.59325e-16
7606.11  1.59632e-16
7609.42  1.59834e-16
7612.73  1.59931e-16
7616.05  1.5992e-16
7619.36  1.59803e-16
7622.68  1.59584e-16
7625.99  1.59269e-16
7629.3   1.58865e-16
7632.62  1.58382e-16
7635.93  1.5783e-16
7639.24  1.57221e-16
7642.56  1.56567e-16
7645.87  1.5588e-16
7649.19  1.55173e-16
7652.5   1.54459e-16
7655.81  1.53748e-16
7659.13  1.53051e-16
7662.44  1.52378e-16
7665.75  1.51737e-16
7669.07  1.51134e-16
7672.38  1.50575e-16
7675.7   1.50061e-16
7679.01  1.49596e-16
7682.32  1.49177e-16
7685.64  1.48805e-16
7688.95  1.48474e-16
7692.26  1.48182e-16
7695.58  1.47922e-16
7698.89  1.47689e-16
7702.21  1.47475e-16
7705.52  1.47274e-16
7708.83  1.47078e-16
7712.15  1.4688e-16
7715.46  1.46675e-16
7718.77  1.46455e-16
7722.09  1.46218e-16
7725.4   1.45958e-16
7728.72  1.45672e-16
7732.03  1.4536e-16
7735.34  1.45021e-16
7738.66  1.44655e-16
7741.97  1.44266e-16
7745.28  1.43856e-16
7748.6   1.43429e-16
7751.91  1.4299e-16
7755.23  1.42545e-16
7758.54  1.42101e-16
7761.85  1.41664e-16
7765.17  1.4124e-16
7768.48  1.40837e-16
7771.79  1.40461e-16
7775.11  1.40118e-16
7778.42  1.39814e-16
7781.74  1.39553e-16
7785.05  1.3934e-16
7788.36  1.39177e-16
7791.68  1.39066e-16
7794.99  1.39009e-16
7798.3   1.39006e-16
7801.62  1.39055e-16
7804.93  1.39154e-16
7808.25  1.39302e-16
7811.56  1.39493e-16
7814.87  1.39723e-16
7818.19  1.39987e-16
7821.5   1.4028e-16
7824.81  1.40596e-16
7828.13  1.40928e-16
7831.44  1.4127e-16
7834.76  1.41617e-16
7838.07  1.41961e-16
7841.38  1.42297e-16
7844.7   1.42619e-16
7848.01  1.42923e-16
7851.32  1.43203e-16
7854.64  1.43457e-16
7857.95  1.43679e-16
7861.27  1.43867e-16
7864.58  1.44018e-16
7867.89  1.44131e-16
7871.21  1.44202e-16
7874.52  1.44232e-16
7877.83  1.44219e-16
7881.15  1.44161e-16
7884.46  1.44059e-16
7887.78  1.43912e-16
7891.09  1.4372e-16
7894.4   1.43481e-16
7897.72  1.43197e-16
7901.03  1.42866e-16
7904.34  1.42489e-16
7907.66  1.42066e-16
7910.97  1.41596e-16
7914.29  1.41081e-16
7917.6   1.40519e-16
7920.91  1.39913e-16
7924.23  1.39263e-16
7927.54  1.3857e-16
7930.85  1.37837e-16
7934.17  1.37065e-16
7937.48  1.36257e-16
7940.8   1.35418e-16
7944.11  1.34549e-16
7947.42  1.33655e-16
7950.74  1.32741e-16
7954.05  1.31811e-16
7957.36  1.3087e-16
7960.68  1.29922e-16
7963.99  1.28972e-16
7967.31  1.28025e-16
7970.62  1.27083e-16
7973.93  1.2615e-16
7977.25  1.25228e-16
7980.56  1.2432e-16
7983.87  1.23425e-16
7987.19  1.22543e-16
7990.5   1.21672e-16
7993.82  1.2081e-16
7997.13  1.19954e-16
8000.44  1.19098e-16
8003.76  1.18236e-16
8007.07  1.17363e-16
8010.38  1.16471e-16
8013.7   1.15553e-16
8017.01  1.14602e-16
8020.33  1.1361e-16
8023.64  1.12569e-16
8026.95  1.11474e-16
8030.27  1.10318e-16
8033.58  1.09096e-16
8036.89  1.07804e-16
8040.21  1.0644e-16
8043.52  1.05002e-16
8046.84  1.03491e-16
8050.15  1.01908e-16
8053.46  1.00256e-16
8056.78  9.85405e-17
8060.09  9.67665e-17
8063.4   9.49413e-17
8066.72  9.30733e-17
8070.03  9.11716e-17
8073.35  8.9246e-17
8076.66  8.7307e-17
8079.97  8.53652e-17
8083.29  8.34315e-17
8086.6   8.15166e-17
8089.91  7.9631e-17
8093.23  7.77846e-17
8096.54  7.59869e-17
8099.86  7.42464e-17
8103.17  7.25707e-17
8106.48  7.09664e-17
8109.8   6.94392e-17
8113.11  6.79935e-17
8116.42  6.66324e-17
8119.74  6.53581e-17
8123.05  6.41713e-17
8126.37  6.30717e-17
8129.68  6.2058e-17
8132.99  6.11275e-17
8136.31  6.0277e-17
8139.62  5.95018e-17
8142.93  5.8797e-17
8146.25  5.81565e-17
8149.56  5.75739e-17
8152.88  5.70424e-17
8156.19  5.65546e-17
8159.5   5.6103e-17
8162.82  5.56804e-17
8166.13  5.52791e-17
8169.44  5.48921e-17
8172.76  5.45125e-17
8176.07  5.41342e-17
8179.39  5.37515e-17
8182.7   5.33596e-17
8186.01  5.29545e-17
8189.33  5.25333e-17
8192.64  5.20943e-17
8195.95  5.16366e-17
8199.27  5.1161e-17
8202.58  5.06691e-17
8205.9   5.01642e-17
8209.21  4.96505e-17
8212.52  4.91338e-17
8215.84  4.86207e-17
8219.15  4.81192e-17
8222.46  4.7638e-17
8225.78  4.71869e-17
8229.09  4.67763e-17
8232.41  4.64169e-17
8235.72  4.61199e-17
8239.03  4.58964e-17
8242.35  4.57576e-17
8245.66  4.5714e-17
8248.97  4.57756e-17
8252.29  4.59513e-17
8255.6   4.62489e-17
8258.92  4.66749e-17
8262.23  4.72339e-17
8265.54  4.79291e-17
8268.86  4.87613e-17
8272.17  4.97294e-17
8275.48  5.08301e-17
8278.8   5.2058e-17
8282.11  5.34052e-17
8285.43  5.48619e-17
8288.74  5.64165e-17
8292.05  5.80553e-17
8295.37  5.97631e-17
8298.68  6.15235e-17
8301.99  6.33193e-17
8305.31  6.51326e-17
8308.62  6.69452e-17
8311.94  6.87395e-17
8315.25  7.04983e-17
8318.56  7.22057e-17
8321.88  7.38473e-17
8325.19  7.54106e-17
8328.5   7.68853e-17
8331.82  7.82637e-17
8335.13  7.95411e-17
8338.45  8.07157e-17
8341.76  8.17887e-17
8345.07  8.27645e-17
8348.39  8.36507e-17
8351.7   8.44578e-17
8355.01  8.51991e-17
8358.33  8.58903e-17
8361.64  8.65494e-17
8364.96  8.71958e-17
8368.27  8.78506e-17
8371.58  8.85354e-17
8374.9   8.92721e-17
8378.21  9.00825e-17
8381.52  9.09872e-17
8384.84  9.2006e-17
8388.15  9.31564e-17
8391.47  9.44541e-17
8394.78  9.59118e-17
8398.09  9.75394e-17
8401.41  9.93436e-17
8404.72  1.01328e-16
8408.03  1.03492e-16
8411.35  1.05831e-16
8414.66  1.0834e-16
8417.98  1.11008e-16
8421.29  1.13822e-16
8424.6   1.16764e-16
8427.92  1.19819e-16
8431.23  1.22964e-16
8434.54  1.2618e-16
8437.86  1.29443e-16
8441.17  1.3273e-16
8444.49  1.3602e-16
8447.8   1.39289e-16
8451.11  1.42517e-16
8454.43  1.45684e-16
8457.74  1.48772e-16
8461.05  1.51767e-16
8464.37  1.54654e-16
8467.68  1.57423e-16
8471     1.60067e-16
8474.31  1.62581e-16
8477.62  1.64962e-16
8480.94  1.67212e-16
8484.25  1.69334e-16
8487.56  1.71333e-16
8490.88  1.73217e-16
8494.19  1.74995e-16
8497.51  1.76678e-16
8500.82  1.78278e-16
8504.13  1.79809e-16
8507.45  1.81281e-16
8510.76  1.8271e-16
8514.07  1.84107e-16
8517.39  1.85484e-16
8520.7   1.86853e-16
8524.02  1.88223e-16
8527.33  1.89602e-16
8530.64  1.90997e-16
8533.96  1.92414e-16
8537.27  1.93855e-16
8540.58  1.95322e-16
8543.9   1.96816e-16
8547.21  1.98334e-16
8550.53  1.99873e-16
8553.84  2.01428e-16
8557.15  2.02994e-16
8560.47  2.04565e-16
8563.78  2.06132e-16
8567.09  2.07689e-16
8570.41  2.09227e-16
8573.72  2.10738e-16
8577.04  2.12215e-16
8580.35  2.1365e-16
8583.66  2.15038e-16
8586.98  2.16371e-16
8590.29  2.17646e-16
8593.6   2.18857e-16
8596.92  2.20003e-16
8600.23  2.21082e-16
8603.55  2.22092e-16
8606.86  2.23034e-16
8610.17  2.23909e-16
8613.49  2.24719e-16
8616.8   2.25466e-16
8620.11  2.26153e-16
8623.43  2.26785e-16
8626.74  2.27364e-16
8630.06  2.27896e-16
8633.37  2.28382e-16
8636.68  2.28828e-16
8640     2.29237e-16
8643.31  2.29612e-16
8646.62  2.29956e-16
8649.94  2.30271e-16
8653.25  2.30558e-16
8656.57  2.3082e-16
8659.88  2.31057e-16
8663.19  2.31269e-16
8666.51  2.31457e-16
8669.82  2.31621e-16
8673.13  2.3176e-16
8676.45  2.31873e-16
8679.76  2.31962e-16
8683.08  2.32025e-16
8686.39  2.32062e-16
8689.7   2.32075e-16
8693.02  2.32065e-16
8696.33  2.32032e-16
8699.64  2.31978e-16
8702.96  2.31908e-16
8706.27  2.31822e-16
8709.59  2.31726e-16
8712.9   2.31623e-16
8716.21  2.31518e-16
8719.53  2.31414e-16
8722.84  2.31317e-16
8726.15  2.31231e-16
8729.47  2.31161e-16
8732.78  2.31109e-16
8736.1   2.3108e-16
8739.41  2.31075e-16
8742.72  2.31095e-16
8746.04  2.31142e-16
8749.35  2.31214e-16
8752.66  2.31308e-16
8755.98  2.31421e-16
8759.29  2.31548e-16
8762.61  2.31683e-16
8765.92  2.31818e-16
8769.23  2.31943e-16
8772.55  2.3205e-16
8775.86  2.32127e-16
8779.17  2.32163e-16
8782.49  2.32146e-16
8785.8   2.32064e-16
8789.12  2.31905e-16
8792.43  2.31658e-16
8795.74  2.3131e-16
8799.06  2.30853e-16
8802.37  2.30277e-16
8805.68  2.29573e-16
8809     2.28735e-16
8812.31  2.27758e-16
8815.63  2.26639e-16
8818.94  2.25376e-16
8822.25  2.2397e-16
8825.57  2.22422e-16
8828.88  2.20736e-16
8832.19  2.18918e-16
8835.51  2.16975e-16
8838.82  2.14916e-16
8842.14  2.1275e-16
8845.45  2.1049e-16
8848.76  2.08146e-16
8852.08  2.05732e-16
8855.39  2.03262e-16
8858.7   2.00748e-16
8862.02  1.98206e-16
8865.33  1.95649e-16
8868.65  1.93091e-16
8871.96  1.90544e-16
8875.27  1.88022e-16
8878.59  1.85535e-16
8881.9   1.83096e-16
8885.21  1.80713e-16
8888.53  1.78395e-16
8891.84  1.7615e-16
8895.16  1.73984e-16
8898.47  1.71902e-16
8901.78  1.69908e-16
8905.1   1.68005e-16
8908.41  1.66193e-16
8911.72  1.64473e-16
8915.04  1.62845e-16
8918.35  1.61306e-16
8921.67  1.59854e-16
8924.98  1.58487e-16
8928.29  1.57199e-16
8931.61  1.55987e-16
8934.92  1.54846e-16
8938.23  1.53771e-16
8941.55  1.52756e-16
8944.86  1.51798e-16
8948.17  1.5089e-16
8951.49  1.50028e-16
8954.8   1.49207e-16
8958.12  1.48423e-16
8961.43  1.47671e-16
8964.74  1.46947e-16
8968.06  1.46249e-16
8971.37  1.45572e-16
8974.68  1.44914e-16
8978     1.44272e-16
8981.31  1.43643e-16
8984.63  1.43025e-16
8987.94  1.42416e-16
8991.25  1.41813e-16
8994.57  1.41214e-16
8997.88  1.40617e-16
9001.19  1.40018e-16
9004.51  1.39414e-16
9007.82  1.38803e-16
9011.14  1.38181e-16
9014.45  1.37545e-16
9017.76  1.36891e-16
9021.08  1.36216e-16
9024.39  1.35515e-16
9027.7   1.34785e-16
9031.02  1.34023e-16
9034.33  1.33227e-16
9037.65  1.32394e-16
9040.96  1.31522e-16
9044.27  1.30612e-16
9047.59  1.29664e-16
9050.9   1.28679e-16
9054.22  1.2766e-16
9057.53  1.26612e-16
9060.84  1.25539e-16
9064.16  1.24449e-16
9067.47  1.23349e-16
9070.78  1.22248e-16
9074.1   1.21157e-16
9077.41  1.20084e-16
9080.72  1.19042e-16
9084.04  1.18042e-16
9087.35  1.17093e-16
9090.67  1.16208e-16
9093.98  1.15394e-16
9097.29  1.14662e-16
9100.61  1.14017e-16
9103.92  1.13465e-16
9107.23  1.13009e-16
9110.55  1.12651e-16
9113.86  1.1239e-16
9117.18  1.12222e-16
9120.49  1.12142e-16
9123.8   1.12142e-16
9127.12  1.12213e-16
9130.43  1.12342e-16
9133.74  1.12518e-16
9137.06  1.12725e-16
9140.37  1.1295e-16
9143.69  1.13175e-16
9147     1.13387e-16
9150.31  1.1357e-16
9153.63  1.1371e-16
9156.94  1.13794e-16
9160.25  1.13812e-16
9163.57  1.13755e-16
9166.88  1.13614e-16
9170.2   1.13385e-16
9173.51  1.13067e-16
9176.82  1.12658e-16
9180.14  1.12162e-16
9183.45  1.11582e-16
9186.76  1.10926e-16
9190.08  1.10203e-16
9193.39  1.09421e-16
9196.71  1.08592e-16
9200.02  1.07728e-16
9203.33  1.06842e-16
9206.65  1.05945e-16
9209.96  1.05049e-16
9213.27  1.04168e-16
9216.59  1.03309e-16
9219.9   1.02485e-16
9223.22  1.01701e-16
9226.53  1.00966e-16
9229.84  1.00285e-16
9233.16  9.96605e-17
9236.47  9.90955e-17
9239.78  9.85906e-17
9243.1   9.81453e-17
9246.41  9.77581e-17
9249.73  9.74264e-17
9253.04  9.71469e-17
9256.35  9.69157e-17
9259.67  9.67287e-17
9262.98  9.65815e-17
9266.29  9.64696e-17
9269.61  9.63888e-17
9272.92  9.63349e-17
9276.24  9.63039e-17
9279.55  9.62922e-17
9282.86  9.62964e-17
9286.18  9.63132e-17
9289.49  9.63396e-17
9292.8   9.63727e-17
9296.12  9.64094e-17
9299.43  9.64466e-17
9302.75  9.6481e-17
9306.06  9.6509e-17
9309.37  9.6527e-17
9312.69  9.65308e-17
9316     9.65158e-17
9319.31  9.64774e-17
9322.63  9.64107e-17
9325.94  9.63107e-17
9329.26  9.61722e-17
9332.57  9.59904e-17
9335.88  9.57607e-17
9339.2   9.5479e-17
9342.51  9.51416e-17
9345.82  9.4746e-17
9349.14  9.42901e-17
9352.45  9.37734e-17
9355.77  9.31962e-17
9359.08  9.256e-17
9362.39  9.18679e-17
9365.71  9.11238e-17
9369.02  9.03332e-17
9372.33  8.95024e-17
9375.65  8.86391e-17
9378.96  8.77517e-17
9382.28  8.68491e-17
9385.59  8.5941e-17
9388.9   8.50373e-17
9392.22  8.41479e-17
9395.53  8.32826e-17
9398.84  8.24508e-17
9402.16  8.16613e-17
9405.47  8.0922e-17
9408.79  8.02399e-17
9412.1   7.96208e-17
9415.41  7.90692e-17
9418.73  7.85883e-17
9422.04  7.81796e-17
9425.35  7.78435e-17
9428.67  7.75786e-17
9431.98  7.73821e-17
9435.3   7.72499e-17
9438.61  7.71766e-17
9441.92  7.71557e-17
9445.24  7.71795e-17
9448.55  7.72398e-17
9451.86  7.73274e-17
9455.18  7.7433e-17
9458.49  7.75469e-17
9461.81  7.76594e-17
9465.12  7.7761e-17
9468.43  7.78429e-17
9471.75  7.78965e-17
9475.06  7.79145e-17
9478.37  7.78902e-17
9481.69  7.78183e-17
9485     7.76948e-17
9488.32  7.75169e-17
9491.63  7.72833e-17
9494.94  7.69944e-17
9498.26  7.66518e-17
9501.57  7.62586e-17
9504.88  7.58196e-17
9508.2   7.53404e-17
9511.51  7.48281e-17
9514.83  7.42907e-17
9518.14  7.37368e-17
9521.45  7.31759e-17
9524.77  7.26177e-17
9528.08  7.2072e-17
9531.39  7.15486e-17
9534.71  7.10568e-17
9538.02  7.06056e-17
9541.34  7.02028e-17
9544.65  6.98556e-17
9547.96  6.95697e-17
9551.28  6.93496e-17
9554.59  6.91983e-17
9557.9   6.91174e-17
9561.22  6.91067e-17
9564.53  6.91647e-17
9567.85  6.9288e-17
9571.16  6.94722e-17
9574.47  6.97112e-17
9577.79  6.99979e-17
9581.1   7.03243e-17
9584.41  7.06814e-17
9587.73  7.106e-17
9591.04  7.14505e-17
9594.36  7.18433e-17
9597.67  7.22293e-17
9600.98  7.25998e-17
9604.3   7.2947e-17
9607.61  7.32641e-17
9610.92  7.35458e-17
9614.24  7.3788e-17
9617.55  7.39881e-17
9620.87  7.41455e-17
9624.18  7.4261e-17
9627.49  7.43371e-17
9630.81  7.4378e-17
9634.12  7.43892e-17
9637.43  7.43776e-17
9640.75  7.43513e-17
9644.06  7.43192e-17
9647.38  7.42906e-17
9650.69  7.42752e-17
9654     7.42828e-17
9657.32  7.43225e-17
9660.63  7.4403e-17
9663.94  7.4532e-17
9667.26  7.47158e-17
9670.57  7.49593e-17
9673.89  7.52657e-17
9677.2   7.56362e-17
9680.51  7.60703e-17
9683.83  7.65653e-17
9687.14  7.71167e-17
9690.45  7.77179e-17
9693.77  7.83607e-17
9697.08  7.90352e-17
9700.4   7.97305e-17
9703.71  8.04342e-17
9707.02  8.11335e-17
9710.34  8.18153e-17
9713.65  8.24662e-17
9716.96  8.30734e-17
9720.28  8.36249e-17
9723.59  8.41095e-17
9726.91  8.45176e-17
9730.22  8.4841e-17
9733.53  8.50736e-17
9736.85  8.52112e-17
9740.16  8.52516e-17
9743.47  8.51947e-17
9746.79  8.50428e-17
9750.1   8.47999e-17
9753.42  8.44717e-17
9756.73  8.40659e-17
9760.04  8.35911e-17
9763.36  8.30572e-17
9766.67  8.24746e-17
9769.98  8.18539e-17
9773.3   8.1206e-17
9776.61  8.05411e-17
9779.93  7.98687e-17
9783.24  7.91975e-17
9786.55  7.85348e-17
9789.87  7.78865e-17
9793.18  7.7257e-17
9796.49  7.6649e-17
9799.81  7.60638e-17
9803.12  7.5501e-17
9806.44  7.49591e-17
9809.75  7.44351e-17
9813.06  7.39254e-17
9816.38  7.34257e-17
9819.69  7.29312e-17
9823     7.24371e-17
9826.32  7.19391e-17
9829.63  7.14332e-17
9832.95  7.09161e-17
9836.26  7.03856e-17
9839.57  6.98406e-17
9842.89  6.92809e-17
9846.2   6.87079e-17
9849.51  6.81239e-17
9852.83  6.75321e-17
9856.14  6.6937e-17
9859.46  6.63433e-17
9862.77  6.57566e-17
9866.08  6.51826e-17
9869.4   6.46268e-17
9872.71  6.40947e-17
9876.02  6.35911e-17
9879.34  6.31203e-17
9882.65  6.26858e-17
9885.97  6.229e-17
9889.28  6.19343e-17
9892.59  6.16194e-17
9895.91  6.13446e-17
9899.22  6.11087e-17
9902.53  6.09095e-17
9905.85  6.07442e-17
9909.16  6.06097e-17
9912.48  6.05024e-17
9915.79  6.04186e-17
9919.1   6.03546e-17
9922.42  6.03071e-17
9925.73  6.02726e-17
9929.04  6.02485e-17
9932.36  6.02321e-17
9935.67  6.02214e-17
9938.99  6.02147e-17
9942.3   6.02107e-17
9945.61  6.02084e-17
9948.93  6.02072e-17
9952.24  6.02066e-17
9955.55  6.02064e-17
9958.87  6.02062e-17
9962.18  6.02062e-17
9965.5   6.02062e-17
9968.81  6.02062e-17
9972.12  6.02062e-17
9975.44  6.02062e-17
9978.75  6.02062e-17