#-7.243681356331815
3113.28  1.09337e-15
3116.25  1.23619e-15
3119.22  1.38326e-15
3122.19  1.53371e-15
3125.16  1.68663e-15
3128.13  1.84116e-15
3131.1   1.99645e-15
3134.07  2.15168e-15
3137.04  2.30609e-15
3140.01  2.45899e-15
3142.98  2.60972e-15
3145.95  2.75771e-15
3148.92  2.90244e-15
3151.89  3.04346e-15
3154.86  3.18041e-15
3157.83  3.31296e-15
3160.8   3.44084e-15
3163.77  3.56387e-15
3166.74  3.68187e-15
3169.7   3.79474e-15
3172.67  3.9024e-15
3175.64  4.00481e-15
3178.61  4.10195e-15
3181.58  4.19384e-15
3184.55  4.28051e-15
3187.52  4.36199e-15
3190.49  4.43834e-15
3193.46  4.50964e-15
3196.43  4.57594e-15
3199.4   4.63733e-15
3202.37  4.69389e-15
3205.34  4.74571e-15
3208.31  4.79287e-15
3211.28  4.83546e-15
3214.25  4.87359e-15
3217.22  4.90735e-15
3220.19  4.93685e-15
3223.16  4.96221e-15
3226.13  4.98356e-15
3229.09  5.00104e-15
3232.06  5.01481e-15
3235.03  5.02506e-15
3238     5.03201e-15
3240.97  5.0359e-15
3243.94  5.037e-15
3246.91  5.03564e-15
3249.88  5.03217e-15
3252.85  5.02699e-15
3255.82  5.02057e-15
3258.79  5.01337e-15
3261.76  5.00595e-15
3264.73  4.99887e-15
3267.7   4.99273e-15
3270.67  4.98817e-15
3273.64  4.98583e-15
3276.61  4.98635e-15
3279.58  4.99037e-15
3282.55  4.9985e-15
3285.52  5.01129e-15
3288.48  5.02925e-15
3291.45  5.05282e-15
3294.42  5.08231e-15
3297.39  5.11795e-15
3300.36  5.15984e-15
3303.33  5.20793e-15
3306.3   5.26204e-15
3309.27  5.32182e-15
3312.24  5.38678e-15
3315.21  5.45627e-15
3318.18  5.5295e-15
3321.15  5.60554e-15
3324.12  5.68334e-15
3327.09  5.76176e-15
3330.06  5.83956e-15
3333.03  5.91548e-15
3336     5.98823e-15
3338.97  6.05652e-15
3341.94  6.11913e-15
3344.91  6.17489e-15
3347.87  6.22278e-15
3350.84  6.26187e-15
3353.81  6.29145e-15
3356.78  6.31097e-15
3359.75  6.3201e-15
3362.72  6.31875e-15
3365.69  6.30705e-15
3368.66  6.28538e-15
3371.63  6.25432e-15
3374.6   6.21473e-15
3377.57  6.16761e-15
3380.54  6.11418e-15
3383.51  6.05582e-15
3386.48  5.99398e-15
3389.45  5.93025e-15
3392.42  5.86621e-15
3395.39  5.80347e-15
3398.36  5.74358e-15
3401.33  5.68802e-15
3404.3   5.63812e-15
3407.27  5.59507e-15
3410.23  5.55985e-15
3413.2   5.53322e-15
3416.17  5.5157e-15
3419.14  5.50755e-15
3422.11  5.50877e-15
3425.08  5.51906e-15
3428.05  5.53791e-15
3431.02  5.56453e-15
3433.99  5.59792e-15
3436.96  5.63689e-15
3439.93  5.68006e-15
3442.9   5.72596e-15
3445.87  5.77302e-15
3448.84  5.81963e-15
3451.81  5.86419e-15
3454.78  5.90513e-15
3457.75  5.941e-15
3460.72  5.97044e-15
3463.69  5.9923e-15
3466.66  6.00558e-15
3469.62  6.00954e-15
3472.59  6.00366e-15
3475.56  5.98765e-15
3478.53  5.9615e-15
3481.5   5.92544e-15
3484.47  5.87993e-15
3487.44  5.82568e-15
3490.41  5.76357e-15
3493.38  5.69467e-15
3496.35  5.62018e-15
3499.32  5.54142e-15
3502.29  5.45977e-15
3505.26  5.37666e-15
3508.23  5.29348e-15
3511.2   5.21163e-15
3514.17  5.13238e-15
3517.14  5.05694e-15
3520.11  4.98638e-15
3523.08  4.92161e-15
3526.05  4.86338e-15
3529.01  4.81226e-15
3531.98  4.76865e-15
3534.95  4.73275e-15
3537.92  4.7046e-15
3540.89  4.68407e-15
3543.86  4.67087e-15
3546.83  4.6646e-15
3549.8   4.66472e-15
3552.77  4.67062e-15
3555.74  4.68162e-15
3558.71  4.697e-15
3561.68  4.71601e-15
3564.65  4.73793e-15
3567.62  4.76203e-15
3570.59  4.78765e-15
3573.56  4.81418e-15
3576.53  4.84107e-15
3579.5   4.86785e-15
3582.47  4.89415e-15
3585.44  4.91965e-15
3588.4   4.94413e-15
3591.37  4.96744e-15
3594.34  4.98949e-15
3597.31  5.01024e-15
3600.28  5.02973e-15
3603.25  5.04797e-15
3606.22  5.06503e-15
3609.19  5.08096e-15
3612.16  5.09582e-15
3615.13  5.10962e-15
3618.1   5.12234e-15
3621.07  5.13394e-15
3624.04  5.14431e-15
3627.01  5.15329e-15
3629.98  5.16068e-15
3632.95  5.1662e-15
3635.92  5.16955e-15
3638.89  5.17039e-15
3641.86  5.16834e-15
3644.83  5.163e-15
3647.79  5.15398e-15
3650.76  5.14088e-15
3653.73  5.12335e-15
3656.7   5.10105e-15
3659.67  5.07372e-15
3662.64  5.04116e-15
3665.61  5.00324e-15
3668.58  4.95994e-15
3671.55  4.91133e-15
3674.52  4.8576e-15
3677.49  4.79903e-15
3680.46  4.73603e-15
3683.43  4.66912e-15
3686.4   4.5989e-15
3689.37  4.52609e-15
3692.34  4.45148e-15
3695.31  4.37595e-15
3698.28  4.3004e-15
3701.25  4.22581e-15
3704.22  4.15314e-15
3707.18  4.08337e-15
3710.15  4.01745e-15
3713.12  3.95631e-15
3716.09  3.90079e-15
3719.06  3.85167e-15
3722.03  3.80963e-15
3725     3.77524e-15
3727.97  3.74893e-15
3730.94  3.73104e-15
3733.91  3.72173e-15
3736.88  3.72104e-15
3739.85  3.72886e-15
3742.82  3.74493e-15
3745.79  3.76888e-15
3748.76  3.80018e-15
3751.73  3.83821e-15
3754.7   3.88224e-15
3757.67  3.93145e-15
3760.64  3.98495e-15
3763.61  4.04181e-15
3766.58  4.10105e-15
3769.54  4.1617e-15
3772.51  4.22278e-15
3775.48  4.28334e-15
3778.45  4.34249e-15
3781.42  4.3994e-15
3784.39  4.45329e-15
3787.36  4.5035e-15
3790.33  4.54945e-15
3793.3   4.5907e-15
3796.27  4.62689e-15
3799.24  4.65779e-15
3802.21  4.68329e-15
3805.18  4.7034e-15
3808.15  4.71823e-15
3811.12  4.72801e-15
3814.09  4.73303e-15
3817.06  4.73371e-15
3820.03  4.73051e-15
3823     4.72396e-15
3825.97  4.71463e-15
3828.93  4.70313e-15
3831.9   4.69008e-15
3834.87  4.67612e-15
3837.84  4.66184e-15
3840.81  4.64786e-15
3843.78  4.63473e-15
3846.75  4.62298e-15
3849.72  4.61309e-15
3852.69  4.60546e-15
3855.66  4.60046e-15
3858.63  4.59839e-15
3861.6   4.59948e-15
3864.57  4.60389e-15
3867.54  4.61173e-15
3870.51  4.62305e-15
3873.48  4.63783e-15
3876.45  4.65601e-15
3879.42  4.67746e-15
3882.39  4.70204e-15
3885.36  4.72954e-15
3888.32  4.75973e-15
3891.29  4.79234e-15
3894.26  4.82707e-15
3897.23  4.86361e-15
3900.2   4.90162e-15
3903.17  4.94073e-15
3906.14  4.98058e-15
3909.11  5.02077e-15
3912.08  5.06089e-15
3915.05  5.10052e-15
3918.02  5.13924e-15
3920.99  5.1766e-15
3923.96  5.21217e-15
3926.93  5.24547e-15
3929.9   5.27608e-15
3932.87  5.30353e-15
3935.84  5.32739e-15
3938.81  5.34724e-15
3941.78  5.36268e-15
3944.75  5.37335e-15
3947.71  5.3789e-15
3950.68  5.37907e-15
3953.65  5.37362e-15
3956.62  5.3624e-15
3959.59  5.34532e-15
3962.56  5.32237e-15
3965.53  5.29365e-15
3968.5   5.25933e-15
3971.47  5.21968e-15
3974.44  5.17508e-15
3977.41  5.12599e-15
3980.38  5.07298e-15
3983.35  5.01669e-15
3986.32  4.95786e-15
3989.29  4.8973e-15
3992.26  4.83586e-15
3995.23  4.77444e-15
3998.2   4.71398e-15
4001.17  4.65541e-15
4004.14  4.59967e-15
4007.1   4.54765e-15
4010.07  4.5002e-15
4013.04  4.4581e-15
4016.01  4.42205e-15
4018.98  4.39265e-15
4021.95  4.37036e-15
4024.92  4.35553e-15
4027.89  4.34836e-15
4030.86  4.34891e-15
4033.83  4.35708e-15
4036.8   4.37264e-15
4039.77  4.39518e-15
4042.74  4.42417e-15
4045.71  4.45896e-15
4048.68  4.49876e-15
4051.65  4.5427e-15
4054.62  4.58981e-15
4057.59  4.63908e-15
4060.56  4.68945e-15
4063.53  4.73983e-15
4066.5   4.78917e-15
4069.46  4.83641e-15
4072.43  4.88058e-15
4075.4   4.92077e-15
4078.37  4.95615e-15
4081.34  4.98601e-15
4084.31  5.00977e-15
4087.28  5.02698e-15
4090.25  5.03732e-15
4093.22  5.04063e-15
4096.19  5.03689e-15
4099.16  5.02622e-15
4102.13  5.0089e-15
4105.1   4.98531e-15
4108.07  4.95597e-15
4111.04  4.92147e-15
4114.01  4.88252e-15
4116.98  4.83988e-15
4119.95  4.79435e-15
4122.92  4.74678e-15
4125.89  4.69799e-15
4128.85  4.64881e-15
4131.82  4.60003e-15
4134.79  4.5524e-15
4137.76  4.50657e-15
4140.73  4.46314e-15
4143.7   4.42261e-15
4146.67  4.38537e-15
4149.64  4.3517e-15
4152.61  4.32177e-15
4155.58  4.29565e-15
4158.55  4.27329e-15
4161.52  4.25454e-15
4164.49  4.23916e-15
4167.46  4.22682e-15
4170.43  4.21712e-15
4173.4   4.20959e-15
4176.37  4.20374e-15
4179.34  4.19904e-15
4182.31  4.19493e-15
4185.28  4.19088e-15
4188.24  4.18638e-15
4191.21  4.18092e-15
4194.18  4.17406e-15
4197.15  4.16542e-15
4200.12  4.15467e-15
4203.09  4.14155e-15
4206.06  4.12589e-15
4209.03  4.10758e-15
4212     4.08659e-15
4214.97  4.06298e-15
4217.94  4.03686e-15
4220.91  4.00841e-15
4223.88  3.97787e-15
4226.85  3.94551e-15
4229.82  3.91164e-15
4232.79  3.87659e-15
4235.76  3.84072e-15
4238.73  3.80435e-15
4241.7   3.76783e-15
4244.67  3.73145e-15
4247.63  3.6955e-15
4250.6   3.66022e-15
4253.57  3.62582e-15
4256.54  3.59243e-15
4259.51  3.56017e-15
4262.48  3.5291e-15
4265.45  3.49923e-15
4268.42  3.47055e-15
4271.39  3.44299e-15
4274.36  3.41648e-15
4277.33  3.39091e-15
4280.3   3.36619e-15
4283.27  3.34221e-15
4286.24  3.31887e-15
4289.21  3.29612e-15
4292.18  3.27392e-15
4295.15  3.25226e-15
4298.12  3.23119e-15
4301.09  3.2108e-15
4304.06  3.19124e-15
4307.02  3.17269e-15
4309.99  3.1554e-15
4312.96  3.13964e-15
4315.93  3.12573e-15
4318.9   3.11402e-15
4321.87  3.10486e-15
4324.84  3.09863e-15
4327.81  3.09568e-15
4330.78  3.09635e-15
4333.75  3.10092e-15
4336.72  3.10966e-15
4339.69  3.12274e-15
4342.66  3.14027e-15
4345.63  3.16228e-15
4348.6   3.1887e-15
4351.57  3.21935e-15
4354.54  3.25398e-15
4357.51  3.29221e-15
4360.48  3.33356e-15
4363.45  3.37747e-15
4366.42  3.42329e-15
4369.38  3.4703e-15
4372.35  3.51772e-15
4375.32  3.56473e-15
4378.29  3.61049e-15
4381.26  3.65414e-15
4384.23  3.69486e-15
4387.2   3.73186e-15
4390.17  3.7644e-15
4393.14  3.79182e-15
4396.11  3.81357e-15
4399.08  3.8292e-15
4402.05  3.83838e-15
4405.02  3.84092e-15
4407.99  3.83679e-15
4410.96  3.82608e-15
4413.93  3.80904e-15
4416.9   3.78605e-15
4419.87  3.75763e-15
4422.84  3.72444e-15
4425.81  3.68721e-15
4428.77  3.64681e-15
4431.74  3.60413e-15
4434.71  3.56014e-15
4437.68  3.51583e-15
4440.65  3.47219e-15
4443.62  3.4302e-15
4446.59  3.39077e-15
4449.56  3.35475e-15
4452.53  3.32293e-15
4455.5   3.29597e-15
4458.47  3.2744e-15
4461.44  3.25863e-15
4464.41  3.24894e-15
4467.38  3.24545e-15
4470.35  3.24812e-15
4473.32  3.2568e-15
4476.29  3.27117e-15
4479.26  3.29079e-15
4482.23  3.31512e-15
4485.2   3.3435e-15
4488.16  3.3752e-15
4491.13  3.40943e-15
4494.1   3.44536e-15
4497.07  3.48214e-15
4500.04  3.51892e-15
4503.01  3.55488e-15
4505.98  3.58925e-15
4508.95  3.62132e-15
4511.92  3.65047e-15
4514.89  3.67614e-15
4517.86  3.69793e-15
4520.83  3.7155e-15
4523.8   3.72867e-15
4526.77  3.73736e-15
4529.74  3.74161e-15
4532.71  3.74157e-15
4535.68  3.7375e-15
4538.65  3.72975e-15
4541.62  3.71876e-15
4544.59  3.70504e-15
4547.55  3.68915e-15
4550.52  3.67166e-15
4553.49  3.6532e-15
4556.46  3.63438e-15
4559.43  3.61579e-15
4562.4   3.598e-15
4565.37  3.58154e-15
4568.34  3.56685e-15
4571.31  3.55435e-15
4574.28  3.54435e-15
4577.25  3.53708e-15
4580.22  3.5327e-15
4583.19  3.53127e-15
4586.16  3.53276e-15
4589.13  3.53706e-15
4592.1   3.544e-15
4595.07  3.5533e-15
4598.04  3.56465e-15
4601.01  3.57768e-15
4603.98  3.59196e-15
4606.94  3.60704e-15
4609.91  3.62247e-15
4612.88  3.63776e-15
4615.85  3.65246e-15
4618.82  3.66609e-15
4621.79  3.67825e-15
4624.76  3.68853e-15
4627.73  3.69659e-15
4630.7   3.70213e-15
4633.67  3.7049e-15
4636.64  3.70473e-15
4639.61  3.7015e-15
4642.58  3.69513e-15
4645.55  3.68564e-15
4648.52  3.67309e-15
4651.49  3.65758e-15
4654.46  3.63931e-15
4657.43  3.61847e-15
4660.4   3.59533e-15
4663.37  3.57018e-15
4666.33  3.54332e-15
4669.3   3.51511e-15
4672.27  3.48587e-15
4675.24  3.45596e-15
4678.21  3.42573e-15
4681.18  3.3955e-15
4684.15  3.3656e-15
4687.12  3.33632e-15
4690.09  3.30793e-15
4693.06  3.28067e-15
4696.03  3.25474e-15
4699     3.23032e-15
4701.97  3.20754e-15
4704.94  3.18649e-15
4707.91  3.16724e-15
4710.88  3.14982e-15
4713.85  3.13421e-15
4716.82  3.12038e-15
4719.79  3.10828e-15
4722.76  3.09781e-15
4725.73  3.08887e-15
4728.69  3.08134e-15
4731.66  3.07509e-15
4734.63  3.06998e-15
4737.6   3.06588e-15
4740.57  3.06264e-15
4743.54  3.06011e-15
4746.51  3.05818e-15
4749.48  3.0567e-15
4752.45  3.05555e-15
4755.42  3.05464e-15
4758.39  3.05387e-15
4761.36  3.05313e-15
4764.33  3.05236e-15
4767.3   3.05149e-15
4770.27  3.05044e-15
4773.24  3.04918e-15
4776.21  3.04765e-15
4779.18  3.0458e-15
4782.15  3.0436e-15
4785.12  3.041e-15
4788.08  3.03797e-15
4791.05  3.03446e-15
4794.02  3.03044e-15
4796.99  3.02587e-15
4799.96  3.0207e-15
4802.93  3.01488e-15
4805.9   3.00839e-15
4808.87  3.00117e-15
4811.84  2.9932e-15
4814.81  2.98442e-15
4817.78  2.97482e-15
4820.75  2.96437e-15
4823.72  2.95306e-15
4826.69  2.94089e-15
4829.66  2.92787e-15
4832.63  2.91401e-15
4835.6   2.89935e-15
4838.57  2.88396e-15
4841.54  2.86789e-15
4844.51  2.85123e-15
4847.47  2.83408e-15
4850.44  2.81655e-15
4853.41  2.79876e-15
4856.38  2.78086e-15
4859.35  2.763e-15
4862.32  2.74532e-15
4865.29  2.72799e-15
4868.26  2.71116e-15
4871.23  2.69501e-15
4874.2   2.67969e-15
4877.17  2.66535e-15
4880.14  2.65212e-15
4883.11  2.64014e-15
4886.08  2.62952e-15
4889.05  2.62034e-15
4892.02  2.61269e-15
4894.99  2.60662e-15
4897.96  2.60215e-15
4900.93  2.59929e-15
4903.9   2.59802e-15
4906.86  2.59829e-15
4909.83  2.60003e-15
4912.8   2.60317e-15
4915.77  2.60758e-15
4918.74  2.61314e-15
4921.71  2.61971e-15
4924.68  2.62712e-15
4927.65  2.63521e-15
4930.62  2.64381e-15
4933.59  2.65273e-15
4936.56  2.6618e-15
4939.53  2.67084e-15
4942.5   2.6797e-15
4945.47  2.6882e-15
4948.44  2.6962e-15
4951.41  2.70357e-15
4954.38  2.71021e-15
4957.35  2.716e-15
4960.32  2.72088e-15
4963.29  2.7248e-15
4966.25  2.72771e-15
4969.22  2.72961e-15
4972.19  2.73051e-15
4975.16  2.73042e-15
4978.13  2.7294e-15
4981.1   2.72749e-15
4984.07  2.72479e-15
4987.04  2.72136e-15
4990.01  2.7173e-15
4992.98  2.7127e-15
4995.95  2.70769e-15
4998.92  2.70235e-15
5001.89  2.69679e-15
5004.86  2.69111e-15
5007.83  2.68542e-15
5010.8   2.67979e-15
5013.77  2.67432e-15
5016.74  2.66909e-15
5019.71  2.66415e-15
5022.68  2.65956e-15
5025.65  2.65539e-15
5028.61  2.65166e-15
5031.58  2.64841e-15
5034.55  2.64567e-15
5037.52  2.64345e-15
5040.49  2.64177e-15
5043.46  2.64063e-15
5046.43  2.64004e-15
5049.4   2.63999e-15
5052.37  2.6405e-15
5055.34  2.64154e-15
5058.31  2.64312e-15
5061.28  2.64523e-15
5064.25  2.64786e-15
5067.22  2.651e-15
5070.19  2.65464e-15
5073.16  2.65877e-15
5076.13  2.66337e-15
5079.1   2.66841e-15
5082.07  2.67389e-15
5085.04  2.67976e-15
5088     2.68601e-15
5090.97  2.69258e-15
5093.94  2.69943e-15
5096.91  2.70652e-15
5099.88  2.71379e-15
5102.85  2.72118e-15
5105.82  2.72861e-15
5108.79  2.73603e-15
5111.76  2.74335e-15
5114.73  2.75051e-15
5117.7   2.75742e-15
5120.67  2.76401e-15
5123.64  2.77021e-15
5126.61  2.77595e-15
5129.58  2.78117e-15
5132.55  2.78581e-15
5135.52  2.78984e-15
5138.49  2.79321e-15
5141.46  2.7959e-15
5144.43  2.79791e-15
5147.39  2.79924e-15
5150.36  2.79989e-15
5153.33  2.79989e-15
5156.3   2.79927e-15
5159.27  2.79809e-15
5162.24  2.79638e-15
5165.21  2.79421e-15
5168.18  2.79163e-15
5171.15  2.78871e-15
5174.12  2.7855e-15
5177.09  2.78205e-15
5180.06  2.77842e-15
5183.03  2.77464e-15
5186     2.77074e-15
5188.97  2.76672e-15
5191.94  2.7626e-15
5194.91  2.75836e-15
5197.88  2.75396e-15
5200.85  2.74936e-15
5203.82  2.7445e-15
5206.78  2.73932e-15
5209.75  2.73372e-15
5212.72  2.72762e-15
5215.69  2.72092e-15
5218.66  2.71352e-15
5221.63  2.70532e-15
5224.6   2.69622e-15
5227.57  2.68615e-15
5230.54  2.67502e-15
5233.51  2.66277e-15
5236.48  2.64934e-15
5239.45  2.63473e-15
5242.42  2.61891e-15
5245.39  2.60191e-15
5248.36  2.58377e-15
5251.33  2.56455e-15
5254.3   2.54435e-15
5257.27  2.52326e-15
5260.24  2.50144e-15
5263.21  2.47902e-15
5266.17  2.45617e-15
5269.14  2.43308e-15
5272.11  2.40994e-15
5275.08  2.38694e-15
5278.05  2.36428e-15
5281.02  2.34217e-15
5283.99  2.32078e-15
5286.96  2.30031e-15
5289.93  2.28093e-15
5292.9   2.26279e-15
5295.87  2.24603e-15
5298.84  2.23077e-15
5301.81  2.2171e-15
5304.78  2.20509e-15
5307.75  2.19481e-15
5310.72  2.18626e-15
5313.69  2.17947e-15
5316.66  2.1744e-15
5319.63  2.17102e-15
5322.6   2.16928e-15
5325.56  2.16909e-15
5328.53  2.17037e-15
5331.5   2.17302e-15
5334.47  2.17693e-15
5337.44  2.18198e-15
5340.41  2.18803e-15
5343.38  2.19498e-15
5346.35  2.20267e-15
5349.32  2.211e-15
5352.29  2.21982e-15
5355.26  2.22902e-15
5358.23  2.23847e-15
5361.2   2.24806e-15
5364.17  2.25768e-15
5367.14  2.26721e-15
5370.11  2.27656e-15
5373.08  2.28563e-15
5376.05  2.29432e-15
5379.02  2.30254e-15
5381.99  2.31021e-15
5384.96  2.31724e-15
5387.92  2.32356e-15
5390.89  2.32908e-15
5393.86  2.33374e-15
5396.83  2.33745e-15
5399.8   2.34016e-15
5402.77  2.34181e-15
5405.74  2.34233e-15
5408.71  2.34168e-15
5411.68  2.33982e-15
5414.65  2.33672e-15
5417.62  2.33236e-15
5420.59  2.32673e-15
5423.56  2.31985e-15
5426.53  2.31173e-15
5429.5   2.30242e-15
5432.47  2.29197e-15
5435.44  2.28045e-15
5438.41  2.26795e-15
5441.38  2.25459e-15
5444.35  2.24048e-15
5447.31  2.22577e-15
5450.28  2.21059e-15
5453.25  2.19513e-15
5456.22  2.17954e-15
5459.19  2.164e-15
5462.16  2.14869e-15
5465.13  2.13378e-15
5468.1   2.11945e-15
5471.07  2.10586e-15
5474.04  2.09316e-15
5477.01  2.08149e-15
5479.98  2.07096e-15
5482.95  2.06168e-15
5485.92  2.05373e-15
5488.89  2.04715e-15
5491.86  2.04197e-15
5494.83  2.0382e-15
5497.8   2.03581e-15
5500.77  2.03475e-15
5503.74  2.03495e-15
5506.7   2.03632e-15
5509.67  2.03873e-15
5512.64  2.04206e-15
5515.61  2.04617e-15
5518.58  2.05089e-15
5521.55  2.05608e-15
5524.52  2.06156e-15
5527.49  2.06717e-15
5530.46  2.07276e-15
5533.43  2.07818e-15
5536.4   2.08329e-15
5539.37  2.08797e-15
5542.34  2.09212e-15
5545.31  2.09565e-15
5548.28  2.09849e-15
5551.25  2.10059e-15
5554.22  2.10195e-15
5557.19  2.10255e-15
5560.16  2.10242e-15
5563.13  2.10158e-15
5566.09  2.10011e-15
5569.06  2.09807e-15
5572.03  2.09554e-15
5575     2.09263e-15
5577.97  2.08944e-15
5580.94  2.08608e-15
5583.91  2.08265e-15
5586.88  2.07929e-15
5589.85  2.07608e-15
5592.82  2.07315e-15
5595.79  2.07059e-15
5598.76  2.06848e-15
5601.73  2.06691e-15
5604.7   2.06595e-15
5607.67  2.06564e-15
5610.64  2.06603e-15
5613.61  2.06715e-15
5616.58  2.069e-15
5619.55  2.0716e-15
5622.52  2.07493e-15
5625.48  2.07896e-15
5628.45  2.08366e-15
5631.42  2.08899e-15
5634.39  2.09489e-15
5637.36  2.10129e-15
5640.33  2.10814e-15
5643.3   2.11535e-15
5646.27  2.12285e-15
5649.24  2.13055e-15
5652.21  2.13837e-15
5655.18  2.14621e-15
5658.15  2.154e-15
5661.12  2.16164e-15
5664.09  2.16904e-15
5667.06  2.17612e-15
5670.03  2.18279e-15
5673     2.18897e-15
5675.97  2.19458e-15
5678.94  2.19954e-15
5681.91  2.20379e-15
5684.88  2.20726e-15
5687.84  2.20988e-15
5690.81  2.21162e-15
5693.78  2.21241e-15
5696.75  2.21224e-15
5699.72  2.21106e-15
5702.69  2.20886e-15
5705.66  2.20565e-15
5708.63  2.20141e-15
5711.6   2.19618e-15
5714.57  2.18998e-15
5717.54  2.18285e-15
5720.51  2.17485e-15
5723.48  2.16604e-15
5726.45  2.15651e-15
5729.42  2.14634e-15
5732.39  2.13564e-15
5735.36  2.12451e-15
5738.33  2.11307e-15
5741.3   2.10144e-15
5744.27  2.08975e-15
5747.23  2.07812e-15
5750.2   2.06668e-15
5753.17  2.05556e-15
5756.14  2.04486e-15
5759.11  2.03471e-15
5762.08  2.0252e-15
5765.05  2.01641e-15
5768.02  2.00842e-15
5770.99  2.00129e-15
5773.96  1.99506e-15
5776.93  1.98975e-15
5779.9   1.98537e-15
5782.87  1.98189e-15
5785.84  1.9793e-15
5788.81  1.97753e-15
5791.78  1.97653e-15
5794.75  1.97621e-15
5797.72  1.97647e-15
5800.69  1.97723e-15
5803.66  1.97836e-15
5806.62  1.97975e-15
5809.59  1.98129e-15
5812.56  1.98286e-15
5815.53  1.98435e-15
5818.5   1.98565e-15
5821.47  1.98668e-15
5824.44  1.98734e-15
5827.41  1.98758e-15
5830.38  1.98734e-15
5833.35  1.98658e-15
5836.32  1.98529e-15
5839.29  1.98347e-15
5842.26  1.98115e-15
5845.23  1.97834e-15
5848.2   1.97512e-15
5851.17  1.97154e-15
5854.14  1.96767e-15
5857.11  1.96362e-15
5860.08  1.95946e-15
5863.05  1.95531e-15
5866.01  1.95125e-15
5868.98  1.94738e-15
5871.95  1.9438e-15
5874.92  1.94059e-15
5877.89  1.93782e-15
5880.86  1.93555e-15
5883.83  1.93384e-15
5886.8   1.93271e-15
5889.77  1.93219e-15
5892.74  1.93226e-15
5895.71  1.93292e-15
5898.68  1.93413e-15
5901.65  1.93584e-15
5904.62  1.93801e-15
5907.59  1.94055e-15
5910.56  1.94339e-15
5913.53  1.94644e-15
5916.5   1.94961e-15
5919.47  1.95282e-15
5922.44  1.95597e-15
5925.4   1.95897e-15
5928.37  1.96174e-15
5931.34  1.96422e-15
5934.31  1.96633e-15
5937.28  1.96802e-15
5940.25  1.96925e-15
5943.22  1.96998e-15
5946.19  1.9702e-15
5949.16  1.9699e-15
5952.13  1.96909e-15
5955.1   1.96776e-15
5958.07  1.96595e-15
5961.04  1.96369e-15
5964.01  1.96101e-15
5966.98  1.95794e-15
5969.95  1.95452e-15
5972.92  1.9508e-15
5975.89  1.9468e-15
5978.86  1.94257e-15
5981.83  1.93814e-15
5984.79  1.93352e-15
5987.76  1.92873e-15
5990.73  1.92379e-15
5993.7   1.91869e-15
5996.67  1.91344e-15
5999.64  1.908e-15
6002.61  1.90238e-15
6005.58  1.89654e-15
6008.55  1.89045e-15
6011.52  1.88408e-15
6014.49  1.87739e-15
6017.46  1.87035e-15
6020.43  1.86292e-15
6023.4   1.85505e-15
6026.37  1.84673e-15
6029.34  1.83792e-15
6032.31  1.8286e-15
6035.28  1.81874e-15
6038.25  1.80833e-15
6041.22  1.79737e-15
6044.19  1.78585e-15
6047.15  1.77378e-15
6050.12  1.76116e-15
6053.09  1.74802e-15
6056.06  1.73437e-15
6059.03  1.72024e-15
6062     1.70565e-15
6064.97  1.69062e-15
6067.94  1.67519e-15
6070.91  1.65939e-15
6073.88  1.64324e-15
6076.85  1.62677e-15
6079.82  1.61001e-15
6082.79  1.59298e-15
6085.76  1.57571e-15
6088.73  1.55822e-15
6091.7   1.54052e-15
6094.67  1.52265e-15
6097.64  1.50463e-15
6100.61  1.48647e-15
6103.58  1.4682e-15
6106.54  1.44986e-15
6109.51  1.43147e-15
6112.48  1.41308e-15
6115.45  1.39473e-15
6118.42  1.37648e-15
6121.39  1.35839e-15
6124.36  1.34052e-15
6127.33  1.32295e-15
6130.3   1.30577e-15
6133.27  1.28906e-15
6136.24  1.27293e-15
6139.21  1.25748e-15
6142.18  1.24281e-15
6145.15  1.22903e-15
6148.12  1.21624e-15
6151.09  1.20457e-15
6154.06  1.1941e-15
6157.03  1.18493e-15
6160     1.17716e-15
6162.97  1.17086e-15
6165.93  1.1661e-15
6168.9   1.16294e-15
6171.87  1.16141e-15
6174.84  1.16154e-15
6177.81  1.16334e-15
6180.78  1.16681e-15
6183.75  1.17191e-15
6186.72  1.17861e-15
6189.69  1.18686e-15
6192.66  1.19658e-15
6195.63  1.20769e-15
6198.6   1.22011e-15
6201.57  1.23373e-15
6204.54  1.24842e-15
6207.51  1.26409e-15
6210.48  1.28059e-15
6213.45  1.29781e-15
6216.42  1.31561e-15
6219.39  1.33386e-15
6222.36  1.35244e-15
6225.32  1.37121e-15
6228.29  1.39004e-15
6231.26  1.40881e-15
6234.23  1.42739e-15
6237.2   1.44568e-15
6240.17  1.46354e-15
6243.14  1.48087e-15
6246.11  1.49755e-15
6249.08  1.51347e-15
6252.05  1.52853e-15
6255.02  1.54262e-15
6257.99  1.55563e-15
6260.96  1.56746e-15
6263.93  1.57801e-15
6266.9   1.58719e-15
6269.87  1.59491e-15
6272.84  1.60108e-15
6275.81  1.60563e-15
6278.78  1.60848e-15
6281.75  1.60958e-15
6284.71  1.60888e-15
6287.68  1.60636e-15
6290.65  1.602e-15
6293.62  1.59579e-15
6296.59  1.58778e-15
6299.56  1.578e-15
6302.53  1.56653e-15
6305.5   1.55344e-15
6308.47  1.53886e-15
6311.44  1.52292e-15
6314.41  1.50578e-15
6317.38  1.48761e-15
6320.35  1.46862e-15
6323.32  1.449e-15
6326.29  1.42898e-15
6329.26  1.4088e-15
6332.23  1.38869e-15
6335.2   1.36889e-15
6338.17  1.34964e-15
6341.14  1.33117e-15
6344.11  1.31369e-15
6347.07  1.29742e-15
6350.04  1.28254e-15
6353.01  1.26921e-15
6355.98  1.25758e-15
6358.95  1.24776e-15
6361.92  1.23985e-15
6364.89  1.2339e-15
6367.86  1.22993e-15
6370.83  1.22795e-15
6373.8   1.22793e-15
6376.77  1.22981e-15
6379.74  1.23351e-15
6382.71  1.23891e-15
6385.68  1.24589e-15
6388.65  1.25431e-15
6391.62  1.26401e-15
6394.59  1.27481e-15
6397.56  1.28654e-15
6400.53  1.29901e-15
6403.5   1.31205e-15
6406.46  1.32547e-15
6409.43  1.3391e-15
6412.4   1.35277e-15
6415.37  1.36633e-15
6418.34  1.37965e-15
6421.31  1.39258e-15
6424.28  1.40501e-15
6427.25  1.41686e-15
6430.22  1.42804e-15
6433.19  1.43849e-15
6436.16  1.44815e-15
6439.13  1.45699e-15
6442.1   1.465e-15
6445.07  1.47216e-15
6448.04  1.47848e-15
6451.01  1.48397e-15
6453.98  1.48865e-15
6456.95  1.49256e-15
6459.92  1.49572e-15
6462.89  1.49818e-15
6465.85  1.49996e-15
6468.82  1.50113e-15
6471.79  1.5017e-15
6474.76  1.50174e-15
6477.73  1.50127e-15
6480.7   1.50033e-15
6483.67  1.49895e-15
6486.64  1.49717e-15
6489.61  1.49501e-15
6492.58  1.49249e-15
6495.55  1.48964e-15
6498.52  1.48647e-15
6501.49  1.48299e-15
6504.46  1.47922e-15
6507.43  1.47516e-15
6510.4   1.47081e-15
6513.37  1.46619e-15
6516.34  1.46128e-15
6519.31  1.4561e-15
6522.28  1.45065e-15
6525.24  1.44492e-15
6528.21  1.43892e-15
6531.18  1.43265e-15
6534.15  1.42611e-15
6537.12  1.41931e-15
6540.09  1.41226e-15
6543.06  1.40497e-15
6546.03  1.39745e-15
6549     1.38971e-15
6551.97  1.38179e-15
6554.94  1.37369e-15
6557.91  1.36545e-15
6560.88  1.3571e-15
6563.85  1.34866e-15
6566.82  1.34016e-15
6569.79  1.33165e-15
6572.76  1.32317e-15
6575.73  1.31474e-15
6578.7   1.30641e-15
6581.67  1.29822e-15
6584.63  1.29021e-15
6587.6   1.28241e-15
6590.57  1.27487e-15
6593.54  1.26761e-15
6596.51  1.26068e-15
6599.48  1.25409e-15
6602.45  1.24787e-15
6605.42  1.24205e-15
6608.39  1.23664e-15
6611.36  1.23165e-15
6614.33  1.22709e-15
6617.3   1.22295e-15
6620.27  1.21924e-15
6623.24  1.21595e-15
6626.21  1.21305e-15
6629.18  1.21054e-15
6632.15  1.20838e-15
6635.12  1.20655e-15
6638.09  1.20503e-15
6641.06  1.20377e-15
6644.03  1.20273e-15
6646.99  1.20189e-15
6649.96  1.20121e-15
6652.93  1.20063e-15
6655.9   1.20014e-15
6658.87  1.19968e-15
6661.84  1.19922e-15
6664.81  1.19874e-15
6667.78  1.1982e-15
6670.75  1.19758e-15
6673.72  1.19684e-15
6676.69  1.19598e-15
6679.66  1.19499e-15
6682.63  1.19384e-15
6685.6   1.19254e-15
6688.57  1.19108e-15
6691.54  1.18946e-15
6694.51  1.18769e-15
6697.48  1.18578e-15
6700.45  1.18373e-15
6703.42  1.18156e-15
6706.38  1.17927e-15
6709.35  1.17689e-15
6712.32  1.17443e-15
6715.29  1.17189e-15
6718.26  1.16929e-15
6721.23  1.16664e-15
6724.2   1.16394e-15
6727.17  1.16121e-15
6730.14  1.15845e-15
6733.11  1.15565e-15
6736.08  1.15282e-15
6739.05  1.14996e-15
6742.02  1.14706e-15
6744.99  1.14412e-15
6747.96  1.14113e-15
6750.93  1.13809e-15
6753.9   1.13498e-15
6756.87  1.1318e-15
6759.84  1.12854e-15
6762.81  1.1252e-15
6765.77  1.12178e-15
6768.74  1.11826e-15
6771.71  1.11465e-15
6774.68  1.11096e-15
6777.65  1.10718e-15
6780.62  1.10331e-15
6783.59  1.09938e-15
6786.56  1.09538e-15
6789.53  1.09133e-15
6792.5   1.08723e-15
6795.47  1.08311e-15
6798.44  1.07897e-15
6801.41  1.07484e-15
6804.38  1.07071e-15
6807.35  1.06661e-15
6810.32  1.06254e-15
6813.29  1.05853e-15
6816.26  1.05457e-15
6819.23  1.05068e-15
6822.2   1.04686e-15
6825.16  1.04312e-15
6828.13  1.03946e-15
6831.1   1.03588e-15
6834.07  1.03239e-15
6837.04  1.02898e-15
6840.01  1.02565e-15
6842.98  1.02241e-15
6845.95  1.01925e-15
6848.92  1.01617e-15
6851.89  1.01317e-15
6854.86  1.01024e-15
6857.83  1.0074e-15
6860.8   1.00464e-15
6863.77  1.00196e-15
6866.74  9.99373e-16
6869.71  9.96872e-16
6872.68  9.94464e-16
6875.65  9.92151e-16
6878.62  9.89938e-16
6881.59  9.87824e-16
6884.55  9.85812e-16
6887.52  9.83897e-16
6890.49  9.82077e-16
6893.46  9.80343e-16
6896.43  9.78685e-16
6899.4   9.77088e-16
6902.37  9.75533e-16
6905.34  9.73997e-16
6908.31  9.72454e-16
6911.28  9.70874e-16
6914.25  9.69222e-16
6917.22  9.67462e-16
6920.19  9.65555e-16
6923.16  9.6346e-16
6926.13  9.61138e-16
6929.1   9.5855e-16
6932.07  9.55656e-16
6935.04  9.52424e-16
6938.01  9.48823e-16
6940.98  9.4483e-16
6943.94  9.40426e-16
6946.91  9.35603e-16
6949.88  9.30358e-16
6952.85  9.24701e-16
6955.82  9.1865e-16
6958.79  9.12232e-16
6961.76  9.05485e-16
6964.73  8.98456e-16
6967.7   8.91201e-16
6970.67  8.83784e-16
6973.64  8.76276e-16
6976.61  8.68752e-16
6979.58  8.61293e-16
6982.55  8.53982e-16
6985.52  8.46901e-16
6988.49  8.40131e-16
6991.46  8.33752e-16
6994.43  8.27838e-16
6997.4   8.22456e-16
7000.37  8.17665e-16
7003.34  8.13517e-16
7006.3   8.10052e-16
7009.27  8.07299e-16
7012.24  8.05277e-16
7015.21  8.03993e-16
7018.18  8.03442e-16
7021.15  8.03608e-16
7024.12  8.04466e-16
7027.09  8.05979e-16
7030.06  8.08106e-16
7033.03  8.10794e-16
7036     8.13988e-16
7038.97  8.17626e-16
7041.94  8.21647e-16
7044.91  8.25986e-16
7047.88  8.3058e-16
7050.85  8.35367e-16
7053.82  8.40289e-16
7056.79  8.4529e-16
7059.76  8.50322e-16
7062.73  8.55341e-16
7065.69  8.60308e-16
7068.66  8.65194e-16
7071.63  8.69973e-16
7074.6   8.74626e-16
7077.57  8.79141e-16
7080.54  8.8351e-16
7083.51  8.8773e-16
7086.48  8.91802e-16
7089.45  8.95729e-16
7092.42  8.99517e-16
7095.39  9.03173e-16
7098.36  9.06704e-16
7101.33  9.10117e-16
7104.3   9.13417e-16
7107.27  9.16606e-16
7110.24  9.19687e-16
7113.21  9.22657e-16
7116.18  9.25513e-16
7119.15  9.28246e-16
7122.12  9.30848e-16
7125.08  9.33304e-16
7128.05  9.356e-16
7131.02  9.37721e-16
7133.99  9.39648e-16
7136.96  9.41363e-16
7139.93  9.42849e-16
7142.9   9.44088e-16
7145.87  9.45064e-16
7148.84  9.45764e-16
7151.81  9.46176e-16
7154.78  9.46292e-16
7157.75  9.46106e-16
7160.72  9.45619e-16
7163.69  9.4483e-16
7166.66  9.43747e-16
7169.63  9.42378e-16
7172.6   9.40736e-16
7175.57  9.38836e-16
7178.54  9.36697e-16
7181.51  9.34338e-16
7184.47  9.31781e-16
7187.44  9.29047e-16
7190.41  9.2616e-16
7193.38  9.23141e-16
7196.35  9.2001e-16
7199.32  9.16789e-16
7202.29  9.13494e-16
7205.26  9.1014e-16
7208.23  9.0674e-16
7211.2   9.03304e-16
7214.17  8.99839e-16
7217.14  8.9635e-16
7220.11  8.92838e-16
7223.08  8.89303e-16
7226.05  8.85743e-16
7229.02  8.82154e-16
7231.99  8.7853e-16
7234.96  8.74868e-16
7237.93  8.7116e-16
7240.9   8.67404e-16
7243.86  8.63594e-16
7246.83  8.59729e-16
7249.8   8.5581e-16
7252.77  8.51837e-16
7255.74  8.47817e-16
7258.71  8.43756e-16
7261.68  8.39664e-16
7264.65  8.35555e-16
7267.62  8.31444e-16
7270.59  8.27348e-16
7273.56  8.23288e-16
7276.53  8.19285e-16
7279.5   8.15362e-16
7282.47  8.11541e-16
7285.44  8.07846e-16
7288.41  8.04301e-16
7291.38  8.00928e-16
7294.35  7.97748e-16
7297.32  7.94779e-16
7300.29  7.92038e-16
7303.26  7.8954e-16
7306.22  7.87294e-16
7309.19  7.85309e-16
7312.16  7.83588e-16
7315.13  7.82132e-16
7318.1   7.80936e-16
7321.07  7.79992e-16
7324.04  7.7929e-16
7327.01  7.78815e-16
7329.98  7.78548e-16
7332.95  7.78468e-16
7335.92  7.7855e-16
7338.89  7.78769e-16
7341.86  7.79095e-16
7344.83  7.79498e-16
7347.8   7.79947e-16
7350.77  7.8041e-16
7353.74  7.80856e-16
7356.71  7.81253e-16
7359.68  7.81572e-16
7362.65  7.81783e-16
7365.61  7.81859e-16
7368.58  7.81776e-16
7371.55  7.81512e-16
7374.52  7.81049e-16
7377.49  7.8037e-16
7380.46  7.79464e-16
7383.43  7.78321e-16
7386.4   7.76938e-16
7389.37  7.75311e-16
7392.34  7.73444e-16
7395.31  7.7134e-16
7398.28  7.69008e-16
7401.25  7.66458e-16
7404.22  7.63701e-16
7407.19  7.60751e-16
7410.16  7.57624e-16
7413.13  7.54334e-16
7416.1   7.50898e-16
7419.07  7.47329e-16
7422.04  7.43643e-16
7425     7.39853e-16
7427.97  7.35969e-16
7430.94  7.32001e-16
7433.91  7.27958e-16
7436.88  7.23844e-16
7439.85  7.19664e-16
7442.82  7.15419e-16
7445.79  7.1111e-16
7448.76  7.06735e-16
7451.73  7.02294e-16
7454.7   6.97785e-16
7457.67  6.93205e-16
7460.64  6.88555e-16
7463.61  6.83834e-16
7466.58  6.79046e-16
7469.55  6.74195e-16
7472.52  6.69289e-16
7475.49  6.64338e-16
7478.46  6.59356e-16
7481.43  6.5436e-16
7484.39  6.49372e-16
7487.36  6.44414e-16
7490.33  6.39514e-16
7493.3   6.34701e-16
7496.27  6.30007e-16
7499.24  6.25464e-16
7502.21  6.21107e-16
7505.18  6.1697e-16
7508.15  6.13088e-16
7511.12  6.09492e-16
7514.09  6.06215e-16
7517.06  6.03284e-16
7520.03  6.00727e-16
7523     5.98563e-16
7525.97  5.96813e-16
7528.94  5.95488e-16
7531.91  5.94598e-16
7534.88  5.94147e-16
7537.85  5.94132e-16
7540.82  5.94548e-16
7543.78  5.95383e-16
7546.75  5.96621e-16
7549.72  5.98241e-16
7552.69  6.00218e-16
7555.66  6.02525e-16
7558.63  6.05129e-16
7561.6   6.07996e-16
7564.57  6.1109e-16
7567.54  6.14374e-16
7570.51  6.17808e-16
7573.48  6.21355e-16
7576.45  6.24977e-16
7579.42  6.28637e-16
7582.39  6.32299e-16
7585.36  6.35931e-16
7588.33  6.39502e-16
7591.3   6.42986e-16
7594.27  6.46359e-16
7597.24  6.49601e-16
7600.21  6.52695e-16
7603.17  6.55631e-16
7606.14  6.58399e-16
7609.11  6.60996e-16
7612.08  6.6342e-16
7615.05  6.65675e-16
7618.02  6.67766e-16
7620.99  6.697e-16
7623.96  6.71489e-16
7626.93  6.73144e-16
7629.9   6.74677e-16
7632.87  6.76103e-16
7635.84  6.77433e-16
7638.81  6.78681e-16
7641.78  6.79857e-16
7644.75  6.80973e-16
7647.72  6.82035e-16
7650.69  6.83051e-16
7653.66  6.84024e-16
7656.63  6.84956e-16
7659.6   6.85846e-16
7662.57  6.86691e-16
7665.53  6.87488e-16
7668.5   6.88229e-16
7671.47  6.88907e-16
7674.44  6.89515e-16
7677.41  6.90044e-16
7680.38  6.90486e-16
7683.35  6.90833e-16
7686.32  6.9108e-16
7689.29  6.91221e-16
7692.26  6.91254e-16
7695.23  6.9118e-16
7698.2   6.91e-16
7701.17  6.90721e-16
7704.14  6.90349e-16
7707.11  6.89896e-16
7710.08  6.89375e-16
7713.05  6.88802e-16
7716.02  6.88192e-16
7718.99  6.87565e-16
7721.96  6.8694e-16
7724.92  6.86337e-16
7727.89  6.85773e-16
7730.86  6.85267e-16
7733.83  6.84835e-16
7736.8   6.84491e-16
7739.77  6.84245e-16
7742.74  6.84107e-16
7745.71  6.8408e-16
7748.68  6.84166e-16
7751.65  6.84361e-16
7754.62  6.8466e-16
7757.59  6.85053e-16
7760.56  6.85527e-16
7763.53  6.86067e-16
7766.5   6.86656e-16
7769.47  6.87274e-16
7772.44  6.87902e-16
7775.41  6.88519e-16
7778.38  6.89106e-16
7781.35  6.89645e-16
7784.31  6.90118e-16
7787.28  6.90512e-16
7790.25  6.90816e-16
7793.22  6.9102e-16
7796.19  6.91121e-16
7799.16  6.91116e-16
7802.13  6.91008e-16
7805.1   6.90802e-16
7808.07  6.90505e-16
7811.04  6.9013e-16
7814.01  6.89689e-16
7816.98  6.89196e-16
7819.95  6.88667e-16
7822.92  6.88117e-16
7825.89  6.87561e-16
7828.86  6.87012e-16
7831.83  6.86482e-16
7834.8   6.85981e-16
7837.77  6.85514e-16
7840.74  6.85085e-16
7843.7   6.84693e-16
7846.67  6.84333e-16
7849.64  6.83999e-16
7852.61  6.83679e-16
7855.58  6.83358e-16
7858.55  6.8302e-16
7861.52  6.82646e-16
7864.49  6.82214e-16
7867.46  6.81703e-16
7870.43  6.81093e-16
7873.4   6.80361e-16
7876.37  6.7949e-16
7879.34  6.78462e-16
7882.31  6.77262e-16
7885.28  6.75881e-16
7888.25  6.74311e-16
7891.22  6.72551e-16
7894.19  6.706e-16
7897.16  6.68467e-16
7900.13  6.66161e-16
7903.09  6.63698e-16
7906.06  6.61095e-16
7909.03  6.58375e-16
7912     6.55563e-16
7914.97  6.52684e-16
7917.94  6.49766e-16
7920.91  6.46838e-16
7923.88  6.43929e-16
7926.85  6.41064e-16
7929.82  6.3827e-16
7932.79  6.3557e-16
7935.76  6.32983e-16
7938.73  6.30527e-16
7941.7   6.28215e-16
7944.67  6.26055e-16
7947.64  6.24054e-16
7950.61  6.22211e-16
7953.58  6.20524e-16
7956.55  6.18985e-16
7959.52  6.17586e-16
7962.49  6.16312e-16
7965.45  6.15148e-16
7968.42  6.14076e-16
7971.39  6.13077e-16
7974.36  6.12132e-16
7977.33  6.1122e-16
7980.3   6.10322e-16
7983.27  6.0942e-16
7986.24  6.08496e-16
7989.21  6.07536e-16
7992.18  6.06525e-16
7995.15  6.05454e-16
7998.12  6.04314e-16
8001.09  6.031e-16
8004.06  6.01811e-16
8007.03  6.00446e-16
8010     5.99009e-16
8012.97  5.97505e-16
8015.94  5.95941e-16
8018.91  5.94328e-16
8021.88  5.92677e-16
8024.84  5.90999e-16
8027.81  5.89309e-16
8030.78  5.8762e-16
8033.75  5.85946e-16
8036.72  5.84301e-16
8039.69  5.82697e-16
8042.66  5.81149e-16
8045.63  5.79666e-16
8048.6   5.78258e-16
8051.57  5.76936e-16
8054.54  5.75704e-16
8057.51  5.74569e-16
8060.48  5.73533e-16
8063.45  5.72598e-16
8066.42  5.71763e-16
8069.39  5.71025e-16
8072.36  5.7038e-16
8075.33  5.69821e-16
8078.3   5.6934e-16
8081.27  5.68929e-16
8084.23  5.68575e-16
8087.2   5.68269e-16
8090.17  5.67996e-16
8093.14  5.67743e-16
8096.11  5.67498e-16
8099.08  5.67247e-16
8102.05  5.66976e-16
8105.02  5.66672e-16
8107.99  5.66325e-16
8110.96  5.65924e-16
8113.93  5.65459e-16
8116.9   5.64924e-16
8119.87  5.64312e-16
8122.84  5.63621e-16
8125.81  5.62849e-16
8128.78  5.61998e-16
8131.75  5.6107e-16
8134.72  5.60073e-16
8137.69  5.59012e-16
8140.66  5.579e-16
8143.62  5.56747e-16
8146.59  5.55568e-16
8149.56  5.54377e-16
8152.53  5.53191e-16
8155.5   5.52026e-16
8158.47  5.509e-16
8161.44  5.4983e-16
8164.41  5.48832e-16
8167.38  5.47922e-16
8170.35  5.47115e-16
8173.32  5.46423e-16
8176.29  5.45857e-16
8179.26  5.45424e-16
8182.23  5.45132e-16
8185.2   5.44981e-16
8188.17  5.44972e-16
8191.14  5.45101e-16
8194.11  5.4536e-16
8197.08  5.4574e-16
8200.05  5.46227e-16
8203.01  5.46806e-16
8205.98  5.47458e-16
8208.95  5.48162e-16
8211.92  5.48897e-16
8214.89  5.49639e-16
8217.86  5.50363e-16
8220.83  5.51047e-16
8223.8   5.51666e-16
8226.77  5.52199e-16
8229.74  5.52623e-16
8232.71  5.52922e-16
8235.68  5.53078e-16
8238.65  5.53078e-16
8241.62  5.52913e-16
8244.59  5.52577e-16
8247.56  5.52066e-16
8250.53  5.51382e-16
8253.5   5.50529e-16
8256.47  5.49514e-16
8259.44  5.4835e-16
8262.4   5.47048e-16
8265.37  5.45626e-16
8268.34  5.441e-16
8271.31  5.4249e-16
8274.28  5.40814e-16
8277.25  5.39093e-16
8280.22  5.37345e-16
8283.19  5.35589e-16
8286.16  5.33842e-16
8289.13  5.32119e-16
8292.1   5.30434e-16
8295.07  5.28797e-16
8298.04  5.27217e-16
8301.01  5.25701e-16
8303.98  5.24251e-16
8306.95  5.22871e-16
8309.92  5.21559e-16
8312.89  5.20313e-16
8315.86  5.1913e-16
8318.83  5.18006e-16
8321.8   5.16934e-16
8324.76  5.1591e-16
8327.73  5.14929e-16
8330.7   5.13985e-16
8333.67  5.13075e-16
8336.64  5.12195e-16
8339.61  5.11345e-16
8342.58  5.10524e-16
8345.55  5.09734e-16
8348.52  5.08978e-16
8351.49  5.08262e-16
8354.46  5.07591e-16
8357.43  5.06974e-16
8360.4   5.06419e-16
8363.37  5.05936e-16
8366.34  5.05533e-16
8369.31  5.05222e-16
8372.28  5.05011e-16
8375.25  5.04909e-16
8378.22  5.04924e-16
8381.19  5.05061e-16
8384.15  5.05326e-16
8387.12  5.05721e-16
8390.09  5.06247e-16
8393.06  5.06902e-16
8396.03  5.07682e-16
8399     5.08582e-16
8401.97  5.09593e-16
8404.94  5.10707e-16
8407.91  5.11912e-16
8410.88  5.13196e-16
8413.85  5.14545e-16
8416.82  5.15945e-16
8419.79  5.17382e-16
8422.76  5.18842e-16
8425.73  5.2031e-16
8428.7   5.21774e-16
8431.67  5.23222e-16
8434.64  5.24641e-16
8437.61  5.26023e-16
8440.58  5.2736e-16
8443.54  5.28644e-16
8446.51  5.29871e-16
8449.48  5.31036e-16
8452.45  5.32139e-16
8455.42  5.33176e-16
8458.39  5.34148e-16
8461.36  5.35056e-16
8464.33  5.35901e-16
8467.3   5.36683e-16
8470.27  5.37404e-16
8473.24  5.38066e-16
8476.21  5.3867e-16
8479.18  5.39215e-16
8482.15  5.39703e-16
8485.12  5.40132e-16
8488.09  5.40502e-16
8491.06  5.4081e-16
8494.03  5.41055e-16
8497     5.41234e-16
8499.97  5.41345e-16
8502.93  5.41385e-16
8505.9   5.41352e-16
8508.87  5.41244e-16
8511.84  5.41059e-16
8514.81  5.40796e-16
8517.78  5.40456e-16
8520.75  5.40039e-16
8523.72  5.39548e-16
8526.69  5.38984e-16
8529.66  5.38351e-16
8532.63  5.37653e-16
8535.6   5.36897e-16
8538.57  5.36087e-16
8541.54  5.35229e-16
8544.51  5.34331e-16
8547.48  5.33399e-16
8550.45  5.32439e-16
8553.42  5.31458e-16
8556.39  5.30462e-16
8559.36  5.29457e-16
8562.32  5.28447e-16
8565.29  5.27436e-16
8568.26  5.26427e-16
8571.23  5.25424e-16
8574.2   5.24427e-16
8577.17  5.23436e-16
8580.14  5.22451e-16
8583.11  5.2147e-16
8586.08  5.20491e-16
8589.05  5.19509e-16
8592.02  5.1852e-16
8594.99  5.1752e-16
8597.96  5.16503e-16
8600.93  5.15464e-16
8603.9   5.14395e-16
8606.87  5.13292e-16
8609.84  5.12149e-16
8612.81  5.10961e-16
8615.78  5.09723e-16
8618.75  5.08432e-16
8621.72  5.07087e-16
8624.68  5.05687e-16
8627.65  5.04233e-16
8630.62  5.02728e-16
8633.59  5.01177e-16
8636.56  4.99588e-16
8639.53  4.97969e-16
8642.5   4.9633e-16
8645.47  4.94686e-16
8648.44  4.93049e-16
8651.41  4.91436e-16
8654.38  4.89862e-16
8657.35  4.88344e-16
8660.32  4.86898e-16
8663.29  4.85542e-16
8666.26  4.84289e-16
8669.23  4.83155e-16
8672.2   4.8215e-16
8675.17  4.81283e-16
8678.14  4.80562e-16
8681.11  4.79989e-16
8684.07  4.79563e-16
8687.04  4.79282e-16
8690.01  4.79138e-16
8692.98  4.7912e-16
8695.95  4.79213e-16
8698.92  4.79402e-16
8701.89  4.79667e-16
8704.86  4.79986e-16
8707.83  4.80337e-16
8710.8   4.80698e-16
8713.77  4.81045e-16
8716.74  4.81357e-16
8719.71  4.81614e-16
8722.68  4.81796e-16
8725.65  4.8189e-16
8728.62  4.81883e-16
8731.59  4.81766e-16
8734.56  4.81537e-16
8737.53  4.81192e-16
8740.5   4.80737e-16
8743.46  4.80178e-16
8746.43  4.79525e-16
8749.4   4.7879e-16
8752.37  4.77988e-16
8755.34  4.77137e-16
8758.31  4.76253e-16
8761.28  4.75353e-16
8764.25  4.74454e-16
8767.22  4.73573e-16
8770.19  4.72722e-16
8773.16  4.71914e-16
8776.13  4.71158e-16
8779.1   4.70461e-16
8782.07  4.69826e-16
8785.04  4.69255e-16
8788.01  4.68745e-16
8790.98  4.68293e-16
8793.95  4.67894e-16
8796.92  4.67539e-16
8799.89  4.67222e-16
8802.85  4.66933e-16
8805.82  4.66663e-16
8808.79  4.66405e-16
8811.76  4.6615e-16
8814.73  4.65892e-16
8817.7   4.65626e-16
8820.67  4.65349e-16
8823.64  4.65059e-16
8826.61  4.64756e-16
8829.58  4.6444e-16
8832.55  4.64115e-16
8835.52  4.63784e-16
8838.49  4.6345e-16
8841.46  4.6312e-16
8844.43  4.62797e-16
8847.4   4.62486e-16
8850.37  4.62192e-16
8853.34  4.61919e-16
8856.31  4.61669e-16
8859.28  4.61444e-16
8862.24  4.61246e-16
8865.21  4.61075e-16
8868.18  4.6093e-16
8871.15  4.60809e-16
8874.12  4.60712e-16
8877.09  4.60635e-16
8880.06  4.60576e-16
8883.03  4.60531e-16
8886     4.60499e-16
8888.97  4.60476e-16
8891.94  4.60461e-16
8894.91  4.60451e-16
8897.88  4.60445e-16
8900.85  4.60442e-16
8903.82  4.6044e-16
8906.79  4.60439e-16
8909.76  4.60438e-16
8912.73  4.60438e-16
8915.7   4.60438e-16
8918.67  4.60438e-16
8921.64  4.60438e-16
8924.6   4.60438e-16
8927.57  4.60438e-16
8930.54  4.60438e-16