#9.110000000000582
3774.63  3.28078e-15
3777.65  3.30057e-15
3780.67  3.33139e-15
3783.69  3.37431e-15
3786.71  3.42984e-15
3789.74  3.4979e-15
3792.76  3.57789e-15
3795.78  3.66878e-15
3798.8   3.76928e-15
3801.82  3.87801e-15
3804.84  3.99377e-15
3807.86  4.1157e-15
3810.88  4.24356e-15
3813.9   4.37786e-15
3816.92  4.51997e-15
3819.95  4.67216e-15
3822.97  4.83752e-15
3825.99  5.01967e-15
3829.01  5.22249e-15
3832.03  5.44956e-15
3835.05  5.70365e-15
3838.07  5.98616e-15
3841.09  6.29657e-15
3844.11  6.63212e-15
3847.14  6.9876e-15
3850.16  7.35554e-15
3853.18  7.72658e-15
3856.2   8.0902e-15
3859.22  8.43566e-15
3862.24  8.75311e-15
3865.26  9.0346e-15
3868.28  9.27506e-15
3871.3   9.47296e-15
3874.33  9.63052e-15
3877.35  9.75357e-15
3880.37  9.8508e-15
3883.39  9.93273e-15
3886.41  1.00103e-14
3889.43  1.00932e-14
3892.45  1.01891e-14
3895.47  1.03017e-14
3898.49  1.04307e-14
3901.52  1.0572e-14
3904.54  1.07177e-14
3907.56  1.08578e-14
3910.58  1.09816e-14
3913.6   1.1079e-14
3916.62  1.11426e-14
3919.64  1.11679e-14
3922.66  1.11545e-14
3925.68  1.11055e-14
3928.71  1.10266e-14
3931.73  1.09252e-14
3934.75  1.08084e-14
3937.77  1.06823e-14
3940.79  1.05505e-14
3943.81  1.04143e-14
3946.83  1.02723e-14
3949.85  1.01213e-14
3952.87  9.95792e-15
3955.9   9.77898e-15
3958.92  9.58313e-15
3961.94  9.37132e-15
3964.96  9.14705e-15
3967.98  8.91607e-15
3971     8.68572e-15
3974.02  8.46398e-15
3977.04  8.25842e-15
3980.06  8.0754e-15
3983.09  7.91941e-15
3986.11  7.79274e-15
3989.13  7.69559e-15
3992.15  7.62626e-15
3995.17  7.58166e-15
3998.19  7.55777e-15
4001.21  7.55012e-15
4004.23  7.55418e-15
4007.25  7.56558e-15
4010.28  7.58029e-15
4013.3   7.59476e-15
4016.32  7.60594e-15
4019.34  7.61138e-15
4022.36  7.60938e-15
4025.38  7.59907e-15
4028.4   7.58054e-15
4031.42  7.55496e-15
4034.44  7.52455e-15
4037.47  7.49247e-15
4040.49  7.46261e-15
4043.51  7.43921e-15
4046.53  7.42649e-15
4049.55  7.42811e-15
4052.57  7.44681e-15
4055.59  7.48406e-15
4058.61  7.53978e-15
4061.63  7.61239e-15
4064.66  7.69887e-15
4067.68  7.79513e-15
4070.7   7.89638e-15
4073.72  7.99771e-15
4076.74  8.0946e-15
4079.76  8.1834e-15
4082.78  8.26178e-15
4085.8   8.32893e-15
4088.82  8.3856e-15
4091.85  8.43399e-15
4094.87  8.47738e-15
4097.89  8.51969e-15
4100.91  8.56488e-15
4103.93  8.6164e-15
4106.95  8.67671e-15
4109.97  8.74685e-15
4112.99  8.82634e-15
4116.01  8.91315e-15
4119.04  9.00396e-15
4122.06  9.09456e-15
4125.08  9.18036e-15
4128.1   9.25692e-15
4131.12  9.32046e-15
4134.14  9.36824e-15
4137.16  9.39883e-15
4140.18  9.41218e-15
4143.2   9.40953e-15
4146.23  9.39318e-15
4149.25  9.36623e-15
4152.27  9.33214e-15
4155.29  9.29449e-15
4158.31  9.25663e-15
4161.33  9.22149e-15
4164.35  9.19145e-15
4167.37  9.16829e-15
4170.39  9.15319e-15
4173.42  9.14679e-15
4176.44  9.14923e-15
4179.46  9.16021e-15
4182.48  9.17903e-15
4185.5   9.20465e-15
4188.52  9.23569e-15
4191.54  9.27053e-15
4194.56  9.30736e-15
4197.58  9.34427e-15
4200.61  9.3794e-15
4203.63  9.41098e-15
4206.65  9.4375e-15
4209.67  9.45775e-15
4212.69  9.47085e-15
4215.71  9.47625e-15
4218.73  9.47369e-15
4221.75  9.46317e-15
4224.77  9.44489e-15
4227.8   9.41922e-15
4230.82  9.3867e-15
4233.84  9.34801e-15
4236.86  9.30403e-15
4239.88  9.25577e-15
4242.9   9.20439e-15
4245.92  9.15106e-15
4248.94  9.09685e-15
4251.96  9.04254e-15
4254.99  8.98847e-15
4258.01  8.93439e-15
4261.03  8.87939e-15
4264.05  8.82193e-15
4267.07  8.75993e-15
4270.09  8.69106e-15
4273.11  8.61298e-15
4276.13  8.52367e-15
4279.15  8.42173e-15
4282.18  8.30653e-15
4285.2   8.17836e-15
4288.22  8.03832e-15
4291.24  7.88818e-15
4294.26  7.73013e-15
4297.28  7.5665e-15
4300.3   7.39946e-15
4303.32  7.23086e-15
4306.34  7.06206e-15
4309.36  6.894e-15
4312.39  6.72726e-15
4315.41  6.56221e-15
4318.43  6.39925e-15
4321.45  6.23892e-15
4324.47  6.08207e-15
4327.49  5.9298e-15
4330.51  5.78349e-15
4333.53  5.64458e-15
4336.55  5.51442e-15
4339.58  5.39413e-15
4342.6   5.28439e-15
4345.62  5.18539e-15
4348.64  5.09687e-15
4351.66  5.01817e-15
4354.68  4.94842e-15
4357.7   4.88672e-15
4360.72  4.83237e-15
4363.74  4.785e-15
4366.77  4.7447e-15
4369.79  4.71202e-15
4372.81  4.68793e-15
4375.83  4.67368e-15
4378.85  4.67061e-15
4381.87  4.67998e-15
4384.89  4.70279e-15
4387.91  4.73963e-15
4390.93  4.79063e-15
4393.96  4.85545e-15
4396.98  4.93335e-15
4400     5.02331e-15
4403.02  5.12422e-15
4406.04  5.23499e-15
4409.06  5.35474e-15
4412.08  5.48288e-15
4415.1   5.61917e-15
4418.12  5.76365e-15
4421.15  5.91658e-15
4424.17  6.07831e-15
4427.19  6.24906e-15
4430.21  6.42882e-15
4433.23  6.61721e-15
4436.25  6.81338e-15
4439.27  7.01606e-15
4442.29  7.22361e-15
4445.31  7.43418e-15
4448.34  7.64585e-15
4451.36  7.85683e-15
4454.38  8.06563e-15
4457.4   8.27121e-15
4460.42  8.47301e-15
4463.44  8.67101e-15
4466.46  8.86567e-15
4469.48  9.05789e-15
4472.5   9.24891e-15
4475.53  9.44014e-15
4478.55  9.63307e-15
4481.57  9.82915e-15
4484.59  1.00296e-14
4487.61  1.02352e-14
4490.63  1.04463e-14
4493.65  1.06626e-14
4496.67  1.0883e-14
4499.69  1.11059e-14
4502.72  1.13287e-14
4505.74  1.15487e-14
4508.76  1.17625e-14
4511.78  1.19671e-14
4514.8   1.21598e-14
4517.82  1.23387e-14
4520.84  1.25027e-14
4523.86  1.2652e-14
4526.88  1.27878e-14
4529.91  1.29124e-14
4532.93  1.30286e-14
4535.95  1.31397e-14
4538.97  1.32485e-14
4541.99  1.33574e-14
4545.01  1.34677e-14
4548.03  1.35794e-14
4551.05  1.36911e-14
4554.07  1.38e-14
4557.1   1.39024e-14
4560.12  1.39937e-14
4563.14  1.40694e-14
4566.16  1.41253e-14
4569.18  1.41583e-14
4572.2   1.41666e-14
4575.22  1.41498e-14
4578.24  1.41094e-14
4581.26  1.40478e-14
4584.29  1.39687e-14
4587.31  1.38758e-14
4590.33  1.37731e-14
4593.35  1.36633e-14
4596.37  1.35485e-14
4599.39  1.34292e-14
4602.41  1.33048e-14
4605.43  1.31739e-14
4608.45  1.30348e-14
4611.48  1.28857e-14
4614.5   1.27259e-14
4617.52  1.25557e-14
4620.54  1.23771e-14
4623.56  1.21934e-14
4626.58  1.20096e-14
4629.6   1.18311e-14
4632.62  1.16634e-14
4635.64  1.15116e-14
4638.67  1.13789e-14
4641.69  1.12666e-14
4644.71  1.11732e-14
4647.73  1.10947e-14
4650.75  1.10246e-14
4653.77  1.09544e-14
4656.79  1.08747e-14
4659.81  1.07759e-14
4662.83  1.06494e-14
4665.86  1.04887e-14
4668.88  1.02897e-14
4671.9   1.00514e-14
4674.92  9.77586e-15
4677.94  9.46793e-15
4680.96  9.1346e-15
4683.98  8.78419e-15
4687     8.42558e-15
4690.02  8.06729e-15
4693.05  7.71693e-15
4696.07  7.38071e-15
4699.09  7.06332e-15
4702.11  6.76806e-15
4705.13  6.49708e-15
4708.15  6.25184e-15
4711.17  6.03347e-15
4714.19  5.84317e-15
4717.21  5.6823e-15
4720.24  5.55238e-15
4723.26  5.45486e-15
4726.28  5.39073e-15
4729.3   5.36007e-15
4732.32  5.3616e-15
4735.34  5.39236e-15
4738.36  5.44761e-15
4741.38  5.5209e-15
4744.4   5.60449e-15
4747.43  5.68988e-15
4750.45  5.76854e-15
4753.47  5.83269e-15
4756.49  5.87595e-15
4759.51  5.89391e-15
4762.53  5.88443e-15
4765.55  5.84771e-15
4768.57  5.78611e-15
4771.59  5.70373e-15
4774.61  5.60589e-15
4777.64  5.49851e-15
4780.66  5.38753e-15
4783.68  5.27841e-15
4786.7   5.17571e-15
4789.72  5.08292e-15
4792.74  5.00236e-15
4795.76  4.93521e-15
4798.78  4.88178e-15
4801.81  4.84164e-15
4804.83  4.81395e-15
4807.85  4.79769e-15
4810.87  4.79186e-15
4813.89  4.79564e-15
4816.91  4.80851e-15
4819.93  4.8303e-15
4822.95  4.86113e-15
4825.97  4.90142e-15
4828.99  4.95182e-15
4832.02  5.01307e-15
4835.04  5.086e-15
4838.06  5.1714e-15
4841.08  5.26999e-15
4844.1   5.38238e-15
4847.12  5.50905e-15
4850.14  5.65035e-15
4853.16  5.80645e-15
4856.18  5.97731e-15
4859.21  6.16256e-15
4862.23  6.3614e-15
4865.25  6.57236e-15
4868.27  6.79314e-15
4871.29  7.02039e-15
4874.31  7.24958e-15
4877.33  7.47494e-15
4880.35  7.68961e-15
4883.37  7.88591e-15
4886.4   8.05579e-15
4889.42  8.19143e-15
4892.44  8.28595e-15
4895.46  8.33402e-15
4898.48  8.33254e-15
4901.5   8.28096e-15
4904.52  8.18148e-15
4907.54  8.03894e-15
4910.56  7.86038e-15
4913.59  7.65447e-15
4916.61  7.4307e-15
4919.63  7.19861e-15
4922.65  6.96697e-15
4925.67  6.74322e-15
4928.69  6.533e-15
4931.71  6.34006e-15
4934.73  6.16625e-15
4937.75  6.0118e-15
4940.78  5.87576e-15
4943.8   5.75639e-15
4946.82  5.65167e-15
4949.84  5.55966e-15
4952.86  5.47878e-15
4955.88  5.40795e-15
4958.9   5.34662e-15
4961.92  5.29465e-15
4964.94  5.2522e-15
4967.97  5.21949e-15
4970.99  5.19666e-15
4974.01  5.18358e-15
4977.03  5.1798e-15
4980.05  5.18451e-15
4983.07  5.19662e-15
4986.09  5.2148e-15
4989.11  5.23769e-15
4992.13  5.264e-15
4995.16  5.29264e-15
4998.18  5.32287e-15
5001.2   5.35429e-15
5004.22  5.38688e-15
5007.24  5.42093e-15
5010.26  5.4569e-15
5013.28  5.49533e-15
5016.3   5.53664e-15
5019.32  5.58102e-15
5022.35  5.62833e-15
5025.37  5.678e-15
5028.39  5.72914e-15
5031.41  5.78052e-15
5034.43  5.8308e-15
5037.45  5.87862e-15
5040.47  5.9228e-15
5043.49  5.96251e-15
5046.51  5.99735e-15
5049.54  6.02745e-15
5052.56  6.0534e-15
5055.58  6.07626e-15
5058.6   6.09742e-15
5061.62  6.11853e-15
5064.64  6.14131e-15
5067.66  6.16752e-15
5070.68  6.19884e-15
5073.7   6.23685e-15
5076.73  6.28297e-15
5079.75  6.33845e-15
5082.77  6.40439e-15
5085.79  6.48169e-15
5088.81  6.57103e-15
5091.83  6.67289e-15
5094.85  6.78747e-15
5097.87  6.91469e-15
5100.89  7.05423e-15
5103.92  7.20548e-15
5106.94  7.36766e-15
5109.96  7.53982e-15
5112.98  7.72098e-15
5116     7.91012e-15
5119.02  8.1063e-15
5122.04  8.30863e-15
5125.06  8.5163e-15
5128.08  8.72853e-15
5131.11  8.94447e-15
5134.13  9.16323e-15
5137.15  9.38373e-15
5140.17  9.60476e-15
5143.19  9.82497e-15
5146.21  1.0043e-14
5149.23  1.02573e-14
5152.25  1.04668e-14
5155.27  1.06703e-14
5158.3   1.0867e-14
5161.32  1.10566e-14
5164.34  1.12385e-14
5167.36  1.14126e-14
5170.38  1.15787e-14
5173.4   1.17362e-14
5176.42  1.18847e-14
5179.44  1.2023e-14
5182.46  1.215e-14
5185.49  1.22644e-14
5188.51  1.23651e-14
5191.53  1.24511e-14
5194.55  1.2522e-14
5197.57  1.25778e-14
5200.59  1.26192e-14
5203.61  1.26476e-14
5206.63  1.26644e-14
5209.65  1.26714e-14
5212.68  1.26703e-14
5215.7   1.26623e-14
5218.72  1.26482e-14
5221.74  1.26283e-14
5224.76  1.26021e-14
5227.78  1.25687e-14
5230.8   1.25272e-14
5233.82  1.24765e-14
5236.84  1.24159e-14
5239.87  1.23455e-14
5242.89  1.2266e-14
5245.91  1.21793e-14
5248.93  1.2088e-14
5251.95  1.19954e-14
5254.97  1.19052e-14
5257.99  1.18211e-14
5261.01  1.17465e-14
5264.03  1.16838e-14
5267.06  1.16342e-14
5270.08  1.15979e-14
5273.1   1.15734e-14
5276.12  1.15582e-14
5279.14  1.15488e-14
5282.16  1.15415e-14
5285.18  1.15324e-14
5288.2   1.15183e-14
5291.22  1.14969e-14
5294.24  1.1467e-14
5297.27  1.14286e-14
5300.29  1.13832e-14
5303.31  1.13328e-14
5306.33  1.12803e-14
5309.35  1.12286e-14
5312.37  1.11805e-14
5315.39  1.1138e-14
5318.41  1.11023e-14
5321.43  1.10734e-14
5324.46  1.10504e-14
5327.48  1.10312e-14
5330.5   1.10132e-14
5333.52  1.09933e-14
5336.54  1.09681e-14
5339.56  1.09347e-14
5342.58  1.08909e-14
5345.6   1.08351e-14
5348.62  1.07672e-14
5351.65  1.06878e-14
5354.67  1.0599e-14
5357.69  1.05033e-14
5360.71  1.0404e-14
5363.73  1.03046e-14
5366.75  1.02083e-14
5369.77  1.01176e-14
5372.79  1.00346e-14
5375.81  9.95996e-15
5378.84  9.89381e-15
5381.86  9.83527e-15
5384.88  9.7829e-15
5387.9   9.73497e-15
5390.92  9.68975e-15
5393.94  9.64577e-15
5396.96  9.60197e-15
5399.98  9.55785e-15
5403     9.51338e-15
5406.03  9.46894e-15
5409.05  9.42512e-15
5412.07  9.38257e-15
5415.09  9.34183e-15
5418.11  9.30323e-15
5421.13  9.26686e-15
5424.15  9.23263e-15
5427.17  9.20033e-15
5430.19  9.16984e-15
5433.22  9.14116e-15
5436.24  9.11456e-15
5439.26  9.09057e-15
5442.28  9.06989e-15
5445.3   9.05331e-15
5448.32  9.04149e-15
5451.34  9.0348e-15
5454.36  9.03317e-15
5457.38  9.03602e-15
5460.41  9.04222e-15
5463.43  9.05027e-15
5466.45  9.05842e-15
5469.47  9.06495e-15
5472.49  9.0684e-15
5475.51  9.0678e-15
5478.53  9.06281e-15
5481.55  9.05379e-15
5484.57  9.04171e-15
5487.6   9.02798e-15
5490.62  9.01426e-15
5493.64  9.00214e-15
5496.66  8.99291e-15
5499.68  8.98738e-15
5502.7   8.9857e-15
5505.72  8.98742e-15
5508.74  8.99151e-15
5511.76  8.99654e-15
5514.79  9.00087e-15
5517.81  9.0029e-15
5520.83  9.00122e-15
5523.85  8.99484e-15
5526.87  8.98324e-15
5529.89  8.96645e-15
5532.91  8.945e-15
5535.93  8.91988e-15
5538.95  8.8924e-15
5541.98  8.86406e-15
5545     8.83636e-15
5548.02  8.81066e-15
5551.04  8.788e-15
5554.06  8.76894e-15
5557.08  8.75348e-15
5560.1   8.74099e-15
5563.12  8.73026e-15
5566.14  8.71957e-15
5569.17  8.7069e-15
5572.19  8.69012e-15
5575.21  8.66729e-15
5578.23  8.63689e-15
5581.25  8.59805e-15
5584.27  8.55071e-15
5587.29  8.49563e-15
5590.31  8.43438e-15
5593.33  8.36911e-15
5596.36  8.30236e-15
5599.38  8.23673e-15
5602.4   8.17459e-15
5605.42  8.11779e-15
5608.44  8.06751e-15
5611.46  8.02413e-15
5614.48  7.98724e-15
5617.5   7.95581e-15
5620.52  7.92833e-15
5623.55  7.90311e-15
5626.57  7.8785e-15
5629.59  7.85318e-15
5632.61  7.82624e-15
5635.63  7.79734e-15
5638.65  7.76666e-15
5641.67  7.7348e-15
5644.69  7.70266e-15
5647.71  7.67121e-15
5650.74  7.6413e-15
5653.76  7.61354e-15
5656.78  7.58816e-15
5659.8   7.565e-15
5662.82  7.54354e-15
5665.84  7.52298e-15
5668.86  7.50239e-15
5671.88  7.48082e-15
5674.9   7.4575e-15
5677.93  7.43192e-15
5680.95  7.4039e-15
5683.97  7.37365e-15
5686.99  7.34169e-15
5690.01  7.30885e-15
5693.03  7.27609e-15
5696.05  7.24446e-15
5699.07  7.21493e-15
5702.09  7.18832e-15
5705.12  7.16525e-15
5708.14  7.14607e-15
5711.16  7.13096e-15
5714.18  7.11994e-15
5717.2   7.11297e-15
5720.22  7.11003e-15
5723.24  7.11124e-15
5726.26  7.11685e-15
5729.28  7.12731e-15
5732.31  7.14319e-15
5735.33  7.16515e-15
5738.35  7.19384e-15
5741.37  7.22979e-15
5744.39  7.2733e-15
5747.41  7.32441e-15
5750.43  7.3828e-15
5753.45  7.44786e-15
5756.47  7.51866e-15
5759.49  7.5941e-15
5762.52  7.67296e-15
5765.54  7.75407e-15
5768.56  7.83636e-15
5771.58  7.91905e-15
5774.6   8.00168e-15
5777.62  8.08421e-15
5780.64  8.167e-15
5783.66  8.25081e-15
5786.69  8.33676e-15
5789.71  8.42614e-15
5792.73  8.52027e-15
5795.75  8.62029e-15
5798.77  8.72687e-15
5801.79  8.83995e-15
5804.81  8.95857e-15
5807.83  9.08068e-15
5810.85  9.20318e-15
5813.87  9.32212e-15
5816.9   9.433e-15
5819.92  9.53135e-15
5822.94  9.61335e-15
5825.96  9.6765e-15
5828.98  9.72014e-15
5832     9.74579e-15
5835.02  9.75714e-15
5838.04  9.75969e-15
5841.06  9.75997e-15
5844.09  9.76451e-15
5847.11  9.77867e-15
5850.13  9.80552e-15
5853.15  9.84506e-15
5856.17  9.89383e-15
5859.19  9.94522e-15
5862.21  9.99027e-15
5865.23  1.00192e-14
5868.25  1.00229e-14
5871.28  9.99492e-15
5874.3   9.93287e-15
5877.32  9.83918e-15
5880.34  9.72135e-15
5883.36  9.59109e-15
5886.38  9.46289e-15
5889.4   9.35185e-15
5892.42  9.27144e-15
5895.44  9.23137e-15
5898.47  9.23604e-15
5901.49  9.28381e-15
5904.51  9.36719e-15
5907.53  9.47401e-15
5910.55  9.58916e-15
5913.57  9.69687e-15
5916.59  9.78283e-15
5919.61  9.83609e-15
5922.63  9.85023e-15
5925.66  9.82382e-15
5928.68  9.76005e-15
5931.7   9.66573e-15
5934.72  9.54991e-15
5937.74  9.42227e-15
5940.76  9.29171e-15
5943.78  9.16524e-15
5946.8   9.04739e-15
5949.82  8.94011e-15
5952.85  8.84313e-15
5955.87  8.75469e-15
5958.89  8.67237e-15
5961.91  8.59397e-15
5964.93  8.51814e-15
5967.95  8.44476e-15
5970.97  8.3749e-15
5973.99  8.31051e-15
5977.01  8.25383e-15
5980.04  8.20656e-15
5983.06  8.16919e-15
5986.08  8.14032e-15
5989.1   8.11637e-15
5992.12  8.09155e-15
5995.14  8.05824e-15
5998.16  8.00778e-15
6001.18  7.93136e-15
6004.2   7.82117e-15
6007.23  7.67143e-15
6010.25  7.47923e-15
6013.27  7.24506e-15
6016.29  6.97287e-15
6019.31  6.66982e-15
6022.33  6.34547e-15
6025.35  6.0108e-15
6028.37  5.67702e-15
6031.39  5.35442e-15
6034.42  5.05135e-15
6037.44  4.77356e-15
6040.46  4.52383e-15
6043.48  4.30209e-15
6046.5   4.10588e-15
6049.52  3.93106e-15
6052.54  3.7727e-15
6055.56  3.62596e-15
6058.58  3.48686e-15
6061.61  3.35282e-15
6064.63  3.22288e-15
6067.65  3.09765e-15
6070.67  2.97898e-15
6073.69  2.86942e-15
6076.71  2.77165e-15
6079.73  2.68789e-15
6082.75  2.61946e-15
6085.77  2.56651e-15
6088.8   2.52798e-15
6091.82  2.5018e-15
6094.84  2.48517e-15
6097.86  2.47505e-15
6100.88  2.4686e-15
6103.9   2.46363e-15
6106.92  2.45885e-15
6109.94  2.4541e-15
6112.96  2.45031e-15
6115.99  2.44939e-15
6119.01  2.45398e-15
6122.03  2.46711e-15
6125.05  2.49184e-15
6128.07  2.53099e-15
6131.09  2.58682e-15
6134.11  2.66082e-15
6137.13  2.75365e-15
6140.15  2.86511e-15
6143.18  2.99414e-15
6146.2   3.13896e-15
6149.22  3.29722e-15
6152.24  3.46613e-15
6155.26  3.64265e-15
6158.28  3.82362e-15
6161.3   4.00596e-15
6164.32  4.18675e-15
6167.34  4.36343e-15
6170.37  4.53385e-15
6173.39  4.6964e-15
6176.41  4.85009e-15
6179.43  4.99452e-15
6182.45  5.12987e-15
6185.47  5.25688e-15
6188.49  5.37665e-15
6191.51  5.4905e-15
6194.53  5.59982e-15
6197.56  5.70585e-15
6200.58  5.80954e-15
6203.6   5.91145e-15
6206.62  6.01175e-15
6209.64  6.11021e-15
6212.66  6.20638e-15
6215.68  6.29964e-15
6218.7   6.38944e-15
6221.72  6.47538e-15
6224.75  6.55731e-15
6227.77  6.63534e-15
6230.79  6.70979e-15
6233.81  6.78101e-15
6236.83  6.84931e-15
6239.85  6.91473e-15
6242.87  6.97692e-15
6245.89  7.03515e-15
6248.91  7.08829e-15
6251.94  7.13494e-15
6254.96  7.17369e-15
6257.98  7.20335e-15
6261     7.22322e-15
6264.02  7.23331e-15
6267.04  7.23446e-15
6270.06  7.22837e-15
6273.08  7.21743e-15
6276.1   7.20445e-15
6279.12  7.19236e-15
6282.15  7.18379e-15
6285.17  7.18071e-15
6288.19  7.1842e-15
6291.21  7.19426e-15
6294.23  7.20989e-15
6297.25  7.22924e-15
6300.27  7.24991e-15
6303.29  7.26933e-15
6306.31  7.2851e-15
6309.34  7.29534e-15
6312.36  7.29891e-15
6315.38  7.29551e-15
6318.4   7.28563e-15
6321.42  7.2704e-15
6324.44  7.25139e-15
6327.46  7.23034e-15
6330.48  7.20892e-15
6333.5   7.18847e-15
6336.53  7.16995e-15
6339.55  7.1538e-15
6342.57  7.14e-15
6345.59  7.12818e-15
6348.61  7.1177e-15
6351.63  7.10783e-15
6354.65  7.09786e-15
6357.67  7.08727e-15
6360.69  7.07573e-15
6363.72  7.06317e-15
6366.74  7.04974e-15
6369.76  7.03579e-15
6372.78  7.02173e-15
6375.8   7.00804e-15
6378.82  6.99513e-15
6381.84  6.98332e-15
6384.86  6.97284e-15
6387.88  6.96381e-15
6390.91  6.95625e-15
6393.93  6.95013e-15
6396.95  6.94537e-15
6399.97  6.94187e-15
6402.99  6.93948e-15
6406.01  6.93799e-15
6409.03  6.93712e-15
6412.05  6.93649e-15
6415.07  6.93557e-15
6418.1   6.9338e-15
6421.12  6.93053e-15
6424.14  6.92518e-15
6427.16  6.91731e-15
6430.18  6.90672e-15
6433.2   6.89353e-15
6436.22  6.87824e-15
6439.24  6.86169e-15
6442.26  6.84503e-15
6445.29  6.82952e-15
6448.31  6.81644e-15
6451.33  6.80682e-15
6454.35  6.80133e-15
6457.37  6.8001e-15
6460.39  6.8027e-15
6463.41  6.80817e-15
6466.43  6.81512e-15
6469.45  6.82196e-15
6472.48  6.82712e-15
6475.5   6.82935e-15
6478.52  6.8279e-15
6481.54  6.82269e-15
6484.56  6.81433e-15
6487.58  6.80404e-15
6490.6   6.79344e-15
6493.62  6.78423e-15
6496.64  6.77787e-15
6499.67  6.77523e-15
6502.69  6.7764e-15
6505.71  6.78048e-15
6508.73  6.78572e-15
6511.75  6.78961e-15
6514.77  6.7893e-15
6517.79  6.78189e-15
6520.81  6.76495e-15
6523.83  6.73675e-15
6526.86  6.6966e-15
6529.88  6.6449e-15
6532.9   6.58309e-15
6535.92  6.51346e-15
6538.94  6.43889e-15
6541.96  6.36244e-15
6544.98  6.28709e-15
6548     6.21538e-15
6551.02  6.14926e-15
6554.05  6.08991e-15
6557.07  6.03777e-15
6560.09  5.99258e-15
6563.11  5.95349e-15
6566.13  5.91927e-15
6569.15  5.88847e-15
6572.17  5.85959e-15
6575.19  5.83129e-15
6578.21  5.80244e-15
6581.24  5.77229e-15
6584.26  5.74045e-15
6587.28  5.7069e-15
6590.3   5.67194e-15
6593.32  5.63615e-15
6596.34  5.60019e-15
6599.36  5.56479e-15
6602.38  5.53053e-15
6605.4   5.49781e-15
6608.43  5.46674e-15
6611.45  5.43713e-15
6614.47  5.40852e-15
6617.49  5.38021e-15
6620.51  5.35139e-15
6623.53  5.32125e-15
6626.55  5.28913e-15
6629.57  5.25461e-15
6632.59  5.21759e-15
6635.62  5.17831e-15
6638.64  5.13734e-15
6641.66  5.09546e-15
6644.68  5.05356e-15
6647.7   5.0125e-15
6650.72  4.97296e-15
6653.74  4.93537e-15
6656.76  4.89981e-15
6659.78  4.86605e-15
6662.81  4.83361e-15
6665.83  4.80186e-15
6668.85  4.77013e-15
6671.87  4.73787e-15
6674.89  4.70476e-15
6677.91  4.67073e-15
6680.93  4.63599e-15
6683.95  4.601e-15
6686.97  4.56636e-15
6690     4.5327e-15
6693.02  4.50054e-15
6696.04  4.47023e-15
6699.06  4.44186e-15
6702.08  4.41527e-15
6705.1   4.39006e-15
6708.12  4.36568e-15
6711.14  4.34152e-15
6714.16  4.31702e-15
6717.19  4.29179e-15
6720.21  4.26563e-15
6723.23  4.23859e-15
6726.25  4.21096e-15
6729.27  4.1832e-15
6732.29  4.15588e-15
6735.31  4.12962e-15
6738.33  4.10493e-15
6741.35  4.08221e-15
6744.38  4.06169e-15
6747.4   4.04339e-15
6750.42  4.02719e-15
6753.44  4.01285e-15
6756.46  4.00009e-15
6759.48  3.98865e-15
6762.5   3.97836e-15
6765.52  3.96914e-15
6768.54  3.96102e-15
6771.56  3.95407e-15
6774.59  3.94839e-15
6777.61  3.944e-15
6780.63  3.94085e-15
6783.65  3.93873e-15
6786.67  3.93728e-15
6789.69  3.93605e-15
6792.71  3.93454e-15
6795.73  3.93229e-15
6798.75  3.92891e-15
6801.78  3.92421e-15
6804.8   3.91815e-15
6807.82  3.91095e-15
6810.84  3.90295e-15
6813.86  3.89465e-15
6816.88  3.88661e-15
6819.9   3.87935e-15
6822.92  3.87332e-15
6825.94  3.86883e-15
6828.97  3.866e-15
6831.99  3.86472e-15
6835.01  3.86473e-15
6838.03  3.86554e-15
6841.05  3.86657e-15
6844.07  3.86714e-15
6847.09  3.86657e-15
6850.11  3.86426e-15
6853.13  3.85973e-15
6856.16  3.85266e-15
6859.18  3.84296e-15
6862.2   3.83075e-15
6865.22  3.8163e-15
6868.24  3.80005e-15
6871.26  3.78249e-15
6874.28  3.7641e-15
6877.3   3.74532e-15
6880.32  3.72649e-15
6883.35  3.70785e-15
6886.37  3.68952e-15
6889.39  3.6716e-15
6892.41  3.65416e-15
6895.43  3.63728e-15
6898.45  3.62111e-15
6901.47  3.60586e-15
6904.49  3.59174e-15
6907.51  3.5789e-15
6910.54  3.56741e-15
6913.56  3.55714e-15
6916.58  3.54773e-15
6919.6   3.53863e-15
6922.62  3.52909e-15
6925.64  3.5183e-15
6928.66  3.50548e-15
6931.68  3.49006e-15
6934.7   3.47177e-15
6937.73  3.45073e-15
6940.75  3.42748e-15
6943.77  3.40291e-15
6946.79  3.37817e-15
6949.81  3.35449e-15
6952.83  3.33298e-15
6955.85  3.3145e-15
6958.87  3.29948e-15
6961.89  3.28787e-15
6964.92  3.27919e-15
6967.94  3.27259e-15
6970.96  3.26703e-15
6973.98  3.26144e-15
6977     3.25496e-15
6980.02  3.24704e-15
6983.04  3.23753e-15
6986.06  3.22674e-15
6989.08  3.21528e-15
6992.11  3.204e-15
6995.13  3.19376e-15
6998.15  3.18528e-15
7001.17  3.17897e-15
7004.19  3.17484e-15
7007.21  3.17249e-15
7010.23  3.17115e-15
7013.25  3.16984e-15
7016.27  3.16755e-15
7019.3   3.16338e-15
7022.32  3.15674e-15
7025.34  3.14746e-15
7028.36  3.13586e-15
7031.38  3.12265e-15
7034.4   3.10888e-15
7037.42  3.09578e-15
7040.44  3.0845e-15
7043.46  3.07599e-15
7046.49  3.07082e-15
7049.51  3.06907e-15
7052.53  3.0703e-15
7055.55  3.07363e-15
7058.57  3.07788e-15
7061.59  3.08169e-15
7064.61  3.08378e-15
7067.63  3.0831e-15
7070.65  3.07901e-15
7073.68  3.07137e-15
7076.7   3.0605e-15
7079.72  3.0472e-15
7082.74  3.03251e-15
7085.76  3.01761e-15
7088.78  3.00359e-15
7091.8   2.99127e-15
7094.82  2.98108e-15
7097.84  2.97303e-15
7100.87  2.96671e-15
7103.89  2.96142e-15
7106.91  2.95631e-15
7109.93  2.95058e-15
7112.95  2.94361e-15
7115.97  2.93511e-15
7118.99  2.92518e-15
7122.01  2.91426e-15
7125.03  2.90307e-15
7128.06  2.8924e-15
7131.08  2.88303e-15
7134.1   2.87548e-15
7137.12  2.86996e-15
7140.14  2.86627e-15
7143.16  2.86387e-15
7146.18  2.86194e-15
7149.2   2.85954e-15
7152.22  2.8558e-15
7155.25  2.8501e-15
7158.27  2.84215e-15
7161.29  2.83212e-15
7164.31  2.82058e-15
7167.33  2.80845e-15
7170.35  2.79684e-15
7173.37  2.78688e-15
7176.39  2.77957e-15
7179.41  2.77558e-15
7182.44  2.7752e-15
7185.46  2.77828e-15
7188.48  2.78428e-15
7191.5   2.79236e-15
7194.52  2.80151e-15
7197.54  2.81073e-15
7200.56  2.81912e-15
7203.58  2.82607e-15
7206.6   2.83124e-15
7209.63  2.83464e-15
7212.65  2.83657e-15
7215.67  2.83753e-15
7218.69  2.83812e-15
7221.71  2.83896e-15
7224.73  2.84056e-15
7227.75  2.84325e-15
7230.77  2.84715e-15
7233.79  2.85216e-15
7236.82  2.85799e-15
7239.84  2.86419e-15
7242.86  2.87022e-15
7245.88  2.8755e-15
7248.9   2.87949e-15
7251.92  2.88171e-15
7254.94  2.88179e-15
7257.96  2.87946e-15
7260.98  2.8746e-15
7264.01  2.86719e-15
7267.03  2.85741e-15
7270.05  2.84553e-15
7273.07  2.832e-15
7276.09  2.8174e-15
7279.11  2.8024e-15
7282.13  2.78772e-15
7285.15  2.77407e-15
7288.17  2.76206e-15
7291.19  2.75211e-15
7294.22  2.74438e-15
7297.24  2.73874e-15
7300.26  2.73473e-15
7303.28  2.73162e-15
7306.3   2.72848e-15
7309.32  2.72431e-15
7312.34  2.71818e-15
7315.36  2.70938e-15
7318.38  2.69748e-15
7321.41  2.68248e-15
7324.43  2.66472e-15
7327.45  2.64487e-15
7330.47  2.6238e-15
7333.49  2.60238e-15
7336.51  2.58136e-15
7339.53  2.5612e-15
7342.55  2.54197e-15
7345.57  2.52332e-15
7348.6   2.50453e-15
7351.62  2.48465e-15
7354.64  2.46263e-15
7357.66  2.43756e-15
7360.68  2.40882e-15
7363.7   2.37627e-15
7366.72  2.34026e-15
7369.74  2.3017e-15
7372.76  2.26192e-15
7375.79  2.22251e-15
7378.81  2.18515e-15
7381.83  2.15137e-15
7384.85  2.12238e-15
7387.87  2.09892e-15
7390.89  2.08121e-15
7393.91  2.06898e-15
7396.93  2.06156e-15
7399.95  2.058e-15
7402.98  2.05724e-15
7406     2.05829e-15
7409.02  2.0603e-15
7412.04  2.06271e-15
7415.06  2.06518e-15
7418.08  2.06764e-15
7421.1   2.07014e-15
7424.12  2.07282e-15
7427.14  2.07577e-15
7430.17  2.07903e-15
7433.19  2.08248e-15
7436.21  2.08589e-15
7439.23  2.08894e-15
7442.25  2.09131e-15
7445.27  2.09267e-15
7448.29  2.09283e-15
7451.31  2.09171e-15
7454.33  2.08939e-15
7457.36  2.08611e-15
7460.38  2.0822e-15
7463.4   2.07808e-15
7466.42  2.07415e-15
7469.44  2.07079e-15
7472.46  2.06823e-15
7475.48  2.0666e-15
7478.5   2.06587e-15
7481.52  2.06587e-15
7484.55  2.06635e-15
7487.57  2.06697e-15
7490.59  2.06741e-15
7493.61  2.06743e-15
7496.63  2.06686e-15
7499.65  2.06563e-15
7502.67  2.06381e-15
7505.69  2.06147e-15
7508.71  2.0587e-15
7511.74  2.05549e-15
7514.76  2.05167e-15
7517.78  2.04687e-15
7520.8   2.04054e-15
7523.82  2.03201e-15
7526.84  2.02058e-15
7529.86  2.00573e-15
7532.88  1.98725e-15
7535.9   1.96542e-15
7538.93  1.94112e-15
7541.95  1.91589e-15
7544.97  1.8918e-15
7547.99  1.8713e-15
7551.01  1.85693e-15
7554.03  1.85101e-15
7557.05  1.85527e-15
7560.07  1.8705e-15
7563.09  1.89642e-15
7566.12  1.93153e-15
7569.14  1.97323e-15
7572.16  2.01808e-15
7575.18  2.06214e-15
7578.2   2.10148e-15
7581.22  2.13264e-15
7584.24  2.15302e-15
7587.26  2.16124e-15
7590.28  2.15721e-15
7593.31  2.14215e-15
7596.33  2.11831e-15
7599.35  2.08865e-15
7602.37  2.05643e-15
7605.39  2.02474e-15
7608.41  1.99614e-15
7611.43  1.97242e-15
7614.45  1.95444e-15
7617.47  1.94218e-15
7620.5   1.93485e-15
7623.52  1.9312e-15
7626.54  1.92974e-15
7629.56  1.92903e-15
7632.58  1.92792e-15
7635.6   1.92567e-15
7638.62  1.92203e-15
7641.64  1.91713e-15
7644.66  1.91145e-15
7647.69  1.90565e-15
7650.71  1.90038e-15
7653.73  1.89623e-15
7656.75  1.89357e-15
7659.77  1.89258e-15
7662.79  1.89321e-15
7665.81  1.89525e-15
7668.83  1.89837e-15
7671.85  1.90224e-15
7674.88  1.90653e-15
7677.9   1.91094e-15
7680.92  1.91528e-15
7683.94  1.91941e-15
7686.96  1.92326e-15
7689.98  1.9268e-15
7693     1.93003e-15
7696.02  1.93301e-15
7699.04  1.93582e-15
7702.07  1.93858e-15
7705.09  1.94144e-15
7708.11  1.94459e-15
7711.13  1.94818e-15
7714.15  1.95236e-15
7717.17  1.95722e-15
7720.19  1.96274e-15
7723.21  1.9688e-15
7726.23  1.97519e-15
7729.26  1.98161e-15
7732.28  1.98776e-15
7735.3   1.99335e-15
7738.32  1.99816e-15
7741.34  2.00212e-15
7744.36  2.00528e-15
7747.38  2.00784e-15
7750.4   2.01013e-15
7753.42  2.01252e-15
7756.44  2.01541e-15
7759.47  2.01915e-15
7762.49  2.02398e-15
7765.51  2.03002e-15
7768.53  2.03725e-15
7771.55  2.04551e-15
7774.57  2.05455e-15
7777.59  2.06406e-15
7780.61  2.07373e-15
7783.64  2.08329e-15
7786.66  2.09254e-15
7789.68  2.10138e-15
7792.7   2.10982e-15
7795.72  2.11797e-15
7798.74  2.12598e-15
7801.76  2.13402e-15
7804.78  2.14228e-15
7807.8   2.15088e-15
7810.82  2.15987e-15
7813.85  2.16926e-15
7816.87  2.179e-15
7819.89  2.18902e-15
7822.91  2.19927e-15
7825.93  2.2097e-15
7828.95  2.22034e-15
7831.97  2.23121e-15
7834.99  2.24234e-15
7838.01  2.25374e-15
7841.04  2.26529e-15
7844.06  2.27679e-15
7847.08  2.28787e-15
7850.1   2.2981e-15
7853.12  2.30698e-15
7856.14  2.31402e-15
7859.16  2.31888e-15
7862.18  2.3214e-15
7865.2   2.32168e-15
7868.23  2.32007e-15
7871.25  2.31718e-15
7874.27  2.31381e-15
7877.29  2.31078e-15
7880.31  2.3089e-15
7883.33  2.30879e-15
7886.35  2.3108e-15
7889.37  2.31498e-15
7892.39  2.32104e-15
7895.42  2.32843e-15
7898.44  2.33636e-15
7901.46  2.34397e-15
7904.48  2.35042e-15
7907.5   2.355e-15
7910.52  2.35724e-15
7913.54  2.35694e-15
7916.56  2.35422e-15
7919.58  2.34947e-15
7922.61  2.34328e-15
7925.63  2.33641e-15
7928.65  2.32962e-15
7931.67  2.32358e-15
7934.69  2.31881e-15
7937.71  2.31557e-15
7940.73  2.31385e-15
7943.75  2.31335e-15
7946.77  2.31352e-15
7949.8   2.31365e-15
7952.82  2.31294e-15
7955.84  2.31062e-15
7958.86  2.30606e-15
7961.88  2.29884e-15
7964.9   2.28886e-15
7967.92  2.27628e-15
7970.94  2.26158e-15
7973.96  2.24545e-15
7976.99  2.22869e-15
7980.01  2.21213e-15
7983.03  2.19649e-15
7986.05  2.18232e-15
7989.07  2.16987e-15
7992.09  2.15917e-15
7995.11  2.14994e-15
7998.13  2.14174e-15
8001.15  2.13402e-15
8004.18  2.12622e-15
8007.2   2.11788e-15
8010.22  2.10869e-15
8013.24  2.09853e-15
8016.26  2.08749e-15
8019.28  2.07577e-15
8022.3   2.06364e-15
8025.32  2.05133e-15
8028.34  2.03892e-15
8031.37  2.02629e-15
8034.39  2.01303e-15
8037.41  1.99852e-15
8040.43  1.98192e-15
8043.45  1.96235e-15
8046.47  1.93897e-15
8049.49  1.91119e-15
8052.51  1.87874e-15
8055.53  1.84179e-15
8058.56  1.80094e-15
8061.58  1.75717e-15
8064.6   1.71174e-15
8067.62  1.66597e-15
8070.64  1.62109e-15
8073.66  1.57805e-15
8076.68  1.53736e-15
8079.7   1.4991e-15
8082.72  1.46289e-15
8085.75  1.42798e-15
8088.77  1.39345e-15
8091.79  1.35834e-15
8094.81  1.32188e-15
8097.83  1.2836e-15
8100.85  1.2434e-15
8103.87  1.20163e-15
8106.89  1.15897e-15
8109.91  1.11635e-15
8112.94  1.0748e-15
8115.96  1.0353e-15
8118.98  9.98635e-16
8122     9.6532e-16
8125.02  9.35549e-16
8128.04  9.09208e-16
8131.06  8.85942e-16
8134.08  8.65245e-16
8137.1   8.46571e-16
8140.13  8.29433e-16
8143.15  8.13477e-16
8146.17  7.98522e-16
8149.19  7.84561e-16
8152.21  7.7173e-16
8155.23  7.60244e-16
8158.25  7.5034e-16
8161.27  7.42211e-16
8164.29  7.35961e-16
8167.32  7.31589e-16
8170.34  7.28991e-16
8173.36  7.27984e-16
8176.38  7.28338e-16
8179.4   7.2981e-16
8182.42  7.3217e-16
8185.44  7.35216e-16
8188.46  7.38768e-16
8191.48  7.42658e-16
8194.51  7.46719e-16
8197.53  7.50772e-16
8200.55  7.54626e-16
8203.57  7.58093e-16
8206.59  7.61011e-16
8209.61  7.63275e-16
8212.63  7.64862e-16
8215.65  7.65854e-16
8218.67  7.66432e-16
8221.7   7.66856e-16
8224.72  7.67427e-16
8227.74  7.68425e-16
8230.76  7.70059e-16
8233.78  7.72409e-16
8236.8   7.75403e-16
8239.82  7.78814e-16
8242.84  7.82296e-16
8245.86  7.85446e-16
8248.89  7.87891e-16
8251.91  7.89374e-16
8254.93  7.89828e-16
8257.95  7.89418e-16
8260.97  7.88539e-16
8263.99  7.87771e-16
8267.01  7.87787e-16
8270.03  7.89244e-16
8273.05  7.92663e-16
8276.08  7.98329e-16
8279.1   8.06237e-16
8282.12  8.1608e-16
8285.14  8.27296e-16
8288.16  8.39164e-16
8291.18  8.50922e-16
8294.2   8.61905e-16
8297.22  8.7165e-16
8300.24  8.79976e-16
8303.26  8.87015e-16
8306.29  8.93183e-16
8309.31  8.99113e-16
8312.33  9.05555e-16
8315.35  9.13261e-16
8318.37  9.22884e-16
8321.39  9.34894e-16
8324.41  9.49534e-16
8327.43  9.66819e-16
8330.45  9.86563e-16
8333.48  1.00844e-15
8336.5   1.03207e-15
8339.52  1.05708e-15
8342.54  1.0832e-15
8345.56  1.11029e-15
8348.58  1.13839e-15
8351.6   1.16771e-15
8354.62  1.1986e-15
8357.64  1.23151e-15
8360.67  1.26693e-15
8363.69  1.30526e-15
8366.71  1.34678e-15
8369.73  1.39155e-15
8372.75  1.43935e-15
8375.77  1.48968e-15
8378.79  1.54173e-15
8381.81  1.59447e-15
8384.83  1.64672e-15
8387.86  1.69728e-15
8390.88  1.74507e-15
8393.9   1.78925e-15
8396.92  1.82936e-15
8399.94  1.86537e-15
8402.96  1.8977e-15
8405.98  1.92715e-15
8409     1.95486e-15
8412.02  1.98208e-15
8415.05  2.01008e-15
8418.07  2.0399e-15
8421.09  2.07229e-15
8424.11  2.10753e-15
8427.13  2.14544e-15
8430.15  2.18537e-15
8433.17  2.22633e-15
8436.19  2.26706e-15
8439.21  2.30625e-15
8442.24  2.34268e-15
8445.26  2.37535e-15
8448.28  2.40363e-15
8451.3   2.42729e-15
8454.32  2.44649e-15
8457.34  2.46178e-15
8460.36  2.47397e-15
8463.38  2.48404e-15
8466.4   2.49303e-15
8469.43  2.50192e-15
8472.45  2.51153e-15
8475.47  2.5225e-15
8478.49  2.53523e-15
8481.51  2.54987e-15
8484.53  2.56638e-15
8487.55  2.58451e-15
8490.57  2.60389e-15
8493.59  2.62404e-15
8496.62  2.64446e-15
8499.64  2.66463e-15
8502.66  2.68412e-15
8505.68  2.70257e-15
8508.7   2.71976e-15
8511.72  2.73564e-15
8514.74  2.75027e-15
8517.76  2.76389e-15
8520.78  2.77683e-15
8523.81  2.78946e-15
8526.83  2.80219e-15
8529.85  2.8154e-15
8532.87  2.82936e-15
8535.89  2.84426e-15
8538.91  2.86015e-15
8541.93  2.87694e-15
8544.95  2.89441e-15
8547.97  2.91224e-15
8551     2.93002e-15
8554.02  2.94732e-15
8557.04  2.9637e-15
8560.06  2.97878e-15
8563.08  2.99231e-15
8566.1   3.00416e-15
8569.12  3.01437e-15
8572.14  3.02318e-15
8575.16  3.03097e-15
8578.19  3.03822e-15
8581.21  3.04545e-15
8584.23  3.0531e-15
8587.25  3.06148e-15
8590.27  3.07072e-15
8593.29  3.0807e-15
8596.31  3.09107e-15
8599.33  3.10136e-15
8602.35  3.11099e-15
8605.38  3.11945e-15
8608.4   3.12637e-15
8611.42  3.13156e-15
8614.44  3.13509e-15
8617.46  3.13719e-15
8620.48  3.13828e-15
8623.5   3.13877e-15
8626.52  3.13907e-15
8629.54  3.13944e-15
8632.57  3.13999e-15
8635.59  3.14068e-15
8638.61  3.14136e-15
8641.63  3.14185e-15
8644.65  3.14201e-15
8647.67  3.14179e-15
8650.69  3.14125e-15
8653.71  3.14059e-15
8656.73  3.14008e-15
8659.76  3.14002e-15
8662.78  3.1407e-15
8665.8   3.14234e-15
8668.82  3.14507e-15
8671.84  3.1489e-15
8674.86  3.1538e-15
8677.88  3.15963e-15
8680.9   3.16624e-15
8683.92  3.17344e-15
8686.95  3.18099e-15
8689.97  3.18861e-15
8692.99  3.19593e-15
8696.01  3.20253e-15
8699.03  3.20791e-15
8702.05  3.21159e-15
8705.07  3.21314e-15
8708.09  3.21225e-15
8711.11  3.20885e-15
8714.14  3.20309e-15
8717.16  3.19538e-15
8720.18  3.18633e-15
8723.2   3.17662e-15
8726.22  3.1669e-15
8729.24  3.15766e-15
8732.26  3.14907e-15
8735.28  3.141e-15
8738.3   3.13297e-15
8741.33  3.12427e-15
8744.35  3.11408e-15
8747.37  3.10168e-15
8750.39  3.08657e-15
8753.41  3.06867e-15
8756.43  3.04833e-15
8759.45  3.02636e-15
8762.47  3.0039e-15
8765.49  2.98224e-15
8768.51  2.96264e-15
8771.54  2.94609e-15
8774.56  2.93313e-15
8777.58  2.92383e-15
8780.6   2.91769e-15
8783.62  2.9138e-15
8786.64  2.91096e-15
8789.66  2.90785e-15
8792.68  2.90328e-15
8795.7   2.8963e-15
8798.73  2.88634e-15
8801.75  2.87325e-15
8804.77  2.85725e-15
8807.79  2.83892e-15
8810.81  2.81905e-15
8813.83  2.79859e-15
8816.85  2.77847e-15
8819.87  2.75954e-15
8822.89  2.74251e-15
8825.92  2.72784e-15
8828.94  2.71571e-15
8831.96  2.706e-15
8834.98  2.69824e-15
8838     2.6917e-15
8841.02  2.68539e-15
8844.04  2.67821e-15
8847.06  2.6691e-15
8850.08  2.65717e-15
8853.11  2.64187e-15
8856.13  2.62314e-15
8859.15  2.60141e-15
8862.17  2.57762e-15
8865.19  2.5531e-15
8868.21  2.52939e-15
8871.23  2.508e-15
8874.25  2.49021e-15
8877.27  2.47682e-15
8880.3   2.46812e-15
8883.32  2.46376e-15
8886.34  2.46288e-15
8889.36  2.46426e-15
8892.38  2.46649e-15
8895.4   2.46822e-15
8898.42  2.46836e-15
8901.44  2.46616e-15
8904.46  2.46129e-15
8907.49  2.45382e-15
8910.51  2.44406e-15
8913.53  2.43246e-15
8916.55  2.41945e-15
8919.57  2.40528e-15
8922.59  2.38999e-15
8925.61  2.3734e-15
8928.63  2.35514e-15
8931.65  2.33479e-15
8934.68  2.31195e-15
8937.7   2.28639e-15
8940.72  2.25814e-15
8943.74  2.22751e-15
8946.76  2.19512e-15
8949.78  2.16182e-15
8952.8   2.12866e-15
8955.82  2.09675e-15
8958.84  2.06718e-15
8961.87  2.0409e-15
8964.89  2.01865e-15
8967.91  2.00085e-15
8970.93  1.98755e-15
8973.95  1.97843e-15
8976.97  1.97277e-15
8979.99  1.96951e-15
8983.01  1.96735e-15
8986.03  1.96484e-15
8989.06  1.96058e-15
8992.08  1.95337e-15
8995.1   1.94237e-15
8998.12  1.92722e-15
9001.14  1.90814e-15
9004.16  1.88589e-15
9007.18  1.86172e-15
9010.2   1.83721e-15
9013.22  1.81404e-15
9016.25  1.79378e-15
9019.27  1.77763e-15
9022.29  1.76627e-15
9025.31  1.75979e-15
9028.33  1.75765e-15
9031.35  1.75883e-15
9034.37  1.76198e-15
9037.39  1.76564e-15
9040.41  1.76852e-15
9043.44  1.76959e-15
9046.46  1.7683e-15
9049.48  1.76452e-15
9052.5   1.7585e-15
9055.52  1.75075e-15
9058.54  1.74186e-15
9061.56  1.73234e-15
9064.58  1.72254e-15
9067.6   1.71253e-15
9070.63  1.70221e-15
9073.65  1.69132e-15
9076.67  1.6796e-15
9079.69  1.6669e-15
9082.71  1.6533e-15
9085.73  1.63912e-15
9088.75  1.62488e-15
9091.77  1.6113e-15
9094.79  1.5991e-15
9097.82  1.58893e-15
9100.84  1.58124e-15
9103.86  1.57618e-15
9106.88  1.57366e-15
9109.9   1.57329e-15
9112.92  1.57455e-15
9115.94  1.57681e-15
9118.96  1.57949e-15
9121.98  1.58208e-15
9125.01  1.58427e-15
9128.03  1.58589e-15
9131.05  1.58691e-15
9134.07  1.58742e-15
9137.09  1.58756e-15
9140.11  1.58748e-15
9143.13  1.58731e-15
9146.15  1.58714e-15
9149.17  1.587e-15
9152.2   1.58691e-15
9155.22  1.58686e-15
9158.24  1.58683e-15
9161.26  1.58682e-15
9164.28  1.58682e-15
9167.3   1.58682e-15
9170.32  1.58682e-15
9173.34  1.58682e-15