#100.90472471768105
3596.94  3.34519e-18
3598.96  4.65029e-18
3600.99  6.16178e-18
3603.01  7.88931e-18
3605.04  9.84095e-18
3607.06  1.2023e-17
3609.08  1.444e-17
3611.11  1.70942e-17
3613.13  1.99859e-17
3615.16  2.31133e-17
3617.18  2.64721e-17
3619.2   3.0056e-17
3621.23  3.38563e-17
3623.25  3.78622e-17
3625.28  4.20605e-17
3627.3   4.64363e-17
3629.32  5.09726e-17
3631.35  5.56507e-17
3633.37  6.04502e-17
3635.4   6.53496e-17
3637.42  7.0326e-17
3639.45  7.53557e-17
3641.47  8.04146e-17
3643.49  8.54779e-17
3645.52  9.0521e-17
3647.54  9.55196e-17
3649.57  1.0045e-16
3651.59  1.05289e-16
3653.61  1.10014e-16
3655.64  1.14606e-16
3657.66  1.19045e-16
3659.69  1.23314e-16
3661.71  1.27399e-16
3663.73  1.31287e-16
3665.76  1.34967e-16
3667.78  1.38432e-16
3669.81  1.41676e-16
3671.83  1.44696e-16
3673.85  1.47493e-16
3675.88  1.50068e-16
3677.9   1.52426e-16
3679.93  1.54574e-16
3681.95  1.56519e-16
3683.97  1.58272e-16
3686     1.59846e-16
3688.02  1.61252e-16
3690.05  1.62504e-16
3692.07  1.63616e-16
3694.09  1.64604e-16
3696.12  1.6548e-16
3698.14  1.66259e-16
3700.17  1.66953e-16
3702.19  1.67576e-16
3704.21  1.68136e-16
3706.24  1.68644e-16
3708.26  1.69107e-16
3710.29  1.69531e-16
3712.31  1.69918e-16
3714.34  1.70271e-16
3716.36  1.7059e-16
3718.38  1.7087e-16
3720.41  1.71109e-16
3722.43  1.71297e-16
3724.46  1.71428e-16
3726.48  1.7149e-16
3728.5   1.7147e-16
3730.53  1.71355e-16
3732.55  1.71129e-16
3734.58  1.70776e-16
3736.6   1.70279e-16
3738.62  1.6962e-16
3740.65  1.68782e-16
3742.67  1.67748e-16
3744.7   1.66499e-16
3746.72  1.65022e-16
3748.74  1.63301e-16
3750.77  1.61325e-16
3752.79  1.59083e-16
3754.82  1.56568e-16
3756.84  1.53777e-16
3758.86  1.50707e-16
3760.89  1.47363e-16
3762.91  1.4375e-16
3764.94  1.39879e-16
3766.96  1.35765e-16
3768.98  1.31426e-16
3771.01  1.26885e-16
3773.03  1.22167e-16
3775.06  1.17303e-16
3777.08  1.12324e-16
3779.11  1.07265e-16
3781.13  1.02162e-16
3783.15  9.7054e-17
3785.18  9.19793e-17
3787.2   8.69764e-17
3789.23  8.20835e-17
3791.25  7.73374e-17
3793.27  7.27731e-17
3795.3   6.84229e-17
3797.32  6.43163e-17
3799.35  6.04793e-17
3801.37  5.6934e-17
3803.39  5.36983e-17
3805.42  5.07862e-17
3807.44  4.82071e-17
3809.47  4.5966e-17
3811.49  4.40639e-17
3813.51  4.24978e-17
3815.54  4.12611e-17
3817.56  4.0344e-17
3819.59  3.97337e-17
3821.61  3.94154e-17
3823.63  3.93721e-17
3825.66  3.9586e-17
3827.68  4.00383e-17
3829.71  4.07102e-17
3831.73  4.15831e-17
3833.75  4.26392e-17
3835.78  4.38618e-17
3837.8   4.52356e-17
3839.83  4.67473e-17
3841.85  4.83852e-17
3843.88  5.01398e-17
3845.9   5.20036e-17
3847.92  5.39713e-17
3849.95  5.60392e-17
3851.97  5.82057e-17
3854     6.04706e-17
3856.02  6.28352e-17
3858.04  6.53019e-17
3860.07  6.78739e-17
3862.09  7.05549e-17
3864.12  7.33489e-17
3866.14  7.62602e-17
3868.16  7.92926e-17
3870.19  8.245e-17
3872.21  8.57355e-17
3874.24  8.91519e-17
3876.26  9.27012e-17
3878.28  9.6385e-17
3880.31  1.00204e-16
3882.33  1.0416e-16
3884.36  1.08252e-16
3886.38  1.12482e-16
3888.4   1.16848e-16
3890.43  1.21353e-16
3892.45  1.25997e-16
3894.48  1.30783e-16
3896.5   1.35713e-16
3898.52  1.4079e-16
3900.55  1.46021e-16
3902.57  1.51409e-16
3904.6   1.56964e-16
3906.62  1.62692e-16
3908.65  1.68602e-16
3910.67  1.74703e-16
3912.69  1.81005e-16
3914.72  1.87518e-16
3916.74  1.9425e-16
3918.77  2.01208e-16
3920.79  2.084e-16
3922.81  2.15828e-16
3924.84  2.23496e-16
3926.86  2.31401e-16
3928.89  2.39539e-16
3930.91  2.47899e-16
3932.93  2.56469e-16
3934.96  2.65231e-16
3936.98  2.74162e-16
3939.01  2.83234e-16
3941.03  2.92415e-16
3943.05  3.01667e-16
3945.08  3.10951e-16
3947.1   3.20219e-16
3949.13  3.29426e-16
3951.15  3.38521e-16
3953.17  3.47451e-16
3955.2   3.56164e-16
3957.22  3.64608e-16
3959.25  3.72732e-16
3961.27  3.80488e-16
3963.29  3.87831e-16
3965.32  3.94719e-16
3967.34  4.01118e-16
3969.37  4.06997e-16
3971.39  4.12334e-16
3973.42  4.17112e-16
3975.44  4.21323e-16
3977.46  4.24965e-16
3979.49  4.28046e-16
3981.51  4.30577e-16
3983.54  4.3258e-16
3985.56  4.34081e-16
3987.58  4.35112e-16
3989.61  4.3571e-16
3991.63  4.35913e-16
3993.66  4.35766e-16
3995.68  4.35312e-16
3997.7   4.34596e-16
3999.73  4.33662e-16
4001.75  4.32551e-16
4003.78  4.31303e-16
4005.8   4.29954e-16
4007.82  4.28537e-16
4009.85  4.27077e-16
4011.87  4.25598e-16
4013.9   4.24116e-16
4015.92  4.22642e-16
4017.94  4.21185e-16
4019.97  4.19744e-16
4021.99  4.18318e-16
4024.02  4.16899e-16
4026.04  4.15479e-16
4028.06  4.14044e-16
4030.09  4.1258e-16
4032.11  4.11073e-16
4034.14  4.09504e-16
4036.16  4.0786e-16
4038.19  4.06124e-16
4040.21  4.04282e-16
4042.23  4.02323e-16
4044.26  4.00234e-16
4046.28  3.98007e-16
4048.31  3.95635e-16
4050.33  3.93112e-16
4052.35  3.90436e-16
4054.38  3.87603e-16
4056.4   3.84613e-16
4058.43  3.81466e-16
4060.45  3.78161e-16
4062.47  3.74699e-16
4064.5   3.71081e-16
4066.52  3.67307e-16
4068.55  3.63377e-16
4070.57  3.5929e-16
4072.59  3.55046e-16
4074.62  3.50643e-16
4076.64  3.46081e-16
4078.67  3.41359e-16
4080.69  3.3648e-16
4082.71  3.31445e-16
4084.74  3.26259e-16
4086.76  3.20929e-16
4088.79  3.15465e-16
4090.81  3.0988e-16
4092.83  3.04194e-16
4094.86  2.98426e-16
4096.88  2.92605e-16
4098.91  2.86759e-16
4100.93  2.80923e-16
4102.95  2.75136e-16
4104.98  2.69439e-16
4107     2.63877e-16
4109.03  2.58494e-16
4111.05  2.53337e-16
4113.08  2.48453e-16
4115.1   2.43887e-16
4117.12  2.39679e-16
4119.15  2.35871e-16
4121.17  2.32494e-16
4123.2   2.29579e-16
4125.22  2.27146e-16
4127.24  2.25211e-16
4129.27  2.2378e-16
4131.29  2.22853e-16
4133.32  2.22421e-16
4135.34  2.22467e-16
4137.36  2.22969e-16
4139.39  2.23896e-16
4141.41  2.25211e-16
4143.44  2.26874e-16
4145.46  2.28841e-16
4147.48  2.31064e-16
4149.51  2.33498e-16
4151.53  2.36094e-16
4153.56  2.38808e-16
4155.58  2.41598e-16
4157.6   2.44427e-16
4159.63  2.4726e-16
4161.65  2.50074e-16
4163.68  2.52847e-16
4165.7   2.55567e-16
4167.73  2.58229e-16
4169.75  2.60834e-16
4171.77  2.6339e-16
4173.8   2.65912e-16
4175.82  2.68418e-16
4177.85  2.70934e-16
4179.87  2.73484e-16
4181.89  2.76098e-16
4183.92  2.78806e-16
4185.94  2.81635e-16
4187.97  2.84612e-16
4189.99  2.87762e-16
4192.01  2.91102e-16
4194.04  2.94647e-16
4196.06  2.98405e-16
4198.09  3.02376e-16
4200.11  3.06556e-16
4202.13  3.10931e-16
4204.16  3.15482e-16
4206.18  3.20181e-16
4208.21  3.24997e-16
4210.23  3.2989e-16
4212.25  3.34819e-16
4214.28  3.39738e-16
4216.3   3.44597e-16
4218.33  3.49349e-16
4220.35  3.53942e-16
4222.37  3.58331e-16
4224.4   3.6247e-16
4226.42  3.66319e-16
4228.45  3.69842e-16
4230.47  3.73009e-16
4232.49  3.75797e-16
4234.52  3.7819e-16
4236.54  3.8018e-16
4238.57  3.81767e-16
4240.59  3.82958e-16
4242.62  3.83767e-16
4244.64  3.84217e-16
4246.66  3.84336e-16
4248.69  3.84157e-16
4250.71  3.83719e-16
4252.74  3.83064e-16
4254.76  3.82237e-16
4256.78  3.81283e-16
4258.81  3.8025e-16
4260.83  3.79184e-16
4262.86  3.78127e-16
4264.88  3.77123e-16
4266.9   3.76208e-16
4268.93  3.75416e-16
4270.95  3.74777e-16
4272.98  3.74313e-16
4275     3.74042e-16
4277.02  3.73979e-16
4279.05  3.74129e-16
4281.07  3.74495e-16
4283.1   3.75074e-16
4285.12  3.75859e-16
4287.14  3.76837e-16
4289.17  3.77995e-16
4291.19  3.79314e-16
4293.22  3.80776e-16
4295.24  3.82359e-16
4297.26  3.84042e-16
4299.29  3.85803e-16
4301.31  3.87621e-16
4303.34  3.89475e-16
4305.36  3.91345e-16
4307.39  3.93215e-16
4309.41  3.95067e-16
4311.43  3.96888e-16
4313.46  3.98664e-16
4315.48  4.00384e-16
4317.51  4.0204e-16
4319.53  4.03622e-16
4321.55  4.05123e-16
4323.58  4.06536e-16
4325.6   4.07855e-16
4327.63  4.09073e-16
4329.65  4.10183e-16
4331.67  4.11177e-16
4333.7   4.12047e-16
4335.72  4.12782e-16
4337.75  4.13372e-16
4339.77  4.13805e-16
4341.79  4.14066e-16
4343.82  4.1414e-16
4345.84  4.14012e-16
4347.87  4.13665e-16
4349.89  4.13081e-16
4351.91  4.12243e-16
4353.94  4.11134e-16
4355.96  4.09737e-16
4357.99  4.08038e-16
4360.01  4.06021e-16
4362.03  4.03676e-16
4364.06  4.00994e-16
4366.08  3.97967e-16
4368.11  3.94594e-16
4370.13  3.90874e-16
4372.16  3.86812e-16
4374.18  3.82416e-16
4376.2   3.77697e-16
4378.23  3.72672e-16
4380.25  3.67361e-16
4382.28  3.61785e-16
4384.3   3.55973e-16
4386.32  3.49954e-16
4388.35  3.43759e-16
4390.37  3.37424e-16
4392.4   3.30984e-16
4394.42  3.24476e-16
4396.44  3.17939e-16
4398.47  3.11409e-16
4400.49  3.04925e-16
4402.52  2.98522e-16
4404.54  2.92236e-16
4406.56  2.86098e-16
4408.59  2.80141e-16
4410.61  2.7439e-16
4412.64  2.68872e-16
4414.66  2.63609e-16
4416.68  2.58618e-16
4418.71  2.53915e-16
4420.73  2.49512e-16
4422.76  2.45419e-16
4424.78  2.41641e-16
4426.8   2.38182e-16
4428.83  2.35042e-16
4430.85  2.3222e-16
4432.88  2.29712e-16
4434.9   2.27514e-16
4436.93  2.25619e-16
4438.95  2.24019e-16
4440.97  2.22707e-16
4443     2.21674e-16
4445.02  2.20912e-16
4447.05  2.20411e-16
4449.07  2.20165e-16
4451.09  2.20163e-16
4453.12  2.20399e-16
4455.14  2.20864e-16
4457.17  2.21552e-16
4459.19  2.22455e-16
4461.21  2.23567e-16
4463.24  2.2488e-16
4465.26  2.26389e-16
4467.29  2.28086e-16
4469.31  2.29965e-16
4471.33  2.32018e-16
4473.36  2.3424e-16
4475.38  2.36621e-16
4477.41  2.39155e-16
4479.43  2.41835e-16
4481.45  2.44652e-16
4483.48  2.47601e-16
4485.5   2.50675e-16
4487.53  2.53867e-16
4489.55  2.57173e-16
4491.57  2.60589e-16
4493.6   2.64114e-16
4495.62  2.67746e-16
4497.65  2.71487e-16
4499.67  2.7534e-16
4501.7   2.79311e-16
4503.72  2.83408e-16
4505.74  2.87641e-16
4507.77  2.92021e-16
4509.79  2.96563e-16
4511.82  3.01282e-16
4513.84  3.06194e-16
4515.86  3.11318e-16
4517.89  3.16672e-16
4519.91  3.22273e-16
4521.94  3.28139e-16
4523.96  3.34286e-16
4525.98  3.40729e-16
4528.01  3.47479e-16
4530.03  3.54546e-16
4532.06  3.61934e-16
4534.08  3.69647e-16
4536.1   3.77681e-16
4538.13  3.86031e-16
4540.15  3.94684e-16
4542.18  4.03625e-16
4544.2   4.12834e-16
4546.22  4.22286e-16
4548.25  4.31951e-16
4550.27  4.41799e-16
4552.3   4.51793e-16
4554.32  4.61894e-16
4556.34  4.72062e-16
4558.37  4.82256e-16
4560.39  4.92432e-16
4562.42  5.02548e-16
4564.44  5.12561e-16
4566.47  5.2243e-16
4568.49  5.32116e-16
4570.51  5.41581e-16
4572.54  5.50792e-16
4574.56  5.59715e-16
4576.59  5.68325e-16
4578.61  5.76595e-16
4580.63  5.84505e-16
4582.66  5.92037e-16
4584.68  5.9918e-16
4586.71  6.05921e-16
4588.73  6.12256e-16
4590.75  6.18181e-16
4592.78  6.23695e-16
4594.8   6.28801e-16
4596.83  6.33504e-16
4598.85  6.37812e-16
4600.87  6.41733e-16
4602.9   6.45278e-16
4604.92  6.48459e-16
4606.95  6.5129e-16
4608.97  6.53784e-16
4610.99  6.55958e-16
4613.02  6.57825e-16
4615.04  6.59404e-16
4617.07  6.6071e-16
4619.09  6.61759e-16
4621.11  6.62567e-16
4623.14  6.63151e-16
4625.16  6.63527e-16
4627.19  6.63707e-16
4629.21  6.63706e-16
4631.24  6.63537e-16
4633.26  6.63208e-16
4635.28  6.62729e-16
4637.31  6.62106e-16
4639.33  6.61341e-16
4641.36  6.60436e-16
4643.38  6.59388e-16
4645.4   6.5819e-16
4647.43  6.56833e-16
4649.45  6.55305e-16
4651.48  6.53589e-16
4653.5   6.51664e-16
4655.52  6.49509e-16
4657.55  6.47099e-16
4659.57  6.44404e-16
4661.6   6.41397e-16
4663.62  6.38047e-16
4665.64  6.34323e-16
4667.67  6.30198e-16
4669.69  6.25641e-16
4671.72  6.20629e-16
4673.74  6.15138e-16
4675.76  6.09151e-16
4677.79  6.02655e-16
4679.81  5.95642e-16
4681.84  5.88113e-16
4683.86  5.80072e-16
4685.88  5.71533e-16
4687.91  5.62517e-16
4689.93  5.53052e-16
4691.96  5.43172e-16
4693.98  5.32919e-16
4696.01  5.22342e-16
4698.03  5.11493e-16
4700.05  5.00432e-16
4702.08  4.89219e-16
4704.1   4.77919e-16
4706.13  4.66598e-16
4708.15  4.55322e-16
4710.17  4.44154e-16
4712.2   4.33158e-16
4714.22  4.22392e-16
4716.25  4.1191e-16
4718.27  4.01761e-16
4720.29  3.91987e-16
4722.32  3.82623e-16
4724.34  3.73697e-16
4726.37  3.65228e-16
4728.39  3.57227e-16
4730.41  3.49698e-16
4732.44  3.42636e-16
4734.46  3.36031e-16
4736.49  3.29863e-16
4738.51  3.24108e-16
4740.53  3.18738e-16
4742.56  3.13719e-16
4744.58  3.09014e-16
4746.61  3.04585e-16
4748.63  3.00394e-16
4750.65  2.96402e-16
4752.68  2.92573e-16
4754.7   2.88871e-16
4756.73  2.85265e-16
4758.75  2.8173e-16
4760.77  2.78243e-16
4762.8   2.74787e-16
4764.82  2.71353e-16
4766.85  2.67936e-16
4768.87  2.64538e-16
4770.9   2.61165e-16
4772.92  2.57832e-16
4774.94  2.54556e-16
4776.97  2.51362e-16
4778.99  2.48274e-16
4781.02  2.45325e-16
4783.04  2.42545e-16
4785.06  2.39968e-16
4787.09  2.37629e-16
4789.11  2.35559e-16
4791.14  2.33791e-16
4793.16  2.32353e-16
4795.18  2.31269e-16
4797.21  2.30561e-16
4799.23  2.30243e-16
4801.26  2.30326e-16
4803.28  2.30813e-16
4805.3   2.31701e-16
4807.33  2.32981e-16
4809.35  2.34636e-16
4811.38  2.36644e-16
4813.4   2.38976e-16
4815.42  2.41597e-16
4817.45  2.44466e-16
4819.47  2.47539e-16
4821.5   2.50769e-16
4823.52  2.54102e-16
4825.55  2.57487e-16
4827.57  2.6087e-16
4829.59  2.64196e-16
4831.62  2.67413e-16
4833.64  2.70472e-16
4835.67  2.73324e-16
4837.69  2.75929e-16
4839.71  2.78247e-16
4841.74  2.80247e-16
4843.76  2.81904e-16
4845.79  2.832e-16
4847.81  2.84122e-16
4849.83  2.84669e-16
4851.86  2.84843e-16
4853.88  2.84655e-16
4855.91  2.84123e-16
4857.93  2.83273e-16
4859.95  2.82134e-16
4861.98  2.80742e-16
4864     2.79138e-16
4866.03  2.77366e-16
4868.05  2.75473e-16
4870.07  2.73506e-16
4872.1   2.71515e-16
4874.12  2.6955e-16
4876.15  2.67657e-16
4878.17  2.65882e-16
4880.19  2.64269e-16
4882.22  2.62857e-16
4884.24  2.61681e-16
4886.27  2.60771e-16
4888.29  2.60155e-16
4890.31  2.59853e-16
4892.34  2.5988e-16
4894.36  2.60248e-16
4896.39  2.60963e-16
4898.41  2.62025e-16
4900.44  2.63433e-16
4902.46  2.6518e-16
4904.48  2.67256e-16
4906.51  2.69648e-16
4908.53  2.72343e-16
4910.56  2.75324e-16
4912.58  2.78573e-16
4914.6   2.82073e-16
4916.63  2.85805e-16
4918.65  2.89751e-16
4920.68  2.93894e-16
4922.7   2.98215e-16
4924.72  3.02699e-16
4926.75  3.07328e-16
4928.77  3.12087e-16
4930.8   3.16959e-16
4932.82  3.2193e-16
4934.84  3.26983e-16
4936.87  3.321e-16
4938.89  3.37266e-16
4940.92  3.42459e-16
4942.94  3.47659e-16
4944.96  3.52845e-16
4946.99  3.57989e-16
4949.01  3.63066e-16
4951.04  3.68045e-16
4953.06  3.72894e-16
4955.08  3.77578e-16
4957.11  3.82061e-16
4959.13  3.86304e-16
4961.16  3.90268e-16
4963.18  3.9391e-16
4965.21  3.97192e-16
4967.23  4.00071e-16
4969.25  4.02508e-16
4971.28  4.04467e-16
4973.3   4.05912e-16
4975.33  4.06811e-16
4977.35  4.07138e-16
4979.37  4.06871e-16
4981.4   4.05992e-16
4983.42  4.04492e-16
4985.45  4.02366e-16
4987.47  3.99618e-16
4989.49  3.96258e-16
4991.52  3.92302e-16
4993.54  3.87777e-16
4995.57  3.82713e-16
4997.59  3.7715e-16
4999.61  3.7113e-16
5001.64  3.64705e-16
5003.66  3.5793e-16
5005.69  3.50864e-16
5007.71  3.43569e-16
5009.73  3.36111e-16
5011.76  3.28555e-16
5013.78  3.20968e-16
5015.81  3.13417e-16
5017.83  3.05966e-16
5019.85  2.98676e-16
5021.88  2.91608e-16
5023.9   2.84817e-16
5025.93  2.78352e-16
5027.95  2.72259e-16
5029.98  2.66577e-16
5032     2.6134e-16
5034.02  2.56575e-16
5036.05  2.52303e-16
5038.07  2.4854e-16
5040.1   2.45292e-16
5042.12  2.42563e-16
5044.14  2.4035e-16
5046.17  2.38645e-16
5048.19  2.37433e-16
5050.22  2.36697e-16
5052.24  2.36417e-16
5054.26  2.36567e-16
5056.29  2.3712e-16
5058.31  2.38047e-16
5060.34  2.39318e-16
5062.36  2.409e-16
5064.38  2.42762e-16
5066.41  2.44871e-16
5068.43  2.47197e-16
5070.46  2.49709e-16
5072.48  2.52376e-16
5074.5   2.55173e-16
5076.53  2.58072e-16
5078.55  2.6105e-16
5080.58  2.64084e-16
5082.6   2.67155e-16
5084.62  2.70246e-16
5086.65  2.73342e-16
5088.67  2.76429e-16
5090.7   2.79496e-16
5092.72  2.82536e-16
5094.75  2.85541e-16
5096.77  2.88507e-16
5098.79  2.9143e-16
5100.82  2.94309e-16
5102.84  2.97145e-16
5104.87  2.99937e-16
5106.89  3.02689e-16
5108.91  3.05404e-16
5110.94  3.08085e-16
5112.96  3.10736e-16
5114.99  3.13362e-16
5117.01  3.15967e-16
5119.03  3.18557e-16
5121.06  3.21135e-16
5123.08  3.23704e-16
5125.11  3.26269e-16
5127.13  3.28832e-16
5129.15  3.31395e-16
5131.18  3.33957e-16
5133.2   3.36519e-16
5135.23  3.3908e-16
5137.25  3.41637e-16
5139.27  3.44185e-16
5141.3   3.46721e-16
5143.32  3.49238e-16
5145.35  3.5173e-16
5147.37  3.54188e-16
5149.39  3.56604e-16
5151.42  3.58968e-16
5153.44  3.61271e-16
5155.47  3.63504e-16
5157.49  3.65655e-16
5159.52  3.67715e-16
5161.54  3.69675e-16
5163.56  3.71527e-16
5165.59  3.73262e-16
5167.61  3.74875e-16
5169.64  3.7636e-16
5171.66  3.77713e-16
5173.68  3.78934e-16
5175.71  3.8002e-16
5177.73  3.80976e-16
5179.76  3.81803e-16
5181.78  3.82509e-16
5183.8   3.831e-16
5185.83  3.83586e-16
5187.85  3.83978e-16
5189.88  3.84289e-16
5191.9   3.84532e-16
5193.92  3.84722e-16
5195.95  3.84876e-16
5197.97  3.85009e-16
5200     3.85138e-16
5202.02  3.8528e-16
5204.04  3.85452e-16
5206.07  3.85668e-16
5208.09  3.85943e-16
5210.12  3.86292e-16
5212.14  3.86727e-16
5214.16  3.87259e-16
5216.19  3.87896e-16
5218.21  3.88647e-16
5220.24  3.89517e-16
5222.26  3.90509e-16
5224.29  3.91625e-16
5226.31  3.92864e-16
5228.33  3.94224e-16
5230.36  3.95701e-16
5232.38  3.97289e-16
5234.41  3.98981e-16
5236.43  4.00767e-16
5238.45  4.02639e-16
5240.48  4.04584e-16
5242.5   4.06592e-16
5244.53  4.08651e-16
5246.55  4.10748e-16
5248.57  4.12872e-16
5250.6   4.15009e-16
5252.62  4.17148e-16
5254.65  4.19279e-16
5256.67  4.2139e-16
5258.69  4.23473e-16
5260.72  4.25518e-16
5262.74  4.27519e-16
5264.77  4.29468e-16
5266.79  4.3136e-16
5268.81  4.3319e-16
5270.84  4.34954e-16
5272.86  4.3665e-16
5274.89  4.38274e-16
5276.91  4.39825e-16
5278.93  4.413e-16
5280.96  4.42698e-16
5282.98  4.44017e-16
5285.01  4.45254e-16
5287.03  4.46408e-16
5289.06  4.47474e-16
5291.08  4.4845e-16
5293.1   4.49331e-16
5295.13  4.50112e-16
5297.15  4.50787e-16
5299.18  4.5135e-16
5301.2   4.51794e-16
5303.22  4.52112e-16
5305.25  4.52296e-16
5307.27  4.5234e-16
5309.3   4.52234e-16
5311.32  4.51973e-16
5313.34  4.5155e-16
5315.37  4.50958e-16
5317.39  4.50194e-16
5319.42  4.49253e-16
5321.44  4.48133e-16
5323.46  4.46833e-16
5325.49  4.45352e-16
5327.51  4.43693e-16
5329.54  4.41858e-16
5331.56  4.39852e-16
5333.58  4.37681e-16
5335.61  4.35351e-16
5337.63  4.3287e-16
5339.66  4.30247e-16
5341.68  4.2749e-16
5343.7   4.2461e-16
5345.73  4.21616e-16
5347.75  4.18517e-16
5349.78  4.15323e-16
5351.8   4.12042e-16
5353.82  4.08683e-16
5355.85  4.05253e-16
5357.87  4.0176e-16
5359.9   3.98208e-16
5361.92  3.94604e-16
5363.95  3.90951e-16
5365.97  3.87254e-16
5367.99  3.83514e-16
5370.02  3.79735e-16
5372.04  3.75919e-16
5374.07  3.72068e-16
5376.09  3.68183e-16
5378.11  3.64267e-16
5380.14  3.60323e-16
5382.16  3.56352e-16
5384.19  3.52359e-16
5386.21  3.48347e-16
5388.23  3.44322e-16
5390.26  3.40288e-16
5392.28  3.36252e-16
5394.31  3.32221e-16
5396.33  3.28202e-16
5398.35  3.24205e-16
5400.38  3.20237e-16
5402.4   3.16307e-16
5404.43  3.12426e-16
5406.45  3.08602e-16
5408.47  3.04845e-16
5410.5   3.01164e-16
5412.52  2.97568e-16
5414.55  2.94066e-16
5416.57  2.90664e-16
5418.6   2.87369e-16
5420.62  2.84188e-16
5422.64  2.81125e-16
5424.67  2.78184e-16
5426.69  2.75368e-16
5428.72  2.72679e-16
5430.74  2.70117e-16
5432.76  2.67681e-16
5434.79  2.65369e-16
5436.81  2.6318e-16
5438.84  2.61107e-16
5440.86  2.59148e-16
5442.88  2.57295e-16
5444.91  2.55543e-16
5446.93  2.53883e-16
5448.96  2.52309e-16
5450.98  2.50811e-16
5453     2.4938e-16
5455.03  2.48008e-16
5457.05  2.46684e-16
5459.08  2.45398e-16
5461.1   2.44142e-16
5463.12  2.42905e-16
5465.15  2.41678e-16
5467.17  2.40452e-16
5469.2   2.39218e-16
5471.22  2.37967e-16
5473.24  2.36691e-16
5475.27  2.35384e-16
5477.29  2.34039e-16
5479.32  2.3265e-16
5481.34  2.31212e-16
5483.36  2.29722e-16
5485.39  2.28176e-16
5487.41  2.26572e-16
5489.44  2.2491e-16
5491.46  2.2319e-16
5493.49  2.21412e-16
5495.51  2.19579e-16
5497.53  2.17693e-16
5499.56  2.15759e-16
5501.58  2.13781e-16
5503.61  2.11764e-16
5505.63  2.09715e-16
5507.65  2.0764e-16
5509.68  2.05546e-16
5511.7   2.03439e-16
5513.73  2.01328e-16
5515.75  1.99218e-16
5517.77  1.97116e-16
5519.8   1.9503e-16
5521.82  1.92964e-16
5523.85  1.90925e-16
5525.87  1.88917e-16
5527.89  1.86944e-16
5529.92  1.85007e-16
5531.94  1.8311e-16
5533.97  1.81254e-16
5535.99  1.79437e-16
5538.01  1.77659e-16
5540.04  1.75917e-16
5542.06  1.74209e-16
5544.09  1.7253e-16
5546.11  1.70876e-16
5548.13  1.6924e-16
5550.16  1.67616e-16
5552.18  1.65998e-16
5554.21  1.6438e-16
5556.23  1.62753e-16
5558.26  1.6111e-16
5560.28  1.59445e-16
5562.3   1.57751e-16
5564.33  1.56022e-16
5566.35  1.54252e-16
5568.38  1.52436e-16
5570.4   1.5057e-16
5572.42  1.48652e-16
5574.45  1.46679e-16
5576.47  1.44651e-16
5578.5   1.42568e-16
5580.52  1.4043e-16
5582.54  1.38241e-16
5584.57  1.36004e-16
5586.59  1.33723e-16
5588.62  1.31404e-16
5590.64  1.29052e-16
5592.66  1.26675e-16
5594.69  1.2428e-16
5596.71  1.21873e-16
5598.74  1.19463e-16
5600.76  1.17055e-16
5602.78  1.14659e-16
5604.81  1.12279e-16
5606.83  1.09922e-16
5608.86  1.07594e-16
5610.88  1.05298e-16
5612.9   1.03038e-16
5614.93  1.00817e-16
5616.95  9.86359e-17
5618.98  9.64951e-17
5621     9.43944e-17
5623.03  9.23325e-17
5625.05  9.03075e-17
5627.07  8.83167e-17
5629.1   8.63572e-17
5631.12  8.44257e-17
5633.15  8.2519e-17
5635.17  8.0634e-17
5637.19  7.8768e-17
5639.22  7.69189e-17
5641.24  7.50851e-17
5643.27  7.32661e-17
5645.29  7.14623e-17
5647.31  6.96752e-17
5649.34  6.79074e-17
5651.36  6.61628e-17
5653.39  6.4446e-17
5655.41  6.27631e-17
5657.43  6.11208e-17
5659.46  5.95266e-17
5661.48  5.79887e-17
5663.51  5.65155e-17
5665.53  5.51155e-17
5667.55  5.37973e-17
5669.58  5.2569e-17
5671.6   5.14379e-17
5673.63  5.04106e-17
5675.65  4.94928e-17
5677.67  4.86887e-17
5679.7   4.80013e-17
5681.72  4.7432e-17
5683.75  4.69806e-17
5685.77  4.66457e-17
5687.8   4.64242e-17
5689.82  4.63118e-17
5691.84  4.63027e-17
5693.87  4.63906e-17
5695.89  4.65683e-17
5697.92  4.68282e-17
5699.94  4.71626e-17
5701.96  4.75642e-17
5703.99  4.80263e-17
5706.01  4.85432e-17
5708.04  4.91104e-17
5710.06  4.97253e-17
5712.08  5.0387e-17
5714.11  5.10968e-17
5716.13  5.18584e-17
5718.16  5.26778e-17
5720.18  5.35635e-17
5722.2   5.45264e-17
5724.23  5.55797e-17
5726.25  5.67388e-17
5728.28  5.80208e-17
5730.3   5.94443e-17
5732.32  6.10292e-17
5734.35  6.2796e-17
5736.37  6.47651e-17
5738.4   6.69571e-17
5740.42  6.93913e-17
5742.44  7.20857e-17
5744.47  7.50567e-17
5746.49  7.83178e-17
5748.52  8.18801e-17
5750.54  8.57512e-17
5752.57  8.99353e-17
5754.59  9.44326e-17
5756.61  9.92394e-17
5758.64  1.04348e-16
5760.66  1.09746e-16
5762.69  1.15418e-16
5764.71  1.21344e-16
5766.73  1.27501e-16
5768.76  1.33862e-16
5770.78  1.40398e-16
5772.81  1.47076e-16
5774.83  1.53862e-16
5776.85  1.60723e-16
5778.88  1.6762e-16
5780.9   1.74518e-16
5782.93  1.8138e-16
5784.95  1.8817e-16
5786.97  1.94855e-16
5789     2.014e-16
5791.02  2.07776e-16
5793.05  2.13953e-16
5795.07  2.19905e-16
5797.09  2.2561e-16
5799.12  2.31047e-16
5801.14  2.36199e-16
5803.17  2.41052e-16
5805.19  2.45596e-16
5807.21  2.49823e-16
5809.24  2.53728e-16
5811.26  2.5731e-16
5813.29  2.60569e-16
5815.31  2.63509e-16
5817.34  2.66136e-16
5819.36  2.68457e-16
5821.38  2.70483e-16
5823.41  2.72224e-16
5825.43  2.73694e-16
5827.46  2.74907e-16
5829.48  2.75878e-16
5831.5   2.76622e-16
5833.53  2.77157e-16
5835.55  2.775e-16
5837.58  2.77667e-16
5839.6   2.77677e-16
5841.62  2.77548e-16
5843.65  2.77297e-16
5845.67  2.76942e-16
5847.7   2.76499e-16
5849.72  2.75987e-16
5851.74  2.7542e-16
5853.77  2.74816e-16
5855.79  2.74189e-16
5857.82  2.73553e-16
5859.84  2.72922e-16
5861.86  2.72309e-16
5863.89  2.71725e-16
5865.91  2.7118e-16
5867.94  2.70684e-16
5869.96  2.70244e-16
5871.98  2.69868e-16
5874.01  2.69559e-16
5876.03  2.69321e-16
5878.06  2.69158e-16
5880.08  2.69068e-16
5882.11  2.69051e-16
5884.13  2.69104e-16
5886.15  2.69222e-16
5888.18  2.694e-16
5890.2   2.69631e-16
5892.23  2.69904e-16
5894.25  2.7021e-16
5896.27  2.70538e-16
5898.3   2.70874e-16
5900.32  2.71205e-16
5902.35  2.71515e-16
5904.37  2.7179e-16
5906.39  2.72014e-16
5908.42  2.72169e-16
5910.44  2.72239e-16
5912.47  2.72208e-16
5914.49  2.72058e-16
5916.51  2.71774e-16
5918.54  2.71339e-16
5920.56  2.70739e-16
5922.59  2.69959e-16
5924.61  2.68986e-16
5926.63  2.67808e-16
5928.66  2.66415e-16
5930.68  2.64797e-16
5932.71  2.62947e-16
5934.73  2.60859e-16
5936.75  2.58528e-16
5938.78  2.55953e-16
5940.8   2.53133e-16
5942.83  2.50071e-16
5944.85  2.4677e-16
5946.88  2.43235e-16
5948.9   2.39476e-16
5950.92  2.35501e-16
5952.95  2.31323e-16
5954.97  2.26956e-16
5957     2.22414e-16
5959.02  2.17716e-16
5961.04  2.12879e-16
5963.07  2.07925e-16
5965.09  2.02875e-16
5967.12  1.9775e-16
5969.14  1.92574e-16
5971.16  1.87371e-16
5973.19  1.82165e-16
5975.21  1.7698e-16
5977.24  1.7184e-16
5979.26  1.66769e-16
5981.28  1.6179e-16
5983.31  1.56925e-16
5985.33  1.52195e-16
5987.36  1.47619e-16
5989.38  1.43216e-16
5991.4   1.39002e-16
5993.43  1.34992e-16
5995.45  1.31199e-16
5997.48  1.27634e-16
5999.5   1.24304e-16
6001.52  1.21218e-16
6003.55  1.18378e-16
6005.57  1.15789e-16
6007.6   1.13449e-16
6009.62  1.11358e-16
6011.65  1.09514e-16
6013.67  1.0791e-16
6015.69  1.06541e-16
6017.72  1.05399e-16
6019.74  1.04476e-16
6021.77  1.03763e-16
6023.79  1.03249e-16
6025.81  1.02923e-16
6027.84  1.02774e-16
6029.86  1.02791e-16
6031.89  1.02963e-16
6033.91  1.03277e-16
6035.93  1.03723e-16
6037.96  1.0429e-16
6039.98  1.04967e-16
6042.01  1.05744e-16
6044.03  1.06611e-16
6046.05  1.07559e-16
6048.08  1.0858e-16
6050.1   1.09666e-16
6052.13  1.10809e-16
6054.15  1.12003e-16
6056.17  1.13241e-16
6058.2   1.14516e-16
6060.22  1.15825e-16
6062.25  1.17161e-16
6064.27  1.1852e-16
6066.29  1.19898e-16
6068.32  1.2129e-16
6070.34  1.22693e-16
6072.37  1.24103e-16
6074.39  1.25516e-16
6076.41  1.26929e-16
6078.44  1.28338e-16
6080.46  1.2974e-16
6082.49  1.31131e-16
6084.51  1.32509e-16
6086.54  1.3387e-16
6088.56  1.35211e-16
6090.58  1.36528e-16
6092.61  1.37818e-16
6094.63  1.39078e-16
6096.66  1.40305e-16
6098.68  1.41496e-16
6100.7   1.42647e-16
6102.73  1.43757e-16
6104.75  1.44822e-16
6106.78  1.4584e-16
6108.8   1.46809e-16
6110.82  1.47727e-16
6112.85  1.48593e-16
6114.87  1.49404e-16
6116.9   1.50162e-16
6118.92  1.50864e-16
6120.94  1.51512e-16
6122.97  1.52105e-16
6124.99  1.52645e-16
6127.02  1.53132e-16
6129.04  1.53568e-16
6131.06  1.53955e-16
6133.09  1.54296e-16
6135.11  1.54592e-16
6137.14  1.54847e-16
6139.16  1.55063e-16
6141.19  1.55244e-16
6143.21  1.55392e-16
6145.23  1.5551e-16
6147.26  1.55602e-16
6149.28  1.55668e-16
6151.31  1.55712e-16
6153.33  1.55736e-16
6155.35  1.5574e-16
6157.38  1.55726e-16
6159.4   1.55694e-16
6161.43  1.55645e-16
6163.45  1.55577e-16
6165.47  1.55489e-16
6167.5   1.55381e-16
6169.52  1.5525e-16
6171.55  1.55094e-16
6173.57  1.54912e-16
6175.59  1.547e-16
6177.62  1.54455e-16
6179.64  1.54176e-16
6181.67  1.53859e-16
6183.69  1.53503e-16
6185.71  1.53106e-16
6187.74  1.52664e-16
6189.76  1.52178e-16
6191.79  1.51647e-16
6193.81  1.51069e-16
6195.83  1.50444e-16
6197.86  1.49774e-16
6199.88  1.49058e-16
6201.91  1.48299e-16
6203.93  1.47497e-16
6205.95  1.46654e-16
6207.98  1.45772e-16
6210     1.44854e-16
6212.03  1.43902e-16
6214.05  1.42917e-16
6216.08  1.41903e-16
6218.1   1.40861e-16
6220.12  1.39793e-16
6222.15  1.38702e-16
6224.17  1.37588e-16
6226.2   1.36453e-16
6228.22  1.35299e-16
6230.24  1.34126e-16
6232.27  1.32935e-16
6234.29  1.31727e-16
6236.32  1.30502e-16
6238.34  1.2926e-16
6240.36  1.28003e-16
6242.39  1.2673e-16
6244.41  1.25442e-16
6246.44  1.24139e-16
6248.46  1.22823e-16
6250.48  1.21495e-16
6252.51  1.20154e-16
6254.53  1.18804e-16
6256.56  1.17446e-16
6258.58  1.16081e-16
6260.6   1.14712e-16
6262.63  1.13341e-16
6264.65  1.11971e-16
6266.68  1.10605e-16
6268.7   1.09246e-16
6270.72  1.07898e-16
6272.75  1.06562e-16
6274.77  1.05244e-16
6276.8   1.03945e-16
6278.82  1.02671e-16
6280.85  1.01424e-16
6282.87  1.00207e-16
6284.89  9.90244e-17
6286.92  9.7879e-17
6288.94  9.67742e-17
6290.97  9.5713e-17
6292.99  9.46986e-17
6295.01  9.37339e-17
6297.04  9.28218e-17
6299.06  9.19649e-17
6301.09  9.11659e-17
6303.11  9.04273e-17
6305.13  8.97514e-17
6307.16  8.91403e-17
6309.18  8.8596e-17
6311.21  8.81202e-17
6313.23  8.77145e-17
6315.25  8.73799e-17
6317.28  8.71173e-17
6319.3   8.69273e-17
6321.33  8.681e-17
6323.35  8.6765e-17
6325.37  8.67916e-17
6327.4   8.68884e-17
6329.42  8.70539e-17
6331.45  8.72857e-17
6333.47  8.75811e-17
6335.49  8.79369e-17
6337.52  8.83494e-17
6339.54  8.88146e-17
6341.57  8.93281e-17
6343.59  8.98852e-17
6345.62  9.0481e-17
6347.64  9.11104e-17
6349.66  9.17685e-17
6351.69  9.24504e-17
6353.71  9.31511e-17
6355.74  9.38665e-17
6357.76  9.45922e-17
6359.78  9.5325e-17
6361.81  9.60617e-17
6363.83  9.68001e-17
6365.86  9.75387e-17
6367.88  9.82768e-17
6369.9   9.90144e-17
6371.93  9.97524e-17
6373.95  1.00492e-16
6375.98  1.01237e-16
6378     1.0199e-16
6380.02  1.02754e-16
6382.05  1.03533e-16
6384.07  1.04334e-16
6386.1   1.0516e-16
6388.12  1.06016e-16
6390.14  1.06909e-16
6392.17  1.07841e-16
6394.19  1.08819e-16
6396.22  1.09846e-16
6398.24  1.10925e-16
6400.26  1.12059e-16
6402.29  1.13249e-16
6404.31  1.14496e-16
6406.34  1.158e-16
6408.36  1.1716e-16
6410.39  1.18572e-16
6412.41  1.20034e-16
6414.43  1.2154e-16
6416.46  1.23086e-16
6418.48  1.24665e-16
6420.51  1.26271e-16
6422.53  1.27895e-16
6424.55  1.2953e-16
6426.58  1.31169e-16
6428.6   1.32803e-16
6430.63  1.34424e-16
6432.65  1.36025e-16
6434.67  1.376e-16
6436.7   1.39141e-16
6438.72  1.40643e-16
6440.75  1.42101e-16
6442.77  1.43512e-16
6444.79  1.44872e-16
6446.82  1.4618e-16
6448.84  1.47433e-16
6450.87  1.48632e-16
6452.89  1.49777e-16
6454.91  1.50869e-16
6456.94  1.51909e-16
6458.96  1.529e-16
6460.99  1.53842e-16
6463.01  1.54739e-16
6465.03  1.55591e-16
6467.06  1.564e-16
6469.08  1.57167e-16
6471.11  1.57893e-16
6473.13  1.58577e-16
6475.16  1.59217e-16
6477.18  1.59813e-16
6479.2   1.6036e-16
6481.23  1.60855e-16
6483.25  1.61293e-16
6485.28  1.6167e-16
6487.3   1.61978e-16
6489.32  1.62211e-16
6491.35  1.62363e-16
6493.37  1.62427e-16
6495.4   1.62396e-16
6497.42  1.62264e-16
6499.44  1.62024e-16
6501.47  1.61672e-16
6503.49  1.61203e-16
6505.52  1.60615e-16
6507.54  1.59906e-16
6509.56  1.59076e-16
6511.59  1.58126e-16
6513.61  1.57059e-16
6515.64  1.55879e-16
6517.66  1.54594e-16
6519.68  1.53209e-16
6521.71  1.51736e-16
6523.73  1.50183e-16
6525.76  1.48562e-16
6527.78  1.46885e-16
6529.8   1.45166e-16
6531.83  1.43416e-16
6533.85  1.41651e-16
6535.88  1.39882e-16
6537.9   1.38122e-16
6539.93  1.36385e-16
6541.95  1.3468e-16
6543.97  1.33018e-16
6546     1.31408e-16
6548.02  1.29858e-16
6550.05  1.28374e-16
6552.07  1.26961e-16
6554.09  1.25623e-16
6556.12  1.24361e-16
6558.14  1.23176e-16
6560.17  1.22067e-16
6562.19  1.21033e-16
6564.21  1.20071e-16
6566.24  1.19176e-16
6568.26  1.18346e-16
6570.29  1.17574e-16
6572.31  1.16857e-16
6574.33  1.16187e-16
6576.36  1.15561e-16
6578.38  1.14974e-16
6580.41  1.14419e-16
6582.43  1.13893e-16
6584.45  1.13392e-16
6586.48  1.12912e-16
6588.5   1.12451e-16
6590.53  1.12005e-16
6592.55  1.11572e-16
6594.57  1.11151e-16
6596.6   1.1074e-16
6598.62  1.10339e-16
6600.65  1.09945e-16
6602.67  1.09558e-16
6604.69  1.09176e-16
6606.72  1.08799e-16
6608.74  1.08423e-16
6610.77  1.08047e-16
6612.79  1.07667e-16
6614.82  1.07281e-16
6616.84  1.06884e-16
6618.86  1.06472e-16
6620.89  1.0604e-16
6622.91  1.0558e-16
6624.94  1.05089e-16
6626.96  1.04558e-16
6628.98  1.03981e-16
6631.01  1.03352e-16
6633.03  1.02662e-16
6635.06  1.01907e-16
6637.08  1.01078e-16
6639.1   1.00172e-16
6641.13  9.91824e-17
6643.15  9.81055e-17
6645.18  9.69383e-17
6647.2   9.56789e-17
6649.22  9.43265e-17
6651.25  9.28817e-17
6653.27  9.13465e-17
6655.3   8.9724e-17
6657.32  8.80189e-17
6659.34  8.6237e-17
6661.37  8.43853e-17
6663.39  8.24721e-17
6665.42  8.05064e-17
6667.44  7.84982e-17
6669.47  7.64581e-17
6671.49  7.43973e-17
6673.51  7.23272e-17
6675.54  7.02593e-17
6677.56  6.82053e-17
6679.59  6.61765e-17
6681.61  6.41839e-17
6683.63  6.22379e-17
6685.66  6.03483e-17
6687.68  5.85241e-17
6689.71  5.67734e-17
6691.73  5.51035e-17
6693.75  5.35204e-17
6695.78  5.20292e-17
6697.8   5.06341e-17
6699.83  4.9338e-17
6701.85  4.81429e-17
6703.87  4.70496e-17
6705.9   4.60584e-17
6707.92  4.51683e-17
6709.95  4.43778e-17
6711.97  4.36844e-17
6713.99  4.30852e-17
6716.02  4.25769e-17
6718.04  4.21553e-17
6720.07  4.18162e-17
6722.09  4.1555e-17
6724.11  4.13668e-17
6726.14  4.12467e-17
6728.16  4.11895e-17
6730.19  4.119e-17
6732.21  4.1243e-17
6734.23  4.13434e-17
6736.26  4.14858e-17
6738.28  4.16651e-17
6740.31  4.18762e-17
6742.33  4.21139e-17
6744.36  4.23732e-17
6746.38  4.26491e-17
6748.4   4.29368e-17
6750.43  4.32315e-17
6752.45  4.35284e-17
6754.48  4.38232e-17
6756.5   4.41115e-17
6758.52  4.43891e-17
6760.55  4.46523e-17
6762.57  4.48976e-17
6764.6   4.51218e-17
6766.62  4.53223e-17
6768.64  4.5497e-17
6770.67  4.56441e-17
6772.69  4.57628e-17
6774.72  4.58525e-17
6776.74  4.59135e-17
6778.76  4.59469e-17
6780.79  4.59542e-17
6782.81  4.59378e-17
6784.84  4.59008e-17
6786.86  4.58468e-17
6788.88  4.57801e-17
6790.91  4.57053e-17
6792.93  4.56276e-17
6794.96  4.55526e-17
6796.98  4.5486e-17
6799     4.54335e-17
6801.03  4.54012e-17
6803.05  4.53945e-17
6805.08  4.54191e-17
6807.1   4.548e-17
6809.13  4.55818e-17
6811.15  4.57285e-17
6813.17  4.59235e-17
6815.2   4.61693e-17
6817.22  4.64678e-17
6819.25  4.68199e-17
6821.27  4.72255e-17
6823.29  4.76839e-17
6825.32  4.81932e-17
6827.34  4.87508e-17
6829.37  4.93533e-17
6831.39  4.99966e-17
6833.41  5.06759e-17
6835.44  5.13856e-17
6837.46  5.212e-17
6839.49  5.28729e-17
6841.51  5.36377e-17
6843.53  5.44081e-17
6845.56  5.51774e-17
6847.58  5.59394e-17
6849.61  5.66879e-17
6851.63  5.74175e-17
6853.65  5.8123e-17
6855.68  5.87999e-17
6857.7   5.94446e-17
6859.73  6.00542e-17
6861.75  6.06266e-17
6863.77  6.11609e-17
6865.8   6.1657e-17
6867.82  6.21157e-17
6869.85  6.25391e-17
6871.87  6.29301e-17
6873.9   6.32925e-17
6875.92  6.36311e-17
6877.94  6.39514e-17
6879.97  6.42597e-17
6881.99  6.45628e-17
6884.02  6.48683e-17
6886.04  6.51838e-17
6888.06  6.55174e-17
6890.09  6.58771e-17
6892.11  6.62711e-17
6894.14  6.67072e-17
6896.16  6.7193e-17
6898.18  6.77355e-17
6900.21  6.83413e-17
6902.23  6.90163e-17
6904.26  6.97656e-17
6906.28  7.05934e-17
6908.3   7.15031e-17
6910.33  7.24971e-17
6912.35  7.3577e-17
6914.38  7.47432e-17
6916.4   7.59954e-17
6918.42  7.73321e-17
6920.45  7.87513e-17
6922.47  8.02498e-17
6924.5   8.1824e-17
6926.52  8.34695e-17
6928.54  8.5181e-17
6930.57  8.6953e-17
6932.59  8.87794e-17
6934.62  9.06536e-17
6936.64  9.25687e-17
6938.67  9.45175e-17
6940.69  9.64925e-17
6942.71  9.84861e-17
6944.74  1.0049e-16
6946.76  1.02497e-16
6948.79  1.04499e-16
6950.81  1.06487e-16
6952.83  1.08454e-16
6954.86  1.10392e-16
6956.88  1.12292e-16
6958.91  1.14147e-16
6960.93  1.15951e-16
6962.95  1.17696e-16
6964.98  1.19375e-16
6967     1.20983e-16
6969.03  1.22516e-16
6971.05  1.23968e-16
6973.07  1.25338e-16
6975.1   1.26621e-16
6977.12  1.27818e-16
6979.15  1.28928e-16
6981.17  1.29953e-16
6983.19  1.30895e-16
6985.22  1.31758e-16
6987.24  1.32547e-16
6989.27  1.33268e-16
6991.29  1.33929e-16
6993.31  1.34538e-16
6995.34  1.35103e-16
6997.36  1.35634e-16
6999.39  1.36142e-16
7001.41  1.36636e-16
7003.44  1.37128e-16
7005.46  1.37626e-16
7007.48  1.38142e-16
7009.51  1.38683e-16
7011.53  1.39259e-16
7013.56  1.39877e-16
7015.58  1.40542e-16
7017.6   1.4126e-16
7019.63  1.42036e-16
7021.65  1.4287e-16
7023.68  1.43765e-16
7025.7   1.44721e-16
7027.72  1.45736e-16
7029.75  1.46808e-16
7031.77  1.47934e-16
7033.8   1.4911e-16
7035.82  1.50332e-16
7037.84  1.51594e-16
7039.87  1.52892e-16
7041.89  1.54221e-16
7043.92  1.55574e-16
7045.94  1.56949e-16
7047.96  1.58341e-16
7049.99  1.59745e-16
7052.01  1.61159e-16
7054.04  1.62581e-16
7056.06  1.64008e-16
7058.08  1.6544e-16
7060.11  1.66876e-16
7062.13  1.68315e-16
7064.16  1.69758e-16
7066.18  1.71206e-16
7068.21  1.72658e-16
7070.23  1.74116e-16
7072.25  1.75579e-16
7074.28  1.77048e-16
7076.3   1.78523e-16
7078.33  1.80002e-16
7080.35  1.81483e-16
7082.37  1.82965e-16
7084.4   1.84445e-16
7086.42  1.8592e-16
7088.45  1.87384e-16
7090.47  1.88834e-16
7092.49  1.90264e-16
7094.52  1.91668e-16
7096.54  1.93042e-16
7098.57  1.94378e-16
7100.59  1.95672e-16
7102.61  1.96917e-16
7104.64  1.98109e-16
7106.66  1.99243e-16
7108.69  2.00315e-16
7110.71  2.01321e-16
7112.73  2.02259e-16
7114.76  2.03128e-16
7116.78  2.03926e-16
7118.81  2.04655e-16
7120.83  2.05314e-16
7122.85  2.05906e-16
7124.88  2.06433e-16
7126.9   2.06898e-16
7128.93  2.07305e-16
7130.95  2.07657e-16
7132.98  2.0796e-16
7135     2.08216e-16
7137.02  2.08429e-16
7139.05  2.08605e-16
7141.07  2.08745e-16
7143.1   2.08853e-16
7145.12  2.08931e-16
7147.14  2.08982e-16
7149.17  2.09006e-16
7151.19  2.09003e-16
7153.22  2.08975e-16
7155.24  2.0892e-16
7157.26  2.08838e-16
7159.29  2.08727e-16
7161.31  2.08585e-16
7163.34  2.08412e-16
7165.36  2.08204e-16
7167.38  2.0796e-16
7169.41  2.0768e-16
7171.43  2.07361e-16
7173.46  2.07004e-16
7175.48  2.06609e-16
7177.5   2.06176e-16
7179.53  2.05707e-16
7181.55  2.05203e-16
7183.58  2.04669e-16
7185.6   2.04106e-16
7187.62  2.03521e-16
7189.65  2.02917e-16
7191.67  2.023e-16
7193.7   2.01676e-16
7195.72  2.0105e-16
7197.75  2.00429e-16
7199.77  1.9982e-16
7201.79  1.99227e-16
7203.82  1.98657e-16
7205.84  1.98116e-16
7207.87  1.97607e-16
7209.89  1.97135e-16
7211.91  1.96704e-16
7213.94  1.96316e-16
7215.96  1.95972e-16
7217.99  1.95674e-16
7220.01  1.95422e-16
7222.03  1.95215e-16
7224.06  1.95051e-16
7226.08  1.94929e-16
7228.11  1.94846e-16
7230.13  1.94798e-16
7232.15  1.94783e-16
7234.18  1.94797e-16
7236.2   1.94836e-16
7238.23  1.94898e-16
7240.25  1.94979e-16
7242.27  1.95078e-16
7244.3   1.95191e-16
7246.32  1.95319e-16
7248.35  1.95461e-16
7250.37  1.95618e-16
7252.39  1.95791e-16
7254.42  1.95983e-16
7256.44  1.96197e-16
7258.47  1.96438e-16
7260.49  1.9671e-16
7262.52  1.97019e-16
7264.54  1.9737e-16
7266.56  1.97772e-16
7268.59  1.9823e-16
7270.61  1.9875e-16
7272.64  1.99341e-16
7274.66  2.00007e-16
7276.68  2.00755e-16
7278.71  2.0159e-16
7280.73  2.02516e-16
7282.76  2.03538e-16
7284.78  2.04657e-16
7286.8   2.05875e-16
7288.83  2.07194e-16
7290.85  2.08611e-16
7292.88  2.10127e-16
7294.9   2.11737e-16
7296.92  2.13438e-16
7298.95  2.15224e-16
7300.97  2.17091e-16
7303     2.19029e-16
7305.02  2.21032e-16
7307.04  2.2309e-16
7309.07  2.25194e-16
7311.09  2.27332e-16
7313.12  2.29492e-16
7315.14  2.31663e-16
7317.16  2.3383e-16
7319.19  2.35979e-16
7321.21  2.38097e-16
7323.24  2.40165e-16
7325.26  2.42169e-16
7327.28  2.4409e-16
7329.31  2.45912e-16
7331.33  2.47615e-16
7333.36  2.4918e-16
7335.38  2.50589e-16
7337.41  2.51822e-16
7339.43  2.5286e-16
7341.45  2.53684e-16
7343.48  2.54276e-16
7345.5   2.54618e-16
7347.53  2.54694e-16
7349.55  2.54489e-16
7351.57  2.5399e-16
7353.6   2.53185e-16
7355.62  2.52068e-16
7357.65  2.5063e-16
7359.67  2.4887e-16
7361.69  2.46787e-16
7363.72  2.44384e-16
7365.74  2.41668e-16
7367.77  2.38649e-16
7369.79  2.35341e-16
7371.81  2.31759e-16
7373.84  2.27923e-16
7375.86  2.23855e-16
7377.89  2.19581e-16
7379.91  2.15127e-16
7381.93  2.10522e-16
7383.96  2.05796e-16
7385.98  2.00981e-16
7388.01  1.96107e-16
7390.03  1.91205e-16
7392.06  1.86307e-16
7394.08  1.81442e-16
7396.1   1.76638e-16
7398.13  1.7192e-16
7400.15  1.67313e-16
7402.18  1.62837e-16
7404.2   1.5851e-16
7406.22  1.54348e-16
7408.25  1.50363e-16
7410.27  1.46564e-16
7412.3   1.42955e-16
7414.32  1.39541e-16
7416.34  1.3632e-16
7418.37  1.33291e-16
7420.39  1.30448e-16
7422.42  1.27784e-16
7424.44  1.25291e-16
7426.46  1.22957e-16
7428.49  1.20772e-16
7430.51  1.18724e-16
7432.54  1.16801e-16
7434.56  1.14991e-16
7436.58  1.13282e-16
7438.61  1.11662e-16
7440.63  1.10122e-16
7442.66  1.08651e-16
7444.68  1.07242e-16
7446.7   1.05887e-16
7448.73  1.04581e-16
7450.75  1.03318e-16
7452.78  1.02096e-16
7454.8   1.00913e-16
7456.82  9.97671e-17
7458.85  9.86589e-17
7460.87  9.75891e-17
7462.9   9.6559e-17
7464.92  9.55707e-17
7466.95  9.46264e-17
7468.97  9.37285e-17
7470.99  9.28792e-17
7473.02  9.20806e-17
7475.04  9.13345e-17
7477.07  9.0642e-17
7479.09  9.00037e-17
7481.11  8.94193e-17
7483.14  8.88879e-17
7485.16  8.84077e-17
7487.19  8.79758e-17
7489.21  8.75886e-17
7491.23  8.72418e-17
7493.26  8.69302e-17
7495.28  8.66477e-17
7497.31  8.63881e-17
7499.33  8.61442e-17
7501.35  8.5909e-17
7503.38  8.56751e-17
7505.4   8.54352e-17
7507.43  8.51821e-17
7509.45  8.49091e-17
7511.47  8.461e-17
7513.5   8.42795e-17
7515.52  8.39129e-17
7517.55  8.35067e-17
7519.57  8.30585e-17
7521.59  8.2567e-17
7523.62  8.20322e-17
7525.64  8.14555e-17
7527.67  8.08395e-17
7529.69  8.01881e-17
7531.72  7.95061e-17
7533.74  7.87997e-17
7535.76  7.80758e-17
7537.79  7.73422e-17
7539.81  7.6607e-17
7541.84  7.58789e-17
7543.86  7.51667e-17
7545.88  7.44791e-17
7547.91  7.38244e-17
7549.93  7.32106e-17
7551.96  7.26449e-17
7553.98  7.21336e-17
7556     7.1682e-17
7558.03  7.12942e-17
7560.05  7.09732e-17
7562.08  7.07206e-17
7564.1   7.05367e-17
7566.12  7.04205e-17
7568.15  7.03697e-17
7570.17  7.03809e-17
7572.2   7.04497e-17
7574.22  7.05706e-17
7576.24  7.07374e-17
7578.27  7.09434e-17
7580.29  7.11814e-17
7582.32  7.14439e-17
7584.34  7.17234e-17
7586.36  7.20126e-17
7588.39  7.23043e-17
7590.41  7.25918e-17
7592.44  7.28689e-17
7594.46  7.31302e-17
7596.49  7.33709e-17
7598.51  7.3587e-17
7600.53  7.37751e-17
7602.56  7.39331e-17
7604.58  7.40592e-17
7606.61  7.41528e-17
7608.63  7.42136e-17
7610.65  7.42422e-17
7612.68  7.42399e-17
7614.7   7.4208e-17
7616.73  7.41488e-17
7618.75  7.40645e-17
7620.77  7.39575e-17
7622.8   7.38307e-17
7624.82  7.36866e-17
7626.85  7.35279e-17
7628.87  7.33572e-17
7630.89  7.31769e-17
7632.92  7.29893e-17
7634.94  7.27964e-17
7636.97  7.25998e-17
7638.99  7.2401e-17
7641.01  7.22014e-17
7643.04  7.20016e-17
7645.06  7.18025e-17
7647.09  7.16043e-17
7649.11  7.14073e-17
7651.13  7.12115e-17
7653.16  7.10166e-17
7655.18  7.08223e-17
7657.21  7.06282e-17
7659.23  7.04338e-17
7661.26  7.02387e-17
7663.28  7.00422e-17
7665.3   6.98441e-17
7667.33  6.96439e-17
7669.35  6.94414e-17
7671.38  6.92364e-17
7673.4   6.90291e-17
7675.42  6.88196e-17
7677.45  6.86083e-17
7679.47  6.83958e-17
7681.5   6.81826e-17
7683.52  6.79697e-17
7685.54  6.7758e-17
7687.57  6.75487e-17
7689.59  6.73429e-17
7691.62  6.71419e-17
7693.64  6.6947e-17
7695.66  6.67595e-17
7697.69  6.65807e-17
7699.71  6.6412e-17
7701.74  6.62546e-17
7703.76  6.61096e-17
7705.78  6.59783e-17
7707.81  6.58617e-17
7709.83  6.57609e-17
7711.86  6.56769e-17
7713.88  6.56107e-17
7715.9   6.55632e-17
7717.93  6.55357e-17
7719.95  6.55291e-17
7721.98  6.55448e-17
7724     6.55839e-17
7726.03  6.56481e-17
7728.05  6.57389e-17
7730.07  6.5858e-17
7732.1   6.60075e-17
7734.12  6.61893e-17
7736.15  6.64056e-17
7738.17  6.66586e-17
7740.19  6.69506e-17
7742.22  6.72837e-17
7744.24  6.76599e-17
7746.27  6.80811e-17
7748.29  6.85487e-17
7750.31  6.90639e-17
7752.34  6.96273e-17
7754.36  7.0239e-17
7756.39  7.08984e-17
7758.41  7.16042e-17
7760.43  7.23543e-17
7762.46  7.3146e-17
7764.48  7.39757e-17
7766.51  7.4839e-17
7768.53  7.57307e-17
7770.55  7.6645e-17
7772.58  7.75755e-17
7774.6   7.85154e-17
7776.63  7.94574e-17
7778.65  8.0394e-17
7780.67  8.13177e-17
7782.7   8.2221e-17
7784.72  8.30968e-17
7786.75  8.39383e-17
7788.77  8.47394e-17
7790.8   8.54947e-17
7792.82  8.61997e-17
7794.84  8.68508e-17
7796.87  8.74457e-17
7798.89  8.79829e-17
7800.92  8.84623e-17
7802.94  8.88849e-17
7804.96  8.9253e-17
7806.99  8.95696e-17
7809.01  8.98391e-17
7811.04  9.00664e-17
7813.06  9.02574e-17
7815.08  9.04184e-17
7817.11  9.05561e-17
7819.13  9.06773e-17
7821.16  9.07889e-17
7823.18  9.08975e-17
7825.2   9.10096e-17
7827.23  9.11306e-17
7829.25  9.12658e-17
7831.28  9.14192e-17
7833.3   9.15939e-17
7835.32  9.17923e-17
7837.35  9.20152e-17
7839.37  9.22628e-17
7841.4   9.25339e-17
7843.42  9.28262e-17
7845.44  9.31368e-17
7847.47  9.34615e-17
7849.49  9.37956e-17
7851.52  9.41337e-17
7853.54  9.44698e-17
7855.56  9.47979e-17
7857.59  9.51116e-17
7859.61  9.54046e-17
7861.64  9.56706e-17
7863.66  9.59037e-17
7865.69  9.60986e-17
7867.71  9.62503e-17
7869.73  9.63544e-17
7871.76  9.64072e-17
7873.78  9.64057e-17
7875.81  9.63477e-17
7877.83  9.62317e-17
7879.85  9.60567e-17
7881.88  9.58224e-17
7883.9   9.55291e-17
7885.93  9.51777e-17
7887.95  9.47693e-17
7889.97  9.43053e-17
7892     9.37876e-17
7894.02  9.32178e-17
7896.05  9.25981e-17
7898.07  9.19302e-17
7900.09  9.12161e-17
7902.12  9.04576e-17
7904.14  8.96564e-17
7906.17  8.88139e-17
7908.19  8.79317e-17
7910.21  8.7011e-17
7912.24  8.60533e-17
7914.26  8.50598e-17
7916.29  8.40318e-17
7918.31  8.29708e-17
7920.34  8.18783e-17
7922.36  8.0756e-17
7924.38  7.9606e-17
7926.41  7.84306e-17
7928.43  7.72324e-17
7930.46  7.60143e-17
7932.48  7.47797e-17
7934.5   7.35321e-17
7936.53  7.22755e-17
7938.55  7.10141e-17
7940.58  6.97523e-17
7942.6   6.84946e-17
7944.62  6.72457e-17
7946.65  6.60103e-17
7948.67  6.47929e-17
7950.7   6.35979e-17
7952.72  6.24294e-17
7954.74  6.12912e-17
7956.77  6.01866e-17
7958.79  5.91185e-17
7960.82  5.80891e-17
7962.84  5.71003e-17
7964.86  5.6153e-17
7966.89  5.52477e-17
7968.91  5.43841e-17
7970.94  5.35615e-17
7972.96  5.27783e-17
7974.98  5.20327e-17
7977.01  5.13222e-17
7979.03  5.0644e-17
7981.06  4.99949e-17
7983.08  4.93716e-17
7985.1   4.87707e-17
7987.13  4.81888e-17
7989.15  4.76226e-17
7991.18  4.7069e-17
7993.2   4.65253e-17
7995.23  4.59892e-17
7997.25  4.54588e-17
7999.27  4.49328e-17
8001.3   4.44107e-17
8003.32  4.38923e-17
8005.35  4.33783e-17
8007.37  4.28699e-17
8009.39  4.23689e-17
8011.42  4.18776e-17
8013.44  4.13989e-17
8015.47  4.0936e-17
8017.49  4.04922e-17
8019.51  4.00712e-17
8021.54  3.96766e-17
8023.56  3.93118e-17
8025.59  3.89802e-17
8027.61  3.86845e-17
8029.63  3.84273e-17
8031.66  3.82102e-17
8033.68  3.80345e-17
8035.71  3.79005e-17
8037.73  3.7808e-17
8039.75  3.77556e-17
8041.78  3.77414e-17
8043.8   3.77627e-17
8045.83  3.78161e-17
8047.85  3.78974e-17
8049.87  3.80022e-17
8051.9   3.81254e-17
8053.92  3.82619e-17
8055.95  3.84063e-17
8057.97  3.85532e-17
8060     3.86976e-17
8062.02  3.88346e-17
8064.04  3.89599e-17
8066.07  3.90697e-17
8068.09  3.91608e-17
8070.12  3.92308e-17
8072.14  3.9278e-17
8074.16  3.93018e-17
8076.19  3.93019e-17
8078.21  3.92792e-17
8080.24  3.92351e-17
8082.26  3.91717e-17
8084.28  3.90915e-17
8086.31  3.89977e-17
8088.33  3.88935e-17
8090.36  3.87824e-17
8092.38  3.86681e-17
8094.4   3.85538e-17
8096.43  3.8443e-17
8098.45  3.83384e-17
8100.48  3.82425e-17
8102.5   3.81574e-17
8104.52  3.80844e-17
8106.55  3.80243e-17
8108.57  3.79773e-17
8110.6   3.79428e-17
8112.62  3.792e-17
8114.64  3.7907e-17
8116.67  3.79018e-17
8118.69  3.79018e-17
8120.72  3.79041e-17
8122.74  3.79056e-17
8124.77  3.79029e-17
8126.79  3.78926e-17
8128.81  3.78716e-17
8130.84  3.78364e-17
8132.86  3.77842e-17
8134.89  3.77124e-17
8136.91  3.76185e-17
8138.93  3.75007e-17
8140.96  3.73575e-17
8142.98  3.71878e-17
8145.01  3.69912e-17
8147.03  3.67674e-17
8149.05  3.65169e-17
8151.08  3.62404e-17
8153.1   3.59389e-17
8155.13  3.56138e-17
8157.15  3.52668e-17
8159.17  3.48995e-17
8161.2   3.4514e-17
8163.22  3.41122e-17
8165.25  3.3696e-17
8167.27  3.32675e-17
8169.29  3.28284e-17
8171.32  3.23805e-17
8173.34  3.19253e-17
8175.37  3.14642e-17
8177.39  3.09984e-17
8179.41  3.0529e-17
8181.44  3.00569e-17
8183.46  2.95827e-17
8185.49  2.91071e-17
8187.51  2.86307e-17
8189.54  2.81539e-17
8191.56  2.76773e-17
8193.58  2.72013e-17
8195.61  2.67264e-17
8197.63  2.62534e-17
8199.66  2.5783e-17
8201.68  2.53161e-17
8203.7   2.48537e-17
8205.73  2.43971e-17
8207.75  2.39474e-17
8209.78  2.35063e-17
8211.8   2.30752e-17
8213.82  2.26558e-17
8215.85  2.22498e-17
8217.87  2.1859e-17
8219.9   2.14851e-17
8221.92  2.11297e-17
8223.94  2.07946e-17
8225.97  2.04811e-17
8227.99  2.01908e-17
8230.02  1.99248e-17
8232.04  1.96842e-17
8234.06  1.94701e-17
8236.09  1.92831e-17
8238.11  1.91239e-17
8240.14  1.89931e-17
8242.16  1.8891e-17
8244.18  1.8818e-17
8246.21  1.87743e-17
8248.23  1.87601e-17
8250.26  1.87756e-17
8252.28  1.8821e-17
8254.31  1.88963e-17
8256.33  1.90017e-17
8258.35  1.91374e-17
8260.38  1.93033e-17
8262.4   1.94995e-17
8264.43  1.97257e-17
8266.45  1.99819e-17
8268.47  2.02675e-17
8270.5   2.05817e-17
8272.52  2.09238e-17
8274.55  2.12922e-17
8276.57  2.16855e-17
8278.59  2.21015e-17
8280.62  2.25378e-17
8282.64  2.29916e-17
8284.67  2.34597e-17
8286.69  2.39385e-17
8288.71  2.44241e-17
8290.74  2.49125e-17
8292.76  2.53992e-17
8294.79  2.58799e-17
8296.81  2.63502e-17
8298.83  2.68057e-17
8300.86  2.72426e-17
8302.88  2.76568e-17
8304.91  2.80452e-17
8306.93  2.84047e-17
8308.95  2.87332e-17
8310.98  2.90288e-17
8313     2.92907e-17
8315.03  2.95186e-17
8317.05  2.97128e-17
8319.08  2.98744e-17
8321.1   3.00052e-17
8323.12  3.01076e-17
8325.15  3.01844e-17
8327.17  3.02389e-17
8329.2   3.02749e-17
8331.22  3.02961e-17
8333.24  3.03067e-17
8335.27  3.03107e-17
8337.29  3.0312e-17
8339.32  3.03146e-17
8341.34  3.03218e-17
8343.36  3.03368e-17
8345.39  3.03625e-17
8347.41  3.04011e-17
8349.44  3.04543e-17
8351.46  3.05236e-17
8353.48  3.06097e-17
8355.51  3.07131e-17
8357.53  3.08336e-17
8359.56  3.0971e-17
8361.58  3.11244e-17
8363.6   3.12931e-17
8365.63  3.14761e-17
8367.65  3.16722e-17
8369.68  3.18805e-17
8371.7   3.21001e-17
8373.72  3.23302e-17
8375.75  3.25705e-17
8377.77  3.28206e-17
8379.8   3.30808e-17
8381.82  3.33514e-17
8383.85  3.36332e-17
8385.87  3.39272e-17
8387.89  3.42347e-17
8389.92  3.4557e-17
8391.94  3.48959e-17
8393.97  3.52527e-17
8395.99  3.5629e-17
8398.01  3.60262e-17
8400.04  3.64453e-17
8402.06  3.68871e-17
8404.09  3.7352e-17
8406.11  3.78398e-17
8408.13  3.835e-17
8410.16  3.88815e-17
8412.18  3.94326e-17
8414.21  4.00011e-17
8416.23  4.05844e-17
8418.25  4.11793e-17
8420.28  4.17826e-17
8422.3   4.23905e-17
8424.33  4.29992e-17
8426.35  4.36051e-17
8428.37  4.42045e-17
8430.4   4.47939e-17
8432.42  4.53704e-17
8434.45  4.59316e-17
8436.47  4.64754e-17
8438.49  4.70008e-17
8440.52  4.75072e-17
8442.54  4.7995e-17
8444.57  4.84654e-17
8446.59  4.89205e-17
8448.62  4.93628e-17
8450.64  4.97959e-17
8452.66  5.02239e-17
8454.69  5.06512e-17
8456.71  5.1083e-17
8458.74  5.15242e-17
8460.76  5.19802e-17
8462.78  5.2456e-17
8464.81  5.29565e-17
8466.83  5.34863e-17
8468.86  5.4049e-17
8470.88  5.4648e-17
8472.9   5.52856e-17
8474.93  5.59631e-17
8476.95  5.66811e-17
8478.98  5.74388e-17
8481     5.82345e-17
8483.02  5.90656e-17
8485.05  5.99281e-17
8487.07  6.08174e-17
8489.1   6.17278e-17
8491.12  6.26529e-17
8493.14  6.35856e-17
8495.17  6.45185e-17
8497.19  6.54435e-17
8499.22  6.63526e-17
8501.24  6.72379e-17
8503.26  6.80914e-17
8505.29  6.89056e-17
8507.31  6.96736e-17
8509.34  7.0389e-17
8511.36  7.10465e-17
8513.39  7.16414e-17
8515.41  7.21703e-17
8517.43  7.26308e-17
8519.46  7.30218e-17
8521.48  7.33434e-17
8523.51  7.35967e-17
8525.53  7.37843e-17
8527.55  7.39096e-17
8529.58  7.39772e-17
8531.6   7.39927e-17
8533.63  7.39621e-17
8535.65  7.38925e-17
8537.67  7.3791e-17
8539.7   7.36652e-17
8541.72  7.35227e-17
8543.75  7.33708e-17
8545.77  7.32167e-17
8547.79  7.30669e-17
8549.82  7.29273e-17
8551.84  7.28028e-17
8553.87  7.26976e-17
8555.89  7.26146e-17
8557.91  7.25557e-17
8559.94  7.25215e-17
8561.96  7.25118e-17
8563.99  7.2525e-17
8566.01  7.25587e-17
8568.03  7.26096e-17
8570.06  7.26734e-17
8572.08  7.27457e-17
8574.11  7.28215e-17
8576.13  7.28956e-17
8578.16  7.29629e-17
8580.18  7.30187e-17
8582.2   7.30586e-17
8584.23  7.30789e-17
8586.25  7.30768e-17
8588.28  7.30503e-17
8590.3   7.29984e-17
8592.32  7.29215e-17
8594.35  7.28207e-17
8596.37  7.26985e-17
8598.4   7.25583e-17
8600.42  7.24043e-17
8602.44  7.22417e-17
8604.47  7.20761e-17
8606.49  7.19135e-17
8608.52  7.17603e-17
8610.54  7.16227e-17
8612.56  7.15066e-17
8614.59  7.14175e-17
8616.61  7.13601e-17
8618.64  7.13386e-17
8620.66  7.13557e-17
8622.68  7.14132e-17
8624.71  7.15118e-17
8626.73  7.16507e-17
8628.76  7.18281e-17
8630.78  7.20407e-17
8632.8   7.22844e-17
8634.83  7.25538e-17
8636.85  7.28428e-17
8638.88  7.31446e-17
8640.9   7.34521e-17
8642.92  7.37576e-17
8644.95  7.40536e-17
8646.97  7.43329e-17
8649     7.45883e-17
8651.02  7.48136e-17
8653.05  7.50031e-17
8655.07  7.51521e-17
8657.09  7.5257e-17
8659.12  7.53149e-17
8661.14  7.53246e-17
8663.17  7.52856e-17
8665.19  7.51986e-17
8667.21  7.50655e-17
8669.24  7.48889e-17
8671.26  7.46724e-17
8673.29  7.44202e-17
8675.31  7.41369e-17
8677.33  7.38277e-17
8679.36  7.34977e-17
8681.38  7.31522e-17
8683.41  7.27962e-17
8685.43  7.24345e-17
8687.45  7.20715e-17
8689.48  7.17109e-17
8691.5   7.13559e-17
8693.53  7.10092e-17
8695.55  7.06725e-17
8697.57  7.03472e-17
8699.6   7.00337e-17
8701.62  6.97321e-17
8703.65  6.94418e-17
8705.67  6.9162e-17
8707.69  6.88914e-17
8709.72  6.86286e-17
8711.74  6.83723e-17
8713.77  6.81209e-17
8715.79  6.78732e-17
8717.82  6.76281e-17
8719.84  6.73851e-17
8721.86  6.71439e-17
8723.89  6.69045e-17
8725.91  6.66678e-17
8727.94  6.64347e-17
8729.96  6.62069e-17
8731.98  6.59864e-17
8734.01  6.57754e-17
8736.03  6.55767e-17
8738.06  6.5393e-17
8740.08  6.52273e-17
8742.1   6.50823e-17
8744.13  6.49608e-17
8746.15  6.48652e-17
8748.18  6.47975e-17
8750.2   6.47593e-17
8752.22  6.47517e-17
8754.25  6.47748e-17
8756.27  6.48284e-17
8758.3   6.49112e-17
8760.32  6.50213e-17
8762.34  6.5156e-17
8764.37  6.53118e-17
8766.39  6.54847e-17
8768.42  6.56701e-17
8770.44  6.58627e-17
8772.46  6.60571e-17
8774.49  6.62477e-17
8776.51  6.64289e-17
8778.54  6.65951e-17
8780.56  6.67414e-17
8782.59  6.68632e-17
8784.61  6.69566e-17
8786.63  6.70189e-17
8788.66  6.70479e-17
8790.68  6.70431e-17
8792.71  6.70048e-17
8794.73  6.69349e-17
8796.75  6.68364e-17
8798.78  6.67136e-17
8800.8   6.6572e-17
8802.83  6.64181e-17
8804.85  6.62593e-17
8806.87  6.61038e-17
8808.9   6.59602e-17
8810.92  6.58373e-17
8812.95  6.57438e-17
8814.97  6.56882e-17
8816.99  6.5678e-17
8819.02  6.57203e-17
8821.04  6.58204e-17
8823.07  6.59827e-17
8825.09  6.62097e-17
8827.11  6.6502e-17
8829.14  6.68585e-17
8831.16  6.72761e-17
8833.19  6.77497e-17
8835.21  6.82721e-17
8837.23  6.88347e-17
8839.26  6.94268e-17
8841.28  7.00369e-17
8843.31  7.06517e-17
8845.33  7.12576e-17
8847.36  7.18404e-17
8849.38  7.23856e-17
8851.4   7.28792e-17
8853.43  7.33075e-17
8855.45  7.36581e-17
8857.48  7.39198e-17
8859.5   7.4083e-17
8861.52  7.41399e-17
8863.55  7.40848e-17
8865.57  7.39144e-17
8867.6   7.36277e-17
8869.62  7.32261e-17
8871.64  7.27134e-17
8873.67  7.20956e-17
8875.69  7.13812e-17
8877.72  7.05804e-17
8879.74  6.97054e-17
8881.76  6.87698e-17
8883.79  6.77883e-17
8885.81  6.67765e-17
8887.84  6.57506e-17
8889.86  6.47268e-17
8891.88  6.37209e-17
8893.91  6.27482e-17
8895.93  6.1823e-17
8897.96  6.09583e-17
8899.98  6.01655e-17
8902     5.94541e-17
8904.03  5.88317e-17
8906.05  5.83036e-17
8908.08  5.78728e-17
8910.1   5.754e-17
8912.13  5.73038e-17
8914.15  5.71603e-17
8916.17  5.71037e-17
8918.2   5.71263e-17
8920.22  5.72187e-17
8922.25  5.73703e-17
8924.27  5.75693e-17
8926.29  5.78031e-17
8928.32  5.80589e-17
8930.34  5.83239e-17
8932.37  5.85855e-17
8934.39  5.88318e-17
8936.41  5.9052e-17
8938.44  5.92364e-17
8940.46  5.93769e-17
8942.49  5.94673e-17
8944.51  5.95028e-17
8946.53  5.94811e-17
8948.56  5.94014e-17
8950.58  5.92651e-17
8952.61  5.90753e-17
8954.63  5.88371e-17
8956.65  5.85568e-17
8958.68  5.82423e-17
8960.7   5.79024e-17
8962.73  5.75466e-17
8964.75  5.71851e-17
8966.77  5.68281e-17
8968.8   5.64856e-17
8970.82  5.61672e-17
8972.85  5.58818e-17
8974.87  5.56372e-17
8976.9   5.54403e-17
8978.92  5.52962e-17
8980.94  5.52089e-17
8982.97  5.51806e-17
8984.99  5.52119e-17
8987.02  5.53018e-17
8989.04  5.54479e-17
8991.06  5.5646e-17
8993.09  5.58911e-17
8995.11  5.61765e-17
8997.14  5.64948e-17
8999.16  5.6838e-17
9001.18  5.71973e-17
9003.21  5.75637e-17
9005.23  5.79281e-17
9007.26  5.82817e-17
9009.28  5.8616e-17
9011.3   5.8923e-17
9013.33  5.91956e-17
9015.35  5.94276e-17
9017.38  5.96136e-17
9019.4   5.97498e-17
9021.42  5.98333e-17
9023.45  5.98625e-17
9025.47  5.98374e-17
9027.5   5.97589e-17
9029.52  5.96293e-17
9031.54  5.94522e-17
9033.57  5.92322e-17
9035.59  5.89747e-17
9037.62  5.86861e-17
9039.64  5.83736e-17
9041.67  5.80446e-17
9043.69  5.77072e-17
9045.71  5.73693e-17
9047.74  5.7039e-17
9049.76  5.67242e-17
9051.79  5.64321e-17
9053.81  5.61697e-17
9055.83  5.5943e-17
9057.86  5.57573e-17
9059.88  5.56169e-17
9061.91  5.55248e-17
9063.93  5.54831e-17
9065.95  5.54927e-17
9067.98  5.55531e-17
9070     5.56628e-17
9072.03  5.5819e-17
9074.05  5.60181e-17
9076.07  5.62553e-17
9078.1   5.65253e-17
9080.12  5.68218e-17
9082.15  5.71385e-17
9084.17  5.74684e-17
9086.19  5.78047e-17
9088.22  5.81407e-17
9090.24  5.84699e-17
9092.27  5.87865e-17
9094.29  5.90854e-17
9096.31  5.93622e-17
9098.34  5.96137e-17
9100.36  5.98377e-17
9102.39  6.00332e-17
9104.41  6.02002e-17
9106.43  6.03402e-17
9108.46  6.04557e-17
9110.48  6.05502e-17
9112.51  6.06283e-17
9114.53  6.06953e-17
9116.56  6.07573e-17
9118.58  6.08208e-17
9120.6   6.08924e-17
9122.63  6.0979e-17
9124.65  6.10872e-17
9126.68  6.12232e-17
9128.7   6.13928e-17
9130.72  6.1601e-17
9132.75  6.18517e-17
9134.77  6.21481e-17
9136.8   6.24922e-17
9138.82  6.28846e-17
9140.84  6.3325e-17
9142.87  6.38119e-17
9144.89  6.43426e-17
9146.92  6.49133e-17
9148.94  6.55196e-17
9150.96  6.61561e-17
9152.99  6.68168e-17
9155.01  6.74954e-17
9157.04  6.81854e-17
9159.06  6.88803e-17
9161.08  6.95736e-17
9163.11  7.02594e-17
9165.13  7.09324e-17
9167.16  7.15879e-17
9169.18  7.22221e-17
9171.2   7.28321e-17
9173.23  7.34163e-17
9175.25  7.3974e-17
9177.28  7.45056e-17
9179.3   7.50128e-17
9181.33  7.5498e-17
9183.35  7.59649e-17
9185.37  7.64178e-17
9187.4   7.68618e-17
9189.42  7.73024e-17
9191.45  7.77455e-17
9193.47  7.81972e-17
9195.49  7.86632e-17
9197.52  7.91491e-17
9199.54  7.96601e-17
9201.57  8.02004e-17
9203.59  8.07735e-17
9205.61  8.13817e-17
9207.64  8.20264e-17
9209.66  8.27072e-17
9211.69  8.34229e-17
9213.71  8.41707e-17
9215.73  8.49464e-17
9217.76  8.57447e-17
9219.78  8.65588e-17
9221.81  8.73814e-17
9223.83  8.82038e-17
9225.85  8.9017e-17
9227.88  8.98114e-17
9229.9   9.05775e-17
9231.93  9.13056e-17
9233.95  9.19865e-17
9235.98  9.26116e-17
9238     9.31733e-17
9240.02  9.36649e-17
9242.05  9.4081e-17
9244.07  9.44179e-17
9246.1   9.46732e-17
9248.12  9.48462e-17
9250.14  9.49379e-17
9252.17  9.49507e-17
9254.19  9.4889e-17
9256.22  9.47581e-17
9258.24  9.45649e-17
9260.26  9.43172e-17
9262.29  9.40238e-17
9264.31  9.36938e-17
9266.34  9.3337e-17
9268.36  9.29627e-17
9270.38  9.25806e-17
9272.41  9.21995e-17
9274.43  9.18276e-17
9276.46  9.14723e-17
9278.48  9.11401e-17
9280.5   9.0836e-17
9282.53  9.0564e-17
9284.55  9.03269e-17
9286.58  9.01263e-17
9288.6   8.99623e-17
9290.62  8.98342e-17
9292.65  8.97403e-17
9294.67  8.96782e-17
9296.7   8.96445e-17
9298.72  8.96358e-17
9300.74  8.9648e-17
9302.77  8.96771e-17
9304.79  8.97192e-17
9306.82  8.97705e-17
9308.84  8.98274e-17
9310.87  8.98868e-17
9312.89  8.99461e-17
9314.91  9.00032e-17
9316.94  9.00564e-17
9318.96  9.01046e-17
9320.99  9.0147e-17
9323.01  9.01834e-17
9325.03  9.02138e-17
9327.06  9.02385e-17
9329.08  9.02581e-17
9331.11  9.02732e-17
9333.13  9.02844e-17
9335.15  9.02925e-17
9337.18  9.02982e-17
9339.2   9.03019e-17
9341.23  9.03044e-17
9343.25  9.03058e-17
9345.27  9.03067e-17
9347.3   9.03072e-17
9349.32  9.03074e-17
9351.35  9.03075e-17
9353.37  9.03075e-17
9355.39  9.03075e-17
9357.42  9.03076e-17
9359.44  9.03076e-17
9361.47  9.03076e-17
9363.49  9.03076e-17
9365.51  9.03076e-17