4052.5   2.46841e-16
4055.69  2.59498e-16
4058.88  2.96055e-16
4062.06  3.56898e-16
4065.25  4.39287e-16
4068.44  5.37439e-16
4071.63  6.43039e-16
4074.82  7.46164e-16
4078.01  8.36477e-16
4081.2   9.04543e-16
4084.39  9.43073e-16
4087.58  9.47921e-16
4090.77  9.18682e-16
4093.96  8.58797e-16
4097.15  7.75147e-16
4100.33  6.77179e-16
4103.52  5.75689e-16
4106.71  4.81418e-16
4109.9   4.03669e-16
4113.09  3.49129e-16
4116.28  3.21064e-16
4119.47  3.18991e-16
4122.66  3.38878e-16
4125.85  3.73827e-16
4129.04  4.15137e-16
4132.23  4.5359e-16
4135.41  4.80764e-16
4138.6   4.90196e-16
4141.79  4.78218e-16
4144.98  4.44351e-16
4148.17  3.91237e-16
4151.36  3.24113e-16
4154.55  2.49939e-16
4157.74  1.76324e-16
4160.93  1.10433e-16
4164.12  5.80342e-17
4167.31  2.28197e-17
4170.5   6.09955e-18
4173.68  6.86773e-18
4176.87  2.22019e-17
4180.06  4.78983e-17
4183.25  7.92156e-17
4186.44  1.11598e-16
4189.63  1.41272e-16
4192.82  1.65637e-16
4196.01  1.83434e-16
4199.2   1.94693e-16
4202.39  2.00523e-16
4205.58  2.0278e-16
4208.77  2.03706e-16
4211.95  2.05563e-16
4215.14  2.10314e-16
4218.33  2.19365e-16
4221.52  2.33375e-16
4224.71  2.52133e-16
4227.9   2.74513e-16
4231.09  2.9852e-16
4234.28  3.21431e-16
4237.47  3.40059e-16
4240.66  3.51113e-16
4243.85  3.51663e-16
4247.04  3.39634e-16
4250.22  3.14269e-16
4253.41  2.76469e-16
4256.6   2.28933e-16
4259.79  1.76015e-16
4262.98  1.23316e-16
4266.17  7.70051e-17
4269.36  4.29809e-17
4272.55  2.59956e-17
4275.74  2.88865e-17
4278.93  5.20596e-17
4282.12  9.33312e-17
4285.31  1.48175e-16
4288.49  2.10354e-16
4291.68  2.72846e-16
4294.87  3.28918e-16
4298.06  3.73164e-16
4301.25  4.02342e-16
4304.44  4.15849e-16
4307.63  4.15759e-16
4310.82  4.06417e-16
4314.01  3.93646e-16
4317.2   3.83716e-16
4320.39  3.82249e-16
4323.58  3.93256e-16
4326.76  4.18459e-16
4329.95  4.57018e-16
4333.14  5.05698e-16
4336.33  5.59414e-16
4339.52  6.12055e-16
4342.71  6.57429e-16
4345.9   6.90144e-16
4349.09  7.06303e-16
4352.28  7.03901e-16
4355.47  6.82898e-16
4358.66  6.45e-16
4361.84  5.93221e-16
4365.03  5.3134e-16
4368.22  4.63365e-16
4371.41  3.93079e-16
4374.6   3.23756e-16
4377.79  2.58032e-16
4380.98  1.97939e-16
4384.17  1.45047e-16
4387.36  1.00647e-16
4390.55  6.59273e-17
4393.74  4.20833e-17
4396.93  3.03301e-17
4400.11  3.18175e-17
4403.3   4.74605e-17
4406.49  7.77203e-17
4409.68  1.22384e-16
4412.87  1.8039e-16
4416.06  2.49732e-16
4419.25  3.27472e-16
4422.44  4.09865e-16
4425.63  4.92573e-16
4428.82  5.70953e-16
4432.01  6.40379e-16
4435.2   6.96567e-16
4438.38  7.35885e-16
4441.57  7.55629e-16
4444.76  7.54264e-16
4447.95  7.31619e-16
4451.14  6.89035e-16
4454.33  6.29431e-16
4457.52  5.57261e-16
4460.71  4.78319e-16
4463.9   3.9936e-16
4467.09  3.27541e-16
4470.28  2.69696e-16
4473.47  2.31541e-16
4476.65  2.16921e-16
4479.84  2.27212e-16
4483.03  2.61043e-16
4486.22  3.14381e-16
4489.41  3.81035e-16
4492.6   4.53507e-16
4495.79  5.2407e-16
4498.98  5.85892e-16
4502.17  6.34012e-16
4505.36  6.65994e-16
4508.55  6.82154e-16
4511.74  6.85305e-16
4514.92  6.80107e-16
4518.11  6.72126e-16
4521.3   6.66805e-16
4524.49  6.68541e-16
4527.68  6.80029e-16
4530.87  7.01981e-16
4534.06  7.33259e-16
4537.25  7.71344e-16
4540.44  8.1302e-16
4543.63  8.55108e-16
4546.82  8.9508e-16
4550     9.31421e-16
4553.19  9.63689e-16
4556.38  9.92271e-16
4559.57  1.01794e-15
4562.76  1.04135e-15
4565.95  1.06259e-15
4569.14  1.08092e-15
4572.33  1.09484e-15
4575.52  1.10231e-15
4578.71  1.10124e-15
4581.9   1.09005e-15
4585.09  1.06813e-15
4588.27  1.03619e-15
4591.46  9.96354e-16
4594.65  9.52032e-16
4597.84  9.07565e-16
4601.03  8.67745e-16
4604.22  8.37271e-16
4607.41  8.20227e-16
4610.6   8.19628e-16
4613.79  8.37064e-16
4616.98  8.72453e-16
4620.17  9.23919e-16
4623.36  9.87802e-16
4626.54  1.05883e-15
4629.73  1.13047e-15
4632.92  1.19546e-15
4636.11  1.24651e-15
4639.3   1.27711e-15
4642.49  1.28237e-15
4645.68  1.25973e-15
4648.87  1.20939e-15
4652.06  1.13444e-15
4655.25  1.04057e-15
4658.44  9.35368e-16
4661.63  8.27347e-16
4664.81  7.24779e-16
4668     6.34596e-16
4671.19  5.61481e-16
4674.38  5.07336e-16
4677.57  4.71192e-16
4680.76  4.49579e-16
4683.95  4.37291e-16
4687.14  4.28387e-16
4690.33  4.17281e-16
4693.52  3.99708e-16
4696.71  3.73436e-16
4699.9   3.38597e-16
4703.08  2.97618e-16
4706.27  2.54781e-16
4709.46  2.15499e-16
4712.65  1.85443e-16
4715.84  1.69663e-16
4719.03  1.71823e-16
4722.22  1.93652e-16
4725.41  2.34659e-16
4728.6   2.92139e-16
4731.79  3.61441e-16
4734.98  4.36463e-16
4738.16  5.10309e-16
4741.35  5.76064e-16
4744.54  6.27599e-16
4747.73  6.60343e-16
4750.92  6.71924e-16
4754.11  6.62605e-16
4757.3   6.35424e-16
4760.49  5.95961e-16
4763.68  5.51738e-16
4766.87  5.11259e-16
4770.06  4.82806e-16
4773.25  4.73156e-16
4776.43  4.86409e-16
4779.62  5.23158e-16
4782.81  5.80166e-16
4786     6.50661e-16
4789.19  7.25244e-16
4792.38  7.93307e-16
4795.57  8.44733e-16
4798.76  8.71603e-16
4801.95  8.6961e-16
4805.14  8.38903e-16
4808.33  7.84207e-16
4811.52  7.14154e-16
4814.7   6.39922e-16
4817.89  5.73414e-16
4821.08  5.25278e-16
4824.27  5.03128e-16
4827.46  5.10274e-16
4830.65  5.45195e-16
4833.84  6.01847e-16
4837.03  6.70731e-16
4840.22  7.4053e-16
4843.41  7.99995e-16
4846.6   8.39743e-16
4849.79  8.53644e-16
4852.97  8.39566e-16
4856.16  7.99391e-16
4859.35  7.38351e-16
4862.54  6.63852e-16
4865.73  5.84073e-16
4868.92  5.06605e-16
4872.11  4.37408e-16
4875.3   3.80237e-16
4878.49  3.36611e-16
4881.68  3.06252e-16
4884.87  2.87841e-16
4888.06  2.79889e-16
4891.24  2.8149e-16
4894.43  2.92802e-16
4897.62  3.1513e-16
4900.81  3.50614e-16
4904     4.01604e-16
4907.19  4.69848e-16
4910.38  5.557e-16
4913.57  6.57526e-16
4916.76  7.7145e-16
4919.95  8.91525e-16
4923.14  1.01032e-15
4926.33  1.11985e-15
4929.51  1.21263e-15
4932.7   1.2828e-15
4935.89  1.32693e-15
4939.08  1.34454e-15
4942.27  1.33809e-15
4945.46  1.31261e-15
4948.65  1.2748e-15
4951.84  1.23207e-15
4955.03  1.19133e-15
4958.22  1.15802e-15
4961.41  1.1354e-15
4964.59  1.12419e-15
4967.78  1.1227e-15
4970.97  1.12727e-15
4974.16  1.13313e-15
4977.35  1.13534e-15
4980.54  1.12975e-15
4983.73  1.1138e-15
4986.92  1.08698e-15
4990.11  1.05088e-15
4993.3   1.00889e-15
4996.49  9.65467e-16
4999.68  9.25245e-16
5002.86  8.92058e-16
5006.05  8.68132e-16
5009.24  8.5356e-16
5012.43  8.46199e-16
5015.62  8.42008e-16
5018.81  8.35762e-16
5022     8.22038e-16
5025.19  7.96275e-16
5028.38  7.55717e-16
5031.57  7.0006e-16
5034.76  6.31683e-16
5037.95  5.55404e-16
5041.13  4.7779e-16
5044.32  4.06143e-16
5047.51  3.47323e-16
5050.7   3.06618e-16
5053.89  2.86846e-16
5057.08  2.87864e-16
5060.27  3.0657e-16
5063.46  3.37404e-16
5066.65  3.73286e-16
5069.84  4.0682e-16
5073.03  4.31576e-16
5076.22  4.43216e-16
5079.4   4.40273e-16
5082.59  4.24423e-16
5085.78  4.00213e-16
5088.97  3.74262e-16
5092.16  3.54092e-16
5095.35  3.46758e-16
5098.54  3.57551e-16
5101.73  3.88966e-16
5104.92  4.40136e-16
5108.11  5.0683e-16
5111.3   5.81997e-16
5114.49  6.56799e-16
5117.67  7.21938e-16
5120.86  7.69075e-16
5124.05  7.92108e-16
5127.24  7.88123e-16
5130.43  7.57848e-16
5133.62  7.05571e-16
5136.81  6.38507e-16
5140     5.65745e-16
5143.19  4.96911e-16
5146.38  4.40768e-16
5149.57  4.03958e-16
5152.75  3.90089e-16
5155.94  3.99293e-16
5159.13  4.28335e-16
5162.32  4.71241e-16
5165.51  5.20356e-16
5168.7   5.67648e-16
5171.89  6.06059e-16
5175.08  6.3067e-16
5178.27  6.39497e-16
5181.46  6.33788e-16
5184.65  6.17773e-16
5187.84  5.97907e-16
5191.02  5.81745e-16
5194.21  5.76631e-16
5197.4   5.88424e-16
5200.59  6.2047e-16
5203.78  6.72998e-16
5206.97  7.43014e-16
5210.16  8.24726e-16
5213.35  9.10395e-16
5216.54  9.9149e-16
5219.73  1.05994e-15
5222.92  1.10928e-15
5226.11  1.13555e-15
5229.29  1.13778e-15
5232.48  1.11802e-15
5235.67  1.081e-15
5238.86  1.03341e-15
5242.05  9.82942e-16
5245.24  9.37333e-16
5248.43  9.03418e-16
5251.62  8.86381e-16
5254.81  8.89255e-16
5258     9.12696e-16
5261.19  9.55032e-16
5264.38  1.01254e-15
5267.56  1.07992e-15
5270.75  1.15088e-15
5273.94  1.21878e-15
5277.13  1.27731e-15
5280.32  1.32112e-15
5283.51  1.34632e-15
5286.7   1.35098e-15
5289.89  1.33526e-15
5293.08  1.30156e-15
5296.27  1.25427e-15
5299.46  1.19943e-15
5302.65  1.14408e-15
5305.83  1.09553e-15
5309.02  1.06051e-15
5312.21  1.04437e-15
5315.4   1.05029e-15
5318.59  1.0788e-15
5321.78  1.12755e-15
5324.97  1.19142e-15
5328.16  1.26301e-15
5331.35  1.33348e-15
5334.54  1.39363e-15
5337.73  1.43507e-15
5340.91  1.45145e-15
5344.1   1.43931e-15
5347.29  1.39874e-15
5350.48  1.33341e-15
5353.67  1.25015e-15
5356.86  1.15804e-15
5360.05  1.06715e-15
5363.24  9.8712e-16
5366.43  9.25803e-16
5369.62  8.88252e-16
5372.81  8.76141e-16
5376     8.87755e-16
5379.18  9.1854e-16
5382.37  9.62077e-16
5385.56  1.01132e-15
5388.75  1.05986e-15
5391.94  1.10297e-15
5395.13  1.13829e-15
5398.32  1.16605e-15
5401.51  1.18877e-15
5404.7   1.21056e-15
5407.89  1.23621e-15
5411.08  1.27011e-15
5414.27  1.3154e-15
5417.45  1.37337e-15
5420.64  1.44316e-15
5423.83  1.52195e-15
5427.02  1.6055e-15
5430.21  1.68885e-15
5433.4   1.7672e-15
5436.59  1.83666e-15
5439.78  1.8949e-15
5442.97  1.94138e-15
5446.16  1.97737e-15
5449.35  2.00562e-15
5452.54  2.0298e-15
5455.72  2.05384e-15
5458.91  2.08121e-15
5462.1   2.11438e-15
5465.29  2.15445e-15
5468.48  2.20098e-15
5471.67  2.25216e-15
5474.86  2.30516e-15
5478.05  2.3566e-15
5481.24  2.40318e-15
5484.43  2.44218e-15
5487.62  2.47195e-15
5490.81  2.49214e-15
5493.99  2.50371e-15
5497.18  2.5088e-15
5500.37  2.51029e-15
5503.56  2.51128e-15
5506.75  2.51454e-15
5509.94  2.52202e-15
5513.13  2.53436e-15
5516.32  2.55081e-15
5519.51  2.56919e-15
5522.7   2.58622e-15
5525.89  2.59796e-15
5529.08  2.60041e-15
5532.26  2.59016e-15
5535.45  2.5649e-15
5538.64  2.52384e-15
5541.83  2.46793e-15
5545.02  2.39981e-15
5548.21  2.32352e-15
5551.4   2.24411e-15
5554.59  2.16696e-15
5557.78  2.09723e-15
5560.97  2.03917e-15
5564.16  1.9956e-15
5567.34  1.96761e-15
5570.53  1.95437e-15
5573.72  1.9533e-15
5576.91  1.96037e-15
5580.1   1.97072e-15
5583.29  1.9793e-15
5586.48  1.98162e-15
5589.67  1.97431e-15
5592.86  1.95562e-15
5596.05  1.92558e-15
5599.24  1.88593e-15
5602.43  1.83972e-15
5605.61  1.79077e-15
5608.8   1.74299e-15
5611.99  1.69971e-15
5615.18  1.66306e-15
5618.37  1.63365e-15
5621.56  1.6104e-15
5624.75  1.59069e-15
5627.94  1.57076e-15
5631.13  1.54631e-15
5634.32  1.51322e-15
5637.51  1.4682e-15
5640.7   1.40944e-15
5643.88  1.337e-15
5647.07  1.25291e-15
5650.26  1.16096e-15
5653.45  1.06626e-15
5656.64  9.74511e-16
5659.83  8.91194e-16
5663.02  8.20773e-16
5666.21  7.66058e-16
5669.4   7.27839e-16
5672.59  7.04847e-16
5675.78  6.94071e-16
5678.97  6.91356e-16
5682.15  6.9219e-16
5685.34  6.92533e-16
5688.53  6.8953e-16
5691.72  6.82006e-16
5694.91  6.70623e-16
5698.1   6.57705e-16
5701.29  6.46761e-16
5704.48  6.41784e-16
5707.67  6.46471e-16
5710.86  6.63499e-16
5714.05  6.93971e-16
5717.24  7.37127e-16
5720.42  7.90369e-16
5723.61  8.49578e-16
5726.8   9.09663e-16
5729.99  9.65255e-16
5733.18  1.01143e-15
5736.37  1.04434e-15
5739.56  1.06168e-15
5742.75  1.06294e-15
5745.94  1.04931e-15
5749.13  1.02349e-15
5752.32  9.89229e-16
5755.5   9.50793e-16
5758.69  9.12437e-16
5761.88  8.77941e-16
5765.07  8.50269e-16
5768.26  8.31385e-16
5771.45  8.22223e-16
5774.64  8.22775e-16
5777.83  8.32273e-16
5781.02  8.49398e-16
5784.21  8.72503e-16
5787.4   8.99795e-16
5790.59  9.29489e-16
5793.77  9.59924e-16
5796.96  9.89655e-16
5800.15  1.01753e-15
5803.34  1.04277e-15
5806.53  1.065e-15
5809.72  1.08428e-15
5812.91  1.10104e-15
5816.1   1.11596e-15
5819.29  1.12982e-15
5822.48  1.14319e-15
5825.67  1.15626e-15
5828.86  1.16861e-15
5832.04  1.17919e-15
5835.23  1.18645e-15
5838.42  1.18855e-15
5841.61  1.18387e-15
5844.8   1.17139e-15
5847.99  1.15114e-15
5851.18  1.12442e-15
5854.37  1.09379e-15
5857.56  1.06279e-15
5860.75  1.03539e-15
5863.94  1.01534e-15
5867.13  1.0054e-15
5870.31  1.00687e-15
5873.5   1.01925e-15
5876.69  1.04031e-15
5879.88  1.06647e-15
5883.07  1.09353e-15
5886.26  1.11742e-15
5889.45  1.13503e-15
5892.64  1.14477e-15
5895.83  1.14685e-15
5899.02  1.14315e-15
5902.21  1.13675e-15
5905.4   1.13123e-15
5908.58  1.12982e-15
5911.77  1.13463e-15
5914.96  1.14617e-15
5918.15  1.16314e-15
5921.34  1.18269e-15
5924.53  1.20094e-15
5927.72  1.21377e-15
5930.91  1.21771e-15
5934.1   1.21064e-15
5937.29  1.19238e-15
5940.48  1.16473e-15
5943.66  1.13135e-15
5946.85  1.09708e-15
5950.04  1.06716e-15
5953.23  1.04633e-15
5956.42  1.03804e-15
5959.61  1.04382e-15
5962.8   1.06307e-15
5965.99  1.09318e-15
5969.18  1.12998e-15
5972.37  1.16851e-15
5975.56  1.20377e-15
5978.75  1.23154e-15
5981.93  1.24899e-15
5985.12  1.25499e-15
5988.31  1.25014e-15
5991.5   1.23645e-15
5994.69  1.21688e-15
5997.88  1.1947e-15
6001.07  1.1729e-15
6004.26  1.15371e-15
6007.45  1.13835e-15
6010.64  1.12695e-15
6013.83  1.11882e-15
6017.02  1.11277e-15
6020.2   1.1075e-15
6023.39  1.10206e-15
6026.58  1.09608e-15
6029.77  1.08988e-15
6032.96  1.08433e-15
6036.15  1.08059e-15
6039.34  1.07975e-15
6042.53  1.0824e-15
6045.72  1.08836e-15
6048.91  1.09653e-15
6052.1   1.10502e-15
6055.29  1.11137e-15
6058.47  1.11308e-15
6061.66  1.10808e-15
6064.85  1.09525e-15
6068.04  1.07472e-15
6071.23  1.04801e-15
6074.42  1.0178e-15
6077.61  9.8757e-16
6080.8   9.61e-16
6083.99  9.41313e-16
6087.18  9.30711e-16
6090.37  9.29979e-16
6093.56  9.38362e-16
6096.74  9.53719e-16
6099.93  9.72948e-16
6103.12  9.92563e-16
6106.31  1.00933e-15
6109.5   1.02083e-15
6112.69  1.02578e-15
6115.88  1.02421e-15
6119.07  1.01721e-15
6122.26  1.00665e-15
6125.45  9.94571e-16
6128.64  9.82761e-16
6131.82  9.72311e-16
6135.01  9.63439e-16
6138.2   9.5554e-16
6141.39  9.47454e-16
6144.58  9.37895e-16
6147.77  9.25918e-16
6150.96  9.11306e-16
6154.15  8.94781e-16
6157.34  8.77969e-16
6160.53  8.63124e-16
6163.72  8.52667e-16
6166.91  8.48638e-16
6170.09  8.52183e-16
6173.28  8.63207e-16
6176.47  8.8026e-16
6179.66  9.00695e-16
6182.85  9.21075e-16
6186.04  9.37736e-16
6189.23  9.47409e-16
6192.42  9.47774e-16
6195.61  9.37831e-16
6198.8   9.18047e-16
6201.99  8.90238e-16
6205.18  8.57238e-16
6208.36  8.22415e-16
6211.55  7.89149e-16
6214.74  7.60342e-16
6217.93  7.38065e-16
6221.12  7.23385e-16
6224.31  7.16365e-16
6227.5   7.16247e-16
6230.69  7.21737e-16
6233.88  7.31341e-16
6237.07  7.43677e-16
6240.26  7.57713e-16
6243.45  7.72889e-16
6246.63  7.89107e-16
6249.82  8.06612e-16
6253.01  8.25794e-16
6256.2   8.46949e-16
6259.39  8.70068e-16
6262.58  8.94683e-16
6265.77  9.1981e-16
6268.96  9.43988e-16
6272.15  9.65432e-16
6275.34  9.82243e-16
6278.53  9.92668e-16
6281.72  9.95352e-16
6284.9   9.89559e-16
6288.09  9.75311e-16
6291.28  9.53456e-16
6294.47  9.25627e-16
6297.66  8.94132e-16
6300.85  8.6176e-16
6304.04  8.3156e-16
6307.23  8.06586e-16
6310.42  7.89661e-16
6313.61  7.83158e-16
6316.8   7.88824e-16
6319.99  8.07657e-16
6323.17  8.39828e-16
6326.36  8.84666e-16
6329.55  9.407e-16
6332.74  1.00575e-15
6335.93  1.0771e-15
6339.12  1.15165e-15
6342.31  1.22622e-15
6345.5   1.29775e-15
6348.69  1.36355e-15
6351.88  1.42156e-15
6355.07  1.47044e-15
6358.25  1.50969e-15
6361.44  1.53957e-15
6364.63  1.56104e-15
6367.82  1.57556e-15
6371.01  1.5848e-15
6374.2   1.59052e-15
6377.39  1.59426e-15
6380.58  1.59726e-15
6383.77  1.60042e-15
6386.96  1.60429e-15
6390.15  1.60919e-15
6393.34  1.61534e-15
6396.52  1.62295e-15
6399.71  1.63235e-15
6402.9   1.64395e-15
6406.09  1.65824e-15
6409.28  1.67565e-15
6412.47  1.69645e-15
6415.66  1.72061e-15
6418.85  1.7477e-15
6422.04  1.77692e-15
6425.23  1.80711e-15
6428.42  1.83689e-15
6431.61  1.86488e-15
6434.79  1.8898e-15
6437.98  1.91074e-15
6441.17  1.92724e-15
6444.36  1.93935e-15
6447.55  1.94763e-15
6450.74  1.95305e-15
6453.93  1.9568e-15
6457.12  1.96016e-15
6460.31  1.96421e-15
6463.5   1.96974e-15
6466.69  1.97708e-15
6469.88  1.98608e-15
6473.06  1.99621e-15
6476.25  2.00668e-15
6479.44  2.01667e-15
6482.63  2.02555e-15
6485.82  2.03306e-15
6489.01  2.03943e-15
6492.2   2.04536e-15
6495.39  2.05183e-15
6498.58  2.05985e-15
6501.77  2.07014e-15
6504.96  2.08276e-15
6508.15  2.09695e-15
6511.33  2.11099e-15
6514.52  2.12231e-15
6517.71  2.1279e-15
6520.9   2.12467e-15
6524.09  2.11011e-15
6527.28  2.08275e-15
6530.47  2.04256e-15
6533.66  1.9911e-15
6536.85  1.93139e-15
6540.04  1.8675e-15
6543.23  1.80391e-15
6546.41  1.74485e-15
6549.6   1.69359e-15
6552.79  1.65195e-15
6555.98  1.62002e-15
6559.17  1.59631e-15
6562.36  1.57804e-15
6565.55  1.56179e-15
6568.74  1.54415e-15
6571.93  1.52241e-15
6575.12  1.49501e-15
6578.31  1.46181e-15
6581.5   1.42402e-15
6584.68  1.38387e-15
6587.87  1.34413e-15
6591.06  1.30748e-15
6594.25  1.276e-15
6597.44  1.25076e-15
6600.63  1.23161e-15
6603.82  1.21733e-15
6607.01  1.20583e-15
6610.2   1.19467e-15
6613.39  1.18148e-15
6616.58  1.16444e-15
6619.77  1.14259e-15
6622.95  1.11592e-15
6626.14  1.0853e-15
6629.33  1.05224e-15
6632.52  1.01846e-15
6635.71  9.85543e-16
6638.9   9.54585e-16
6642.09  9.25991e-16
6645.28  8.99458e-16
6648.47  8.74124e-16
6651.66  8.48862e-16
6654.85  8.22631e-16
6658.04  7.94823e-16
6661.22  7.65499e-16
6664.41  7.35475e-16
6667.6   7.0622e-16
6670.79  6.7958e-16
6673.98  6.57397e-16
6677.17  6.41086e-16
6680.36  6.31277e-16
6683.55  6.27607e-16
6686.74  6.28702e-16
6689.93  6.32387e-16
6693.12  6.36068e-16
6696.31  6.3723e-16
6699.49  6.33943e-16
6702.68  6.25262e-16
6705.87  6.11452e-16
6709.06  5.93961e-16
6712.25  5.75167e-16
6715.44  5.57927e-16
6718.63  5.45036e-16
6721.82  5.38695e-16
6725.01  5.40089e-16
6728.2   5.4917e-16
6731.39  5.64658e-16
6734.57  5.8426e-16
6737.76  6.05055e-16
6740.95  6.23949e-16
6744.14  6.38118e-16
6747.33  6.45374e-16
6750.52  6.4438e-16
6753.71  6.34727e-16
6756.9   6.16878e-16
6760.09  5.92015e-16
6763.28  5.61855e-16
6766.47  5.2846e-16
6769.66  4.94071e-16
6772.84  4.60973e-16
6776.03  4.31382e-16
6779.22  4.07326e-16
6782.41  3.90516e-16
6785.6   3.82195e-16
6788.79  3.82989e-16
6791.98  3.92775e-16
6795.17  4.10615e-16
6798.36  4.3479e-16
6801.55  4.62941e-16
6804.74  4.9233e-16
6807.93  5.20176e-16
6811.11  5.44028e-16
6814.3   5.62105e-16
6817.49  5.73537e-16
6820.68  5.78469e-16
6823.87  5.77992e-16
6827.06  5.73929e-16
6830.25  5.68488e-16
6833.44  5.63869e-16
6836.63  5.61875e-16
6839.82  5.63609e-16
6843.01  5.69304e-16
6846.2   5.78306e-16
6849.38  5.89221e-16
6852.57  6.0019e-16
6855.76  6.09242e-16
6858.95  6.14655e-16
6862.14  6.15284e-16
6865.33  6.10781e-16
6868.52  6.0169e-16
6871.71  5.89389e-16
6874.9   5.75906e-16
6878.09  5.63621e-16
6881.28  5.54916e-16
6884.47  5.51807e-16
6887.65  5.55628e-16
6890.84  5.66804e-16
6894.03  5.84757e-16
6897.22  6.07954e-16
6900.41  6.3409e-16
6903.6   6.60398e-16
6906.79  6.84008e-16
6909.98  7.02335e-16
6913.17  7.13414e-16
6916.36  7.16138e-16
6919.55  7.10383e-16
6922.74  6.96981e-16
6925.92  6.77588e-16
6929.11  6.54443e-16
6932.3   6.30087e-16
6935.49  6.07068e-16
6938.68  5.8768e-16
6941.87  5.73754e-16
6945.06  5.66532e-16
6948.25  5.66605e-16
6951.44  5.73931e-16
6954.63  5.87902e-16
6957.82  6.07446e-16
6961     6.31165e-16
6964.19  6.57473e-16
6967.38  6.84739e-16
6970.57  7.11423e-16
6973.76  7.36194e-16
6976.95  7.5804e-16
6980.14  7.76345e-16
6983.33  7.90948e-16
6986.52  8.02157e-16
6989.71  8.10728e-16
6992.9   8.17792e-16
6996.09  8.24731e-16
6999.27  8.33016e-16
7002.46  8.44008e-16
7005.65  8.58751e-16
7008.84  8.77783e-16
7012.03  9.00998e-16
7015.22  9.2757e-16
7018.41  9.55984e-16
7021.6   9.84152e-16
7024.79  1.00964e-15
7027.98  1.02994e-15
7031.17  1.04283e-15
7034.36  1.04667e-15
7037.54  1.0407e-15
7040.73  1.0252e-15
7043.92  1.00155e-15
7047.11  9.7212e-16
7050.3   9.40068e-16
7053.49  9.08962e-16
7056.68  8.82389e-16
7059.87  8.63535e-16
7063.06  8.54819e-16
7066.25  8.57633e-16
7069.44  8.72217e-16
7072.63  8.97683e-16
7075.81  9.32176e-16
7079     9.73135e-16
7082.19  1.01762e-15
7085.38  1.06264e-15
7088.57  1.10545e-15
7091.76  1.14383e-15
7094.95  1.17617e-15
7098.14  1.20161e-15
7101.33  1.22001e-15
7104.52  1.23188e-15
7107.71  1.2383e-15
7110.9   1.24068e-15
7114.08  1.24066e-15
7117.27  1.23979e-15
7120.46  1.23938e-15
7123.65  1.24025e-15
7126.84  1.24256e-15
7130.03  1.24581e-15
7133.22  1.24882e-15
7136.41  1.24996e-15
7139.6   1.24743e-15
7142.79  1.23969e-15
7145.98  1.22587e-15
7149.16  1.20608e-15
7152.35  1.1817e-15
7155.54  1.15529e-15
7158.73  1.1304e-15
7161.92  1.11106e-15
7165.11  1.10114e-15
7168.3   1.10367e-15
7171.49  1.12023e-15
7174.68  1.1506e-15
7177.87  1.19262e-15
7181.06  1.24248e-15
7184.25  1.2953e-15
7187.43  1.34589e-15
7190.62  1.38961e-15
7193.81  1.42312e-15
7197     1.44495e-15
7200.19  1.45565e-15
7203.38  1.4576e-15
7206.57  1.4545e-15
7209.76  1.45055e-15
7212.95  1.44963e-15
7216.14  1.4545e-15
7219.33  1.46622e-15
7222.52  1.48395e-15
7225.7   1.50507e-15
7228.89  1.52564e-15
7232.08  1.54113e-15
7235.27  1.54724e-15
7238.46  1.5407e-15
7241.65  1.51984e-15
7244.84  1.48503e-15
7248.03  1.43862e-15
7251.22  1.38477e-15
7254.41  1.32883e-15
7257.6   1.27667e-15
7260.79  1.2339e-15
7263.97  1.20511e-15
7267.16  1.19333e-15
7270.35  1.19957e-15
7273.54  1.22283e-15
7276.73  1.26017e-15
7279.92  1.3072e-15
7283.11  1.35862e-15
7286.3   1.40892e-15
7289.49  1.45305e-15
7292.68  1.48702e-15
7295.87  1.50827e-15
7299.06  1.51587e-15
7302.24  1.51047e-15
7305.43  1.49403e-15
7308.62  1.46944e-15
7311.81  1.43997e-15
7315     1.4088e-15
7318.19  1.37864e-15
7321.38  1.3514e-15
7324.57  1.32805e-15
7327.76  1.30872e-15
7330.95  1.29278e-15
7334.14  1.27909e-15
7337.32  1.26626e-15
7340.51  1.25289e-15
7343.7   1.23769e-15
7346.89  1.21966e-15
7350.08  1.19814e-15
7353.27  1.17283e-15
7356.46  1.14383e-15
7359.65  1.1117e-15
7362.84  1.07743e-15
7366.03  1.0425e-15
7369.22  1.00883e-15
7372.41  9.78658e-16
7375.59  9.54373e-16
7378.78  9.38195e-16
7381.97  9.31844e-16
7385.16  9.3617e-16
7388.35  9.50849e-16
7391.54  9.74209e-16
7394.73  1.00324e-15
7397.92  1.03384e-15
7401.11  1.06124e-15
7404.3   1.08064e-15
7407.49  1.08789e-15
7410.68  1.08008e-15
7413.86  1.05609e-15
7417.05  1.01677e-15
7420.24  9.64874e-16
7423.43  9.04729e-16
7426.62  8.4157e-16
7429.81  7.80811e-16
7433     7.27257e-16
7436.19  6.8446e-16
7439.38  6.5428e-16
7442.57  6.36756e-16
7445.76  6.30282e-16
7448.95  6.32054e-16
7452.13  6.387e-16
7455.32  6.46975e-16
7458.51  6.54385e-16
7461.7   6.59625e-16
7464.89  6.62751e-16
7468.08  6.65051e-16
7471.27  6.68641e-16
7474.46  6.7587e-16
7477.65  6.88653e-16
7480.84  7.07866e-16
7484.03  7.32939e-16
7487.22  7.61734e-16
7490.4   7.90752e-16
7493.59  8.15634e-16
7496.78  8.31888e-16
7499.97  8.35699e-16
7503.16  8.24682e-16
7506.35  7.98439e-16
7509.54  7.58794e-16
7512.73  7.09664e-16
7515.92  6.56556e-16
7519.11  6.05769e-16
7522.3   5.63422e-16
7525.49  5.3447e-16
7528.67  5.21869e-16
7531.86  5.26062e-16
7535.05  5.44865e-16
7538.24  5.7382e-16
7541.43  6.06935e-16
7544.62  6.37726e-16
7547.81  6.6037e-16
7551     6.70761e-16
7554.19  6.67293e-16
7557.38  6.51208e-16
7560.57  6.2645e-16
7563.75  5.99034e-16
7566.94  5.76046e-16
7570.13  5.64445e-16
7573.32  5.69867e-16
7576.51  5.9565e-16
7579.7   6.42238e-16
7582.89  7.07059e-16
7586.08  7.84898e-16
7589.27  8.68685e-16
7592.46  9.50572e-16
7595.65  1.0231e-15
7598.84  1.0803e-15
7602.02  1.11848e-15
7605.21  1.13669e-15
7608.4   1.13675e-15
7611.59  1.12276e-15
7614.78  1.10042e-15
7617.97  1.07607e-15
7621.16  1.05569e-15
7624.35  1.04405e-15
7627.54  1.04413e-15
7630.73  1.05676e-15
7633.92  1.08078e-15
7637.11  1.11334e-15
7640.29  1.15053e-15
7643.48  1.1881e-15
7646.67  1.22212e-15
7649.86  1.2496e-15
7653.05  1.26881e-15
7656.24  1.27947e-15
7659.43  1.28262e-15
7662.62  1.28031e-15
7665.81  1.2752e-15
7669     1.2701e-15
7672.19  1.26751e-15
7675.38  1.26933e-15
7678.56  1.27657e-15
7681.75  1.28936e-15
7684.94  1.30694e-15
7688.13  1.32786e-15
7691.32  1.35016e-15
7694.51  1.37168e-15
7697.7   1.39027e-15
7700.89  1.40402e-15
7704.08  1.41148e-15
7707.27  1.41173e-15
7710.46  1.40445e-15
7713.65  1.38989e-15
7716.83  1.36881e-15
7720.02  1.3423e-15
7723.21  1.31172e-15
7726.4   1.2785e-15
7729.59  1.24403e-15
7732.78  1.20964e-15
7735.97  1.17653e-15
7739.16  1.14581e-15
7742.35  1.1185e-15
7745.54  1.09556e-15
7748.73  1.07784e-15
7751.91  1.06609e-15
7755.1   1.06082e-15
7758.29  1.06218e-15
7761.48  1.06989e-15
7764.67  1.08314e-15
7767.86  1.10063e-15
7771.05  1.12061e-15
7774.24  1.14109e-15
7777.43  1.16004e-15
7780.62  1.17566e-15
7783.81  1.18661e-15
7787     1.19215e-15
7790.18  1.19218e-15
7793.37  1.18722e-15
7796.56  1.1782e-15
7799.75  1.16629e-15
7802.94  1.15264e-15
7806.13  1.13814e-15
7809.32  1.12333e-15
7812.51  1.10831e-15
7815.7   1.09281e-15
7818.89  1.07627e-15
7822.08  1.05807e-15
7825.27  1.03768e-15
7828.45  1.0148e-15
7831.64  9.89483e-16
7834.83  9.62196e-16
7838.02  9.3374e-16
7841.21  9.05167e-16
7844.4   8.77632e-16
7847.59  8.52216e-16
7850.78  8.29777e-16
7853.97  8.10834e-16
7857.16  7.95513e-16
7860.35  7.8357e-16
7863.54  7.74479e-16
7866.72  7.67575e-16
7869.91  7.62211e-16
7873.1   7.57893e-16
7876.29  7.54363e-16
7879.48  7.51608e-16
7882.67  7.49772e-16
7885.86  7.49021e-16
7889.05  7.49351e-16
7892.24  7.5043e-16
7895.43  7.51486e-16
7898.62  7.51304e-16
7901.81  7.48335e-16
7904.99  7.40922e-16
7908.18  7.27604e-16
7911.37  7.07451e-16
7914.56  6.80358e-16
7917.75  6.47237e-16
7920.94  6.10057e-16
7924.13  5.71712e-16
7927.32  5.35712e-16
7930.51  5.05747e-16
7933.7   4.85181e-16
7936.89  4.76562e-16
7940.07  4.81217e-16
7943.26  4.99012e-16
7946.45  5.28324e-16
7949.64  5.66227e-16
7952.83  6.08872e-16
7956.02  6.52009e-16
7959.21  6.91563e-16
7962.4   7.24176e-16
7965.59  7.47617e-16
7968.78  7.61018e-16
7971.97  7.6488e-16
7975.16  7.60882e-16
7978.34  7.5151e-16
7981.53  7.39607e-16
7984.72  7.27905e-16
7987.91  7.1862e-16
7991.1   7.13177e-16
7994.29  7.12094e-16
7997.48  7.15015e-16
8000.67  7.2089e-16
8003.86  7.28229e-16
8007.05  7.35404e-16
8010.24  7.40926e-16
8013.43  7.43664e-16
8016.61  7.42985e-16
8019.8   7.38787e-16
8022.99  7.31453e-16
8026.18  7.21731e-16
8029.37  7.10563e-16
8032.56  6.98905e-16
8035.75  6.87551e-16
8038.94  6.76996e-16
8042.13  6.67354e-16
8045.32  6.5834e-16
8048.51  6.49339e-16
8051.7   6.39537e-16
8054.88  6.28113e-16
8058.07  6.1446e-16
8061.26  5.98396e-16
8064.45  5.8032e-16
8067.64  5.6128e-16
8070.83  5.42906e-16
8074.02  5.27213e-16
8077.21  5.16281e-16
8080.4   5.11858e-16
8083.59  5.14957e-16
8086.78  5.25511e-16
8089.97  5.42198e-16
8093.15  5.62459e-16
8096.34  5.82762e-16
8099.53  5.99082e-16
8102.72  6.07535e-16
8105.91  6.0506e-16
8109.1   5.9004e-16
8112.29  5.62712e-16
8115.48  5.25301e-16
8118.67  4.81802e-16
8121.86  4.37438e-16
8125.05  3.97863e-16
8128.23  3.68231e-16
8131.42  3.523e-16
8134.61  3.51731e-16
8137.8   3.6571e-16
8140.99  3.90987e-16
8144.18  4.22329e-16
8147.37  4.53325e-16
8150.56  4.77408e-16
8153.75  4.88908e-16
8156.94  4.83956e-16
8160.13  4.6108e-16
8163.32  4.2139e-16
8166.5   3.68323e-16
8169.69  3.07017e-16
8172.88  2.43427e-16
8176.07  1.83361e-16
8179.26  1.31601e-16
8182.45  9.12731e-17
8185.64  6.35389e-17
8188.83  4.76649e-17
8192.02  4.14056e-17
8195.21  4.16125e-17
8198.4   4.49345e-17
8201.59  4.84696e-17
8204.77  5.02507e-17
8207.96  4.94877e-17
8211.15  4.65427e-17
8214.34  4.26678e-17
8217.53  3.95801e-17
8220.72  3.89738e-17
8223.91  4.20735e-17
8227.1   4.93193e-17
8230.29  6.02382e-17
8233.48  7.35176e-17
8236.67  8.7255e-17
8239.86  9.93243e-17
8243.04  1.07782e-16
8246.23  1.1123e-16
8249.42  1.09078e-16
8252.61  1.01652e-16
8255.8   9.0152e-17
8258.99  7.64731e-17
8262.18  6.29289e-17
8265.37  5.19376e-17
8268.56  4.5717e-17
8271.75  4.60317e-17
8274.94  5.40169e-17
8278.13  7.00833e-17
8281.31  9.38963e-17
8284.5   1.24411e-16
8287.69  1.59947e-16
8290.88  1.98288e-16
8294.07  2.36809e-16
8297.26  2.72627e-16
8300.45  3.028e-16
8303.64  3.24559e-16
8306.83  3.35584e-16
8310.02  3.34306e-16
8313.21  3.20184e-16
8316.4   2.93926e-16
8319.58  2.57586e-16
8322.77  2.14507e-16
8325.96  1.69067e-16
8329.15  1.26252e-16
8332.34  9.1071e-17
8335.53  6.792e-17
8338.72  5.99565e-17
8341.91  6.8612e-17
8345.1   9.33236e-17
8348.29  1.31548e-16
8351.48  1.79074e-16
8354.66  2.30597e-16
8357.85  2.80483e-16
8361.04  3.23589e-16
8364.23  3.56029e-16
8367.42  3.75755e-16
8370.61  3.82849e-16
8373.8   3.795e-16
8376.99  3.6966e-16
8380.18  3.5843e-16
8383.37  3.51288e-16
8386.56  3.53268e-16
8389.75  3.68217e-16
8392.93  3.98232e-16
8396.12  4.43358e-16
8399.31  5.01576e-16
8402.5   5.69078e-16
8405.69  6.40785e-16
8408.88  7.11036e-16
8412.07  7.74347e-16
8415.26  8.26157e-16
8418.45  8.63452e-16
8421.64  8.85194e-16
8424.83  8.92494e-16
8428.02  8.88497e-16
8431.2   8.77987e-16
8434.39  8.66759e-16
8437.58  8.60826e-16
8440.77  8.65573e-16
8443.96  8.84978e-16
8447.15  9.2103e-16
8450.34  9.73421e-16
8453.53  1.03959e-15
8456.72  1.1151e-15
8459.91  1.19434e-15
8463.1   1.27134e-15
8466.29  1.34073e-15
8469.47  1.39848e-15
8472.66  1.44248e-15
8475.85  1.47279e-15
8479.04  1.4915e-15
8482.23  1.5023e-15
8485.42  1.50983e-15
8488.61  1.51891e-15
8491.8   1.53378e-15
8494.99  1.5575e-15
8498.18  1.59161e-15
8501.37  1.63592e-15
8504.56  1.68874e-15
8507.74  1.74717e-15
8510.93  1.80758e-15
8514.12  1.86617e-15
8517.31  1.91946e-15
8520.5   1.96471e-15
8523.69  2.00024e-15
8526.88  2.02552e-15
8530.07  2.04123e-15
8533.26  2.04912e-15
8536.45  2.05173e-15
8539.64  2.05215e-15
8542.82  2.05365e-15
8546.01  2.05937e-15
8549.2   2.07196e-15
8552.39  2.09333e-15
8555.58  2.12444e-15
8558.77  2.1652e-15
8561.96  2.21443e-15
8565.15  2.26995e-15
8568.34  2.32874e-15
8571.53  2.38727e-15
8574.72  2.44174e-15
8577.91  2.4885e-15
8581.09  2.52442e-15
8584.28  2.5472e-15
8587.47  2.55567e-15
8590.66  2.54993e-15
8593.85  2.53147e-15
8597.04  2.503e-15
8600.23  2.46825e-15
8603.42  2.43162e-15
8606.61  2.39769e-15
8609.8   2.37073e-15
8612.99  2.3542e-15
8616.18  2.35033e-15
8619.36  2.35989e-15
8622.55  2.382e-15
8625.74  2.41428e-15
8628.93  2.45309e-15
8632.12  2.49397e-15
8635.31  2.53221e-15
8638.5   2.56337e-15
8641.69  2.5839e-15
8644.88  2.59157e-15
8648.07  2.58575e-15
8651.26  2.56748e-15
8654.45  2.53935e-15
8657.63  2.50503e-15
8660.82  2.46873e-15
8664.01  2.43453e-15
8667.2   2.40568e-15
8670.39  2.38402e-15
8673.58  2.36965e-15
8676.77  2.36086e-15
8679.96  2.35446e-15
8683.15  2.3463e-15
8686.34  2.33214e-15
8689.53  2.30847e-15
8692.72  2.27333e-15
8695.9   2.22685e-15
8699.09  2.17144e-15
8702.28  2.11154e-15
8705.47  2.05304e-15
8708.66  2.00227e-15
8711.85  1.965e-15
8715.04  1.94532e-15
8718.23  1.94491e-15
8721.42  1.96257e-15
8724.61  1.99427e-15
8727.8   2.03371e-15
8730.98  2.0732e-15
8734.17  2.10479e-15
8737.36  2.12154e-15
8740.55  2.1185e-15
8743.74  2.09343e-15
8746.93  2.04711e-15
8750.12  1.98311e-15
8753.31  1.90716e-15
8756.5   1.82619e-15
8759.69  1.74725e-15
8762.88  1.6765e-15
8766.07  1.61833e-15
8769.25  1.57493e-15
8772.44  1.54614e-15
8775.63  1.52979e-15
8778.82  1.52222e-15
8782.01  1.51909e-15
8785.2   1.51609e-15
8788.39  1.50965e-15
8791.58  1.49744e-15
8794.77  1.47854e-15
8797.96  1.45342e-15
8801.15  1.42372e-15
8804.34  1.39184e-15
8807.52  1.36045e-15
8810.71  1.3321e-15
8813.9   1.30881e-15
8817.09  1.29184e-15
8820.28  1.2815e-15
8823.47  1.27723e-15
8826.66  1.27761e-15
8829.85  1.28062e-15
8833.04  1.2839e-15
8836.23  1.28498e-15
8839.42  1.28166e-15
8842.61  1.27225e-15
8845.79  1.25583e-15
8848.98  1.23237e-15
8852.17  1.20275e-15
8855.36  1.16873e-15
8858.55  1.13265e-15
8861.74  1.09717e-15
8864.93  1.06482e-15
8868.12  1.03767e-15
8871.31  1.01692e-15
8874.5   1.0027e-15
8877.69  9.94019e-16
8880.88  9.88863e-16
8884.06  9.84545e-16
8887.25  9.78136e-16
8890.44  9.66993e-16
8893.63  9.49264e-16
8896.82  9.2428e-16
8900.01  8.9276e-16
8903.2   8.56779e-16
8906.39  8.19489e-16
8909.58  7.8463e-16
8912.77  7.55903e-16
8915.96  7.3632e-16
8919.15  7.27631e-16
8922.33  7.29946e-16
8925.52  7.41621e-16
8928.71  7.59441e-16
8931.9   7.79078e-16
8935.09  7.95742e-16
8938.28  8.04939e-16
8941.47  8.0319e-16
8944.66  7.88595e-16
8947.85  7.61166e-16
8951.04  7.22845e-16
8954.23  6.77237e-16
8957.41  6.29086e-16
8960.6   5.83581e-16
8963.79  5.45603e-16
8966.98  5.19023e-16
8970.17  5.06147e-16
8973.36  5.07392e-16
8976.55  5.21222e-16
8979.74  5.4436e-16
8982.93  5.7223e-16
8986.12  5.99584e-16
8989.31  6.21213e-16
8992.5   6.32662e-16
8995.68  6.30845e-16
8998.87  6.14487e-16
9002.06  5.84324e-16
9005.25  5.43032e-16
9008.44  4.94897e-16
9011.63  4.45254e-16
9014.82  3.99777e-16
9018.01  3.63716e-16
9021.2   3.41168e-16
9024.39  3.34518e-16
9027.58  3.44098e-16
9030.77  3.68143e-16
9033.95  4.03031e-16
9037.14  4.43801e-16
9040.33  4.84855e-16
9043.52  5.20749e-16
9046.71  5.4696e-16
9049.9   5.60514e-16
9053.09  5.60377e-16
9056.28  5.47558e-16
9059.47  5.24906e-16
9062.66  4.96651e-16
9065.85  4.6774e-16
9069.04  4.43096e-16
9072.22  4.26902e-16
9075.41  4.22029e-16
9078.6   4.29674e-16
9081.79  4.4928e-16
9084.98  4.7873e-16
9088.17  5.14777e-16
9091.36  5.53641e-16
9094.55  5.91671e-16
9097.74  6.25975e-16
9100.93  6.54902e-16
9104.12  6.78313e-16
9107.31  6.97591e-16
9110.49  7.15389e-16
9113.68  7.35145e-16
9116.87  7.60444e-16
9120.06  7.94316e-16
9123.25  8.38576e-16
9126.44  8.93319e-16
9129.63  9.56656e-16
9132.82  1.02474e-15
9136.01  1.09214e-15
9139.2   1.15243e-15
9142.39  1.19912e-15
9145.57  1.22654e-15
9148.76  1.23078e-15
9151.95  1.21041e-15
9155.14  1.16683e-15
9158.33  1.10428e-15
9161.52  1.02934e-15
9164.71  9.50101e-16
9167.9   8.75001e-16
9171.09  8.11647e-16
9174.28  7.65674e-16
9177.47  7.39945e-16
9180.66  7.34184e-16
9183.84  7.45127e-16
9187.03  7.67184e-16
9190.22  7.93474e-16
9193.41  8.17071e-16
9196.6   8.32217e-16
9199.79  8.35298e-16
9202.98  8.25391e-16
9206.17  8.04296e-16
9209.36  7.76062e-16
9212.55  7.46105e-16
9215.74  7.20105e-16
9218.93  7.02899e-16
9222.11  6.97579e-16
9225.3   7.04979e-16
9228.49  7.23612e-16
9231.68  7.50071e-16
9234.87  7.79787e-16
9238.06  8.07989e-16
9241.25  8.30654e-16
9244.44  8.45285e-16
9247.63  8.51341e-16
9250.82  8.50271e-16
9254.01  8.45139e-16
9257.2   8.39943e-16
9260.38  8.3875e-16
9263.57  8.44846e-16
9266.76  8.60045e-16
9269.95  8.84304e-16
9273.14  9.15714e-16
9276.33  9.50839e-16
9279.52  9.85362e-16
9282.71  1.01487e-15
9285.9   1.03563e-15
9289.09  1.04524e-15
9292.28  1.04294e-15
9295.47  1.02969e-15
9298.65  1.00782e-15
9301.84  9.80579e-16
9305.03  9.51452e-16
9308.22  9.23601e-16
9311.41  8.99395e-16
9314.6   8.80186e-16
9317.79  8.66306e-16
9320.98  8.57268e-16
9324.17  8.52076e-16
9327.36  8.49559e-16
9330.55  8.48642e-16
9333.73  8.48509e-16
9336.92  8.48649e-16
9340.11  8.48811e-16
9343.3   8.48915e-16
9346.49  8.48963e-16
9349.68  8.48979e-16
9352.87  8.48983e-16
9356.06  8.48984e-16
9359.25  8.48984e-16