3296.03  5.8654e-15
3298.41  5.86451e-15
3300.79  5.86542e-15
3303.16  5.87041e-15
3305.54  5.88237e-15
3307.92  5.90461e-15
3310.3   5.94049e-15
3312.68  5.99302e-15
3315.05  6.06437e-15
3317.43  6.15546e-15
3319.81  6.26555e-15
3322.19  6.3921e-15
3324.57  6.5307e-15
3326.95  6.67534e-15
3329.32  6.81881e-15
3331.7   6.9533e-15
3334.08  7.07117e-15
3336.46  7.16565e-15
3338.84  7.23149e-15
3341.21  7.26556e-15
3343.59  7.26707e-15
3345.97  7.23765e-15
3348.35  7.18113e-15
3350.73  7.10312e-15
3353.1   7.01039e-15
3355.48  6.91019e-15
3357.86  6.80962e-15
3360.24  6.71497e-15
3362.62  6.63132e-15
3364.99  6.56227e-15
3367.37  6.50979e-15
3369.75  6.47437e-15
3372.13  6.45516e-15
3374.51  6.45035e-15
3376.88  6.45745e-15
3379.26  6.47367e-15
3381.64  6.49625e-15
3384.02  6.52265e-15
3386.4   6.5508e-15
3388.78  6.57913e-15
3391.15  6.60663e-15
3393.53  6.63279e-15
3395.91  6.65751e-15
3398.29  6.68099e-15
3400.67  6.70365e-15
3403.04  6.72602e-15
3405.42  6.74869e-15
3407.8   6.7723e-15
3410.18  6.79758e-15
3412.56  6.82535e-15
3414.93  6.85658e-15
3417.31  6.89231e-15
3419.69  6.93364e-15
3422.07  6.98159e-15
3424.45  7.03687e-15
3426.82  7.09973e-15
3429.2   7.16971e-15
3431.58  7.24549e-15
3433.96  7.32483e-15
3436.34  7.40459e-15
3438.72  7.48096e-15
3441.09  7.54971e-15
3443.47  7.60659e-15
3445.85  7.6478e-15
3448.23  7.67041e-15
3450.61  7.67269e-15
3452.98  7.65441e-15
3455.36  7.61695e-15
3457.74  7.56319e-15
3460.12  7.49733e-15
3462.5   7.42455e-15
3464.87  7.35051e-15
3467.25  7.2809e-15
3469.63  7.22089e-15
3472.01  7.17473e-15
3474.39  7.14536e-15
3476.76  7.13417e-15
3479.14  7.14097e-15
3481.52  7.16399e-15
3483.9   7.20016e-15
3486.28  7.2454e-15
3488.66  7.29505e-15
3491.03  7.34437e-15
3493.41  7.38896e-15
3495.79  7.42518e-15
3498.17  7.4505e-15
3500.55  7.46371e-15
3502.92  7.46491e-15
3505.3   7.45548e-15
3507.68  7.43784e-15
3510.06  7.41511e-15
3512.44  7.39073e-15
3514.81  7.36806e-15
3517.19  7.34999e-15
3519.57  7.33867e-15
3521.95  7.33531e-15
3524.33  7.34012e-15
3526.7   7.35244e-15
3529.08  7.37089e-15
3531.46  7.39367e-15
3533.84  7.41891e-15
3536.22  7.44497e-15
3538.59  7.47071e-15
3540.97  7.49564e-15
3543.35  7.52001e-15
3545.73  7.54467e-15
3548.11  7.57083e-15
3550.49  7.59984e-15
3552.86  7.63272e-15
3555.24  7.66994e-15
3557.62  7.71107e-15
3560     7.75472e-15
3562.38  7.79853e-15
3564.75  7.83938e-15
3567.13  7.87375e-15
3569.51  7.89811e-15
3571.89  7.90946e-15
3574.27  7.90575e-15
3576.64  7.88619e-15
3579.02  7.85148e-15
3581.4   7.80374e-15
3583.78  7.74633e-15
3586.16  7.68349e-15
3588.53  7.61975e-15
3590.91  7.5595e-15
3593.29  7.5064e-15
3595.67  7.46302e-15
3598.05  7.43061e-15
3600.43  7.40901e-15
3602.8   7.39686e-15
3605.18  7.39184e-15
3607.56  7.39113e-15
3609.94  7.39179e-15
3612.32  7.39125e-15
3614.69  7.38749e-15
3617.07  7.37932e-15
3619.45  7.3663e-15
3621.83  7.34864e-15
3624.21  7.32696e-15
3626.58  7.30202e-15
3628.96  7.27439e-15
3631.34  7.24429e-15
3633.72  7.21147e-15
3636.1   7.17517e-15
3638.47  7.13423e-15
3640.85  7.08727e-15
3643.23  7.03287e-15
3645.61  6.96977e-15
3647.99  6.897e-15
3650.37  6.81403e-15
3652.74  6.72068e-15
3655.12  6.6172e-15
3657.5   6.50411e-15
3659.88  6.38215e-15
3662.26  6.25222e-15
3664.63  6.11532e-15
3667.01  5.97256e-15
3669.39  5.82513e-15
3671.77  5.67442e-15
3674.15  5.52194e-15
3676.52  5.36938e-15
3678.9   5.21855e-15
3681.28  5.07127e-15
3683.66  4.9293e-15
3686.04  4.79414e-15
3688.41  4.66693e-15
3690.79  4.54836e-15
3693.17  4.43858e-15
3695.55  4.33726e-15
3697.93  4.24369e-15
3700.3   4.15697e-15
3702.68  4.0762e-15
3705.06  4.00079e-15
3707.44  3.93067e-15
3709.82  3.86644e-15
3712.2   3.80945e-15
3714.57  3.76175e-15
3716.95  3.72589e-15
3719.33  3.70461e-15
3721.71  3.70043e-15
3724.09  3.71524e-15
3726.46  3.74992e-15
3728.84  3.80399e-15
3731.22  3.8755e-15
3733.6   3.96105e-15
3735.98  4.05599e-15
3738.35  4.15481e-15
3740.73  4.25168e-15
3743.11  4.34099e-15
3745.49  4.4179e-15
3747.87  4.47881e-15
3750.24  4.52164e-15
3752.62  4.54595e-15
3755     4.55289e-15
3757.38  4.54489e-15
3759.76  4.52531e-15
3762.14  4.49794e-15
3764.51  4.46661e-15
3766.89  4.43469e-15
3769.27  4.40486e-15
3771.65  4.37893e-15
3774.03  4.35776e-15
3776.4   4.34144e-15
3778.78  4.32941e-15
3781.16  4.32073e-15
3783.54  4.31435e-15
3785.92  4.30931e-15
3788.29  4.30499e-15
3790.67  4.30111e-15
3793.05  4.2979e-15
3795.43  4.29596e-15
3797.81  4.29628e-15
3800.18  4.3001e-15
3802.56  4.30879e-15
3804.94  4.32379e-15
3807.32  4.34648e-15
3809.7   4.3781e-15
3812.08  4.41975e-15
3814.45  4.47223e-15
3816.83  4.53608e-15
3819.21  4.61145e-15
3821.59  4.69811e-15
3823.97  4.79537e-15
3826.34  4.90209e-15
3828.72  5.01675e-15
3831.1   5.13746e-15
3833.48  5.26216e-15
3835.86  5.38874e-15
3838.23  5.51527e-15
3840.61  5.64016e-15
3842.99  5.76234e-15
3845.37  5.88133e-15
3847.75  5.99722e-15
3850.12  6.11065e-15
3852.5   6.22256e-15
3854.88  6.33401e-15
3857.26  6.4459e-15
3859.64  6.55873e-15
3862.01  6.67246e-15
3864.39  6.78638e-15
3866.77  6.89923e-15
3869.15  7.00929e-15
3871.53  7.1147e-15
3873.91  7.21374e-15
3876.28  7.30516e-15
3878.66  7.38849e-15
3881.04  7.46416e-15
3883.42  7.53355e-15
3885.8   7.59886e-15
3888.17  7.66284e-15
3890.55  7.72841e-15
3892.93  7.79819e-15
3895.31  7.87415e-15
3897.69  7.95722e-15
3900.06  8.04715e-15
3902.44  8.14248e-15
3904.82  8.24079e-15
3907.2   8.33897e-15
3909.58  8.43378e-15
3911.95  8.52224e-15
3914.33  8.60215e-15
3916.71  8.67227e-15
3919.09  8.73252e-15
3921.47  8.78372e-15
3923.85  8.82736e-15
3926.22  8.86503e-15
3928.6   8.89798e-15
3930.98  8.92659e-15
3933.36  8.9501e-15
3935.74  8.96655e-15
3938.11  8.97294e-15
3940.49  8.96573e-15
3942.87  8.94138e-15
3945.25  8.8971e-15
3947.63  8.83138e-15
3950     8.74447e-15
3952.38  8.63854e-15
3954.76  8.5175e-15
3957.14  8.38661e-15
3959.52  8.2518e-15
3961.89  8.11898e-15
3964.27  7.99323e-15
3966.65  7.8783e-15
3969.03  7.77621e-15
3971.41  7.68722e-15
3973.79  7.61007e-15
3976.16  7.54242e-15
3978.54  7.48144e-15
3980.92  7.42445e-15
3983.3   7.36946e-15
3985.68  7.3155e-15
3988.05  7.26282e-15
3990.43  7.21276e-15
3992.81  7.16748e-15
3995.19  7.12957e-15
3997.57  7.10151e-15
3999.94  7.08532e-15
4002.32  7.08215e-15
4004.7   7.09215e-15
4007.08  7.11449e-15
4009.46  7.14745e-15
4011.83  7.1888e-15
4014.21  7.23609e-15
4016.59  7.28702e-15
4018.97  7.33977e-15
4021.35  7.39316e-15
4023.72  7.4467e-15
4026.1   7.50057e-15
4028.48  7.55537e-15
4030.86  7.61187e-15
4033.24  7.67074e-15
4035.62  7.7323e-15
4037.99  7.79629e-15
4040.37  7.86186e-15
4042.75  7.92759e-15
4045.13  7.99169e-15
4047.51  8.05224e-15
4049.88  8.1075e-15
4052.26  8.15623e-15
4054.64  8.19787e-15
4057.02  8.23269e-15
4059.4   8.26178e-15
4061.77  8.28686e-15
4064.15  8.31005e-15
4066.53  8.33347e-15
4068.91  8.35889e-15
4071.29  8.38736e-15
4073.66  8.41895e-15
4076.04  8.45267e-15
4078.42  8.48649e-15
4080.8   8.51759e-15
4083.18  8.54268e-15
4085.56  8.55847e-15
4087.93  8.56211e-15
4090.31  8.5516e-15
4092.69  8.52606e-15
4095.07  8.48589e-15
4097.45  8.43268e-15
4099.82  8.36902e-15
4102.2   8.29808e-15
4104.58  8.22327e-15
4106.96  8.14773e-15
4109.34  8.07403e-15
4111.71  8.00387e-15
4114.09  7.93807e-15
4116.47  7.87659e-15
4118.85  7.81877e-15
4121.23  7.76363e-15
4123.6   7.7102e-15
4125.98  7.65781e-15
4128.36  7.60631e-15
4130.74  7.55613e-15
4133.12  7.50825e-15
4135.5   7.46403e-15
4137.87  7.42488e-15
4140.25  7.39205e-15
4142.63  7.36626e-15
4145.01  7.34753e-15
4147.39  7.33506e-15
4149.76  7.32722e-15
4152.14  7.32174e-15
4154.52  7.31594e-15
4156.9   7.30701e-15
4159.28  7.29236e-15
4161.65  7.2699e-15
4164.03  7.23826e-15
4166.41  7.19688e-15
4168.79  7.14609e-15
4171.17  7.0869e-15
4173.54  7.02092e-15
4175.92  6.95008e-15
4178.3   6.87641e-15
4180.68  6.80179e-15
4183.06  6.7278e-15
4185.43  6.6556e-15
4187.81  6.58587e-15
4190.19  6.51888e-15
4192.57  6.4545e-15
4194.95  6.39239e-15
4197.33  6.33204e-15
4199.7   6.27297e-15
4202.08  6.21473e-15
4204.46  6.15706e-15
4206.84  6.09983e-15
4209.22  6.04309e-15
4211.59  5.98702e-15
4213.97  5.93187e-15
4216.35  5.87793e-15
4218.73  5.82547e-15
4221.11  5.77468e-15
4223.48  5.72566e-15
4225.86  5.67843e-15
4228.24  5.63288e-15
4230.62  5.58883e-15
4233     5.54602e-15
4235.37  5.50416e-15
4237.75  5.46293e-15
4240.13  5.422e-15
4242.51  5.38107e-15
4244.89  5.33987e-15
4247.27  5.29817e-15
4249.64  5.25579e-15
4252.02  5.21258e-15
4254.4   5.16847e-15
4256.78  5.12347e-15
4259.16  5.07767e-15
4261.53  5.03122e-15
4263.91  4.98441e-15
4266.29  4.93762e-15
4268.67  4.89133e-15
4271.05  4.84609e-15
4273.42  4.80252e-15
4275.8   4.76122e-15
4278.18  4.72279e-15
4280.56  4.68769e-15
4282.94  4.65624e-15
4285.31  4.62858e-15
4287.69  4.60464e-15
4290.07  4.58416e-15
4292.45  4.56672e-15
4294.83  4.5518e-15
4297.21  4.5389e-15
4299.58  4.52759e-15
4301.96  4.51766e-15
4304.34  4.50912e-15
4306.72  4.50232e-15
4309.1   4.49785e-15
4311.47  4.49655e-15
4313.85  4.49939e-15
4316.23  4.50732e-15
4318.61  4.52117e-15
4320.99  4.54149e-15
4323.36  4.56849e-15
4325.74  4.60197e-15
4328.12  4.64135e-15
4330.5   4.68578e-15
4332.88  4.73418e-15
4335.25  4.78543e-15
4337.63  4.83848e-15
4340.01  4.89243e-15
4342.39  4.94659e-15
4344.77  5.00043e-15
4347.14  5.05356e-15
4349.52  5.10556e-15
4351.9   5.15592e-15
4354.28  5.20389e-15
4356.66  5.24845e-15
4359.04  5.2883e-15
4361.41  5.32194e-15
4363.79  5.34776e-15
4366.17  5.36428e-15
4368.55  5.37028e-15
4370.93  5.365e-15
4373.3   5.34824e-15
4375.68  5.32046e-15
4378.06  5.28273e-15
4380.44  5.23666e-15
4382.82  5.18424e-15
4385.19  5.12766e-15
4387.57  5.06912e-15
4389.95  5.01067e-15
4392.33  4.95406e-15
4394.71  4.90069e-15
4397.08  4.85156e-15
4399.46  4.80736e-15
4401.84  4.76851e-15
4404.22  4.73526e-15
4406.6   4.70778e-15
4408.98  4.68628e-15
4411.35  4.67099e-15
4413.73  4.66224e-15
4416.11  4.66044e-15
4418.49  4.66598e-15
4420.87  4.67923e-15
4423.24  4.70042e-15
4425.62  4.7296e-15
4428     4.7666e-15
4430.38  4.81093e-15
4432.76  4.86185e-15
4435.13  4.91833e-15
4437.51  4.97911e-15
4439.89  5.04272e-15
4442.27  5.10762e-15
4444.65  5.17223e-15
4447.02  5.23503e-15
4449.4   5.29466e-15
4451.78  5.35e-15
4454.16  5.4002e-15
4456.54  5.44476e-15
4458.92  5.48353e-15
4461.29  5.51665e-15
4463.67  5.54456e-15
4466.05  5.56793e-15
4468.43  5.58754e-15
4470.81  5.60422e-15
4473.18  5.61881e-15
4475.56  5.63203e-15
4477.94  5.64451e-15
4480.32  5.65672e-15
4482.7   5.66899e-15
4485.07  5.68148e-15
4487.45  5.69425e-15
4489.83  5.70721e-15
4492.21  5.72013e-15
4494.59  5.73266e-15
4496.96  5.74431e-15
4499.34  5.75448e-15
4501.72  5.76246e-15
4504.1   5.76754e-15
4506.48  5.76902e-15
4508.85  5.76634e-15
4511.23  5.7592e-15
4513.61  5.74761e-15
4515.99  5.73196e-15
4518.37  5.71303e-15
4520.75  5.69196e-15
4523.12  5.67009e-15
4525.5   5.64886e-15
4527.88  5.62959e-15
4530.26  5.61334e-15
4532.64  5.60075e-15
4535.01  5.59193e-15
4537.39  5.5865e-15
4539.77  5.58359e-15
4542.15  5.58204e-15
4544.53  5.58054e-15
4546.9   5.57787e-15
4549.28  5.57306e-15
4551.66  5.56557e-15
4554.04  5.55531e-15
4556.42  5.5427e-15
4558.79  5.52857e-15
4561.17  5.514e-15
4563.55  5.50018e-15
4565.93  5.48825e-15
4568.31  5.47913e-15
4570.69  5.47345e-15
4573.06  5.47152e-15
4575.44  5.4733e-15
4577.82  5.47851e-15
4580.2   5.48669e-15
4582.58  5.49725e-15
4584.95  5.50955e-15
4587.33  5.5229e-15
4589.71  5.53654e-15
4592.09  5.54961e-15
4594.47  5.56109e-15
4596.84  5.56977e-15
4599.22  5.57422e-15
4601.6   5.57291e-15
4603.98  5.56423e-15
4606.36  5.54675e-15
4608.73  5.51931e-15
4611.11  5.48128e-15
4613.49  5.43268e-15
4615.87  5.37428e-15
4618.25  5.30761e-15
4620.63  5.23487e-15
4623     5.15872e-15
4625.38  5.08208e-15
4627.76  5.00778e-15
4630.14  4.9383e-15
4632.52  4.87551e-15
4634.89  4.82055e-15
4637.27  4.77368e-15
4639.65  4.7344e-15
4642.03  4.70156e-15
4644.41  4.6736e-15
4646.78  4.64881e-15
4649.16  4.6256e-15
4651.54  4.60273e-15
4653.92  4.5795e-15
4656.3   4.55579e-15
4658.67  4.53207e-15
4661.05  4.50927e-15
4663.43  4.48864e-15
4665.81  4.47149e-15
4668.19  4.45902e-15
4670.56  4.45211e-15
4672.94  4.45119e-15
4675.32  4.45617e-15
4677.7   4.46641e-15
4680.08  4.48084e-15
4682.46  4.49802e-15
4684.83  4.51627e-15
4687.21  4.53387e-15
4689.59  4.54912e-15
4691.97  4.56052e-15
4694.35  4.56677e-15
4696.72  4.5669e-15
4699.1   4.56025e-15
4701.48  4.5465e-15
4703.86  4.52567e-15
4706.24  4.4981e-15
4708.61  4.46445e-15
4710.99  4.42569e-15
4713.37  4.38301e-15
4715.75  4.33784e-15
4718.13  4.2917e-15
4720.5   4.24618e-15
4722.88  4.20278e-15
4725.26  4.16281e-15
4727.64  4.12736e-15
4730.02  4.09717e-15
4732.4   4.07263e-15
4734.77  4.05383e-15
4737.15  4.04055e-15
4739.53  4.03239e-15
4741.91  4.02885e-15
4744.29  4.02941e-15
4746.66  4.03363e-15
4749.04  4.04116e-15
4751.42  4.05176e-15
4753.8   4.06528e-15
4756.18  4.08158e-15
4758.55  4.10044e-15
4760.93  4.12152e-15
4763.31  4.1443e-15
4765.69  4.16802e-15
4768.07  4.19171e-15
4770.44  4.21424e-15
4772.82  4.2344e-15
4775.2   4.25096e-15
4777.58  4.26282e-15
4779.96  4.26904e-15
4782.34  4.26895e-15
4784.71  4.26213e-15
4787.09  4.24848e-15
4789.47  4.22816e-15
4791.85  4.20155e-15
4794.23  4.16918e-15
4796.6   4.1317e-15
4798.98  4.08983e-15
4801.36  4.04428e-15
4803.74  3.99575e-15
4806.12  3.9449e-15
4808.49  3.8923e-15
4810.87  3.83846e-15
4813.25  3.7838e-15
4815.63  3.72862e-15
4818.01  3.67316e-15
4820.38  3.61757e-15
4822.76  3.56196e-15
4825.14  3.50643e-15
4827.52  3.45111e-15
4829.9   3.39622e-15
4832.27  3.34209e-15
4834.65  3.28923e-15
4837.03  3.23827e-15
4839.41  3.19e-15
4841.79  3.1453e-15
4844.17  3.10504e-15
4846.54  3.07003e-15
4848.92  3.04094e-15
4851.3   3.01815e-15
4853.68  3.00177e-15
4856.06  2.99158e-15
4858.43  2.98702e-15
4860.81  2.98726e-15
4863.19  2.99126e-15
4865.57  2.99787e-15
4867.95  3.00594e-15
4870.32  3.01441e-15
4872.7   3.02241e-15
4875.08  3.02933e-15
4877.46  3.0348e-15
4879.84  3.03876e-15
4882.21  3.04143e-15
4884.59  3.0432e-15
4886.97  3.04467e-15
4889.35  3.0465e-15
4891.73  3.04938e-15
4894.11  3.05396e-15
4896.48  3.06078e-15
4898.86  3.07022e-15
4901.24  3.08248e-15
4903.62  3.09751e-15
4906     3.11503e-15
4908.37  3.13453e-15
4910.75  3.15529e-15
4913.13  3.17642e-15
4915.51  3.19692e-15
4917.89  3.21578e-15
4920.26  3.23203e-15
4922.64  3.24487e-15
4925.02  3.25367e-15
4927.4   3.25809e-15
4929.78  3.25807e-15
4932.15  3.25384e-15
4934.53  3.24588e-15
4936.91  3.23489e-15
4939.29  3.2217e-15
4941.67  3.20725e-15
4944.04  3.19247e-15
4946.42  3.17829e-15
4948.8   3.16554e-15
4951.18  3.15495e-15
4953.56  3.14712e-15
4955.94  3.14251e-15
4958.31  3.14144e-15
4960.69  3.14403e-15
4963.07  3.15026e-15
4965.45  3.15989e-15
4967.83  3.17251e-15
4970.2   3.18755e-15
4972.58  3.20426e-15
4974.96  3.22181e-15
4977.34  3.23934e-15
4979.72  3.25599e-15
4982.09  3.27102e-15
4984.47  3.28387e-15
4986.85  3.2942e-15
4989.23  3.30191e-15
4991.61  3.30721e-15
4993.98  3.31053e-15
4996.36  3.31254e-15
4998.74  3.31402e-15
5001.12  3.31585e-15
5003.5   3.31887e-15
5005.88  3.32382e-15
5008.25  3.33127e-15
5010.63  3.34155e-15
5013.01  3.35473e-15
5015.39  3.37062e-15
5017.77  3.38878e-15
5020.14  3.40859e-15
5022.52  3.42931e-15
5024.9   3.45016e-15
5027.28  3.47043e-15
5029.66  3.48952e-15
5032.03  3.50702e-15
5034.41  3.52272e-15
5036.79  3.53664e-15
5039.17  3.54899e-15
5041.55  3.56012e-15
5043.92  3.57051e-15
5046.3   3.58064e-15
5048.68  3.59102e-15
5051.06  3.60208e-15
5053.44  3.61419e-15
5055.82  3.62764e-15
5058.19  3.64262e-15
5060.57  3.65926e-15
5062.95  3.67758e-15
5065.33  3.69756e-15
5067.71  3.71906e-15
5070.08  3.74187e-15
5072.46  3.76564e-15
5074.84  3.78993e-15
5077.22  3.81417e-15
5079.6   3.83768e-15
5081.97  3.85973e-15
5084.35  3.87957e-15
5086.73  3.8965e-15
5089.11  3.90994e-15
5091.49  3.91947e-15
5093.86  3.9249e-15
5096.24  3.92625e-15
5098.62  3.92376e-15
5101     3.91786e-15
5103.38  3.90908e-15
5105.75  3.89802e-15
5108.13  3.88528e-15
5110.51  3.87139e-15
5112.89  3.85681e-15
5115.27  3.8419e-15
5117.65  3.82697e-15
5120.02  3.8123e-15
5122.4   3.79817e-15
5124.78  3.78493e-15
5127.16  3.77297e-15
5129.54  3.76273e-15
5131.91  3.75469e-15
5134.29  3.74929e-15
5136.67  3.74687e-15
5139.05  3.74767e-15
5141.43  3.75171e-15
5143.8   3.75882e-15
5146.18  3.76862e-15
5148.56  3.78056e-15
5150.94  3.79402e-15
5153.32  3.80829e-15
5155.69  3.82273e-15
5158.07  3.83678e-15
5160.45  3.85004e-15
5162.83  3.86228e-15
5165.21  3.87341e-15
5167.59  3.88348e-15
5169.96  3.89263e-15
5172.34  3.90097e-15
5174.72  3.9086e-15
5177.1   3.91544e-15
5179.48  3.92126e-15
5181.85  3.92566e-15
5184.23  3.92801e-15
5186.61  3.92758e-15
5188.99  3.92353e-15
5191.37  3.91503e-15
5193.74  3.90134e-15
5196.12  3.88191e-15
5198.5   3.85642e-15
5200.88  3.82486e-15
5203.26  3.78751e-15
5205.63  3.74496e-15
5208.01  3.69803e-15
5210.39  3.6477e-15
5212.77  3.59505e-15
5215.15  3.54113e-15
5217.53  3.48693e-15
5219.9   3.43326e-15
5222.28  3.38075e-15
5224.66  3.32984e-15
5227.04  3.28076e-15
5229.42  3.23361e-15
5231.79  3.18839e-15
5234.17  3.14505e-15
5236.55  3.10354e-15
5238.93  3.06388e-15
5241.31  3.02616e-15
5243.68  2.99055e-15
5246.06  2.95729e-15
5248.44  2.92669e-15
5250.82  2.89901e-15
5253.2   2.87453e-15
5255.57  2.8534e-15
5257.95  2.83567e-15
5260.33  2.82126e-15
5262.71  2.80991e-15
5265.09  2.80126e-15
5267.46  2.79479e-15
5269.84  2.78996e-15
5272.22  2.78615e-15
5274.6   2.78282e-15
5276.98  2.77948e-15
5279.36  2.77577e-15
5281.73  2.77151e-15
5284.11  2.76667e-15
5286.49  2.76145e-15
5288.87  2.75618e-15
5291.25  2.75134e-15
5293.62  2.74753e-15
5296     2.74534e-15
5298.38  2.74536e-15
5300.76  2.74809e-15
5303.14  2.75389e-15
5305.51  2.76291e-15
5307.89  2.7751e-15
5310.27  2.79018e-15
5312.65  2.80765e-15
5315.03  2.82681e-15
5317.4   2.84683e-15
5319.78  2.86679e-15
5322.16  2.88578e-15
5324.54  2.90295e-15
5326.92  2.91761e-15
5329.3   2.92927e-15
5331.67  2.93771e-15
5334.05  2.94294e-15
5336.43  2.94528e-15
5338.81  2.94523e-15
5341.19  2.94348e-15
5343.56  2.94078e-15
5345.94  2.93788e-15
5348.32  2.9354e-15
5350.7   2.93383e-15
5353.08  2.93339e-15
5355.45  2.93407e-15
5357.83  2.93559e-15
5360.21  2.9375e-15
5362.59  2.93919e-15
5364.97  2.93999e-15
5367.34  2.93929e-15
5369.72  2.93657e-15
5372.1   2.93151e-15
5374.48  2.92399e-15
5376.86  2.9141e-15
5379.24  2.90209e-15
5381.61  2.88833e-15
5383.99  2.87324e-15
5386.37  2.85718e-15
5388.75  2.8404e-15
5391.13  2.82301e-15
5393.5   2.80494e-15
5395.88  2.78599e-15
5398.26  2.76587e-15
5400.64  2.74424e-15
5403.02  2.72086e-15
5405.39  2.69559e-15
5407.77  2.66849e-15
5410.15  2.63983e-15
5412.53  2.61007e-15
5414.91  2.57983e-15
5417.28  2.54983e-15
5419.66  2.52079e-15
5422.04  2.49339e-15
5424.42  2.46817e-15
5426.8   2.44553e-15
5429.17  2.42569e-15
5431.55  2.40876e-15
5433.93  2.39475e-15
5436.31  2.38362e-15
5438.69  2.37539e-15
5441.07  2.37009e-15
5443.44  2.36787e-15
5445.82  2.36892e-15
5448.2   2.37346e-15
5450.58  2.38168e-15
5452.96  2.39372e-15
5455.33  2.40955e-15
5457.71  2.42895e-15
5460.09  2.45156e-15
5462.47  2.47678e-15
5464.85  2.50393e-15
5467.22  2.5322e-15
5469.6   2.56081e-15
5471.98  2.58904e-15
5474.36  2.61631e-15
5476.74  2.64223e-15
5479.11  2.66661e-15
5481.49  2.68947e-15
5483.87  2.71103e-15
5486.25  2.73165e-15
5488.63  2.75175e-15
5491.01  2.77176e-15
5493.38  2.79205e-15
5495.76  2.81284e-15
5498.14  2.83421e-15
5500.52  2.85598e-15
5502.9   2.87779e-15
5505.27  2.89908e-15
5507.65  2.91913e-15
5510.03  2.93716e-15
5512.41  2.95238e-15
5514.79  2.96409e-15
5517.16  2.97179e-15
5519.54  2.9752e-15
5521.92  2.97435e-15
5524.3   2.96957e-15
5526.68  2.9615e-15
5529.05  2.95103e-15
5531.43  2.93921e-15
5533.81  2.92719e-15
5536.19  2.91609e-15
5538.57  2.90689e-15
5540.95  2.90039e-15
5543.32  2.89708e-15
5545.7   2.8972e-15
5548.08  2.90067e-15
5550.46  2.90716e-15
5552.84  2.91614e-15
5555.21  2.92699e-15
5557.59  2.93904e-15
5559.97  2.95165e-15
5562.35  2.96429e-15
5564.73  2.97657e-15
5567.1   2.98824e-15
5569.48  2.99915e-15
5571.86  3.00929e-15
5574.24  3.01868e-15
5576.62  3.02737e-15
5578.99  3.0354e-15
5581.37  3.04278e-15
5583.75  3.0495e-15
5586.13  3.0555e-15
5588.51  3.06076e-15
5590.88  3.06526e-15
5593.26  3.06904e-15
5595.64  3.07218e-15
5598.02  3.07483e-15
5600.4   3.07715e-15
5602.78  3.0793e-15
5605.15  3.08143e-15
5607.53  3.0836e-15
5609.91  3.08581e-15
5612.29  3.08793e-15
5614.67  3.08978e-15
5617.04  3.09112e-15
5619.42  3.09169e-15
5621.8   3.09128e-15
5624.18  3.08976e-15
5626.56  3.08711e-15
5628.93  3.08343e-15
5631.31  3.07896e-15
5633.69  3.07405e-15
5636.07  3.06907e-15
5638.45  3.06444e-15
5640.82  3.0605e-15
5643.2   3.05749e-15
5645.58  3.05553e-15
5647.96  3.05459e-15
5650.34  3.05446e-15
5652.72  3.05483e-15
5655.09  3.05529e-15
5657.47  3.05536e-15
5659.85  3.05461e-15
5662.23  3.05263e-15
5664.61  3.04914e-15
5666.98  3.04394e-15
5669.36  3.037e-15
5671.74  3.02841e-15
5674.12  3.01835e-15
5676.5   3.00709e-15
5678.87  2.99493e-15
5681.25  2.98219e-15
5683.63  2.96911e-15
5686.01  2.9559e-15
5688.39  2.94268e-15
5690.76  2.92948e-15
5693.14  2.91626e-15
5695.52  2.90291e-15
5697.9   2.88928e-15
5700.28  2.87522e-15
5702.66  2.86056e-15
5705.03  2.84519e-15
5707.41  2.82902e-15
5709.79  2.81204e-15
5712.17  2.79427e-15
5714.55  2.77582e-15
5716.92  2.75681e-15
5719.3   2.73743e-15
5721.68  2.71788e-15
5724.06  2.6984e-15
5726.44  2.6792e-15
5728.81  2.66054e-15
5731.19  2.64261e-15
5733.57  2.62562e-15
5735.95  2.60972e-15
5738.33  2.59504e-15
5740.7   2.58167e-15
5743.08  2.56964e-15
5745.46  2.55896e-15
5747.84  2.5496e-15
5750.22  2.5415e-15
5752.59  2.53458e-15
5754.97  2.52875e-15
5757.35  2.52391e-15
5759.73  2.51998e-15
5762.11  2.51688e-15
5764.49  2.51455e-15
5766.86  2.51292e-15
5769.24  2.51196e-15
5771.62  2.51165e-15
5774     2.51197e-15
5776.38  2.51292e-15
5778.75  2.5145e-15
5781.13  2.51672e-15
5783.51  2.51959e-15
5785.89  2.52314e-15
5788.27  2.52735e-15
5790.64  2.53224e-15
5793.02  2.53778e-15
5795.4   2.54394e-15
5797.78  2.55064e-15
5800.16  2.55781e-15
5802.53  2.56532e-15
5804.91  2.57305e-15
5807.29  2.58086e-15
5809.67  2.5886e-15
5812.05  2.59617e-15
5814.43  2.60345e-15
5816.8   2.61037e-15
5819.18  2.61691e-15
5821.56  2.62308e-15
5823.94  2.62891e-15
5826.32  2.63448e-15
5828.69  2.63988e-15
5831.07  2.64522e-15
5833.45  2.65062e-15
5835.83  2.65619e-15
5838.21  2.66205e-15
5840.58  2.66827e-15
5842.96  2.67496e-15
5845.34  2.68216e-15
5847.72  2.68987e-15
5850.1   2.69806e-15
5852.47  2.70662e-15
5854.85  2.71538e-15
5857.23  2.72409e-15
5859.61  2.73246e-15
5861.99  2.74017e-15
5864.37  2.74691e-15
5866.74  2.75242e-15
5869.12  2.75653e-15
5871.5   2.75917e-15
5873.88  2.76045e-15
5876.26  2.76059e-15
5878.63  2.75993e-15
5881.01  2.7589e-15
5883.39  2.75795e-15
5885.77  2.7575e-15
5888.15  2.75786e-15
5890.52  2.75923e-15
5892.9   2.76164e-15
5895.28  2.76499e-15
5897.66  2.76902e-15
5900.04  2.77342e-15
5902.41  2.77781e-15
5904.79  2.78186e-15
5907.17  2.78529e-15
5909.55  2.78793e-15
5911.93  2.78971e-15
5914.3   2.79067e-15
5916.68  2.79093e-15
5919.06  2.79066e-15
5921.44  2.79005e-15
5923.82  2.78924e-15
5926.2   2.78834e-15
5928.57  2.78741e-15
5930.95  2.78641e-15
5933.33  2.78526e-15
5935.71  2.78384e-15
5938.09  2.78202e-15
5940.46  2.77965e-15
5942.84  2.77665e-15
5945.22  2.77294e-15
5947.6   2.7685e-15
5949.98  2.76335e-15
5952.35  2.75754e-15
5954.73  2.75113e-15
5957.11  2.74419e-15
5959.49  2.7368e-15
5961.87  2.72901e-15
5964.24  2.72086e-15
5966.62  2.71239e-15
5969     2.70365e-15
5971.38  2.69467e-15
5973.76  2.6855e-15
5976.14  2.6762e-15
5978.51  2.66684e-15
5980.89  2.65746e-15
5983.27  2.64808e-15
5985.65  2.6387e-15
5988.03  2.62925e-15
5990.4   2.61962e-15
5992.78  2.60967e-15
5995.16  2.59923e-15
5997.54  2.58812e-15
5999.92  2.57617e-15
6002.29  2.56326e-15
6004.67  2.54932e-15
6007.05  2.53435e-15
6009.43  2.51837e-15
6011.81  2.50145e-15
6014.18  2.48367e-15
6016.56  2.4651e-15
6018.94  2.44576e-15
6021.32  2.42559e-15
6023.7   2.40448e-15
6026.08  2.38225e-15
6028.45  2.35864e-15
6030.83  2.3334e-15
6033.21  2.30629e-15
6035.59  2.27709e-15
6037.97  2.24569e-15
6040.34  2.2121e-15
6042.72  2.17641e-15
6045.1   2.13887e-15
6047.48  2.0998e-15
6049.86  2.05958e-15
6052.23  2.01863e-15
6054.61  1.97734e-15
6056.99  1.93603e-15
6059.37  1.89496e-15
6061.75  1.85429e-15
6064.12  1.81406e-15
6066.5   1.77429e-15
6068.88  1.73491e-15
6071.26  1.69588e-15
6073.64  1.65718e-15
6076.01  1.61885e-15
6078.39  1.581e-15
6080.77  1.54382e-15
6083.15  1.50757e-15
6085.53  1.47253e-15
6087.91  1.43901e-15
6090.28  1.40726e-15
6092.66  1.37752e-15
6095.04  1.34991e-15
6097.42  1.32448e-15
6099.8   1.30122e-15
6102.17  1.28004e-15
6104.55  1.26084e-15
6106.93  1.24348e-15
6109.31  1.22786e-15
6111.69  1.21392e-15
6114.06  1.20163e-15
6116.44  1.19103e-15
6118.82  1.18217e-15
6121.2   1.17516e-15
6123.58  1.17008e-15
6125.95  1.16704e-15
6128.33  1.16609e-15
6130.71  1.16729e-15
6133.09  1.17067e-15
6135.47  1.17624e-15
6137.85  1.18398e-15
6140.22  1.1939e-15
6142.6   1.20597e-15
6144.98  1.22018e-15
6147.36  1.23651e-15
6149.74  1.25492e-15
6152.11  1.27537e-15
6154.49  1.29779e-15
6156.87  1.32207e-15
6159.25  1.34809e-15
6161.63  1.37569e-15
6164     1.40468e-15
6166.38  1.43484e-15
6168.76  1.46592e-15
6171.14  1.49768e-15
6173.52  1.52983e-15
6175.89  1.5621e-15
6178.27  1.59419e-15
6180.65  1.62583e-15
6183.03  1.65677e-15
6185.41  1.68679e-15
6187.79  1.71574e-15
6190.16  1.7435e-15
6192.54  1.77005e-15
6194.92  1.79542e-15
6197.3   1.81972e-15
6199.68  1.84313e-15
6202.05  1.86584e-15
6204.43  1.88809e-15
6206.81  1.9101e-15
6209.19  1.93209e-15
6211.57  1.95422e-15
6213.94  1.97661e-15
6216.32  1.99933e-15
6218.7   2.02239e-15
6221.08  2.04574e-15
6223.46  2.06931e-15
6225.83  2.09297e-15
6228.21  2.1166e-15
6230.59  2.14002e-15
6232.97  2.16311e-15
6235.35  2.18569e-15
6237.72  2.20766e-15
6240.1   2.22888e-15
6242.48  2.24929e-15
6244.86  2.26885e-15
6247.24  2.28755e-15
6249.62  2.30542e-15
6251.99  2.32254e-15
6254.37  2.339e-15
6256.75  2.35489e-15
6259.13  2.37031e-15
6261.51  2.38529e-15
6263.88  2.39987e-15
6266.26  2.41399e-15
6268.64  2.42758e-15
6271.02  2.44051e-15
6273.4   2.45263e-15
6275.77  2.4638e-15
6278.15  2.4739e-15
6280.53  2.48286e-15
6282.91  2.49066e-15
6285.29  2.49734e-15
6287.66  2.50298e-15
6290.04  2.5077e-15
6292.42  2.51159e-15
6294.8   2.51474e-15
6297.18  2.51717e-15
6299.56  2.51886e-15
6301.93  2.51977e-15
6304.31  2.5198e-15
6306.69  2.51886e-15
6309.07  2.51691e-15
6311.45  2.51392e-15
6313.82  2.50996e-15
6316.2   2.50515e-15
6318.58  2.49966e-15
6320.96  2.49368e-15
6323.34  2.48742e-15
6325.71  2.48105e-15
6328.09  2.4747e-15
6330.47  2.46845e-15
6332.85  2.4623e-15
6335.23  2.45627e-15
6337.6   2.45035e-15
6339.98  2.44454e-15
6342.36  2.43892e-15
6344.74  2.43361e-15
6347.12  2.4288e-15
6349.5   2.42474e-15
6351.87  2.42168e-15
6354.25  2.41987e-15
6356.63  2.41951e-15
6359.01  2.42071e-15
6361.39  2.42346e-15
6363.76  2.42764e-15
6366.14  2.43299e-15
6368.52  2.43919e-15
6370.9   2.44581e-15
6373.28  2.45241e-15
6375.65  2.45859e-15
6378.03  2.46398e-15
6380.41  2.46831e-15
6382.79  2.47138e-15
6385.17  2.47315e-15
6387.54  2.47363e-15
6389.92  2.47292e-15
6392.3   2.47119e-15
6394.68  2.4686e-15
6397.06  2.46532e-15
6399.43  2.4615e-15
6401.81  2.45724e-15
6404.19  2.4526e-15
6406.57  2.44761e-15
6408.95  2.44228e-15
6411.33  2.43661e-15
6413.7   2.43061e-15
6416.08  2.4243e-15
6418.46  2.41776e-15
6420.84  2.41106e-15
6423.22  2.40431e-15
6425.59  2.39764e-15
6427.97  2.39117e-15
6430.35  2.385e-15
6432.73  2.3792e-15
6435.11  2.37381e-15
6437.48  2.36879e-15
6439.86  2.36407e-15
6442.24  2.35954e-15
6444.62  2.35505e-15
6447     2.35044e-15
6449.37  2.34556e-15
6451.75  2.34029e-15
6454.13  2.33456e-15
6456.51  2.32838e-15
6458.89  2.3218e-15
6461.27  2.31495e-15
6463.64  2.30798e-15
6466.02  2.3011e-15
6468.4   2.29446e-15
6470.78  2.28823e-15
6473.16  2.28247e-15
6475.53  2.27719e-15
6477.91  2.27233e-15
6480.29  2.26773e-15
6482.67  2.26322e-15
6485.05  2.25856e-15
6487.42  2.25357e-15
6489.8   2.24808e-15
6492.18  2.24203e-15
6494.56  2.23541e-15
6496.94  2.22834e-15
6499.31  2.22098e-15
6501.69  2.21359e-15
6504.07  2.20641e-15
6506.45  2.1997e-15
6508.83  2.19367e-15
6511.2   2.18845e-15
6513.58  2.18407e-15
6515.96  2.18049e-15
6518.34  2.17757e-15
6520.72  2.17512e-15
6523.1   2.17291e-15
6525.47  2.17068e-15
6527.85  2.16824e-15
6530.23  2.1654e-15
6532.61  2.16207e-15
6534.99  2.15823e-15
6537.36  2.15391e-15
6539.74  2.14921e-15
6542.12  2.14429e-15
6544.5   2.13931e-15
6546.88  2.13442e-15
6549.25  2.12978e-15
6551.63  2.12547e-15
6554.01  2.12155e-15
6556.39  2.11801e-15
6558.77  2.11477e-15
6561.14  2.11173e-15
6563.52  2.10874e-15
6565.9   2.10563e-15
6568.28  2.10227e-15
6570.66  2.09852e-15
6573.04  2.0943e-15
6575.41  2.08957e-15
6577.79  2.08434e-15
6580.17  2.07869e-15
6582.55  2.0727e-15
6584.93  2.0665e-15
6587.3   2.06022e-15
6589.68  2.05397e-15
6592.06  2.04784e-15
6594.44  2.04189e-15
6596.82  2.03613e-15
6599.19  2.03054e-15
6601.57  2.02507e-15
6603.95  2.01964e-15
6606.33  2.01418e-15
6608.71  2.00864e-15
6611.08  2.00297e-15
6613.46  1.99719e-15
6615.84  1.99131e-15
6618.22  1.98541e-15
6620.6   1.97958e-15
6622.98  1.97392e-15
6625.35  1.96852e-15
6627.73  1.96348e-15
6630.11  1.95884e-15
6632.49  1.95462e-15
6634.87  1.95079e-15
6637.24  1.94731e-15
6639.62  1.94408e-15
6642     1.94104e-15
6644.38  1.93808e-15
6646.76  1.93513e-15
6649.13  1.93216e-15
6651.51  1.92913e-15
6653.89  1.92605e-15
6656.27  1.92292e-15
6658.65  1.91978e-15
6661.02  1.91663e-15
6663.4   1.91348e-15
6665.78  1.91031e-15
6668.16  1.90707e-15
6670.54  1.90372e-15
6672.91  1.90017e-15
6675.29  1.89637e-15
6677.67  1.89225e-15
6680.05  1.88777e-15
6682.43  1.88291e-15
6684.81  1.87767e-15
6687.18  1.8721e-15
6689.56  1.86625e-15
6691.94  1.8602e-15
6694.32  1.85403e-15
6696.7   1.84784e-15
6699.07  1.8417e-15
6701.45  1.8357e-15
6703.83  1.82987e-15
6706.21  1.82426e-15
6708.59  1.81886e-15
6710.96  1.81369e-15
6713.34  1.80871e-15
6715.72  1.8039e-15
6718.1   1.79922e-15
6720.48  1.79465e-15
6722.85  1.79017e-15
6725.23  1.78576e-15
6727.61  1.78143e-15
6729.99  1.77719e-15
6732.37  1.77304e-15
6734.75  1.769e-15
6737.12  1.76508e-15
6739.5   1.76129e-15
6741.88  1.7576e-15
6744.26  1.75401e-15
6746.64  1.75047e-15
6749.01  1.74694e-15
6751.39  1.74339e-15
6753.77  1.73977e-15
6756.15  1.73604e-15
6758.53  1.73219e-15
6760.9   1.72822e-15
6763.28  1.72413e-15
6765.66  1.71995e-15
6768.04  1.71572e-15
6770.42  1.71149e-15
6772.79  1.70731e-15
6775.17  1.70323e-15
6777.55  1.69929e-15
6779.93  1.69553e-15
6782.31  1.69198e-15
6784.69  1.68864e-15
6787.06  1.68552e-15
6789.44  1.68262e-15
6791.82  1.67989e-15
6794.2   1.67733e-15
6796.58  1.6749e-15
6798.95  1.67256e-15
6801.33  1.67029e-15
6803.71  1.66806e-15
6806.09  1.66584e-15
6808.47  1.66363e-15
6810.84  1.6614e-15
6813.22  1.65914e-15
6815.6   1.65684e-15
6817.98  1.6545e-15
6820.36  1.6521e-15
6822.73  1.64963e-15
6825.11  1.6471e-15
6827.49  1.64449e-15
6829.87  1.64182e-15
6832.25  1.63907e-15
6834.62  1.63626e-15
6837     1.6334e-15
6839.38  1.63049e-15
6841.76  1.62756e-15
6844.14  1.6246e-15
6846.52  1.62162e-15
6848.89  1.61861e-15
6851.27  1.61557e-15
6853.65  1.61249e-15
6856.03  1.60933e-15
6858.41  1.6061e-15
6860.78  1.60277e-15
6863.16  1.59935e-15
6865.54  1.59583e-15
6867.92  1.59224e-15
6870.3   1.58862e-15
6872.67  1.585e-15
6875.05  1.58146e-15
6877.43  1.57804e-15
6879.81  1.57484e-15
6882.19  1.57189e-15
6884.56  1.56926e-15
6886.94  1.56697e-15
6889.32  1.56502e-15
6891.7   1.56338e-15
6894.08  1.56201e-15
6896.46  1.56083e-15
6898.83  1.55973e-15
6901.21  1.55862e-15
6903.59  1.55741e-15
6905.97  1.55601e-15
6908.35  1.55439e-15
6910.72  1.55255e-15
6913.1   1.55054e-15
6915.48  1.54843e-15
6917.86  1.54633e-15
6920.24  1.54435e-15
6922.61  1.54259e-15
6924.99  1.54113e-15
6927.37  1.53999e-15
6929.75  1.53913e-15
6932.13  1.53847e-15
6934.5   1.5379e-15
6936.88  1.53725e-15
6939.26  1.53637e-15
6941.64  1.53512e-15
6944.02  1.53339e-15
6946.4   1.53111e-15
6948.77  1.52828e-15
6951.15  1.52492e-15
6953.53  1.52108e-15
6955.91  1.51686e-15
6958.29  1.51234e-15
6960.66  1.50759e-15
6963.04  1.50267e-15
6965.42  1.49763e-15
6967.8   1.49252e-15
6970.18  1.48737e-15
6972.55  1.48224e-15
6974.93  1.47718e-15
6977.31  1.47228e-15
6979.69  1.46765e-15
6982.07  1.4634e-15
6984.44  1.45967e-15
6986.82  1.45655e-15
6989.2   1.45414e-15
6991.58  1.45251e-15
6993.96  1.45166e-15
6996.33  1.45158e-15
6998.71  1.4522e-15
7001.09  1.45344e-15
7003.47  1.45517e-15
7005.85  1.45728e-15
7008.23  1.45963e-15
7010.6   1.46209e-15
7012.98  1.46455e-15
7015.36  1.46692e-15
7017.74  1.4691e-15
7020.12  1.47103e-15
7022.49  1.47268e-15
7024.87  1.47403e-15
7027.25  1.47506e-15
7029.63  1.4758e-15
7032.01  1.47628e-15
7034.38  1.47654e-15
7036.76  1.47662e-15
7039.14  1.47656e-15
7041.52  1.47639e-15
7043.9   1.47614e-15
7046.27  1.47579e-15
7048.65  1.47536e-15
7051.03  1.47481e-15
7053.41  1.47413e-15
7055.79  1.4733e-15
7058.17  1.47235e-15
7060.54  1.47128e-15
7062.92  1.47015e-15
7065.3   1.46903e-15
7067.68  1.468e-15
7070.06  1.46714e-15
7072.43  1.46655e-15
7074.81  1.46626e-15
7077.19  1.46632e-15
7079.57  1.4667e-15
7081.95  1.46736e-15
7084.32  1.46822e-15
7086.7   1.46917e-15
7089.08  1.47009e-15
7091.46  1.47087e-15
7093.84  1.47141e-15
7096.21  1.47165e-15
7098.59  1.47155e-15
7100.97  1.47111e-15
7103.35  1.47039e-15
7105.73  1.46944e-15
7108.11  1.46833e-15
7110.48  1.46716e-15
7112.86  1.46598e-15
7115.24  1.46485e-15
7117.62  1.46377e-15
7120     1.46275e-15
7122.37  1.46174e-15
7124.75  1.46069e-15
7127.13  1.45954e-15
7129.51  1.45825e-15
7131.89  1.45677e-15
7134.26  1.45509e-15
7136.64  1.45322e-15
7139.02  1.4512e-15
7141.4   1.44911e-15
7143.78  1.44701e-15
7146.15  1.445e-15
7148.53  1.44314e-15
7150.91  1.44149e-15
7153.29  1.44008e-15
7155.67  1.4389e-15
7158.04  1.43794e-15
7160.42  1.43714e-15
7162.8   1.43644e-15
7165.18  1.4358e-15
7167.56  1.43515e-15
7169.94  1.43447e-15
7172.31  1.43373e-15
7174.69  1.43291e-15
7177.07  1.43198e-15
7179.45  1.43092e-15
7181.83  1.42967e-15
7184.2   1.42814e-15
7186.58  1.42621e-15
7188.96  1.42376e-15
7191.34  1.42065e-15
7193.72  1.41676e-15
7196.09  1.41201e-15
7198.47  1.40638e-15
7200.85  1.39993e-15
7203.23  1.39278e-15
7205.61  1.38514e-15
7207.98  1.37726e-15
7210.36  1.36942e-15
7212.74  1.36191e-15
7215.12  1.35499e-15
7217.5   1.34886e-15
7219.88  1.34367e-15
7222.25  1.33947e-15
7224.63  1.33623e-15
7227.01  1.33386e-15
7229.39  1.33223e-15
7231.77  1.33114e-15
7234.14  1.33041e-15
7236.52  1.32986e-15
7238.9   1.32933e-15
7241.28  1.32869e-15
7243.66  1.32788e-15
7246.03  1.32684e-15
7248.41  1.32558e-15
7250.79  1.32414e-15
7253.17  1.32256e-15
7255.55  1.3209e-15
7257.92  1.31924e-15
7260.3   1.31762e-15
7262.68  1.31608e-15
7265.06  1.31465e-15
7267.44  1.31332e-15
7269.82  1.31207e-15
7272.19  1.31087e-15
7274.57  1.30967e-15
7276.95  1.30843e-15
7279.33  1.30708e-15
7281.71  1.3056e-15
7284.08  1.30394e-15
7286.46  1.30209e-15
7288.84  1.30002e-15
7291.22  1.29773e-15
7293.6   1.29523e-15
7295.97  1.29252e-15
7298.35  1.28963e-15
7300.73  1.28657e-15
7303.11  1.28338e-15
7305.49  1.2801e-15
7307.86  1.27677e-15
7310.24  1.27345e-15
7312.62  1.27017e-15
7315     1.26698e-15
7317.38  1.26392e-15
7319.75  1.26101e-15
7322.13  1.25824e-15
7324.51  1.25561e-15
7326.89  1.25309e-15
7329.27  1.25065e-15
7331.65  1.24824e-15
7334.02  1.24583e-15
7336.4   1.2434e-15
7338.78  1.24095e-15
7341.16  1.2385e-15
7343.54  1.23609e-15
7345.91  1.23375e-15
7348.29  1.23152e-15
7350.67  1.22946e-15
7353.05  1.22757e-15
7355.43  1.22585e-15
7357.8   1.22426e-15
7360.18  1.22278e-15
7362.56  1.22135e-15
7364.94  1.21992e-15
7367.32  1.21846e-15
7369.69  1.21699e-15
7372.07  1.21554e-15
7374.45  1.21419e-15
7376.83  1.21303e-15
7379.21  1.21216e-15
7381.59  1.21167e-15
7383.96  1.21162e-15
7386.34  1.21201e-15
7388.72  1.21278e-15
7391.1   1.21382e-15
7393.48  1.21497e-15
7395.85  1.21601e-15
7398.23  1.21674e-15
7400.61  1.21698e-15
7402.99  1.21657e-15
7405.37  1.21542e-15
7407.74  1.21352e-15
7410.12  1.2109e-15
7412.5   1.20768e-15
7414.88  1.20397e-15
7417.26  1.19992e-15
7419.63  1.19565e-15
7422.01  1.19124e-15
7424.39  1.18673e-15
7426.77  1.18208e-15
7429.15  1.17725e-15
7431.53  1.17212e-15
7433.9   1.1666e-15
7436.28  1.1606e-15
7438.66  1.15407e-15
7441.04  1.147e-15
7443.42  1.13945e-15
7445.79  1.13155e-15
7448.17  1.12345e-15
7450.55  1.11535e-15
7452.93  1.10744e-15
7455.31  1.09991e-15
7457.68  1.09291e-15
7460.06  1.08654e-15
7462.44  1.08086e-15
7464.82  1.07583e-15
7467.2   1.07141e-15
7469.57  1.06746e-15
7471.95  1.06385e-15
7474.33  1.06043e-15
7476.71  1.05706e-15
7479.09  1.05363e-15
7481.46  1.05004e-15
7483.84  1.04628e-15
7486.22  1.04236e-15
7488.6   1.03836e-15
7490.98  1.03439e-15
7493.36  1.0306e-15
7495.73  1.02713e-15
7498.11  1.02413e-15
7500.49  1.02174e-15
7502.87  1.02004e-15
7505.25  1.01909e-15
7507.62  1.01887e-15
7510     1.01935e-15
7512.38  1.02045e-15
7514.76  1.02206e-15
7517.14  1.02408e-15
7519.51  1.02641e-15
7521.89  1.02897e-15
7524.27  1.03168e-15
7526.65  1.03451e-15
7529.03  1.03742e-15
7531.4   1.04039e-15
7533.78  1.04337e-15
7536.16  1.04633e-15
7538.54  1.0492e-15
7540.92  1.05192e-15
7543.3   1.05439e-15
7545.67  1.05658e-15
7548.05  1.05844e-15
7550.43  1.05999e-15
7552.81  1.06131e-15
7555.19  1.0625e-15
7557.56  1.06371e-15
7559.94  1.06511e-15
7562.32  1.06684e-15
7564.7   1.06898e-15
7567.08  1.07153e-15
7569.45  1.07442e-15
7571.83  1.07745e-15
7574.21  1.08036e-15
7576.59  1.08287e-15
7578.97  1.08468e-15
7581.34  1.08558e-15
7583.72  1.08545e-15
7586.1   1.08432e-15
7588.48  1.08236e-15
7590.86  1.07986e-15
7593.24  1.07721e-15
7595.61  1.07482e-15
7597.99  1.07309e-15
7600.37  1.0723e-15
7602.75  1.07261e-15
7605.13  1.07401e-15
7607.5   1.07635e-15
7609.88  1.07935e-15
7612.26  1.08266e-15
7614.64  1.08593e-15
7617.02  1.08883e-15
7619.39  1.09115e-15
7621.77  1.09277e-15
7624.15  1.09369e-15
7626.53  1.09404e-15
7628.91  1.09398e-15
7631.28  1.09374e-15
7633.66  1.09354e-15
7636.04  1.09355e-15
7638.42  1.0939e-15
7640.8   1.09462e-15
7643.17  1.09573e-15
7645.55  1.09715e-15
7647.93  1.09879e-15
7650.31  1.10054e-15
7652.69  1.1023e-15
7655.07  1.10396e-15
7657.44  1.10545e-15
7659.82  1.10671e-15
7662.2   1.10769e-15
7664.58  1.10837e-15
7666.96  1.10876e-15
7669.33  1.10886e-15
7671.71  1.10872e-15
7674.09  1.10839e-15
7676.47  1.10797e-15
7678.85  1.10756e-15
7681.22  1.10727e-15
7683.6   1.10723e-15
7685.98  1.10754e-15
7688.36  1.10829e-15
7690.74  1.10951e-15
7693.11  1.11122e-15
7695.49  1.11336e-15
7697.87  1.11585e-15
7700.25  1.11857e-15
7702.63  1.1214e-15
7705.01  1.1242e-15
7707.38  1.12686e-15
7709.76  1.1293e-15
7712.14  1.13147e-15
7714.52  1.13337e-15
7716.9   1.13501e-15
7719.27  1.13643e-15
7721.65  1.13769e-15
7724.03  1.13885e-15
7726.41  1.13996e-15
7728.79  1.14105e-15
7731.16  1.14215e-15
7733.54  1.14327e-15
7735.92  1.1444e-15
7738.3   1.14553e-15
7740.68  1.14665e-15
7743.05  1.14775e-15
7745.43  1.1488e-15
7747.81  1.14982e-15
7750.19  1.15078e-15
7752.57  1.15167e-15
7754.95  1.15249e-15
7757.32  1.15322e-15
7759.7   1.15384e-15
7762.08  1.15432e-15
7764.46  1.15464e-15
7766.84  1.1548e-15
7769.21  1.15477e-15
7771.59  1.15455e-15
7773.97  1.15418e-15
7776.35  1.15366e-15
7778.73  1.15305e-15
7781.1   1.15237e-15
7783.48  1.15169e-15
7785.86  1.15104e-15
7788.24  1.15046e-15
7790.62  1.14995e-15
7792.99  1.14953e-15
7795.37  1.14916e-15
7797.75  1.14878e-15
7800.13  1.14833e-15
7802.51  1.1477e-15
7804.88  1.14678e-15
7807.26  1.14545e-15
7809.64  1.14358e-15
7812.02  1.1411e-15
7814.4   1.13792e-15
7816.78  1.13403e-15
7819.15  1.12946e-15
7821.53  1.12429e-15
7823.91  1.11864e-15
7826.29  1.11268e-15
7828.67  1.10662e-15
7831.04  1.10063e-15
7833.42  1.09491e-15
7835.8   1.0896e-15
7838.18  1.08482e-15
7840.56  1.08062e-15
7842.93  1.07701e-15
7845.31  1.07393e-15
7847.69  1.07132e-15
7850.07  1.06907e-15
7852.45  1.06709e-15
7854.82  1.06527e-15
7857.2   1.06354e-15
7859.58  1.06185e-15
7861.96  1.06019e-15
7864.34  1.05857e-15
7866.72  1.057e-15
7869.09  1.05554e-15
7871.47  1.05423e-15
7873.85  1.05311e-15
7876.23  1.05219e-15
7878.61  1.05149e-15
7880.98  1.05095e-15
7883.36  1.05054e-15
7885.74  1.05016e-15
7888.12  1.04972e-15
7890.5   1.0491e-15
7892.87  1.0482e-15
7895.25  1.04693e-15
7897.63  1.04522e-15
7900.01  1.04302e-15
7902.39  1.04035e-15
7904.76  1.03724e-15
7907.14  1.03376e-15
7909.52  1.03002e-15
7911.9   1.02612e-15
7914.28  1.02219e-15
7916.66  1.01833e-15
7919.03  1.01463e-15
7921.41  1.01115e-15
7923.79  1.00793e-15
7926.17  1.00496e-15
7928.55  1.00222e-15
7930.92  9.99657e-16
7933.3   9.97228e-16
7935.68  9.9487e-16
7938.06  9.92535e-16
7940.44  9.90181e-16
7942.81  9.87781e-16
7945.19  9.85315e-16
7947.57  9.82771e-16
7949.95  9.80133e-16
7952.33  9.77377e-16
7954.7   9.74465e-16
7957.08  9.71346e-16
7959.46  9.67952e-16
7961.84  9.64212e-16
7964.22  9.60057e-16
7966.59  9.55436e-16
7968.97  9.50326e-16
7971.35  9.44746e-16
7973.73  9.38758e-16
7976.11  9.32474e-16
7978.49  9.26045e-16
7980.86  9.19649e-16
7983.24  9.13475e-16
7985.62  9.07704e-16
7988     9.02487e-16
7990.38  8.97933e-16
7992.75  8.94098e-16
7995.13  8.90977e-16
7997.51  8.88518e-16
7999.89  8.86625e-16
8002.27  8.85181e-16
8004.64  8.84063e-16
8007.02  8.83159e-16
8009.4   8.8239e-16
8011.78  8.81712e-16
8014.16  8.81124e-16
8016.53  8.80661e-16
8018.91  8.8039e-16
8021.29  8.8039e-16
8023.67  8.80745e-16
8026.05  8.8152e-16
8028.43  8.82762e-16
8030.8   8.84481e-16
8033.18  8.86654e-16
8035.56  8.89229e-16
8037.94  8.92127e-16
8040.32  8.95253e-16
8042.69  8.9851e-16
8045.07  9.01801e-16
8047.45  9.05044e-16
8049.83  9.0817e-16
8052.21  9.11128e-16
8054.58  9.13883e-16
8056.96  9.16409e-16
8059.34  9.18689e-16
8061.72  9.20708e-16
8064.1   9.22452e-16
8066.47  9.23907e-16
8068.85  9.25061e-16
8071.23  9.25908e-16
8073.61  9.26451e-16
8075.99  9.26705e-16
8078.36  9.26699e-16
8080.74  9.26472e-16
8083.12  9.26072e-16
8085.5   9.25547e-16
8087.88  9.24938e-16
8090.26  9.24272e-16
8092.63  9.2356e-16
8095.01  9.22793e-16
8097.39  9.21945e-16
8099.77  9.2098e-16
8102.15  9.1986e-16
8104.52  9.18555e-16
8106.9   9.17049e-16
8109.28  9.15346e-16
8111.66  9.13469e-16
8114.04  9.11452e-16
8116.41  9.09339e-16
8118.79  9.07165e-16
8121.17  9.04947e-16
8123.55  9.02676e-16
8125.93  9.0031e-16
8128.3   8.97774e-16
8130.68  8.94969e-16
8133.06  8.91783e-16
8135.44  8.88106e-16
8137.82  8.83847e-16
8140.2   8.78952e-16
8142.57  8.73417e-16
8144.95  8.67289e-16
8147.33  8.60667e-16
8149.71  8.53694e-16
8152.09  8.4654e-16
8154.46  8.3938e-16
8156.84  8.32376e-16
8159.22  8.25653e-16
8161.6   8.19285e-16
8163.98  8.13286e-16
8166.35  8.07604e-16
8168.73  8.02138e-16
8171.11  7.96741e-16
8173.49  7.91251e-16
8175.87  7.8551e-16
8178.24  7.79388e-16
8180.62  7.72808e-16
8183     7.65756e-16
8185.38  7.58294e-16
8187.76  7.50555e-16
8190.14  7.42734e-16
8192.51  7.35068e-16
8194.89  7.27814e-16
8197.27  7.2122e-16
8199.65  7.15497e-16
8202.03  7.10798e-16
8204.4   7.072e-16
8206.78  7.04696e-16
8209.16  7.03199e-16
8211.54  7.02552e-16
8213.92  7.02552e-16
8216.29  7.02974e-16
8218.67  7.03597e-16
8221.05  7.04232e-16
8223.43  7.04739e-16
8225.81  7.05039e-16
8228.18  7.05116e-16
8230.56  7.05013e-16
8232.94  7.04811e-16
8235.32  7.04614e-16
8237.7   7.04529e-16
8240.07  7.04645e-16
8242.45  7.05022e-16
8244.83  7.05682e-16
8247.21  7.06607e-16
8249.59  7.07748e-16
8251.97  7.09033e-16
8254.34  7.10377e-16
8256.72  7.11695e-16
8259.1   7.12911e-16
8261.48  7.13962e-16
8263.86  7.14802e-16
8266.23  7.15396e-16
8268.61  7.1572e-16
8270.99  7.15754e-16
8273.37  7.15483e-16
8275.75  7.14889e-16
8278.12  7.13958e-16
8280.5   7.12682e-16
8282.88  7.11061e-16
8285.26  7.09108e-16
8287.64  7.06856e-16
8290.01  7.04358e-16
8292.39  7.01684e-16
8294.77  6.98922e-16
8297.15  6.96168e-16
8299.53  6.93521e-16
8301.91  6.91074e-16
8304.28  6.88908e-16
8306.66  6.87088e-16
8309.04  6.8566e-16
8311.42  6.84651e-16
8313.8   6.84072e-16
8316.17  6.83925e-16
8318.55  6.84205e-16
8320.93  6.84906e-16
8323.31  6.86025e-16
8325.69  6.87562e-16
8328.06  6.89518e-16
8330.44  6.91894e-16
8332.82  6.94684e-16
8335.2   6.97873e-16
8337.58  7.0143e-16
8339.95  7.05309e-16
8342.33  7.09447e-16
8344.71  7.13769e-16
8347.09  7.18194e-16
8349.47  7.22644e-16
8351.85  7.27047e-16
8354.22  7.31353e-16
8356.6   7.3553e-16
8358.98  7.39575e-16
8361.36  7.43505e-16
8363.74  7.47357e-16
8366.11  7.51179e-16
8368.49  7.55022e-16
8370.87  7.58929e-16
8373.25  7.62933e-16
8375.63  7.67048e-16
8378     7.71272e-16
8380.38  7.75583e-16
8382.76  7.7995e-16
8385.14  7.84334e-16
8387.52  7.88693e-16
8389.89  7.92989e-16
8392.27  7.97188e-16
8394.65  8.01266e-16
8397.03  8.05205e-16
8399.41  8.08998e-16
8401.78  8.12641e-16
8404.16  8.16139e-16
8406.54  8.19501e-16
8408.92  8.22741e-16
8411.3   8.2588e-16
8413.68  8.28942e-16
8416.05  8.31955e-16
8418.43  8.34947e-16
8420.81  8.37947e-16
8423.19  8.40984e-16
8425.57  8.44077e-16
8427.94  8.47241e-16
8430.32  8.5048e-16
8432.7   8.5379e-16
8435.08  8.57155e-16
8437.46  8.60551e-16
8439.83  8.63943e-16
8442.21  8.67296e-16
8444.59  8.70568e-16
8446.97  8.73722e-16
8449.35  8.76724e-16
8451.72  8.79546e-16
8454.1   8.82171e-16
8456.48  8.84591e-16
8458.86  8.86806e-16
8461.24  8.88827e-16
8463.62  8.90673e-16
8465.99  8.92366e-16
8468.37  8.93934e-16
8470.75  8.95405e-16
8473.13  8.96806e-16
8475.51  8.98163e-16
8477.88  8.99496e-16
8480.26  9.00822e-16
8482.64  9.02149e-16
8485.02  9.03481e-16
8487.4   9.04816e-16
8489.77  9.06146e-16
8492.15  9.07458e-16
8494.53  9.08736e-16
8496.91  9.09961e-16
8499.29  9.11115e-16
8501.66  9.12179e-16
8504.04  9.13137e-16
8506.42  9.13976e-16
8508.8   9.14687e-16
8511.18  9.15268e-16
8513.56  9.15719e-16
8515.93  9.16053e-16
8518.31  9.16285e-16
8520.69  9.16439e-16
8523.07  9.16544e-16
8525.45  9.1663e-16
8527.82  9.16724e-16
8530.2   9.16847e-16
8532.58  9.17009e-16
8534.96  9.17204e-16
8537.34  9.1741e-16
8539.71  9.17591e-16
8542.09  9.177e-16
8544.47  9.17685e-16
8546.85  9.17496e-16
8549.23  9.17094e-16
8551.6   9.16461e-16
8553.98  9.15599e-16
8556.36  9.14534e-16
8558.74  9.13317e-16
8561.12  9.12013e-16
8563.49  9.10701e-16
8565.87  9.09456e-16
8568.25  9.08349e-16
8570.63  9.07431e-16
8573.01  9.06734e-16
8575.39  9.06262e-16
8577.76  9.05996e-16
8580.14  9.05894e-16
8582.52  9.05898e-16
8584.9   9.0594e-16
8587.28  9.0595e-16
8589.65  9.05862e-16
8592.03  9.05623e-16
8594.41  9.05199e-16
8596.79  9.04574e-16
8599.17  9.03757e-16
8601.54  9.02776e-16
8603.92  9.01679e-16
8606.3   9.00527e-16
8608.68  8.99391e-16
8611.06  8.9834e-16
8613.43  8.97437e-16
8615.81  8.96729e-16
8618.19  8.96246e-16
8620.57  8.95994e-16
8622.95  8.95952e-16
8625.33  8.96082e-16
8627.7   8.96325e-16
8630.08  8.96614e-16
8632.46  8.9688e-16
8634.84  8.97058e-16
8637.22  8.97098e-16
8639.59  8.96968e-16
8641.97  8.9666e-16
8644.35  8.96187e-16
8646.73  8.95583e-16
8649.11  8.94898e-16
8651.48  8.94188e-16
8653.86  8.93514e-16
8656.24  8.92927e-16
8658.62  8.92461e-16
8661     8.92135e-16
8663.37  8.91938e-16
8665.75  8.91841e-16
8668.13  8.91793e-16
8670.51  8.91731e-16
8672.89  8.91585e-16
8675.27  8.91293e-16
8677.64  8.90808e-16
8680.02  8.90103e-16
8682.4   8.89179e-16
8684.78  8.88067e-16
8687.16  8.8682e-16
8689.53  8.85512e-16
8691.91  8.84224e-16
8694.29  8.83037e-16
8696.67  8.82017e-16
8699.05  8.8121e-16
8701.42  8.80634e-16
8703.8   8.80275e-16
8706.18  8.80094e-16
8708.56  8.80027e-16
8710.94  8.79998e-16
8713.31  8.79926e-16
8715.69  8.79737e-16
8718.07  8.7937e-16
8720.45  8.78789e-16
8722.83  8.77981e-16
8725.2   8.76957e-16
8727.58  8.75754e-16
8729.96  8.7442e-16
8732.34  8.73017e-16
8734.72  8.71604e-16
8737.1   8.70232e-16
8739.47  8.6894e-16
8741.85  8.67748e-16
8744.23  8.66657e-16
8746.61  8.65653e-16
8748.99  8.6471e-16
8751.36  8.63798e-16
8753.74  8.62887e-16
8756.12  8.61955e-16
8758.5   8.60986e-16
8760.88  8.59973e-16
8763.25  8.58911e-16
8765.63  8.57797e-16
8768.01  8.56618e-16
8770.39  8.55356e-16
8772.77  8.53978e-16
8775.14  8.52449e-16
8777.52  8.50728e-16
8779.9   8.48782e-16
8782.28  8.46588e-16
8784.66  8.44143e-16
8787.04  8.41464e-16
8789.41  8.38585e-16
8791.79  8.35553e-16
8794.17  8.32421e-16
8796.55  8.29237e-16
8798.93  8.26035e-16
8801.3   8.22837e-16
8803.68  8.1964e-16
8806.06  8.16428e-16
8808.44  8.13173e-16
8810.82  8.0984e-16
8813.19  8.06402e-16
8815.57  8.02839e-16
8817.95  7.99146e-16
8820.33  7.95334e-16
8822.71  7.91427e-16
8825.08  7.8746e-16
8827.46  7.83471e-16
8829.84  7.79493e-16
8832.22  7.75553e-16
8834.6   7.71665e-16
8836.98  7.67832e-16
8839.35  7.64042e-16
8841.73  7.60278e-16
8844.11  7.56516e-16
8846.49  7.52736e-16
8848.87  7.48924e-16
8851.24  7.45078e-16
8853.62  7.41205e-16
8856     7.37323e-16
8858.38  7.33458e-16
8860.76  7.29637e-16
8863.13  7.25883e-16
8865.51  7.22209e-16
8867.89  7.18619e-16
8870.27  7.15101e-16
8872.65  7.11636e-16
8875.02  7.08202e-16
8877.4   7.04781e-16
8879.78  7.01369e-16
8882.16  6.97976e-16
8884.54  6.94635e-16
8886.91  6.91396e-16
8889.29  6.88318e-16
8891.67  6.85468e-16
8894.05  6.82903e-16
8896.43  6.80665e-16
8898.81  6.78776e-16
8901.18  6.77233e-16
8903.56  6.76012e-16
8905.94  6.7507e-16
8908.32  6.74359e-16
8910.7   6.73828e-16
8913.07  6.7343e-16
8915.45  6.73133e-16
8917.83  6.72913e-16
8920.21  6.7276e-16
8922.59  6.72671e-16
8924.96  6.7265e-16
8927.34  6.72697e-16
8929.72  6.72815e-16
8932.1   6.73001e-16
8934.48  6.73249e-16
8936.85  6.73555e-16
8939.23  6.73915e-16
8941.61  6.74333e-16
8943.99  6.7482e-16
8946.37  6.75396e-16
8948.75  6.76091e-16
8951.12  6.76936e-16
8953.5   6.77961e-16
8955.88  6.79186e-16
8958.26  6.80614e-16
8960.64  6.82222e-16
8963.01  6.83961e-16
8965.39  6.85758e-16
8967.77  6.87521e-16
8970.15  6.8915e-16
8972.53  6.90557e-16
8974.9   6.91679e-16
8977.28  6.92494e-16
8979.66  6.93029e-16
8982.04  6.93364e-16
8984.42  6.93619e-16
8986.79  6.93941e-16
8989.17  6.94474e-16
8991.55  6.95337e-16
8993.93  6.96592e-16
8996.31  6.9823e-16
8998.69  7.00159e-16
9001.06  7.02211e-16
9003.44  7.04158e-16
9005.82  7.05743e-16
9008.2   7.06717e-16
9010.58  7.0687e-16
9012.95  7.06069e-16
9015.33  7.04275e-16
9017.71  7.01557e-16
9020.09  6.9808e-16
9022.47  6.94092e-16
9024.84  6.89889e-16
9027.22  6.85783e-16
9029.6   6.82063e-16
9031.98  6.7896e-16
9034.36  6.76627e-16
9036.73  6.75122e-16
9039.11  6.74409e-16
9041.49  6.74372e-16
9043.87  6.74834e-16
9046.25  6.75588e-16
9048.62  6.76428e-16
9051     6.77174e-16
9053.38  6.77697e-16
9055.76  6.77929e-16
9058.14  6.77867e-16
9060.52  6.7756e-16
9062.89  6.77103e-16
9065.27  6.76608e-16
9067.65  6.76188e-16
9070.03  6.75941e-16
9072.41  6.75934e-16
9074.78  6.762e-16
9077.16  6.76734e-16
9079.54  6.77502e-16
9081.92  6.78448e-16
9084.3   6.79507e-16
9086.67  6.80611e-16
9089.05  6.81701e-16
9091.43  6.82733e-16
9093.81  6.83678e-16
9096.19  6.84527e-16
9098.56  6.85287e-16
9100.94  6.85981e-16
9103.32  6.86645e-16
9105.7   6.87321e-16
9108.08  6.88058e-16
9110.46  6.88903e-16
9112.83  6.89894e-16
9115.21  6.9106e-16
9117.59  6.92409e-16
9119.97  6.93928e-16
9122.35  6.95574e-16
9124.72  6.97284e-16
9127.1   6.98971e-16
9129.48  7.00536e-16
9131.86  7.0188e-16
9134.24  7.02915e-16
9136.61  7.03581e-16
9138.99  7.03851e-16
9141.37  7.03741e-16
9143.75  7.03308e-16
9146.13  7.02642e-16
9148.5   7.01854e-16
9150.88  7.01061e-16
9153.26  7.00365e-16
9155.64  6.99845e-16
9158.02  6.99544e-16
9160.4   6.99468e-16
9162.77  6.99588e-16
9165.15  6.99854e-16
9167.53  7.00203e-16
9169.91  7.00574e-16
9172.29  7.0092e-16
9174.66  7.01212e-16
9177.04  7.0144e-16
9179.42  7.01613e-16
9181.8   7.01754e-16
9184.18  7.01893e-16
9186.55  7.02066e-16
9188.93  7.0231e-16
9191.31  7.02669e-16
9193.69  7.03192e-16
9196.07  7.03938e-16
9198.44  7.04976e-16
9200.82  7.06374e-16
9203.2   7.08193e-16
9205.58  7.10472e-16
9207.96  7.13208e-16
9210.33  7.16347e-16
9212.71  7.1977e-16
9215.09  7.23302e-16
9217.47  7.26718e-16
9219.85  7.29773e-16
9222.23  7.3223e-16
9224.6   7.33892e-16
9226.98  7.34638e-16
9229.36  7.34439e-16
9231.74  7.33364e-16
9234.12  7.31573e-16
9236.49  7.29287e-16
9238.87  7.2676e-16
9241.25  7.24231e-16
9243.63  7.21896e-16
9246.01  7.19876e-16
9248.38  7.18208e-16
9250.76  7.16851e-16
9253.14  7.15704e-16
9255.52  7.14638e-16
9257.9   7.13526e-16
9260.27  7.12276e-16
9262.65  7.10848e-16
9265.03  7.09265e-16
9267.41  7.07604e-16
9269.79  7.05977e-16
9272.17  7.04506e-16
9274.54  7.03297e-16
9276.92  7.02415e-16
9279.3   7.01875e-16
9281.68  7.01633e-16
9284.06  7.01601e-16
9286.43  7.01659e-16
9288.81  7.01681e-16
9291.19  7.01553e-16
9293.57  7.01196e-16
9295.95  7.00575e-16
9298.32  6.99702e-16
9300.7   6.98632e-16
9303.08  6.97455e-16
9305.46  6.96274e-16
9307.84  6.95192e-16
9310.21  6.94296e-16
9312.59  6.93644e-16
9314.97  6.93258e-16
9317.35  6.93119e-16
9319.73  6.93176e-16
9322.11  6.93351e-16
9324.48  6.93552e-16
9326.86  6.93686e-16
9329.24  6.93673e-16
9331.62  6.93454e-16
9334     6.92998e-16
9336.37  6.92307e-16
9338.75  6.91406e-16
9341.13  6.90342e-16
9343.51  6.89171e-16
9345.89  6.87949e-16
9348.26  6.86722e-16
9350.64  6.85523e-16
9353.02  6.8437e-16
9355.4   6.83267e-16
9357.78  6.82212e-16
9360.15  6.81198e-16
9362.53  6.80226e-16
9364.91  6.793e-16
9367.29  6.78434e-16
9369.67  6.77645e-16
9372.04  6.76949e-16
9374.42  6.7635e-16
9376.8   6.75838e-16
9379.18  6.75386e-16
9381.56  6.74947e-16
9383.94  6.74464e-16
9386.31  6.73873e-16
9388.69  6.73121e-16
9391.07  6.7217e-16
9393.45  6.71006e-16
9395.83  6.69643e-16
9398.2   6.6812e-16
9400.58  6.66491e-16
9402.96  6.64814e-16
9405.34  6.63139e-16
9407.72  6.61496e-16
9410.09  6.59891e-16
9412.47  6.58299e-16
9414.85  6.56679e-16
9417.23  6.54975e-16
9419.61  6.53137e-16
9421.98  6.5113e-16
9424.36  6.4895e-16
9426.74  6.46622e-16
9429.12  6.44207e-16
9431.5   6.4179e-16
9433.88  6.3947e-16
9436.25  6.37341e-16
9438.63  6.35485e-16
9441.01  6.33952e-16
9443.39  6.32759e-16
9445.77  6.31884e-16
9448.14  6.31273e-16
9450.52  6.30849e-16
9452.9   6.30516e-16
9455.28  6.30177e-16
9457.66  6.29739e-16
9460.03  6.29123e-16
9462.41  6.28267e-16
9464.79  6.27128e-16
9467.17  6.25688e-16
9469.55  6.2395e-16
9471.92  6.21939e-16
9474.3   6.197e-16
9476.68  6.17299e-16
9479.06  6.14814e-16
9481.44  6.12334e-16
9483.82  6.09952e-16
9486.19  6.07752e-16
9488.57  6.05807e-16
9490.95  6.04164e-16
9493.33  6.02845e-16
9495.71  6.01844e-16
9498.08  6.01128e-16
9500.46  6.00646e-16
9502.84  6.0034e-16
9505.22  6.00158e-16
9507.6   6.00063e-16
9509.97  6.00042e-16
9512.35  6.00104e-16
9514.73  6.0028e-16
9517.11  6.00605e-16
9519.49  6.01104e-16
9521.86  6.01777e-16
9524.24  6.0258e-16
9526.62  6.03422e-16
9529     6.04162e-16
9531.38  6.04628e-16
9533.75  6.04634e-16
9536.13  6.04013e-16
9538.51  6.02646e-16
9540.89  6.00487e-16
9543.27  5.9758e-16
9545.65  5.94059e-16
9548.02  5.90137e-16
9550.4   5.86073e-16
9552.78  5.82141e-16
9555.16  5.78585e-16
9557.54  5.75586e-16
9559.91  5.73235e-16
9562.29  5.71526e-16
9564.67  5.70359e-16
9567.05  5.69562e-16
9569.43  5.68931e-16
9571.8   5.68259e-16
9574.18  5.67378e-16
9576.56  5.66185e-16
9578.94  5.64655e-16
9581.32  5.62842e-16
9583.69  5.60863e-16
9586.07  5.58872e-16
9588.45  5.57032e-16
9590.83  5.55481e-16
9593.21  5.54306e-16
9595.59  5.53534e-16
9597.96  5.53122e-16
9600.34  5.5297e-16
9602.72  5.52938e-16
9605.1   5.5287e-16
9607.48  5.52615e-16
9609.85  5.52058e-16
9612.23  5.51126e-16
9614.61  5.49801e-16
9616.99  5.48115e-16
9619.37  5.46143e-16
9621.74  5.43984e-16
9624.12  5.41746e-16
9626.5   5.39526e-16
9628.88  5.37396e-16
9631.26  5.35396e-16
9633.63  5.33531e-16
9636.01  5.31778e-16
9638.39  5.30091e-16
9640.77  5.2842e-16
9643.15  5.26721e-16
9645.52  5.24968e-16
9647.9   5.23161e-16
9650.28  5.21324e-16
9652.66  5.19504e-16
9655.04  5.17762e-16
9657.42  5.16161e-16
9659.79  5.14755e-16
9662.17  5.13582e-16
9664.55  5.12654e-16
9666.93  5.11965e-16
9669.31  5.11486e-16
9671.68  5.11178e-16
9674.06  5.10996e-16
9676.44  5.10899e-16
9678.82  5.10853e-16
9681.2   5.10834e-16
9683.57  5.10827e-16
9685.95  5.10825e-16
9688.33  5.10825e-16
9690.71  5.10825e-16
9693.09  5.10825e-16