3404.54  1.70675e-15
3405.98  1.63502e-15
3407.42  1.56554e-15
3408.86  1.50425e-15
3410.3   1.45645e-15
3411.74  1.42621e-15
3413.18  1.41599e-15
3414.62  1.42643e-15
3416.06  1.45642e-15
3417.5   1.50335e-15
3418.94  1.56347e-15
3420.38  1.63227e-15
3421.82  1.70492e-15
3423.26  1.77652e-15
3424.7   1.84243e-15
3426.14  1.89838e-15
3427.58  1.9407e-15
3429.01  1.96647e-15
3430.45  1.97382e-15
3431.89  1.96213e-15
3433.33  1.93232e-15
3434.77  1.88699e-15
3436.21  1.83045e-15
3437.65  1.76846e-15
3439.09  1.70774e-15
3440.53  1.65523e-15
3441.97  1.61716e-15
3443.41  1.59814e-15
3444.85  1.60032e-15
3446.29  1.62288e-15
3447.73  1.66195e-15
3449.17  1.711e-15
3450.61  1.76169e-15
3452.05  1.80512e-15
3453.49  1.83321e-15
3454.93  1.84005e-15
3456.37  1.823e-15
3457.81  1.78325e-15
3459.25  1.72587e-15
3460.69  1.65919e-15
3462.13  1.59369e-15
3463.57  1.54049e-15
3465.01  1.50965e-15
3466.45  1.50869e-15
3467.89  1.54135e-15
3469.33  1.6069e-15
3470.77  1.70016e-15
3472.21  1.81213e-15
3473.65  1.93121e-15
3475.09  2.04484e-15
3476.53  2.14127e-15
3477.97  2.21134e-15
3479.41  2.24975e-15
3480.85  2.25584e-15
3482.29  2.23369e-15
3483.73  2.1914e-15
3485.17  2.13985e-15
3486.61  2.09098e-15
3488.05  2.05588e-15
3489.49  2.0431e-15
3490.93  2.05736e-15
3492.37  2.09884e-15
3493.81  2.16331e-15
3495.24  2.24292e-15
3496.68  2.32761e-15
3498.12  2.40689e-15
3499.56  2.47158e-15
3501     2.51541e-15
3502.44  2.53599e-15
3503.88  2.53512e-15
3505.32  2.51834e-15
3506.76  2.49385e-15
3508.2   2.47096e-15
3509.64  2.4584e-15
3511.08  2.46272e-15
3512.52  2.48722e-15
3513.96  2.53142e-15
3515.4   2.59131e-15
3516.84  2.66018e-15
3518.28  2.72997e-15
3519.72  2.79283e-15
3521.16  2.84259e-15
3522.6   2.87589e-15
3524.04  2.89274e-15
3525.48  2.89646e-15
3526.92  2.89296e-15
3528.36  2.88958e-15
3529.8   2.89369e-15
3531.24  2.91128e-15
3532.68  2.94587e-15
3534.12  2.99783e-15
3535.56  3.06437e-15
3537     3.14005e-15
3538.44  3.21781e-15
3539.88  3.29017e-15
3541.32  3.35062e-15
3542.76  3.39462e-15
3544.2   3.42034e-15
3545.64  3.42878e-15
3547.08  3.42348e-15
3548.52  3.40972e-15
3549.96  3.39352e-15
3551.4   3.3806e-15
3552.84  3.37545e-15
3554.28  3.38073e-15
3555.72  3.397e-15
3557.16  3.42291e-15
3558.6   3.45558e-15
3560.03  3.49128e-15
3561.47  3.52603e-15
3562.91  3.55629e-15
3564.35  3.57935e-15
3565.79  3.5936e-15
3567.23  3.59857e-15
3568.67  3.59478e-15
3570.11  3.58348e-15
3571.55  3.56635e-15
3572.99  3.54524e-15
3574.43  3.52189e-15
3575.87  3.49782e-15
3577.31  3.47426e-15
3578.75  3.45224e-15
3580.19  3.43266e-15
3581.63  3.41642e-15
3583.07  3.40453e-15
3584.51  3.39815e-15
3585.95  3.39854e-15
3587.39  3.40698e-15
3588.83  3.4245e-15
3590.27  3.45169e-15
3591.71  3.48843e-15
3593.15  3.53367e-15
3594.59  3.58534e-15
3596.03  3.6403e-15
3597.47  3.69452e-15
3598.91  3.74336e-15
3600.35  3.78196e-15
3601.79  3.8058e-15
3603.23  3.81121e-15
3604.67  3.79592e-15
3606.11  3.7595e-15
3607.55  3.70361e-15
3608.99  3.63202e-15
3610.43  3.55045e-15
3611.87  3.46596e-15
3613.31  3.38634e-15
3614.75  3.31919e-15
3616.19  3.27106e-15
3617.63  3.24663e-15
3619.07  3.2482e-15
3620.51  3.27542e-15
3621.95  3.32542e-15
3623.39  3.39325e-15
3624.82  3.4726e-15
3626.26  3.55672e-15
3627.7   3.63923e-15
3629.14  3.71494e-15
3630.58  3.78029e-15
3632.02  3.83363e-15
3633.46  3.87512e-15
3634.9   3.90635e-15
3636.34  3.92992e-15
3637.78  3.94882e-15
3639.22  3.96591e-15
3640.66  3.98352e-15
3642.1   4.00318e-15
3643.54  4.02551e-15
3644.98  4.05031e-15
3646.42  4.07666e-15
3647.86  4.1032e-15
3649.3   4.1283e-15
3650.74  4.15034e-15
3652.18  4.16787e-15
3653.62  4.17981e-15
3655.06  4.18555e-15
3656.5   4.18508e-15
3657.94  4.17898e-15
3659.38  4.16844e-15
3660.82  4.15512e-15
3662.26  4.14101e-15
3663.7   4.12816e-15
3665.14  4.11839e-15
3666.58  4.11299e-15
3668.02  4.11249e-15
3669.46  4.1164e-15
3670.9   4.12329e-15
3672.34  4.13079e-15
3673.78  4.13589e-15
3675.22  4.13535e-15
3676.66  4.12606e-15
3678.1   4.1055e-15
3679.54  4.07212e-15
3680.98  4.02549e-15
3682.42  3.96644e-15
3683.86  3.89687e-15
3685.3   3.81954e-15
3686.74  3.73773e-15
3688.18  3.65478e-15
3689.61  3.57376e-15
3691.05  3.49717e-15
3692.49  3.42671e-15
3693.93  3.36324e-15
3695.37  3.30681e-15
3696.81  3.2568e-15
3698.25  3.21218e-15
3699.69  3.17176e-15
3701.13  3.13439e-15
3702.57  3.09922e-15
3704.01  3.06575e-15
3705.45  3.0339e-15
3706.89  3.00394e-15
3708.33  2.97635e-15
3709.77  2.95168e-15
3711.21  2.93036e-15
3712.65  2.9126e-15
3714.09  2.89829e-15
3715.53  2.887e-15
3716.97  2.87806e-15
3718.41  2.87065e-15
3719.85  2.86396e-15
3721.29  2.85731e-15
3722.73  2.85026e-15
3724.17  2.84265e-15
3725.61  2.8346e-15
3727.05  2.82642e-15
3728.49  2.81851e-15
3729.93  2.81121e-15
3731.37  2.80467e-15
3732.81  2.79873e-15
3734.25  2.79288e-15
3735.69  2.78622e-15
3737.13  2.77759e-15
3738.57  2.76561e-15
3740.01  2.7489e-15
3741.45  2.72623e-15
3742.89  2.69672e-15
3744.33  2.65999e-15
3745.77  2.6163e-15
3747.21  2.56658e-15
3748.65  2.51245e-15
3750.09  2.45601e-15
3751.53  2.39973e-15
3752.97  2.34607e-15
3754.41  2.29725e-15
3755.84  2.25493e-15
3757.28  2.21994e-15
3758.72  2.19223e-15
3760.16  2.17085e-15
3761.6   2.15416e-15
3763.04  2.14006e-15
3764.48  2.12645e-15
3765.92  2.11149e-15
3767.36  2.094e-15
3768.8   2.07356e-15
3770.24  2.05055e-15
3771.68  2.02602e-15
3773.12  2.0014e-15
3774.56  1.97813e-15
3776     1.95737e-15
3777.44  1.9397e-15
3778.88  1.92504e-15
3780.32  1.91264e-15
3781.76  1.90135e-15
3783.2   1.88987e-15
3784.64  1.87713e-15
3786.08  1.86262e-15
3787.52  1.8466e-15
3788.96  1.8302e-15
3790.4   1.81527e-15
3791.84  1.80415e-15
3793.28  1.7993e-15
3794.72  1.80287e-15
3796.16  1.81636e-15
3797.6   1.84028e-15
3799.04  1.87403e-15
3800.48  1.91598e-15
3801.92  1.9636e-15
3803.36  2.01382e-15
3804.8   2.06343e-15
3806.24  2.10947e-15
3807.68  2.14958e-15
3809.12  2.18224e-15
3810.56  2.20688e-15
3812     2.22388e-15
3813.44  2.23441e-15
3814.88  2.24027e-15
3816.32  2.24362e-15
3817.76  2.24678e-15
3819.2   2.25207e-15
3820.63  2.26164e-15
3822.07  2.27748e-15
3823.51  2.30133e-15
3824.95  2.33468e-15
3826.39  2.37873e-15
3827.83  2.43439e-15
3829.27  2.50211e-15
3830.71  2.58185e-15
3832.15  2.67295e-15
3833.59  2.77408e-15
3835.03  2.88323e-15
3836.47  2.99783e-15
3837.91  3.1149e-15
3839.35  3.23138e-15
3840.79  3.34436e-15
3842.23  3.45149e-15
3843.67  3.55112e-15
3845.11  3.64253e-15
3846.55  3.72586e-15
3847.99  3.80201e-15
3849.43  3.87238e-15
3850.87  3.93855e-15
3852.31  4.00202e-15
3853.75  4.06392e-15
3855.19  4.12499e-15
3856.63  4.18549e-15
3858.07  4.24542e-15
3859.51  4.3046e-15
3860.95  4.36296e-15
3862.39  4.42056e-15
3863.83  4.4777e-15
3865.27  4.53478e-15
3866.71  4.59215e-15
3868.15  4.64991e-15
3869.59  4.70772e-15
3871.03  4.76469e-15
3872.47  4.81948e-15
3873.91  4.87042e-15
3875.35  4.91585e-15
3876.79  4.95447e-15
3878.23  4.98562e-15
3879.67  5.00957e-15
3881.11  5.02757e-15
3882.55  5.04172e-15
3883.99  5.0547e-15
3885.42  5.06941e-15
3886.86  5.08849e-15
3888.3   5.11394e-15
3889.74  5.14678e-15
3891.18  5.18697e-15
3892.62  5.23338e-15
3894.06  5.28404e-15
3895.5   5.33639e-15
3896.94  5.38775e-15
3898.38  5.43562e-15
3899.82  5.47807e-15
3901.26  5.51385e-15
3902.7   5.54249e-15
3904.14  5.56417e-15
3905.58  5.57952e-15
3907.02  5.58932e-15
3908.46  5.59423e-15
3909.9   5.59459e-15
3911.34  5.59035e-15
3912.78  5.5811e-15
3914.22  5.5663e-15
3915.66  5.54556e-15
3917.1   5.51896e-15
3918.54  5.48733e-15
3919.98  5.45237e-15
3921.42  5.41663e-15
3922.86  5.38322e-15
3924.3   5.35543e-15
3925.74  5.33619e-15
3927.18  5.32758e-15
3928.62  5.33039e-15
3930.06  5.34389e-15
3931.5   5.36588e-15
3932.94  5.39298e-15
3934.38  5.42109e-15
3935.82  5.44604e-15
3937.26  5.46422e-15
3938.7   5.47307e-15
3940.14  5.47141e-15
3941.58  5.4595e-15
3943.02  5.4388e-15
3944.46  5.41157e-15
3945.9   5.38029e-15
3947.34  5.34715e-15
3948.78  5.31358e-15
3950.21  5.28004e-15
3951.65  5.24602e-15
3953.09  5.2103e-15
3954.53  5.17139e-15
3955.97  5.12806e-15
3957.41  5.07975e-15
3958.85  5.02695e-15
3960.29  4.97122e-15
3961.73  4.91507e-15
3963.17  4.86149e-15
3964.61  4.81343e-15
3966.05  4.77326e-15
3967.49  4.74224e-15
3968.93  4.72033e-15
3970.37  4.70614e-15
3971.81  4.69721e-15
3973.25  4.6905e-15
3974.69  4.68293e-15
3976.13  4.672e-15
3977.57  4.6562e-15
3979.01  4.63525e-15
3980.45  4.61007e-15
3981.89  4.58253e-15
3983.33  4.555e-15
3984.77  4.52983e-15
3986.21  4.50888e-15
3987.65  4.4931e-15
3989.09  4.48242e-15
3990.53  4.47576e-15
3991.97  4.47128e-15
3993.41  4.46687e-15
3994.85  4.46058e-15
3996.29  4.45109e-15
3997.73  4.43807e-15
3999.17  4.42234e-15
4000.61  4.40576e-15
4002.05  4.39094e-15
4003.49  4.3808e-15
4004.93  4.378e-15
4006.37  4.38445e-15
4007.81  4.40087e-15
4009.25  4.42664e-15
4010.69  4.4598e-15
4012.13  4.49741e-15
4013.57  4.53594e-15
4015.01  4.57191e-15
4016.44  4.60239e-15
4017.88  4.62547e-15
4019.32  4.64048e-15
4020.76  4.648e-15
4022.2   4.64963e-15
4023.64  4.64761e-15
4025.08  4.64431e-15
4026.52  4.64186e-15
4027.96  4.64172e-15
4029.4   4.64459e-15
4030.84  4.6504e-15
4032.28  4.65853e-15
4033.72  4.6681e-15
4035.16  4.67831e-15
4036.6   4.68874e-15
4038.04  4.69946e-15
4039.48  4.71113e-15
4040.92  4.72481e-15
4042.36  4.74171e-15
4043.8   4.76295e-15
4045.24  4.78919e-15
4046.68  4.82046e-15
4048.12  4.856e-15
4049.56  4.89434e-15
4051     4.93338e-15
4052.44  4.97073e-15
4053.88  5.00395e-15
4055.32  5.03091e-15
4056.76  5.05007e-15
4058.2   5.06063e-15
4059.64  5.06262e-15
4061.08  5.05688e-15
4062.52  5.04482e-15
4063.96  5.02826e-15
4065.4   5.00907e-15
4066.84  4.98893e-15
4068.28  4.96911e-15
4069.72  4.95025e-15
4071.16  4.93245e-15
4072.6   4.91526e-15
4074.04  4.89792e-15
4075.48  4.87965e-15
4076.92  4.85989e-15
4078.36  4.83854e-15
4079.8   4.81613e-15
4081.23  4.79379e-15
4082.67  4.77315e-15
4084.11  4.75605e-15
4085.55  4.74418e-15
4086.99  4.73874e-15
4088.43  4.74009e-15
4089.87  4.7476e-15
4091.31  4.7596e-15
4092.75  4.77357e-15
4094.19  4.78647e-15
4095.63  4.79519e-15
4097.07  4.79707e-15
4098.51  4.79032e-15
4099.95  4.77428e-15
4101.39  4.74961e-15
4102.83  4.71814e-15
4104.27  4.68258e-15
4105.71  4.64612e-15
4107.15  4.6119e-15
4108.59  4.58262e-15
4110.03  4.56018e-15
4111.47  4.54548e-15
4112.91  4.53848e-15
4114.35  4.53835e-15
4115.79  4.54378e-15
4117.23  4.55328e-15
4118.67  4.5655e-15
4120.11  4.57941e-15
4121.55  4.5944e-15
4122.99  4.61018e-15
4124.43  4.62667e-15
4125.87  4.64375e-15
4127.31  4.66111e-15
4128.75  4.67816e-15
4130.19  4.69397e-15
4131.63  4.70747e-15
4133.07  4.71762e-15
4134.51  4.72367e-15
4135.95  4.72537e-15
4137.39  4.72311e-15
4138.83  4.71792e-15
4140.27  4.71131e-15
4141.71  4.70508e-15
4143.15  4.70096e-15
4144.59  4.70031e-15
4146.02  4.70391e-15
4147.46  4.71187e-15
4148.9   4.72362e-15
4150.34  4.73812e-15
4151.78  4.75414e-15
4153.22  4.77055e-15
4154.66  4.78657e-15
4156.1   4.80195e-15
4157.54  4.81697e-15
4158.98  4.83231e-15
4160.42  4.84882e-15
4161.86  4.86716e-15
4163.3   4.88758e-15
4164.74  4.90969e-15
4166.18  4.93242e-15
4167.62  4.9542e-15
4169.06  4.97319e-15
4170.5   4.98767e-15
4171.94  4.99643e-15
4173.38  4.99903e-15
4174.82  4.99597e-15
4176.26  4.98859e-15
4177.7   4.97884e-15
4179.14  4.96887e-15
4180.58  4.96058e-15
4182.02  4.95523e-15
4183.46  4.95315e-15
4184.9   4.95364e-15
4186.34  4.95514e-15
4187.78  4.9555e-15
4189.22  4.95244e-15
4190.66  4.94399e-15
4192.1   4.92886e-15
4193.54  4.9067e-15
4194.98  4.87813e-15
4196.42  4.84462e-15
4197.86  4.80818e-15
4199.3   4.77097e-15
4200.74  4.73495e-15
4202.18  4.70156e-15
4203.62  4.67157e-15
4205.06  4.64501e-15
4206.5   4.62134e-15
4207.94  4.59967e-15
4209.38  4.57904e-15
4210.81  4.55868e-15
4212.25  4.53816e-15
4213.69  4.51752e-15
4215.13  4.49718e-15
4216.57  4.47781e-15
4218.01  4.46008e-15
4219.45  4.4445e-15
4220.89  4.43121e-15
4222.33  4.41987e-15
4223.77  4.40973e-15
4225.21  4.39971e-15
4226.65  4.3886e-15
4228.09  4.3753e-15
4229.53  4.35901e-15
4230.97  4.33942e-15
4232.41  4.3167e-15
4233.85  4.29154e-15
4235.29  4.26492e-15
4236.73  4.23799e-15
4238.17  4.21179e-15
4239.61  4.18704e-15
4241.05  4.16402e-15
4242.49  4.1425e-15
4243.93  4.12181e-15
4245.37  4.10098e-15
4246.81  4.07898e-15
4248.25  4.05497e-15
4249.69  4.02855e-15
4251.13  3.99991e-15
4252.57  3.96988e-15
4254.01  3.93985e-15
4255.45  3.91156e-15
4256.89  3.88676e-15
4258.33  3.8669e-15
4259.77  3.85279e-15
4261.21  3.84439e-15
4262.65  3.84073e-15
4264.09  3.84004e-15
4265.53  3.83998e-15
4266.97  3.83808e-15
4268.41  3.83215e-15
4269.85  3.82069e-15
4271.29  3.80316e-15
4272.73  3.7801e-15
4274.17  3.75305e-15
4275.61  3.72424e-15
4277.04  3.69627e-15
4278.48  3.67154e-15
4279.92  3.65191e-15
4281.36  3.63827e-15
4282.8   3.63043e-15
4284.24  3.62709e-15
4285.68  3.62611e-15
4287.12  3.62481e-15
4288.56  3.62049e-15
4290     3.61087e-15
4291.44  3.5945e-15
4292.88  3.57103e-15
4294.32  3.54127e-15
4295.76  3.50712e-15
4297.2   3.47122e-15
4298.64  3.43661e-15
4300.08  3.40621e-15
4301.52  3.38242e-15
4302.96  3.36676e-15
4304.4   3.35975e-15
4305.84  3.36083e-15
4307.28  3.36857e-15
4308.72  3.38098e-15
4310.16  3.39585e-15
4311.6   3.41114e-15
4313.04  3.42528e-15
4314.48  3.43733e-15
4315.92  3.44701e-15
4317.36  3.45462e-15
4318.8   3.46078e-15
4320.24  3.46618e-15
4321.68  3.47133e-15
4323.12  3.47636e-15
4324.56  3.48098e-15
4326     3.48451e-15
4327.44  3.48609e-15
4328.88  3.48489e-15
4330.32  3.48034e-15
4331.76  3.47238e-15
4333.2   3.46152e-15
4334.64  3.44882e-15
4336.08  3.43577e-15
4337.52  3.424e-15
4338.96  3.41505e-15
4340.4   3.41001e-15
4341.83  3.40935e-15
4343.27  3.41277e-15
4344.71  3.41924e-15
4346.15  3.42711e-15
4347.59  3.43444e-15
4349.03  3.43925e-15
4350.47  3.43991e-15
4351.91  3.4354e-15
4353.35  3.42555e-15
4354.79  3.41103e-15
4356.23  3.39332e-15
4357.67  3.37447e-15
4359.11  3.35677e-15
4360.55  3.34239e-15
4361.99  3.33305e-15
4363.43  3.32974e-15
4364.87  3.33255e-15
4366.31  3.34073e-15
4367.75  3.35276e-15
4369.19  3.36673e-15
4370.63  3.38059e-15
4372.07  3.39258e-15
4373.51  3.40147e-15
4374.95  3.40677e-15
4376.39  3.40878e-15
4377.83  3.40842e-15
4379.27  3.40708e-15
4380.71  3.40626e-15
4382.15  3.40727e-15
4383.59  3.411e-15
4385.03  3.41773e-15
4386.47  3.42716e-15
4387.91  3.43846e-15
4389.35  3.45054e-15
4390.79  3.46224e-15
4392.23  3.47264e-15
4393.67  3.48126e-15
4395.11  3.48814e-15
4396.55  3.49388e-15
4397.99  3.49951e-15
4399.43  3.50631e-15
4400.87  3.51555e-15
4402.31  3.52828e-15
4403.75  3.54509e-15
4405.19  3.56595e-15
4406.62  3.59026e-15
4408.06  3.61681e-15
4409.5   3.64401e-15
4410.94  3.67013e-15
4412.38  3.69356e-15
4413.82  3.71314e-15
4415.26  3.72832e-15
4416.7   3.73938e-15
4418.14  3.74739e-15
4419.58  3.75413e-15
4421.02  3.7619e-15
4422.46  3.77312e-15
4423.9   3.79006e-15
4425.34  3.81441e-15
4426.78  3.84706e-15
4428.22  3.8879e-15
4429.66  3.93575e-15
4431.1   3.98851e-15
4432.54  4.04336e-15
4433.98  4.0971e-15
4435.42  4.14656e-15
4436.86  4.18899e-15
4438.3   4.2224e-15
4439.74  4.24581e-15
4441.18  4.25937e-15
4442.62  4.26436e-15
4444.06  4.26296e-15
4445.5   4.25799e-15
4446.94  4.25251e-15
4448.38  4.24947e-15
4449.82  4.25127e-15
4451.26  4.25957e-15
4452.7   4.27504e-15
4454.14  4.29742e-15
4455.58  4.32556e-15
4457.02  4.35769e-15
4458.46  4.39167e-15
4459.9   4.42528e-15
4461.34  4.45651e-15
4462.78  4.48377e-15
4464.22  4.50603e-15
4465.66  4.52283e-15
4467.1   4.53432e-15
4468.54  4.54112e-15
4469.98  4.54424e-15
4471.41  4.54494e-15
4472.85  4.54459e-15
4474.29  4.54454e-15
4475.73  4.54601e-15
4477.17  4.55e-15
4478.61  4.5572e-15
4480.05  4.56798e-15
4481.49  4.58234e-15
4482.93  4.60001e-15
4484.37  4.62045e-15
4485.81  4.64302e-15
4487.25  4.667e-15
4488.69  4.69178e-15
4490.13  4.71685e-15
4491.57  4.74192e-15
4493.01  4.76689e-15
4494.45  4.79184e-15
4495.89  4.81698e-15
4497.33  4.84259e-15
4498.77  4.86892e-15
4500.21  4.89617e-15
4501.65  4.92438e-15
4503.09  4.95343e-15
4504.53  4.98302e-15
4505.97  5.01267e-15
4507.41  5.04176e-15
4508.85  5.06957e-15
4510.29  5.09535e-15
4511.73  5.11844e-15
4513.17  5.13833e-15
4514.61  5.15473e-15
4516.05  5.16764e-15
4517.49  5.17735e-15
4518.93  5.18443e-15
4520.37  5.1896e-15
4521.81  5.19363e-15
4523.25  5.19718e-15
4524.69  5.2007e-15
4526.13  5.20428e-15
4527.57  5.20771e-15
4529.01  5.2105e-15
4530.45  5.21203e-15
4531.89  5.21172e-15
4533.33  5.20922e-15
4534.77  5.20456e-15
4536.21  5.1982e-15
4537.64  5.19101e-15
4539.08  5.18411e-15
4540.52  5.17869e-15
4541.96  5.17574e-15
4543.4   5.17585e-15
4544.84  5.17907e-15
4546.28  5.18481e-15
4547.72  5.192e-15
4549.16  5.19918e-15
4550.6   5.20481e-15
4552.04  5.20754e-15
4553.48  5.20649e-15
4554.92  5.20141e-15
4556.36  5.19278e-15
4557.8   5.18177e-15
4559.24  5.17003e-15
4560.68  5.1595e-15
4562.12  5.15206e-15
4563.56  5.14925e-15
4565     5.15198e-15
4566.44  5.1604e-15
4567.88  5.1738e-15
4569.32  5.19072e-15
4570.76  5.20907e-15
4572.2   5.22644e-15
4573.64  5.24039e-15
4575.08  5.24878e-15
4576.52  5.25002e-15
4577.96  5.24334e-15
4579.4   5.22885e-15
4580.84  5.20754e-15
4582.28  5.18114e-15
4583.72  5.15192e-15
4585.16  5.12234e-15
4586.6   5.0948e-15
4588.04  5.07127e-15
4589.48  5.05318e-15
4590.92  5.04118e-15
4592.36  5.03524e-15
4593.8   5.03468e-15
4595.24  5.03836e-15
4596.68  5.04488e-15
4598.12  5.05276e-15
4599.56  5.06065e-15
4601     5.06735e-15
4602.43  5.07189e-15
4603.87  5.0735e-15
4605.31  5.07156e-15
4606.75  5.06561e-15
4608.19  5.05527e-15
4609.63  5.04037e-15
4611.07  5.02093e-15
4612.51  4.99732e-15
4613.95  4.97027e-15
4615.39  4.94091e-15
4616.83  4.91067e-15
4618.27  4.88117e-15
4619.71  4.85398e-15
4621.15  4.83038e-15
4622.59  4.81112e-15
4624.03  4.79631e-15
4625.47  4.78532e-15
4626.91  4.77686e-15
4628.35  4.76924e-15
4629.79  4.76062e-15
4631.23  4.74934e-15
4632.67  4.7342e-15
4634.11  4.71469e-15
4635.55  4.69098e-15
4636.99  4.66389e-15
4638.43  4.63468e-15
4639.87  4.60471e-15
4641.31  4.57521e-15
4642.75  4.54701e-15
4644.19  4.52042e-15
4645.63  4.49522e-15
4647.07  4.47081e-15
4648.51  4.44638e-15
4649.95  4.42123e-15
4651.39  4.39495e-15
4652.83  4.36758e-15
4654.27  4.33967e-15
4655.71  4.3122e-15
4657.15  4.28639e-15
4658.59  4.26343e-15
4660.03  4.24431e-15
4661.47  4.22953e-15
4662.91  4.21907e-15
4664.35  4.21237e-15
4665.79  4.20848e-15
4667.22  4.20628e-15
4668.66  4.20473e-15
4670.1   4.2031e-15
4671.54  4.20107e-15
4672.98  4.19877e-15
4674.42  4.19664e-15
4675.86  4.1952e-15
4677.3   4.19475e-15
4678.74  4.19511e-15
4680.18  4.19545e-15
4681.62  4.19422e-15
4683.06  4.18934e-15
4684.5   4.17844e-15
4685.94  4.15931e-15
4687.38  4.13032e-15
4688.82  4.09079e-15
4690.26  4.04128e-15
4691.7   3.9836e-15
4693.14  3.92071e-15
4694.58  3.85628e-15
4696.02  3.79429e-15
4697.46  3.73839e-15
4698.9   3.69143e-15
4700.34  3.655e-15
4701.78  3.62923e-15
4703.22  3.61275e-15
4704.66  3.60296e-15
4706.1   3.59636e-15
4707.54  3.58914e-15
4708.98  3.5777e-15
4710.42  3.55921e-15
4711.86  3.53197e-15
4713.3   3.49565e-15
4714.74  3.45129e-15
4716.18  3.40112e-15
4717.62  3.34822e-15
4719.06  3.29606e-15
4720.5   3.24803e-15
4721.94  3.20703e-15
4723.38  3.17506e-15
4724.82  3.15307e-15
4726.26  3.14084e-15
4727.7   3.13709e-15
4729.14  3.13967e-15
4730.58  3.14584e-15
4732.02  3.15259e-15
4733.45  3.15706e-15
4734.89  3.15677e-15
4736.33  3.14997e-15
4737.77  3.13581e-15
4739.21  3.11441e-15
4740.65  3.08687e-15
4742.09  3.05517e-15
4743.53  3.02191e-15
4744.97  2.99006e-15
4746.41  2.96261e-15
4747.85  2.94225e-15
4749.29  2.93105e-15
4750.73  2.93026e-15
4752.17  2.94014e-15
4753.61  2.95996e-15
4755.05  2.98813e-15
4756.49  3.02237e-15
4757.93  3.06003e-15
4759.37  3.09839e-15
4760.81  3.13496e-15
4762.25  3.16775e-15
4763.69  3.19544e-15
4765.13  3.21745e-15
4766.57  3.23388e-15
4768.01  3.24536e-15
4769.45  3.25288e-15
4770.89  3.25748e-15
4772.33  3.26006e-15
4773.77  3.26114e-15
4775.21  3.26079e-15
4776.65  3.25861e-15
4778.09  3.25379e-15
4779.53  3.24528e-15
4780.97  3.23208e-15
4782.41  3.21342e-15
4783.85  3.18904e-15
4785.29  3.15934e-15
4786.73  3.12542e-15
4788.17  3.08907e-15
4789.61  3.05254e-15
4791.05  3.0183e-15
4792.49  2.9887e-15
4793.93  2.96559e-15
4795.37  2.95002e-15
4796.81  2.94204e-15
4798.24  2.94063e-15
4799.68  2.94378e-15
4801.12  2.94873e-15
4802.56  2.95237e-15
4804     2.95168e-15
4805.44  2.94415e-15
4806.88  2.92822e-15
4808.32  2.90345e-15
4809.76  2.87069e-15
4811.2   2.83194e-15
4812.64  2.79005e-15
4814.08  2.74837e-15
4815.52  2.71028e-15
4816.96  2.67871e-15
4818.4   2.6558e-15
4819.84  2.64261e-15
4821.28  2.63902e-15
4822.72  2.64385e-15
4824.16  2.655e-15
4825.6   2.66982e-15
4827.04  2.68547e-15
4828.48  2.69929e-15
4829.92  2.70914e-15
4831.36  2.71366e-15
4832.8   2.71235e-15
4834.24  2.70558e-15
4835.68  2.69451e-15
4837.12  2.68082e-15
4838.56  2.66648e-15
4840     2.65347e-15
4841.44  2.64353e-15
4842.88  2.63797e-15
4844.32  2.63756e-15
4845.76  2.64255e-15
4847.2   2.65268e-15
4848.64  2.6673e-15
4850.08  2.68558e-15
4851.52  2.70661e-15
4852.96  2.72954e-15
4854.4   2.75368e-15
4855.84  2.77857e-15
4857.28  2.80391e-15
4858.72  2.82959e-15
4860.16  2.85564e-15
4861.6   2.88213e-15
4863.03  2.90919e-15
4864.47  2.93694e-15
4865.91  2.96551e-15
4867.35  2.99503e-15
4868.79  3.0256e-15
4870.23  3.0573e-15
4871.67  3.09016e-15
4873.11  3.12409e-15
4874.55  3.15889e-15
4875.99  3.1942e-15
4877.43  3.22955e-15
4878.87  3.26431e-15
4880.31  3.29783e-15
4881.75  3.32948e-15
4883.19  3.35872e-15
4884.63  3.38516e-15
4886.07  3.4086e-15
4887.51  3.42902e-15
4888.95  3.44655e-15
4890.39  3.46139e-15
4891.83  3.47377e-15
4893.27  3.48385e-15
4894.71  3.4917e-15
4896.15  3.49732e-15
4897.59  3.50064e-15
4899.03  3.50161e-15
4900.47  3.50026e-15
4901.91  3.49676e-15
4903.35  3.49146e-15
4904.79  3.48485e-15
4906.23  3.47751e-15
4907.67  3.47e-15
4909.11  3.46273e-15
4910.55  3.45582e-15
4911.99  3.44908e-15
4913.43  3.44194e-15
4914.87  3.43353e-15
4916.31  3.4228e-15
4917.75  3.40869e-15
4919.19  3.39029e-15
4920.63  3.36706e-15
4922.07  3.3389e-15
4923.51  3.3062e-15
4924.95  3.26984e-15
4926.39  3.23105e-15
4927.82  3.19126e-15
4929.26  3.15188e-15
4930.7   3.11413e-15
4932.14  3.07885e-15
4933.58  3.04643e-15
4935.02  3.01676e-15
4936.46  2.98929e-15
4937.9   2.96315e-15
4939.34  2.93731e-15
4940.78  2.91079e-15
4942.22  2.88283e-15
4943.66  2.85304e-15
4945.1   2.82149e-15
4946.54  2.78874e-15
4947.98  2.75573e-15
4949.42  2.72371e-15
4950.86  2.694e-15
4952.3   2.66783e-15
4953.74  2.64612e-15
4955.18  2.62935e-15
4956.62  2.61746e-15
4958.06  2.6099e-15
4959.5   2.60563e-15
4960.94  2.60336e-15
4962.38  2.60168e-15
4963.82  2.59934e-15
4965.26  2.59533e-15
4966.7   2.58911e-15
4968.14  2.58055e-15
4969.58  2.56995e-15
4971.02  2.55788e-15
4972.46  2.54503e-15
4973.9   2.532e-15
4975.34  2.51918e-15
4976.78  2.50664e-15
4978.22  2.49417e-15
4979.66  2.48132e-15
4981.1   2.46764e-15
4982.54  2.4528e-15
4983.98  2.43687e-15
4985.42  2.42043e-15
4986.86  2.40463e-15
4988.3   2.39111e-15
4989.74  2.38184e-15
4991.18  2.37879e-15
4992.62  2.38364e-15
4994.05  2.3974e-15
4995.49  2.42015e-15
4996.93  2.45091e-15
4998.37  2.48767e-15
4999.81  2.52756e-15
5001.25  2.56724e-15
5002.69  2.60336e-15
5004.13  2.63304e-15
5005.57  2.65433e-15
5007.01  2.66651e-15
5008.45  2.67023e-15
5009.89  2.66737e-15
5011.33  2.66079e-15
5012.77  2.65383e-15
5014.21  2.64977e-15
5015.65  2.6513e-15
5017.09  2.66008e-15
5018.53  2.67653e-15
5019.97  2.69975e-15
5021.41  2.72774e-15
5022.85  2.75781e-15
5024.29  2.78705e-15
5025.73  2.81284e-15
5027.17  2.83336e-15
5028.61  2.84784e-15
5030.05  2.85669e-15
5031.49  2.86139e-15
5032.93  2.8642e-15
5034.37  2.86773e-15
5035.81  2.87446e-15
5037.25  2.88629e-15
5038.69  2.90425e-15
5040.13  2.92834e-15
5041.57  2.95754e-15
5043.01  2.99007e-15
5044.45  3.02372e-15
5045.89  3.05623e-15
5047.33  3.0857e-15
5048.77  3.11086e-15
5050.21  3.13123e-15
5051.65  3.14715e-15
5053.09  3.15964e-15
5054.53  3.17015e-15
5055.97  3.18029e-15
5057.41  3.19156e-15
5058.84  3.20509e-15
5060.28  3.22153e-15
5061.72  3.24096e-15
5063.16  3.26294e-15
5064.6   3.28666e-15
5066.04  3.31104e-15
5067.48  3.33495e-15
5068.92  3.35738e-15
5070.36  3.37757e-15
5071.8   3.39509e-15
5073.24  3.40991e-15
5074.68  3.42235e-15
5076.12  3.43304e-15
5077.56  3.44278e-15
5079     3.4525e-15
5080.44  3.46305e-15
5081.88  3.47516e-15
5083.32  3.48931e-15
5084.76  3.50571e-15
5086.2   3.52428e-15
5087.64  3.54468e-15
5089.08  3.5664e-15
5090.52  3.5888e-15
5091.96  3.61125e-15
5093.4   3.63318e-15
5094.84  3.6542e-15
5096.28  3.6741e-15
5097.72  3.69292e-15
5099.16  3.71087e-15
5100.6   3.72831e-15
5102.04  3.74568e-15
5103.48  3.76339e-15
5104.92  3.78173e-15
5106.36  3.8008e-15
5107.8   3.8205e-15
5109.24  3.84049e-15
5110.68  3.86027e-15
5112.12  3.87922e-15
5113.56  3.89671e-15
5115     3.91221e-15
5116.44  3.92535e-15
5117.88  3.93598e-15
5119.32  3.94424e-15
5120.76  3.95052e-15
5122.2   3.95541e-15
5123.63  3.95969e-15
5125.07  3.9642e-15
5126.51  3.9698e-15
5127.95  3.97725e-15
5129.39  3.98717e-15
5130.83  3.99997e-15
5132.27  4.0158e-15
5133.71  4.03453e-15
5135.15  4.05576e-15
5136.59  4.07884e-15
5138.03  4.10295e-15
5139.47  4.12709e-15
5140.91  4.15025e-15
5142.35  4.17146e-15
5143.79  4.18986e-15
5145.23  4.20482e-15
5146.67  4.21599e-15
5148.11  4.2233e-15
5149.55  4.22697e-15
5150.99  4.22749e-15
5152.43  4.22555e-15
5153.87  4.22195e-15
5155.31  4.21756e-15
5156.75  4.21321e-15
5158.19  4.2097e-15
5159.63  4.20773e-15
5161.07  4.20788e-15
5162.51  4.21063e-15
5163.95  4.2163e-15
5165.39  4.22507e-15
5166.83  4.23689e-15
5168.27  4.25147e-15
5169.71  4.26828e-15
5171.15  4.28652e-15
5172.59  4.30521e-15
5174.03  4.32327e-15
5175.47  4.33963e-15
5176.91  4.35339e-15
5178.35  4.36398e-15
5179.79  4.37117e-15
5181.23  4.3752e-15
5182.67  4.37662e-15
5184.11  4.37624e-15
5185.55  4.37492e-15
5186.99  4.37336e-15
5188.42  4.37194e-15
5189.86  4.37055e-15
5191.3   4.3686e-15
5192.74  4.36507e-15
5194.18  4.35867e-15
5195.62  4.3481e-15
5197.06  4.3323e-15
5198.5   4.31069e-15
5199.94  4.28339e-15
5201.38  4.25121e-15
5202.82  4.21565e-15
5204.26  4.17867e-15
5205.7   4.14243e-15
5207.14  4.109e-15
5208.58  4.08007e-15
5210.02  4.0567e-15
5211.46  4.03926e-15
5212.9   4.02746e-15
5214.34  4.02045e-15
5215.78  4.01708e-15
5217.22  4.01611e-15
5218.66  4.01649e-15
5220.1   4.01745e-15
5221.54  4.01859e-15
5222.98  4.0198e-15
5224.42  4.02114e-15
5225.86  4.02264e-15
5227.3   4.02414e-15
5228.74  4.02517e-15
5230.18  4.02491e-15
5231.62  4.02229e-15
5233.06  4.01614e-15
5234.5   4.00538e-15
5235.94  3.98926e-15
5237.38  3.96752e-15
5238.82  3.94047e-15
5240.26  3.90898e-15
5241.7   3.87437e-15
5243.14  3.83822e-15
5244.58  3.80211e-15
5246.02  3.76747e-15
5247.46  3.73538e-15
5248.9   3.70649e-15
5250.34  3.68107e-15
5251.78  3.65909e-15
5253.22  3.64037e-15
5254.65  3.6247e-15
5256.09  3.61205e-15
5257.53  3.60256e-15
5258.97  3.59654e-15
5260.41  3.59438e-15
5261.85  3.59644e-15
5263.29  3.6028e-15
5264.73  3.61319e-15
5266.17  3.62687e-15
5267.61  3.64266e-15
5269.05  3.65902e-15
5270.49  3.67428e-15
5271.93  3.6868e-15
5273.37  3.69532e-15
5274.81  3.69906e-15
5276.25  3.69794e-15
5277.69  3.69251e-15
5279.13  3.68394e-15
5280.57  3.67378e-15
5282.01  3.6637e-15
5283.45  3.65526e-15
5284.89  3.6496e-15
5286.33  3.64733e-15
5287.77  3.64839e-15
5289.21  3.65213e-15
5290.65  3.65742e-15
5292.09  3.66291e-15
5293.53  3.66721e-15
5294.97  3.66918e-15
5296.41  3.66809e-15
5297.85  3.66374e-15
5299.29  3.65644e-15
5300.73  3.64696e-15
5302.17  3.63629e-15
5303.61  3.62553e-15
5305.05  3.61562e-15
5306.49  3.6072e-15
5307.93  3.60049e-15
5309.37  3.59526e-15
5310.81  3.5909e-15
5312.25  3.58653e-15
5313.69  3.5812e-15
5315.13  3.574e-15
5316.57  3.56432e-15
5318.01  3.55191e-15
5319.44  3.53693e-15
5320.88  3.52001e-15
5322.32  3.50208e-15
5323.76  3.48431e-15
5325.2   3.4679e-15
5326.64  3.45396e-15
5328.08  3.4433e-15
5329.52  3.43637e-15
5330.96  3.43321e-15
5332.4   3.43345e-15
5333.84  3.43636e-15
5335.28  3.44098e-15
5336.72  3.44623e-15
5338.16  3.45104e-15
5339.6   3.45445e-15
5341.04  3.45568e-15
5342.48  3.4542e-15
5343.92  3.44969e-15
5345.36  3.44211e-15
5346.8   3.4316e-15
5348.24  3.41844e-15
5349.68  3.40308e-15
5351.12  3.38601e-15
5352.56  3.36781e-15
5354     3.34905e-15
5355.44  3.33029e-15
5356.88  3.31207e-15
5358.32  3.29484e-15
5359.76  3.27895e-15
5361.2   3.26466e-15
5362.64  3.25209e-15
5364.08  3.24127e-15
5365.52  3.23215e-15
5366.96  3.22463e-15
5368.4   3.21864e-15
5369.84  3.21414e-15
5371.28  3.21115e-15
5372.72  3.20976e-15
5374.16  3.21012e-15
5375.6   3.21231e-15
5377.04  3.21636e-15
5378.48  3.22212e-15
5379.92  3.22924e-15
5381.36  3.23711e-15
5382.8   3.2449e-15
5384.23  3.25164e-15
5385.67  3.25629e-15
5387.11  3.25789e-15
5388.55  3.2557e-15
5389.99  3.2493e-15
5391.43  3.23873e-15
5392.87  3.22449e-15
5394.31  3.20749e-15
5395.75  3.18902e-15
5397.19  3.17052e-15
5398.63  3.15348e-15
5400.07  3.1392e-15
5401.51  3.12868e-15
5402.95  3.12247e-15
5404.39  3.12071e-15
5405.83  3.12312e-15
5407.27  3.12911e-15
5408.71  3.1379e-15
5410.15  3.14867e-15
5411.59  3.16065e-15
5413.03  3.17319e-15
5414.47  3.18574e-15
5415.91  3.19784e-15
5417.35  3.20901e-15
5418.79  3.21875e-15
5420.23  3.22641e-15
5421.67  3.23127e-15
5423.11  3.23255e-15
5424.55  3.22953e-15
5425.99  3.22164e-15
5427.43  3.20864e-15
5428.87  3.19063e-15
5430.31  3.16815e-15
5431.75  3.14212e-15
5433.19  3.11376e-15
5434.63  3.08448e-15
5436.07  3.05569e-15
5437.51  3.02875e-15
5438.95  3.00478e-15
5440.39  2.98473e-15
5441.83  2.9693e-15
5443.27  2.95904e-15
5444.71  2.95439e-15
5446.15  2.95571e-15
5447.59  2.96328e-15
5449.02  2.97724e-15
5450.46  2.99743e-15
5451.9   3.02333e-15
5453.34  3.05387e-15
5454.78  3.08739e-15
5456.22  3.12168e-15
5457.66  3.1541e-15
5459.1   3.1819e-15
5460.54  3.20248e-15
5461.98  3.21385e-15
5463.42  3.21494e-15
5464.86  3.20582e-15
5466.3   3.18785e-15
5467.74  3.16353e-15
5469.18  3.13622e-15
5470.62  3.10975e-15
5472.06  3.08786e-15
5473.5   3.07369e-15
5474.94  3.06937e-15
5476.38  3.07566e-15
5477.82  3.0919e-15
5479.26  3.1161e-15
5480.7   3.14522e-15
5482.14  3.17562e-15
5483.58  3.20356e-15
5485.02  3.22573e-15
5486.46  3.23966e-15
5487.9   3.24402e-15
5489.34  3.23878e-15
5490.78  3.22513e-15
5492.22  3.20534e-15
5493.66  3.18237e-15
5495.1   3.15948e-15
5496.54  3.13982e-15
5497.98  3.12606e-15
5499.42  3.12001e-15
5500.86  3.1225e-15
5502.3   3.13325e-15
5503.74  3.15099e-15
5505.18  3.17363e-15
5506.62  3.1985e-15
5508.06  3.22276e-15
5509.5   3.24371e-15
5510.94  3.25913e-15
5512.38  3.26756e-15
5513.82  3.26844e-15
5515.25  3.26215e-15
5516.69  3.24994e-15
5518.13  3.23373e-15
5519.57  3.2158e-15
5521.01  3.19846e-15
5522.45  3.18369e-15
5523.89  3.17291e-15
5525.33  3.16673e-15
5526.77  3.16493e-15
5528.21  3.1665e-15
5529.65  3.16989e-15
5531.09  3.17325e-15
5532.53  3.17479e-15
5533.97  3.17309e-15
5535.41  3.16736e-15
5536.85  3.15753e-15
5538.29  3.1443e-15
5539.73  3.12897e-15
5541.17  3.11326e-15
5542.61  3.09898e-15
5544.05  3.08774e-15
5545.49  3.08071e-15
5546.93  3.07845e-15
5548.37  3.08084e-15
5549.81  3.08714e-15
5551.25  3.09615e-15
5552.69  3.10641e-15
5554.13  3.11643e-15
5555.57  3.12489e-15
5557.01  3.13079e-15
5558.45  3.13355e-15
5559.89  3.13294e-15
5561.33  3.12907e-15
5562.77  3.12225e-15
5564.21  3.11291e-15
5565.65  3.10146e-15
5567.09  3.08826e-15
5568.53  3.07361e-15
5569.97  3.05777e-15
5571.41  3.04101e-15
5572.85  3.02363e-15
5574.29  3.00606e-15
5575.73  2.9888e-15
5577.17  2.97243e-15
5578.61  2.95755e-15
5580.04  2.94472e-15
5581.48  2.93437e-15
5582.92  2.92677e-15
5584.36  2.92197e-15
5585.8   2.91981e-15
5587.24  2.91996e-15
5588.68  2.92193e-15
5590.12  2.92521e-15
5591.56  2.92927e-15
5593     2.93367e-15
5594.44  2.93807e-15
5595.88  2.94223e-15
5597.32  2.94598e-15
5598.76  2.94921e-15
5600.2   2.95179e-15
5601.64  2.95352e-15
5603.08  2.95411e-15
5604.52  2.95321e-15
5605.96  2.95039e-15
5607.4   2.94528e-15
5608.84  2.93762e-15
5610.28  2.92738e-15
5611.72  2.9148e-15
5613.16  2.9005e-15
5614.6   2.88541e-15
5616.04  2.87073e-15
5617.48  2.85781e-15
5618.92  2.84797e-15
5620.36  2.84234e-15
5621.8   2.84161e-15
5623.24  2.84597e-15
5624.68  2.85496e-15
5626.12  2.86751e-15
5627.56  2.88201e-15
5629     2.89648e-15
5630.44  2.90881e-15
5631.88  2.917e-15
5633.32  2.91945e-15
5634.76  2.91512e-15
5636.2   2.90366e-15
5637.64  2.88548e-15
5639.08  2.86167e-15
5640.52  2.83385e-15
5641.96  2.80397e-15
5643.4   2.77406e-15
5644.83  2.74603e-15
5646.27  2.72142e-15
5647.71  2.70132e-15
5649.15  2.68626e-15
5650.59  2.67626e-15
5652.03  2.67087e-15
5653.47  2.66932e-15
5654.91  2.67065e-15
5656.35  2.67388e-15
5657.79  2.6781e-15
5659.23  2.68256e-15
5660.67  2.68674e-15
5662.11  2.69031e-15
5663.55  2.6931e-15
5664.99  2.695e-15
5666.43  2.69593e-15
5667.87  2.69575e-15
5669.31  2.69423e-15
5670.75  2.69108e-15
5672.19  2.68599e-15
5673.63  2.67873e-15
5675.07  2.66921e-15
5676.51  2.65762e-15
5677.95  2.64441e-15
5679.39  2.63034e-15
5680.83  2.61636e-15
5682.27  2.60351e-15
5683.71  2.59274e-15
5685.15  2.58476e-15
5686.59  2.57991e-15
5688.03  2.57804e-15
5689.47  2.57858e-15
5690.91  2.58061e-15
5692.35  2.58297e-15
5693.79  2.58453e-15
5695.23  2.58433e-15
5696.67  2.5818e-15
5698.11  2.57684e-15
5699.55  2.56985e-15
5700.99  2.56164e-15
5702.43  2.55334e-15
5703.87  2.54616e-15
5705.31  2.5412e-15
5706.75  2.5393e-15
5708.19  2.54088e-15
5709.62  2.54592e-15
5711.06  2.55392e-15
5712.5   2.56407e-15
5713.94  2.5753e-15
5715.38  2.58653e-15
5716.82  2.59673e-15
5718.26  2.60517e-15
5719.7   2.61143e-15
5721.14  2.61549e-15
5722.58  2.61773e-15
5724.02  2.61887e-15
5725.46  2.61986e-15
5726.9   2.62179e-15
5728.34  2.6257e-15
5729.78  2.63251e-15
5731.22  2.64281e-15
5732.66  2.65689e-15
5734.1   2.6746e-15
5735.54  2.69542e-15
5736.98  2.71855e-15
5738.42  2.74295e-15
5739.86  2.76756e-15
5741.3   2.79139e-15
5742.74  2.81371e-15
5744.18  2.83406e-15
5745.62  2.85237e-15
5747.06  2.86887e-15
5748.5   2.88405e-15
5749.94  2.89853e-15
5751.38  2.91292e-15
5752.82  2.92769e-15
5754.26  2.94307e-15
5755.7   2.95903e-15
5757.14  2.97522e-15
5758.58  2.9911e-15
5760.02  3.00603e-15
5761.46  3.01937e-15
5762.9   3.0307e-15
5764.34  3.03984e-15
5765.78  3.047e-15
5767.22  3.05275e-15
5768.66  3.05794e-15
5770.1   3.06364e-15
5771.54  3.07091e-15
5772.98  3.08064e-15
5774.42  3.09341e-15
5775.85  3.10936e-15
5777.29  3.12816e-15
5778.73  3.14904e-15
5780.17  3.17095e-15
5781.61  3.19272e-15
5783.05  3.21328e-15
5784.49  3.23187e-15
5785.93  3.24814e-15
5787.37  3.26228e-15
5788.81  3.2749e-15
5790.25  3.28696e-15
5791.69  3.29953e-15
5793.13  3.31362e-15
5794.57  3.32994e-15
5796.01  3.34878e-15
5797.45  3.36992e-15
5798.89  3.39275e-15
5800.33  3.41632e-15
5801.77  3.43959e-15
5803.21  3.46159e-15
5804.65  3.48164e-15
5806.09  3.49941e-15
5807.53  3.51504e-15
5808.97  3.52899e-15
5810.41  3.54199e-15
5811.85  3.5548e-15
5813.29  3.56811e-15
5814.73  3.58233e-15
5816.17  3.59755e-15
5817.61  3.61349e-15
5819.05  3.62959e-15
5820.49  3.64513e-15
5821.93  3.65931e-15
5823.37  3.67148e-15
5824.81  3.68117e-15
5826.25  3.6882e-15
5827.69  3.69267e-15
5829.13  3.69493e-15
5830.57  3.69553e-15
5832.01  3.69512e-15
5833.45  3.6944e-15
5834.89  3.69403e-15
5836.33  3.6946e-15
5837.77  3.69658e-15
5839.21  3.7003e-15
5840.64  3.70586e-15
5842.08  3.71313e-15
5843.52  3.72172e-15
5844.96  3.73094e-15
5846.4   3.73988e-15
5847.84  3.74743e-15
5849.28  3.75252e-15
5850.72  3.75418e-15
5852.16  3.75184e-15
5853.6   3.74542e-15
5855.04  3.73546e-15
5856.48  3.72312e-15
5857.92  3.71006e-15
5859.36  3.6982e-15
5860.8   3.68942e-15
5862.24  3.68521e-15
5863.68  3.68633e-15
5865.12  3.69263e-15
5866.56  3.70296e-15
5868     3.71524e-15
5869.44  3.72675e-15
5870.88  3.73451e-15
5872.32  3.73575e-15
5873.76  3.72834e-15
5875.2   3.71121e-15
5876.64  3.68449e-15
5878.08  3.64965e-15
5879.52  3.60923e-15
5880.96  3.56658e-15
5882.4   3.52536e-15
5883.84  3.48909e-15
5885.28  3.46065e-15
5886.72  3.44197e-15
5888.16  3.43376e-15
5889.6   3.43558e-15
5891.04  3.44593e-15
5892.48  3.46255e-15
5893.92  3.4828e-15
5895.36  3.50403e-15
5896.8   3.52391e-15
5898.24  3.54067e-15
5899.68  3.55324e-15
5901.12  3.56127e-15
5902.56  3.56496e-15
5904     3.56498e-15
5905.43  3.5622e-15
5906.87  3.55751e-15
5908.31  3.55169e-15
5909.75  3.5453e-15
5911.19  3.53864e-15
5912.63  3.53179e-15
5914.07  3.52467e-15
5915.51  3.5171e-15
5916.95  3.50892e-15
5918.39  3.5e-15
5919.83  3.49034e-15
5921.27  3.48002e-15
5922.71  3.46919e-15
5924.15  3.45809e-15
5925.59  3.44695e-15
5927.03  3.43602e-15
5928.47  3.4255e-15
5929.91  3.41559e-15
5931.35  3.40644e-15
5932.79  3.39821e-15
5934.23  3.39107e-15
5935.67  3.38517e-15
5937.11  3.38066e-15
5938.55  3.37763e-15
5939.99  3.3761e-15
5941.43  3.37591e-15
5942.87  3.37674e-15
5944.31  3.37809e-15
5945.75  3.37921e-15
5947.19  3.37925e-15
5948.63  3.37726e-15
5950.07  3.37234e-15
5951.51  3.36375e-15
5952.95  3.35105e-15
5954.39  3.33419e-15
5955.83  3.31354e-15
5957.27  3.28996e-15
5958.71  3.26465e-15
5960.15  3.2391e-15
5961.59  3.21491e-15
5963.03  3.19357e-15
5964.47  3.17633e-15
5965.91  3.16401e-15
5967.35  3.15692e-15
5968.79  3.15482e-15
5970.22  3.15693e-15
5971.66  3.16208e-15
5973.1   3.1688e-15
5974.54  3.17554e-15
5975.98  3.18086e-15
5977.42  3.18358e-15
5978.86  3.18291e-15
5980.3   3.17852e-15
5981.74  3.17056e-15
5983.18  3.15959e-15
5984.62  3.14648e-15
5986.06  3.13226e-15
5987.5   3.11799e-15
5988.94  3.10461e-15
5990.38  3.09282e-15
5991.82  3.083e-15
5993.26  3.07518e-15
5994.7   3.06905e-15
5996.14  3.06404e-15
5997.58  3.05936e-15
5999.02  3.05416e-15
6000.46  3.04766e-15
6001.9   3.03925e-15
6003.34  3.02859e-15
6004.78  3.01574e-15
6006.22  3.00113e-15
6007.66  2.98557e-15
6009.1   2.97014e-15
6010.54  2.95607e-15
6011.98  2.94459e-15
6013.42  2.93675e-15
6014.86  2.93326e-15
6016.3   2.9344e-15
6017.74  2.93993e-15
6019.18  2.94917e-15
6020.62  2.96102e-15
6022.06  2.97415e-15
6023.5   2.98712e-15
6024.94  2.99854e-15
6026.38  3.00724e-15
6027.82  3.0123e-15
6029.26  3.01314e-15
6030.7   3.00947e-15
6032.14  3.00125e-15
6033.58  2.98863e-15
6035.02  2.97186e-15
6036.45  2.9512e-15
6037.89  2.92691e-15
6039.33  2.89917e-15
6040.77  2.86812e-15
6042.21  2.83388e-15
6043.65  2.79651e-15
6045.09  2.75612e-15
6046.53  2.71283e-15
6047.97  2.66682e-15
6049.41  2.61829e-15
6050.85  2.5675e-15
6052.29  2.51469e-15
6053.73  2.46016e-15
6055.17  2.40417e-15
6056.61  2.34703e-15
6058.05  2.28908e-15
6059.49  2.23076e-15
6060.93  2.1726e-15
6062.37  2.11527e-15
6063.81  2.05955e-15
6065.25  2.0063e-15
6066.69  1.95639e-15
6068.13  1.91056e-15
6069.57  1.86934e-15
6071.01  1.83289e-15
6072.45  1.80096e-15
6073.89  1.7728e-15
6075.33  1.74726e-15
6076.77  1.72282e-15
6078.21  1.69783e-15
6079.65  1.67066e-15
6081.09  1.63996e-15
6082.53  1.60485e-15
6083.97  1.56505e-15
6085.41  1.52096e-15
6086.85  1.47365e-15
6088.29  1.42473e-15
6089.73  1.37618e-15
6091.17  1.33013e-15
6092.61  1.2886e-15
6094.05  1.25326e-15
6095.49  1.22525e-15
6096.93  1.20507e-15
6098.37  1.19249e-15
6099.81  1.18661e-15
6101.24  1.18594e-15
6102.68  1.18863e-15
6104.12  1.19265e-15
6105.56  1.19606e-15
6107     1.19722e-15
6108.44  1.19499e-15
6109.88  1.18884e-15
6111.32  1.17892e-15
6112.76  1.16597e-15
6114.2   1.15122e-15
6115.64  1.13618e-15
6117.08  1.12244e-15
6118.52  1.11144e-15
6119.96  1.10429e-15
6121.4   1.10167e-15
6122.84  1.10375e-15
6124.28  1.11022e-15
6125.72  1.12045e-15
6127.16  1.13353e-15
6128.6   1.14854e-15
6130.04  1.16464e-15
6131.48  1.18121e-15
6132.92  1.19797e-15
6134.36  1.21495e-15
6135.8   1.23244e-15
6137.24  1.25094e-15
6138.68  1.27103e-15
6140.12  1.29319e-15
6141.56  1.31779e-15
6143     1.34491e-15
6144.44  1.37442e-15
6145.88  1.40594e-15
6147.32  1.43893e-15
6148.76  1.47281e-15
6150.2   1.50702e-15
6151.64  1.54111e-15
6153.08  1.57481e-15
6154.52  1.60798e-15
6155.96  1.64065e-15
6157.4   1.67292e-15
6158.84  1.7049e-15
6160.28  1.73668e-15
6161.72  1.76828e-15
6163.16  1.79965e-15
6164.6   1.8307e-15
6166.03  1.86129e-15
6167.47  1.89134e-15
6168.91  1.92079e-15
6170.35  1.94962e-15
6171.79  1.97786e-15
6173.23  2.00555e-15
6174.67  2.03269e-15
6176.11  2.0592e-15
6177.55  2.08497e-15
6178.99  2.10982e-15
6180.43  2.13355e-15
6181.87  2.15601e-15
6183.31  2.17714e-15
6184.75  2.19698e-15
6186.19  2.21575e-15
6187.63  2.23373e-15
6189.07  2.25126e-15
6190.51  2.26868e-15
6191.95  2.28621e-15
6193.39  2.30389e-15
6194.83  2.3216e-15
6196.27  2.33906e-15
6197.71  2.35583e-15
6199.15  2.37148e-15
6200.59  2.38561e-15
6202.03  2.39796e-15
6203.47  2.40843e-15
6204.91  2.41713e-15
6206.35  2.42431e-15
6207.79  2.43029e-15
6209.23  2.43537e-15
6210.67  2.43978e-15
6212.11  2.44358e-15
6213.55  2.44668e-15
6214.99  2.44888e-15
6216.43  2.44994e-15
6217.87  2.44971e-15
6219.31  2.44821e-15
6220.75  2.4457e-15
6222.19  2.44271e-15
6223.63  2.43999e-15
6225.07  2.43837e-15
6226.51  2.43866e-15
6227.95  2.44145e-15
6229.39  2.44702e-15
6230.82  2.45521e-15
6232.26  2.46548e-15
6233.7   2.47694e-15
6235.14  2.48852e-15
6236.58  2.49918e-15
6238.02  2.50807e-15
6239.46  2.51468e-15
6240.9   2.51894e-15
6242.34  2.5212e-15
6243.78  2.52211e-15
6245.22  2.52248e-15
6246.66  2.5231e-15
6248.1   2.52455e-15
6249.54  2.52707e-15
6250.98  2.53054e-15
6252.42  2.53452e-15
6253.86  2.53838e-15
6255.3   2.54146e-15
6256.74  2.54323e-15
6258.18  2.54344e-15
6259.62  2.54219e-15
6261.06  2.53989e-15
6262.5   2.53718e-15
6263.94  2.53479e-15
6265.38  2.53336e-15
6266.82  2.53333e-15
6268.26  2.53484e-15
6269.7   2.53772e-15
6271.14  2.54158e-15
6272.58  2.54594e-15
6274.02  2.55036e-15
6275.46  2.55454e-15
6276.9   2.55846e-15
6278.34  2.56227e-15
6279.78  2.56628e-15
6281.22  2.57078e-15
6282.66  2.57589e-15
6284.1   2.58139e-15
6285.54  2.5867e-15
6286.98  2.59084e-15
6288.42  2.59265e-15
6289.86  2.59088e-15
6291.3   2.58457e-15
6292.74  2.57321e-15
6294.18  2.55697e-15
6295.62  2.53677e-15
6297.05  2.51422e-15
6298.49  2.49147e-15
6299.93  2.47088e-15
6301.37  2.45471e-15
6302.81  2.44476e-15
6304.25  2.44211e-15
6305.69  2.44689e-15
6307.13  2.45833e-15
6308.57  2.47476e-15
6310.01  2.49391e-15
6311.45  2.51319e-15
6312.89  2.53002e-15
6314.33  2.5422e-15
6315.77  2.54814e-15
6317.21  2.54708e-15
6318.65  2.53911e-15
6320.09  2.52515e-15
6321.53  2.50675e-15
6322.97  2.48593e-15
6324.41  2.46487e-15
6325.85  2.44564e-15
6327.29  2.43002e-15
6328.73  2.41923e-15
6330.17  2.41391e-15
6331.61  2.41405e-15
6333.05  2.41902e-15
6334.49  2.42771e-15
6335.93  2.43862e-15
6337.37  2.45011e-15
6338.81  2.4605e-15
6340.25  2.46834e-15
6341.69  2.47248e-15
6343.13  2.47227e-15
6344.57  2.46759e-15
6346.01  2.4589e-15
6347.45  2.44721e-15
6348.89  2.43396e-15
6350.33  2.42088e-15
6351.77  2.40975e-15
6353.21  2.40218e-15
6354.65  2.39937e-15
6356.09  2.40188e-15
6357.53  2.40951e-15
6358.97  2.42125e-15
6360.41  2.43539e-15
6361.84  2.44965e-15
6363.28  2.46154e-15
6364.72  2.46869e-15
6366.16  2.46922e-15
6367.6   2.46203e-15
6369.04  2.44707e-15
6370.48  2.42537e-15
6371.92  2.39892e-15
6373.36  2.37045e-15
6374.8   2.34299e-15
6376.24  2.31943e-15
6377.68  2.30208e-15
6379.12  2.29231e-15
6380.56  2.29035e-15
6382     2.29527e-15
6383.44  2.30515e-15
6384.88  2.31743e-15
6386.32  2.32937e-15
6387.76  2.33851e-15
6389.2   2.34305e-15
6390.64  2.34214e-15
6392.08  2.33597e-15
6393.52  2.32564e-15
6394.96  2.31294e-15
6396.4   2.29991e-15
6397.84  2.2885e-15
6399.28  2.28019e-15
6400.72  2.27574e-15
6402.16  2.27511e-15
6403.6   2.27754e-15
6405.04  2.28175e-15
6406.48  2.28625e-15
6407.92  2.28968e-15
6409.36  2.29109e-15
6410.8   2.29012e-15
6412.24  2.28708e-15
6413.68  2.28285e-15
6415.12  2.27872e-15
6416.56  2.27612e-15
6418     2.27631e-15
6419.44  2.28013e-15
6420.88  2.28784e-15
6422.32  2.29903e-15
6423.76  2.31266e-15
6425.2   2.32722e-15
6426.63  2.34098e-15
6428.07  2.35223e-15
6429.51  2.35956e-15
6430.95  2.36209e-15
6432.39  2.35955e-15
6433.83  2.35236e-15
6435.27  2.34153e-15
6436.71  2.32849e-15
6438.15  2.31486e-15
6439.59  2.30223e-15
6441.03  2.2919e-15
6442.47  2.2847e-15
6443.91  2.2809e-15
6445.35  2.28019e-15
6446.79  2.28178e-15
6448.23  2.2845e-15
6449.67  2.28707e-15
6451.11  2.28826e-15
6452.55  2.28714e-15
6453.99  2.28319e-15
6455.43  2.27644e-15
6456.87  2.26741e-15
6458.31  2.2571e-15
6459.75  2.24683e-15
6461.19  2.23803e-15
6462.63  2.23206e-15
6464.07  2.23002e-15
6465.51  2.23256e-15
6466.95  2.23981e-15
6468.39  2.25133e-15
6469.83  2.26618e-15
6471.27  2.283e-15
6472.71  2.30022e-15
6474.15  2.3162e-15
6475.59  2.32948e-15
6477.03  2.33892e-15
6478.47  2.34387e-15
6479.91  2.3442e-15
6481.35  2.34037e-15
6482.79  2.33329e-15
6484.23  2.32424e-15
6485.67  2.31469e-15
6487.11  2.30608e-15
6488.55  2.29961e-15
6489.99  2.29609e-15
6491.42  2.29579e-15
6492.86  2.29842e-15
6494.3   2.30319e-15
6495.74  2.30891e-15
6497.18  2.31421e-15
6498.62  2.31782e-15
6500.06  2.31873e-15
6501.5   2.31644e-15
6502.94  2.31104e-15
6504.38  2.30325e-15
6505.82  2.29423e-15
6507.26  2.28547e-15
6508.7   2.27845e-15
6510.14  2.27441e-15
6511.58  2.27411e-15
6513.02  2.27766e-15
6514.46  2.28446e-15
6515.9   2.29336e-15
6517.34  2.30273e-15
6518.78  2.31085e-15
6520.22  2.31608e-15
6521.66  2.31719e-15
6523.1   2.31356e-15
6524.54  2.30519e-15
6525.98  2.29277e-15
6527.42  2.27749e-15
6528.86  2.26089e-15
6530.3   2.24458e-15
6531.74  2.23006e-15
6533.18  2.21848e-15
6534.62  2.21059e-15
6536.06  2.20661e-15
6537.5   2.20633e-15
6538.94  2.20913e-15
6540.38  2.21415e-15
6541.82  2.22036e-15
6543.26  2.22675e-15
6544.7   2.23236e-15
6546.14  2.23641e-15
6547.58  2.2383e-15
6549.02  2.23761e-15
6550.46  2.23414e-15
6551.9   2.22788e-15
6553.34  2.21899e-15
6554.78  2.20782e-15
6556.22  2.19486e-15
6557.65  2.1808e-15
6559.09  2.16648e-15
6560.53  2.15287e-15
6561.97  2.14097e-15
6563.41  2.13178e-15
6564.85  2.12611e-15
6566.29  2.12451e-15
6567.73  2.12714e-15
6569.17  2.13366e-15
6570.61  2.14327e-15
6572.05  2.15473e-15
6573.49  2.16648e-15
6574.93  2.17689e-15
6576.37  2.18445e-15
6577.81  2.18798e-15
6579.25  2.18689e-15
6580.69  2.18119e-15
6582.13  2.17156e-15
6583.57  2.15921e-15
6585.01  2.14565e-15
6586.45  2.13247e-15
6587.89  2.12105e-15
6589.33  2.11228e-15
6590.77  2.1065e-15
6592.21  2.10338e-15
6593.65  2.10207e-15
6595.09  2.10134e-15
6596.53  2.09989e-15
6597.97  2.09656e-15
6599.41  2.0906e-15
6600.85  2.08179e-15
6602.29  2.07049e-15
6603.73  2.05755e-15
6605.17  2.04417e-15
6606.61  2.0316e-15
6608.05  2.02097e-15
6609.49  2.01306e-15
6610.93  2.00813e-15
6612.37  2.00593e-15
6613.81  2.00574e-15
6615.25  2.00652e-15
6616.69  2.0071e-15
6618.13  2.00636e-15
6619.57  2.0035e-15
6621.01  1.99806e-15
6622.44  1.99007e-15
6623.88  1.97994e-15
6625.32  1.96843e-15
6626.76  1.95647e-15
6628.2   1.94502e-15
6629.64  1.93489e-15
6631.08  1.92666e-15
6632.52  1.92059e-15
6633.96  1.91666e-15
6635.4   1.91454e-15
6636.84  1.9137e-15
6638.28  1.91354e-15
6639.72  1.91341e-15
6641.16  1.91274e-15
6642.6   1.91104e-15
6644.04  1.90799e-15
6645.48  1.90338e-15
6646.92  1.89714e-15
6648.36  1.88927e-15
6649.8   1.8799e-15
6651.24  1.86921e-15
6652.68  1.85746e-15
6654.12  1.84499e-15
6655.56  1.83227e-15
6657     1.81983e-15
6658.44  1.80832e-15
6659.88  1.79845e-15
6661.32  1.79093e-15
6662.76  1.78636e-15
6664.2   1.78518e-15
6665.64  1.78753e-15
6667.08  1.7932e-15
6668.52  1.80154e-15
6669.96  1.81149e-15
6671.4   1.82169e-15
6672.84  1.83052e-15
6674.28  1.83635e-15
6675.72  1.83772e-15
6677.16  1.83352e-15
6678.6   1.8232e-15
6680.04  1.80687e-15
6681.48  1.78535e-15
6682.92  1.76008e-15
6684.36  1.73306e-15
6685.8   1.70657e-15
6687.23  1.68293e-15
6688.67  1.66425e-15
6690.11  1.65214e-15
6691.55  1.64752e-15
6692.99  1.65053e-15
6694.43  1.66047e-15
6695.87  1.67592e-15
6697.31  1.69494e-15
6698.75  1.71527e-15
6700.19  1.73468e-15
6701.63  1.75118e-15
6703.07  1.76329e-15
6704.51  1.77015e-15
6705.95  1.7716e-15
6707.39  1.76811e-15
6708.83  1.76068e-15
6710.27  1.75064e-15
6711.71  1.73945e-15
6713.15  1.72849e-15
6714.59  1.7189e-15
6716.03  1.71146e-15
6717.47  1.70649e-15
6718.91  1.70392e-15
6720.35  1.70327e-15
6721.79  1.70381e-15
6723.23  1.70461e-15
6724.67  1.70475e-15
6726.11  1.70337e-15
6727.55  1.69985e-15
6728.99  1.69381e-15
6730.43  1.68521e-15
6731.87  1.67434e-15
6733.31  1.66182e-15
6734.75  1.64851e-15
6736.19  1.63545e-15
6737.63  1.62381e-15
6739.07  1.61472e-15
6740.51  1.60921e-15
6741.95  1.6081e-15
6743.39  1.61186e-15
6744.83  1.62056e-15
6746.27  1.63383e-15
6747.71  1.65078e-15
6749.15  1.67009e-15
6750.59  1.69008e-15
6752.02  1.70882e-15
6753.46  1.72439e-15
6754.9   1.73503e-15
6756.34  1.73943e-15
6757.78  1.73692e-15
6759.22  1.72756e-15
6760.66  1.71227e-15
6762.1   1.6927e-15
6763.54  1.67112e-15
6764.98  1.65007e-15
6766.42  1.6321e-15
6767.86  1.61938e-15
6769.3   1.61336e-15
6770.74  1.61461e-15
6772.18  1.62266e-15
6773.62  1.63609e-15
6775.06  1.65271e-15
6776.5   1.66988e-15
6777.94  1.68486e-15
6779.38  1.69524e-15
6780.82  1.69923e-15
6782.26  1.69591e-15
6783.7   1.6853e-15
6785.14  1.66836e-15
6786.58  1.64677e-15
6788.02  1.62266e-15
6789.46  1.59832e-15
6790.9   1.57586e-15
6792.34  1.55696e-15
6793.78  1.54272e-15
6795.22  1.53357e-15
6796.66  1.52935e-15
6798.1   1.52942e-15
6799.54  1.53286e-15
6800.98  1.53867e-15
6802.42  1.54596e-15
6803.86  1.55407e-15
6805.3   1.56261e-15
6806.74  1.57149e-15
6808.18  1.58078e-15
6809.62  1.59063e-15
6811.06  1.60112e-15
6812.5   1.61211e-15
6813.94  1.62322e-15
6815.38  1.63375e-15
6816.82  1.64274e-15
6818.25  1.6491e-15
6819.69  1.65175e-15
6821.13  1.64981e-15
6822.57  1.64275e-15
6824.01  1.63058e-15
6825.45  1.61385e-15
6826.89  1.5937e-15
6828.33  1.57173e-15
6829.77  1.54981e-15
6831.21  1.52988e-15
6832.65  1.51366e-15
6834.09  1.50244e-15
6835.53  1.49692e-15
6836.97  1.49709e-15
6838.41  1.50224e-15
6839.85  1.51111e-15
6841.29  1.52206e-15
6842.73  1.53329e-15
6844.17  1.54308e-15
6845.61  1.55003e-15
6847.05  1.55319e-15
6848.49  1.55214e-15
6849.93  1.54699e-15
6851.37  1.53829e-15
6852.81  1.52691e-15
6854.25  1.51394e-15
6855.69  1.50047e-15
6857.13  1.48754e-15
6858.57  1.476e-15
6860.01  1.46649e-15
6861.45  1.45944e-15
6862.89  1.45503e-15
6864.33  1.45328e-15
6865.77  1.45406e-15
6867.21  1.45715e-15
6868.65  1.46223e-15
6870.09  1.46897e-15
6871.53  1.47699e-15
6872.97  1.48592e-15
6874.41  1.49535e-15
6875.85  1.50491e-15
6877.29  1.5142e-15
6878.73  1.52288e-15
6880.17  1.53061e-15
6881.61  1.53714e-15
6883.04  1.54225e-15
6884.48  1.54584e-15
6885.92  1.54789e-15
6887.36  1.5485e-15
6888.8   1.54782e-15
6890.24  1.54611e-15
6891.68  1.54362e-15
6893.12  1.54064e-15
6894.56  1.5374e-15
6896     1.53405e-15
6897.44  1.53071e-15
6898.88  1.5274e-15
6900.32  1.5241e-15
6901.76  1.52076e-15
6903.2   1.51733e-15
6904.64  1.51378e-15
6906.08  1.51012e-15
6907.52  1.50637e-15
6908.96  1.50257e-15
6910.4   1.49872e-15
6911.84  1.49479e-15
6913.28  1.49072e-15
6914.72  1.4864e-15
6916.16  1.48166e-15
6917.6   1.47639e-15
6919.04  1.47048e-15
6920.48  1.46393e-15
6921.92  1.45683e-15
6923.36  1.4494e-15
6924.8   1.44198e-15
6926.24  1.43497e-15
6927.68  1.42885e-15
6929.12  1.42406e-15
6930.56  1.42102e-15
6932     1.42e-15
6933.44  1.42116e-15
6934.88  1.42447e-15
6936.32  1.42971e-15
6937.76  1.43646e-15
6939.2   1.44413e-15
6940.64  1.45198e-15
6942.08  1.45919e-15
6943.52  1.4649e-15
6944.96  1.46834e-15
6946.4   1.46889e-15
6947.83  1.46621e-15
6949.27  1.4603e-15
6950.71  1.45154e-15
6952.15  1.4407e-15
6953.59  1.42886e-15
6955.03  1.41731e-15
6956.47  1.40738e-15
6957.91  1.40026e-15
6959.35  1.3968e-15
6960.79  1.39742e-15
6962.23  1.40201e-15
6963.67  1.40996e-15
6965.11  1.42024e-15
6966.55  1.43159e-15
6967.99  1.44266e-15
6969.43  1.45225e-15
6970.87  1.45942e-15
6972.31  1.46363e-15
6973.75  1.46471e-15
6975.19  1.46284e-15
6976.63  1.45847e-15
6978.07  1.45218e-15
6979.51  1.4446e-15
6980.95  1.43629e-15
6982.39  1.42771e-15
6983.83  1.41923e-15
6985.27  1.41114e-15
6986.71  1.40368e-15
6988.15  1.39709e-15
6989.59  1.39162e-15
6991.03  1.38754e-15
6992.47  1.38507e-15
6993.91  1.38434e-15
6995.35  1.38534e-15
6996.79  1.38791e-15
6998.23  1.39163e-15
6999.67  1.39595e-15
7001.11  1.40017e-15
7002.55  1.40355e-15
7003.99  1.4054e-15
7005.43  1.40519e-15
7006.87  1.40258e-15
7008.31  1.39754e-15
7009.75  1.39028e-15
7011.19  1.38123e-15
7012.63  1.37101e-15
7014.06  1.36026e-15
7015.5   1.34966e-15
7016.94  1.33974e-15
7018.38  1.33091e-15
7019.82  1.32342e-15
7021.26  1.31734e-15
7022.7   1.31266e-15
7024.14  1.30925e-15
7025.58  1.30697e-15
7027.02  1.30565e-15
7028.46  1.30513e-15
7029.9   1.30526e-15
7031.34  1.30586e-15
7032.78  1.30672e-15
7034.22  1.30757e-15
7035.66  1.30815e-15
7037.1   1.30818e-15
7038.54  1.30746e-15
7039.98  1.30587e-15
7041.42  1.3035e-15
7042.86  1.30059e-15
7044.3   1.29757e-15
7045.74  1.29502e-15
7047.18  1.29352e-15
7048.62  1.29361e-15
7050.06  1.29564e-15
7051.5   1.29969e-15
7052.94  1.30554e-15
7054.38  1.31266e-15
7055.82  1.32028e-15
7057.26  1.32751e-15
7058.7   1.33348e-15
7060.14  1.33746e-15
7061.58  1.33901e-15
7063.02  1.33798e-15
7064.46  1.33453e-15
7065.9   1.32909e-15
7067.34  1.32218e-15
7068.78  1.31433e-15
7070.22  1.30595e-15
7071.66  1.29724e-15
7073.1   1.2882e-15
7074.54  1.27864e-15
7075.98  1.26836e-15
7077.42  1.25724e-15
7078.85  1.24539e-15
7080.29  1.23327e-15
7081.73  1.22168e-15
7083.17  1.21171e-15
7084.61  1.20457e-15
7086.05  1.20139e-15
7087.49  1.20298e-15
7088.93  1.2096e-15
7090.37  1.22085e-15
7091.81  1.23562e-15
7093.25  1.25221e-15
7094.69  1.26855e-15
7096.13  1.28249e-15
7097.57  1.29218e-15
7099.01  1.29632e-15
7100.45  1.29443e-15
7101.89  1.28694e-15
7103.33  1.27512e-15
7104.77  1.26086e-15
7106.21  1.24641e-15
7107.65  1.23395e-15
7109.09  1.22533e-15
7110.53  1.22171e-15
7111.97  1.22344e-15
7113.41  1.23006e-15
7114.85  1.24036e-15
7116.29  1.25268e-15
7117.73  1.26514e-15
7119.17  1.27601e-15
7120.61  1.28393e-15
7122.05  1.28813e-15
7123.49  1.28852e-15
7124.93  1.28563e-15
7126.37  1.28055e-15
7127.81  1.27466e-15
7129.25  1.26939e-15
7130.69  1.26603e-15
7132.13  1.26548e-15
7133.57  1.2681e-15
7135.01  1.2737e-15
7136.45  1.28154e-15
7137.89  1.29048e-15
7139.33  1.29919e-15
7140.77  1.30634e-15
7142.21  1.31082e-15
7143.64  1.31198e-15
7145.08  1.30969e-15
7146.52  1.3044e-15
7147.96  1.29706e-15
7149.4   1.28899e-15
7150.84  1.28166e-15
7152.28  1.27644e-15
7153.72  1.27439e-15
7155.16  1.27605e-15
7156.6   1.28136e-15
7158.04  1.28964e-15
7159.48  1.29968e-15
7160.92  1.30997e-15
7162.36  1.31889e-15
7163.8   1.32502e-15
7165.24  1.32736e-15
7166.68  1.32548e-15
7168.12  1.31957e-15
7169.56  1.31045e-15
7171     1.29935e-15
7172.44  1.28771e-15
7173.88  1.27693e-15
7175.32  1.26814e-15
7176.76  1.26202e-15
7178.2   1.2587e-15
7179.64  1.25786e-15
7181.08  1.25879e-15
7182.52  1.26059e-15
7183.96  1.26244e-15
7185.4   1.26374e-15
7186.84  1.26425e-15
7188.28  1.26417e-15
7189.72  1.26405e-15
7191.16  1.26464e-15
7192.6   1.26674e-15
7194.04  1.27096e-15
7195.48  1.27753e-15
7196.92  1.28621e-15
7198.36  1.29627e-15
7199.8   1.30654e-15
7201.24  1.31561e-15
7202.68  1.32206e-15
7204.12  1.32469e-15
7205.56  1.32277e-15
7207     1.31618e-15
7208.43  1.30549e-15
7209.87  1.29187e-15
7211.31  1.27698e-15
7212.75  1.26266e-15
7214.19  1.2507e-15
7215.63  1.24249e-15
7217.07  1.23883e-15
7218.51  1.23981e-15
7219.95  1.24477e-15
7221.39  1.25247e-15
7222.83  1.26128e-15
7224.27  1.2695e-15
7225.71  1.27568e-15
7227.15  1.27885e-15
7228.59  1.27867e-15
7230.03  1.27549e-15
7231.47  1.27026e-15
7232.91  1.2643e-15
7234.35  1.25909e-15
7235.79  1.25594e-15
7237.23  1.2558e-15
7238.67  1.25912e-15
7240.11  1.26578e-15
7241.55  1.27515e-15
7242.99  1.28629e-15
7244.43  1.29809e-15
7245.87  1.3095e-15
7247.31  1.31968e-15
7248.75  1.32808e-15
7250.19  1.33451e-15
7251.63  1.33906e-15
7253.07  1.34201e-15
7254.51  1.34376e-15
7255.95  1.34469e-15
7257.39  1.34513e-15
7258.83  1.34531e-15
7260.27  1.34537e-15
7261.71  1.34538e-15
7263.15  1.34539e-15
7264.59  1.34539e-15
7266.03  1.34539e-15