3170.85  2.93651e-15
3172.82  2.95445e-15
3174.79  2.97197e-15
3176.76  2.98847e-15
3178.73  3.00367e-15
3180.7   3.01766e-15
3182.67  3.03088e-15
3184.63  3.04398e-15
3186.6   3.05772e-15
3188.57  3.07275e-15
3190.54  3.08949e-15
3192.51  3.10801e-15
3194.48  3.12792e-15
3196.45  3.14845e-15
3198.42  3.16847e-15
3200.39  3.18669e-15
3202.36  3.2018e-15
3204.33  3.21263e-15
3206.3   3.21836e-15
3208.27  3.21857e-15
3210.24  3.21325e-15
3212.21  3.20281e-15
3214.18  3.1879e-15
3216.15  3.16931e-15
3218.12  3.14776e-15
3220.09  3.12379e-15
3222.05  3.09764e-15
3224.02  3.06925e-15
3225.99  3.03826e-15
3227.96  3.00417e-15
3229.93  2.96643e-15
3231.9   2.92465e-15
3233.87  2.87869e-15
3235.84  2.82878e-15
3237.81  2.7755e-15
3239.78  2.71977e-15
3241.75  2.66272e-15
3243.72  2.60551e-15
3245.69  2.54923e-15
3247.66  2.49475e-15
3249.63  2.4426e-15
3251.6   2.393e-15
3253.57  2.34589e-15
3255.54  2.30105e-15
3257.51  2.25819e-15
3259.47  2.21713e-15
3261.44  2.17789e-15
3263.41  2.14073e-15
3265.38  2.10616e-15
3267.35  2.07484e-15
3269.32  2.04751e-15
3271.29  2.02486e-15
3273.26  2.00738e-15
3275.23  1.99529e-15
3277.2   1.98853e-15
3279.17  1.98672e-15
3281.14  1.98928e-15
3283.11  1.9955e-15
3285.08  2.00466e-15
3287.05  2.01609e-15
3289.02  2.02924e-15
3290.99  2.04372e-15
3292.96  2.05926e-15
3294.93  2.07564e-15
3296.89  2.09266e-15
3298.86  2.11005e-15
3300.83  2.12746e-15
3302.8   2.14442e-15
3304.77  2.16042e-15
3306.74  2.17496e-15
3308.71  2.18764e-15
3310.68  2.19823e-15
3312.65  2.2068e-15
3314.62  2.21369e-15
3316.59  2.21956e-15
3318.56  2.22528e-15
3320.53  2.23186e-15
3322.5   2.24033e-15
3324.47  2.25155e-15
3326.44  2.26615e-15
3328.41  2.28437e-15
3330.38  2.30607e-15
3332.35  2.33072e-15
3334.31  2.35748e-15
3336.28  2.38538e-15
3338.25  2.41341e-15
3340.22  2.44071e-15
3342.19  2.46673e-15
3344.16  2.49128e-15
3346.13  2.51459e-15
3348.1   2.53731e-15
3350.07  2.56036e-15
3352.04  2.58488e-15
3354.01  2.612e-15
3355.98  2.64278e-15
3357.95  2.67805e-15
3359.92  2.71828e-15
3361.89  2.76363e-15
3363.86  2.81386e-15
3365.83  2.86838e-15
3367.8   2.92631e-15
3369.77  2.98654e-15
3371.73  3.04775e-15
3373.7   3.10849e-15
3375.67  3.16721e-15
3377.64  3.22228e-15
3379.61  3.272e-15
3381.58  3.31471e-15
3383.55  3.34875e-15
3385.52  3.37257e-15
3387.49  3.38484e-15
3389.46  3.3845e-15
3391.43  3.37091e-15
3393.4   3.34392e-15
3395.37  3.30399e-15
3397.34  3.2522e-15
3399.31  3.1903e-15
3401.28  3.12061e-15
3403.25  3.04592e-15
3405.22  2.96934e-15
3407.19  2.89411e-15
3409.15  2.82332e-15
3411.12  2.75976e-15
3413.09  2.70569e-15
3415.06  2.6627e-15
3417.03  2.63169e-15
3419     2.61279e-15
3420.97  2.6055e-15
3422.94  2.60878e-15
3424.91  2.62121e-15
3426.88  2.64119e-15
3428.85  2.66704e-15
3430.82  2.69721e-15
3432.79  2.73029e-15
3434.76  2.76507e-15
3436.73  2.80051e-15
3438.7   2.83568e-15
3440.67  2.8697e-15
3442.64  2.90165e-15
3444.61  2.93057e-15
3446.57  2.95539e-15
3448.54  2.97504e-15
3450.51  2.9885e-15
3452.48  2.9949e-15
3454.45  2.99371e-15
3456.42  2.9848e-15
3458.39  2.96854e-15
3460.36  2.94588e-15
3462.33  2.91828e-15
3464.3   2.88767e-15
3466.27  2.8563e-15
3468.24  2.82658e-15
3470.21  2.80093e-15
3472.18  2.78156e-15
3474.15  2.77034e-15
3476.12  2.76867e-15
3478.09  2.77736e-15
3480.06  2.79663e-15
3482.03  2.82603e-15
3483.99  2.86455e-15
3485.96  2.91061e-15
3487.93  2.9622e-15
3489.9   3.01702e-15
3491.87  3.07259e-15
3493.84  3.12644e-15
3495.81  3.17633e-15
3497.78  3.22032e-15
3499.75  3.25701e-15
3501.72  3.28559e-15
3503.69  3.30589e-15
3505.66  3.31844e-15
3507.63  3.32436e-15
3509.6   3.32528e-15
3511.57  3.32319e-15
3513.54  3.32026e-15
3515.51  3.31866e-15
3517.48  3.32041e-15
3519.45  3.32719e-15
3521.41  3.34028e-15
3523.38  3.36047e-15
3525.35  3.3881e-15
3527.32  3.42312e-15
3529.29  3.46512e-15
3531.26  3.51353e-15
3533.23  3.56767e-15
3535.2   3.62686e-15
3537.17  3.69049e-15
3539.14  3.75802e-15
3541.11  3.82896e-15
3543.08  3.9028e-15
3545.05  3.97889e-15
3547.02  4.05642e-15
3548.99  4.13432e-15
3550.96  4.21126e-15
3552.93  4.28572e-15
3554.9   4.35611e-15
3556.87  4.42091e-15
3558.83  4.47891e-15
3560.8   4.52933e-15
3562.77  4.57203e-15
3564.74  4.60756e-15
3566.71  4.63716e-15
3568.68  4.66269e-15
3570.65  4.68641e-15
3572.62  4.71076e-15
3574.59  4.73806e-15
3576.56  4.77023e-15
3578.53  4.80853e-15
3580.5   4.8534e-15
3582.47  4.90436e-15
3584.44  4.96003e-15
3586.41  5.01829e-15
3588.38  5.07646e-15
3590.35  5.1316e-15
3592.32  5.18083e-15
3594.28  5.22163e-15
3596.25  5.25212e-15
3598.22  5.2713e-15
3600.19  5.27912e-15
3602.16  5.27655e-15
3604.13  5.26548e-15
3606.1   5.24852e-15
3608.07  5.22884e-15
3610.04  5.20978e-15
3612.01  5.19461e-15
3613.98  5.18618e-15
3615.95  5.18666e-15
3617.92  5.19736e-15
3619.89  5.21853e-15
3621.86  5.24937e-15
3623.83  5.28806e-15
3625.8   5.33184e-15
3627.77  5.3773e-15
3629.74  5.42052e-15
3631.7   5.45749e-15
3633.67  5.48431e-15
3635.64  5.4976e-15
3637.61  5.49471e-15
3639.58  5.47401e-15
3641.55  5.43503e-15
3643.52  5.37855e-15
3645.49  5.3066e-15
3647.46  5.22234e-15
3649.43  5.1298e-15
3651.4   5.0336e-15
3653.37  4.93858e-15
3655.34  4.84935e-15
3657.31  4.76992e-15
3659.28  4.70332e-15
3661.25  4.6514e-15
3663.22  4.61466e-15
3665.19  4.59225e-15
3667.16  4.58212e-15
3669.12  4.58125e-15
3671.09  4.58599e-15
3673.06  4.59241e-15
3675.03  4.59668e-15
3677     4.59541e-15
3678.97  4.58584e-15
3680.94  4.56607e-15
3682.91  4.53509e-15
3684.88  4.49279e-15
3686.85  4.43984e-15
3688.82  4.37757e-15
3690.79  4.30778e-15
3692.76  4.23252e-15
3694.73  4.15398e-15
3696.7   4.07423e-15
3698.67  3.99516e-15
3700.64  3.91831e-15
3702.61  3.84488e-15
3704.58  3.77563e-15
3706.54  3.71094e-15
3708.51  3.65082e-15
3710.48  3.59505e-15
3712.45  3.54317e-15
3714.42  3.49471e-15
3716.39  3.4492e-15
3718.36  3.40633e-15
3720.33  3.36598e-15
3722.3   3.32829e-15
3724.27  3.29363e-15
3726.24  3.26256e-15
3728.21  3.23572e-15
3730.18  3.21378e-15
3732.15  3.19725e-15
3734.12  3.1865e-15
3736.09  3.18167e-15
3738.06  3.18275e-15
3740.03  3.18966e-15
3742     3.20242e-15
3743.96  3.22134e-15
3745.93  3.24718e-15
3747.9   3.28123e-15
3749.87  3.32538e-15
3751.84  3.38201e-15
3753.81  3.45374e-15
3755.78  3.54316e-15
3757.75  3.65244e-15
3759.72  3.78291e-15
3761.69  3.93478e-15
3763.66  4.10682e-15
3765.63  4.29633e-15
3767.6   4.49921e-15
3769.57  4.71017e-15
3771.54  4.9232e-15
3773.51  5.13199e-15
3775.48  5.33047e-15
3777.45  5.51334e-15
3779.42  5.67643e-15
3781.38  5.81695e-15
3783.35  5.93355e-15
3785.32  6.02627e-15
3787.29  6.09625e-15
3789.26  6.14537e-15
3791.23  6.17587e-15
3793.2   6.18994e-15
3795.17  6.18939e-15
3797.14  6.17544e-15
3799.11  6.14862e-15
3801.08  6.10883e-15
3803.05  6.05549e-15
3805.02  5.98782e-15
3806.99  5.90508e-15
3808.96  5.80689e-15
3810.93  5.69342e-15
3812.9   5.56559e-15
3814.87  5.42511e-15
3816.84  5.27446e-15
3818.8   5.11679e-15
3820.77  4.95575e-15
3822.74  4.79529e-15
3824.71  4.63949e-15
3826.68  4.49233e-15
3828.65  4.3575e-15
3830.62  4.23829e-15
3832.59  4.1374e-15
3834.56  4.05684e-15
3836.53  3.99773e-15
3838.5   3.96028e-15
3840.47  3.94361e-15
3842.44  3.94574e-15
3844.41  3.96365e-15
3846.38  3.99338e-15
3848.35  4.03035e-15
3850.32  4.06973e-15
3852.29  4.10695e-15
3854.26  4.13825e-15
3856.22  4.16122e-15
3858.19  4.17524e-15
3860.16  4.18171e-15
3862.13  4.18403e-15
3864.1   4.18732e-15
3866.07  4.19786e-15
3868.04  4.22231e-15
3870.01  4.26681e-15
3871.98  4.33611e-15
3873.95  4.43287e-15
3875.92  4.55716e-15
3877.89  4.70642e-15
3879.86  4.87569e-15
3881.83  5.05825e-15
3883.8   5.24655e-15
3885.77  5.43319e-15
3887.74  5.6119e-15
3889.71  5.77838e-15
3891.68  5.93075e-15
3893.64  6.06967e-15
3895.61  6.19797e-15
3897.58  6.31996e-15
3899.55  6.4405e-15
3901.52  6.56394e-15
3903.49  6.69314e-15
3905.46  6.82876e-15
3907.43  6.96891e-15
3909.4   7.10927e-15
3911.37  7.24362e-15
3913.34  7.36477e-15
3915.31  7.46563e-15
3917.28  7.54038e-15
3919.25  7.58545e-15
3921.22  7.60008e-15
3923.19  7.58659e-15
3925.16  7.55003e-15
3927.13  7.49746e-15
3929.1   7.43695e-15
3931.06  7.37637e-15
3933.03  7.32234e-15
3935     7.2793e-15
3936.97  7.24904e-15
3938.94  7.23068e-15
3940.91  7.22096e-15
3942.88  7.21501e-15
3944.85  7.20729e-15
3946.82  7.19255e-15
3948.79  7.16673e-15
3950.76  7.12758e-15
3952.73  7.07498e-15
3954.7   7.01091e-15
3956.67  6.93903e-15
3958.64  6.86406e-15
3960.61  6.79107e-15
3962.58  6.72464e-15
3964.55  6.66827e-15
3966.52  6.62391e-15
3968.48  6.59177e-15
3970.45  6.57038e-15
3972.42  6.55694e-15
3974.39  6.54775e-15
3976.36  6.53873e-15
3978.33  6.52602e-15
3980.3   6.50631e-15
3982.27  6.47722e-15
3984.24  6.43735e-15
3986.21  6.38626e-15
3988.18  6.32429e-15
3990.15  6.25231e-15
3992.12  6.17148e-15
3994.09  6.08299e-15
3996.06  5.9879e-15
3998.03  5.88714e-15
4000     5.78148e-15
4001.97  5.6717e-15
4003.94  5.55874e-15
4005.9   5.44383e-15
4007.87  5.32862e-15
4009.84  5.21525e-15
4011.81  5.1063e-15
4013.78  5.00463e-15
4015.75  4.91323e-15
4017.72  4.83493e-15
4019.69  4.77216e-15
4021.66  4.72671e-15
4023.63  4.69954e-15
4025.6   4.69072e-15
4027.57  4.69941e-15
4029.54  4.72397e-15
4031.51  4.76215e-15
4033.48  4.81126e-15
4035.45  4.86849e-15
4037.42  4.93108e-15
4039.39  4.99656e-15
4041.35  5.06289e-15
4043.32  5.12853e-15
4045.29  5.19249e-15
4047.26  5.25423e-15
4049.23  5.31364e-15
4051.2   5.37093e-15
4053.17  5.42652e-15
4055.14  5.48097e-15
4057.11  5.5349e-15
4059.08  5.58895e-15
4061.05  5.64376e-15
4063.02  5.69993e-15
4064.99  5.75801e-15
4066.96  5.81844e-15
4068.93  5.88149e-15
4070.9   5.94719e-15
4072.87  6.0153e-15
4074.84  6.08519e-15
4076.81  6.15589e-15
4078.77  6.2261e-15
4080.74  6.29424e-15
4082.71  6.35866e-15
4084.68  6.41772e-15
4086.65  6.47002e-15
4088.62  6.51455e-15
4090.59  6.55078e-15
4092.56  6.57872e-15
4094.53  6.59891e-15
4096.5   6.61235e-15
4098.47  6.62029e-15
4100.44  6.62416e-15
4102.41  6.6253e-15
4104.38  6.62489e-15
4106.35  6.6238e-15
4108.32  6.62254e-15
4110.29  6.62128e-15
4112.26  6.6199e-15
4114.23  6.61807e-15
4116.19  6.61529e-15
4118.16  6.61107e-15
4120.13  6.60492e-15
4122.1   6.59641e-15
4124.07  6.58521e-15
4126.04  6.57108e-15
4128.01  6.55387e-15
4129.98  6.53356e-15
4131.95  6.51023e-15
4133.92  6.48414e-15
4135.89  6.45578e-15
4137.86  6.42591e-15
4139.83  6.39557e-15
4141.8   6.36612e-15
4143.77  6.33912e-15
4145.74  6.31625e-15
4147.71  6.29916e-15
4149.68  6.28925e-15
4151.65  6.28748e-15
4153.61  6.2942e-15
4155.58  6.30901e-15
4157.55  6.33074e-15
4159.52  6.35746e-15
4161.49  6.3867e-15
4163.46  6.41564e-15
4165.43  6.44146e-15
4167.4   6.46169e-15
4169.37  6.47456e-15
4171.34  6.47925e-15
4173.31  6.47607e-15
4175.28  6.4665e-15
4177.25  6.45308e-15
4179.22  6.43915e-15
4181.19  6.42843e-15
4183.16  6.42464e-15
4185.13  6.43099e-15
4187.1   6.44981e-15
4189.07  6.48228e-15
4191.03  6.52822e-15
4193     6.58622e-15
4194.97  6.65375e-15
4196.94  6.72754e-15
4198.91  6.80392e-15
4200.88  6.8793e-15
4202.85  6.95046e-15
4204.82  7.01484e-15
4206.79  7.07067e-15
4208.76  7.11691e-15
4210.73  7.15316e-15
4212.7   7.17939e-15
4214.67  7.19573e-15
4216.64  7.20221e-15
4218.61  7.19863e-15
4220.58  7.18453e-15
4222.55  7.15925e-15
4224.52  7.12218e-15
4226.49  7.07291e-15
4228.45  7.01162e-15
4230.42  6.93919e-15
4232.39  6.85742e-15
4234.36  6.76896e-15
4236.33  6.67721e-15
4238.3   6.586e-15
4240.27  6.49925e-15
4242.24  6.42052e-15
4244.21  6.35259e-15
4246.18  6.29718e-15
4248.15  6.25469e-15
4250.12  6.22417e-15
4252.09  6.2035e-15
4254.06  6.18962e-15
4256.03  6.17891e-15
4258     6.16767e-15
4259.97  6.15252e-15
4261.94  6.1308e-15
4263.91  6.10076e-15
4265.87  6.06175e-15
4267.84  6.01411e-15
4269.81  5.95907e-15
4271.78  5.89846e-15
4273.75  5.83441e-15
4275.72  5.76908e-15
4277.69  5.70436e-15
4279.66  5.64174e-15
4281.63  5.58217e-15
4283.6   5.52614e-15
4285.57  5.47368e-15
4287.54  5.42457e-15
4289.51  5.3784e-15
4291.48  5.33476e-15
4293.45  5.29331e-15
4295.42  5.25378e-15
4297.39  5.21601e-15
4299.36  5.17986e-15
4301.33  5.14515e-15
4303.29  5.11157e-15
4305.26  5.07863e-15
4307.23  5.04568e-15
4309.2   5.01195e-15
4311.17  4.9766e-15
4313.14  4.93889e-15
4315.11  4.89828e-15
4317.08  4.85453e-15
4319.05  4.80784e-15
4321.02  4.75878e-15
4322.99  4.70834e-15
4324.96  4.65778e-15
4326.93  4.6085e-15
4328.9   4.56187e-15
4330.87  4.5191e-15
4332.84  4.4811e-15
4334.81  4.44839e-15
4336.78  4.42113e-15
4338.75  4.39918e-15
4340.71  4.38224e-15
4342.68  4.36998e-15
4344.65  4.36222e-15
4346.62  4.35908e-15
4348.59  4.36101e-15
4350.56  4.36883e-15
4352.53  4.38361e-15
4354.5   4.40648e-15
4356.47  4.43845e-15
4358.44  4.48014e-15
4360.41  4.53155e-15
4362.38  4.592e-15
4364.35  4.66e-15
4366.32  4.73334e-15
4368.29  4.80925e-15
4370.26  4.88468e-15
4372.23  4.95655e-15
4374.2   5.02206e-15
4376.17  5.07898e-15
4378.13  5.1258e-15
4380.1   5.16185e-15
4382.07  5.18733e-15
4384.04  5.20314e-15
4386.01  5.21079e-15
4387.98  5.21213e-15
4389.95  5.20917e-15
4391.92  5.20385e-15
4393.89  5.19785e-15
4395.86  5.1925e-15
4397.83  5.18867e-15
4399.8   5.18679e-15
4401.77  5.18688e-15
4403.74  5.18861e-15
4405.71  5.19143e-15
4407.68  5.1947e-15
4409.65  5.19775e-15
4411.62  5.20005e-15
4413.59  5.20124e-15
4415.55  5.20118e-15
4417.52  5.19995e-15
4419.49  5.19782e-15
4421.46  5.19516e-15
4423.43  5.19237e-15
4425.4   5.18981e-15
4427.37  5.18769e-15
4429.34  5.18611e-15
4431.31  5.18499e-15
4433.28  5.18415e-15
4435.25  5.1834e-15
4437.22  5.18261e-15
4439.19  5.1818e-15
4441.16  5.18123e-15
4443.13  5.18141e-15
4445.1   5.18307e-15
4447.07  5.1871e-15
4449.04  5.19444e-15
4451     5.20594e-15
4452.97  5.22223e-15
4454.94  5.2436e-15
4456.91  5.26989e-15
4458.88  5.30053e-15
4460.85  5.33453e-15
4462.82  5.37059e-15
4464.79  5.40725e-15
4466.76  5.443e-15
4468.73  5.47651e-15
4470.7   5.50671e-15
4472.67  5.53294e-15
4474.64  5.55498e-15
4476.61  5.57307e-15
4478.58  5.58784e-15
4480.55  5.60021e-15
4482.52  5.61131e-15
4484.49  5.6223e-15
4486.46  5.63426e-15
4488.42  5.6481e-15
4490.39  5.66444e-15
4492.36  5.68359e-15
4494.33  5.70557e-15
4496.3   5.73006e-15
4498.27  5.75656e-15
4500.24  5.78435e-15
4502.21  5.8127e-15
4504.18  5.84085e-15
4506.15  5.86816e-15
4508.12  5.89417e-15
4510.09  5.91866e-15
4512.06  5.94162e-15
4514.03  5.96334e-15
4516     5.98431e-15
4517.97  6.0052e-15
4519.94  6.0268e-15
4521.91  6.04989e-15
4523.88  6.07518e-15
4525.84  6.10323e-15
4527.81  6.13436e-15
4529.78  6.1686e-15
4531.75  6.20568e-15
4533.72  6.24504e-15
4535.69  6.28589e-15
4537.66  6.32728e-15
4539.63  6.3682e-15
4541.6   6.40769e-15
4543.57  6.44497e-15
4545.54  6.4795e-15
4547.51  6.51106e-15
4549.48  6.53977e-15
4551.45  6.56608e-15
4553.42  6.5907e-15
4555.39  6.6145e-15
4557.36  6.63841e-15
4559.33  6.66329e-15
4561.3   6.68977e-15
4563.26  6.7182e-15
4565.23  6.74852e-15
4567.2   6.78031e-15
4569.17  6.81274e-15
4571.14  6.8447e-15
4573.11  6.87487e-15
4575.08  6.90191e-15
4577.05  6.92457e-15
4579.02  6.94187e-15
4580.99  6.9532e-15
4582.96  6.95843e-15
4584.93  6.95787e-15
4586.9   6.95232e-15
4588.87  6.94292e-15
4590.84  6.93105e-15
4592.81  6.91819e-15
4594.78  6.90574e-15
4596.75  6.89496e-15
4598.72  6.88678e-15
4600.68  6.88183e-15
4602.65  6.88042e-15
4604.62  6.88252e-15
4606.59  6.88789e-15
4608.56  6.89613e-15
4610.53  6.90671e-15
4612.5   6.91907e-15
4614.47  6.93265e-15
4616.44  6.94685e-15
4618.41  6.9611e-15
4620.38  6.97477e-15
4622.35  6.98721e-15
4624.32  6.99771e-15
4626.29  7.00558e-15
4628.26  7.01011e-15
4630.23  7.01066e-15
4632.2   7.00675e-15
4634.17  6.99802e-15
4636.14  6.98437e-15
4638.1   6.96588e-15
4640.07  6.94282e-15
4642.04  6.91562e-15
4644.01  6.88473e-15
4645.98  6.85059e-15
4647.95  6.81355e-15
4649.92  6.77376e-15
4651.89  6.73125e-15
4653.86  6.68585e-15
4655.83  6.63734e-15
4657.8   6.58548e-15
4659.77  6.53015e-15
4661.74  6.47143e-15
4663.71  6.40966e-15
4665.68  6.34543e-15
4667.65  6.2796e-15
4669.62  6.21316e-15
4671.59  6.14711e-15
4673.56  6.08237e-15
4675.52  6.01958e-15
4677.49  5.95905e-15
4679.46  5.90074e-15
4681.43  5.84423e-15
4683.4   5.78887e-15
4685.37  5.73389e-15
4687.34  5.67859e-15
4689.31  5.62251e-15
4691.28  5.56555e-15
4693.25  5.50807e-15
4695.22  5.45091e-15
4697.19  5.39525e-15
4699.16  5.34255e-15
4701.13  5.29429e-15
4703.1   5.25175e-15
4705.07  5.21583e-15
4707.04  5.18687e-15
4709.01  5.16457e-15
4710.98  5.14797e-15
4712.94  5.13556e-15
4714.91  5.12547e-15
4716.88  5.11569e-15
4718.85  5.10436e-15
4720.82  5.09e-15
4722.79  5.0717e-15
4724.76  5.04925e-15
4726.73  5.02313e-15
4728.7   4.99446e-15
4730.67  4.96476e-15
4732.64  4.93577e-15
4734.61  4.90918e-15
4736.58  4.8864e-15
4738.55  4.86837e-15
4740.52  4.85546e-15
4742.49  4.84746e-15
4744.46  4.84367e-15
4746.43  4.84303e-15
4748.4   4.84431e-15
4750.36  4.84631e-15
4752.33  4.84802e-15
4754.3   4.84873e-15
4756.27  4.84814e-15
4758.24  4.84627e-15
4760.21  4.84344e-15
4762.18  4.84011e-15
4764.15  4.83675e-15
4766.12  4.8337e-15
4768.09  4.83103e-15
4770.06  4.82848e-15
4772.03  4.82546e-15
4774     4.82109e-15
4775.97  4.81427e-15
4777.94  4.80387e-15
4779.91  4.78885e-15
4781.88  4.76843e-15
4783.85  4.74221e-15
4785.82  4.71029e-15
4787.78  4.67326e-15
4789.75  4.63224e-15
4791.72  4.58873e-15
4793.69  4.54451e-15
4795.66  4.50148e-15
4797.63  4.46151e-15
4799.6   4.4262e-15
4801.57  4.39685e-15
4803.54  4.3743e-15
4805.51  4.35895e-15
4807.48  4.35078e-15
4809.45  4.3494e-15
4811.42  4.35419e-15
4813.39  4.36437e-15
4815.36  4.37914e-15
4817.33  4.39771e-15
4819.3   4.4194e-15
4821.27  4.44359e-15
4823.24  4.46971e-15
4825.2   4.49722e-15
4827.17  4.52553e-15
4829.14  4.55401e-15
4831.11  4.5819e-15
4833.08  4.60841e-15
4835.05  4.63266e-15
4837.02  4.65383e-15
4838.99  4.67112e-15
4840.96  4.68391e-15
4842.93  4.69172e-15
4844.9   4.6943e-15
4846.87  4.69158e-15
4848.84  4.68367e-15
4850.81  4.67084e-15
4852.78  4.65342e-15
4854.75  4.63177e-15
4856.72  4.60625e-15
4858.69  4.57715e-15
4860.65  4.54473e-15
4862.62  4.50917e-15
4864.59  4.47066e-15
4866.56  4.4294e-15
4868.53  4.38567e-15
4870.5   4.33987e-15
4872.47  4.29257e-15
4874.44  4.24447e-15
4876.41  4.19644e-15
4878.38  4.14945e-15
4880.35  4.1045e-15
4882.32  4.06255e-15
4884.29  4.0244e-15
4886.26  3.99065e-15
4888.23  3.96165e-15
4890.2   3.93746e-15
4892.17  3.91789e-15
4894.14  3.90258e-15
4896.11  3.89108e-15
4898.07  3.88299e-15
4900.04  3.87804e-15
4902.01  3.87617e-15
4903.98  3.87761e-15
4905.95  3.88284e-15
4907.92  3.89251e-15
4909.89  3.90741e-15
4911.86  3.92827e-15
4913.83  3.95568e-15
4915.8   3.98996e-15
4917.77  4.03109e-15
4919.74  4.07866e-15
4921.71  4.13188e-15
4923.68  4.18968e-15
4925.65  4.25077e-15
4927.62  4.31376e-15
4929.59  4.37729e-15
4931.56  4.44012e-15
4933.53  4.50119e-15
4935.49  4.55965e-15
4937.46  4.61487e-15
4939.43  4.66637e-15
4941.4   4.71375e-15
4943.37  4.75662e-15
4945.34  4.79453e-15
4947.31  4.82694e-15
4949.28  4.85315e-15
4951.25  4.87239e-15
4953.22  4.88384e-15
4955.19  4.88674e-15
4957.16  4.88047e-15
4959.13  4.86471e-15
4961.1   4.83948e-15
4963.07  4.80521e-15
4965.04  4.7628e-15
4967.01  4.71352e-15
4968.98  4.65897e-15
4970.95  4.60096e-15
4972.91  4.54136e-15
4974.88  4.48196e-15
4976.85  4.42433e-15
4978.82  4.36976e-15
4980.79  4.31915e-15
4982.76  4.27304e-15
4984.73  4.2316e-15
4986.7   4.19473e-15
4988.67  4.16207e-15
4990.64  4.13311e-15
4992.61  4.10725e-15
4994.58  4.08381e-15
4996.55  4.06207e-15
4998.52  4.04131e-15
5000.49  4.02075e-15
5002.46  3.99963e-15
5004.43  3.97719e-15
5006.4   3.95272e-15
5008.37  3.92565e-15
5010.33  3.89555e-15
5012.3   3.86226e-15
5014.27  3.8259e-15
5016.24  3.78692e-15
5018.21  3.74608e-15
5020.18  3.70443e-15
5022.15  3.66323e-15
5024.12  3.62383e-15
5026.09  3.58757e-15
5028.06  3.55564e-15
5030.03  3.52897e-15
5032     3.50819e-15
5033.97  3.49351e-15
5035.94  3.48481e-15
5037.91  3.48164e-15
5039.88  3.4833e-15
5041.85  3.48899e-15
5043.82  3.49791e-15
5045.79  3.50934e-15
5047.75  3.52277e-15
5049.72  3.5379e-15
5051.69  3.55469e-15
5053.66  3.57329e-15
5055.63  3.59401e-15
5057.6   3.61722e-15
5059.57  3.64327e-15
5061.54  3.67242e-15
5063.51  3.70479e-15
5065.48  3.74032e-15
5067.45  3.77878e-15
5069.42  3.81977e-15
5071.39  3.86278e-15
5073.36  3.90719e-15
5075.33  3.95234e-15
5077.3   3.99755e-15
5079.27  4.04213e-15
5081.24  4.08544e-15
5083.21  4.1269e-15
5085.17  4.166e-15
5087.14  4.20237e-15
5089.11  4.23578e-15
5091.08  4.26621e-15
5093.05  4.2938e-15
5095.02  4.31895e-15
5096.99  4.3422e-15
5098.96  4.36426e-15
5100.93  4.38591e-15
5102.9   4.40793e-15
5104.87  4.43103e-15
5106.84  4.45581e-15
5108.81  4.48269e-15
5110.78  4.51188e-15
5112.75  4.54342e-15
5114.72  4.57721e-15
5116.69  4.61301e-15
5118.66  4.65049e-15
5120.63  4.68931e-15
5122.59  4.72912e-15
5124.56  4.76957e-15
5126.53  4.81037e-15
5128.5   4.85122e-15
5130.47  4.89187e-15
5132.44  4.93205e-15
5134.41  4.9715e-15
5136.38  5.00989e-15
5138.35  5.04689e-15
5140.32  5.08211e-15
5142.29  5.11512e-15
5144.26  5.1455e-15
5146.23  5.17284e-15
5148.2   5.19682e-15
5150.17  5.21723e-15
5152.14  5.23402e-15
5154.11  5.24736e-15
5156.08  5.25758e-15
5158.05  5.2652e-15
5160.01  5.27089e-15
5161.98  5.27537e-15
5163.95  5.27935e-15
5165.92  5.28344e-15
5167.89  5.28809e-15
5169.86  5.29359e-15
5171.83  5.29997e-15
5173.8   5.30711e-15
5175.77  5.31478e-15
5177.74  5.32265e-15
5179.71  5.33042e-15
5181.68  5.33789e-15
5183.65  5.34496e-15
5185.62  5.35165e-15
5187.59  5.35814e-15
5189.56  5.36465e-15
5191.53  5.37142e-15
5193.5   5.37864e-15
5195.47  5.38637e-15
5197.43  5.39453e-15
5199.4   5.40287e-15
5201.37  5.41099e-15
5203.34  5.41841e-15
5205.31  5.42461e-15
5207.28  5.42917e-15
5209.25  5.4318e-15
5211.22  5.43244e-15
5213.19  5.43131e-15
5215.16  5.42885e-15
5217.13  5.42577e-15
5219.1   5.42288e-15
5221.07  5.42108e-15
5223.04  5.42115e-15
5225.01  5.4237e-15
5226.98  5.42906e-15
5228.95  5.4372e-15
5230.92  5.44778e-15
5232.89  5.46013e-15
5234.85  5.4734e-15
5236.82  5.48663e-15
5238.79  5.49889e-15
5240.76  5.5094e-15
5242.73  5.51761e-15
5244.7   5.52325e-15
5246.67  5.52631e-15
5248.64  5.527e-15
5250.61  5.52568e-15
5252.58  5.52272e-15
5254.55  5.51848e-15
5256.52  5.51314e-15
5258.49  5.50673e-15
5260.46  5.49908e-15
5262.43  5.48985e-15
5264.4   5.47857e-15
5266.37  5.46472e-15
5268.34  5.44778e-15
5270.31  5.42728e-15
5272.27  5.40286e-15
5274.24  5.37429e-15
5276.21  5.34149e-15
5278.18  5.30455e-15
5280.15  5.26368e-15
5282.12  5.21926e-15
5284.09  5.17178e-15
5286.06  5.12186e-15
5288.03  5.07021e-15
5290     5.01761e-15
5291.97  4.96482e-15
5293.94  4.91262e-15
5295.91  4.86166e-15
5297.88  4.81247e-15
5299.85  4.76546e-15
5301.82  4.72083e-15
5303.79  4.67867e-15
5305.76  4.63896e-15
5307.72  4.60164e-15
5309.69  4.56668e-15
5311.66  4.53412e-15
5313.63  4.50411e-15
5315.6   4.4769e-15
5317.57  4.45282e-15
5319.54  4.43222e-15
5321.51  4.41538e-15
5323.48  4.40244e-15
5325.45  4.39335e-15
5327.42  4.38782e-15
5329.39  4.38536e-15
5331.36  4.38529e-15
5333.33  4.38681e-15
5335.3   4.38913e-15
5337.27  4.39156e-15
5339.24  4.39358e-15
5341.21  4.39487e-15
5343.18  4.39539e-15
5345.14  4.39528e-15
5347.11  4.39487e-15
5349.08  4.39455e-15
5351.05  4.3947e-15
5353.02  4.3956e-15
5354.99  4.39736e-15
5356.96  4.39993e-15
5358.93  4.40302e-15
5360.9   4.40622e-15
5362.87  4.40898e-15
5364.84  4.41072e-15
5366.81  4.41089e-15
5368.78  4.40904e-15
5370.75  4.40487e-15
5372.72  4.39826e-15
5374.69  4.38927e-15
5376.66  4.37816e-15
5378.63  4.36537e-15
5380.6   4.35147e-15
5382.56  4.33711e-15
5384.53  4.32304e-15
5386.5   4.30999e-15
5388.47  4.29864e-15
5390.44  4.28961e-15
5392.41  4.28338e-15
5394.38  4.28028e-15
5396.35  4.28045e-15
5398.32  4.28387e-15
5400.29  4.29035e-15
5402.26  4.29957e-15
5404.23  4.31111e-15
5406.2   4.32452e-15
5408.17  4.33933e-15
5410.14  4.3551e-15
5412.11  4.37143e-15
5414.08  4.38794e-15
5416.05  4.40431e-15
5418.02  4.4202e-15
5419.98  4.43525e-15
5421.95  4.44908e-15
5423.92  4.46127e-15
5425.89  4.47141e-15
5427.86  4.47911e-15
5429.83  4.48408e-15
5431.8   4.48614e-15
5433.77  4.48526e-15
5435.74  4.48157e-15
5437.71  4.47533e-15
5439.68  4.4669e-15
5441.65  4.45663e-15
5443.62  4.44483e-15
5445.59  4.43172e-15
5447.56  4.41736e-15
5449.53  4.40167e-15
5451.5   4.38446e-15
5453.47  4.36553e-15
5455.44  4.3447e-15
5457.4   4.32193e-15
5459.37  4.29738e-15
5461.34  4.27142e-15
5463.31  4.24463e-15
5465.28  4.21771e-15
5467.25  4.19142e-15
5469.22  4.16644e-15
5471.19  4.14322e-15
5473.16  4.12193e-15
5475.13  4.10238e-15
5477.1   4.08403e-15
5479.07  4.06603e-15
5481.04  4.04732e-15
5483.01  4.02681e-15
5484.98  4.00351e-15
5486.95  3.97668e-15
5488.92  3.94596e-15
5490.89  3.91144e-15
5492.86  3.87364e-15
5494.82  3.83349e-15
5496.79  3.79223e-15
5498.76  3.75124e-15
5500.73  3.71194e-15
5502.7   3.67562e-15
5504.67  3.64337e-15
5506.64  3.61598e-15
5508.61  3.59396e-15
5510.58  3.57753e-15
5512.55  3.56669e-15
5514.52  3.56128e-15
5516.49  3.56104e-15
5518.46  3.56565e-15
5520.43  3.5748e-15
5522.4   3.58815e-15
5524.37  3.60532e-15
5526.34  3.62592e-15
5528.31  3.64946e-15
5530.28  3.67539e-15
5532.24  3.70306e-15
5534.21  3.73176e-15
5536.18  3.76074e-15
5538.15  3.78926e-15
5540.12  3.81664e-15
5542.09  3.84229e-15
5544.06  3.86574e-15
5546.03  3.88669e-15
5548     3.90497e-15
5549.97  3.92053e-15
5551.94  3.93347e-15
5553.91  3.94391e-15
5555.88  3.95205e-15
5557.85  3.95806e-15
5559.82  3.96212e-15
5561.79  3.96434e-15
5563.76  3.96481e-15
5565.73  3.96357e-15
5567.7   3.96066e-15
5569.66  3.95613e-15
5571.63  3.95007e-15
5573.6   3.94262e-15
5575.57  3.93404e-15
5577.54  3.92465e-15
5579.51  3.91485e-15
5581.48  3.9051e-15
5583.45  3.89588e-15
5585.42  3.88761e-15
5587.39  3.88062e-15
5589.36  3.87512e-15
5591.33  3.87113e-15
5593.3   3.86851e-15
5595.27  3.86697e-15
5597.24  3.86611e-15
5599.21  3.86546e-15
5601.18  3.86461e-15
5603.15  3.86318e-15
5605.12  3.86097e-15
5607.08  3.85791e-15
5609.05  3.85412e-15
5611.02  3.84983e-15
5612.99  3.84537e-15
5614.96  3.84106e-15
5616.93  3.83722e-15
5618.9   3.83401e-15
5620.87  3.8315e-15
5622.84  3.82959e-15
5624.81  3.82805e-15
5626.78  3.82652e-15
5628.75  3.82462e-15
5630.72  3.82193e-15
5632.69  3.81807e-15
5634.66  3.81275e-15
5636.63  3.80574e-15
5638.6   3.79696e-15
5640.57  3.78639e-15
5642.54  3.77415e-15
5644.5   3.76039e-15
5646.47  3.74535e-15
5648.44  3.72929e-15
5650.41  3.71249e-15
5652.38  3.69522e-15
5654.35  3.67771e-15
5656.32  3.66014e-15
5658.29  3.64259e-15
5660.26  3.62506e-15
5662.23  3.60742e-15
5664.2   3.58949e-15
5666.17  3.57098e-15
5668.14  3.55159e-15
5670.11  3.53108e-15
5672.08  3.50927e-15
5674.05  3.48613e-15
5676.02  3.46181e-15
5677.99  3.43666e-15
5679.96  3.41117e-15
5681.92  3.38595e-15
5683.89  3.36166e-15
5685.86  3.33886e-15
5687.83  3.31801e-15
5689.8   3.29936e-15
5691.77  3.28289e-15
5693.74  3.26841e-15
5695.71  3.25548e-15
5697.68  3.2436e-15
5699.65  3.23223e-15
5701.62  3.22088e-15
5703.59  3.20923e-15
5705.56  3.19712e-15
5707.53  3.18461e-15
5709.5   3.17194e-15
5711.47  3.15948e-15
5713.44  3.14769e-15
5715.41  3.13705e-15
5717.37  3.12799e-15
5719.34  3.12085e-15
5721.31  3.11584e-15
5723.28  3.11307e-15
5725.25  3.11249e-15
5727.22  3.11395e-15
5729.19  3.11721e-15
5731.16  3.12194e-15
5733.13  3.12774e-15
5735.1   3.13418e-15
5737.07  3.1408e-15
5739.04  3.14715e-15
5741.01  3.15284e-15
5742.98  3.15758e-15
5744.95  3.16124e-15
5746.92  3.16388e-15
5748.89  3.16581e-15
5750.86  3.16758e-15
5752.83  3.16996e-15
5754.79  3.17387e-15
5756.76  3.18029e-15
5758.73  3.19012e-15
5760.7   3.20404e-15
5762.67  3.22241e-15
5764.64  3.24513e-15
5766.61  3.27166e-15
5768.58  3.301e-15
5770.55  3.33179e-15
5772.52  3.36246e-15
5774.49  3.39145e-15
5776.46  3.41738e-15
5778.43  3.43926e-15
5780.4   3.45668e-15
5782.37  3.46984e-15
5784.34  3.47958e-15
5786.31  3.48732e-15
5788.28  3.49486e-15
5790.25  3.5042e-15
5792.21  3.51727e-15
5794.18  3.53571e-15
5796.15  3.56065e-15
5798.12  3.59261e-15
5800.09  3.63141e-15
5802.06  3.67624e-15
5804.03  3.72579e-15
5806     3.77845e-15
5807.97  3.83249e-15
5809.94  3.88634e-15
5811.91  3.93879e-15
5813.88  3.98906e-15
5815.85  4.03694e-15
5817.82  4.08269e-15
5819.79  4.12698e-15
5821.76  4.17073e-15
5823.73  4.21489e-15
5825.7   4.26025e-15
5827.67  4.30733e-15
5829.63  4.35624e-15
5831.6   4.40665e-15
5833.57  4.45788e-15
5835.54  4.50898e-15
5837.51  4.55886e-15
5839.48  4.60651e-15
5841.45  4.6511e-15
5843.42  4.6921e-15
5845.39  4.72934e-15
5847.36  4.76299e-15
5849.33  4.79348e-15
5851.3   4.82142e-15
5853.27  4.84744e-15
5855.24  4.87208e-15
5857.21  4.89571e-15
5859.18  4.91845e-15
5861.15  4.94017e-15
5863.12  4.96053e-15
5865.09  4.97907e-15
5867.05  4.99527e-15
5869.02  5.00867e-15
5870.99  5.01894e-15
5872.96  5.02594e-15
5874.93  5.02976e-15
5876.9   5.03068e-15
5878.87  5.02913e-15
5880.84  5.02566e-15
5882.81  5.02083e-15
5884.78  5.01512e-15
5886.75  5.00892e-15
5888.72  5.00243e-15
5890.69  4.99566e-15
5892.66  4.98844e-15
5894.63  4.98045e-15
5896.6   4.97126e-15
5898.57  4.9604e-15
5900.54  4.94745e-15
5902.51  4.93208e-15
5904.47  4.91409e-15
5906.44  4.89348e-15
5908.41  4.87041e-15
5910.38  4.84522e-15
5912.35  4.81835e-15
5914.32  4.7903e-15
5916.29  4.76156e-15
5918.26  4.73255e-15
5920.23  4.70357e-15
5922.2   4.67476e-15
5924.17  4.64611e-15
5926.14  4.61745e-15
5928.11  4.58851e-15
5930.08  4.55897e-15
5932.05  4.5285e-15
5934.02  4.49685e-15
5935.99  4.46387e-15
5937.96  4.42959e-15
5939.93  4.39416e-15
5941.89  4.3579e-15
5943.86  4.32122e-15
5945.83  4.28464e-15
5947.8   4.24862e-15
5949.77  4.2136e-15
5951.74  4.17989e-15
5953.71  4.14764e-15
5955.68  4.11683e-15
5957.65  4.08725e-15
5959.62  4.05857e-15
5961.59  4.03036e-15
5963.56  4.00216e-15
5965.53  3.97357e-15
5967.5   3.94427e-15
5969.47  3.91409e-15
5971.44  3.88305e-15
5973.41  3.85133e-15
5975.38  3.81926e-15
5977.35  3.78727e-15
5979.31  3.75585e-15
5981.28  3.72543e-15
5983.25  3.69639e-15
5985.22  3.66894e-15
5987.19  3.64314e-15
5989.16  3.61886e-15
5991.13  3.59578e-15
5993.1   3.57343e-15
5995.07  3.55123e-15
5997.04  3.52858e-15
5999.01  3.50486e-15
6000.98  3.47959e-15
6002.95  3.45246e-15
6004.92  3.42335e-15
6006.89  3.39244e-15
6008.86  3.36018e-15
6010.83  3.32722e-15
6012.8   3.29443e-15
6014.77  3.26271e-15
6016.73  3.23295e-15
6018.7   3.20585e-15
6020.67  3.18184e-15
6022.64  3.161e-15
6024.61  3.14303e-15
6026.58  3.12729e-15
6028.55  3.11286e-15
6030.52  3.09871e-15
6032.49  3.08378e-15
6034.46  3.06718e-15
6036.43  3.04827e-15
6038.4   3.02673e-15
6040.37  3.00254e-15
6042.34  2.97599e-15
6044.31  2.94748e-15
6046.28  2.91748e-15
6048.25  2.88637e-15
6050.22  2.85437e-15
6052.19  2.82146e-15
6054.15  2.78741e-15
6056.12  2.75185e-15
6058.09  2.71433e-15
6060.06  2.67448e-15
6062.03  2.63206e-15
6064     2.58708e-15
6065.97  2.53984e-15
6067.94  2.4909e-15
6069.91  2.44101e-15
6071.88  2.39106e-15
6073.85  2.34195e-15
6075.82  2.29448e-15
6077.79  2.24927e-15
6079.76  2.20673e-15
6081.73  2.16698e-15
6083.7   2.12993e-15
6085.67  2.09529e-15
6087.64  2.06262e-15
6089.61  2.03142e-15
6091.57  2.00121e-15
6093.54  1.97156e-15
6095.51  1.94216e-15
6097.48  1.91283e-15
6099.45  1.88355e-15
6101.42  1.85441e-15
6103.39  1.8256e-15
6105.36  1.79739e-15
6107.33  1.77005e-15
6109.3   1.74384e-15
6111.27  1.71893e-15
6113.24  1.69542e-15
6115.21  1.67328e-15
6117.18  1.65238e-15
6119.15  1.63252e-15
6121.12  1.61345e-15
6123.09  1.59492e-15
6125.06  1.57673e-15
6127.02  1.55877e-15
6128.99  1.54104e-15
6130.96  1.52368e-15
6132.93  1.5069e-15
6134.9   1.49105e-15
6136.87  1.47646e-15
6138.84  1.4635e-15
6140.81  1.45244e-15
6142.78  1.44347e-15
6144.75  1.43665e-15
6146.72  1.43188e-15
6148.69  1.42893e-15
6150.66  1.42746e-15
6152.63  1.42707e-15
6154.6   1.42732e-15
6156.57  1.42781e-15
6158.54  1.42824e-15
6160.51  1.42843e-15
6162.48  1.42839e-15
6164.44  1.42829e-15
6166.41  1.42848e-15
6168.38  1.42944e-15
6170.35  1.43175e-15
6172.32  1.436e-15
6174.29  1.44278e-15
6176.26  1.45251e-15
6178.23  1.46552e-15
6180.2   1.4819e-15
6182.17  1.50158e-15
6184.14  1.52431e-15
6186.11  1.54969e-15
6188.08  1.57726e-15
6190.05  1.60656e-15
6192.02  1.63719e-15
6193.99  1.66887e-15
6195.96  1.70152e-15
6197.93  1.73522e-15
6199.9   1.77027e-15
6201.86  1.80712e-15
6203.83  1.84632e-15
6205.8   1.88843e-15
6207.77  1.93395e-15
6209.74  1.98323e-15
6211.71  2.03641e-15
6213.68  2.09334e-15
6215.65  2.15362e-15
6217.62  2.21656e-15
6219.59  2.28132e-15
6221.56  2.34691e-15
6223.53  2.41235e-15
6225.5   2.47675e-15
6227.47  2.53936e-15
6229.44  2.59969e-15
6231.41  2.65749e-15
6233.38  2.71274e-15
6235.35  2.76559e-15
6237.32  2.81631e-15
6239.28  2.86519e-15
6241.25  2.91248e-15
6243.22  2.95828e-15
6245.19  3.00259e-15
6247.16  3.04524e-15
6249.13  3.08594e-15
6251.1   3.12435e-15
6253.07  3.16013e-15
6255.04  3.19302e-15
6257.01  3.22284e-15
6258.98  3.2496e-15
6260.95  3.27342e-15
6262.92  3.29457e-15
6264.89  3.3134e-15
6266.86  3.33033e-15
6268.83  3.34574e-15
6270.8   3.35999e-15
6272.77  3.37337e-15
6274.74  3.38609e-15
6276.7   3.39831e-15
6278.67  3.41011e-15
6280.64  3.42154e-15
6282.61  3.43266e-15
6284.58  3.44351e-15
6286.55  3.45414e-15
6288.52  3.46459e-15
6290.49  3.47491e-15
6292.46  3.48512e-15
6294.43  3.49521e-15
6296.4   3.50512e-15
6298.37  3.51478e-15
6300.34  3.52405e-15
6302.31  3.53278e-15
6304.28  3.54082e-15
6306.25  3.548e-15
6308.22  3.55418e-15
6310.19  3.55924e-15
6312.16  3.56313e-15
6314.12  3.56584e-15
6316.09  3.56743e-15
6318.06  3.56802e-15
6320.03  3.56782e-15
6322     3.56705e-15
6323.97  3.566e-15
6325.94  3.56492e-15
6327.91  3.56408e-15
6329.88  3.56364e-15
6331.85  3.56372e-15
6333.82  3.5643e-15
6335.79  3.5653e-15
6337.76  3.56653e-15
6339.73  3.56775e-15
6341.7   3.56868e-15
6343.67  3.56906e-15
6345.64  3.56868e-15
6347.61  3.56738e-15
6349.58  3.5651e-15
6351.54  3.56185e-15
6353.51  3.55772e-15
6355.48  3.55287e-15
6357.45  3.54746e-15
6359.42  3.54167e-15
6361.39  3.53566e-15
6363.36  3.52956e-15
6365.33  3.52346e-15
6367.3   3.51741e-15
6369.27  3.51148e-15
6371.24  3.50568e-15
6373.21  3.50008e-15
6375.18  3.49473e-15
6377.15  3.48973e-15
6379.12  3.48519e-15
6381.09  3.48119e-15
6383.06  3.47781e-15
6385.03  3.47506e-15
6387     3.47286e-15
6388.96  3.47104e-15
6390.93  3.46935e-15
6392.9   3.46742e-15
6394.87  3.46486e-15
6396.84  3.46129e-15
6398.81  3.45637e-15
6400.78  3.44991e-15
6402.75  3.44188e-15
6404.72  3.43247e-15
6406.69  3.42204e-15
6408.66  3.41115e-15
6410.63  3.40045e-15
6412.6   3.3906e-15
6414.57  3.38218e-15
6416.54  3.37563e-15
6418.51  3.37113e-15
6420.48  3.36861e-15
6422.45  3.36774e-15
6424.42  3.36797e-15
6426.38  3.36861e-15
6428.35  3.36893e-15
6430.32  3.36827e-15
6432.29  3.3661e-15
6434.26  3.36212e-15
6436.23  3.35625e-15
6438.2   3.3487e-15
6440.17  3.33986e-15
6442.14  3.33029e-15
6444.11  3.32062e-15
6446.08  3.31147e-15
6448.05  3.30339e-15
6450.02  3.29678e-15
6451.99  3.29184e-15
6453.96  3.28861e-15
6455.93  3.28692e-15
6457.9   3.28645e-15
6459.87  3.28678e-15
6461.84  3.28746e-15
6463.8   3.28804e-15
6465.77  3.28815e-15
6467.74  3.28756e-15
6469.71  3.28617e-15
6471.68  3.28403e-15
6473.65  3.28136e-15
6475.62  3.27846e-15
6477.59  3.27571e-15
6479.56  3.27347e-15
6481.53  3.27208e-15
6483.5   3.27173e-15
6485.47  3.27251e-15
6487.44  3.27432e-15
6489.41  3.27694e-15
6491.38  3.27999e-15
6493.35  3.28308e-15
6495.32  3.28577e-15
6497.29  3.28769e-15
6499.26  3.28857e-15
6501.22  3.2883e-15
6503.19  3.28691e-15
6505.16  3.28459e-15
6507.13  3.28162e-15
6509.1   3.27835e-15
6511.07  3.27514e-15
6513.04  3.27226e-15
6515.01  3.26987e-15
6516.98  3.26799e-15
6518.95  3.26646e-15
6520.92  3.26499e-15
6522.89  3.26317e-15
6524.86  3.26056e-15
6526.83  3.25676e-15
6528.8   3.25144e-15
6530.77  3.24448e-15
6532.74  3.23593e-15
6534.71  3.22606e-15
6536.68  3.21533e-15
6538.64  3.20436e-15
6540.61  3.19381e-15
6542.58  3.18434e-15
6544.55  3.17649e-15
6546.52  3.17061e-15
6548.49  3.16681e-15
6550.46  3.16494e-15
6552.43  3.16459e-15
6554.4   3.16515e-15
6556.37  3.16588e-15
6558.34  3.16598e-15
6560.31  3.16471e-15
6562.28  3.16147e-15
6564.25  3.15583e-15
6566.22  3.14759e-15
6568.19  3.13679e-15
6570.16  3.1237e-15
6572.13  3.10874e-15
6574.09  3.09244e-15
6576.06  3.0754e-15
6578.03  3.05818e-15
6580     3.04131e-15
6581.97  3.02517e-15
6583.94  3.01004e-15
6585.91  2.99605e-15
6587.88  2.9832e-15
6589.85  2.97138e-15
6591.82  2.96039e-15
6593.79  2.94998e-15
6595.76  2.93991e-15
6597.73  2.92994e-15
6599.7   2.9199e-15
6601.67  2.9097e-15
6603.64  2.89932e-15
6605.61  2.88882e-15
6607.58  2.87832e-15
6609.55  2.86798e-15
6611.51  2.85793e-15
6613.48  2.84827e-15
6615.45  2.83903e-15
6617.42  2.83017e-15
6619.39  2.82155e-15
6621.36  2.81298e-15
6623.33  2.80422e-15
6625.3   2.79506e-15
6627.27  2.78532e-15
6629.24  2.77491e-15
6631.21  2.76385e-15
6633.18  2.75224e-15
6635.15  2.74027e-15
6637.12  2.72815e-15
6639.09  2.7161e-15
6641.06  2.70428e-15
6643.03  2.69274e-15
6645     2.68143e-15
6646.97  2.67018e-15
6648.93  2.65875e-15
6650.9   2.64685e-15
6652.87  2.6342e-15
6654.84  2.62057e-15
6656.81  2.60585e-15
6658.78  2.59007e-15
6660.75  2.57335e-15
6662.72  2.55596e-15
6664.69  2.53823e-15
6666.66  2.52054e-15
6668.63  2.50325e-15
6670.6   2.48669e-15
6672.57  2.47111e-15
6674.54  2.45667e-15
6676.51  2.44346e-15
6678.48  2.43146e-15
6680.45  2.4206e-15
6682.42  2.41074e-15
6684.39  2.40168e-15
6686.35  2.39317e-15
6688.32  2.38495e-15
6690.29  2.37671e-15
6692.26  2.36817e-15
6694.23  2.35905e-15
6696.2   2.34915e-15
6698.17  2.33836e-15
6700.14  2.32667e-15
6702.11  2.31422e-15
6704.08  2.30125e-15
6706.05  2.28813e-15
6708.02  2.27527e-15
6709.99  2.26307e-15
6711.96  2.25189e-15
6713.93  2.24198e-15
6715.9   2.23341e-15
6717.87  2.22612e-15
6719.84  2.21989e-15
6721.81  2.21442e-15
6723.77  2.20933e-15
6725.74  2.2043e-15
6727.71  2.19908e-15
6729.68  2.19355e-15
6731.65  2.18777e-15
6733.62  2.1819e-15
6735.59  2.17626e-15
6737.56  2.17118e-15
6739.53  2.16701e-15
6741.5   2.164e-15
6743.47  2.16229e-15
6745.44  2.16188e-15
6747.41  2.16262e-15
6749.38  2.16425e-15
6751.35  2.16641e-15
6753.32  2.16877e-15
6755.29  2.17101e-15
6757.26  2.17287e-15
6759.23  2.17423e-15
6761.19  2.17505e-15
6763.16  2.17536e-15
6765.13  2.17528e-15
6767.1   2.17492e-15
6769.07  2.17437e-15
6771.04  2.17367e-15
6773.01  2.1728e-15
6774.98  2.17167e-15
6776.95  2.17016e-15
6778.92  2.16812e-15
6780.89  2.16542e-15
6782.86  2.16198e-15
6784.83  2.15782e-15
6786.8   2.15303e-15
6788.77  2.14779e-15
6790.74  2.14236e-15
6792.71  2.13702e-15
6794.68  2.13208e-15
6796.65  2.12778e-15
6798.61  2.12428e-15
6800.58  2.12166e-15
6802.55  2.11989e-15
6804.52  2.11881e-15
6806.49  2.11822e-15
6808.46  2.11787e-15
6810.43  2.11748e-15
6812.4   2.11682e-15
6814.37  2.11571e-15
6816.34  2.11401e-15
6818.31  2.11169e-15
6820.28  2.10875e-15
6822.25  2.10525e-15
6824.22  2.10133e-15
6826.19  2.09711e-15
6828.16  2.09275e-15
6830.13  2.08843e-15
6832.1   2.0843e-15
6834.07  2.08052e-15
6836.03  2.07717e-15
6838     2.07432e-15
6839.97  2.07196e-15
6841.94  2.06999e-15
6843.91  2.06827e-15
6845.88  2.06658e-15
6847.85  2.06469e-15
6849.82  2.0624e-15
6851.79  2.05953e-15
6853.76  2.05605e-15
6855.73  2.05202e-15
6857.7   2.04761e-15
6859.67  2.04313e-15
6861.64  2.0389e-15
6863.61  2.03528e-15
6865.58  2.03253e-15
6867.55  2.03082e-15
6869.52  2.03016e-15
6871.49  2.0304e-15
6873.45  2.03126e-15
6875.42  2.03237e-15
6877.39  2.03335e-15
6879.36  2.03385e-15
6881.33  2.03364e-15
6883.3   2.03263e-15
6885.27  2.03088e-15
6887.24  2.02857e-15
6889.21  2.02599e-15
6891.18  2.0234e-15
6893.15  2.02105e-15
6895.12  2.01907e-15
6897.09  2.01746e-15
6899.06  2.01607e-15
6901.03  2.01466e-15
6903     2.01293e-15
6904.97  2.01062e-15
6906.94  2.00753e-15
6908.91  2.00362e-15
6910.87  1.99902e-15
6912.84  1.99404e-15
6914.81  1.9891e-15
6916.78  1.98468e-15
6918.75  1.98122e-15
6920.72  1.97905e-15
6922.69  1.9783e-15
6924.66  1.97889e-15
6926.63  1.98051e-15
6928.6   1.98266e-15
6930.57  1.98474e-15
6932.54  1.98613e-15
6934.51  1.9863e-15
6936.48  1.98491e-15
6938.45  1.98184e-15
6940.42  1.9772e-15
6942.39  1.97135e-15
6944.36  1.9648e-15
6946.33  1.95814e-15
6948.29  1.95194e-15
6950.26  1.94664e-15
6952.23  1.9425e-15
6954.2   1.93955e-15
6956.17  1.93763e-15
6958.14  1.93636e-15
6960.11  1.9353e-15
6962.08  1.934e-15
6964.05  1.93208e-15
6966.02  1.92932e-15
6967.99  1.9257e-15
6969.96  1.92138e-15
6971.93  1.91669e-15
6973.9   1.91205e-15
6975.87  1.90787e-15
6977.84  1.90448e-15
6979.81  1.90209e-15
6981.78  1.9007e-15
6983.74  1.90018e-15
6985.71  1.90024e-15
6987.68  1.90057e-15
6989.65  1.90085e-15
6991.62  1.90086e-15
6993.59  1.90051e-15
6995.56  1.89986e-15
6997.53  1.8991e-15
6999.5   1.89845e-15
7001.47  1.89814e-15
7003.44  1.8983e-15
7005.41  1.89891e-15
7007.38  1.8998e-15
7009.35  1.90063e-15
7011.32  1.90099e-15
7013.29  1.90047e-15
7015.26  1.89875e-15
7017.23  1.8957e-15
7019.2   1.89145e-15
7021.16  1.88636e-15
7023.13  1.88102e-15
7025.1   1.87613e-15
7027.07  1.87237e-15
7029.04  1.87029e-15
7031.01  1.87017e-15
7032.98  1.87196e-15
7034.95  1.87523e-15
7036.92  1.87929e-15
7038.89  1.88324e-15
7040.86  1.88614e-15
7042.83  1.8872e-15
7044.8   1.8859e-15
7046.77  1.88213e-15
7048.74  1.8762e-15
7050.71  1.8688e-15
7052.68  1.86088e-15
7054.65  1.85353e-15
7056.62  1.84774e-15
7058.58  1.84425e-15
7060.55  1.84344e-15
7062.52  1.84523e-15
7064.49  1.84916e-15
7066.46  1.85441e-15
7068.43  1.86006e-15
7070.4   1.86516e-15
7072.37  1.86901e-15
7074.34  1.8712e-15
7076.31  1.87175e-15
7078.28  1.87102e-15
7080.25  1.86969e-15
7082.22  1.86853e-15
7084.19  1.86829e-15
7086.16  1.86947e-15
7088.13  1.87223e-15
7090.1   1.87635e-15
7092.07  1.88122e-15
7094.04  1.886e-15
7096     1.88973e-15
7097.97  1.89157e-15
7099.94  1.89092e-15
7101.91  1.88761e-15
7103.88  1.88189e-15
7105.85  1.87442e-15
7107.82  1.86615e-15
7109.79  1.85816e-15
7111.76  1.85144e-15
7113.73  1.84677e-15
7115.7   1.84452e-15
7117.67  1.84466e-15
7119.64  1.84676e-15
7121.61  1.85008e-15
7123.58  1.85373e-15
7125.55  1.85684e-15
7127.52  1.85869e-15
7129.49  1.85889e-15
7131.46  1.85732e-15
7133.42  1.85423e-15
7135.39  1.85008e-15
7137.36  1.84543e-15
7139.33  1.84084e-15
7141.3   1.83672e-15
7143.27  1.83326e-15
7145.24  1.83043e-15
7147.21  1.82796e-15
7149.18  1.82547e-15
7151.15  1.82254e-15
7153.12  1.81885e-15
7155.09  1.81427e-15
7157.06  1.80889e-15
7159.03  1.80303e-15
7161     1.79721e-15
7162.97  1.79203e-15
7164.94  1.78805e-15
7166.91  1.78572e-15
7168.88  1.78525e-15
7170.84  1.78657e-15
7172.81  1.78939e-15
7174.78  1.79319e-15
7176.75  1.79734e-15
7178.72  1.80125e-15
7180.69  1.80443e-15
7182.66  1.80661e-15
7184.63  1.80775e-15
7186.6   1.80805e-15
7188.57  1.80788e-15
7190.54  1.80765e-15
7192.51  1.80776e-15
7194.48  1.80843e-15
7196.45  1.80969e-15
7198.42  1.81134e-15
7200.39  1.81298e-15
7202.36  1.81407e-15
7204.33  1.81409e-15
7206.3   1.81263e-15
7208.26  1.80948e-15
7210.23  1.8047e-15
7212.2   1.79863e-15
7214.17  1.79182e-15
7216.14  1.78494e-15
7218.11  1.77868e-15
7220.08  1.77357e-15
7222.05  1.76991e-15
7224.02  1.76771e-15
7225.99  1.76669e-15
7227.96  1.76631e-15
7229.93  1.76593e-15
7231.9   1.76491e-15
7233.87  1.76273e-15
7235.84  1.75911e-15
7237.81  1.75408e-15
7239.78  1.74795e-15
7241.75  1.74126e-15
7243.72  1.73468e-15
7245.68  1.72889e-15
7247.65  1.72443e-15
7249.62  1.72164e-15
7251.59  1.72056e-15
7253.56  1.72098e-15
7255.53  1.72245e-15
7257.5   1.72437e-15
7259.47  1.72613e-15
7261.44  1.7272e-15
7263.41  1.72719e-15
7265.38  1.72595e-15
7267.35  1.72354e-15
7269.32  1.7202e-15
7271.29  1.71631e-15
7273.26  1.7123e-15
7275.23  1.70855e-15
7277.2   1.7054e-15
7279.17  1.70301e-15
7281.14  1.70145e-15
7283.1   1.70065e-15
7285.07  1.70045e-15
7287.04  1.70063e-15
7289.01  1.70092e-15
7290.98  1.70109e-15
7292.95  1.70088e-15
7294.92  1.70009e-15
7296.89  1.69855e-15
7298.86  1.69612e-15
7300.83  1.69272e-15
7302.8   1.68834e-15
7304.77  1.68306e-15
7306.74  1.67705e-15
7308.71  1.67057e-15
7310.68  1.66393e-15
7312.65  1.6575e-15
7314.62  1.65161e-15
7316.59  1.64653e-15
7318.56  1.6424e-15
7320.52  1.6392e-15
7322.49  1.63675e-15
7324.46  1.63469e-15
7326.43  1.63261e-15
7328.4   1.63002e-15
7330.37  1.62651e-15
7332.34  1.62178e-15
7334.31  1.61572e-15
7336.28  1.60841e-15
7338.25  1.60013e-15
7340.22  1.59129e-15
7342.19  1.58239e-15
7344.16  1.57386e-15
7346.13  1.56608e-15
7348.1   1.55922e-15
7350.07  1.55325e-15
7352.04  1.54793e-15
7354.01  1.54284e-15
7355.98  1.53747e-15
7357.94  1.53128e-15
7359.91  1.52382e-15
7361.88  1.51478e-15
7363.85  1.50407e-15
7365.82  1.49185e-15
7367.79  1.47848e-15
7369.76  1.46453e-15
7371.73  1.45064e-15
7373.7   1.43749e-15
7375.67  1.42563e-15
7377.64  1.4155e-15
7379.61  1.4073e-15
7381.58  1.40101e-15
7383.55  1.39638e-15
7385.52  1.39304e-15
7387.49  1.39052e-15
7389.46  1.38835e-15
7391.43  1.38613e-15
7393.39  1.38361e-15
7395.36  1.38064e-15
7397.33  1.37724e-15
7399.3   1.37352e-15
7401.27  1.36961e-15
7403.24  1.36565e-15
7405.21  1.36167e-15
7407.18  1.35763e-15
7409.15  1.35338e-15
7411.12  1.34865e-15
7413.09  1.34319e-15
7415.06  1.33675e-15
7417.03  1.32916e-15
7419     1.3204e-15
7420.97  1.31061e-15
7422.94  1.30009e-15
7424.91  1.28925e-15
7426.88  1.27859e-15
7428.85  1.26856e-15
7430.81  1.25956e-15
7432.78  1.25183e-15
7434.75  1.2454e-15
7436.72  1.24013e-15
7438.69  1.2357e-15
7440.66  1.23164e-15
7442.63  1.22746e-15
7444.6   1.22268e-15
7446.57  1.21689e-15
7448.54  1.20986e-15
7450.51  1.20149e-15
7452.48  1.19188e-15
7454.45  1.18123e-15
7456.42  1.16988e-15
7458.39  1.1582e-15
7460.36  1.14658e-15
7462.33  1.13536e-15
7464.3   1.12484e-15
7466.27  1.11525e-15
7468.23  1.10675e-15
7470.2   1.09943e-15
7472.17  1.09332e-15
7474.14  1.08839e-15
7476.11  1.08454e-15
7478.08  1.08161e-15
7480.05  1.07935e-15
7482.02  1.07747e-15
7483.99  1.07561e-15
7485.96  1.07338e-15
7487.93  1.0704e-15
7489.9   1.06634e-15
7491.87  1.06091e-15
7493.84  1.05397e-15
7495.81  1.04548e-15
7497.78  1.03554e-15
7499.75  1.02439e-15
7501.72  1.01237e-15
7503.69  9.99901e-16
7505.65  9.87447e-16
7507.62  9.7549e-16
7509.59  9.64482e-16
7511.56  9.54822e-16
7513.53  9.46821e-16
7515.5   9.40689e-16
7517.47  9.36516e-16
7519.44  9.34266e-16
7521.41  9.3378e-16
7523.38  9.34791e-16
7525.35  9.36947e-16
7527.32  9.39852e-16
7529.29  9.43109e-16
7531.26  9.46371e-16
7533.23  9.49391e-16
7535.2   9.52061e-16
7537.17  9.54437e-16
7539.14  9.5674e-16
7541.11  9.59336e-16
7543.07  9.62686e-16
7545.04  9.67288e-16
7547.01  9.73598e-16
7548.98  9.81955e-16
7550.95  9.92521e-16
7552.92  1.00524e-15
7554.89  1.01983e-15
7556.86  1.0358e-15
7558.83  1.0525e-15
7560.8   1.06922e-15
7562.77  1.08525e-15
7564.74  1.1e-15
7566.71  1.11306e-15
7568.68  1.12426e-15
7570.65  1.13369e-15
7572.62  1.14167e-15
7574.59  1.14873e-15
7576.56  1.15547e-15
7578.53  1.16253e-15
7580.49  1.17043e-15
7582.46  1.17953e-15
7584.43  1.18996e-15
7586.4   1.20158e-15
7588.37  1.21402e-15
7590.34  1.2267e-15
7592.31  1.23897e-15
7594.28  1.25014e-15
7596.25  1.25962e-15
7598.22  1.267e-15
7600.19  1.27208e-15
7602.16  1.27491e-15
7604.13  1.27578e-15
7606.1   1.27513e-15
7608.07  1.27355e-15
7610.04  1.2716e-15
7612.01  1.26981e-15
7613.98  1.26857e-15
7615.95  1.26809e-15
7617.91  1.2684e-15
7619.88  1.26938e-15
7621.85  1.2708e-15
7623.82  1.27238e-15
7625.79  1.27387e-15
7627.76  1.2751e-15
7629.73  1.276e-15
7631.7   1.27662e-15
7633.67  1.27712e-15
7635.64  1.27768e-15
7637.61  1.27851e-15
7639.58  1.27971e-15
7641.55  1.28131e-15
7643.52  1.28319e-15
7645.49  1.28507e-15
7647.46  1.2866e-15
7649.43  1.28737e-15
7651.4   1.28698e-15
7653.37  1.28511e-15
7655.33  1.28161e-15
7657.3   1.27647e-15
7659.27  1.26991e-15
7661.24  1.26229e-15
7663.21  1.25414e-15
7665.18  1.24605e-15
7667.15  1.2386e-15
7669.12  1.2323e-15
7671.09  1.22749e-15
7673.06  1.22435e-15
7675.03  1.22279e-15
7677     1.22253e-15
7678.97  1.22312e-15
7680.94  1.224e-15
7682.91  1.22457e-15
7684.88  1.22434e-15
7686.85  1.22298e-15
7688.82  1.22037e-15
7690.79  1.21666e-15
7692.75  1.21223e-15
7694.72  1.20766e-15
7696.69  1.20358e-15
7698.66  1.20063e-15
7700.63  1.19929e-15
7702.6   1.19979e-15
7704.57  1.20208e-15
7706.54  1.20583e-15
7708.51  1.21043e-15
7710.48  1.21514e-15
7712.45  1.21919e-15
7714.42  1.22192e-15
7716.39  1.22292e-15
7718.36  1.22208e-15
7720.33  1.21966e-15
7722.3   1.21622e-15
7724.27  1.21253e-15
7726.24  1.20947e-15
7728.21  1.20784e-15
7730.17  1.20823e-15
7732.14  1.21091e-15
7734.11  1.21579e-15
7736.08  1.22244e-15
7738.05  1.23015e-15
7740.02  1.23807e-15
7741.99  1.24536e-15
7743.96  1.25135e-15
7745.93  1.25564e-15
7747.9   1.25818e-15
7749.87  1.25924e-15
7751.84  1.25937e-15
7753.81  1.25931e-15
7755.78  1.25978e-15
7757.75  1.26143e-15
7759.72  1.26465e-15
7761.69  1.26958e-15
7763.66  1.27604e-15
7765.63  1.28364e-15
7767.59  1.29182e-15
7769.56  1.3e-15
7771.53  1.3077e-15
7773.5   1.31462e-15
7775.47  1.32067e-15
7777.44  1.32603e-15
7779.41  1.33103e-15
7781.38  1.33613e-15
7783.35  1.34178e-15
7785.32  1.34835e-15
7787.29  1.35605e-15
7789.26  1.3649e-15
7791.23  1.37474e-15
7793.2   1.38526e-15
7795.17  1.39608e-15
7797.14  1.40683e-15
7799.11  1.41721e-15
7801.08  1.42704e-15
7803.04  1.43622e-15
7805.01  1.44478e-15
7806.98  1.45278e-15
7808.95  1.46027e-15
7810.92  1.46728e-15
7812.89  1.47374e-15
7814.86  1.47955e-15
7816.83  1.4846e-15
7818.8   1.48881e-15
7820.77  1.49222e-15
7822.74  1.49503e-15
7824.71  1.49758e-15
7826.68  1.50032e-15
7828.65  1.50378e-15
7830.62  1.50837e-15
7832.59  1.51438e-15
7834.56  1.52178e-15
7836.53  1.53028e-15
7838.5   1.53924e-15
7840.46  1.54783e-15
7842.43  1.55514e-15
7844.4   1.56032e-15
7846.37  1.5628e-15
7848.34  1.56241e-15
7850.31  1.55943e-15
7852.28  1.5546e-15
7854.25  1.54903e-15
7856.22  1.54398e-15
7858.19  1.54069e-15
7860.16  1.54011e-15
7862.13  1.54275e-15
7864.1   1.54851e-15
7866.07  1.55672e-15
7868.04  1.56619e-15
7870.01  1.5754e-15
7871.98  1.58278e-15
7873.95  1.58692e-15
7875.92  1.58686e-15
7877.88  1.58228e-15
7879.85  1.57351e-15
7881.82  1.56157e-15
7883.79  1.54796e-15
7885.76  1.53446e-15
7887.73  1.52285e-15
7889.7   1.51461e-15
7891.67  1.5107e-15
7893.64  1.51139e-15
7895.61  1.51623e-15
7897.58  1.52415e-15
7899.55  1.53357e-15
7901.52  1.54272e-15
7903.49  1.54987e-15
7905.46  1.55366e-15
7907.43  1.55325e-15
7909.4   1.54847e-15
7911.37  1.53987e-15
7913.34  1.52855e-15
7915.3   1.51608e-15
7917.27  1.50413e-15
7919.24  1.49432e-15
7921.21  1.48786e-15
7923.18  1.48545e-15
7925.15  1.48711e-15
7927.12  1.49223e-15
7929.09  1.49966e-15
7931.06  1.50785e-15
7933.03  1.51516e-15
7935     1.52009e-15
7936.97  1.52145e-15
7938.94  1.51865e-15
7940.91  1.51166e-15
7942.88  1.50111e-15
7944.85  1.48811e-15
7946.82  1.47413e-15
7948.79  1.46075e-15
7950.76  1.44944e-15
7952.72  1.44133e-15
7954.69  1.43709e-15
7956.66  1.43679e-15
7958.63  1.43995e-15
7960.6   1.4456e-15
7962.57  1.45241e-15
7964.54  1.4589e-15
7966.51  1.46366e-15
7968.48  1.4655e-15
7970.45  1.46361e-15
7972.42  1.45769e-15
7974.39  1.44793e-15
7976.36  1.43499e-15
7978.33  1.41993e-15
7980.3   1.40403e-15
7982.27  1.38865e-15
7984.24  1.37508e-15
7986.21  1.36438e-15
7988.18  1.35727e-15
7990.14  1.35406e-15
7992.11  1.35464e-15
7994.08  1.35847e-15
7996.05  1.36465e-15
7998.02  1.37205e-15
7999.99  1.37937e-15
8001.96  1.38534e-15
8003.93  1.38881e-15
8005.9   1.38889e-15
8007.87  1.38507e-15
8009.84  1.37727e-15
8011.81  1.36586e-15
8013.78  1.35165e-15
8015.75  1.33577e-15
8017.72  1.31959e-15
8019.69  1.30455e-15
8021.66  1.29196e-15
8023.63  1.28288e-15
8025.6   1.27799e-15
8027.56  1.27749e-15
8029.53  1.28107e-15
8031.5   1.288e-15
8033.47  1.29718e-15
8035.44  1.30733e-15
8037.41  1.31709e-15
8039.38  1.32526e-15
8041.35  1.33088e-15
8043.32  1.33335e-15
8045.29  1.33247e-15
8047.26  1.32843e-15
8049.23  1.32178e-15
8051.2   1.31328e-15
8053.17  1.30383e-15
8055.14  1.29435e-15
8057.11  1.28568e-15
8059.08  1.27848e-15
8061.05  1.27318e-15
8063.02  1.26999e-15
8064.98  1.26885e-15
8066.95  1.26951e-15
8068.92  1.27152e-15
8070.89  1.27434e-15
8072.86  1.27734e-15
8074.83  1.27991e-15
8076.8   1.28147e-15
8078.77  1.28156e-15
8080.74  1.27984e-15
8082.71  1.27617e-15
8084.68  1.27056e-15
8086.65  1.26324e-15
8088.62  1.2546e-15
8090.59  1.24515e-15
8092.56  1.23554e-15
8094.53  1.22645e-15
8096.5   1.21855e-15
8098.47  1.21243e-15
8100.44  1.20858e-15
8102.4   1.2073e-15
8104.37  1.20867e-15
8106.34  1.21254e-15
8108.31  1.21855e-15
8110.28  1.2261e-15
8112.25  1.23444e-15
8114.22  1.24274e-15
8116.19  1.25014e-15
8118.16  1.25588e-15
8120.13  1.25935e-15
8122.1   1.26021e-15
8124.07  1.25839e-15
8126.04  1.25411e-15
8128.01  1.24786e-15
8129.98  1.24034e-15
8131.95  1.23235e-15
8133.92  1.2247e-15
8135.89  1.21811e-15
8137.86  1.21311e-15
8139.82  1.20997e-15
8141.79  1.20872e-15
8143.76  1.2091e-15
8145.73  1.21064e-15
8147.7   1.21275e-15
8149.67  1.21475e-15
8151.64  1.216e-15
8153.61  1.21596e-15
8155.58  1.21427e-15
8157.55  1.21077e-15
8159.52  1.20549e-15
8161.49  1.1987e-15
8163.46  1.19079e-15
8165.43  1.18231e-15
8167.4   1.17387e-15
8169.37  1.16609e-15
8171.34  1.15955e-15
8173.31  1.15475e-15
8175.28  1.15207e-15
8177.24  1.15173e-15
8179.21  1.15379e-15
8181.18  1.15812e-15
8183.15  1.1644e-15
8185.12  1.17216e-15
8187.09  1.18076e-15
8189.06  1.18949e-15
8191.03  1.19753e-15
8193     1.20412e-15
8194.97  1.20853e-15
8196.94  1.21021e-15
8198.91  1.20881e-15
8200.88  1.20424e-15
8202.85  1.1967e-15
8204.82  1.18672e-15
8206.79  1.17508e-15
8208.76  1.16276e-15
8210.73  1.15086e-15
8212.7   1.14048e-15
8214.66  1.13258e-15
8216.63  1.12789e-15
8218.6   1.12677e-15
8220.57  1.12919e-15
8222.54  1.13467e-15
8224.51  1.14238e-15
8226.48  1.15117e-15
8228.45  1.15972e-15
8230.42  1.16672e-15
8232.39  1.17098e-15
8234.36  1.17162e-15
8236.33  1.16817e-15
8238.3   1.16063e-15
8240.27  1.14948e-15
8242.24  1.13566e-15
8244.21  1.12039e-15
8246.18  1.10508e-15
8248.15  1.09116e-15
8250.11  1.07983e-15
8252.08  1.072e-15
8254.05  1.06809e-15
8256.02  1.06801e-15
8257.99  1.07117e-15
8259.96  1.07652e-15
8261.93  1.08268e-15
8263.9   1.08813e-15
8265.87  1.09139e-15
8267.84  1.09119e-15
8269.81  1.08663e-15
8271.78  1.07727e-15
8273.75  1.06318e-15
8275.72  1.0449e-15
8277.69  1.02336e-15
8279.66  9.99718e-16
8281.63  9.75228e-16
8283.6   9.51074e-16
8285.57  9.28245e-16
8287.53  9.07454e-16
8289.5   8.89103e-16
8291.47  8.73307e-16
8293.44  8.59952e-16
8295.41  8.48778e-16
8297.38  8.39472e-16
8299.35  8.31736e-16
8301.32  8.25341e-16
8303.29  8.20138e-16
8305.26  8.16047e-16
8307.23  8.13019e-16
8309.2   8.10991e-16
8311.17  8.09851e-16
8313.14  8.09413e-16
8315.11  8.09415e-16
8317.08  8.09551e-16
8319.05  8.0951e-16
8321.02  8.0903e-16
8322.99  8.07944e-16
8324.95  8.06222e-16
8326.92  8.03982e-16
8328.89  8.01481e-16
8330.86  7.99085e-16
8332.83  7.97221e-16
8334.8   7.96322e-16
8336.77  7.9678e-16
8338.74  7.98903e-16
8340.71  8.02895e-16
8342.68  8.08852e-16
8344.65  8.1677e-16
8346.62  8.2657e-16
8348.59  8.38118e-16
8350.56  8.51254e-16
8352.53  8.658e-16
8354.5   8.81566e-16
8356.47  8.9835e-16
8358.44  9.1592e-16
8360.41  9.34003e-16
8362.37  9.52273e-16
8364.34  9.70348e-16
8366.31  9.87797e-16
8368.28  1.00415e-15
8370.25  1.01895e-15
8372.22  1.03174e-15
8374.19  1.04218e-15
8376.16  1.05001e-15
8378.13  1.05515e-15
8380.1   1.0577e-15
8382.07  1.05794e-15
8384.04  1.05636e-15
8386.01  1.0536e-15
8387.98  1.05041e-15
8389.95  1.04758e-15
8391.92  1.04586e-15
8393.89  1.04591e-15
8395.86  1.04814e-15
8397.83  1.05274e-15
8399.79  1.05959e-15
8401.76  1.06827e-15
8403.73  1.07812e-15
8405.7   1.08826e-15
8407.67  1.09773e-15
8409.64  1.10556e-15
8411.61  1.11089e-15
8413.58  1.11307e-15
8415.55  1.11172e-15
8417.52  1.10679e-15
8419.49  1.09852e-15
8421.46  1.08744e-15
8423.43  1.07432e-15
8425.4   1.06009e-15
8427.37  1.04574e-15
8429.34  1.03228e-15
8431.31  1.02065e-15
8433.28  1.0117e-15
8435.25  1.00609e-15
8437.21  1.00433e-15
8439.18  1.00674e-15
8441.15  1.01342e-15
8443.12  1.02425e-15
8445.09  1.03889e-15
8447.06  1.05679e-15
8449.03  1.07718e-15
8451     1.09909e-15
8452.97  1.12145e-15
8454.94  1.14312e-15
8456.91  1.16297e-15
8458.88  1.18007e-15
8460.85  1.19373e-15
8462.82  1.20362e-15
8464.79  1.20988e-15
8466.76  1.2131e-15
8468.73  1.21435e-15
8470.7   1.21502e-15
8472.67  1.21677e-15
8474.63  1.22127e-15
8476.6   1.23004e-15
8478.57  1.24422e-15
8480.54  1.26445e-15
8482.51  1.29072e-15
8484.48  1.3224e-15
8486.45  1.35823e-15
8488.42  1.3965e-15
8490.39  1.43522e-15
8492.36  1.47234e-15
8494.33  1.50601e-15
8496.3   1.53474e-15
8498.27  1.55757e-15
8500.24  1.5741e-15
8502.21  1.58454e-15
8504.18  1.58955e-15
8506.15  1.59018e-15
8508.12  1.58766e-15
8510.09  1.58325e-15
8512.05  1.57816e-15
8514.02  1.57342e-15
8515.99  1.56991e-15
8517.96  1.56835e-15
8519.93  1.56941e-15
8521.9   1.57374e-15
8523.87  1.58205e-15
8525.84  1.59508e-15
8527.81  1.6135e-15
8529.78  1.63782e-15
8531.75  1.66815e-15
8533.72  1.70404e-15
8535.69  1.74428e-15
8537.66  1.78689e-15
8539.63  1.82912e-15
8541.6   1.8677e-15
8543.57  1.89915e-15
8545.54  1.92028e-15
8547.51  1.92863e-15
8549.47  1.92295e-15
8551.44  1.9035e-15
8553.41  1.87217e-15
8555.38  1.83238e-15
8557.35  1.78875e-15
8559.32  1.74654e-15
8561.29  1.71098e-15
8563.26  1.68661e-15
8565.23  1.67667e-15
8567.2   1.68263e-15
8569.17  1.70402e-15
8571.14  1.73848e-15
8573.11  1.78209e-15
8575.08  1.82989e-15
8577.05  1.87654e-15
8579.02  1.91702e-15
8580.99  1.9472e-15
8582.96  1.96436e-15
8584.93  1.96745e-15
8586.89  1.95704e-15
8588.86  1.9352e-15
8590.83  1.90506e-15
8592.8   1.87035e-15
8594.77  1.83484e-15
8596.74  1.80189e-15
8598.71  1.77405e-15
8600.68  1.75291e-15
8602.65  1.739e-15
8604.62  1.73191e-15
8606.59  1.73057e-15
8608.56  1.73352e-15
8610.53  1.73921e-15
8612.5   1.74631e-15
8614.47  1.75386e-15
8616.44  1.76137e-15
8618.41  1.76879e-15
8620.38  1.77643e-15
8622.35  1.78474e-15
8624.31  1.79417e-15
8626.28  1.80497e-15
8628.25  1.81712e-15
8630.22  1.83023e-15
8632.19  1.84363e-15
8634.16  1.85645e-15
8636.13  1.86777e-15
8638.1   1.87678e-15
8640.07  1.88294e-15
8642.04  1.88609e-15
8644.01  1.88645e-15
8645.98  1.88466e-15
8647.95  1.88164e-15
8649.92  1.87853e-15
8651.89  1.87649e-15
8653.86  1.87657e-15
8655.83  1.87964e-15
8657.8   1.88621e-15
8659.76  1.89646e-15
8661.73  1.9102e-15
8663.7   1.92691e-15
8665.67  1.94576e-15
8667.64  1.96571e-15
8669.61  1.98556e-15
8671.58  2.00404e-15
8673.55  2.01987e-15
8675.52  2.03182e-15
8677.49  2.03884e-15
8679.46  2.04007e-15
8681.43  2.03497e-15
8683.4   2.02332e-15
8685.37  2.00532e-15
8687.34  1.98158e-15
8689.31  1.95312e-15
8691.28  1.9213e-15
8693.25  1.88775e-15
8695.22  1.85426e-15
8697.18  1.82265e-15
8699.15  1.79463e-15
8701.12  1.77172e-15
8703.09  1.75511e-15
8705.06  1.74561e-15
8707.03  1.74365e-15
8709     1.74921e-15
8710.97  1.76189e-15
8712.94  1.78088e-15
8714.91  1.80503e-15
8716.88  1.83289e-15
8718.85  1.86273e-15
8720.82  1.89269e-15
8722.79  1.9208e-15
8724.76  1.94513e-15
8726.73  1.96395e-15
8728.7   1.97583e-15
8730.67  1.97982e-15
8732.64  1.97551e-15
8734.6   1.96308e-15
8736.57  1.94332e-15
8738.54  1.91752e-15
8740.51  1.88734e-15
8742.48  1.85467e-15
8744.45  1.82141e-15
8746.42  1.78935e-15
8748.39  1.76003e-15
8750.36  1.73469e-15
8752.33  1.71424e-15
8754.3   1.6993e-15
8756.27  1.69023e-15
8758.24  1.68719e-15
8760.21  1.69017e-15
8762.18  1.69896e-15
8764.15  1.71313e-15
8766.12  1.73196e-15
8768.09  1.75441e-15
8770.06  1.77907e-15
8772.02  1.8042e-15
8773.99  1.82779e-15
8775.96  1.84776e-15
8777.93  1.86208e-15
8779.9   1.86905e-15
8781.87  1.86752e-15
8783.84  1.85697e-15
8785.81  1.83772e-15
8787.78  1.81083e-15
8789.75  1.77807e-15
8791.72  1.74175e-15
8793.69  1.70443e-15
8795.66  1.6687e-15
8797.63  1.63687e-15
8799.6   1.61082e-15
8801.57  1.59173e-15
8803.54  1.5801e-15
8805.51  1.57568e-15
8807.48  1.57757e-15
8809.44  1.58438e-15
8811.41  1.59438e-15
8813.38  1.60573e-15
8815.35  1.61666e-15
8817.32  1.62563e-15
8819.29  1.63147e-15
8821.26  1.63345e-15
8823.23  1.63128e-15
8825.2   1.62509e-15
8827.17  1.61534e-15
8829.14  1.60271e-15
8831.11  1.58803e-15
8833.08  1.57211e-15
8835.05  1.55567e-15
8837.02  1.53928e-15
8838.99  1.52332e-15
8840.96  1.50801e-15
8842.93  1.49343e-15
8844.9   1.47962e-15
8846.86  1.4666e-15
8848.83  1.45452e-15
8850.8   1.44369e-15
8852.77  1.43456e-15
8854.74  1.42777e-15
8856.71  1.424e-15
8858.68  1.42393e-15
8860.65  1.42801e-15
8862.62  1.43636e-15
8864.59  1.44863e-15
8866.56  1.46386e-15
8868.53  1.48057e-15
8870.5   1.49674e-15
8872.47  1.5101e-15
8874.44  1.5183e-15
8876.41  1.51932e-15
8878.38  1.51172e-15
8880.35  1.49497e-15
8882.32  1.46963e-15
8884.28  1.43735e-15
8886.25  1.4008e-15
8888.22  1.36341e-15
8890.19  1.32893e-15
8892.16  1.30096e-15
8894.13  1.28252e-15
8896.1   1.27557e-15
8898.07  1.28075e-15
8900.04  1.29726e-15
8902.01  1.32291e-15
8903.98  1.35443e-15
8905.95  1.38783e-15
8907.92  1.41896e-15
8909.89  1.44393e-15
8911.86  1.45965e-15
8913.83  1.4641e-15
8915.8   1.45652e-15
8917.77  1.43738e-15
8919.74  1.40827e-15
8921.7   1.37157e-15
8923.67  1.33015e-15
8925.64  1.28703e-15
8927.61  1.24507e-15
8929.58  1.20674e-15
8931.55  1.17403e-15
8933.52  1.14832e-15
8935.49  1.13046e-15
8937.46  1.1208e-15
8939.43  1.11922e-15
8941.4   1.12517e-15
8943.37  1.13775e-15
8945.34  1.1557e-15
8947.31  1.17741e-15
8949.28  1.20104e-15
8951.25  1.22452e-15
8953.22  1.24573e-15
8955.19  1.26268e-15
8957.16  1.27363e-15
8959.12  1.27735e-15
8961.09  1.27319e-15
8963.06  1.26118e-15
8965.03  1.24204e-15
8967     1.21708e-15
8968.97  1.18807e-15
8970.94  1.15701e-15
8972.91  1.12597e-15
8974.88  1.09689e-15
8976.85  1.07142e-15
8978.82  1.05085e-15
8980.79  1.03609e-15
8982.76  1.02762e-15
8984.73  1.02556e-15
8986.7   1.02972e-15
8988.67  1.03958e-15
8990.64  1.05438e-15
8992.61  1.07308e-15
8994.58  1.09439e-15
8996.54  1.11682e-15
8998.51  1.1387e-15
9000.48  1.15833e-15
9002.45  1.17405e-15
9004.42  1.18442e-15
9006.39  1.1884e-15
9008.36  1.18546e-15
9010.33  1.17572e-15
9012.3   1.15999e-15
9014.27  1.13974e-15
9016.24  1.117e-15
9018.21  1.09416e-15
9020.18  1.07378e-15
9022.15  1.05827e-15
9024.12  1.04963e-15
9026.09  1.04922e-15
9028.06  1.05755e-15
9030.03  1.07423e-15
9032     1.09792e-15
9033.96  1.1265e-15
9035.93  1.15726e-15
9037.9   1.18721e-15
9039.87  1.2134e-15
9041.84  1.2333e-15
9043.81  1.24506e-15
9045.78  1.24781e-15
9047.75  1.24168e-15
9049.72  1.22791e-15
9051.69  1.20862e-15
9053.66  1.18664e-15
9055.63  1.16515e-15
9057.6   1.14735e-15
9059.57  1.13611e-15
9061.54  1.13368e-15
9063.51  1.14151e-15
9065.48  1.16011e-15
9067.45  1.18906e-15
9069.41  1.22708e-15
9071.38  1.27214e-15
9073.35  1.32161e-15
9075.32  1.37242e-15
9077.29  1.42119e-15
9079.26  1.46443e-15
9081.23  1.49868e-15
9083.2   1.52079e-15
9085.17  1.52817e-15
9087.14  1.51909e-15
9089.11  1.49304e-15
9091.08  1.45099e-15
9093.05  1.39559e-15
9095.02  1.33113e-15
9096.99  1.26336e-15
9098.96  1.19897e-15
9100.93  1.14496e-15
9102.9   1.10774e-15
9104.87  1.09222e-15
9106.83  1.10109e-15
9108.8   1.13414e-15
9110.77  1.18816e-15
9112.74  1.25705e-15
9114.71  1.33256e-15
9116.68  1.40528e-15
9118.65  1.46587e-15
9120.62  1.5064e-15
9122.59  1.52146e-15
9124.56  1.50891e-15
9126.53  1.47018e-15
9128.5   1.40998e-15
9130.47  1.33558e-15
9132.44  1.25562e-15
9134.41  1.17886e-15
9136.38  1.11284e-15
9138.35  1.06292e-15
9140.32  1.03165e-15
9142.29  1.01866e-15
9144.25  1.02106e-15
9146.22  1.03414e-15
9148.19  1.05247e-15
9150.16  1.07087e-15
9152.13  1.08534e-15
9154.1   1.09369e-15
9156.07  1.09564e-15
9158.04  1.09273e-15
9160.01  1.08765e-15
9161.98  1.08354e-15
9163.95  1.0831e-15
9165.92  1.08797e-15
9167.89  1.09822e-15
9169.86  1.11234e-15
9171.83  1.12752e-15
9173.8   1.14026e-15
9175.77  1.14718e-15
9177.74  1.14572e-15
9179.71  1.13484e-15
9181.67  1.11525e-15
9183.64  1.08938e-15
9185.61  1.06094e-15
9187.58  1.03419e-15
9189.55  1.01318e-15
9191.52  1.00095e-15
9193.49  9.99e-16
9195.46  1.0071e-15
9197.43  1.0235e-15
9199.4   1.04542e-15
9201.37  1.06985e-15
9203.34  1.09427e-15
9205.31  1.11732e-15
9207.28  1.13916e-15
9209.25  1.16142e-15
9211.22  1.18674e-15
9213.19  1.21804e-15
9215.16  1.25759e-15
9217.13  1.30617e-15
9219.09  1.36233e-15
9221.06  1.42225e-15
9223.03  1.4799e-15
9225     1.5278e-15
9226.97  1.55814e-15
9228.94  1.56406e-15
9230.91  1.54106e-15
9232.88  1.48796e-15
9234.85  1.40761e-15
9236.82  1.30684e-15
9238.79  1.19583e-15
9240.76  1.08688e-15
9242.73  9.92816e-16
9244.7   9.25138e-16
9246.67  8.92348e-16
9248.64  8.98669e-16
9250.61  9.43376e-16
9252.58  1.02089e-15
9254.55  1.12159e-15
9256.51  1.2333e-15
9258.48  1.34308e-15
9260.45  1.43915e-15
9262.42  1.51253e-15
9264.39  1.55814e-15
9266.36  1.57528e-15
9268.33  1.56735e-15
9270.3   1.54087e-15
9272.27  1.50418e-15
9274.24  1.46589e-15
9276.21  1.43349e-15
9278.18  1.41227e-15
9280.15  1.40478e-15
9282.12  1.4107e-15
9284.09  1.42734e-15
9286.06  1.45033e-15
9288.03  1.47459e-15
9290     1.4952e-15
9291.97  1.50823e-15
9293.93  1.51122e-15
9295.9   1.50342e-15
9297.87  1.48579e-15
9299.84  1.46064e-15
9301.81  1.43117e-15
9303.78  1.40086e-15
9305.75  1.37286e-15
9307.72  1.34944e-15
9309.69  1.33159e-15
9311.66  1.31883e-15
9313.63  1.30936e-15
9315.6   1.30032e-15
9317.57  1.2885e-15
9319.54  1.27096e-15
9321.51  1.24582e-15
9323.48  1.21283e-15
9325.45  1.17364e-15
9327.42  1.13175e-15
9329.39  1.09201e-15
9331.35  1.05982e-15
9333.32  1.04011e-15
9335.29  1.03631e-15
9337.26  1.04952e-15
9339.23  1.07809e-15
9341.2   1.11765e-15
9343.17  1.16168e-15
9345.14  1.20254e-15
9347.11  1.23277e-15
9349.08  1.24646e-15
9351.05  1.24041e-15
9353.02  1.21493e-15
9354.99  1.17405e-15
9356.96  1.12508e-15
9358.93  1.07755e-15
9360.9   1.04176e-15
9362.87  1.02699e-15
9364.84  1.03983e-15
9366.81  1.08279e-15
9368.77  1.15362e-15
9370.74  1.24523e-15
9372.71  1.34659e-15
9374.68  1.44421e-15
9376.65  1.52421e-15
9378.62  1.57451e-15
9380.59  1.58684e-15
9382.56  1.55823e-15
9384.53  1.49161e-15
9386.5   1.39555e-15
9388.47  1.28293e-15
9390.44  1.16905e-15
9392.41  1.06915e-15
9394.38  9.95997e-16
9396.35  9.57875e-16
9398.32  9.57299e-16
9400.29  9.90703e-16
9402.26  1.04915e-15
9404.23  1.11993e-15
9406.19  1.18879e-15
9408.16  1.24233e-15
9410.13  1.27028e-15
9412.1   1.26712e-15
9414.07  1.23287e-15
9416.04  1.17292e-15
9418.01  1.0969e-15
9419.98  1.01688e-15
9421.95  9.45161e-16
9423.92  8.9218e-16
9425.89  8.64716e-16
9427.86  8.64866e-16
9429.83  8.89863e-16
9431.8   9.32755e-16
9433.77  9.83789e-16
9435.74  1.03224e-15
9437.71  1.06831e-15
9439.68  1.08482e-15
9441.65  1.07831e-15
9443.61  1.04949e-15
9445.58  1.00294e-15
9447.55  9.46121e-16
9449.52  8.87978e-16
9451.49  8.3737e-16
9453.46  8.01573e-16
9455.43  7.85161e-16
9457.4   7.89398e-16
9459.37  8.12223e-16
9461.34  8.48792e-16
9463.31  8.92443e-16
9465.28  9.359e-16
9467.25  9.72502e-16
9469.22  9.97238e-16
9471.19  1.00745e-15
9473.16  1.00311e-15
9475.13  9.86603e-16
9477.1   9.6221e-16
9479.07  9.35243e-16
9481.03  9.11119e-16
9483     8.94453e-16
9484.97  8.88355e-16
9486.94  8.93999e-16
9488.91  9.1053e-16
9490.88  9.35289e-16
9492.85  9.64304e-16
9494.82  9.92958e-16
9496.79  1.01671e-15
9498.76  1.03177e-15
9500.73  1.03565e-15
9502.7   1.02744e-15
9504.67  1.00797e-15
9506.64  9.79602e-16
9508.61  9.45927e-16
9510.58  9.11265e-16
9512.55  8.80108e-16
9514.52  8.56557e-16
9516.48  8.43816e-16
9518.45  8.43809e-16
9520.42  8.56954e-16
9522.39  8.82133e-16
9524.36  9.16838e-16
9526.33  9.57507e-16
9528.3   9.99984e-16
9530.27  1.04005e-15
9532.24  1.07398e-15
9534.21  1.09895e-15
9536.18  1.11341e-15
9538.15  1.11715e-15
9540.12  1.11126e-15
9542.09  1.09782e-15
9544.06  1.07951e-15
9546.03  1.05915e-15
9548     1.03924e-15
9549.97  1.02161e-15
9551.94  1.00717e-15
9553.9   9.95919e-16
9555.87  9.86977e-16
9557.84  9.7887e-16
9559.81  9.69814e-16
9561.78  9.58058e-16
9563.75  9.42184e-16
9565.72  9.21354e-16
9567.69  8.95452e-16
9569.66  8.65125e-16
9571.63  8.31721e-16
9573.6   7.97136e-16
9575.57  7.63598e-16
9577.54  7.3341e-16
9579.51  7.08696e-16
9581.48  6.91181e-16
9583.45  6.82024e-16
9585.42  6.8174e-16
9587.39  6.90208e-16
9589.36  7.0675e-16
9591.32  7.30278e-16
9593.29  7.5945e-16
9595.26  7.92825e-16
9597.23  8.28965e-16
9599.2   8.66484e-16
9601.17  9.04034e-16
9603.14  9.40268e-16
9605.11  9.73798e-16
9607.08  1.0032e-15
9609.05  1.02709e-15
9611.02  1.04428e-15
9612.99  1.05403e-15
9614.96  1.05624e-15
9616.93  1.05168e-15
9618.9   1.04207e-15
9620.87  1.02994e-15
9622.84  1.01839e-15
9624.81  1.01056e-15
9626.78  1.00915e-15
9628.74  1.01582e-15
9630.71  1.03077e-15
9632.68  1.05256e-15
9634.65  1.0782e-15
9636.62  1.10355e-15
9638.59  1.12397e-15
9640.56  1.13512e-15
9642.53  1.13372e-15
9644.5   1.11818e-15
9646.47  1.08891e-15
9648.44  1.04835e-15
9650.41  1.00054e-15
9652.38  9.50536e-16
9654.35  9.03575e-16
9656.32  8.64273e-16
9658.29  8.35955e-16
9660.26  8.20236e-16
9662.23  8.16914e-16
9664.2   8.2417e-16
9666.16  8.39023e-16
9668.13  8.57923e-16
9670.1   8.77379e-16
9672.07  8.9449e-16
9674.04  9.07318e-16
9676.01  9.15035e-16
9677.98  9.17874e-16
9679.95  9.16911e-16
9681.92  9.13757e-16
9683.89  9.10232e-16
9685.86  9.08086e-16
9687.83  9.08804e-16
9689.8   9.13504e-16
9691.77  9.22908e-16
9693.74  9.3735e-16
9695.71  9.56781e-16
9697.68  9.8075e-16
9699.65  1.00834e-15
9701.62  1.03808e-15
9703.58  1.06791e-15
9705.55  1.09519e-15
9707.52  1.11682e-15
9709.49  1.12952e-15
9711.46  1.13028e-15
9713.43  1.11687e-15
9715.4   1.08834e-15
9717.37  1.04556e-15
9719.34  9.91397e-16
9721.31  9.3079e-16
9723.28  8.70354e-16
9725.25  8.17723e-16
9727.22  7.80598e-16
9729.19  7.65647e-16
9731.16  7.77426e-16
9733.13  8.17486e-16
9735.1   8.83857e-16
9737.07  9.71005e-16
9739.04  1.07033e-15
9741     1.17115e-15
9742.97  1.26203e-15
9744.94  1.33231e-15
9746.91  1.37356e-15
9748.88  1.38067e-15
9750.85  1.35255e-15
9752.82  1.2922e-15
9754.79  1.20618e-15
9756.76  1.10367e-15
9758.73  9.95124e-16
9760.7   8.9091e-16
9762.67  8.00032e-16
9764.64  7.29177e-16
9766.61  6.8216e-16
9768.58  6.59826e-16
9770.55  6.60334e-16
9772.52  6.7976e-16
9774.49  7.12853e-16
9776.46  7.53825e-16
9778.42  7.97066e-16
9780.39  8.37692e-16
9782.36  8.71889e-16
9784.33  8.97079e-16
9786.3   9.11899e-16
9788.27  9.16077e-16
9790.24  9.10241e-16
9792.21  8.95695e-16
9794.18  8.74212e-16
9796.15  8.47845e-16
9798.12  8.18758e-16
9800.09  7.89085e-16
9802.06  7.60796e-16
9804.03  7.35576e-16
9806     7.14721e-16
9807.97  6.99058e-16
9809.94  6.88899e-16
9811.91  6.84048e-16
9813.88  6.83859e-16
9815.84  6.87344e-16
9817.81  6.93326e-16
9819.78  7.006e-16
9821.75  7.08088e-16
9823.72  7.14951e-16
9825.69  7.20661e-16
9827.66  7.24998e-16
9829.63  7.28001e-16
9831.6   7.29885e-16
9833.57  7.30945e-16
9835.54  7.31471e-16
9837.51  7.31696e-16
9839.48  7.31777e-16
9841.45  7.318e-16
9843.42  7.31805e-16
9845.39  7.31806e-16
9847.36  7.31806e-16