 4193.89  6.54924e-16
 4198.39  6.48782e-16
 4202.89  6.41587e-16
 4207.4   6.33667e-16
 4211.9   6.25411e-16
 4216.41  6.17217e-16
 4220.91  6.09442e-16
 4225.42  6.0236e-16
 4229.92  5.96135e-16
 4234.43  5.90814e-16
 4238.93  5.8634e-16
 4243.44  5.82583e-16
 4247.94  5.79381e-16
 4252.45  5.76593e-16
 4256.95  5.74135e-16
 4261.46  5.72009e-16
 4265.96  5.70312e-16
 4270.47  5.69223e-16
 4274.97  5.68969e-16
 4279.47  5.6978e-16
 4283.98  5.71837e-16
 4288.48  5.75224e-16
 4292.99  5.79893e-16
 4297.49  5.8565e-16
 4302     5.92163e-16
 4306.5   5.98993e-16
 4311.01  6.05648e-16
 4315.51  6.11643e-16
 4320.02  6.16567e-16
 4324.52  6.2014e-16
 4329.03  6.22256e-16
 4333.53  6.22998e-16
 4338.04  6.22632e-16
 4342.54  6.21575e-16
 4347.05  6.20339e-16
 4351.55  6.1947e-16
 4356.05  6.19476e-16
 4360.56  6.20768e-16
 4365.06  6.23612e-16
 4369.57  6.28105e-16
 4374.07  6.34168e-16
 4378.58  6.41573e-16
 4383.08  6.49973e-16
 4387.59  6.58952e-16
 4392.09  6.68072e-16
 4396.6   6.76924e-16
 4401.1   6.85162e-16
 4405.61  6.92525e-16
 4410.11  6.98848e-16
 4414.62  7.04058e-16
 4419.12  7.08162e-16
 4423.63  7.11228e-16
 4428.13  7.1337e-16
 4432.63  7.14721e-16
 4437.14  7.1543e-16
 4441.64  7.15642e-16
 4446.15  7.15493e-16
 4450.65  7.15107e-16
 4455.16  7.14588e-16
 4459.66  7.14017e-16
 4464.17  7.13452e-16
 4468.67  7.1292e-16
 4473.18  7.12418e-16
 4477.68  7.11914e-16
 4482.19  7.11351e-16
 4486.69  7.10655e-16
 4491.2   7.09745e-16
 4495.7   7.08544e-16
 4500.21  7.06991e-16
 4504.71  7.05053e-16
 4509.22  7.02727e-16
 4513.72  7.00043e-16
 4518.22  6.97065e-16
 4522.73  6.93877e-16
 4527.23  6.90573e-16
 4531.74  6.87242e-16
 4536.24  6.83957e-16
 4540.75  6.8076e-16
 4545.25  6.77655e-16
 4549.76  6.74605e-16
 4554.26  6.71537e-16
 4558.77  6.68348e-16
 4563.27  6.64921e-16
 4567.78  6.61139e-16
 4572.28  6.56903e-16
 4576.79  6.52145e-16
 4581.29  6.46837e-16
 4585.8   6.41001e-16
 4590.3   6.34706e-16
 4594.8   6.28059e-16
 4599.31  6.21201e-16
 4603.81  6.14288e-16
 4608.32  6.07477e-16
 4612.82  6.0091e-16
 4617.33  5.94707e-16
 4621.83  5.88953e-16
 4626.34  5.83693e-16
 4630.84  5.78941e-16
 4635.35  5.74674e-16
 4639.85  5.70848e-16
 4644.36  5.67402e-16
 4648.86  5.64266e-16
 4653.37  5.61374e-16
 4657.87  5.58666e-16
 4662.38  5.56093e-16
 4666.88  5.53622e-16
 4671.38  5.51231e-16
 4675.89  5.48916e-16
 4680.39  5.46679e-16
 4684.9   5.44535e-16
 4689.4   5.42497e-16
 4693.91  5.40579e-16
 4698.41  5.38784e-16
 4702.92  5.37103e-16
 4707.42  5.35508e-16
 4711.93  5.33945e-16
 4716.43  5.32339e-16
 4720.94  5.30594e-16
 4725.44  5.286e-16
 4729.95  5.26243e-16
 4734.45  5.23416e-16
 4738.96  5.20037e-16
 4743.46  5.16059e-16
 4747.96  5.11479e-16
 4752.47  5.06342e-16
 4756.97  5.0074e-16
 4761.48  4.94802e-16
 4765.98  4.88684e-16
 4770.49  4.82546e-16
 4774.99  4.76543e-16
 4779.5   4.70804e-16
 4784     4.65422e-16
 4788.51  4.60453e-16
 4793.01  4.55917e-16
 4797.52  4.51804e-16
 4802.02  4.48086e-16
 4806.53  4.44731e-16
 4811.03  4.41719e-16
 4815.54  4.39044e-16
 4820.04  4.36721e-16
 4824.54  4.34785e-16
 4829.05  4.33284e-16
 4833.55  4.32264e-16
 4838.06  4.31759e-16
 4842.56  4.31777e-16
 4847.07  4.32294e-16
 4851.57  4.33248e-16
 4856.08  4.34545e-16
 4860.58  4.36065e-16
 4865.09  4.37683e-16
 4869.59  4.3928e-16
 4874.1   4.40767e-16
 4878.6   4.42097e-16
 4883.11  4.43274e-16
 4887.61  4.44362e-16
 4892.12  4.45469e-16
 4896.62  4.46744e-16
 4901.12  4.48353e-16
 4905.63  4.50459e-16
 4910.13  4.53198e-16
 4914.64  4.56663e-16
 4919.14  4.60888e-16
 4923.65  4.65847e-16
 4928.15  4.71455e-16
 4932.66  4.7758e-16
 4937.16  4.84059e-16
 4941.67  4.90724e-16
 4946.17  4.97415e-16
 4950.68  5.04005e-16
 4955.18  5.10408e-16
 4959.69  5.16585e-16
 4964.19  5.22542e-16
 4968.7   5.28323e-16
 4973.2   5.33993e-16
 4977.7   5.39625e-16
 4982.21  5.45283e-16
 4986.71  5.51013e-16
 4991.22  5.56829e-16
 4995.72  5.62715e-16
 5000.23  5.68627e-16
 5004.73  5.74497e-16
 5009.24  5.80243e-16
 5013.74  5.85783e-16
 5018.25  5.9104e-16
 5022.75  5.95954e-16
 5027.26  6.00486e-16
 5031.76  6.04616e-16
 5036.27  6.08349e-16
 5040.77  6.11705e-16
 5045.28  6.14713e-16
 5049.78  6.1741e-16
 5054.28  6.19831e-16
 5058.79  6.22006e-16
 5063.29  6.23957e-16
 5067.8   6.25699e-16
 5072.3   6.27241e-16
 5076.81  6.28587e-16
 5081.31  6.29743e-16
 5085.82  6.30715e-16
 5090.32  6.31515e-16
 5094.83  6.32158e-16
 5099.33  6.32661e-16
 5103.84  6.3304e-16
 5108.34  6.33305e-16
 5112.85  6.33455e-16
 5117.35  6.33477e-16
 5121.86  6.33339e-16
 5126.36  6.32995e-16
 5130.87  6.32389e-16
 5135.37  6.31452e-16
 5139.87  6.30117e-16
 5144.38  6.28324e-16
 5148.88  6.26023e-16
 5153.39  6.23184e-16
 5157.89  6.19798e-16
 5162.4   6.15881e-16
 5166.9   6.11467e-16
 5171.41  6.06613e-16
 5175.91  6.01387e-16
 5180.42  5.95869e-16
 5184.92  5.90143e-16
 5189.43  5.84298e-16
 5193.93  5.78422e-16
 5198.44  5.72602e-16
 5202.94  5.66925e-16
 5207.45  5.61477e-16
 5211.95  5.5634e-16
 5216.45  5.51591e-16
 5220.96  5.47298e-16
 5225.46  5.43515e-16
 5229.97  5.40273e-16
 5234.47  5.37582e-16
 5238.98  5.3542e-16
 5243.48  5.33738e-16
 5247.99  5.32456e-16
 5252.49  5.31477e-16
 5257     5.30691e-16
 5261.5   5.29987e-16
 5266.01  5.29261e-16
 5270.51  5.28433e-16
 5275.02  5.27447e-16
 5279.52  5.26277e-16
 5284.03  5.24923e-16
 5288.53  5.23407e-16
 5293.03  5.21763e-16
 5297.54  5.20028e-16
 5302.04  5.18233e-16
 5306.55  5.1639e-16
 5311.05  5.14496e-16
 5315.56  5.12528e-16
 5320.06  5.10449e-16
 5324.57  5.08215e-16
 5329.07  5.05783e-16
 5333.58  5.0312e-16
 5338.08  5.00212e-16
 5342.59  4.97069e-16
 5347.09  4.93724e-16
 5351.6   4.90236e-16
 5356.1   4.86682e-16
 5360.61  4.83151e-16
 5365.11  4.79737e-16
 5369.61  4.76531e-16
 5374.12  4.73612e-16
 5378.62  4.71041e-16
 5383.13  4.68861e-16
 5387.63  4.67091e-16
 5392.14  4.65731e-16
 5396.64  4.6476e-16
 5401.15  4.6414e-16
 5405.65  4.63823e-16
 5410.16  4.63748e-16
 5414.66  4.63851e-16
 5419.17  4.64063e-16
 5423.67  4.64316e-16
 5428.18  4.64543e-16
 5432.68  4.64683e-16
 5437.19  4.64685e-16
 5441.69  4.64512e-16
 5446.19  4.64146e-16
 5450.7   4.63594e-16
 5455.2   4.62886e-16
 5459.71  4.62081e-16
 5464.21  4.61262e-16
 5468.72  4.60528e-16
 5473.22  4.59986e-16
 5477.73  4.59738e-16
 5482.23  4.59869e-16
 5486.74  4.60432e-16
 5491.24  4.61446e-16
 5495.75  4.62887e-16
 5500.25  4.64693e-16
 5504.76  4.66773e-16
 5509.26  4.69014e-16
 5513.77  4.71304e-16
 5518.27  4.73539e-16
 5522.77  4.75637e-16
 5527.28  4.77548e-16
 5531.78  4.7925e-16
 5536.29  4.80751e-16
 5540.79  4.82077e-16
 5545.3   4.83267e-16
 5549.8   4.84354e-16
 5554.31  4.85366e-16
 5558.81  4.86313e-16
 5563.32  4.8719e-16
 5567.82  4.87978e-16
 5572.33  4.88649e-16
 5576.83  4.89174e-16
 5581.34  4.89532e-16
 5585.84  4.89711e-16
 5590.35  4.89715e-16
 5594.85  4.89562e-16
 5599.35  4.89278e-16
 5603.86  4.88895e-16
 5608.36  4.88445e-16
 5612.87  4.87948e-16
 5617.37  4.87415e-16
 5621.88  4.86841e-16
 5626.38  4.86208e-16
 5630.89  4.85488e-16
 5635.39  4.8465e-16
 5639.9   4.83665e-16
 5644.4   4.82513e-16
 5648.91  4.81187e-16
 5653.41  4.79694e-16
 5657.92  4.78057e-16
 5662.42  4.76311e-16
 5666.93  4.74497e-16
 5671.43  4.72659e-16
 5675.94  4.70835e-16
 5680.44  4.69054e-16
 5684.94  4.67336e-16
 5689.45  4.65684e-16
 5693.95  4.64091e-16
 5698.46  4.6254e-16
 5702.96  4.61008e-16
 5707.47  4.59471e-16
 5711.97  4.57909e-16
 5716.48  4.56308e-16
 5720.98  4.54668e-16
 5725.49  4.52995e-16
 5729.99  4.51312e-16
 5734.5   4.49651e-16
 5739     4.48052e-16
 5743.51  4.46563e-16
 5748.01  4.4523e-16
 5752.52  4.44094e-16
 5757.02  4.43189e-16
 5761.52  4.42533e-16
 5766.03  4.42126e-16
 5770.53  4.4195e-16
 5775.04  4.41971e-16
 5779.54  4.42143e-16
 5784.05  4.4241e-16
 5788.55  4.42721e-16
 5793.06  4.43027e-16
 5797.56  4.43293e-16
 5802.07  4.43491e-16
 5806.57  4.43601e-16
 5811.08  4.43598e-16
 5815.58  4.43442e-16
 5820.09  4.43063e-16
 5824.59  4.42355e-16
 5829.1   4.41167e-16
 5833.6   4.3931e-16
 5838.1   4.36574e-16
 5842.61  4.32752e-16
 5847.11  4.2767e-16
 5851.62  4.21224e-16
 5856.12  4.13408e-16
 5860.63  4.04336e-16
 5865.13  3.94245e-16
 5869.64  3.83485e-16
 5874.14  3.72481e-16
 5878.65  3.61697e-16
 5883.15  3.51573e-16
 5887.66  3.42473e-16
 5892.16  3.34646e-16
 5896.67  3.2819e-16
 5901.17  3.23049e-16
 5905.68  3.19029e-16
 5910.18  3.15832e-16
 5914.68  3.13106e-16
 5919.19  3.10498e-16
 5923.69  3.07703e-16
 5928.2   3.04507e-16
 5932.7   3.00804e-16
 5937.21  2.96602e-16
 5941.71  2.92011e-16
 5946.22  2.87209e-16
 5950.72  2.82412e-16
 5955.23  2.77832e-16
 5959.73  2.73651e-16
 5964.24  2.6999e-16
 5968.74  2.66906e-16
 5973.25  2.64387e-16
 5977.75  2.62365e-16
 5982.26  2.60736e-16
 5986.76  2.5938e-16
 5991.26  2.58183e-16
 5995.77  2.57055e-16
 6000.27  2.55939e-16
 6004.78  2.54821e-16
 6009.28  2.53719e-16
 6013.79  2.52684e-16
 6018.29  2.51781e-16
 6022.8   2.51084e-16
 6027.3   2.50657e-16
 6031.81  2.50555e-16
 6036.31  2.5081e-16
 6040.82  2.51434e-16
 6045.32  2.52424e-16
 6049.83  2.53761e-16
 6054.33  2.55422e-16
 6058.84  2.57381e-16
 6063.34  2.59615e-16
 6067.84  2.62106e-16
 6072.35  2.64845e-16
 6076.85  2.67827e-16
 6081.36  2.71049e-16
 6085.86  2.74509e-16
 6090.37  2.78202e-16
 6094.87  2.82119e-16
 6099.38  2.86246e-16
 6103.88  2.90565e-16
 6108.39  2.95057e-16
 6112.89  2.997e-16
 6117.4   3.04476e-16
 6121.9   3.09367e-16
 6126.41  3.14358e-16
 6130.91  3.19433e-16
 6135.42  3.24575e-16
 6139.92  3.2976e-16
 6144.42  3.34958e-16
 6148.93  3.4013e-16
 6153.43  3.45228e-16
 6157.94  3.502e-16
 6162.44  3.54994e-16
 6166.95  3.59561e-16
 6171.45  3.63865e-16
 6175.96  3.67887e-16
 6180.46  3.71626e-16
 6184.97  3.751e-16
 6189.47  3.78341e-16
 6193.98  3.81389e-16
 6198.48  3.84282e-16
 6202.99  3.87043e-16
 6207.49  3.89673e-16
 6212     3.92145e-16
 6216.5   3.94401e-16
 6221     3.9636e-16
 6225.51  3.97924e-16
 6230.01  3.99e-16
 6234.52  3.9951e-16
 6239.02  3.99414e-16
 6243.53  3.98723e-16
 6248.03  3.97507e-16
 6252.54  3.95896e-16
 6257.04  3.94072e-16
 6261.55  3.92249e-16
 6266.05  3.90658e-16
 6270.56  3.89515e-16
 6275.06  3.88997e-16
 6279.57  3.89225e-16
 6284.07  3.90246e-16
 6288.58  3.9203e-16
 6293.08  3.94477e-16
 6297.59  3.9743e-16
 6302.09  4.00693e-16
 6306.59  4.04058e-16
 6311.1   4.07328e-16
 6315.6   4.10334e-16
 6320.11  4.12954e-16
 6324.61  4.15117e-16
 6329.12  4.16804e-16
 6333.62  4.18042e-16
 6338.13  4.18894e-16
 6342.63  4.19446e-16
 6347.14  4.1979e-16
 6351.64  4.20016e-16
 6356.15  4.20203e-16
 6360.65  4.20411e-16
 6365.16  4.20683e-16
 6369.66  4.2104e-16
 6374.17  4.21491e-16
 6378.67  4.22029e-16
 6383.17  4.22636e-16
 6387.68  4.23288e-16
 6392.18  4.23953e-16
 6396.69  4.2459e-16
 6401.19  4.25157e-16
 6405.7   4.25604e-16
 6410.2   4.25885e-16
 6414.71  4.25952e-16
 6419.21  4.25771e-16
 6423.72  4.2532e-16
 6428.22  4.24596e-16
 6432.73  4.23619e-16
 6437.23  4.22435e-16
 6441.74  4.21109e-16
 6446.24  4.1972e-16
 6450.75  4.18359e-16
 6455.25  4.1711e-16
 6459.75  4.16048e-16
 6464.26  4.15223e-16
 6468.76  4.1466e-16
 6473.27  4.14352e-16
 6477.77  4.14262e-16
 6482.28  4.14329e-16
 6486.78  4.14474e-16
 6491.29  4.14614e-16
 6495.79  4.14666e-16
 6500.3   4.14564e-16
 6504.8   4.14259e-16
 6509.31  4.13726e-16
 6513.81  4.12965e-16
 6518.32  4.11997e-16
 6522.82  4.10862e-16
 6527.33  4.09609e-16
 6531.83  4.0829e-16
 6536.33  4.06955e-16
 6540.84  4.05646e-16
 6545.34  4.0439e-16
 6549.85  4.03201e-16
 6554.35  4.0208e-16
 6558.86  4.01013e-16
 6563.36  3.99978e-16
 6567.87  3.98947e-16
 6572.37  3.97891e-16
 6576.88  3.96781e-16
 6581.38  3.95595e-16
 6585.89  3.94319e-16
 6590.39  3.92944e-16
 6594.9   3.91472e-16
 6599.4   3.89912e-16
 6603.91  3.8828e-16
 6608.41  3.86594e-16
 6612.91  3.84878e-16
 6617.42  3.83154e-16
 6621.92  3.81444e-16
 6626.43  3.79765e-16
 6630.93  3.78134e-16
 6635.44  3.7656e-16
 6639.94  3.75049e-16
 6644.45  3.73601e-16
 6648.95  3.72209e-16
 6653.46  3.70863e-16
 6657.96  3.69547e-16
 6662.47  3.68243e-16
 6666.97  3.66928e-16
 6671.48  3.65583e-16
 6675.98  3.64189e-16
 6680.49  3.62729e-16
 6684.99  3.61195e-16
 6689.49  3.59584e-16
 6694     3.579e-16
 6698.5   3.56156e-16
 6703.01  3.54368e-16
 6707.51  3.52558e-16
 6712.02  3.50749e-16
 6716.52  3.48965e-16
 6721.03  3.47225e-16
 6725.53  3.45542e-16
 6730.04  3.43926e-16
 6734.54  3.42375e-16
 6739.05  3.40884e-16
 6743.55  3.39439e-16
 6748.06  3.38024e-16
 6752.56  3.36623e-16
 6757.07  3.35222e-16
 6761.57  3.33809e-16
 6766.07  3.32383e-16
 6770.58  3.30948e-16
 6775.08  3.29516e-16
 6779.59  3.28104e-16
 6784.09  3.26732e-16
 6788.6   3.25414e-16
 6793.1   3.24161e-16
 6797.61  3.22971e-16
 6802.11  3.21831e-16
 6806.62  3.20715e-16
 6811.12  3.19586e-16
 6815.63  3.18404e-16
 6820.13  3.17129e-16
 6824.64  3.15728e-16
 6829.14  3.14183e-16
 6833.65  3.12496e-16
 6838.15  3.10688e-16
 6842.65  3.08796e-16
 6847.16  3.06873e-16
 6851.66  3.04973e-16
 6856.17  3.03149e-16
 6860.67  3.01439e-16
 6865.18  2.99864e-16
 6869.68  2.9842e-16
 6874.19  2.97085e-16
 6878.69  2.9582e-16
 6883.2   2.94579e-16
 6887.7   2.9332e-16
 6892.21  2.92011e-16
 6896.71  2.90642e-16
 6901.22  2.8923e-16
 6905.72  2.87812e-16
 6910.23  2.86447e-16
 6914.73  2.85203e-16
 6919.24  2.84147e-16
 6923.74  2.83335e-16
 6928.24  2.82799e-16
 6932.75  2.82544e-16
 6937.25  2.82547e-16
 6941.76  2.82756e-16
 6946.26  2.83104e-16
 6950.77  2.83514e-16
 6955.27  2.83914e-16
 6959.78  2.84246e-16
 6964.28  2.84475e-16
 6968.79  2.84591e-16
 6973.29  2.84608e-16
 6977.8   2.8456e-16
 6982.3   2.84496e-16
 6986.81  2.84464e-16
 6991.31  2.84509e-16
 6995.82  2.84663e-16
 7000.32  2.84945e-16
 7004.82  2.85353e-16
 7009.33  2.85874e-16
 7013.83  2.86485e-16
 7018.34  2.87158e-16
 7022.84  2.87864e-16
 7027.35  2.8858e-16
 7031.85  2.89291e-16
 7036.36  2.89986e-16
 7040.86  2.9066e-16
 7045.37  2.91312e-16
 7049.87  2.91942e-16
 7054.38  2.92549e-16
 7058.88  2.9313e-16
 7063.39  2.93686e-16
 7067.89  2.94216e-16
 7072.4   2.94725e-16
 7076.9   2.95221e-16
 7081.4   2.95715e-16
 7085.91  2.9622e-16
 7090.41  2.96747e-16
 7094.92  2.97293e-16
 7099.42  2.97846e-16
 7103.93  2.9837e-16
 7108.43  2.98815e-16
 7112.94  2.9911e-16
 7117.44  2.99178e-16
 7121.95  2.9894e-16
 7126.45  2.98333e-16
 7130.96  2.97321e-16
 7135.46  2.95903e-16
 7139.97  2.94124e-16
 7144.47  2.92073e-16
 7148.98  2.89873e-16
 7153.48  2.87677e-16
 7157.98  2.8564e-16
 7162.49  2.83908e-16
 7166.99  2.82592e-16
 7171.5   2.81759e-16
 7176     2.81414e-16
 7180.51  2.81505e-16
 7185.01  2.8193e-16
 7189.52  2.82545e-16
 7194.02  2.83188e-16
 7198.53  2.83699e-16
 7203.03  2.8394e-16
 7207.54  2.83812e-16
 7212.04  2.83265e-16
 7216.55  2.82299e-16
 7221.05  2.80963e-16
 7225.56  2.79339e-16
 7230.06  2.77529e-16
 7234.56  2.75638e-16
 7239.07  2.7376e-16
 7243.57  2.71963e-16
 7248.08  2.7029e-16
 7252.58  2.68752e-16
 7257.09  2.67335e-16
 7261.59  2.66009e-16
 7266.1   2.64739e-16
 7270.6   2.63494e-16
 7275.11  2.62252e-16
 7279.61  2.61009e-16
 7284.12  2.59778e-16
 7288.62  2.58582e-16
 7293.13  2.57453e-16
 7297.63  2.56422e-16
 7302.14  2.55513e-16
 7306.64  2.54736e-16
 7311.14  2.54087e-16
 7315.65  2.53543e-16
 7320.15  2.53072e-16
 7324.66  2.52632e-16
 7329.16  2.52179e-16
 7333.67  2.51678e-16
 7338.17  2.511e-16
 7342.68  2.50432e-16
 7347.18  2.49674e-16
 7351.69  2.48838e-16
 7356.19  2.47945e-16
 7360.7   2.47017e-16
 7365.2   2.46075e-16
 7369.71  2.45133e-16
 7374.21  2.44195e-16
 7378.72  2.43256e-16
 7383.22  2.42299e-16
 7387.72  2.41303e-16
 7392.23  2.40245e-16
 7396.73  2.39105e-16
 7401.24  2.37873e-16
 7405.74  2.36548e-16
 7410.25  2.35144e-16
 7414.75  2.3369e-16
 7419.26  2.32221e-16
 7423.76  2.30784e-16
 7428.27  2.29426e-16
 7432.77  2.28189e-16
 7437.28  2.27109e-16
 7441.78  2.26208e-16
 7446.29  2.25495e-16
 7450.79  2.24964e-16
 7455.3   2.24594e-16
 7459.8   2.24358e-16
 7464.31  2.24221e-16
 7468.81  2.24151e-16
 7473.31  2.24119e-16
 7477.82  2.24103e-16
 7482.32  2.24096e-16
 7486.83  2.24097e-16
 7491.33  2.24117e-16
 7495.84  2.24173e-16
 7500.34  2.24282e-16
 7504.85  2.24459e-16
 7509.35  2.24712e-16
 7513.86  2.25035e-16
 7518.36  2.2541e-16
 7522.87  2.25808e-16
 7527.37  2.26187e-16
 7531.88  2.26504e-16
 7536.38  2.26719e-16
 7540.89  2.268e-16
 7545.39  2.26735e-16
 7549.89  2.26532e-16
 7554.4   2.26225e-16
 7558.9   2.2587e-16
 7563.41  2.25542e-16
 7567.91  2.25322e-16
 7572.42  2.25292e-16
 7576.92  2.25515e-16
 7581.43  2.26033e-16
 7585.93  2.26852e-16
 7590.44  2.27944e-16
 7594.94  2.29246e-16
 7599.45  2.30668e-16
 7603.95  2.32104e-16
 7608.46  2.33447e-16
 7612.96  2.34602e-16
 7617.47  2.35498e-16
 7621.97  2.36097e-16
 7626.47  2.36393e-16
 7630.98  2.36413e-16
 7635.48  2.36211e-16
 7639.99  2.35853e-16
 7644.49  2.3541e-16
 7649     2.3495e-16
 7653.5   2.34523e-16
 7658.01  2.34163e-16
 7662.51  2.33884e-16
 7667.02  2.33682e-16
 7671.52  2.3354e-16
 7676.03  2.33431e-16
 7680.53  2.33321e-16
 7685.04  2.33179e-16
 7689.54  2.32971e-16
 7694.05  2.32667e-16
 7698.55  2.32239e-16
 7703.05  2.31661e-16
 7707.56  2.30909e-16
 7712.06  2.2996e-16
 7716.57  2.28796e-16
 7721.07  2.27401e-16
 7725.58  2.25767e-16
 7730.08  2.23892e-16
 7734.59  2.21781e-16
 7739.09  2.19451e-16
 7743.6   2.1692e-16
 7748.1   2.14216e-16
 7752.61  2.11365e-16
 7757.11  2.08397e-16
 7761.62  2.05336e-16
 7766.12  2.02204e-16
 7770.63  1.99017e-16
 7775.13  1.95786e-16
 7779.63  1.92518e-16
 7784.14  1.89219e-16
 7788.64  1.85895e-16
 7793.15  1.82553e-16
 7797.65  1.79203e-16
 7802.16  1.75863e-16
 7806.66  1.72553e-16
 7811.17  1.69297e-16
 7815.67  1.66125e-16
 7820.18  1.63066e-16
 7824.68  1.60152e-16
 7829.19  1.57409e-16
 7833.69  1.54862e-16
 7838.2   1.52532e-16
 7842.7   1.50433e-16
 7847.21  1.48571e-16
 7851.71  1.46947e-16
 7856.21  1.45553e-16
 7860.72  1.44375e-16
 7865.22  1.43389e-16
 7869.73  1.42568e-16
 7874.23  1.41875e-16
 7878.74  1.41273e-16
 7883.24  1.40718e-16
 7887.75  1.40171e-16
 7892.25  1.39593e-16
 7896.76  1.38953e-16
 7901.26  1.38229e-16
 7905.77  1.37408e-16
 7910.27  1.36493e-16
 7914.78  1.35495e-16
 7919.28  1.34439e-16
 7923.79  1.33356e-16
 7928.29  1.32285e-16
 7932.79  1.31265e-16
 7937.3   1.30334e-16
 7941.8   1.29526e-16
 7946.31  1.28867e-16
 7950.81  1.28377e-16
 7955.32  1.28069e-16
 7959.82  1.27946e-16
 7964.33  1.28008e-16
 7968.83  1.28248e-16
 7973.34  1.28659e-16
 7977.84  1.29227e-16
 7982.35  1.29942e-16
 7986.85  1.30787e-16
 7991.36  1.31747e-16
 7995.86  1.32805e-16
 8000.37  1.33941e-16
 8004.87  1.35135e-16
 8009.37  1.36367e-16
 8013.88  1.37615e-16
 8018.38  1.38859e-16
 8022.89  1.40084e-16
 8027.39  1.41276e-16
 8031.9   1.42426e-16
 8036.4   1.4353e-16
 8040.91  1.44588e-16
 8045.41  1.45606e-16
 8049.92  1.46591e-16
 8054.42  1.47553e-16
 8058.93  1.48499e-16
 8063.43  1.4944e-16
 8067.94  1.50377e-16
 8072.44  1.51312e-16
 8076.95  1.52239e-16
 8081.45  1.53148e-16
 8085.96  1.54027e-16
 8090.46  1.54861e-16
 8094.96  1.55636e-16
 8099.47  1.56343e-16
 8103.97  1.56978e-16
 8108.48  1.57546e-16
 8112.98  1.58063e-16
 8117.49  1.58555e-16
 8121.99  1.59056e-16
 8126.5   1.59605e-16
 8131     1.60243e-16
 8135.51  1.61009e-16
 8140.01  1.61928e-16
 8144.52  1.63016e-16
 8149.02  1.64268e-16
 8153.53  1.65665e-16
 8158.03  1.67169e-16
 8162.54  1.68731e-16
 8167.04  1.70298e-16
 8171.54  1.71819e-16
 8176.05  1.73251e-16
 8180.55  1.74571e-16
 8185.06  1.75775e-16
 8189.56  1.76882e-16
 8194.07  1.77929e-16
 8198.57  1.7897e-16
 8203.08  1.80061e-16
 8207.58  1.81258e-16
 8212.09  1.82601e-16
 8216.59  1.84112e-16
 8221.1   1.85788e-16
 8225.6   1.87603e-16
 8230.11  1.8951e-16
 8234.61  1.91447e-16
 8239.12  1.93351e-16
 8243.62  1.95162e-16
 8248.12  1.96832e-16
 8252.63  1.98335e-16
 8257.13  1.99663e-16
 8261.64  2.00832e-16
 8266.14  2.01872e-16
 8270.65  2.02824e-16
 8275.15  2.03735e-16
 8279.66  2.04647e-16
 8284.16  2.05599e-16
 8288.67  2.06616e-16
 8293.17  2.07713e-16
 8297.68  2.08894e-16
 8302.18  2.10156e-16
 8306.69  2.11486e-16
 8311.19  2.12872e-16
 8315.7   2.14296e-16
 8320.2   2.1574e-16
 8324.7   2.17186e-16
 8329.21  2.18616e-16
 8333.71  2.20011e-16
 8338.22  2.21355e-16
 8342.72  2.22634e-16
 8347.23  2.23842e-16
 8351.73  2.24977e-16
 8356.24  2.26048e-16
 8360.74  2.27074e-16
 8365.25  2.28076e-16
 8369.75  2.29083e-16
 8374.26  2.30116e-16
 8378.76  2.31191e-16
 8383.27  2.32309e-16
 8387.77  2.33454e-16
 8392.28  2.34592e-16
 8396.78  2.35677e-16
 8401.28  2.36654e-16
 8405.79  2.3747e-16
 8410.29  2.38082e-16
 8414.8   2.38465e-16
 8419.3   2.3862e-16
 8423.81  2.38571e-16
 8428.31  2.38364e-16
 8432.82  2.38062e-16
 8437.32  2.3773e-16
 8441.83  2.37428e-16
 8446.33  2.37201e-16
 8450.84  2.37074e-16
 8455.34  2.37047e-16
 8459.85  2.37102e-16
 8464.35  2.37206e-16
 8468.86  2.37324e-16
 8473.36  2.37424e-16
 8477.86  2.37485e-16
 8482.37  2.37502e-16
 8486.87  2.37487e-16
 8491.38  2.3746e-16
 8495.88  2.37445e-16
 8500.39  2.37461e-16
 8504.89  2.37512e-16
 8509.4   2.37586e-16
 8513.9   2.37652e-16
 8518.41  2.37665e-16
 8522.91  2.37574e-16
 8527.42  2.37334e-16
 8531.92  2.36914e-16
 8536.43  2.36307e-16
 8540.93  2.35532e-16
 8545.44  2.34632e-16
 8549.94  2.33668e-16
 8554.44  2.3271e-16
 8558.95  2.31819e-16
 8563.45  2.31041e-16
 8567.96  2.304e-16
 8572.46  2.29889e-16
 8576.97  2.2948e-16
 8581.47  2.29127e-16
 8585.98  2.28781e-16
 8590.48  2.28397e-16
 8594.99  2.2795e-16
 8599.49  2.27436e-16
 8604     2.26876e-16
 8608.5   2.26308e-16
 8613.01  2.25782e-16
 8617.51  2.25343e-16
 8622.02  2.25022e-16
 8626.52  2.24825e-16
 8631.02  2.24726e-16
 8635.53  2.24673e-16
 8640.03  2.24588e-16
 8644.54  2.24385e-16
 8649.04  2.23983e-16
 8653.55  2.2332e-16
 8658.05  2.22366e-16
 8662.56  2.21129e-16
 8667.06  2.19658e-16
 8671.57  2.18034e-16
 8676.07  2.16364e-16
 8680.58  2.1476e-16
 8685.08  2.13328e-16
 8689.59  2.12154e-16
 8694.09  2.11288e-16
 8698.6   2.10743e-16
 8703.1   2.10494e-16
 8707.61  2.1048e-16
 8712.11  2.10617e-16
 8716.61  2.10809e-16
 8721.12  2.10961e-16
 8725.62  2.10993e-16
 8730.13  2.10845e-16
 8734.63  2.10488e-16
 8739.14  2.09924e-16
 8743.64  2.09177e-16
 8748.15  2.08294e-16
 8752.65  2.07327e-16
 8757.16  2.06331e-16
 8761.66  2.05351e-16
 8766.17  2.04415e-16
 8770.67  2.03533e-16
 8775.18  2.027e-16
 8779.68  2.01896e-16
 8784.19  2.011e-16
 8788.69  2.00288e-16
 8793.19  1.99451e-16
 8797.7   1.9859e-16
 8802.2   1.97724e-16
 8806.71  1.96884e-16
 8811.21  1.96109e-16
 8815.72  1.95436e-16
 8820.22  1.94896e-16
 8824.73  1.94502e-16
 8829.23  1.94245e-16
 8833.74  1.94096e-16
 8838.24  1.94005e-16
 8842.75  1.93909e-16
 8847.25  1.93743e-16
 8851.76  1.93448e-16
 8856.26  1.92981e-16
 8860.77  1.92324e-16
 8865.27  1.91485e-16
 8869.77  1.90499e-16
 8874.28  1.89423e-16
 8878.78  1.88327e-16
 8883.29  1.87285e-16
 8887.79  1.86364e-16
 8892.3   1.85614e-16
 8896.8   1.85061e-16
 8901.31  1.84704e-16
 8905.81  1.84519e-16
 8910.32  1.84457e-16
 8914.82  1.84457e-16
 8919.33  1.84452e-16
 8923.83  1.84381e-16
 8928.34  1.84195e-16
 8932.84  1.83868e-16
 8937.35  1.834e-16
 8941.85  1.82817e-16
 8946.35  1.82171e-16
 8950.86  1.81532e-16
 8955.36  1.8098e-16
 8959.87  1.80594e-16
 8964.37  1.80443e-16
 8968.88  1.80572e-16
 8973.38  1.80995e-16
 8977.89  1.81689e-16
 8982.39  1.82597e-16
 8986.9   1.83628e-16
 8991.4   1.84671e-16
 8995.91  1.85606e-16
 9000.41  1.86319e-16
 9004.92  1.86715e-16
 9009.42  1.86736e-16
 9013.93  1.86365e-16
 9018.43  1.85626e-16
 9022.93  1.84589e-16
 9027.44  1.8335e-16
 9031.94  1.82026e-16
 9036.45  1.80736e-16
 9040.95  1.79585e-16
 9045.46  1.78656e-16
 9049.96  1.77995e-16
 9054.47  1.77615e-16
 9058.97  1.77492e-16
 9063.48  1.77577e-16
 9067.98  1.77801e-16
 9072.49  1.78089e-16
 9076.99  1.78367e-16
 9081.5   1.78575e-16
 9086     1.7867e-16
 9090.51  1.78627e-16
 9095.01  1.78444e-16
 9099.51  1.78133e-16
 9104.02  1.7772e-16
 9108.52  1.77241e-16
 9113.03  1.76732e-16
 9117.53  1.76232e-16
 9122.04  1.75773e-16
 9126.54  1.75385e-16
 9131.05  1.75088e-16
 9135.55  1.74895e-16
 9140.06  1.74814e-16
 9144.56  1.74844e-16
 9149.07  1.74977e-16
 9153.57  1.75202e-16
 9158.08  1.75502e-16
 9162.58  1.75859e-16
 9167.09  1.76254e-16
 9171.59  1.76667e-16
 9176.09  1.77081e-16
 9180.6   1.77479e-16
 9185.1   1.77845e-16
 9189.61  1.78162e-16
 9194.11  1.78413e-16
 9198.62  1.78578e-16
 9203.12  1.78636e-16
 9207.63  1.78564e-16
 9212.13  1.7834e-16
 9216.64  1.77946e-16
 9221.14  1.77367e-16
 9225.65  1.76597e-16
 9230.15  1.75635e-16
 9234.66  1.74487e-16
 9239.16  1.73166e-16
 9243.67  1.71689e-16
 9248.17  1.70073e-16
 9252.68  1.6834e-16
 9257.18  1.66514e-16
 9261.68  1.64619e-16
 9266.19  1.62684e-16
 9270.69  1.60742e-16
 9275.2   1.58829e-16
 9279.7   1.56984e-16
 9284.21  1.55243e-16
 9288.71  1.53642e-16
 9293.22  1.52208e-16
 9297.72  1.50958e-16
 9302.23  1.499e-16
 9306.73  1.4903e-16
 9311.24  1.48335e-16
 9315.74  1.47796e-16
 9320.25  1.47392e-16
 9324.75  1.47102e-16
 9329.26  1.46906e-16
 9333.76  1.46786e-16
 9338.26  1.46727e-16
 9342.77  1.4671e-16
 9347.27  1.46715e-16
 9351.78  1.46717e-16
 9356.28  1.46685e-16
 9360.79  1.46584e-16
 9365.29  1.4638e-16
 9369.8   1.46043e-16
 9374.3   1.45547e-16
 9378.81  1.44881e-16
 9383.31  1.44047e-16
 9387.82  1.43062e-16
 9392.32  1.41955e-16
 9396.83  1.40767e-16
 9401.33  1.39545e-16
 9405.84  1.38335e-16
 9410.34  1.37182e-16
 9414.84  1.36121e-16
 9419.35  1.35181e-16
 9423.85  1.34376e-16
 9428.36  1.33716e-16
 9432.86  1.33202e-16
 9437.37  1.32829e-16
 9441.87  1.32594e-16
 9446.38  1.32492e-16
 9450.88  1.32519e-16
 9455.39  1.32669e-16
 9459.89  1.32934e-16
 9464.4   1.33299e-16
 9468.9   1.33742e-16
 9473.41  1.34231e-16
 9477.91  1.34726e-16
 9482.42  1.35183e-16
 9486.92  1.35558e-16
 9491.42  1.35813e-16
 9495.93  1.35921e-16
 9500.43  1.3587e-16
 9504.94  1.35663e-16
 9509.44  1.35317e-16
 9513.95  1.34858e-16
 9518.45  1.34315e-16
 9522.96  1.33716e-16
 9527.46  1.33083e-16
 9531.97  1.32429e-16
 9536.47  1.31762e-16
 9540.98  1.31085e-16
 9545.48  1.30402e-16
 9549.99  1.2972e-16
 9554.49  1.29053e-16
 9559     1.28423e-16
 9563.5   1.27855e-16
 9568     1.27374e-16
 9572.51  1.26999e-16
 9577.01  1.26738e-16
 9581.52  1.26588e-16
 9586.02  1.26531e-16
 9590.53  1.26543e-16
 9595.03  1.26591e-16
 9599.54  1.26648e-16
 9604.04  1.26694e-16
 9608.55  1.26721e-16
 9613.05  1.26732e-16
 9617.56  1.26744e-16
 9622.06  1.26774e-16
 9626.57  1.26842e-16
 9631.07  1.26959e-16
 9635.58  1.27126e-16
 9640.08  1.27331e-16
 9644.58  1.27553e-16
 9649.09  1.27764e-16
 9653.59  1.27939e-16
 9658.1   1.28056e-16
 9662.6   1.28104e-16
 9667.11  1.28085e-16
 9671.61  1.2801e-16
 9676.12  1.27897e-16
 9680.62  1.27768e-16
 9685.13  1.27644e-16
 9689.63  1.27543e-16
 9694.14  1.27479e-16
 9698.64  1.27461e-16
 9703.15  1.27498e-16
 9707.65  1.276e-16
 9712.16  1.27775e-16
 9716.66  1.28033e-16
 9721.16  1.28378e-16
 9725.67  1.28808e-16
 9730.17  1.29307e-16
 9734.68  1.29849e-16
 9739.18  1.30391e-16
 9743.69  1.30887e-16
 9748.19  1.31292e-16
 9752.7   1.31569e-16
 9757.2   1.31706e-16
 9761.71  1.31717e-16
 9766.21  1.31646e-16
 9770.72  1.31563e-16
 9775.22  1.31556e-16
 9779.73  1.3171e-16
 9784.23  1.32094e-16
 9788.74  1.32745e-16
 9793.24  1.33653e-16
 9797.74  1.34758e-16
 9802.25  1.35957e-16
 9806.75  1.37113e-16
 9811.26  1.38081e-16
 9815.76  1.38726e-16
 9820.27  1.38954e-16
 9824.77  1.38726e-16
 9829.28  1.38071e-16
 9833.78  1.37084e-16
 9838.29  1.35916e-16
 9842.79  1.34751e-16
 9847.3   1.33773e-16
 9851.8   1.33146e-16
 9856.31  1.32977e-16
 9860.81  1.33304e-16
 9865.32  1.34085e-16
 9869.82  1.35209e-16
 9874.33  1.3651e-16
 9878.83  1.37797e-16
 9883.33  1.38885e-16
 9887.84  1.3963e-16
 9892.34  1.39947e-16
 9896.85  1.39829e-16
 9901.35  1.39344e-16
 9905.86  1.38623e-16
 9910.36  1.37835e-16
 9914.87  1.37156e-16
 9919.37  1.3674e-16
 9923.88  1.36686e-16
 9928.38  1.37027e-16
 9932.89  1.37721e-16
 9937.39  1.38664e-16
 9941.9   1.39702e-16
 9946.4   1.40669e-16
 9950.91  1.41406e-16
 9955.41  1.41798e-16
 9959.91  1.41787e-16
 9964.42  1.41381e-16
 9968.92  1.40653e-16
 9973.43  1.39724e-16
 9977.93  1.38743e-16
 9982.44  1.3786e-16
 9986.94  1.37201e-16
 9991.45  1.36852e-16
 9995.95  1.36847e-16
10000.5   1.37167e-16
10005     1.37747e-16
10009.5   1.38494e-16
10014     1.393e-16
10018.5   1.40061e-16
10023     1.40695e-16
10027.5   1.41147e-16
10032     1.41392e-16
10036.5   1.41437e-16
10041     1.41307e-16
10045.5   1.41043e-16
10050     1.40687e-16
10054.5   1.40281e-16
10059     1.39857e-16
10063.5   1.39438e-16
10068     1.3904e-16
10072.5   1.38674e-16
10077     1.38346e-16
10081.5   1.38062e-16
10086     1.37829e-16
10090.6   1.37651e-16
10095.1   1.37531e-16
10099.6   1.3747e-16
10104.1   1.37462e-16
10108.6   1.37499e-16
10113.1   1.37567e-16
10117.6   1.37653e-16
10122.1   1.37743e-16
10126.6   1.37827e-16
10131.1   1.37897e-16
10135.6   1.3795e-16
10140.1   1.37987e-16
10144.6   1.3801e-16
10149.1   1.38023e-16
10153.6   1.38029e-16
10158.1   1.38032e-16
10162.6   1.38033e-16
10167.1   1.38033e-16
10171.6   1.38033e-16
10176.1   1.38033e-16
10180.6   1.38033e-16
10185.2   1.38033e-16