3000  2.66094e-15
3010  1.67011e-15
3020  2.0478e-15
3030  2.83505e-15
3040  2.16451e-15
3050  1.90432e-15
3060  2.21256e-15
3070  1.94766e-15
3080  3.78867e-15
3090  3.63194e-15
3100  3.40189e-15
3110  3.6893e-15
3120  3.83278e-15
3130  3.84342e-15
3140  3.911e-15
3150  4.03758e-15
3160  4.467e-15
3170  4.90359e-15
3180  5.04256e-15
3190  5.07653e-15
3200  5.22593e-15
3210  5.10047e-15
3220  4.59241e-15
3230  4.35677e-15
3240  6.31666e-15
3250  5.52363e-15
3260  5.38015e-15
3270  4.99662e-15
3280  4.71459e-15
3290  5.26801e-15
3300  5.48121e-15
3310  5.31116e-15
3320  5.60926e-15
3330  6.64849e-15
3340  7.05444e-15
3350  7.55229e-15
3360  8.03206e-15
3370  7.77072e-15
3380  7.39533e-15
3390  6.70282e-15
3400  6.98994e-15
3410  7.34243e-15
3420  8.21783e-15
3430  7.77303e-15
3440  7.64643e-15
3450  7.44791e-15
3460  7.94716e-15
3470  8.48471e-15
3480  7.99568e-15
3490  8.19347e-15
3500  8.37155e-15
3510  8.75177e-15
3520  9.64192e-15
3530  1.04158e-14
3540  1.13256e-14
3550  1.15885e-14
3560  1.17689e-14
3570  1.22834e-14
3580  1.2951e-14
3590  1.31352e-14
3600  1.39565e-14
3610  1.42984e-14
3620  1.40428e-14
3630  1.30289e-14
3640  1.28825e-14
3650  1.31743e-14
3660  1.37911e-14
3670  1.46221e-14
3680  1.50356e-14
3690  1.62891e-14
3700  1.82397e-14
3710  1.82214e-14
3720  1.73744e-14
3730  1.70552e-14
3740  1.73781e-14
3750  1.79826e-14
3760  1.88754e-14
3770  1.98546e-14
3780  1.97123e-14
3790  1.78306e-14
3800  1.64646e-14
3810  1.54388e-14
3820  1.42527e-14
3830  1.29624e-14
3840  1.25464e-14
3850  1.30914e-14
3860  1.42616e-14
3870  1.52317e-14
3880  1.61881e-14
3890  1.65969e-14
3900  1.65148e-14
3910  1.67319e-14
3920  1.65924e-14
3930  1.66498e-14
3940  1.75285e-14
3950  1.83508e-14
3960  1.87192e-14
3970  1.84274e-14
3980  1.7966e-14
3990  1.74491e-14
4000  1.7204e-14
4010  1.6048e-14
4020  1.52641e-14
4030  1.49104e-14
4040  1.50618e-14
4050  1.62178e-14
4060  1.72229e-14
4070  1.78753e-14
4080  1.77584e-14
4090  1.69055e-14
4100  1.6474e-14
4110  1.61134e-14
4120  1.55696e-14
4130  1.49196e-14
4140  1.49931e-14
4150  1.54302e-14
4160  1.62712e-14
4170  1.6981e-14
4180  1.76769e-14
4190  1.76619e-14
4200  1.69611e-14
4210  1.63974e-14
4220  1.60699e-14
4230  1.56199e-14
4240  1.51405e-14
4250  1.4725e-14
4260  1.41856e-14
4270  1.39311e-14
4280  1.36195e-14
4290  1.33242e-14
4300  1.35968e-14
4310  1.37572e-14
4320  1.37214e-14
4330  1.37882e-14
4340  1.39003e-14
4350  1.35524e-14
4360  1.33761e-14
4370  1.3237e-14
4380  1.34061e-14
4390  1.3e-14
4400  1.26032e-14
4410  1.20548e-14
4420  1.18799e-14
4430  1.21113e-14
4440  1.23556e-14
4450  1.24352e-14
4460  1.29354e-14
4470  1.32948e-14
4480  1.40866e-14
4490  1.42234e-14
4500  1.42072e-14
4510  1.44041e-14
4520  1.48164e-14
4530  1.51404e-14
4540  1.56355e-14
4550  1.58575e-14
4560  1.6699e-14
4570  1.70475e-14
4580  1.71113e-14
4590  1.79422e-14
4600  1.84037e-14
4610  1.86673e-14
4620  1.85654e-14
4630  1.8712e-14
4640  1.87495e-14
4650  1.78557e-14
4660  1.69274e-14
4670  1.5862e-14
4680  1.50642e-14
4690  1.44028e-14
4700  1.41129e-14
4710  1.42832e-14
4720  1.45726e-14
4730  1.47382e-14
4740  1.41727e-14
4750  1.37341e-14
4760  1.31567e-14
4770  1.2672e-14
4780  1.24502e-14
4790  1.24414e-14
4800  1.23279e-14
4810  1.25631e-14
4820  1.31366e-14
4830  1.29562e-14
4840  1.24257e-14
4850  1.21012e-14
4860  1.16311e-14
4870  1.13447e-14
4880  1.12013e-14
4890  1.14777e-14
4900  1.17157e-14
4910  1.15391e-14
4920  1.14251e-14
4930  1.13851e-14
4940  1.11846e-14
4950  1.08224e-14
4960  1.06534e-14
4970  1.04619e-14
4980  1.01933e-14
4990  9.92341e-15
5000  9.99377e-15
5010  1.00328e-14
5020  1.0127e-14
5030  1.01744e-14
5040  1.03267e-14
5050  1.06409e-14
5060  1.06074e-14
5070  1.07719e-14
5080  1.09786e-14
5090  1.11341e-14
5100  1.13012e-14
5110  1.15961e-14
5120  1.17141e-14
5130  1.16573e-14
5140  1.1828e-14
5150  1.19529e-14
5160  1.20685e-14
5170  1.22785e-14
5180  1.2447e-14
5190  1.32107e-14
5200  1.30181e-14
5210  1.2899e-14
5220  1.30542e-14
5230  1.33326e-14
5240  1.33447e-14
5250  1.33254e-14
5260  1.29582e-14
5270  1.27098e-14
5280  1.23463e-14
5290  1.23146e-14
5300  1.20376e-14
5310  1.15549e-14
5320  1.14875e-14
5330  1.12536e-14
5340  1.11296e-14
5350  1.15862e-14
5360  1.15965e-14
5370  1.15877e-14
5380  1.17952e-14
5390  1.18329e-14
5400  1.16434e-14
5410  1.16187e-14
5420  1.15808e-14
5430  1.15443e-14
5440  1.14684e-14
5450  1.10451e-14
5460  1.09316e-14
5470  1.0633e-14
5480  9.84831e-15
5490  1.00534e-14
5500  1.04666e-14
5510  1.06905e-14
5520  1.09055e-14
5530  1.10052e-14
5540  1.09413e-14
5550  1.11831e-14
5560  1.1278e-14
5570  1.13586e-14
5580  1.13629e-14
5590  1.12955e-14
5600  1.10644e-14
5610  1.08819e-14
5620  1.08111e-14
5630  1.07486e-14
5640  1.04358e-14
5650  1.02339e-14
5660  1.01987e-14
5670  1.01108e-14
5680  1.01564e-14
5690  1.01474e-14
5700  9.98341e-15
5710  9.77725e-15
5720  9.71017e-15
5730  9.78759e-15
5740  9.62309e-15
5750  9.43379e-15
5760  9.268e-15
5770  9.26809e-15
5780  9.33331e-15
5790  9.46336e-15
5800  9.63073e-15
5810  9.69312e-15
5820  9.87756e-15
5830  1.01434e-14
5840  1.01204e-14
5850  1.01239e-14
5860  1.03366e-14
5870  1.03202e-14
5880  1.01387e-14
5890  1.00603e-14
5900  9.91153e-15
5910  9.915e-15
5920  9.80231e-15
5930  9.44669e-15
5940  9.251e-15
5950  9.27867e-15
5960  9.09844e-15
5970  8.99155e-15
5980  9.1095e-15
5990  9.14012e-15
6000  8.89903e-15
6010  8.79604e-15
6020  8.71449e-15
6030  8.45506e-15
6040  8.43427e-15
6050  8.58895e-15
6060  8.50552e-15
6070  8.5139e-15
6080  8.51303e-15
6090  8.52949e-15
6100  8.34554e-15
6110  7.99057e-15
6120  7.53954e-15
6130  6.91808e-15
6140  6.64713e-15
6150  6.53822e-15
6160  6.31281e-15
6170  6.21432e-15
6180  6.26713e-15
6190  6.45407e-15
6200  6.69349e-15
6210  6.73989e-15
6220  6.86259e-15
6230  7.08494e-15
6240  7.18632e-15
6250  7.34904e-15
6260  7.48568e-15
6270  7.45601e-15
6280  7.577e-15
6290  7.59671e-15
6300  7.52988e-15
6310  7.60089e-15
6320  7.5771e-15
6330  7.62694e-15
6340  7.52053e-15
6350  7.41696e-15
6360  7.63225e-15
6370  7.57543e-15
6380  7.51388e-15
6390  7.43174e-15
6400  7.20998e-15
6410  7.3739e-15
6420  7.42972e-15
6430  7.34182e-15
6440  7.40696e-15
6450  7.44028e-15
6460  7.56907e-15
6470  7.67232e-15
6480  7.5401e-15
6490  7.49579e-15
6500  7.31695e-15
6510  7.48429e-15
6520  7.6181e-15
6530  7.48955e-15
6540  7.51942e-15
6550  7.34033e-15
6560  7.3672e-15
6570  7.21762e-15
6580  7.01324e-15
6590  6.87309e-15
6600  6.89485e-15
6610  6.85376e-15
6620  6.59641e-15
6630  6.43721e-15
6640  6.56012e-15
6650  6.44229e-15
6660  6.27957e-15
6670  6.2508e-15
6680  6.27332e-15
6690  6.16461e-15
6700  5.88999e-15
6710  6.11093e-15
6720  6.29496e-15
6730  5.95606e-15
6740  5.63843e-15
6750  5.92111e-15
6760  5.72824e-15
6770  5.36653e-15
6780  5.45353e-15
6790  5.62129e-15
6800  5.51645e-15
6810  5.19968e-15
6820  5.37666e-15
6830  5.3634e-15
6840  5.18349e-15
6850  5.04079e-15
6860  5.07236e-15
6870  5.25443e-15
6880  5.22375e-15
6890  5.13789e-15
6900  5.10297e-15
6910  3.36838e-15
6920  3.37955e-15
6930  3.39769e-15
6940  3.33412e-15
6950  3.32994e-15
6960  3.36792e-15
6970  3.28787e-15
6980  3.16448e-15
6990  3.25013e-15
7000  3.38756e-15
7010  3.31195e-15
7020  3.17415e-15
7030  3.16466e-15
7040  3.1997e-15
7050  3.25863e-15
7060  3.27867e-15
7070  3.12933e-15
7080  2.87638e-15
7090  2.88894e-15
7100  3.06119e-15
7110  3.04527e-15
7120  3.05709e-15
7130  3.10138e-15
7140  3.02612e-15
7150  3.01107e-15
7160  3.07324e-15
7170  3.16402e-15
7180  3.22291e-15
7190  2.96188e-15
7200  2.8846e-15
7210  3.19842e-15
7220  3.07801e-15
7230  2.79015e-15
7240  2.87593e-15
7250  2.93871e-15
7260  2.90401e-15
7270  2.8473e-15
7280  2.72828e-15
7290  2.7697e-15
7300  2.92361e-15
7310  2.97687e-15
7320  2.69125e-15
7330  2.45971e-15
7340  2.80701e-15
7350  2.92139e-15
7360  2.53384e-15
7370  2.46822e-15
7380  2.63657e-15
7390  2.68803e-15
7400  2.62965e-15
7410  2.41254e-15
7420  2.27864e-15
7430  2.56531e-15
7440  2.82141e-15
7450  2.48207e-15
7460  2.34241e-15
7470  2.57724e-15
7480  2.49572e-15
7490  2.28399e-15
7500  2.13803e-15
7510  2.12222e-15
7520  2.32979e-15
7530  2.3985e-15
7540  2.19127e-15
7550  2.13097e-15
7560  2.31961e-15
7570  2.23061e-15
7580  2.12391e-15
7590  2.29151e-15
7600  2.17904e-15
7610  2.14008e-15
7620  2.33149e-15
7630  2.26317e-15
7640  2.31086e-15
7650  2.29234e-15
7660  2.09348e-15
7670  2.17546e-15
7680  2.28843e-15
7690  2.26676e-15
7700  2.37812e-15
7710  2.6691e-15
7720  2.61918e-15
7730  2.52065e-15
7740  2.57834e-15
7750  2.38436e-15
7760  2.25202e-15
7770  2.25397e-15
7780  2.24373e-15
7790  1.03807e-15
7800  1.0663e-15
7810  1.06205e-15
7820  1.03673e-15
7830  1.0385e-15
7840  1.08567e-15
7850  1.10386e-15
7860  1.06941e-15
7870  1.06994e-15
7880  1.08739e-15
7890  1.05678e-15
7900  1.04849e-15
7910  1.0855e-15
7920  1.07295e-15
7930  1.02743e-15
7940  1.04339e-15
7950  1.08758e-15
7960  1.08119e-15
7970  1.03802e-15
7980  1.01062e-15
7990  1.01583e-15
8000  1.01251e-15
8010  9.76522e-16
8020  9.75593e-16
8030  1.02959e-15
8040  1.04452e-15
8050  1.00824e-15
8060  1.00059e-15
8070  1.01537e-15
8080  1.01283e-15
8090  9.95814e-16
8100  9.62723e-16
8110  9.53251e-16
8120  1.00221e-15
8130  1.03678e-15
8140  1.02661e-15
8150  1.04824e-15
8160  1.09556e-15
8170  1.10198e-15
8180  1.07291e-15
8190  1.01969e-15
8200  9.88357e-16
8210  1.05265e-15
8220  1.10147e-15
8230  1.00146e-15
8240  8.64292e-16
8250  8.22512e-16
8260  8.47568e-16
8270  8.72753e-16
8280  8.81555e-16
8290  8.96981e-16
8300  9.09909e-16
8310  8.89405e-16
8320  8.88442e-16
8330  9.34804e-16
8340  9.318e-16
8350  8.59657e-16
8360  8.2542e-16
8370  8.68677e-16
8380  9.13005e-16
8390  8.86472e-16
8400  8.50589e-16
8410  9.03845e-16
8420  9.79173e-16
8430  9.7673e-16
8440  9.61411e-16
8450  9.96763e-16
8460  1.01584e-15
8470  9.77872e-16
8480  9.36599e-16
8490  9.45283e-16
8500  9.91941e-16
8510  1.00861e-15
8520  9.69741e-16
8530  9.56409e-16
8540  9.99439e-16
8550  1.00733e-15
8560  9.74717e-16
8570  9.85192e-16
8580  1.01352e-15
8590  1.0051e-15
8600  9.98764e-16
8610  1.00158e-15
8620  9.73418e-16
8630  9.58131e-16
8640  1.00244e-15
8650  1.05194e-15
8660  1.0479e-15
8670  1.02879e-15
8680  1.07057e-15
8690  1.11476e-15
8700  1.05402e-15
8710  9.86829e-16
8720  1.02677e-15
8730  1.05445e-15
8740  1.00047e-15
8750  9.66377e-16
8760  9.55844e-16
8770  9.29316e-16
8780  9.33174e-16
8790  9.41772e-16
8800  9.12037e-16
8810  9.48895e-16
8820  1.05138e-15
8830  9.98845e-16
8840  8.28298e-16
8850  8.49641e-16
8860  1.00509e-15
8870  9.74117e-16
8880  8.27856e-16
8890  8.06417e-16
8900  8.32701e-16
8910  7.8279e-16
8920  7.2097e-16
8930  7.20371e-16
8940  7.74042e-16
8950  8.11173e-16
8960  7.78591e-16
8970  7.09607e-16
8980  6.71776e-16
8990  6.97907e-16
9000  7.4888e-16
9010  7.72635e-16
9020  7.75611e-16