3344.06  2.1347e-16
3345.47  2.46669e-16
3346.88  2.76275e-16
3348.29  2.9947e-16
3349.7   3.14092e-16
3351.11  3.18943e-16
3352.53  3.13981e-16
3353.94  3.00335e-16
3355.35  2.80159e-16
3356.76  2.56327e-16
3358.17  2.32032e-16
3359.58  2.10338e-16
3360.99  1.93755e-16
3362.41  1.83923e-16
3363.82  1.81428e-16
3365.23  1.85793e-16
3366.64  1.95637e-16
3368.05  2.08963e-16
3369.46  2.23528e-16
3370.87  2.37219e-16
3372.28  2.48376e-16
3373.7   2.56002e-16
3375.11  2.59839e-16
3376.52  2.603e-16
3377.93  2.58294e-16
3379.34  2.54988e-16
3380.75  2.51558e-16
3382.16  2.48997e-16
3383.58  2.47999e-16
3384.99  2.48946e-16
3386.4   2.51972e-16
3387.81  2.57073e-16
3389.22  2.64208e-16
3390.63  2.73353e-16
3392.04  2.84473e-16
3393.46  2.9742e-16
3394.87  3.11775e-16
3396.28  3.26705e-16
3397.69  3.40881e-16
3399.1   3.52519e-16
3400.51  3.59562e-16
3401.92  3.60002e-16
3403.33  3.52283e-16
3404.75  3.35704e-16
3406.16  3.10742e-16
3407.57  2.79185e-16
3408.98  2.44047e-16
3410.39  2.0923e-16
3411.8   1.78985e-16
3413.21  1.57248e-16
3414.63  1.46969e-16
3416.04  1.49566e-16
3417.45  1.64598e-16
3418.86  1.89743e-16
3420.27  2.211e-16
3421.68  2.53764e-16
3423.09  2.8259e-16
3424.51  3.03018e-16
3425.92  3.11814e-16
3427.33  3.07601e-16
3428.74  2.91089e-16
3430.15  2.64974e-16
3431.56  2.33516e-16
3432.97  2.01886e-16
3434.38  1.7537e-16
3435.8   1.5858e-16
3437.21  1.54775e-16
3438.62  1.65395e-16
3440.03  1.89859e-16
3441.44  2.25656e-16
3442.85  2.6868e-16
3444.26  3.13788e-16
3445.68  3.55467e-16
3447.09  3.88552e-16
3448.5   4.08893e-16
3449.91  4.13882e-16
3451.32  4.02796e-16
3452.73  3.76894e-16
3454.14  3.39256e-16
3455.56  2.9439e-16
3456.97  2.47647e-16
3458.38  2.04517e-16
3459.79  1.69917e-16
3461.2   1.47559e-16
3462.61  1.39488e-16
3464.02  1.45868e-16
3465.43  1.65023e-16
3466.85  1.93739e-16
3468.26  2.27774e-16
3469.67  2.62494e-16
3471.08  2.93538e-16
3472.49  3.17426e-16
3473.9   3.3201e-16
3475.31  3.36718e-16
3476.73  3.32543e-16
3478.14  3.21797e-16
3479.55  3.0766e-16
3480.96  2.93599e-16
3482.37  2.82756e-16
3483.78  2.77401e-16
3485.19  2.78539e-16
3486.61  2.85758e-16
3488.02  2.97318e-16
3489.43  3.10496e-16
3490.84  3.2209e-16
3492.25  3.29024e-16
3493.66  3.28912e-16
3495.07  3.20495e-16
3496.48  3.03865e-16
3497.9   2.80443e-16
3499.31  2.52733e-16
3500.72  2.23891e-16
3502.13  1.97211e-16
3503.54  1.75629e-16
3504.95  1.61311e-16
3506.36  1.55414e-16
3507.78  1.58012e-16
3509.19  1.68211e-16
3510.6   1.84379e-16
3512.01  2.04459e-16
3513.42  2.26299e-16
3514.83  2.47938e-16
3516.24  2.67837e-16
3517.65  2.85015e-16
3519.07  2.99112e-16
3520.48  3.1036e-16
3521.89  3.195e-16
3523.3   3.27647e-16
3524.71  3.36116e-16
3526.12  3.46225e-16
3527.53  3.59102e-16
3528.95  3.75499e-16
3530.36  3.95648e-16
3531.77  4.19178e-16
3533.18  4.45109e-16
3534.59  4.71941e-16
3536     4.97806e-16
3537.41  5.20702e-16
3538.83  5.3874e-16
3540.24  5.50385e-16
3541.65  5.54646e-16
3543.06  5.51181e-16
3544.47  5.40308e-16
3545.88  5.22922e-16
3547.29  5.00329e-16
3548.7   4.74054e-16
3550.12  4.45633e-16
3551.53  4.16449e-16
3552.94  3.87626e-16
3554.35  3.59997e-16
3555.76  3.34141e-16
3557.17  3.10469e-16
3558.58  2.89332e-16
3560     2.71112e-16
3561.41  2.56279e-16
3562.82  2.45386e-16
3564.23  2.38995e-16
3565.64  2.37565e-16
3567.05  2.41294e-16
3568.46  2.49984e-16
3569.88  2.62933e-16
3571.29  2.78909e-16
3572.7   2.96216e-16
3574.11  3.12856e-16
3575.52  3.26781e-16
3576.93  3.36198e-16
3578.34  3.39882e-16
3579.75  3.37445e-16
3581.17  3.29505e-16
3582.58  3.17709e-16
3583.99  3.04595e-16
3585.4   2.93279e-16
3586.81  2.87017e-16
3588.22  2.88686e-16
3589.63  3.00278e-16
3591.05  3.22475e-16
3592.46  3.54415e-16
3593.87  3.93665e-16
3595.28  4.36462e-16
3596.69  4.7816e-16
3598.1   5.13848e-16
3599.51  5.39033e-16
3600.93  5.50291e-16
3602.34  5.45759e-16
3603.75  5.2543e-16
3605.16  4.91164e-16
3606.57  4.46442e-16
3607.98  3.95903e-16
3609.39  3.44729e-16
3610.8   2.97973e-16
3612.22  2.59944e-16
3613.63  2.33708e-16
3615.04  2.20787e-16
3616.45  2.21071e-16
3617.86  2.32939e-16
3619.27  2.53562e-16
3620.68  2.79331e-16
3622.1   3.06341e-16
3623.51  3.30875e-16
3624.92  3.49821e-16
3626.33  3.60984e-16
3627.74  3.63261e-16
3629.15  3.56674e-16
3630.56  3.42265e-16
3631.98  3.21888e-16
3633.39  2.9792e-16
3634.8   2.72943e-16
3636.21  2.49436e-16
3637.62  2.29513e-16
3639.03  2.14746e-16
3640.44  2.0607e-16
3641.85  2.03779e-16
3643.27  2.07609e-16
3644.68  2.16865e-16
3646.09  2.30584e-16
3647.5   2.47686e-16
3648.91  2.67111e-16
3650.32  2.87902e-16
3651.73  3.09251e-16
3653.15  3.30499e-16
3654.56  3.51099e-16
3655.97  3.70584e-16
3657.38  3.88524e-16
3658.79  4.04524e-16
3660.2   4.18237e-16
3661.61  4.29412e-16
3663.02  4.37946e-16
3664.44  4.43931e-16
3665.85  4.47666e-16
3667.26  4.49622e-16
3668.67  4.50363e-16
3670.08  4.50427e-16
3671.49  4.50204e-16
3672.9   4.49823e-16
3674.32  4.49104e-16
3675.73  4.47576e-16
3677.14  4.44581e-16
3678.55  4.39432e-16
3679.96  4.31609e-16
3681.37  4.20948e-16
3682.78  4.07758e-16
3684.2   3.92866e-16
3685.61  3.77536e-16
3687.02  3.633e-16
3688.43  3.51711e-16
3689.84  3.44072e-16
3691.25  3.41198e-16
3692.66  3.43253e-16
3694.07  3.49701e-16
3695.49  3.59381e-16
3696.9   3.70697e-16
3698.31  3.81886e-16
3699.72  3.91309e-16
3701.13  3.97718e-16
3702.54  4.00446e-16
3703.95  3.99476e-16
3705.37  3.95392e-16
3706.78  3.89206e-16
3708.19  3.82102e-16
3709.6   3.75156e-16
3711.01  3.69065e-16
3712.42  3.63976e-16
3713.83  3.59424e-16
3715.25  3.54423e-16
3716.66  3.47677e-16
3718.07  3.37895e-16
3719.48  3.24136e-16
3720.89  3.0611e-16
3722.3   2.84382e-16
3723.71  2.60404e-16
3725.12  2.36377e-16
3726.54  2.14936e-16
3727.95  1.98723e-16
3729.36  1.89913e-16
3730.77  1.89798e-16
3732.18  1.98494e-16
3733.59  2.14857e-16
3735     2.36617e-16
3736.42  2.60719e-16
3737.83  2.83816e-16
3739.24  3.02819e-16
3740.65  3.15415e-16
3742.06  3.20441e-16
3743.47  3.18069e-16
3744.88  3.09741e-16
3746.3   2.97902e-16
3747.71  2.85556e-16
3749.12  2.75746e-16
3750.53  2.71043e-16
3751.94  2.73133e-16
3753.35  2.82579e-16
3754.76  2.98761e-16
3756.17  3.20026e-16
3757.59  3.43982e-16
3759     3.67892e-16
3760.41  3.8909e-16
3761.82  4.05354e-16
3763.23  4.1519e-16
3764.64  4.17976e-16
3766.05  4.13971e-16
3767.47  4.04198e-16
3768.88  3.90237e-16
3770.29  3.73949e-16
3771.7   3.57201e-16
3773.11  3.4161e-16
3774.52  3.28348e-16
3775.93  3.18023e-16
3777.35  3.10653e-16
3778.76  3.0573e-16
3780.17  3.02355e-16
3781.58  2.99436e-16
3782.99  2.95913e-16
3784.4   2.90979e-16
3785.81  2.84255e-16
3787.22  2.75904e-16
3788.64  2.66633e-16
3790.05  2.57598e-16
3791.46  2.50209e-16
3792.87  2.45853e-16
3794.28  2.45606e-16
3795.69  2.49956e-16
3797.1   2.58623e-16
3798.52  2.70507e-16
3799.93  2.8379e-16
3801.34  2.96203e-16
3802.75  3.05402e-16
3804.16  3.09405e-16
3805.57  3.07004e-16
3806.98  2.9806e-16
3808.39  2.83616e-16
3809.81  2.65793e-16
3811.22  2.47466e-16
3812.63  2.31768e-16
3814.04  2.21512e-16
3815.45  2.1863e-16
3816.86  2.23748e-16
3818.27  2.35972e-16
3819.69  2.52956e-16
3821.1   2.71233e-16
3822.51  2.86785e-16
3823.92  2.95739e-16
3825.33  2.95079e-16
3826.74  2.83248e-16
3828.15  2.60525e-16
3829.57  2.29098e-16
3830.98  1.92815e-16
3832.39  1.56648e-16
3833.8   1.25939e-16
3835.21  1.05577e-16
3836.62  9.92151e-17
3838.03  1.08689e-16
3839.44  1.33711e-16
3840.86  1.71906e-16
3842.27  2.19169e-16
3843.68  2.70287e-16
3845.09  3.19705e-16
3846.5   3.62316e-16
3847.91  3.9414e-16
3849.32  4.12782e-16
3850.74  4.17633e-16
3852.15  4.09777e-16
3853.56  3.91674e-16
3854.97  3.6668e-16
3856.38  3.38518e-16
3857.79  3.10783e-16
3859.2   2.86557e-16
3860.62  2.68187e-16
3862.03  2.572e-16
3863.44  2.54348e-16
3864.85  2.59721e-16
3866.26  2.72875e-16
3867.67  2.92943e-16
3869.08  3.18699e-16
3870.49  3.48585e-16
3871.91  3.80739e-16
3873.32  4.1304e-16
3874.73  4.43225e-16
3876.14  4.69067e-16
3877.55  4.88621e-16
3878.96  5.00491e-16
3880.37  5.04071e-16
3881.79  4.99699e-16
3883.2   4.8867e-16
3884.61  4.73111e-16
3886.02  4.55691e-16
3887.43  4.39245e-16
3888.84  4.2635e-16
3890.25  4.1894e-16
3891.67  4.18031e-16
3893.08  4.23601e-16
3894.49  4.3464e-16
3895.9   4.4937e-16
3897.31  4.65582e-16
3898.72  4.8102e-16
3900.13  4.93765e-16
3901.54  5.02521e-16
3902.96  5.06789e-16
3904.37  5.06878e-16
3905.78  5.03775e-16
3907.19  4.989e-16
3908.6   4.93791e-16
3910.01  4.89783e-16
3911.42  4.87741e-16
3912.84  4.8789e-16
3914.25  4.89772e-16
3915.66  4.92343e-16
3917.07  4.94178e-16
3918.48  4.9376e-16
3919.89  4.89783e-16
3921.3   4.81424e-16
3922.72  4.68524e-16
3924.13  4.5165e-16
3925.54  4.32029e-16
3926.95  4.11364e-16
3928.36  3.91572e-16
3929.77  3.74495e-16
3931.18  3.61638e-16
3932.59  3.53982e-16
3934.01  3.51898e-16
3935.42  3.55174e-16
3936.83  3.63133e-16
3938.24  3.74821e-16
3939.65  3.89207e-16
3941.06  4.0536e-16
3942.47  4.22562e-16
3943.89  4.40339e-16
3945.3   4.58407e-16
3946.71  4.76552e-16
3948.12  4.94473e-16
3949.53  5.11639e-16
3950.94  5.27194e-16
3952.35  5.39945e-16
3953.77  5.48438e-16
3955.18  5.51141e-16
3956.59  5.46687e-16
3958     5.34148e-16
3959.41  5.13304e-16
3960.82  4.84835e-16
3962.23  4.50425e-16
3963.64  4.12725e-16
3965.06  3.75175e-16
3966.47  3.41705e-16
3967.88  3.16316e-16
3969.29  3.02615e-16
3970.7   3.03338e-16
3972.11  3.19941e-16
3973.52  3.52303e-16
3974.94  3.98613e-16
3976.35  4.5546e-16
3977.76  5.18143e-16
3979.17  5.81167e-16
3980.58  6.38882e-16
3981.99  6.86166e-16
3983.4   7.19075e-16
3984.81  7.35345e-16
3986.23  7.34668e-16
3987.64  7.18701e-16
3989.05  6.90795e-16
3990.46  6.55477e-16
3991.87  6.17788e-16
3993.28  5.82548e-16
3994.69  5.53704e-16
3996.11  5.33839e-16
3997.52  5.23925e-16
3998.93  5.23362e-16
4000.34  5.30266e-16
4001.75  5.41961e-16
4003.16  5.55561e-16
4004.57  5.68539e-16
4005.99  5.79183e-16
4007.4   5.86834e-16
4008.81  5.91896e-16
4010.22  5.95607e-16
4011.63  5.99641e-16
4013.04  6.05614e-16
4014.45  6.14615e-16
4015.86  6.26853e-16
4017.28  6.41496e-16
4018.69  6.56731e-16
4020.1   6.70053e-16
4021.51  6.78703e-16
4022.92  6.80184e-16
4024.33  6.72761e-16
4025.74  6.55827e-16
4027.16  6.30095e-16
4028.57  5.97554e-16
4029.98  5.61216e-16
4031.39  5.24691e-16
4032.8   4.91677e-16
4034.21  4.65442e-16
4035.62  4.48398e-16
4037.04  4.4182e-16
4038.45  4.45757e-16
4039.86  4.59124e-16
4041.27  4.79957e-16
4042.68  5.05759e-16
4044.09  5.33877e-16
4045.5   5.61844e-16
4046.91  5.87633e-16
4048.33  6.09794e-16
4049.74  6.27475e-16
4051.15  6.40338e-16
4052.56  6.48423e-16
4053.97  6.51991e-16
4055.38  6.51389e-16
4056.79  6.46971e-16
4058.21  6.39076e-16
4059.62  6.28063e-16
4061.03  6.14373e-16
4062.44  5.986e-16
4063.85  5.81524e-16
4065.26  5.64108e-16
4066.67  5.47433e-16
4068.09  5.32596e-16
4069.5   5.20582e-16
4070.91  5.12145e-16
4072.32  5.07727e-16
4073.73  5.07427e-16
4075.14  5.11034e-16
4076.55  5.18108e-16
4077.96  5.28087e-16
4079.38  5.4039e-16
4080.79  5.54497e-16
4082.2   5.69967e-16
4083.61  5.86412e-16
4085.02  6.03431e-16
4086.43  6.20521e-16
4087.84  6.37017e-16
4089.26  6.52074e-16
4090.67  6.64718e-16
4092.08  6.7396e-16
4093.49  6.78967e-16
4094.9   6.79244e-16
4096.31  6.74789e-16
4097.72  6.66186e-16
4099.14  6.54595e-16
4100.55  6.41627e-16
4101.96  6.29133e-16
4103.37  6.18909e-16
4104.78  6.12402e-16
4106.19  6.10445e-16
4107.6   6.13102e-16
4109.01  6.19633e-16
4110.43  6.28608e-16
4111.84  6.38151e-16
4113.25  6.46259e-16
4114.66  6.51154e-16
4116.07  6.5158e-16
4117.48  6.47016e-16
4118.89  6.37736e-16
4120.31  6.24745e-16
4121.72  6.09581e-16
4123.13  5.9404e-16
4124.54  5.79879e-16
4125.95  5.68546e-16
4127.36  5.6098e-16
4128.77  5.57511e-16
4130.18  5.57872e-16
4131.6   5.61286e-16
4133.01  5.66636e-16
4134.42  5.72659e-16
4135.83  5.7814e-16
4137.24  5.82088e-16
4138.65  5.8386e-16
4140.06  5.83231e-16
4141.48  5.80407e-16
4142.89  5.75985e-16
4144.3   5.7087e-16
4145.71  5.66149e-16
4147.12  5.62956e-16
4148.53  5.62318e-16
4149.94  5.65016e-16
4151.36  5.71465e-16
4152.77  5.81637e-16
4154.18  5.95026e-16
4155.59  6.10681e-16
4157     6.27288e-16
4158.41  6.43303e-16
4159.82  6.57128e-16
4161.23  6.67288e-16
4162.65  6.72615e-16
4164.06  6.72383e-16
4165.47  6.66406e-16
4166.88  6.55067e-16
4168.29  6.39281e-16
4169.7   6.20393e-16
4171.11  6.00035e-16
4172.53  5.79939e-16
4173.94  5.61755e-16
4175.35  5.46877e-16
4176.76  5.36302e-16
4178.17  5.30546e-16
4179.58  5.29622e-16
4180.99  5.3307e-16
4182.41  5.40054e-16
4183.82  5.49483e-16
4185.23  5.60166e-16
4186.64  5.70954e-16
4188.05  5.80865e-16
4189.46  5.89173e-16
4190.87  5.95442e-16
4192.28  5.99523e-16
4193.7   6.01506e-16
4195.11  6.01649e-16
4196.52  6.00298e-16
4197.93  5.97822e-16
4199.34  5.94562e-16
4200.75  5.90811e-16
4202.16  5.86828e-16
4203.58  5.82862e-16
4204.99  5.79177e-16
4206.4   5.76082e-16
4207.81  5.73917e-16
4209.22  5.73027e-16
4210.63  5.73703e-16
4212.04  5.76108e-16
4213.46  5.80216e-16
4214.87  5.8576e-16
4216.28  5.92236e-16
4217.69  5.98944e-16
4219.1   6.05086e-16
4220.51  6.0989e-16
4221.92  6.12754e-16
4223.33  6.13376e-16
4224.75  6.1184e-16
4226.16  6.08644e-16
4227.57  6.04648e-16
4228.98  6.00957e-16
4230.39  5.98739e-16
4231.8   5.99011e-16
4233.21  6.02448e-16
4234.63  6.09222e-16
4236.04  6.18936e-16
4237.45  6.30655e-16
4238.86  6.43047e-16
4240.27  6.54597e-16
4241.68  6.63878e-16
4243.09  6.69805e-16
4244.51  6.71835e-16
4245.92  6.70065e-16
4247.33  6.65205e-16
4248.74  6.58436e-16
4250.15  6.51178e-16
4251.56  6.44809e-16
4252.97  6.4041e-16
4254.38  6.38563e-16
4255.8   6.39259e-16
4257.21  6.41919e-16
4258.62  6.45527e-16
4260.03  6.48835e-16
4261.44  6.50611e-16
4262.85  6.4987e-16
4264.26  6.46053e-16
4265.68  6.39127e-16
4267.09  6.29597e-16
4268.5   6.18423e-16
4269.91  6.06872e-16
4271.32  5.96337e-16
4272.73  5.88134e-16
4274.14  5.83333e-16
4275.55  5.8262e-16
4276.97  5.86214e-16
4278.38  5.93849e-16
4279.79  6.04797e-16
4281.2   6.17939e-16
4282.61  6.31856e-16
4284.02  6.44942e-16
4285.43  6.55518e-16
4286.85  6.61963e-16
4288.26  6.62835e-16
4289.67  6.57021e-16
4291.08  6.43877e-16
4292.49  6.2338e-16
4293.9   5.96244e-16
4295.31  5.63992e-16
4296.73  5.28947e-16
4298.14  4.94107e-16
4299.55  4.62904e-16
4300.96  4.38849e-16
4302.37  4.25108e-16
4303.78  4.24045e-16
4305.19  4.36838e-16
4306.6   4.63207e-16
4308.02  5.01342e-16
4309.43  5.48043e-16
4310.84  5.99078e-16
4312.25  6.49709e-16
4313.66  6.9531e-16
4315.07  7.31968e-16
4316.48  7.56982e-16
4317.9   7.69172e-16
4319.31  7.68943e-16
4320.72  7.58111e-16
4322.13  7.3953e-16
4323.54  7.16585e-16
4324.95  6.9266e-16
4326.36  6.7066e-16
4327.78  6.52673e-16
4329.19  6.39811e-16
4330.6   6.32229e-16
4332.01  6.29316e-16
4333.42  6.29974e-16
4334.83  6.32937e-16
4336.24  6.37067e-16
4337.65  6.41561e-16
4339.07  6.46059e-16
4340.48  6.50635e-16
4341.89  6.55705e-16
4343.3   6.61867e-16
4344.71  6.69725e-16
4346.12  6.79728e-16
4347.53  6.92046e-16
4348.95  7.06502e-16
4350.36  7.22567e-16
4351.77  7.39398e-16
4353.18  7.55927e-16
4354.59  7.70975e-16
4356     7.83376e-16
4357.41  7.92112e-16
4358.83  7.96426e-16
4360.24  7.95909e-16
4361.65  7.90554e-16
4363.06  7.80758e-16
4364.47  7.67265e-16
4365.88  7.51068e-16
4367.29  7.33269e-16
4368.7   7.14923e-16
4370.12  6.96906e-16
4371.53  6.7981e-16
4372.94  6.6392e-16
4374.35  6.49243e-16
4375.76  6.35618e-16
4377.17  6.22852e-16
4378.58  6.10868e-16
4380     5.99812e-16
4381.41  5.90106e-16
4382.82  5.82406e-16
4384.23  5.77499e-16
4385.64  5.76139e-16
4387.05  5.78864e-16
4388.46  5.85843e-16
4389.88  5.96779e-16
4391.29  6.10899e-16
4392.7   6.27026e-16
4394.11  6.43731e-16
4395.52  6.59522e-16
4396.93  6.73047e-16
4398.34  6.83259e-16
4399.75  6.89536e-16
4401.17  6.91725e-16
4402.58  6.90119e-16
4403.99  6.85384e-16
4405.4   6.78441e-16
4406.81  6.70351e-16
4408.22  6.62198e-16
4409.63  6.54994e-16
4411.05  6.49608e-16
4412.46  6.46711e-16
4413.87  6.46736e-16
4415.28  6.49854e-16
4416.69  6.55952e-16
4418.1   6.64634e-16
4419.51  6.75251e-16
4420.92  6.86959e-16
4422.34  6.98816e-16
4423.75  7.09906e-16
4425.16  7.19479e-16
4426.57  7.27062e-16
4427.98  7.32544e-16
4429.39  7.36175e-16
4430.8   7.38505e-16
4432.22  7.40238e-16
4433.63  7.42056e-16
4435.04  7.44424e-16
4436.45  7.47437e-16
4437.86  7.50746e-16
4439.27  7.53584e-16
4440.68  7.5489e-16
4442.1   7.53524e-16
4443.51  7.48518e-16
4444.92  7.39323e-16
4446.33  7.25988e-16
4447.74  7.0924e-16
4449.15  6.90434e-16
4450.56  6.71387e-16
4451.97  6.54125e-16
4453.39  6.40582e-16
4454.8   6.32318e-16
4456.21  6.30307e-16
4457.62  6.34817e-16
4459.03  6.45423e-16
4460.44  6.61114e-16
4461.85  6.80495e-16
4463.27  7.02009e-16
4464.68  7.24161e-16
4466.09  7.45683e-16
4467.5   7.65627e-16
4468.91  7.8338e-16
4470.32  7.98605e-16
4471.73  8.11153e-16
4473.15  8.20957e-16
4474.56  8.27965e-16
4475.97  8.32106e-16
4477.38  8.33319e-16
4478.79  8.31619e-16
4480.2   8.27177e-16
4481.61  8.20396e-16
4483.02  8.11934e-16
4484.44  8.0268e-16
4485.85  7.93656e-16
4487.26  7.8588e-16
4488.67  7.80206e-16
4490.08  7.77181e-16
4491.49  7.76954e-16
4492.9   7.79267e-16
4494.32  7.83524e-16
4495.73  7.88936e-16
4497.14  7.94705e-16
4498.55  8.00203e-16
4499.96  8.05114e-16
4501.37  8.09485e-16
4502.78  8.13695e-16
4504.2   8.18327e-16
4505.61  8.23981e-16
4507.02  8.31079e-16
4508.43  8.39688e-16
4509.84  8.49429e-16
4511.25  8.59485e-16
4512.66  8.68714e-16
4514.07  8.75849e-16
4515.49  8.79753e-16
4516.9   8.79661e-16
4518.31  8.75373e-16
4519.72  8.67333e-16
4521.13  8.56593e-16
4522.54  8.4464e-16
4523.95  8.33129e-16
4525.37  8.23569e-16
4526.78  8.17024e-16
4528.19  8.13896e-16
4529.6   8.13837e-16
4531.01  8.15823e-16
4532.42  8.18371e-16
4533.83  8.1987e-16
4535.25  8.1896e-16
4536.66  8.14872e-16
4538.07  8.07667e-16
4539.48  7.9831e-16
4540.89  7.88559e-16
4542.3   7.80686e-16
4543.71  7.77071e-16
4545.12  7.79758e-16
4546.54  7.90054e-16
4547.95  8.08246e-16
4549.36  8.33502e-16
4550.77  8.63967e-16
4552.18  8.97038e-16
4553.59  9.29773e-16
4555     9.59347e-16
4556.42  9.8348e-16
4557.83  1.00076e-15
4559.24  1.01079e-15
4560.65  1.01422e-15
4562.06  1.01249e-15
4563.47  1.00759e-15
4564.88  1.00165e-15
4566.3   9.96587e-16
4567.71  9.93795e-16
4569.12  9.93982e-16
4570.53  9.97127e-16
4571.94  1.00258e-15
4573.35  1.00925e-15
4574.76  1.01591e-15
4576.17  1.02142e-15
4577.59  1.02497e-15
4579     1.02619e-15
4580.41  1.02521e-15
4581.82  1.02257e-15
4583.23  1.01906e-15
4584.64  1.01558e-15
4586.05  1.01291e-15
4587.47  1.01165e-15
4588.88  1.01209e-15
4590.29  1.01423e-15
4591.7   1.01784e-15
4593.11  1.02255e-15
4594.52  1.02793e-15
4595.93  1.03354e-15
4597.34  1.03899e-15
4598.76  1.04396e-15
4600.17  1.04811e-15
4601.58  1.05111e-15
4602.99  1.05261e-15
4604.4   1.05226e-15
4605.81  1.04976e-15
4607.22  1.04492e-15
4608.64  1.03778e-15
4610.05  1.02863e-15
4611.46  1.01809e-15
4612.87  1.00707e-15
4614.28  9.96722e-16
4615.69  9.88313e-16
4617.1   9.83097e-16
4618.52  9.82152e-16
4619.93  9.8623e-16
4621.34  9.9564e-16
4622.75  1.01016e-15
4624.16  1.029e-15
4625.57  1.05084e-15
4626.98  1.0739e-15
4628.39  1.09607e-15
4629.81  1.11511e-15
4631.22  1.12885e-15
4632.63  1.13546e-15
4634.04  1.13368e-15
4635.45  1.12299e-15
4636.86  1.10379e-15
4638.27  1.0774e-15
4639.69  1.046e-15
4641.1   1.01244e-15
4642.51  9.7997e-16
4643.92  9.51824e-16
4645.33  9.30877e-16
4646.74  9.19268e-16
4648.15  9.18112e-16
4649.57  9.27347e-16
4650.98  9.45725e-16
4652.39  9.70963e-16
4653.8   1.00003e-15
4655.21  1.02956e-15
4656.62  1.05628e-15
4658.03  1.07744e-15
4659.44  1.09115e-15
4660.86  1.09664e-15
4662.27  1.09423e-15
4663.68  1.08527e-15
4665.09  1.07183e-15
4666.5   1.05631e-15
4667.91  1.0411e-15
4669.32  1.02812e-15
4670.74  1.01863e-15
4672.15  1.01302e-15
4673.56  1.01087e-15
4674.97  1.01111e-15
4676.38  1.01224e-15
4677.79  1.01265e-15
4679.2   1.01091e-15
4680.62  1.00596e-15
4682.03  9.9727e-16
4683.44  9.84846e-16
4684.85  9.69163e-16
4686.26  9.51033e-16
4687.67  9.31428e-16
4689.08  9.11328e-16
4690.49  8.91589e-16
4691.91  8.72869e-16
4693.32  8.55608e-16
4694.73  8.40058e-16
4696.14  8.26341e-16
4697.55  8.14518e-16
4698.96  8.04647e-16
4700.37  7.96823e-16
4701.79  7.9118e-16
4703.2   7.87863e-16
4704.61  7.86985e-16
4706.02  7.88561e-16
4707.43  7.92464e-16
4708.84  7.9839e-16
4710.25  8.05862e-16
4711.67  8.14269e-16
4713.08  8.2293e-16
4714.49  8.31193e-16
4715.9   8.38523e-16
4717.31  8.44597e-16
4718.72  8.49349e-16
4720.13  8.52979e-16
4721.54  8.55917e-16
4722.96  8.58722e-16
4724.37  8.61966e-16
4725.78  8.66089e-16
4727.19  8.71285e-16
4728.6   8.77419e-16
4730.01  8.84019e-16
4731.42  8.90331e-16
4732.84  8.95453e-16
4734.25  8.98511e-16
4735.66  8.98856e-16
4737.07  8.96228e-16
4738.48  8.90872e-16
4739.89  8.8355e-16
4741.3   8.75467e-16
4742.71  8.68097e-16
4744.13  8.62944e-16
4745.54  8.61282e-16
4746.95  8.63909e-16
4748.36  8.70976e-16
4749.77  8.81905e-16
4751.18  8.95426e-16
4752.59  9.09733e-16
4754.01  9.22721e-16
4755.42  9.32283e-16
4756.83  9.36623e-16
4758.24  9.34522e-16
4759.65  9.25539e-16
4761.06  9.10093e-16
4762.47  8.89435e-16
4763.89  8.65496e-16
4765.3   8.40642e-16
4766.71  8.17365e-16
4768.12  7.97953e-16
4769.53  7.84197e-16
4770.94  7.77166e-16
4772.35  7.77084e-16
4773.76  7.83339e-16
4775.18  7.94614e-16
4776.59  8.09109e-16
4778     8.24843e-16
4779.41  8.39965e-16
4780.82  8.53029e-16
4782.23  8.63197e-16
4783.64  8.70327e-16
4785.06  8.74936e-16
4786.47  8.78054e-16
4787.88  8.80979e-16
4789.29  8.84998e-16
4790.7   8.91109e-16
4792.11  8.99803e-16
4793.52  9.10934e-16
4794.94  9.23722e-16
4796.35  9.36855e-16
4797.76  9.48718e-16
4799.17  9.5766e-16
4800.58  9.62299e-16
4801.99  9.61778e-16
4803.4   9.55953e-16
4804.81  9.45461e-16
4806.23  9.31672e-16
4807.64  9.16521e-16
4809.05  9.02242e-16
4810.46  8.91056e-16
4811.87  8.84853e-16
4813.28  8.84906e-16
4814.69  8.91681e-16
4816.11  9.04753e-16
4817.52  9.22841e-16
4818.93  9.43975e-16
4820.34  9.65744e-16
4821.75  9.85617e-16
4823.16  1.00128e-15
4824.57  1.01094e-15
4825.99  1.01357e-15
4827.4   1.00906e-15
4828.81  9.98205e-16
4830.22  9.82633e-16
4831.63  9.64567e-16
4833.04  9.46517e-16
4834.45  9.30925e-16
4835.86  9.19803e-16
4837.28  9.14427e-16
4838.69  9.15123e-16
4840.1   9.21191e-16
4841.51  9.30974e-16
4842.92  9.42082e-16
4844.33  9.51728e-16
4845.74  9.57144e-16
4847.16  9.55999e-16
4848.57  9.46772e-16
4849.98  9.29001e-16
4851.39  9.03385e-16
4852.8   8.71706e-16
4854.21  8.36597e-16
4855.62  8.01183e-16
4857.04  7.68656e-16
4858.45  7.41853e-16
4859.86  7.22901e-16
4861.27  7.12974e-16
4862.68  7.12203e-16
4864.09  7.19738e-16
4865.5   7.33935e-16
4866.91  7.52648e-16
4868.33  7.73555e-16
4869.74  7.9448e-16
4871.15  8.13657e-16
4872.56  8.29913e-16
4873.97  8.42747e-16
4875.38  8.52301e-16
4876.79  8.59255e-16
4878.21  8.64642e-16
4879.62  8.69645e-16
4881.03  8.75381e-16
4882.44  8.82722e-16
4883.85  8.92166e-16
4885.26  9.03779e-16
4886.67  9.17215e-16
4888.08  9.318e-16
4889.5   9.46674e-16
4890.91  9.60952e-16
4892.32  9.73881e-16
4893.73  9.84957e-16
4895.14  9.9399e-16
4896.55  1.00108e-15
4897.96  1.00657e-15
4899.38  1.01086e-15
4900.79  1.01432e-15
4902.2   1.01713e-15
4903.61  1.01923e-15
4905.02  1.02027e-15
4906.43  1.0197e-15
4907.84  1.01695e-15
4909.26  1.01155e-15
4910.67  1.00334e-15
4912.08  9.92613e-16
4913.49  9.80142e-16
4914.9   9.67166e-16
4916.31  9.55227e-16
4917.72  9.45955e-16
4919.13  9.40813e-16
4920.55  9.40849e-16
4921.96  9.46523e-16
4923.37  9.57632e-16
4924.78  9.73349e-16
4926.19  9.92379e-16
4927.6   1.01319e-15
4929.01  1.03428e-15
4930.43  1.05438e-15
4931.84  1.07268e-15
4933.25  1.08881e-15
4934.66  1.10288e-15
4936.07  1.11525e-15
4937.48  1.12643e-15
4938.89  1.13679e-15
4940.31  1.14648e-15
4941.72  1.15527e-15
4943.13  1.16263e-15
4944.54  1.16777e-15
4945.95  1.16985e-15
4947.36  1.16812e-15
4948.77  1.16218e-15
4950.18  1.15204e-15
4951.6   1.13821e-15
4953.01  1.12167e-15
4954.42  1.10374e-15
4955.83  1.08591e-15
4957.24  1.06967e-15
4958.65  1.05626e-15
4960.06  1.04657e-15
4961.48  1.04095e-15
4962.89  1.03926e-15
4964.3   1.04085e-15
4965.71  1.04467e-15
4967.12  1.0494e-15
4968.53  1.05366e-15
4969.94  1.05618e-15
4971.36  1.05597e-15
4972.77  1.05243e-15
4974.18  1.04547e-15
4975.59  1.03547e-15
4977     1.02324e-15
4978.41  1.00989e-15
4979.82  9.96652e-16
4981.23  9.847e-16
4982.65  9.74956e-16
4984.06  9.67959e-16
4985.47  9.63779e-16
4986.88  9.62014e-16
4988.29  9.61853e-16
4989.7   9.62204e-16
4991.11  9.61859e-16
4992.53  9.59681e-16
4993.94  9.54771e-16
4995.35  9.46601e-16
4996.76  9.35101e-16
4998.17  9.20671e-16
4999.58  9.04145e-16
5000.99  8.8669e-16
5002.41  8.69665e-16
5003.82  8.54453e-16
5005.23  8.42297e-16
5006.64  8.3414e-16
5008.05  8.30509e-16
5009.46  8.31445e-16
5010.87  8.36499e-16
5012.28  8.44786e-16
5013.7   8.55102e-16
5015.11  8.66077e-16
5016.52  8.76362e-16
5017.93  8.84805e-16
5019.34  8.90597e-16
5020.75  8.93375e-16
5022.16  8.93249e-16
5023.58  8.90758e-16
5024.99  8.86759e-16
5026.4   8.82264e-16
5027.81  8.78255e-16
5029.22  8.75504e-16
5030.63  8.74433e-16
5032.04  8.7504e-16
5033.45  8.76908e-16
5034.87  8.7929e-16
5036.28  8.81266e-16
5037.69  8.8194e-16
5039.1   8.80639e-16
5040.51  8.77082e-16
5041.92  8.71469e-16
5043.33  8.64494e-16
5044.75  8.57246e-16
5046.16  8.51037e-16
5047.57  8.47169e-16
5048.98  8.46696e-16
5050.39  8.50212e-16
5051.8   8.57731e-16
5053.21  8.68651e-16
5054.63  8.81841e-16
5056.04  8.95818e-16
5057.45  9.08977e-16
5058.86  9.19845e-16
5060.27  9.27285e-16
5061.68  9.30638e-16
5063.09  9.29766e-16
5064.5   9.25001e-16
5065.92  9.17025e-16
5067.33  9.06705e-16
5068.74  8.94943e-16
5070.15  8.82546e-16
5071.56  8.70173e-16
5072.97  8.58332e-16
5074.38  8.47426e-16
5075.8   8.37827e-16
5077.21  8.29937e-16
5078.62  8.24206e-16
5080.03  8.21111e-16
5081.44  8.21071e-16
5082.85  8.24337e-16
5084.26  8.30878e-16
5085.68  8.40288e-16
5087.09  8.51768e-16
5088.5   8.64171e-16
5089.91  8.76141e-16
5091.32  8.86305e-16
5092.73  8.93493e-16
5094.14  8.9695e-16
5095.55  8.96483e-16
5096.97  8.92523e-16
5098.38  8.86075e-16
5099.79  8.78561e-16
5101.2   8.71585e-16
5102.61  8.6665e-16
5104.02  8.64893e-16
5105.43  8.66869e-16
5106.85  8.7244e-16
5108.26  8.80781e-16
5109.67  8.90521e-16
5111.08  8.99974e-16
5112.49  9.07444e-16
5113.9   9.11539e-16
5115.31  9.11431e-16
5116.73  9.07035e-16
5118.14  8.99046e-16
5119.55  8.8884e-16
5120.96  8.78257e-16
5122.37  8.69281e-16
5123.78  8.63699e-16
5125.19  8.62778e-16
5126.6   8.67028e-16
5128.02  8.76092e-16
5129.43  8.88787e-16
5130.84  9.03283e-16
5132.25  9.17401e-16
5133.66  9.28971e-16
5135.07  9.3619e-16
5136.48  9.3793e-16
5137.9   9.33922e-16
5139.31  9.24809e-16
5140.72  9.12043e-16
5142.13  8.97652e-16
5143.54  8.83906e-16
5144.95  8.72953e-16
5146.36  8.66468e-16
5147.78  8.65377e-16
5149.19  8.69701e-16
5150.6   8.78538e-16
5152.01  8.90184e-16
5153.42  9.02375e-16
5154.83  9.12607e-16
5156.24  9.18492e-16
5157.65  9.18093e-16
5159.07  9.10187e-16
5160.48  8.94433e-16
5161.89  8.71414e-16
5163.3   8.42568e-16
5164.71  8.09997e-16
5166.12  7.76222e-16
5167.53  7.43882e-16
5168.95  7.1545e-16
5170.36  6.92976e-16
5171.77  6.77902e-16
5173.18  6.70955e-16
5174.59  6.72126e-16
5176     6.8073e-16
5177.41  6.95527e-16
5178.83  7.14894e-16
5180.24  7.37016e-16
5181.65  7.60086e-16
5183.06  7.82478e-16
5184.47  8.02896e-16
5185.88  8.20465e-16
5187.29  8.34772e-16
5188.7   8.45845e-16
5190.12  8.54077e-16
5191.53  8.60104e-16
5192.94  8.64668e-16
5194.35  8.68473e-16
5195.76  8.72062e-16
5197.17  8.75747e-16
5198.58  8.79581e-16
5200     8.83397e-16
5201.41  8.86886e-16
5202.82  8.89704e-16
5204.23  8.91576e-16
5205.64  8.92382e-16
5207.05  8.92199e-16
5208.46  8.91296e-16
5209.87  8.90079e-16
5211.29  8.89008e-16
5212.7   8.88503e-16
5214.11  8.88862e-16
5215.52  8.90211e-16
5216.93  8.92502e-16
5218.34  8.95549e-16
5219.75  8.99107e-16
5221.17  9.02956e-16
5222.58  9.06989e-16
5223.99  9.1127e-16
5225.4   9.16044e-16
5226.81  9.21704e-16
5228.22  9.28709e-16
5229.63  9.37469e-16
5231.05  9.48226e-16
5232.46  9.60944e-16
5233.87  9.75244e-16
5235.28  9.90394e-16
5236.69  1.00536e-15
5238.1   1.01894e-15
5239.51  1.02988e-15
5240.92  1.0371e-15
5242.34  1.03983e-15
5243.75  1.03772e-15
5245.16  1.03092e-15
5246.57  1.02002e-15
5247.98  1.00599e-15
5249.39  9.89999e-16
5250.8   9.73299e-16
5252.22  9.57027e-16
5253.63  9.42106e-16
5255.04  9.29179e-16
5256.45  9.18611e-16
5257.86  9.1054e-16
5259.27  9.04961e-16
5260.68  9.01823e-16
5262.1   9.011e-16
5263.51  9.02837e-16
5264.92  9.0714e-16
5266.33  9.14135e-16
5267.74  9.23898e-16
5269.15  9.36373e-16
5270.56  9.51313e-16
5271.97  9.68253e-16
5273.39  9.86522e-16
5274.8   1.0053e-15
5276.21  1.02371e-15
5277.62  1.04093e-15
5279.03  1.05626e-15
5280.44  1.06925e-15
5281.85  1.07968e-15
5283.27  1.08759e-15
5284.68  1.09324e-15
5286.09  1.09701e-15
5287.5   1.09935e-15
5288.91  1.1007e-15
5290.32  1.10138e-15
5291.73  1.10165e-15
5293.15  1.10163e-15
5294.56  1.10137e-15
5295.97  1.1009e-15
5297.38  1.10033e-15
5298.79  1.09982e-15
5300.2   1.0997e-15
5301.61  1.10044e-15
5303.02  1.10259e-15
5304.44  1.10669e-15
5305.85  1.11315e-15
5307.26  1.12212e-15
5308.67  1.13336e-15
5310.08  1.14614e-15
5311.49  1.15929e-15
5312.9   1.17123e-15
5314.32  1.18023e-15
5315.73  1.18456e-15
5317.14  1.1829e-15
5318.55  1.17453e-15
5319.96  1.15957e-15
5321.37  1.13906e-15
5322.78  1.11491e-15
5324.2   1.08963e-15
5325.61  1.066e-15
5327.02  1.04664e-15
5328.43  1.03353e-15
5329.84  1.0277e-15
5331.25  1.02897e-15
5332.66  1.03601e-15
5334.07  1.04649e-15
5335.49  1.05754e-15
5336.9   1.06627e-15
5338.31  1.07032e-15
5339.72  1.06835e-15
5341.13  1.06041e-15
5342.54  1.04794e-15
5343.95  1.03364e-15
5345.37  1.02098e-15
5346.78  1.01362e-15
5348.19  1.01466e-15
5349.6   1.02608e-15
5351.01  1.04818e-15
5352.42  1.07948e-15
5353.83  1.11679e-15
5355.24  1.15567e-15
5356.66  1.19111e-15
5358.07  1.2183e-15
5359.48  1.23341e-15
5360.89  1.23426e-15
5362.3   1.22065e-15
5363.71  1.1944e-15
5365.12  1.15905e-15
5366.54  1.11936e-15
5367.95  1.08047e-15
5369.36  1.04722e-15
5370.77  1.02339e-15
5372.18  1.01121e-15
5373.59  1.01117e-15
5375     1.02203e-15
5376.42  1.04116e-15
5377.83  1.06505e-15
5379.24  1.08991e-15
5380.65  1.11226e-15
5382.06  1.12938e-15
5383.47  1.13963e-15
5384.88  1.14256e-15
5386.29  1.13873e-15
5387.71  1.12957e-15
5389.12  1.11691e-15
5390.53  1.10273e-15
5391.94  1.08879e-15
5393.35  1.07645e-15
5394.76  1.06657e-15
5396.17  1.05959e-15
5397.59  1.05557e-15
5399     1.05443e-15
5400.41  1.05602e-15
5401.82  1.06029e-15
5403.23  1.06726e-15
5404.64  1.07702e-15
5406.05  1.08964e-15
5407.47  1.10498e-15
5408.88  1.12267e-15
5410.29  1.14198e-15
5411.7   1.16185e-15
5413.11  1.181e-15
5414.52  1.19803e-15
5415.93  1.21167e-15
5417.34  1.22094e-15
5418.76  1.22535e-15
5420.17  1.22498e-15
5421.58  1.22051e-15
5422.99  1.21309e-15
5424.4   1.20425e-15
5425.81  1.19559e-15
5427.22  1.18861e-15
5428.64  1.18445e-15
5430.05  1.18372e-15
5431.46  1.18646e-15
5432.87  1.19213e-15
5434.28  1.1997e-15
5435.69  1.20787e-15
5437.1   1.21524e-15
5438.52  1.2206e-15
5439.93  1.22309e-15
5441.34  1.22233e-15
5442.75  1.21852e-15
5444.16  1.21235e-15
5445.57  1.2049e-15
5446.98  1.19744e-15
5448.39  1.19123e-15
5449.81  1.18728e-15
5451.22  1.18619e-15
5452.63  1.18804e-15
5454.04  1.19236e-15
5455.45  1.19821e-15
5456.86  1.20432e-15
5458.27  1.20928e-15
5459.69  1.21181e-15
5461.1   1.21095e-15
5462.51  1.20628e-15
5463.92  1.198e-15
5465.33  1.18699e-15
5466.74  1.1747e-15
5468.15  1.16297e-15
5469.57  1.15378e-15
5470.98  1.14897e-15
5472.39  1.14989e-15
5473.8   1.15723e-15
5475.21  1.1708e-15
5476.62  1.18956e-15
5478.03  1.21166e-15
5479.44  1.2347e-15
5480.86  1.25605e-15
5482.27  1.27319e-15
5483.68  1.2841e-15
5485.09  1.28751e-15
5486.5   1.28313e-15
5487.91  1.27165e-15
5489.32  1.25466e-15
5490.74  1.23438e-15
5492.15  1.21336e-15
5493.56  1.19411e-15
5494.97  1.17873e-15
5496.38  1.16868e-15
5497.79  1.1646e-15
5499.2   1.16634e-15
5500.61  1.17305e-15
5502.03  1.18343e-15
5503.44  1.19595e-15
5504.85  1.20918e-15
5506.26  1.22199e-15
5507.67  1.23364e-15
5509.08  1.24387e-15
5510.49  1.25283e-15
5511.91  1.2609e-15
5513.32  1.26857e-15
5514.73  1.27626e-15
5516.14  1.28424e-15
5517.55  1.29253e-15
5518.96  1.30096e-15
5520.37  1.30918e-15
5521.79  1.31679e-15
5523.2   1.32345e-15
5524.61  1.32887e-15
5526.02  1.33294e-15
5527.43  1.33567e-15
5528.84  1.3372e-15
5530.25  1.33771e-15
5531.66  1.33743e-15
5533.08  1.33659e-15
5534.49  1.33539e-15
5535.9   1.33404e-15
5537.31  1.33276e-15
5538.72  1.33178e-15
5540.13  1.33135e-15
5541.54  1.33166e-15
5542.96  1.33288e-15
5544.37  1.335e-15
5545.78  1.33784e-15
5547.19  1.34099e-15
5548.6   1.34382e-15
5550.01  1.34548e-15
5551.42  1.34506e-15
5552.84  1.34165e-15
5554.25  1.33454e-15
5555.66  1.32333e-15
5557.07  1.30806e-15
5558.48  1.28928e-15
5559.89  1.26807e-15
5561.3   1.24591e-15
5562.71  1.22458e-15
5564.13  1.20591e-15
5565.54  1.19155e-15
5566.95  1.18274e-15
5568.36  1.18012e-15
5569.77  1.18366e-15
5571.18  1.1926e-15
5572.59  1.20563e-15
5574.01  1.221e-15
5575.42  1.23681e-15
5576.83  1.25128e-15
5578.24  1.26296e-15
5579.65  1.27088e-15
5581.06  1.27466e-15
5582.47  1.27449e-15
5583.89  1.27098e-15
5585.3   1.26503e-15
5586.71  1.25767e-15
5588.12  1.24985e-15
5589.53  1.24232e-15
5590.94  1.23559e-15
5592.35  1.22989e-15
5593.76  1.22522e-15
5595.18  1.22145e-15
5596.59  1.21834e-15
5598     1.21567e-15
5599.41  1.21327e-15
5600.82  1.211e-15
5602.23  1.20879e-15
5603.64  1.2066e-15
5605.06  1.20437e-15
5606.47  1.20204e-15
5607.88  1.19955e-15
5609.29  1.19687e-15
5610.7   1.19402e-15
5612.11  1.19114e-15
5613.52  1.18847e-15
5614.94  1.18639e-15
5616.35  1.18536e-15
5617.76  1.18583e-15
5619.17  1.18816e-15
5620.58  1.19253e-15
5621.99  1.19887e-15
5623.4   1.20677e-15
5624.81  1.21555e-15
5626.23  1.22428e-15
5627.64  1.23193e-15
5629.05  1.23747e-15
5630.46  1.24009e-15
5631.87  1.23929e-15
5633.28  1.235e-15
5634.69  1.22759e-15
5636.11  1.21789e-15
5637.52  1.20703e-15
5638.93  1.19632e-15
5640.34  1.18704e-15
5641.75  1.18029e-15
5643.16  1.17682e-15
5644.57  1.17691e-15
5645.98  1.18037e-15
5647.4   1.18656e-15
5648.81  1.19449e-15
5650.22  1.20298e-15
5651.63  1.21078e-15
5653.04  1.21677e-15
5654.45  1.22005e-15
5655.86  1.2201e-15
5657.28  1.21672e-15
5658.69  1.21011e-15
5660.1   1.20077e-15
5661.51  1.18944e-15
5662.92  1.17701e-15
5664.33  1.1644e-15
5665.74  1.15245e-15
5667.16  1.14188e-15
5668.57  1.13319e-15
5669.98  1.12663e-15
5671.39  1.12217e-15
5672.8   1.11952e-15
5674.21  1.11818e-15
5675.62  1.11747e-15
5677.03  1.1167e-15
5678.45  1.1152e-15
5679.86  1.11249e-15
5681.27  1.1084e-15
5682.68  1.10308e-15
5684.09  1.09708e-15
5685.5   1.09127e-15
5686.91  1.08672e-15
5688.33  1.08452e-15
5689.74  1.08556e-15
5691.15  1.09031e-15
5692.56  1.09867e-15
5693.97  1.10986e-15
5695.38  1.12249e-15
5696.79  1.13464e-15
5698.21  1.14421e-15
5699.62  1.14918e-15
5701.03  1.14801e-15
5702.44  1.13989e-15
5703.85  1.12499e-15
5705.26  1.10449e-15
5706.67  1.08042e-15
5708.08  1.05547e-15
5709.5   1.03255e-15
5710.91  1.01441e-15
5712.32  1.00321e-15
5713.73  1.00025e-15
5715.14  1.00578e-15
5716.55  1.01903e-15
5717.96  1.03833e-15
5719.38  1.06139e-15
5720.79  1.08567e-15
5722.2   1.10874e-15
5723.61  1.12856e-15
5725.02  1.14373e-15
5726.43  1.15358e-15
5727.84  1.1582e-15
5729.26  1.15829e-15
5730.67  1.15502e-15
5732.08  1.14977e-15
5733.49  1.14397e-15
5734.9   1.13886e-15
5736.31  1.13539e-15
5737.72  1.13413e-15
5739.13  1.13525e-15
5740.55  1.13856e-15
5741.96  1.14356e-15
5743.37  1.1496e-15
5744.78  1.15592e-15
5746.19  1.16178e-15
5747.6   1.16657e-15
5749.01  1.1698e-15
5750.43  1.17122e-15
5751.84  1.17075e-15
5753.25  1.16855e-15
5754.66  1.16492e-15
5756.07  1.16032e-15
5757.48  1.1553e-15
5758.89  1.15047e-15
5760.31  1.14641e-15
5761.72  1.14366e-15
5763.13  1.14262e-15
5764.54  1.14355e-15
5765.95  1.14648e-15
5767.36  1.15121e-15
5768.77  1.15731e-15
5770.18  1.16413e-15
5771.6   1.17087e-15
5773.01  1.17667e-15
5774.42  1.18071e-15
5775.83  1.18232e-15
5777.24  1.18112e-15
5778.65  1.17707e-15
5780.06  1.17052e-15
5781.48  1.16222e-15
5782.89  1.15322e-15
5784.3   1.14476e-15
5785.71  1.13812e-15
5787.12  1.13442e-15
5788.53  1.13444e-15
5789.94  1.13853e-15
5791.35  1.14649e-15
5792.77  1.15761e-15
5794.18  1.17074e-15
5795.59  1.1845e-15
5797     1.19741e-15
5798.41  1.20822e-15
5799.82  1.21601e-15
5801.23  1.22041e-15
5802.65  1.22163e-15
5804.06  1.22038e-15
5805.47  1.21773e-15
5806.88  1.21495e-15
5808.29  1.21318e-15
5809.7   1.21327e-15
5811.11  1.21561e-15
5812.53  1.2201e-15
5813.94  1.22613e-15
5815.35  1.2328e-15
5816.76  1.23906e-15
5818.17  1.24399e-15
5819.58  1.24695e-15
5820.99  1.2477e-15
5822.4   1.24647e-15
5823.82  1.24384e-15
5825.23  1.24061e-15
5826.64  1.23762e-15
5828.05  1.23553e-15
5829.46  1.2347e-15
5830.87  1.2351e-15
5832.28  1.23633e-15
5833.7   1.23771e-15
5835.11  1.23845e-15
5836.52  1.23781e-15
5837.93  1.23529e-15
5839.34  1.23076e-15
5840.75  1.22445e-15
5842.16  1.21694e-15
5843.58  1.20905e-15
5844.99  1.20165e-15
5846.4   1.19546e-15
5847.81  1.19094e-15
5849.22  1.18814e-15
5850.63  1.18672e-15
5852.04  1.18598e-15
5853.45  1.18504e-15
5854.87  1.18299e-15
5856.28  1.17913e-15
5857.69  1.17311e-15
5859.1   1.16508e-15
5860.51  1.15567e-15
5861.92  1.14594e-15
5863.33  1.13725e-15
5864.75  1.13098e-15
5866.16  1.12837e-15
5867.57  1.13024e-15
5868.98  1.13682e-15
5870.39  1.14771e-15
5871.8   1.16182e-15
5873.21  1.17755e-15
5874.63  1.19289e-15
5876.04  1.20573e-15
5877.45  1.2141e-15
5878.86  1.21638e-15
5880.27  1.21158e-15
5881.68  1.19942e-15
5883.09  1.18043e-15
5884.5   1.15586e-15
5885.92  1.12765e-15
5887.33  1.09816e-15
5888.74  1.06995e-15
5890.15  1.04552e-15
5891.56  1.02704e-15
5892.97  1.01607e-15
5894.38  1.01344e-15
5895.8   1.01911e-15
5897.21  1.03218e-15
5898.62  1.05103e-15
5900.03  1.07346e-15
5901.44  1.09702e-15
5902.85  1.11926e-15
5904.26  1.13805e-15
5905.68  1.15184e-15
5907.09  1.15984e-15
5908.5   1.16207e-15
5909.91  1.15932e-15
5911.32  1.15304e-15
5912.73  1.14505e-15
5914.14  1.13732e-15
5915.55  1.13164e-15
5916.97  1.1294e-15
5918.38  1.13141e-15
5919.79  1.13781e-15
5921.2   1.14809e-15
5922.61  1.16121e-15
5924.02  1.17579e-15
5925.43  1.19028e-15
5926.85  1.20322e-15
5928.26  1.2134e-15
5929.67  1.21997e-15
5931.08  1.22252e-15
5932.49  1.22109e-15
5933.9   1.21607e-15
5935.31  1.20814e-15
5936.73  1.19817e-15
5938.14  1.18706e-15
5939.55  1.17569e-15
5940.96  1.1648e-15
5942.37  1.15497e-15
5943.78  1.14655e-15
5945.19  1.13972e-15
5946.6   1.13444e-15
5948.02  1.13057e-15
5949.43  1.12785e-15
5950.84  1.12596e-15
5952.25  1.12459e-15
5953.66  1.12343e-15
5955.07  1.12222e-15
5956.48  1.12072e-15
5957.9   1.11874e-15
5959.31  1.11616e-15
5960.72  1.11292e-15
5962.13  1.10905e-15
5963.54  1.10468e-15
5964.95  1.1001e-15
5966.36  1.09569e-15
5967.77  1.09192e-15
5969.19  1.08926e-15
5970.6   1.08815e-15
5972.01  1.0888e-15
5973.42  1.09121e-15
5974.83  1.09504e-15
5976.24  1.09964e-15
5977.65  1.1041e-15
5979.07  1.10737e-15
5980.48  1.10844e-15
5981.89  1.10651e-15
5983.3   1.10115e-15
5984.71  1.09242e-15
5986.12  1.08091e-15
5987.53  1.06769e-15
5988.95  1.05421e-15
5990.36  1.04203e-15
5991.77  1.03265e-15
5993.18  1.02725e-15
5994.59  1.02652e-15
5996     1.03051e-15
5997.41  1.03863e-15
5998.82  1.04972e-15
6000.24  1.06217e-15
6001.65  1.07417e-15
6003.06  1.08392e-15
6004.47  1.08991e-15
6005.88  1.09113e-15
6007.29  1.08717e-15
6008.7   1.07838e-15
6010.12  1.06575e-15
6011.53  1.05084e-15
6012.94  1.03561e-15
6014.35  1.0221e-15
6015.76  1.01225e-15
6017.17  1.00756e-15
6018.58  1.00895e-15
6020     1.01658e-15
6021.41  1.02982e-15
6022.82  1.04737e-15
6024.23  1.06735e-15
6025.64  1.08759e-15
6027.05  1.10594e-15
6028.46  1.12052e-15
6029.87  1.12999e-15
6031.29  1.13374e-15
6032.7   1.13194e-15
6034.11  1.12549e-15
6035.52  1.11586e-15
6036.93  1.10482e-15
6038.34  1.09417e-15
6039.75  1.08543e-15
6041.17  1.07958e-15
6042.58  1.07698e-15
6043.99  1.07729e-15
6045.4   1.0796e-15
6046.81  1.08266e-15
6048.22  1.08508e-15
6049.63  1.08568e-15
6051.05  1.08372e-15
6052.46  1.07904e-15
6053.87  1.07213e-15
6055.28  1.06406e-15
6056.69  1.05626e-15
6058.1   1.05033e-15
6059.51  1.04769e-15
6060.92  1.04937e-15
6062.34  1.05577e-15
6063.75  1.06661e-15
6065.16  1.0809e-15
6066.57  1.09713e-15
6067.98  1.11344e-15
6069.39  1.12791e-15
6070.8   1.13886e-15
6072.22  1.14509e-15
6073.63  1.14602e-15
6075.04  1.14184e-15
6076.45  1.13341e-15
6077.86  1.12216e-15
6079.27  1.10987e-15
6080.68  1.09844e-15
6082.1   1.08955e-15
6083.51  1.08453e-15
6084.92  1.08411e-15
6086.33  1.08835e-15
6087.74  1.09669e-15
6089.15  1.108e-15
6090.56  1.12077e-15
6091.97  1.13331e-15
6093.39  1.14393e-15
6094.8   1.15122e-15
6096.21  1.15414e-15
6097.62  1.15215e-15
6099.03  1.14527e-15
6100.44  1.13403e-15
6101.85  1.11942e-15
6103.27  1.10275e-15
6104.68  1.08551e-15
6106.09  1.0692e-15
6107.5   1.0552e-15
6108.91  1.0446e-15
6110.32  1.03812e-15
6111.73  1.03603e-15
6113.14  1.03815e-15
6114.56  1.04387e-15
6115.97  1.05221e-15
6117.38  1.06197e-15
6118.79  1.07183e-15
6120.2   1.08048e-15
6121.61  1.08678e-15
6123.02  1.08987e-15
6124.44  1.08919e-15
6125.85  1.0846e-15
6127.26  1.0763e-15
6128.67  1.06487e-15
6130.08  1.05116e-15
6131.49  1.03624e-15
6132.9   1.0213e-15
6134.32  1.00757e-15
6135.73  9.96231e-16
6137.14  9.88282e-16
6138.55  9.8449e-16
6139.96  9.85282e-16
6141.37  9.90692e-16
6142.78  1.00032e-15
6144.19  1.01331e-15
6145.61  1.02845e-15
6147.02  1.04421e-15
6148.43  1.05891e-15
6149.84  1.0709e-15
6151.25  1.07874e-15
6152.66  1.08141e-15
6154.07  1.07839e-15
6155.49  1.06983e-15
6156.9   1.05645e-15
6158.31  1.03955e-15
6159.72  1.02079e-15
6161.13  1.00202e-15
6162.54  9.85047e-16
6163.95  9.71407e-16
6165.37  9.62191e-16
6166.78  9.5794e-16
6168.19  9.58606e-16
6169.6   9.63603e-16
6171.01  9.71919e-16
6172.42  9.82275e-16
6173.83  9.93301e-16
6175.24  1.00372e-15
6176.66  1.01246e-15
6178.07  1.01881e-15
6179.48  1.02239e-15
6180.89  1.02323e-15
6182.3   1.02165e-15
6183.71  1.01826e-15
6185.12  1.01383e-15
6186.54  1.00919e-15
6187.95  1.00516e-15
6189.36  1.00248e-15
6190.77  1.00168e-15
6192.18  1.00308e-15
6193.59  1.00673e-15
6195     1.01236e-15
6196.42  1.01941e-15
6197.83  1.02708e-15
6199.24  1.03438e-15
6200.65  1.04024e-15
6202.06  1.04366e-15
6203.47  1.04381e-15
6204.88  1.0402e-15
6206.29  1.03274e-15
6207.71  1.02179e-15
6209.12  1.00816e-15
6210.53  9.93018e-16
6211.94  9.77755e-16
6213.35  9.63822e-16
6214.76  9.5255e-16
6216.17  9.44986e-16
6217.59  9.41788e-16
6219     9.43167e-16
6220.41  9.48914e-16
6221.82  9.58475e-16
6223.23  9.7108e-16
6224.64  9.85871e-16
6226.05  1.00203e-15
6227.47  1.01887e-15
6228.88  1.03583e-15
6230.29  1.05251e-15
6231.7   1.06854e-15
6233.11  1.08356e-15
6234.52  1.09711e-15
6235.93  1.10859e-15
6237.34  1.1173e-15
6238.76  1.12247e-15
6240.17  1.12337e-15
6241.58  1.11945e-15
6242.99  1.11046e-15
6244.4   1.09656e-15
6245.81  1.07831e-15
6247.22  1.05675e-15
6248.64  1.03321e-15
6250.05  1.00929e-15
6251.46  9.86616e-16
6252.87  9.66711e-16
6254.28  9.50838e-16
6255.69  9.3988e-16
6257.1   9.34271e-16
6258.51  9.33984e-16
6259.93  9.38566e-16
6261.34  9.47215e-16
6262.75  9.58889e-16
6264.16  9.72429e-16
6265.57  9.86675e-16
6266.98  1.00058e-15
6268.39  1.01331e-15
6269.81  1.02428e-15
6271.22  1.0332e-15
6272.63  1.04006e-15
6274.04  1.04507e-15
6275.45  1.0486e-15
6276.86  1.05108e-15
6278.27  1.05288e-15
6279.69  1.05425e-15
6281.1   1.05528e-15
6282.51  1.05585e-15
6283.92  1.05569e-15
6285.33  1.0545e-15
6286.74  1.05198e-15
6288.15  1.04799e-15
6289.56  1.04262e-15
6290.98  1.0362e-15
6292.39  1.0293e-15
6293.8   1.02261e-15
6295.21  1.01684e-15
6296.62  1.01254e-15
6298.03  1.00999e-15
6299.44  1.0091e-15
6300.86  1.00944e-15
6302.27  1.0103e-15
6303.68  1.01089e-15
6305.09  1.0105e-15
6306.5   1.00876e-15
6307.91  1.00575e-15
6309.32  1.00206e-15
6310.74  9.98768e-16
6312.15  9.9722e-16
6313.56  9.98785e-16
6314.97  1.00454e-15
6316.38  1.015e-15
6317.79  1.02992e-15
6319.2   1.04822e-15
6320.61  1.06811e-15
6322.03  1.08734e-15
6323.44  1.10355e-15
6324.85  1.11467e-15
6326.26  1.11931e-15
6327.67  1.11703e-15
6329.08  1.10844e-15
6330.49  1.09512e-15
6331.91  1.07941e-15
6333.32  1.06399e-15
6334.73  1.05147e-15
6336.14  1.04396e-15
6337.55  1.0427e-15
6338.96  1.04795e-15
6340.37  1.05892e-15
6341.79  1.07395e-15
6343.2   1.09087e-15
6344.61  1.10733e-15
6346.02  1.12127e-15
6347.43  1.1312e-15
6348.84  1.13645e-15
6350.25  1.13724e-15
6351.66  1.13455e-15
6353.08  1.12994e-15
6354.49  1.12517e-15
6355.9   1.12185e-15
6357.31  1.12119e-15
6358.72  1.12368e-15
6360.13  1.12906e-15
6361.54  1.13636e-15
6362.96  1.14409e-15
6364.37  1.15053e-15
6365.78  1.1541e-15
6367.19  1.15363e-15
6368.6   1.14866e-15
6370.01  1.13957e-15
6371.42  1.12756e-15
6372.84  1.1145e-15
6374.25  1.10265e-15
6375.66  1.09432e-15
6377.07  1.09152e-15
6378.48  1.09558e-15
6379.89  1.10697e-15
6381.3   1.12517e-15
6382.71  1.14874e-15
6384.13  1.17545e-15
6385.54  1.20261e-15
6386.95  1.22742e-15
6388.36  1.24731e-15
6389.77  1.26031e-15
6391.18  1.26523e-15
6392.59  1.26186e-15
6394.01  1.25092e-15
6395.42  1.23397e-15
6396.83  1.2132e-15
6398.24  1.19108e-15
6399.65  1.17011e-15
6401.06  1.15244e-15
6402.47  1.13969e-15
6403.88  1.13271e-15
6405.3   1.13159e-15
6406.71  1.13567e-15
6408.12  1.14374e-15
6409.53  1.15424e-15
6410.94  1.16559e-15
6412.35  1.17639e-15
6413.76  1.18566e-15
6415.18  1.19294e-15
6416.59  1.19832e-15
6418     1.20231e-15
6419.41  1.20572e-15
6420.82  1.20938e-15
6422.23  1.21396e-15
6423.64  1.21979e-15
6425.06  1.22678e-15
6426.47  1.23439e-15
6427.88  1.24179e-15
6429.29  1.24799e-15
6430.7   1.25207e-15
6432.11  1.25341e-15
6433.52  1.25179e-15
6434.93  1.24751e-15
6436.35  1.24129e-15
6437.76  1.23423e-15
6439.17  1.2275e-15
6440.58  1.22222e-15
6441.99  1.21918e-15
6443.4   1.21874e-15
6444.81  1.22074e-15
6446.23  1.22458e-15
6447.64  1.22932e-15
6449.05  1.23391e-15
6450.46  1.23739e-15
6451.87  1.23911e-15
6453.28  1.23885e-15
6454.69  1.23688e-15
6456.11  1.23386e-15
6457.52  1.23075e-15
6458.93  1.22858e-15
6460.34  1.22826e-15
6461.75  1.23034e-15
6463.16  1.23497e-15
6464.57  1.2418e-15
6465.98  1.25012e-15
6467.4   1.25892e-15
6468.81  1.26717e-15
6470.22  1.27393e-15
6471.63  1.27858e-15
6473.04  1.28087e-15
6474.45  1.28092e-15
6475.86  1.27919e-15
6477.28  1.27626e-15
6478.69  1.27275e-15
6480.1   1.2691e-15
6481.51  1.26551e-15
6482.92  1.26186e-15
6484.33  1.2578e-15
6485.74  1.25281e-15
6487.16  1.24642e-15
6488.57  1.23833e-15
6489.98  1.22856e-15
6491.39  1.21751e-15
6492.8   1.206e-15
6494.21  1.1951e-15
6495.62  1.18602e-15
6497.03  1.17993e-15
6498.45  1.17771e-15
6499.86  1.17986e-15
6501.27  1.18636e-15
6502.68  1.19669e-15
6504.09  1.20994e-15
6505.5   1.22491e-15
6506.91  1.24033e-15
6508.33  1.25501e-15
6509.74  1.26799e-15
6511.15  1.27862e-15
6512.56  1.28656e-15
6513.97  1.29176e-15
6515.38  1.29433e-15
6516.79  1.29447e-15
6518.21  1.29241e-15
6519.62  1.28833e-15
6521.03  1.28243e-15
6522.44  1.27495e-15
6523.85  1.26621e-15
6525.26  1.2567e-15
6526.67  1.24707e-15
6528.08  1.23808e-15
6529.5   1.23052e-15
6530.91  1.22509e-15
6532.32  1.22226e-15
6533.73  1.22212e-15
6535.14  1.22442e-15
6536.55  1.2285e-15
6537.96  1.23345e-15
6539.38  1.23825e-15
6540.79  1.24192e-15
6542.2   1.24376e-15
6543.61  1.24339e-15
6545.02  1.24087e-15
6546.43  1.23662e-15
6547.84  1.23134e-15
6549.26  1.22587e-15
6550.67  1.22099e-15
6552.08  1.21731e-15
6553.49  1.21517e-15
6554.9   1.2146e-15
6556.31  1.21537e-15
6557.72  1.21705e-15
6559.13  1.21916e-15
6560.55  1.22126e-15
6561.96  1.22302e-15
6563.37  1.22427e-15
6564.78  1.22501e-15
6566.19  1.22533e-15
6567.6   1.22535e-15
6569.01  1.22516e-15
6570.43  1.22476e-15
6571.84  1.22409e-15
6573.25  1.22296e-15
6574.66  1.22122e-15
6576.07  1.21875e-15
6577.48  1.21555e-15
6578.89  1.2118e-15
6580.3   1.20782e-15
6581.72  1.20408e-15
6583.13  1.20104e-15
6584.54  1.19916e-15
6585.95  1.19874e-15
6587.36  1.19985e-15
6588.77  1.20236e-15
6590.18  1.20595e-15
6591.6   1.21015e-15
6593.01  1.21447e-15
6594.42  1.21845e-15
6595.83  1.22181e-15
6597.24  1.2244e-15
6598.65  1.22625e-15
6600.06  1.22753e-15
6601.48  1.22842e-15
6602.89  1.22911e-15
6604.3   1.22965e-15
6605.71  1.22998e-15
6607.12  1.22991e-15
6608.53  1.22915e-15
6609.94  1.22742e-15
6611.35  1.22452e-15
6612.77  1.22038e-15
6614.18  1.21516e-15
6615.59  1.20921e-15
6617     1.20306e-15
6618.41  1.19732e-15
6619.82  1.1926e-15
6621.23  1.1894e-15
6622.65  1.18804e-15
6624.06  1.18857e-15
6625.47  1.1908e-15
6626.88  1.19434e-15
6628.29  1.19863e-15
6629.7   1.20308e-15
6631.11  1.20717e-15
6632.53  1.21048e-15
6633.94  1.21281e-15
6635.35  1.21416e-15
6636.76  1.21471e-15
6638.17  1.21473e-15
6639.58  1.21456e-15
6640.99  1.21444e-15
6642.4   1.21447e-15
6643.82  1.2146e-15
6645.23  1.21456e-15
6646.64  1.21396e-15
6648.05  1.21234e-15
6649.46  1.20929e-15
6650.87  1.20452e-15
6652.28  1.19794e-15
6653.7   1.18973e-15
6655.11  1.18024e-15
6656.52  1.17e-15
6657.93  1.15958e-15
6659.34  1.14948e-15
6660.75  1.14007e-15
6662.16  1.13148e-15
6663.58  1.12362e-15
6664.99  1.11622e-15
6666.4   1.10888e-15
6667.81  1.10122e-15
6669.22  1.09299e-15
6670.63  1.08413e-15
6672.04  1.07488e-15
6673.45  1.06571e-15
6674.87  1.05729e-15
6676.28  1.0504e-15
6677.69  1.04577e-15
6679.1   1.04396e-15
6680.51  1.04522e-15
6681.92  1.04946e-15
6683.33  1.05619e-15
6684.75  1.06462e-15
6686.16  1.07368e-15
6687.57  1.08224e-15
6688.98  1.08923e-15
6690.39  1.09376e-15
6691.8   1.0953e-15
6693.21  1.09372e-15
6694.63  1.08926e-15
6696.04  1.08253e-15
6697.45  1.07432e-15
6698.86  1.0655e-15
6700.27  1.05684e-15
6701.68  1.04887e-15
6703.09  1.04187e-15
6704.5   1.03577e-15
6705.92  1.0303e-15
6707.33  1.02508e-15
6708.74  1.01977e-15
6710.15  1.01419e-15
6711.56  1.00847e-15
6712.97  1.00305e-15
6714.38  9.98625e-16
6715.8   9.96048e-16
6717.21  9.96148e-16
6718.62  9.99544e-16
6720.03  1.00647e-15
6721.44  1.01667e-15
6722.85  1.02936e-15
6724.26  1.04329e-15
6725.67  1.05687e-15
6727.09  1.06839e-15
6728.5   1.07628e-15
6729.91  1.07929e-15
6731.32  1.07674e-15
6732.73  1.06859e-15
6734.14  1.0555e-15
6735.55  1.03875e-15
6736.97  1.0201e-15
6738.38  1.00157e-15
6739.79  9.85184e-16
6741.2   9.72744e-16
6742.61  9.65611e-16
6744.02  9.64558e-16
6745.43  9.69697e-16
6746.85  9.80487e-16
6748.26  9.95823e-16
6749.67  1.01418e-15
6751.08  1.03383e-15
6752.49  1.05299e-15
6753.9   1.07008e-15
6755.31  1.08387e-15
6756.72  1.0936e-15
6758.14  1.09902e-15
6759.55  1.10039e-15
6760.96  1.09841e-15
6762.37  1.09408e-15
6763.78  1.08853e-15
6765.19  1.08284e-15
6766.6   1.07788e-15
6768.02  1.07419e-15
6769.43  1.07191e-15
6770.84  1.07078e-15
6772.25  1.07024e-15
6773.66  1.06952e-15
6775.07  1.06788e-15
6776.48  1.0647e-15
6777.9   1.05965e-15
6779.31  1.05279e-15
6780.72  1.04453e-15
6782.13  1.03561e-15
6783.54  1.02697e-15
6784.95  1.01956e-15
6786.36  1.01424e-15
6787.77  1.0116e-15
6789.19  1.01193e-15
6790.6   1.01514e-15
6792.01  1.02086e-15
6793.42  1.02848e-15
6794.83  1.03726e-15
6796.24  1.04646e-15
6797.65  1.05539e-15
6799.07  1.06352e-15
6800.48  1.07043e-15
6801.89  1.07587e-15
6803.3   1.07969e-15
6804.71  1.08183e-15
6806.12  1.08232e-15
6807.53  1.08121e-15
6808.95  1.07865e-15
6810.36  1.07486e-15
6811.77  1.07015e-15
6813.18  1.06495e-15
6814.59  1.05973e-15
6816     1.055e-15
6817.41  1.05123e-15
6818.82  1.04877e-15
6820.24  1.0478e-15
6821.65  1.04826e-15
6823.06  1.04983e-15
6824.47  1.05202e-15
6825.88  1.05419e-15
6827.29  1.0557e-15
6828.7   1.05599e-15
6830.12  1.05475e-15
6831.53  1.05196e-15
6832.94  1.04794e-15
6834.35  1.04332e-15
6835.76  1.03892e-15
6837.17  1.03566e-15
6838.58  1.03434e-15
6840     1.03551e-15
6841.41  1.03933e-15
6842.82  1.04552e-15
6844.23  1.05336e-15
6845.64  1.0618e-15
6847.05  1.06962e-15
6848.46  1.07566e-15
6849.87  1.07897e-15
6851.29  1.07904e-15
6852.7   1.07587e-15
6854.11  1.06999e-15
6855.52  1.06232e-15
6856.93  1.05406e-15
6858.34  1.04645e-15
6859.75  1.04049e-15
6861.17  1.03682e-15
6862.58  1.03554e-15
6863.99  1.03626e-15
6865.4   1.03813e-15
6866.81  1.04006e-15
6868.22  1.04092e-15
6869.63  1.03986e-15
6871.04  1.03643e-15
6872.46  1.03077e-15
6873.87  1.02361e-15
6875.28  1.01615e-15
6876.69  1.00986e-15
6878.1   1.00624e-15
6879.51  1.00646e-15
6880.92  1.01112e-15
6882.34  1.02008e-15
6883.75  1.03242e-15
6885.16  1.04647e-15
6886.57  1.06011e-15
6887.98  1.07101e-15
6889.39  1.07711e-15
6890.8   1.07689e-15
6892.22  1.06969e-15
6893.63  1.05589e-15
6895.04  1.03686e-15
6896.45  1.01482e-15
6897.86  9.92507e-16
6899.27  9.72767e-16
6900.68  9.5814e-16
6902.09  9.50471e-16
6903.51  9.5065e-16
6904.92  9.58498e-16
6906.33  9.72814e-16
6907.74  9.91591e-16
6909.15  1.01233e-15
6910.56  1.03241e-15
6911.97  1.04947e-15
6913.39  1.06171e-15
6914.8   1.06808e-15
6916.21  1.0684e-15
6917.62  1.0633e-15
6919.03  1.05406e-15
6920.44  1.04241e-15
6921.85  1.03026e-15
6923.27  1.01942e-15
6924.68  1.01136e-15
6926.09  1.00704e-15
6927.5   1.00682e-15
6928.91  1.01043e-15
6930.32  1.01704e-15
6931.73  1.02539e-15
6933.14  1.03406e-15
6934.56  1.04164e-15
6935.97  1.04698e-15
6937.38  1.04937e-15
6938.79  1.04869e-15
6940.2   1.0454e-15
6941.61  1.04048e-15
6943.02  1.03528e-15
6944.44  1.03128e-15
6945.85  1.02982e-15
6947.26  1.03189e-15
6948.67  1.0379e-15
6950.08  1.04761e-15
6951.49  1.06014e-15
6952.9   1.0741e-15
6954.32  1.08781e-15
6955.73  1.09958e-15
6957.14  1.10794e-15
6958.55  1.11191e-15
6959.96  1.11113e-15
6961.37  1.1059e-15
6962.78  1.09707e-15
6964.19  1.08593e-15
6965.61  1.07396e-15
6967.02  1.06257e-15
6968.43  1.05293e-15
6969.84  1.0458e-15
6971.25  1.04143e-15
6972.66  1.03962e-15
6974.07  1.0398e-15
6975.49  1.04114e-15
6976.9   1.04275e-15
6978.31  1.04384e-15
6979.72  1.04387e-15
6981.13  1.04262e-15
6982.54  1.0402e-15
6983.95  1.03705e-15
6985.37  1.03382e-15
6986.78  1.03128e-15
6988.19  1.03012e-15
6989.6   1.03089e-15
6991.01  1.03383e-15
6992.42  1.03885e-15
6993.83  1.04551e-15
6995.24  1.05305e-15
6996.66  1.06052e-15
6998.07  1.06693e-15
6999.48  1.07139e-15
7000.89  1.07328e-15
7002.3   1.07241e-15
7003.71  1.06904e-15
7005.12  1.06391e-15
7006.54  1.05808e-15
7007.95  1.05278e-15
7009.36  1.04916e-15
7010.77  1.04801e-15
7012.18  1.04956e-15
7013.59  1.05336e-15
7015     1.0583e-15
7016.41  1.06269e-15
7017.83  1.06457e-15
7019.24  1.06206e-15
7020.65  1.05372e-15
7022.06  1.03888e-15
7023.47  1.01788e-15
7024.88  9.92098e-16
7026.29  9.6386e-16
7027.71  9.36135e-16
7029.12  9.12121e-16
7030.53  8.94771e-16
7031.94  8.86329e-16
7033.35  8.87972e-16
7034.76  8.99597e-16
7036.17  9.19797e-16
7037.59  9.46045e-16
7039     9.75025e-16
7040.41  1.0031e-15
7041.82  1.0268e-15
7043.23  1.0433e-15
7044.64  1.05078e-15
7046.05  1.04866e-15
7047.46  1.03758e-15
7048.88  1.0193e-15
7050.29  9.96377e-16
7051.7   9.71761e-16
7053.11  9.48396e-16
7054.52  9.28811e-16
7055.93  9.14836e-16
7057.34  9.0743e-16
7058.76  9.06662e-16
7060.17  9.11822e-16
7061.58  9.21627e-16
7062.99  9.34476e-16
7064.4   9.48714e-16
7065.81  9.62855e-16
7067.22  9.7573e-16
7068.64  9.8656e-16
7070.05  9.94944e-16
7071.46  1.00079e-15
7072.87  1.00422e-15
7074.28  1.00544e-15
7075.69  1.00466e-15
7077.1   1.00203e-15
7078.51  9.97662e-16
7079.93  9.91604e-16
7081.34  9.83931e-16
7082.75  9.74792e-16
7084.16  9.64454e-16
7085.57  9.5332e-16
7086.98  9.41906e-16
7088.39  9.30787e-16
7089.81  9.20517e-16
7091.22  9.11552e-16
7092.63  9.04185e-16
7094.04  8.98513e-16
7095.45  8.94448e-16
7096.86  8.91757e-16
7098.27  8.9013e-16
7099.69  8.89243e-16
7101.1   8.88814e-16
7102.51  8.88635e-16
7103.92  8.88572e-16
7105.33  8.88555e-16
7106.74  8.88551e-16
7108.15  8.8855e-16
7109.56  8.8855e-16