3637.16  6.01739e-16
3640.07  6.24403e-16
3642.98  6.2685e-16
3645.89  6.08462e-16
3648.8   5.71712e-16
3651.72  5.21974e-16
3654.63  4.66869e-16
3657.54  4.15278e-16
3660.45  3.76161e-16
3663.36  3.57368e-16
3666.27  3.64608e-16
3669.18  4.00702e-16
3672.09  4.652e-16
3675     5.54391e-16
3677.92  6.61667e-16
3680.83  7.78203e-16
3683.74  8.93877e-16
3686.65  9.98337e-16
3689.56  1.08213e-15
3692.47  1.13777e-15
3695.38  1.16067e-15
3698.29  1.14972e-15
3701.2   1.10751e-15
3704.12  1.04012e-15
3707.03  9.5632e-16
3709.94  8.66482e-16
3712.85  7.8114e-16
3715.76  7.09518e-16
3718.67  6.58215e-16
3721.58  6.30276e-16
3724.49  6.24822e-16
3727.4   6.37298e-16
3730.32  6.60319e-16
3733.23  6.84967e-16
3736.14  7.02328e-16
3739.05  7.04993e-16
3741.96  6.88276e-16
3744.87  6.50948e-16
3747.78  5.95349e-16
3750.69  5.26902e-16
3753.6   4.53103e-16
3756.51  3.82183e-16
3759.43  3.21692e-16
3762.34  2.77242e-16
3765.25  2.51645e-16
3768.16  2.44582e-16
3771.07  2.5286e-16
3773.98  2.71194e-16
3776.89  2.93367e-16
3779.8   3.13527e-16
3782.71  3.27379e-16
3785.63  3.33025e-16
3788.54  3.31275e-16
3791.45  3.25372e-16
3794.36  3.2017e-16
3797.27  3.20934e-16
3800.18  3.32004e-16
3803.09  3.55626e-16
3806     3.91183e-16
3808.91  4.35034e-16
3811.83  4.81025e-16
3814.74  5.21583e-16
3817.65  5.49212e-16
3820.56  5.58097e-16
3823.47  5.45496e-16
3826.38  5.1261e-16
3829.29  4.64752e-16
3832.2   4.10725e-16
3835.11  3.6149e-16
3838.02  3.28358e-16
3840.94  3.21022e-16
3843.85  3.45783e-16
3846.76  4.04327e-16
3849.67  4.93265e-16
3852.58  6.0455e-16
3855.49  7.2669e-16
3858.4   8.46534e-16
3861.31  9.51317e-16
3864.22  1.03058e-15
3867.14  1.07761e-15
3870.05  1.09022e-15
3872.96  1.0707e-15
3875.87  1.025e-15
3878.78  9.61426e-16
3881.69  8.89055e-16
3884.6   8.16204e-16
3887.51  7.49274e-16
3890.42  6.92131e-16
3893.34  6.46102e-16
3896.25  6.10518e-16
3899.16  5.83619e-16
3902.07  5.63587e-16
3904.98  5.49445e-16
3907.89  5.4161e-16
3910.8   5.41981e-16
3913.71  5.53563e-16
3916.62  5.79719e-16
3919.54  6.23246e-16
3922.45  6.8549e-16
3925.36  7.65709e-16
3928.27  8.60822e-16
3931.18  9.65599e-16
3934.09  1.07325e-15
3937     1.17628e-15
3939.91  1.26743e-15
3942.82  1.34061e-15
3945.73  1.39151e-15
3948.65  1.41801e-15
3951.56  1.42027e-15
3954.47  1.40047e-15
3957.38  1.36251e-15
3960.29  1.31146e-15
3963.2   1.25306e-15
3966.11  1.19322e-15
3969.02  1.1376e-15
3971.93  1.09114e-15
3974.85  1.05772e-15
3977.76  1.03979e-15
3980.67  1.03816e-15
3983.58  1.0518e-15
3986.49  1.0779e-15
3989.4   1.11205e-15
3992.31  1.14876e-15
3995.22  1.18202e-15
3998.13  1.20614e-15
4001.05  1.21652e-15
4003.96  1.21033e-15
4006.87  1.187e-15
4009.78  1.14836e-15
4012.69  1.09844e-15
4015.6   1.04291e-15
4018.51  9.88257e-16
4021.42  9.40846e-16
4024.33  9.0595e-16
4027.24  8.86998e-16
4030.16  8.8511e-16
4033.07  8.99007e-16
4035.98  9.25306e-16
4038.89  9.5912e-16
4041.8   9.94861e-16
4044.71  1.02708e-15
4047.62  1.05118e-15
4050.53  1.06397e-15
4053.44  1.06383e-15
4056.36  1.05073e-15
4059.27  1.0259e-15
4062.18  9.91465e-16
4065.09  9.50004e-16
4068     9.04148e-16
4070.91  8.56321e-16
4073.82  8.08575e-16
4076.73  7.62551e-16
4079.64  7.19495e-16
4082.56  6.80327e-16
4085.47  6.45704e-16
4088.38  6.1608e-16
4091.29  5.91756e-16
4094.2   5.72931e-16
4097.11  5.5976e-16
4100.02  5.52419e-16
4102.93  5.51176e-16
4105.84  5.56436e-16
4108.76  5.68746e-16
4111.67  5.88731e-16
4114.58  6.16957e-16
4117.49  6.53732e-16
4120.4   6.98868e-16
4123.31  7.51457e-16
4126.22  8.09715e-16
4129.13  8.70936e-16
4132.04  9.31603e-16
4134.95  9.87651e-16
4137.87  1.03487e-15
4140.78  1.06941e-15
4143.69  1.08829e-15
4146.6   1.08983e-15
4149.51  1.074e-15
4152.42  1.04254e-15
4155.33  9.98827e-16
4158.24  9.47585e-16
4161.15  8.94328e-16
4164.07  8.44717e-16
4166.98  8.0386e-16
4169.89  7.75663e-16
4172.8   7.62321e-16
4175.71  7.64035e-16
4178.62  7.78999e-16
4181.53  8.03668e-16
4184.44  8.3327e-16
4187.35  8.625e-16
4190.27  8.86287e-16
4193.18  9.00504e-16
4196.09  9.02536e-16
4199     8.91581e-16
4201.91  8.68681e-16
4204.82  8.36448e-16
4207.73  7.98578e-16
4210.64  7.59222e-16
4213.55  7.22334e-16
4216.47  6.91119e-16
4219.38  6.67645e-16
4222.29  6.5269e-16
4225.2   6.45822e-16
4228.11  6.45673e-16
4231.02  6.50357e-16
4233.93  6.57944e-16
4236.84  6.66908e-16
4239.75  6.76468e-16
4242.66  6.86782e-16
4245.58  6.98943e-16
4248.49  7.14784e-16
4251.4   7.36516e-16
4254.31  7.66247e-16
4257.22  8.05452e-16
4260.13  8.54482e-16
4263.04  9.122e-16
4265.95  9.75823e-16
4268.86  1.04101e-15
4271.78  1.10223e-15
4274.69  1.15336e-15
4277.6   1.18844e-15
4280.51  1.20251e-15
4283.42  1.19236e-15
4286.33  1.15706e-15
4289.24  1.09828e-15
4292.15  1.02018e-15
4295.06  9.28989e-16
4297.98  8.32357e-16
4300.89  7.3843e-16
4303.8   6.54947e-16
4306.71  5.88382e-16
4309.62  5.4329e-16
4312.53  5.21913e-16
4315.44  5.24088e-16
4318.35  5.47435e-16
4321.26  5.87775e-16
4324.18  6.39707e-16
4327.09  6.9725e-16
4330     7.54476e-16
4332.91  8.0607e-16
4335.82  8.47753e-16
4338.73  8.76567e-16
4341.64  8.90977e-16
4344.55  8.90843e-16
4347.46  8.77241e-16
4350.37  8.52212e-16
4353.29  8.18443e-16
4356.2   7.78949e-16
4359.11  7.36774e-16
4362.02  6.94748e-16
4364.93  6.55313e-16
4367.84  6.20411e-16
4370.75  5.91438e-16
4373.66  5.69246e-16
4376.57  5.54174e-16
4379.49  5.461e-16
4382.4   5.44506e-16
4385.31  5.4855e-16
4388.22  5.57136e-16
4391.13  5.68987e-16
4394.04  5.82714e-16
4396.95  5.96878e-16
4399.86  6.10062e-16
4402.77  6.20949e-16
4405.69  6.28431e-16
4408.6   6.31728e-16
4411.51  6.30547e-16
4414.42  6.25213e-16
4417.33  6.16776e-16
4420.24  6.07021e-16
4423.15  5.98352e-16
4426.06  5.93534e-16
4428.97  5.95313e-16
4431.88  6.05948e-16
4434.8   6.26761e-16
4437.71  6.57784e-16
4440.62  6.97593e-16
4443.53  7.43392e-16
4446.44  7.91334e-16
4449.35  8.37048e-16
4452.26  8.76268e-16
4455.17  9.05457e-16
4458.08  9.22301e-16
4461     9.26003e-16
4463.91  9.1734e-16
4466.82  8.98489e-16
4469.73  8.72688e-16
4472.64  8.43809e-16
4475.55  8.1592e-16
4478.46  7.92898e-16
4481.37  7.78115e-16
4484.28  7.74198e-16
4487.2   7.82855e-16
4490.11  8.04723e-16
4493.02  8.39257e-16
4495.93  8.84657e-16
4498.84  9.37888e-16
4501.75  9.94836e-16
4504.66  1.05064e-15
4507.57  1.1002e-15
4510.48  1.1389e-15
4513.4   1.16328e-15
4516.31  1.17178e-15
4519.22  1.16519e-15
4522.13  1.14685e-15
4525.04  1.1223e-15
4527.95  1.09867e-15
4530.86  1.08364e-15
4533.77  1.0842e-15
4536.68  1.10552e-15
4539.59  1.15002e-15
4542.51  1.21689e-15
4545.42  1.30226e-15
4548.33  1.39979e-15
4551.24  1.50184e-15
4554.15  1.60078e-15
4557.06  1.69036e-15
4559.97  1.76671e-15
4562.88  1.82888e-15
4565.79  1.87878e-15
4568.71  1.92052e-15
4571.62  1.95927e-15
4574.53  1.99997e-15
4577.44  2.04604e-15
4580.35  2.0985e-15
4583.26  2.15555e-15
4586.17  2.21288e-15
4589.08  2.26443e-15
4591.99  2.30365e-15
4594.91  2.32494e-15
4597.82  2.3249e-15
4600.73  2.3032e-15
4603.64  2.26295e-15
4606.55  2.21029e-15
4609.46  2.15349e-15
4612.37  2.10156e-15
4615.28  2.06269e-15
4618.19  2.04287e-15
4621.1   2.04475e-15
4624.02  2.06723e-15
4626.93  2.10554e-15
4629.84  2.15213e-15
4632.75  2.19785e-15
4635.66  2.23354e-15
4638.57  2.25152e-15
4641.48  2.24685e-15
4644.39  2.21805e-15
4647.3   2.16728e-15
4650.22  2.09979e-15
4653.13  2.02298e-15
4656.04  1.94495e-15
4658.95  1.8731e-15
4661.86  1.81279e-15
4664.77  1.76644e-15
4667.68  1.73319e-15
4670.59  1.70911e-15
4673.5   1.68806e-15
4676.42  1.66282e-15
4679.33  1.62651e-15
4682.24  1.57387e-15
4685.15  1.50224e-15
4688.06  1.41205e-15
4690.97  1.30682e-15
4693.88  1.19253e-15
4696.79  1.0767e-15
4699.7   9.67208e-16
4702.62  8.71091e-16
4705.53  7.93639e-16
4708.44  7.37794e-16
4711.35  7.04009e-16
4714.26  6.90523e-16
4717.17  6.93978e-16
4720.08  7.10204e-16
4722.99  7.35038e-16
4725.9   7.64994e-16
4728.81  7.97697e-16
4731.73  8.32004e-16
4734.64  8.67845e-16
4737.55  9.05835e-16
4740.46  9.46764e-16
4743.37  9.91095e-16
4746.28  1.03857e-15
4749.19  1.08803e-15
4752.1   1.13745e-15
4755.01  1.18423e-15
4757.93  1.2256e-15
4760.84  1.25919e-15
4763.75  1.28345e-15
4766.66  1.29799e-15
4769.57  1.30371e-15
4772.48  1.30267e-15
4775.39  1.29774e-15
4778.3   1.29214e-15
4781.21  1.28891e-15
4784.13  1.29045e-15
4787.04  1.29824e-15
4789.95  1.31272e-15
4792.86  1.33339e-15
4795.77  1.35915e-15
4798.68  1.38859e-15
4801.59  1.42052e-15
4804.5   1.45417e-15
4807.41  1.48948e-15
4810.32  1.52697e-15
4813.24  1.56762e-15
4816.15  1.61243e-15
4819.06  1.66198e-15
4821.97  1.71599e-15
4824.88  1.77301e-15
4827.79  1.83023e-15
4830.7   1.88371e-15
4833.61  1.92864e-15
4836.52  1.96006e-15
4839.44  1.97349e-15
4842.35  1.96568e-15
4845.26  1.93526e-15
4848.17  1.88303e-15
4851.08  1.81207e-15
4853.99  1.72749e-15
4856.9   1.6358e-15
4859.81  1.54417e-15
4862.72  1.45954e-15
4865.64  1.38775e-15
4868.55  1.33285e-15
4871.46  1.29668e-15
4874.37  1.27877e-15
4877.28  1.2766e-15
4880.19  1.28613e-15
4883.1   1.3026e-15
4886.01  1.32133e-15
4888.92  1.3386e-15
4891.84  1.35219e-15
4894.75  1.36176e-15
4897.66  1.36885e-15
4900.57  1.37643e-15
4903.48  1.38838e-15
4906.39  1.40862e-15
4909.3   1.44036e-15
4912.21  1.48539e-15
4915.12  1.54372e-15
4918.03  1.61348e-15
4920.95  1.69117e-15
4923.86  1.77216e-15
4926.77  1.85135e-15
4929.68  1.92385e-15
4932.59  1.98552e-15
4935.5   2.03336e-15
4938.41  2.06558e-15
4941.32  2.08154e-15
4944.23  2.08146e-15
4947.15  2.06613e-15
4950.06  2.03668e-15
4952.97  1.99447e-15
4955.88  1.94109e-15
4958.79  1.8785e-15
4961.7   1.80924e-15
4964.61  1.73649e-15
4967.52  1.66405e-15
4970.43  1.59609e-15
4973.35  1.53674e-15
4976.26  1.48951e-15
4979.17  1.45672e-15
4982.08  1.43906e-15
4984.99  1.43531e-15
4987.9   1.44241e-15
4990.81  1.45583e-15
4993.72  1.47017e-15
4996.63  1.47993e-15
4999.55  1.48029e-15
5002.46  1.46774e-15
5005.37  1.44051e-15
5008.28  1.39868e-15
5011.19  1.34409e-15
5014.1   1.2799e-15
5017.01  1.21014e-15
5019.92  1.13916e-15
5022.83  1.07111e-15
5025.74  1.00962e-15
5028.66  9.57513e-16
5031.57  9.16712e-16
5034.48  8.88261e-16
5037.39  8.7237e-16
5040.3   8.68513e-16
5043.21  8.75525e-16
5046.12  8.917e-16
5049.03  9.14904e-16
5051.94  9.42697e-16
5054.86  9.72492e-16
5057.77  1.00175e-15
5060.68  1.02816e-15
5063.59  1.04985e-15
5066.5   1.06553e-15
5069.41  1.07452e-15
5072.32  1.07682e-15
5075.23  1.07296e-15
5078.14  1.06391e-15
5081.06  1.05092e-15
5083.97  1.03539e-15
5086.88  1.01877e-15
5089.79  1.00253e-15
5092.7   9.88076e-16
5095.61  9.76782e-16
5098.52  9.69897e-16
5101.43  9.68471e-16
5104.34  9.73212e-16
5107.26  9.84339e-16
5110.17  1.00144e-15
5113.08  1.02341e-15
5115.99  1.04847e-15
5118.9   1.07433e-15
5121.81  1.09845e-15
5124.72  1.11841e-15
5127.63  1.13224e-15
5130.54  1.13876e-15
5133.45  1.13774e-15
5136.37  1.12991e-15
5139.28  1.11678e-15
5142.19  1.10032e-15
5145.1   1.08257e-15
5148.01  1.06524e-15
5150.92  1.0494e-15
5153.83  1.03542e-15
5156.74  1.02303e-15
5159.65  1.01157e-15
5162.57  1.00039e-15
5165.48  9.89183e-16
5168.39  9.78316e-16
5171.3   9.68895e-16
5174.21  9.6267e-16
5177.12  9.6172e-16
5180.03  9.67984e-16
5182.94  9.82769e-16
5185.85  1.00632e-15
5188.77  1.03757e-15
5191.68  1.07418e-15
5194.59  1.11276e-15
5197.5   1.14946e-15
5200.41  1.18062e-15
5203.32  1.20342e-15
5206.23  1.21654e-15
5209.14  1.22039e-15
5212.05  1.21725e-15
5214.96  1.21086e-15
5217.88  1.20589e-15
5220.79  1.20713e-15
5223.7   1.21867e-15
5226.61  1.24319e-15
5229.52  1.28143e-15
5232.43  1.33204e-15
5235.34  1.39178e-15
5238.25  1.4559e-15
5241.16  1.51895e-15
5244.08  1.57552e-15
5246.99  1.62106e-15
5249.9   1.65249e-15
5252.81  1.66864e-15
5255.72  1.67034e-15
5258.63  1.66026e-15
5261.54  1.64251e-15
5264.45  1.62199e-15
5267.36  1.60377e-15
5270.28  1.59239e-15
5273.19  1.59129e-15
5276.1   1.60244e-15
5279.01  1.62621e-15
5281.92  1.66142e-15
5284.83  1.70559e-15
5287.74  1.75546e-15
5290.65  1.80741e-15
5293.56  1.85798e-15
5296.48  1.90428e-15
5299.39  1.94421e-15
5302.3   1.97657e-15
5305.21  2.00099e-15
5308.12  2.01772e-15
5311.03  2.02734e-15
5313.94  2.03056e-15
5316.85  2.02799e-15
5319.76  2.02002e-15
5322.67  2.0069e-15
5325.59  1.98883e-15
5328.5   1.96613e-15
5331.41  1.93941e-15
5334.32  1.90964e-15
5337.23  1.87816e-15
5340.14  1.84647e-15
5343.05  1.81603e-15
5345.96  1.78792e-15
5348.87  1.76265e-15
5351.79  1.73998e-15
5354.7   1.719e-15
5357.61  1.69837e-15
5360.52  1.67679e-15
5363.43  1.65341e-15
5366.34  1.62834e-15
5369.25  1.6029e-15
5372.16  1.5797e-15
5375.07  1.5623e-15
5377.99  1.55475e-15
5380.9   1.56077e-15
5383.81  1.58307e-15
5386.72  1.62257e-15
5389.63  1.67808e-15
5392.54  1.74621e-15
5395.45  1.82179e-15
5398.36  1.89856e-15
5401.27  1.97014e-15
5404.19  2.03115e-15
5407.1   2.07809e-15
5410.01  2.10998e-15
5412.92  2.12864e-15
5415.83  2.13835e-15
5418.74  2.14521e-15
5421.65  2.15604e-15
5424.56  2.17721e-15
5427.47  2.21346e-15
5430.38  2.26702e-15
5433.3   2.33714e-15
5436.21  2.42014e-15
5439.12  2.50993e-15
5442.03  2.59902e-15
5444.94  2.67966e-15
5447.85  2.7451e-15
5450.76  2.79062e-15
5453.67  2.81425e-15
5456.58  2.81692e-15
5459.5   2.80228e-15
5462.41  2.77596e-15
5465.32  2.74464e-15
5468.23  2.71502e-15
5471.14  2.69283e-15
5474.05  2.68209e-15
5476.96  2.68471e-15
5479.87  2.70039e-15
5482.78  2.72687e-15
5485.7   2.76044e-15
5488.61  2.79651e-15
5491.52  2.83028e-15
5494.43  2.85728e-15
5497.34  2.87383e-15
5500.25  2.87733e-15
5503.16  2.86643e-15
5506.07  2.84106e-15
5508.98  2.80241e-15
5511.89  2.75277e-15
5514.81  2.69541e-15
5517.72  2.63435e-15
5520.63  2.57405e-15
5523.54  2.51911e-15
5526.45  2.47389e-15
5529.36  2.44207e-15
5532.27  2.42628e-15
5535.18  2.42773e-15
5538.09  2.44604e-15
5541.01  2.47915e-15
5543.92  2.52345e-15
5546.83  2.57411e-15
5549.74  2.62561e-15
5552.65  2.67228e-15
5555.56  2.70897e-15
5558.47  2.73162e-15
5561.38  2.7377e-15
5564.29  2.72645e-15
5567.21  2.69894e-15
5570.12  2.65792e-15
5573.03  2.60746e-15
5575.94  2.55244e-15
5578.85  2.49809e-15
5581.76  2.44933e-15
5584.67  2.41031e-15
5587.58  2.38398e-15
5590.49  2.37168e-15
5593.41  2.37304e-15
5596.32  2.38596e-15
5599.23  2.40675e-15
5602.14  2.43053e-15
5605.05  2.45174e-15
5607.96  2.46487e-15
5610.87  2.46509e-15
5613.78  2.44901e-15
5616.69  2.41517e-15
5619.6   2.36436e-15
5622.52  2.29953e-15
5625.43  2.22553e-15
5628.34  2.14835e-15
5631.25  2.07432e-15
5634.16  2.00911e-15
5637.07  1.95695e-15
5639.98  1.91994e-15
5642.89  1.89782e-15
5645.8   1.88802e-15
5648.72  1.88617e-15
5651.63  1.88683e-15
5654.54  1.88437e-15
5657.45  1.87387e-15
5660.36  1.85187e-15
5663.27  1.81685e-15
5666.18  1.76937e-15
5669.09  1.71198e-15
5672     1.64877e-15
5674.92  1.58477e-15
5677.83  1.5253e-15
5680.74  1.47524e-15
5683.65  1.43853e-15
5686.56  1.41768e-15
5689.47  1.41361e-15
5692.38  1.42553e-15
5695.29  1.45113e-15
5698.2   1.48681e-15
5701.11  1.52811e-15
5704.03  1.57016e-15
5706.94  1.60817e-15
5709.85  1.63798e-15
5712.76  1.65646e-15
5715.67  1.66186e-15
5718.58  1.65397e-15
5721.49  1.63411e-15
5724.4   1.60496e-15
5727.31  1.5702e-15
5730.23  1.53401e-15
5733.14  1.50054e-15
5736.05  1.47339e-15
5738.96  1.4552e-15
5741.87  1.44736e-15
5744.78  1.44993e-15
5747.69  1.46179e-15
5750.6   1.48085e-15
5753.51  1.50452e-15
5756.43  1.53011e-15
5759.34  1.55529e-15
5762.25  1.57837e-15
5765.16  1.59856e-15
5768.07  1.61593e-15
5770.98  1.63126e-15
5773.89  1.64581e-15
5776.8   1.66088e-15
5779.71  1.67744e-15
5782.63  1.69585e-15
5785.54  1.71555e-15
5788.45  1.73511e-15
5791.36  1.75236e-15
5794.27  1.76467e-15
5797.18  1.76944e-15
5800.09  1.76457e-15
5803     1.74896e-15
5805.91  1.72279e-15
5808.82  1.68773e-15
5811.74  1.64685e-15
5814.65  1.60425e-15
5817.56  1.56466e-15
5820.47  1.53271e-15
5823.38  1.51239e-15
5826.29  1.50644e-15
5829.2   1.51598e-15
5832.11  1.54034e-15
5835.02  1.57721e-15
5837.94  1.62292e-15
5840.85  1.67298e-15
5843.76  1.72269e-15
5846.67  1.76772e-15
5849.58  1.80471e-15
5852.49  1.83155e-15
5855.4   1.84763e-15
5858.31  1.85381e-15
5861.22  1.85217e-15
5864.14  1.84572e-15
5867.05  1.83787e-15
5869.96  1.83204e-15
5872.87  1.83112e-15
5875.78  1.83718e-15
5878.69  1.85115e-15
5881.6   1.87271e-15
5884.51  1.9004e-15
5887.42  1.93175e-15
5890.34  1.96366e-15
5893.25  1.9928e-15
5896.16  2.01606e-15
5899.07  2.03102e-15
5901.98  2.03624e-15
5904.89  2.03148e-15
5907.8   2.01773e-15
5910.71  1.99699e-15
5913.62  1.97197e-15
5916.53  1.94561e-15
5919.45  1.92065e-15
5922.36  1.89914e-15
5925.27  1.8822e-15
5928.18  1.86984e-15
5931.09  1.86108e-15
5934     1.85414e-15
5936.91  1.8468e-15
5939.82  1.83682e-15
5942.73  1.82231e-15
5945.65  1.80201e-15
5948.56  1.77542e-15
5951.47  1.74286e-15
5954.38  1.70535e-15
5957.29  1.6644e-15
5960.2   1.62184e-15
5963.11  1.57955e-15
5966.02  1.53931e-15
5968.93  1.50268e-15
5971.85  1.47091e-15
5974.76  1.44491e-15
5977.67  1.42523e-15
5980.58  1.41206e-15
5983.49  1.40518e-15
5986.4   1.40399e-15
5989.31  1.40747e-15
5992.22  1.41421e-15
5995.13  1.42257e-15
5998.04  1.43076e-15
6000.96  1.43711e-15
6003.87  1.44027e-15
6006.78  1.43947e-15
6009.69  1.43466e-15
6012.6   1.4266e-15
6015.51  1.41677e-15
6018.42  1.40717e-15
6021.33  1.4e-15
6024.24  1.39722e-15
6027.16  1.4002e-15
6030.07  1.40938e-15
6032.98  1.42412e-15
6035.89  1.44272e-15
6038.8   1.46268e-15
6041.71  1.48111e-15
6044.62  1.49522e-15
6047.53  1.50291e-15
6050.44  1.50314e-15
6053.36  1.49617e-15
6056.27  1.48363e-15
6059.18  1.46815e-15
6062.09  1.45303e-15
6065     1.44153e-15
6067.91  1.43632e-15
6070.82  1.43894e-15
6073.73  1.44944e-15
6076.64  1.46634e-15
6079.56  1.48679e-15
6082.47  1.507e-15
6085.38  1.52283e-15
6088.29  1.53047e-15
6091.2   1.52698e-15
6094.11  1.5108e-15
6097.02  1.48193e-15
6099.93  1.44194e-15
6102.84  1.39371e-15
6105.75  1.34099e-15
6108.67  1.28786e-15
6111.58  1.23818e-15
6114.49  1.19509e-15
6117.4   1.16065e-15
6120.31  1.13565e-15
6123.22  1.11962e-15
6126.13  1.11097e-15
6129.04  1.10733e-15
6131.95  1.10589e-15
6134.87  1.10385e-15
6137.78  1.0988e-15
6140.69  1.08902e-15
6143.6   1.07366e-15
6146.51  1.05281e-15
6149.42  1.02743e-15
6152.33  9.99177e-16
6155.24  9.7013e-16
6158.15  9.42513e-16
6161.07  9.18407e-16
6163.98  8.99517e-16
6166.89  8.8701e-16
6169.8   8.8145e-16
6172.71  8.82816e-16
6175.62  8.90602e-16
6178.53  9.03971e-16
6181.44  9.21931e-16
6184.35  9.43501e-16
6187.27  9.67844e-16
6190.18  9.94339e-16
6193.09  1.02259e-15
6196     1.05236e-15
6198.91  1.08348e-15
6201.82  1.11572e-15
6204.73  1.14866e-15
6207.64  1.18164e-15
6210.55  1.2137e-15
6213.46  1.24371e-15
6216.38  1.27042e-15
6219.29  1.29273e-15
6222.2   1.30982e-15
6225.11  1.32136e-15
6228.02  1.32762e-15
6230.93  1.32952e-15
6233.84  1.32853e-15
6236.75  1.3265e-15
6239.66  1.32544e-15
6242.58  1.3272e-15
6245.49  1.33325e-15
6248.4   1.34441e-15
6251.31  1.36076e-15
6254.22  1.38162e-15
6257.13  1.40564e-15
6260.04  1.43101e-15
6262.95  1.45568e-15
6265.86  1.47771e-15
6268.78  1.49548e-15
6271.69  1.50795e-15
6274.6   1.51476e-15
6277.51  1.51627e-15
6280.42  1.51351e-15
6283.33  1.50797e-15
6286.24  1.50143e-15
6289.15  1.49565e-15
6292.06  1.49221e-15
6294.97  1.49223e-15
6297.89  1.49635e-15
6300.8   1.50465e-15
6303.71  1.51673e-15
6306.62  1.53185e-15
6309.53  1.54907e-15
6312.44  1.56749e-15
6315.35  1.58631e-15
6318.26  1.60495e-15
6321.17  1.62307e-15
6324.09  1.64048e-15
6327     1.65705e-15
6329.91  1.67262e-15
6332.82  1.68685e-15
6335.73  1.69928e-15
6338.64  1.7093e-15
6341.55  1.7164e-15
6344.46  1.72026e-15
6347.37  1.7211e-15
6350.29  1.71974e-15
6353.2   1.7178e-15
6356.11  1.71755e-15
6359.02  1.72178e-15
6361.93  1.73338e-15
6364.84  1.75492e-15
6367.75  1.78819e-15
6370.66  1.83378e-15
6373.57  1.89086e-15
6376.49  1.95712e-15
6379.4   2.02896e-15
6382.31  2.1019e-15
6385.22  2.17115e-15
6388.13  2.23215e-15
6391.04  2.28122e-15
6393.95  2.31594e-15
6396.86  2.33542e-15
6399.77  2.34033e-15
6402.68  2.33269e-15
6405.6   2.31551e-15
6408.51  2.2923e-15
6411.42  2.26662e-15
6414.33  2.24163e-15
6417.24  2.21981e-15
6420.15  2.20275e-15
6423.06  2.19121e-15
6425.97  2.18522e-15
6428.88  2.18434e-15
6431.8   2.18783e-15
6434.71  2.19495e-15
6437.62  2.20508e-15
6440.53  2.21779e-15
6443.44  2.23283e-15
6446.35  2.25005e-15
6449.26  2.26923e-15
6452.17  2.29001e-15
6455.08  2.31179e-15
6458     2.33368e-15
6460.91  2.35453e-15
6463.82  2.37307e-15
6466.73  2.38798e-15
6469.64  2.39808e-15
6472.55  2.40245e-15
6475.46  2.40057e-15
6478.37  2.39234e-15
6481.28  2.37814e-15
6484.19  2.35881e-15
6487.11  2.33553e-15
6490.02  2.30978e-15
6492.93  2.28316e-15
6495.84  2.25726e-15
6498.75  2.23356e-15
6501.66  2.21329e-15
6504.57  2.19736e-15
6507.48  2.18629e-15
6510.39  2.18022e-15
6513.31  2.17893e-15
6516.22  2.1819e-15
6519.13  2.18839e-15
6522.04  2.19753e-15
6524.95  2.20842e-15
6527.86  2.22018e-15
6530.77  2.23199e-15
6533.68  2.24312e-15
6536.59  2.25283e-15
6539.51  2.26039e-15
6542.42  2.26499e-15
6545.33  2.26576e-15
6548.24  2.26175e-15
6551.15  2.25204e-15
6554.06  2.23587e-15
6556.97  2.21283e-15
6559.88  2.18299e-15
6562.79  2.14704e-15
6565.71  2.10633e-15
6568.62  2.06277e-15
6571.53  2.01864e-15
6574.44  1.97632e-15
6577.35  1.93798e-15
6580.26  1.90518e-15
6583.17  1.87874e-15
6586.08  1.85851e-15
6588.99  1.84346e-15
6591.9   1.83183e-15
6594.82  1.82144e-15
6597.73  1.80999e-15
6600.64  1.79547e-15
6603.55  1.77639e-15
6606.46  1.75201e-15
6609.37  1.72233e-15
6612.28  1.68801e-15
6615.19  1.65022e-15
6618.1   1.61039e-15
6621.02  1.56998e-15
6623.93  1.53033e-15
6626.84  1.49257e-15
6629.75  1.4576e-15
6632.66  1.42618e-15
6635.57  1.39898e-15
6638.48  1.37669e-15
6641.39  1.36003e-15
6644.3   1.34967e-15
6647.22  1.34618e-15
6650.13  1.34979e-15
6653.04  1.36031e-15
6655.95  1.377e-15
6658.86  1.39852e-15
6661.77  1.42307e-15
6664.68  1.44852e-15
6667.59  1.47265e-15
6670.5   1.49342e-15
6673.42  1.50916e-15
6676.33  1.51876e-15
6679.24  1.52171e-15
6682.15  1.51812e-15
6685.06  1.50859e-15
6687.97  1.49413e-15
6690.88  1.47605e-15
6693.79  1.45582e-15
6696.7   1.435e-15
6699.61  1.41512e-15
6702.53  1.39763e-15
6705.44  1.38374e-15
6708.35  1.37429e-15
6711.26  1.3696e-15
6714.17  1.36936e-15
6717.08  1.37255e-15
6719.99  1.37754e-15
6722.9   1.38223e-15
6725.81  1.38434e-15
6728.73  1.38176e-15
6731.64  1.37293e-15
6734.55  1.35713e-15
6737.46  1.33468e-15
6740.37  1.30691e-15
6743.28  1.27601e-15
6746.19  1.24471e-15
6749.1   1.21574e-15
6752.01  1.19147e-15
6754.93  1.17341e-15
6757.84  1.16199e-15
6760.75  1.15649e-15
6763.66  1.15518e-15
6766.57  1.15564e-15
6769.48  1.15525e-15
6772.39  1.15161e-15
6775.3   1.14304e-15
6778.21  1.12874e-15
6781.12  1.10899e-15
6784.04  1.08492e-15
6786.95  1.05825e-15
6789.86  1.03092e-15
6792.77  1.00469e-15
6795.68  9.80812e-16
6798.59  9.59921e-16
6801.5   9.42048e-16
6804.41  9.26827e-16
6807.32  9.13806e-16
6810.24  9.02774e-16
6813.15  8.94029e-16
6816.06  8.88491e-16
6818.97  8.87631e-16
6821.88  8.93214e-16
6824.79  9.06895e-16
6827.7   9.29756e-16
6830.61  9.61882e-16
6833.52  1.00207e-15
6836.44  1.04773e-15
6839.35  1.09509e-15
6842.26  1.13955e-15
6845.17  1.17629e-15
6848.08  1.2009e-15
6850.99  1.2101e-15
6853.9   1.20215e-15
6856.81  1.17727e-15
6859.72  1.13758e-15
6862.64  1.08688e-15
6865.55  1.03021e-15
6868.46  9.73139e-16
6871.37  9.21072e-16
6874.28  8.78598e-16
6877.19  8.48944e-16
6880.1   8.33668e-16
6883.01  8.32591e-16
6885.92  8.43979e-16
6888.83  8.64938e-16
6891.75  8.91925e-16
6894.66  9.21327e-16
6897.57  9.49967e-16
6900.48  9.75499e-16
6903.39  9.96608e-16
6906.3   1.013e-15
6909.21  1.02519e-15
6912.12  1.0342e-15
6915.03  1.04112e-15
6917.95  1.04676e-15
6920.86  1.05138e-15
6923.77  1.05459e-15
6926.68  1.05545e-15
6929.59  1.05276e-15
6932.5   1.04541e-15
6935.41  1.03279e-15
6938.32  1.01516e-15
6941.23  9.93818e-16
6944.15  9.71107e-16
6947.06  9.50153e-16
6949.97  9.34448e-16
6952.88  9.27285e-16
6955.79  9.31165e-16
6958.7   9.47282e-16
6961.61  9.75179e-16
6964.52  1.01263e-15
6967.43  1.05581e-15
6970.35  1.09967e-15
6973.26  1.13859e-15
6976.17  1.16705e-15
6979.08  1.18035e-15
6981.99  1.17531e-15
6984.9   1.15071e-15
6987.81  1.10749e-15
6990.72  1.0488e-15
6993.63  9.7961e-16
6996.54  9.06221e-16
6999.46  8.35508e-16
7002.37  7.74113e-16
7005.28  7.27642e-16
7008.19  6.99983e-16
7011.1   6.92854e-16
7014.01  7.05634e-16
7016.92  7.35523e-16
7019.83  7.77997e-16
7022.74  8.27494e-16
7025.66  8.78221e-16
7028.57  9.24943e-16
7031.48  9.63635e-16
7034.39  9.91884e-16
7037.3   1.009e-15
7040.21  1.01581e-15
7043.12  1.01427e-15
7046.03  1.00687e-15
7048.94  9.96072e-16
7051.86  9.83844e-16
7054.77  9.71368e-16
7057.68  9.58987e-16
7060.59  9.46363e-16
7063.5   9.32789e-16
7066.41  9.17584e-16
7069.32  9.00447e-16
7072.23  8.8172e-16
7075.14  8.62479e-16
7078.05  8.44445e-16
7080.97  8.29749e-16
7083.88  8.20573e-16
7086.79  8.18766e-16
7089.7   8.25486e-16
7092.61  8.40948e-16
7095.52  8.6431e-16
7098.43  8.93725e-16
7101.34  9.26546e-16
7104.25  9.59666e-16
7107.17  9.89918e-16
7110.08  1.01451e-15
7112.99  1.03138e-15
7115.9   1.03949e-15
7118.81  1.03892e-15
7121.72  1.03084e-15
7124.63  1.01727e-15
7127.54  1.00081e-15
7130.45  9.84188e-16
7133.37  9.69889e-16
7136.28  9.59807e-16
7139.19  9.55016e-16
7142.1   9.55692e-16
7145.01  9.61176e-16
7147.92  9.70167e-16
7150.83  9.80999e-16
7153.74  9.91947e-16
7156.65  1.00151e-15
7159.57  1.00862e-15
7162.48  1.01277e-15
7165.39  1.01402e-15
7168.3   1.01294e-15
7171.21  1.01045e-15
7174.12  1.00769e-15
7177.03  1.00584e-15
7179.94  1.00598e-15
7182.85  1.00899e-15
7185.76  1.01548e-15
7188.68  1.02578e-15
7191.59  1.03984e-15
7194.5   1.05728e-15
7197.41  1.0773e-15
7200.32  1.09872e-15
7203.23  1.11993e-15
7206.14  1.13898e-15
7209.05  1.1537e-15
7211.96  1.16191e-15
7214.88  1.16169e-15
7217.79  1.15179e-15
7220.7   1.13191e-15
7223.61  1.10309e-15
7226.52  1.06783e-15
7229.43  1.03012e-15
7232.34  9.95093e-16
7235.25  9.68564e-16
7238.16  9.56208e-16
7241.08  9.62686e-16
7243.99  9.90747e-16
7246.9   1.04051e-15
7249.81  1.10906e-15
7252.72  1.19051e-15
7255.63  1.27652e-15
7258.54  1.35733e-15
7261.45  1.42307e-15
7264.36  1.46516e-15
7267.27  1.47768e-15
7270.19  1.45824e-15
7273.1   1.40845e-15
7276.01  1.33361e-15
7278.92  1.24201e-15
7281.83  1.14357e-15
7284.74  1.04848e-15
7287.65  9.65654e-16
7290.56  9.0168e-16
7293.47  8.60064e-16
7296.39  8.41107e-16
7299.3   8.42272e-16
7302.21  8.58975e-16
7305.12  8.85609e-16
7308.03  9.16602e-16
7310.94  9.47324e-16
7313.85  9.74697e-16
7316.76  9.97436e-16
7319.67  1.01592e-15
7322.59  1.03178e-15
7325.5   1.04725e-15
7328.41  1.06451e-15
7331.32  1.08507e-15
7334.23  1.10943e-15
7337.14  1.13683e-15
7340.05  1.16548e-15
7342.96  1.19286e-15
7345.87  1.21627e-15
7348.79  1.23344e-15
7351.7   1.243e-15
7354.61  1.24486e-15
7357.52  1.24035e-15
7360.43  1.23199e-15
7363.34  1.22315e-15
7366.25  1.21735e-15
7369.16  1.21765e-15
7372.07  1.22595e-15
7374.98  1.24255e-15
7377.9   1.26593e-15
7380.81  1.29289e-15
7383.72  1.31893e-15
7386.63  1.33901e-15
7389.54  1.34827e-15
7392.45  1.34293e-15
7395.36  1.32095e-15
7398.27  1.28246e-15
7401.18  1.22992e-15
7404.1   1.16785e-15
7407.01  1.10227e-15
7409.92  1.03998e-15
7412.83  9.87594e-16
7415.74  9.50677e-16
7418.65  9.32976e-16
7421.56  9.35919e-16
7424.47  9.5842e-16
7427.38  9.97033e-16
7430.3   1.04643e-15
7433.21  1.10014e-15
7436.12  1.15139e-15
7439.03  1.19402e-15
7441.94  1.22327e-15
7444.85  1.23631e-15
7447.76  1.23252e-15
7450.67  1.21339e-15
7453.58  1.18218e-15
7456.5   1.14322e-15
7459.41  1.10123e-15
7462.32  1.06053e-15
7465.23  1.02441e-15
7468.14  9.94712e-16
7471.05  9.71742e-16
7473.96  9.54378e-16
7476.87  9.40478e-16
7479.78  9.27405e-16
7482.69  9.12578e-16
7485.61  8.93951e-16
7488.52  8.70318e-16
7491.43  8.41416e-16
7494.34  8.07819e-16
7497.25  7.70678e-16
7500.16  7.31376e-16
7503.07  6.91198e-16
7505.98  6.51083e-16
7508.89  6.11518e-16
7511.81  5.72588e-16
7514.72  5.34161e-16
7517.63  4.9616e-16
7520.54  4.58841e-16
7523.45  4.23014e-16
7526.36  3.90143e-16
7529.27  3.6227e-16
7532.18  3.4178e-16
7535.09  3.31032e-16
7538.01  3.31905e-16
7540.92  3.45371e-16
7543.83  3.71166e-16
7546.74  4.07651e-16
7549.65  4.51909e-16
7552.56  5.00085e-16
7555.47  5.47933e-16
7558.38  5.91476e-16
7561.29  6.27665e-16
7564.2   6.54916e-16
7567.12  6.73411e-16
7570.03  6.85093e-16
7572.94  6.93353e-16
7575.85  7.02435e-16
7578.76  7.16684e-16
7581.67  7.39743e-16
7584.58  7.73872e-16
7587.49  8.19493e-16
7590.4   8.75049e-16
7593.32  9.37213e-16
7596.23  1.00139e-15
7599.14  1.06245e-15
7602.05  1.11552e-15
7604.96  1.15673e-15
7607.87  1.18379e-15
7610.78  1.19631e-15
7613.69  1.19573e-15
7616.6   1.18512e-15
7619.52  1.16859e-15
7622.43  1.15066e-15
7625.34  1.13561e-15
7628.25  1.12684e-15
7631.16  1.12649e-15
7634.07  1.13519e-15
7636.98  1.15206e-15
7639.89  1.17492e-15
7642.8   1.20069e-15
7645.72  1.22585e-15
7648.63  1.24695e-15
7651.54  1.26109e-15
7654.45  1.2663e-15
7657.36  1.26176e-15
7660.27  1.24788e-15
7663.18  1.22621e-15
7666.09  1.19919e-15
7669     1.16979e-15
7671.91  1.14114e-15
7674.83  1.11615e-15
7677.74  1.09713e-15
7680.65  1.08558e-15
7683.56  1.08206e-15
7686.47  1.08622e-15
7689.38  1.09689e-15
7692.29  1.11227e-15
7695.2   1.13024e-15
7698.11  1.14857e-15
7701.03  1.1652e-15
7703.94  1.17845e-15
7706.85  1.18717e-15
7709.76  1.19077e-15
7712.67  1.1893e-15
7715.58  1.18336e-15
7718.49  1.17401e-15
7721.4   1.1626e-15
7724.31  1.15062e-15
7727.23  1.13951e-15
7730.14  1.13051e-15
7733.05  1.12448e-15
7735.96  1.12187e-15
7738.87  1.12267e-15
7741.78  1.12646e-15
7744.69  1.1325e-15
7747.6   1.13989e-15
7750.51  1.14765e-15
7753.43  1.15489e-15
7756.34  1.16086e-15
7759.25  1.16501e-15
7762.16  1.16702e-15
7765.07  1.16675e-15
7767.98  1.1643e-15
7770.89  1.1599e-15
7773.8   1.15401e-15
7776.71  1.14723e-15
7779.62  1.14032e-15
7782.54  1.13413e-15
7785.45  1.12949e-15
7788.36  1.12711e-15
7791.27  1.1274e-15
7794.18  1.13034e-15
7797.09  1.13538e-15
7800     1.14136e-15
7802.91  1.14667e-15
7805.82  1.14932e-15
7808.74  1.14729e-15
7811.65  1.13885e-15
7814.56  1.12286e-15
7817.47  1.09912e-15
7820.38  1.06849e-15
7823.29  1.03299e-15
7826.2   9.95576e-16
7829.11  9.5987e-16
7832.02  9.29668e-16
7834.94  9.08409e-16
7837.85  8.98648e-16
7840.76  9.01612e-16
7843.67  9.16924e-16
7846.58  9.42556e-16
7849.49  9.75024e-16
7852.4   1.0098e-15
7855.31  1.04191e-15
7858.22  1.0666e-15
7861.14  1.07997e-15
7864.05  1.0795e-15
7866.96  1.06437e-15
7869.87  1.03545e-15
7872.78  9.95151e-16
7875.69  9.46974e-16
7878.6   8.94965e-16
7881.51  8.43164e-16
7884.42  7.95122e-16
7887.33  7.5358e-16
7890.25  7.20338e-16
7893.16  6.9631e-16
7896.07  6.8171e-16
7898.98  6.76294e-16
7901.89  6.79582e-16
7904.8   6.90996e-16
7907.71  7.09876e-16
7910.62  7.35393e-16
7913.53  7.66388e-16
7916.45  8.01212e-16
7919.36  8.37631e-16
7922.27  8.72868e-16
7925.18  9.0378e-16
7928.09  9.27201e-16
7931     9.4036e-16
7933.91  9.41336e-16
7936.82  9.29434e-16
7939.73  9.05408e-16
7942.65  8.71479e-16
7945.56  8.31118e-16
7948.47  7.88625e-16
7951.38  7.48571e-16
7954.29  7.15184e-16
7957.2   6.91797e-16
7960.11  6.80432e-16
7963.02  6.8159e-16
7965.93  6.94274e-16
7968.84  7.1621e-16
7971.76  7.44232e-16
7974.67  7.74752e-16
7977.58  8.04228e-16
7980.49  8.29577e-16
7983.4   8.48473e-16
7986.31  8.59506e-16
7989.22  8.6222e-16
7992.13  8.57023e-16
7995.04  8.45022e-16
7997.96  8.2781e-16
8000.87  8.07238e-16
8003.78  7.85203e-16
8006.69  7.63465e-16
8009.6   7.43511e-16
8012.51  7.26473e-16
8015.42  7.13082e-16
8018.33  7.03678e-16
8021.24  6.98251e-16
8024.16  6.96501e-16
8027.07  6.97932e-16
8029.98  7.01943e-16
8032.89  7.07919e-16
8035.8   7.15315e-16
8038.71  7.23715e-16
8041.62  7.32857e-16
8044.53  7.42616e-16
8047.44  7.52949e-16
8050.36  7.63811e-16
8053.27  7.75058e-16
8056.18  7.86369e-16
8059.09  7.97206e-16
8062     8.06832e-16
8064.91  8.14388e-16
8067.82  8.19009e-16
8070.73  8.1996e-16
8073.64  8.1674e-16
8076.55  8.09146e-16
8079.47  7.9727e-16
8082.38  7.81455e-16
8085.29  7.62214e-16
8088.2   7.40171e-16
8091.11  7.16038e-16
8094.02  6.9064e-16
8096.93  6.64979e-16
8099.84  6.40296e-16
8102.75  6.18093e-16
8105.67  6.00059e-16
8108.58  5.87892e-16
8111.49  5.83024e-16
8114.4   5.86284e-16
8117.31  5.97586e-16
8120.22  6.15714e-16
8123.13  6.38284e-16
8126.04  6.61918e-16
8128.95  6.82637e-16
8131.87  6.96417e-16
8134.78  6.99827e-16
8137.69  6.90612e-16
8140.6   6.68137e-16
8143.51  6.33571e-16
8146.42  5.89784e-16
8149.33  5.40959e-16
8152.24  4.91967e-16
8155.15  4.47636e-16
8158.06  4.12008e-16
8160.98  3.87732e-16
8163.89  3.75687e-16
8166.8   3.7489e-16
8169.71  3.82709e-16
8172.62  3.95334e-16
8175.53  4.08422e-16
8178.44  4.17806e-16
8181.35  4.20162e-16
8184.26  4.13505e-16
8187.18  3.97466e-16
8190.09  3.733e-16
8193     3.43631e-16
8195.91  3.11996e-16
8198.82  2.82252e-16
8201.73  2.57961e-16
8204.64  2.41824e-16
8207.55  2.35276e-16
8210.46  2.38274e-16
8213.38  2.49326e-16
8216.29  2.65733e-16
8219.2   2.84013e-16
8222.11  3.00436e-16
8225.02  3.11585e-16
8227.93  3.14857e-16
8230.84  3.08831e-16
8233.75  2.93442e-16
8236.66  2.69949e-16
8239.58  2.40702e-16
8242.49  2.08751e-16
8245.4   1.77383e-16
8248.31  1.49644e-16
8251.22  1.27957e-16
8254.13  1.13868e-16
8257.04  1.0797e-16
8259.95  1.09996e-16
8262.86  1.19049e-16
8265.77  1.33894e-16
8268.69  1.53264e-16
8271.6   1.76079e-16
8274.51  2.01558e-16
8277.42  2.29186e-16
8280.33  2.58566e-16
8283.24  2.8921e-16
8286.15  3.20328e-16
8289.06  3.50703e-16
8291.97  3.78701e-16
8294.89  4.02443e-16
8297.8   4.20115e-16
8300.71  4.30362e-16
8303.62  4.32668e-16
8306.53  4.27628e-16
8309.44  4.17037e-16
8312.35  4.03738e-16
8315.26  3.91242e-16
8318.17  3.83188e-16
8321.09  3.82725e-16
8324     3.91939e-16
8326.91  4.11456e-16
8329.82  4.40265e-16
8332.73  4.75834e-16
8335.64  5.14468e-16
8338.55  5.51856e-16
8341.46  5.837e-16
8344.37  6.06322e-16
8347.28  6.1714e-16
8350.2   6.14948e-16
8353.11  5.9997e-16
8356.02  5.7371e-16
8358.93  5.38634e-16
8361.84  4.97769e-16
8364.75  4.54301e-16
8367.66  4.11242e-16
8370.57  3.71216e-16
8373.48  3.36376e-16
8376.4   3.08447e-16
8379.31  2.88822e-16
8382.22  2.78672e-16
8385.13  2.78993e-16
8388.04  2.90538e-16
8390.95  3.13638e-16
8393.86  3.47924e-16
8396.77  3.92027e-16
8399.68  4.4334e-16
8402.6   4.97942e-16
8405.51  5.5076e-16
8408.42  5.96007e-16
8411.33  6.27861e-16
8414.24  6.41321e-16
8417.15  6.33092e-16
8420.06  6.02342e-16
8422.97  5.51173e-16
8425.88  4.84697e-16
8428.8   4.10624e-16
8431.71  3.38421e-16
8434.62  2.78111e-16
8437.53  2.38896e-16
8440.44  2.27812e-16
8443.35  2.48633e-16
8446.26  3.01221e-16
8449.17  3.81426e-16
8452.08  4.81599e-16
8454.99  5.91643e-16
8457.91  7.00442e-16
8460.82  7.97477e-16
8463.73  8.74355e-16
8466.64  9.26014e-16
8469.55  9.51409e-16
8472.46  9.53561e-16
8475.37  9.38954e-16
8478.28  9.16372e-16
8481.19  8.95367e-16
8484.11  8.84621e-16
8487.02  8.90462e-16
8489.93  9.15817e-16
8492.84  9.5977e-16
8495.75  1.01781e-15
8498.66  1.0827e-15
8501.57  1.14587e-15
8504.48  1.19898e-15
8507.39  1.2354e-15
8510.31  1.25136e-15
8513.22  1.24649e-15
8516.13  1.22368e-15
8519.04  1.1884e-15
8521.95  1.14746e-15
8524.86  1.10772e-15
8527.77  1.07477e-15
8530.68  1.05205e-15
8533.59  1.0405e-15
8536.51  1.03869e-15
8539.42  1.04351e-15
8542.33  1.05112e-15
8545.24  1.05805e-15
8548.15  1.06203e-15
8551.06  1.06252e-15
8553.97  1.06081e-15
8556.88  1.05956e-15
8559.79  1.06205e-15
8562.7   1.07118e-15
8565.62  1.08854e-15
8568.53  1.11367e-15
8571.44  1.14377e-15
8574.35  1.17388e-15
8577.26  1.19754e-15
8580.17  1.2079e-15
8583.08  1.19894e-15
8585.99  1.16675e-15
8588.9   1.11047e-15
8591.82  1.03286e-15
8594.73  9.40234e-16
8597.64  8.4177e-16
8600.55  7.48354e-16
8603.46  6.71027e-16
8606.37  6.19347e-16
8609.28  5.99914e-16
8612.19  6.15316e-16
8615.1   6.6369e-16
8618.02  7.38984e-16
8620.93  8.31879e-16
8623.84  9.31224e-16
8626.75  1.02574e-15
8629.66  1.1057e-15
8632.57  1.16426e-15
8635.48  1.19834e-15
8638.39  1.20871e-15
8641.3   1.19953e-15
8644.22  1.17733e-15
8647.13  1.14962e-15
8650.04  1.12352e-15
8652.95  1.10456e-15
8655.86  1.09589e-15
8658.77  1.09801e-15
8661.68  1.10902e-15
8664.59  1.12533e-15
8667.5   1.14254e-15
8670.41  1.15642e-15
8673.33  1.1638e-15
8676.24  1.16308e-15
8679.15  1.1545e-15
8682.06  1.13995e-15
8684.97  1.12261e-15
8687.88  1.10628e-15
8690.79  1.09475e-15
8693.7   1.0911e-15
8696.61  1.09729e-15
8699.53  1.11377e-15
8702.44  1.13944e-15
8705.35  1.17174e-15
8708.26  1.20701e-15
8711.17  1.24085e-15
8714.08  1.26871e-15
8716.99  1.28638e-15
8719.9   1.29055e-15
8722.81  1.27914e-15
8725.73  1.25161e-15
8728.64  1.20898e-15
8731.55  1.15378e-15
8734.46  1.08969e-15
8737.37  1.02113e-15
8740.28  9.52731e-16
8743.19  8.88808e-16
8746.1   8.32919e-16
8749.01  7.87539e-16
8751.92  7.53923e-16
8754.84  7.32154e-16
8757.75  7.21355e-16
8760.66  7.20012e-16
8763.57  7.26338e-16
8766.48  7.38606e-16
8769.39  7.55386e-16
8772.3   7.75661e-16
8775.21  7.98799e-16
8778.12  8.24421e-16
8781.04  8.52216e-16
8783.95  8.81754e-16
8786.86  9.12366e-16
8789.77  9.43114e-16
8792.68  9.72864e-16
8795.59  1.00044e-15
8798.5   1.02479e-15
8801.41  1.04519e-15
8804.32  1.06132e-15
8807.24  1.07329e-15
8810.15  1.08157e-15
8813.06  1.08686e-15
8815.97  1.08995e-15
8818.88  1.09158e-15
8821.79  1.09235e-15
8824.7   1.09266e-15
8827.61  1.09276e-15
8830.52  1.09279e-15
8833.44  1.0928e-15
8836.35  1.0928e-15
8839.26  1.0928e-15