#23.68096050774886
3296.03  1.52725e-14
3298.41  1.52884e-14
3300.79  1.53185e-14
3303.16  1.53599e-14
3305.54  1.54094e-14
3307.92  1.54631e-14
3310.3   1.55173e-14
3312.68  1.5568e-14
3315.05  1.5611e-14
3317.43  1.56427e-14
3319.81  1.56595e-14
3322.19  1.56585e-14
3324.57  1.56373e-14
3326.95  1.55941e-14
3329.32  1.55282e-14
3331.7   1.54393e-14
3334.08  1.53283e-14
3336.46  1.5197e-14
3338.84  1.50481e-14
3341.21  1.48851e-14
3343.59  1.47122e-14
3345.97  1.45347e-14
3348.35  1.43581e-14
3350.73  1.41886e-14
3353.1   1.40326e-14
3355.48  1.38967e-14
3357.86  1.37876e-14
3360.24  1.37116e-14
3362.62  1.36749e-14
3364.99  1.36829e-14
3367.37  1.37407e-14
3369.75  1.38521e-14
3372.13  1.40204e-14
3374.51  1.42476e-14
3376.88  1.45344e-14
3379.26  1.48808e-14
3381.64  1.5285e-14
3384.02  1.57444e-14
3386.4   1.62549e-14
3388.78  1.68115e-14
3391.15  1.7408e-14
3393.53  1.80373e-14
3395.91  1.86916e-14
3398.29  1.93623e-14
3400.67  2.00407e-14
3403.04  2.07174e-14
3405.42  2.13835e-14
3407.8   2.20298e-14
3410.18  2.2648e-14
3412.56  2.32301e-14
3414.93  2.37689e-14
3417.31  2.42584e-14
3419.69  2.46937e-14
3422.07  2.50712e-14
3424.45  2.53886e-14
3426.82  2.56451e-14
3429.2   2.58415e-14
3431.58  2.598e-14
3433.96  2.60641e-14
3436.34  2.6099e-14
3438.72  2.60907e-14
3441.09  2.60467e-14
3443.47  2.5975e-14
3445.85  2.58847e-14
3448.23  2.5785e-14
3450.61  2.56856e-14
3452.98  2.5596e-14
3455.36  2.55256e-14
3457.74  2.54832e-14
3460.12  2.5477e-14
3462.5   2.55142e-14
3464.87  2.5601e-14
3467.25  2.57423e-14
3469.63  2.59417e-14
3472.01  2.62014e-14
3474.39  2.65223e-14
3476.76  2.69036e-14
3479.14  2.73435e-14
3481.52  2.78386e-14
3483.9   2.83847e-14
3486.28  2.89762e-14
3488.66  2.9607e-14
3491.03  3.02703e-14
3493.41  3.0959e-14
3495.79  3.16656e-14
3498.17  3.23828e-14
3500.55  3.31037e-14
3502.92  3.38217e-14
3505.3   3.45307e-14
3507.68  3.52258e-14
3510.06  3.59026e-14
3512.44  3.65579e-14
3514.81  3.71894e-14
3517.19  3.77961e-14
3519.57  3.83776e-14
3521.95  3.89347e-14
3524.33  3.94688e-14
3526.7   3.99822e-14
3529.08  4.04775e-14
3531.46  4.09575e-14
3533.84  4.14254e-14
3536.22  4.18841e-14
3538.59  4.2336e-14
3540.97  4.27835e-14
3543.35  4.32278e-14
3545.73  4.36696e-14
3548.11  4.41087e-14
3550.49  4.45437e-14
3552.86  4.49723e-14
3555.24  4.53913e-14
3557.62  4.57965e-14
3560     4.61829e-14
3562.38  4.65447e-14
3564.75  4.6876e-14
3567.13  4.71703e-14
3569.51  4.74214e-14
3571.89  4.76233e-14
3574.27  4.77707e-14
3576.64  4.78589e-14
3579.02  4.78847e-14
3581.4   4.78461e-14
3583.78  4.77427e-14
3586.16  4.75762e-14
3588.53  4.73499e-14
3590.91  4.70694e-14
3593.29  4.67421e-14
3595.67  4.63777e-14
3598.05  4.59877e-14
3600.43  4.55853e-14
3602.8   4.51853e-14
3605.18  4.48038e-14
3607.56  4.44577e-14
3609.94  4.41646e-14
3612.32  4.39421e-14
3614.69  4.38076e-14
3617.07  4.37779e-14
3619.45  4.38683e-14
3621.83  4.40929e-14
3624.21  4.44634e-14
3626.58  4.49894e-14
3628.96  4.56779e-14
3631.34  4.65328e-14
3633.72  4.75548e-14
3636.1   4.87416e-14
3638.47  5.00875e-14
3640.85  5.15834e-14
3643.23  5.32173e-14
3645.61  5.49741e-14
3647.99  5.68362e-14
3650.37  5.87836e-14
3652.74  6.07942e-14
3655.12  6.28446e-14
3657.5   6.49105e-14
3659.88  6.6967e-14
3662.26  6.89891e-14
3664.63  7.09528e-14
3667.01  7.28347e-14
3669.39  7.46133e-14
3671.77  7.6269e-14
3674.15  7.77846e-14
3676.52  7.91457e-14
3678.9   8.03406e-14
3681.28  8.1361e-14
3683.66  8.22017e-14
3686.04  8.28608e-14
3688.41  8.33393e-14
3690.79  8.36415e-14
3693.17  8.37741e-14
3695.55  8.37466e-14
3697.93  8.35703e-14
3700.3   8.32583e-14
3702.68  8.28248e-14
3705.06  8.2285e-14
3707.44  8.16542e-14
3709.82  8.09479e-14
3712.2   8.01807e-14
3714.57  7.93664e-14
3716.95  7.85176e-14
3719.33  7.76453e-14
3721.71  7.67585e-14
3724.09  7.58647e-14
3726.46  7.49689e-14
3728.84  7.40744e-14
3731.22  7.31823e-14
3733.6   7.22919e-14
3735.98  7.14011e-14
3738.35  7.05062e-14
3740.73  6.96022e-14
3743.11  6.86836e-14
3745.49  6.77444e-14
3747.87  6.67785e-14
3750.24  6.578e-14
3752.62  6.47438e-14
3755     6.36654e-14
3757.38  6.25419e-14
3759.76  6.13716e-14
3762.14  6.01547e-14
3764.51  5.88929e-14
3766.89  5.75902e-14
3769.27  5.62522e-14
3771.65  5.48865e-14
3774.03  5.35025e-14
3776.4   5.21113e-14
3778.78  5.07255e-14
3781.16  4.93589e-14
3783.54  4.80264e-14
3785.92  4.67436e-14
3788.29  4.55263e-14
3790.67  4.43908e-14
3793.05  4.33527e-14
3795.43  4.24276e-14
3797.81  4.16299e-14
3800.18  4.0973e-14
3802.56  4.04689e-14
3804.94  4.01281e-14
3807.32  3.99594e-14
3809.7   3.99695e-14
3812.08  4.01632e-14
3814.45  4.05432e-14
3816.83  4.11098e-14
3819.21  4.18615e-14
3821.59  4.27946e-14
3823.97  4.39031e-14
3826.34  4.51793e-14
3828.72  4.66138e-14
3831.1   4.81952e-14
3833.48  4.99109e-14
3835.86  5.1747e-14
3838.23  5.36885e-14
3840.61  5.57194e-14
3842.99  5.78235e-14
3845.37  5.99839e-14
3847.75  6.21836e-14
3850.12  6.44061e-14
3852.5   6.66348e-14
3854.88  6.8854e-14
3857.26  7.10487e-14
3859.64  7.32051e-14
3862.01  7.53105e-14
3864.39  7.73536e-14
3866.77  7.93248e-14
3869.15  8.12162e-14
3871.53  8.30215e-14
3873.91  8.47366e-14
3876.28  8.63591e-14
3878.66  8.78888e-14
3881.04  8.93273e-14
3883.42  9.0678e-14
3885.8   9.19462e-14
3888.17  9.31389e-14
3890.55  9.42644e-14
3892.93  9.53327e-14
3895.31  9.63544e-14
3897.69  9.73411e-14
3900.06  9.83051e-14
3902.44  9.92585e-14
3904.82  1.00214e-13
3907.2   1.01182e-13
3909.58  1.02175e-13
3911.95  1.03203e-13
3914.33  1.04273e-13
3916.71  1.05393e-13
3919.09  1.06567e-13
3921.47  1.07799e-13
3923.85  1.09088e-13
3926.22  1.10433e-13
3928.6   1.11829e-13
3930.98  1.13268e-13
3933.36  1.14742e-13
3935.74  1.16237e-13
3938.11  1.17741e-13
3940.49  1.19237e-13
3942.87  1.20708e-13
3945.25  1.22134e-13
3947.63  1.23496e-13
3950     1.24774e-13
3952.38  1.25947e-13
3954.76  1.26996e-13
3957.14  1.27903e-13
3959.52  1.28649e-13
3961.89  1.29219e-13
3964.27  1.296e-13
3966.65  1.29782e-13
3969.03  1.29755e-13
3971.41  1.29516e-13
3973.79  1.29063e-13
3976.16  1.28398e-13
3978.54  1.27526e-13
3980.92  1.26456e-13
3983.3   1.25199e-13
3985.68  1.23771e-13
3988.05  1.22189e-13
3990.43  1.20471e-13
3992.81  1.18642e-13
3995.19  1.16722e-13
3997.57  1.14737e-13
3999.94  1.12712e-13
4002.32  1.10671e-13
4004.7   1.08639e-13
4007.08  1.06638e-13
4009.46  1.04691e-13
4011.83  1.02818e-13
4014.21  1.01036e-13
4016.59  9.93612e-14
4018.97  9.78057e-14
4021.35  9.63792e-14
4023.72  9.50881e-14
4026.1   9.3936e-14
4028.48  9.29233e-14
4030.86  9.20475e-14
4033.24  9.13035e-14
4035.62  9.06835e-14
4037.99  9.01777e-14
4040.37  8.97744e-14
4042.75  8.94605e-14
4045.13  8.92216e-14
4047.51  8.90427e-14
4049.88  8.89085e-14
4052.26  8.88039e-14
4054.64  8.8714e-14
4057.02  8.8625e-14
4059.4   8.85239e-14
4061.77  8.83992e-14
4064.15  8.82409e-14
4066.53  8.80407e-14
4068.91  8.77921e-14
4071.29  8.74905e-14
4073.66  8.71332e-14
4076.04  8.67191e-14
4078.42  8.62492e-14
4080.8   8.57258e-14
4083.18  8.51526e-14
4085.56  8.45349e-14
4087.93  8.38788e-14
4090.31  8.31913e-14
4092.69  8.248e-14
4095.07  8.17532e-14
4097.45  8.10191e-14
4099.82  8.02861e-14
4102.2   7.95625e-14
4104.58  7.88563e-14
4106.96  7.8175e-14
4109.34  7.75259e-14
4111.71  7.69152e-14
4114.09  7.63489e-14
4116.47  7.58321e-14
4118.85  7.53692e-14
4121.23  7.49638e-14
4123.6   7.46191e-14
4125.98  7.43372e-14
4128.36  7.41197e-14
4130.74  7.39676e-14
4133.12  7.38813e-14
4135.5   7.38607e-14
4137.87  7.39048e-14
4140.25  7.40126e-14
4142.63  7.41824e-14
4145.01  7.44119e-14
4147.39  7.46985e-14
4149.76  7.50394e-14
4152.14  7.5431e-14
4154.52  7.58696e-14
4156.9   7.63511e-14
4159.28  7.68709e-14
4161.65  7.74241e-14
4164.03  7.80057e-14
4166.41  7.86101e-14
4168.79  7.92316e-14
4171.17  7.98642e-14
4173.54  8.05018e-14
4175.92  8.1138e-14
4178.3   8.17666e-14
4180.68  8.23813e-14
4183.06  8.29757e-14
4185.43  8.35437e-14
4187.81  8.40797e-14
4190.19  8.45779e-14
4192.57  8.50336e-14
4194.95  8.5442e-14
4197.33  8.57995e-14
4199.7   8.61027e-14
4202.08  8.63495e-14
4204.46  8.65384e-14
4206.84  8.66688e-14
4209.22  8.67413e-14
4211.59  8.67575e-14
4213.97  8.67199e-14
4216.35  8.66323e-14
4218.73  8.64995e-14
4221.11  8.63272e-14
4223.48  8.61222e-14
4225.86  8.5892e-14
4228.24  8.56451e-14
4230.62  8.53907e-14
4233     8.51381e-14
4235.37  8.48975e-14
4237.75  8.4679e-14
4240.13  8.44925e-14
4242.51  8.43482e-14
4244.89  8.42554e-14
4247.27  8.4223e-14
4249.64  8.4259e-14
4252.02  8.43704e-14
4254.4   8.4563e-14
4256.78  8.48412e-14
4259.16  8.52077e-14
4261.53  8.56638e-14
4263.91  8.62087e-14
4266.29  8.684e-14
4268.67  8.75535e-14
4271.05  8.8343e-14
4273.42  8.92005e-14
4275.8   9.01164e-14
4278.18  9.10796e-14
4280.56  9.20773e-14
4282.94  9.3096e-14
4285.31  9.41207e-14
4287.69  9.51361e-14
4290.07  9.61263e-14
4292.45  9.70753e-14
4294.83  9.79673e-14
4297.21  9.87869e-14
4299.58  9.95195e-14
4301.96  1.00152e-13
4304.34  1.00671e-13
4306.72  1.01066e-13
4309.1   1.01329e-13
4311.47  1.01452e-13
4313.85  1.0143e-13
4316.23  1.01259e-13
4318.61  1.00938e-13
4320.99  1.00469e-13
4323.36  9.98541e-14
4325.74  9.9098e-14
4328.12  9.82073e-14
4330.5   9.71901e-14
4332.88  9.60558e-14
4335.25  9.48149e-14
4337.63  9.34789e-14
4340.01  9.20598e-14
4342.39  9.05703e-14
4344.77  8.90229e-14
4347.14  8.74303e-14
4349.52  8.58046e-14
4351.9   8.41579e-14
4354.28  8.25012e-14
4356.66  8.08449e-14
4359.04  7.91987e-14
4361.41  7.75709e-14
4363.79  7.59693e-14
4366.17  7.44004e-14
4368.55  7.28698e-14
4370.93  7.13823e-14
4373.3   6.99417e-14
4375.68  6.85512e-14
4378.06  6.72134e-14
4380.44  6.59303e-14
4382.82  6.47035e-14
4385.19  6.35345e-14
4387.57  6.24245e-14
4389.95  6.13749e-14
4392.33  6.03869e-14
4394.71  5.9462e-14
4397.08  5.86019e-14
4399.46  5.78084e-14
4401.84  5.70836e-14
4404.22  5.64298e-14
4406.6   5.58493e-14
4408.98  5.53445e-14
4411.35  5.49178e-14
4413.73  5.45715e-14
4416.11  5.43073e-14
4418.49  5.41269e-14
4420.87  5.40311e-14
4423.24  5.40202e-14
4425.62  5.40937e-14
4428     5.425e-14
4430.38  5.44868e-14
4432.76  5.48005e-14
4435.13  5.51866e-14
4437.51  5.56397e-14
4439.89  5.61531e-14
4442.27  5.67197e-14
4444.65  5.73311e-14
4447.02  5.7979e-14
4449.4   5.86544e-14
4451.78  5.93483e-14
4454.16  6.0052e-14
4456.54  6.07573e-14
4458.92  6.14569e-14
4461.29  6.21447e-14
4463.67  6.28157e-14
4466.05  6.34672e-14
4468.43  6.40982e-14
4470.81  6.47098e-14
4473.18  6.53058e-14
4475.56  6.58922e-14
4477.94  6.64777e-14
4480.32  6.70735e-14
4482.7   6.7693e-14
4485.07  6.83519e-14
4487.45  6.90678e-14
4489.83  6.98597e-14
4492.21  7.0748e-14
4494.59  7.17535e-14
4496.96  7.28971e-14
4499.34  7.41993e-14
4501.72  7.56795e-14
4504.1   7.73555e-14
4506.48  7.92427e-14
4508.85  8.13537e-14
4511.23  8.3698e-14
4513.61  8.62809e-14
4515.99  8.9104e-14
4518.37  9.21642e-14
4520.75  9.5454e-14
4523.12  9.89613e-14
4525.5   1.0267e-13
4527.88  1.06558e-13
4530.26  1.10601e-13
4532.64  1.14772e-13
4535.01  1.19039e-13
4537.39  1.23369e-13
4539.77  1.27726e-13
4542.15  1.32077e-13
4544.53  1.36386e-13
4546.9   1.40618e-13
4549.28  1.44741e-13
4551.66  1.48727e-13
4554.04  1.52549e-13
4556.42  1.56185e-13
4558.79  1.59617e-13
4561.17  1.62832e-13
4563.55  1.65824e-13
4565.93  1.68589e-13
4568.31  1.71131e-13
4570.69  1.73457e-13
4573.06  1.75578e-13
4575.44  1.77512e-13
4577.82  1.79276e-13
4580.2   1.80892e-13
4582.58  1.82383e-13
4584.95  1.83772e-13
4587.33  1.85081e-13
4589.71  1.86334e-13
4592.09  1.87548e-13
4594.47  1.88739e-13
4596.84  1.89921e-13
4599.22  1.911e-13
4601.6   1.9228e-13
4603.98  1.93458e-13
4606.36  1.94626e-13
4608.73  1.95772e-13
4611.11  1.96876e-13
4613.49  1.97918e-13
4615.87  1.9887e-13
4618.25  1.99702e-13
4620.63  2.00383e-13
4623     2.00879e-13
4625.38  2.01157e-13
4627.76  2.01183e-13
4630.14  2.00927e-13
4632.52  2.0036e-13
4634.89  1.99459e-13
4637.27  1.98203e-13
4639.65  1.9658e-13
4642.03  1.94581e-13
4644.41  1.92203e-13
4646.78  1.89454e-13
4649.16  1.86344e-13
4651.54  1.82892e-13
4653.92  1.79122e-13
4656.3   1.75066e-13
4658.67  1.70757e-13
4661.05  1.66237e-13
4663.43  1.61547e-13
4665.81  1.56732e-13
4668.19  1.51839e-13
4670.56  1.46915e-13
4672.94  1.42005e-13
4675.32  1.37152e-13
4677.7   1.32397e-13
4680.08  1.27779e-13
4682.46  1.23329e-13
4684.83  1.19076e-13
4687.21  1.15042e-13
4689.59  1.11246e-13
4691.97  1.07698e-13
4694.35  1.04405e-13
4696.72  1.01369e-13
4699.1   9.85848e-14
4701.48  9.60455e-14
4703.86  9.3739e-14
4706.24  9.16509e-14
4708.61  8.97642e-14
4710.99  8.80607e-14
4713.37  8.65215e-14
4715.75  8.51277e-14
4718.13  8.38614e-14
4720.5   8.27062e-14
4722.88  8.16476e-14
4725.26  8.06737e-14
4727.64  7.97753e-14
4730.02  7.89466e-14
4732.4   7.81845e-14
4734.77  7.74893e-14
4737.15  7.68643e-14
4739.53  7.63151e-14
4741.91  7.585e-14
4744.29  7.5479e-14
4746.66  7.52131e-14
4749.04  7.50645e-14
4751.42  7.50452e-14
4753.8   7.51666e-14
4756.18  7.54392e-14
4758.55  7.58717e-14
4760.93  7.64704e-14
4763.31  7.72392e-14
4765.69  7.81787e-14
4768.07  7.92863e-14
4770.44  8.05559e-14
4772.82  8.19777e-14
4775.2   8.35385e-14
4777.58  8.52217e-14
4779.96  8.70075e-14
4782.34  8.88735e-14
4784.71  9.07948e-14
4787.09  9.2745e-14
4789.47  9.46963e-14
4791.85  9.66202e-14
4794.23  9.84885e-14
4796.6   1.00274e-13
4798.98  1.01949e-13
4801.36  1.03491e-13
4803.74  1.04877e-13
4806.12  1.06089e-13
4808.49  1.07111e-13
4810.87  1.07932e-13
4813.25  1.08546e-13
4815.63  1.08948e-13
4818.01  1.09141e-13
4820.38  1.0913e-13
4822.76  1.08926e-13
4825.14  1.08544e-13
4827.52  1.08002e-13
4829.9   1.07322e-13
4832.27  1.06529e-13
4834.65  1.05651e-13
4837.03  1.04719e-13
4839.41  1.03764e-13
4841.79  1.0282e-13
4844.17  1.0192e-13
4846.54  1.01098e-13
4848.92  1.00387e-13
4851.3   9.98198e-14
4853.68  9.94263e-14
4856.06  9.92352e-14
4858.43  9.92727e-14
4860.81  9.95617e-14
4863.19  1.00122e-13
4865.57  1.0097e-13
4867.95  1.02118e-13
4870.32  1.03573e-13
4872.7   1.05341e-13
4875.08  1.07419e-13
4877.46  1.09804e-13
4879.84  1.12486e-13
4882.21  1.1545e-13
4884.59  1.18678e-13
4886.97  1.22148e-13
4889.35  1.25833e-13
4891.73  1.29704e-13
4894.11  1.33725e-13
4896.48  1.37861e-13
4898.86  1.42073e-13
4901.24  1.46319e-13
4903.62  1.50555e-13
4906     1.54739e-13
4908.37  1.58826e-13
4910.75  1.62771e-13
4913.13  1.66531e-13
4915.51  1.70065e-13
4917.89  1.73331e-13
4920.26  1.76294e-13
4922.64  1.78919e-13
4925.02  1.81177e-13
4927.4   1.83041e-13
4929.78  1.84491e-13
4932.15  1.85511e-13
4934.53  1.8609e-13
4936.91  1.86224e-13
4939.29  1.85913e-13
4941.67  1.85164e-13
4944.04  1.83987e-13
4946.42  1.82401e-13
4948.8   1.80427e-13
4951.18  1.7809e-13
4953.56  1.75422e-13
4955.94  1.72456e-13
4958.31  1.69228e-13
4960.69  1.65776e-13
4963.07  1.62141e-13
4965.45  1.58362e-13
4967.83  1.5448e-13
4970.2   1.50535e-13
4972.58  1.46565e-13
4974.96  1.42607e-13
4977.34  1.38693e-13
4979.72  1.34857e-13
4982.09  1.31124e-13
4984.47  1.27519e-13
4986.85  1.24063e-13
4989.23  1.20771e-13
4991.61  1.17657e-13
4993.98  1.14728e-13
4996.36  1.11991e-13
4998.74  1.09446e-13
5001.12  1.07092e-13
5003.5   1.04924e-13
5005.88  1.02935e-13
5008.25  1.01116e-13
5010.63  9.94562e-14
5013.01  9.79433e-14
5015.39  9.65644e-14
5017.77  9.5306e-14
5020.14  9.41545e-14
5022.52  9.30966e-14
5024.9   9.21192e-14
5027.28  9.12104e-14
5029.66  9.0359e-14
5032.03  8.95548e-14
5034.41  8.87891e-14
5036.79  8.80543e-14
5039.17  8.73442e-14
5041.55  8.66536e-14
5043.92  8.59789e-14
5046.3   8.53174e-14
5048.68  8.46675e-14
5051.06  8.40286e-14
5053.44  8.34007e-14
5055.82  8.27846e-14
5058.19  8.21816e-14
5060.57  8.15933e-14
5062.95  8.10217e-14
5065.33  8.04689e-14
5067.71  7.9937e-14
5070.08  7.94281e-14
5072.46  7.89444e-14
5074.84  7.84878e-14
5077.22  7.80601e-14
5079.6   7.76628e-14
5081.97  7.72976e-14
5084.35  7.69657e-14
5086.73  7.66681e-14
5089.11  7.6406e-14
5091.49  7.61802e-14
5093.86  7.59915e-14
5096.24  7.58404e-14
5098.62  7.57277e-14
5101     7.56537e-14
5103.38  7.56189e-14
5105.75  7.56236e-14
5108.13  7.56679e-14
5110.51  7.5752e-14
5112.89  7.58757e-14
5115.27  7.60389e-14
5117.65  7.62412e-14
5120.02  7.64819e-14
5122.4   7.67605e-14
5124.78  7.7076e-14
5127.16  7.74273e-14
5129.54  7.78132e-14
5131.91  7.82326e-14
5134.29  7.86842e-14
5136.67  7.91666e-14
5139.05  7.96786e-14
5141.43  8.02193e-14
5143.8   8.07879e-14
5146.18  8.13837e-14
5148.56  8.20065e-14
5150.94  8.26566e-14
5153.32  8.33346e-14
5155.69  8.40415e-14
5158.07  8.47788e-14
5160.45  8.55485e-14
5162.83  8.63529e-14
5165.21  8.71946e-14
5167.59  8.80765e-14
5169.96  8.90017e-14
5172.34  8.99732e-14
5174.72  9.09939e-14
5177.1   9.20666e-14
5179.48  9.31935e-14
5181.85  9.43765e-14
5184.23  9.56166e-14
5186.61  9.69143e-14
5188.99  9.82692e-14
5191.37  9.96798e-14
5193.74  1.01144e-13
5196.12  1.02659e-13
5198.5   1.04219e-13
5200.88  1.05822e-13
5203.26  1.0746e-13
5205.63  1.09129e-13
5208.01  1.1082e-13
5210.39  1.12529e-13
5212.77  1.14248e-13
5215.15  1.15972e-13
5217.53  1.17694e-13
5219.9   1.19409e-13
5222.28  1.21113e-13
5224.66  1.22804e-13
5227.04  1.24478e-13
5229.42  1.26136e-13
5231.79  1.27778e-13
5234.17  1.29406e-13
5236.55  1.31022e-13
5238.93  1.32631e-13
5241.31  1.34238e-13
5243.68  1.35849e-13
5246.06  1.37469e-13
5248.44  1.39105e-13
5250.82  1.40762e-13
5253.2   1.42447e-13
5255.57  1.44163e-13
5257.95  1.45914e-13
5260.33  1.47701e-13
5262.71  1.49525e-13
5265.09  1.51383e-13
5267.46  1.53271e-13
5269.84  1.55183e-13
5272.22  1.5711e-13
5274.6   1.59041e-13
5276.98  1.60961e-13
5279.36  1.62857e-13
5281.73  1.64711e-13
5284.11  1.66505e-13
5286.49  1.68218e-13
5288.87  1.69832e-13
5291.25  1.71325e-13
5293.62  1.72679e-13
5296     1.73874e-13
5298.38  1.74892e-13
5300.76  1.75717e-13
5303.14  1.76337e-13
5305.51  1.76739e-13
5307.89  1.76918e-13
5310.27  1.76867e-13
5312.65  1.76587e-13
5315.03  1.7608e-13
5317.4   1.75354e-13
5319.78  1.74418e-13
5322.16  1.73289e-13
5324.54  1.71983e-13
5326.92  1.70522e-13
5329.3   1.6893e-13
5331.67  1.67236e-13
5334.05  1.65468e-13
5336.43  1.63657e-13
5338.81  1.61837e-13
5341.19  1.6004e-13
5343.56  1.58299e-13
5345.94  1.56648e-13
5348.32  1.55119e-13
5350.7   1.53742e-13
5353.08  1.52546e-13
5355.45  1.51556e-13
5357.83  1.50797e-13
5360.21  1.50288e-13
5362.59  1.50045e-13
5364.97  1.50082e-13
5367.34  1.50408e-13
5369.72  1.51026e-13
5372.1   1.51937e-13
5374.48  1.53139e-13
5376.86  1.54624e-13
5379.24  1.5638e-13
5381.61  1.58394e-13
5383.99  1.60648e-13
5386.37  1.6312e-13
5388.75  1.65788e-13
5391.13  1.68627e-13
5393.5   1.7161e-13
5395.88  1.74709e-13
5398.26  1.77895e-13
5400.64  1.8114e-13
5403.02  1.84414e-13
5405.39  1.87691e-13
5407.77  1.90943e-13
5410.15  1.94145e-13
5412.53  1.97273e-13
5414.91  2.00305e-13
5417.28  2.03222e-13
5419.66  2.06007e-13
5422.04  2.08645e-13
5424.42  2.11124e-13
5426.8   2.13435e-13
5429.17  2.15572e-13
5431.55  2.17529e-13
5433.93  2.19306e-13
5436.31  2.20902e-13
5438.69  2.2232e-13
5441.07  2.23565e-13
5443.44  2.24641e-13
5445.82  2.25556e-13
5448.2   2.26319e-13
5450.58  2.26937e-13
5452.96  2.27421e-13
5455.33  2.27781e-13
5457.71  2.28027e-13
5460.09  2.28167e-13
5462.47  2.28212e-13
5464.85  2.28172e-13
5467.22  2.28053e-13
5469.6   2.27865e-13
5471.98  2.27613e-13
5474.36  2.27305e-13
5476.74  2.26946e-13
5479.11  2.26539e-13
5481.49  2.26089e-13
5483.87  2.25598e-13
5486.25  2.25068e-13
5488.63  2.24501e-13
5491.01  2.23897e-13
5493.38  2.23257e-13
5495.76  2.22581e-13
5498.14  2.21868e-13
5500.52  2.21117e-13
5502.9   2.20328e-13
5505.27  2.19501e-13
5507.65  2.18634e-13
5510.03  2.17728e-13
5512.41  2.16782e-13
5514.79  2.15796e-13
5517.16  2.14771e-13
5519.54  2.13708e-13
5521.92  2.12607e-13
5524.3   2.11471e-13
5526.68  2.10301e-13
5529.05  2.091e-13
5531.43  2.0787e-13
5533.81  2.06614e-13
5536.19  2.05335e-13
5538.57  2.04035e-13
5540.95  2.02718e-13
5543.32  2.01388e-13
5545.7   2.00046e-13
5548.08  1.98696e-13
5550.46  1.9734e-13
5552.84  1.95981e-13
5555.21  1.94621e-13
5557.59  1.9326e-13
5559.97  1.91901e-13
5562.35  1.90543e-13
5564.73  1.89187e-13
5567.1   1.87833e-13
5569.48  1.86479e-13
5571.86  1.85125e-13
5574.24  1.83768e-13
5576.62  1.82406e-13
5578.99  1.81037e-13
5581.37  1.79657e-13
5583.75  1.78264e-13
5586.13  1.76854e-13
5588.51  1.75424e-13
5590.88  1.73971e-13
5593.26  1.7249e-13
5595.64  1.70979e-13
5598.02  1.69434e-13
5600.4   1.67853e-13
5602.78  1.66233e-13
5605.15  1.64573e-13
5607.53  1.62871e-13
5609.91  1.61126e-13
5612.29  1.59339e-13
5614.67  1.57508e-13
5617.04  1.55636e-13
5619.42  1.53725e-13
5621.8   1.51776e-13
5624.18  1.49792e-13
5626.56  1.47778e-13
5628.93  1.45738e-13
5631.31  1.43675e-13
5633.69  1.41596e-13
5636.07  1.39506e-13
5638.45  1.37411e-13
5640.82  1.35316e-13
5643.2   1.33228e-13
5645.58  1.31152e-13
5647.96  1.29096e-13
5650.34  1.27066e-13
5652.72  1.25066e-13
5655.09  1.23102e-13
5657.47  1.2118e-13
5659.85  1.19304e-13
5662.23  1.1748e-13
5664.61  1.15711e-13
5666.98  1.14e-13
5669.36  1.12352e-13
5671.74  1.10769e-13
5674.12  1.09255e-13
5676.5   1.07811e-13
5678.87  1.0644e-13
5681.25  1.05144e-13
5683.63  1.03926e-13
5686.01  1.02788e-13
5688.39  1.01732e-13
5690.76  1.00759e-13
5693.14  9.98738e-14
5695.52  9.90777e-14
5697.9   9.83739e-14
5700.28  9.77652e-14
5702.66  9.7255e-14
5705.03  9.68463e-14
5707.41  9.65427e-14
5709.79  9.63473e-14
5712.17  9.62634e-14
5714.55  9.62938e-14
5716.92  9.64414e-14
5719.3   9.67082e-14
5721.68  9.70961e-14
5724.06  9.76061e-14
5726.44  9.82385e-14
5728.81  9.89928e-14
5731.19  9.98675e-14
5733.57  1.0086e-13
5735.95  1.01968e-13
5738.33  1.03186e-13
5740.7   1.04509e-13
5743.08  1.05932e-13
5745.46  1.07446e-13
5747.84  1.09045e-13
5750.22  1.10719e-13
5752.59  1.12461e-13
5754.97  1.14261e-13
5757.35  1.1611e-13
5759.73  1.17999e-13
5762.11  1.19919e-13
5764.49  1.21863e-13
5766.86  1.23823e-13
5769.24  1.25792e-13
5771.62  1.27763e-13
5774     1.29734e-13
5776.38  1.31698e-13
5778.75  1.33655e-13
5781.13  1.35603e-13
5783.51  1.3754e-13
5785.89  1.39469e-13
5788.27  1.41389e-13
5790.64  1.43303e-13
5793.02  1.45214e-13
5795.4   1.47125e-13
5797.78  1.49037e-13
5800.16  1.50954e-13
5802.53  1.52878e-13
5804.91  1.5481e-13
5807.29  1.56751e-13
5809.67  1.58701e-13
5812.05  1.60657e-13
5814.43  1.62616e-13
5816.8   1.64575e-13
5819.18  1.66527e-13
5821.56  1.68465e-13
5823.94  1.7038e-13
5826.32  1.72263e-13
5828.69  1.74102e-13
5831.07  1.75885e-13
5833.45  1.77601e-13
5835.83  1.79237e-13
5838.21  1.8078e-13
5840.58  1.82217e-13
5842.96  1.83538e-13
5845.34  1.8473e-13
5847.72  1.85785e-13
5850.1   1.86693e-13
5852.47  1.87447e-13
5854.85  1.88043e-13
5857.23  1.88477e-13
5859.61  1.88746e-13
5861.99  1.8885e-13
5864.37  1.88792e-13
5866.74  1.88574e-13
5869.12  1.88201e-13
5871.5   1.87679e-13
5873.88  1.87013e-13
5876.26  1.86212e-13
5878.63  1.85282e-13
5881.01  1.84232e-13
5883.39  1.83069e-13
5885.77  1.81801e-13
5888.15  1.80435e-13
5890.52  1.78975e-13
5892.9   1.77428e-13
5895.28  1.75798e-13
5897.66  1.74087e-13
5900.04  1.72299e-13
5902.41  1.70435e-13
5904.79  1.68496e-13
5907.17  1.66482e-13
5909.55  1.64394e-13
5911.93  1.62232e-13
5914.3   1.59996e-13
5916.68  1.57687e-13
5919.06  1.55309e-13
5921.44  1.52862e-13
5923.82  1.50353e-13
5926.2   1.47787e-13
5928.57  1.45171e-13
5930.95  1.42515e-13
5933.33  1.39829e-13
5935.71  1.37128e-13
5938.09  1.34424e-13
5940.46  1.31735e-13
5942.84  1.29076e-13
5945.22  1.26466e-13
5947.6   1.23924e-13
5949.98  1.21468e-13
5952.35  1.19116e-13
5954.73  1.16887e-13
5957.11  1.14796e-13
5959.49  1.1286e-13
5961.87  1.1109e-13
5964.24  1.09498e-13
5966.62  1.08091e-13
5969     1.06876e-13
5971.38  1.05853e-13
5973.76  1.05021e-13
5976.14  1.04376e-13
5978.51  1.0391e-13
5980.89  1.03613e-13
5983.27  1.03469e-13
5985.65  1.03464e-13
5988.03  1.03579e-13
5990.4   1.03792e-13
5992.78  1.04084e-13
5995.16  1.04431e-13
5997.54  1.04811e-13
5999.92  1.05202e-13
6002.29  1.05582e-13
6004.67  1.05932e-13
6007.05  1.06234e-13
6009.43  1.06471e-13
6011.81  1.06632e-13
6014.18  1.06706e-13
6016.56  1.06687e-13
6018.94  1.0657e-13
6021.32  1.06356e-13
6023.7   1.06048e-13
6026.08  1.05652e-13
6028.45  1.05178e-13
6030.83  1.04637e-13
6033.21  1.04042e-13
6035.59  1.03409e-13
6037.97  1.02756e-13
6040.34  1.02099e-13
6042.72  1.01455e-13
6045.1   1.00843e-13
6047.48  1.00277e-13
6049.86  9.97724e-14
6052.23  9.93419e-14
6054.61  9.89955e-14
6056.99  9.8741e-14
6059.37  9.85829e-14
6061.75  9.85228e-14
6064.12  9.85592e-14
6066.5   9.86873e-14
6068.88  9.88991e-14
6071.26  9.91839e-14
6073.64  9.95285e-14
6076.01  9.99171e-14
6078.39  1.00332e-13
6080.77  1.00755e-13
6083.15  1.01165e-13
6085.53  1.01543e-13
6087.91  1.01868e-13
6090.28  1.02121e-13
6092.66  1.02283e-13
6095.04  1.02338e-13
6097.42  1.0227e-13
6099.8   1.02068e-13
6102.17  1.01722e-13
6104.55  1.01225e-13
6106.93  1.00574e-13
6109.31  9.97687e-14
6111.69  9.88121e-14
6114.06  9.77106e-14
6116.44  9.64735e-14
6118.82  9.51131e-14
6121.2   9.36441e-14
6123.58  9.20838e-14
6125.95  9.04512e-14
6128.33  8.87668e-14
6130.71  8.70524e-14
6133.09  8.53301e-14
6135.47  8.36225e-14
6137.85  8.1952e-14
6140.22  8.03401e-14
6142.6   7.88073e-14
6144.98  7.73727e-14
6147.36  7.60536e-14
6149.74  7.48654e-14
6152.11  7.38209e-14
6154.49  7.29305e-14
6156.87  7.2202e-14
6159.25  7.16406e-14
6161.63  7.12485e-14
6164     7.10252e-14
6166.38  7.09679e-14
6168.76  7.10708e-14
6171.14  7.13261e-14
6173.52  7.17237e-14
6175.89  7.22516e-14
6178.27  7.28962e-14
6180.65  7.36427e-14
6183.03  7.44751e-14
6185.41  7.53767e-14
6187.79  7.63307e-14
6190.16  7.73199e-14
6192.54  7.83278e-14
6194.92  7.93382e-14
6197.3   8.03359e-14
6199.68  8.13069e-14
6202.05  8.22385e-14
6204.43  8.31196e-14
6206.81  8.39409e-14
6209.19  8.4695e-14
6211.57  8.53764e-14
6213.94  8.59817e-14
6216.32  8.65094e-14
6218.7   8.69601e-14
6221.08  8.73361e-14
6223.46  8.76416e-14
6225.83  8.78823e-14
6228.21  8.80654e-14
6230.59  8.81994e-14
6232.97  8.82934e-14
6235.35  8.83575e-14
6237.72  8.84023e-14
6240.1   8.84384e-14
6242.48  8.84766e-14
6244.86  8.8527e-14
6247.24  8.85996e-14
6249.62  8.87035e-14
6251.99  8.88469e-14
6254.37  8.90369e-14
6256.75  8.92794e-14
6259.13  8.95794e-14
6261.51  8.99403e-14
6263.88  9.03642e-14
6266.26  9.08523e-14
6268.64  9.14045e-14
6271.02  9.20194e-14
6273.4   9.26952e-14
6275.77  9.34289e-14
6278.15  9.42171e-14
6280.53  9.5056e-14
6282.91  9.59417e-14
6285.29  9.68699e-14
6287.66  9.78369e-14
6290.04  9.88391e-14
6292.42  9.98733e-14
6294.8   1.00937e-13
6297.18  1.02028e-13
6299.56  1.03146e-13
6301.93  1.04289e-13
6304.31  1.05459e-13
6306.69  1.06656e-13
6309.07  1.07882e-13
6311.45  1.0914e-13
6313.82  1.10431e-13
6316.2   1.11758e-13
6318.58  1.13125e-13
6320.96  1.14535e-13
6323.34  1.15989e-13
6325.71  1.17491e-13
6328.09  1.19042e-13
6330.47  1.20643e-13
6332.85  1.22294e-13
6335.23  1.23995e-13
6337.6   1.25743e-13
6339.98  1.27535e-13
6342.36  1.29369e-13
6344.74  1.31238e-13
6347.12  1.33137e-13
6349.5   1.3506e-13
6351.87  1.36997e-13
6354.25  1.38942e-13
6356.63  1.40886e-13
6359.01  1.42819e-13
6361.39  1.44733e-13
6363.76  1.46618e-13
6366.14  1.48466e-13
6368.52  1.50268e-13
6370.9   1.52017e-13
6373.28  1.53705e-13
6375.65  1.55326e-13
6378.03  1.56875e-13
6380.41  1.58349e-13
6382.79  1.59743e-13
6385.17  1.61056e-13
6387.54  1.62288e-13
6389.92  1.63438e-13
6392.3   1.64508e-13
6394.68  1.655e-13
6397.06  1.66416e-13
6399.43  1.67262e-13
6401.81  1.68041e-13
6404.19  1.68757e-13
6406.57  1.69417e-13
6408.95  1.70024e-13
6411.33  1.70585e-13
6413.7   1.71105e-13
6416.08  1.71588e-13
6418.46  1.7204e-13
6420.84  1.72465e-13
6423.22  1.72867e-13
6425.59  1.7325e-13
6427.97  1.73616e-13
6430.35  1.73968e-13
6432.73  1.74309e-13
6435.11  1.7464e-13
6437.48  1.74962e-13
6439.86  1.75277e-13
6442.24  1.75585e-13
6444.62  1.75886e-13
6447     1.7618e-13
6449.37  1.76467e-13
6451.75  1.76746e-13
6454.13  1.77018e-13
6456.51  1.77281e-13
6458.89  1.77535e-13
6461.27  1.7778e-13
6463.64  1.78014e-13
6466.02  1.78236e-13
6468.4   1.78447e-13
6470.78  1.78645e-13
6473.16  1.78829e-13
6475.53  1.78999e-13
6477.91  1.79154e-13
6480.29  1.79293e-13
6482.67  1.79416e-13
6485.05  1.7952e-13
6487.42  1.79605e-13
6489.8   1.79669e-13
6492.18  1.79713e-13
6494.56  1.79733e-13
6496.94  1.79729e-13
6499.31  1.797e-13
6501.69  1.79644e-13
6504.07  1.79559e-13
6506.45  1.79444e-13
6508.83  1.79298e-13
6511.2   1.79119e-13
6513.58  1.78905e-13
6515.96  1.78656e-13
6518.34  1.7837e-13
6520.72  1.78045e-13
6523.1   1.77681e-13
6525.47  1.77276e-13
6527.85  1.76829e-13
6530.23  1.7634e-13
6532.61  1.75807e-13
6534.99  1.75228e-13
6537.36  1.74605e-13
6539.74  1.73935e-13
6542.12  1.73217e-13
6544.5   1.72452e-13
6546.88  1.71638e-13
6549.25  1.70774e-13
6551.63  1.6986e-13
6554.01  1.68895e-13
6556.39  1.67879e-13
6558.77  1.66812e-13
6561.14  1.65692e-13
6563.52  1.6452e-13
6565.9   1.63296e-13
6568.28  1.62021e-13
6570.66  1.60694e-13
6573.04  1.59317e-13
6575.41  1.57891e-13
6577.79  1.56417e-13
6580.17  1.54897e-13
6582.55  1.53333e-13
6584.93  1.51728e-13
6587.3   1.50085e-13
6589.68  1.48407e-13
6592.06  1.46698e-13
6594.44  1.44961e-13
6596.82  1.43201e-13
6599.19  1.41423e-13
6601.57  1.39631e-13
6603.95  1.3783e-13
6606.33  1.36025e-13
6608.71  1.34222e-13
6611.08  1.32424e-13
6613.46  1.30638e-13
6615.84  1.28867e-13
6618.22  1.27118e-13
6620.6   1.25393e-13
6622.98  1.23697e-13
6625.35  1.22034e-13
6627.73  1.20407e-13
6630.11  1.18818e-13
6632.49  1.17272e-13
6634.87  1.15769e-13
6637.24  1.14312e-13
6639.62  1.12901e-13
6642     1.11538e-13
6644.38  1.10222e-13
6646.76  1.08954e-13
6649.13  1.07733e-13
6651.51  1.06558e-13
6653.89  1.05429e-13
6656.27  1.04344e-13
6658.65  1.03301e-13
6661.02  1.02299e-13
6663.4   1.01336e-13
6665.78  1.00408e-13
6668.16  9.95152e-14
6670.54  9.86538e-14
6672.91  9.7822e-14
6675.29  9.70172e-14
6677.67  9.62372e-14
6680.05  9.54795e-14
6682.43  9.47421e-14
6684.81  9.40228e-14
6687.18  9.33195e-14
6689.56  9.26302e-14
6691.94  9.19533e-14
6694.32  9.12871e-14
6696.7   9.063e-14
6699.07  8.99809e-14
6701.45  8.93386e-14
6703.83  8.87022e-14
6706.21  8.80709e-14
6708.59  8.7444e-14
6710.96  8.68213e-14
6713.34  8.62025e-14
6715.72  8.55874e-14
6718.1   8.49762e-14
6720.48  8.43691e-14
6722.85  8.37665e-14
6725.23  8.31687e-14
6727.61  8.25763e-14
6729.99  8.19899e-14
6732.37  8.14102e-14
6734.75  8.08379e-14
6737.12  8.02735e-14
6739.5   7.97178e-14
6741.88  7.91713e-14
6744.26  7.86347e-14
6746.64  7.81085e-14
6749.01  7.7593e-14
6751.39  7.70885e-14
6753.77  7.65954e-14
6756.15  7.61137e-14
6758.53  7.56433e-14
6760.9   7.51844e-14
6763.28  7.47365e-14
6765.66  7.42997e-14
6768.04  7.38735e-14
6770.42  7.34575e-14
6772.79  7.30515e-14
6775.17  7.26551e-14
6777.55  7.2268e-14
6779.93  7.18898e-14
6782.31  7.15203e-14
6784.69  7.11595e-14
6787.06  7.08072e-14
6789.44  7.04635e-14
6791.82  7.01288e-14
6794.2   6.98033e-14
6796.58  6.94874e-14
6798.95  6.9182e-14
6801.33  6.88876e-14
6803.71  6.86052e-14
6806.09  6.83358e-14
6808.47  6.80802e-14
6810.84  6.78397e-14
6813.22  6.76152e-14
6815.6   6.74078e-14
6817.98  6.72186e-14
6820.36  6.70483e-14
6822.73  6.68979e-14
6825.11  6.67679e-14
6827.49  6.66587e-14
6829.87  6.65705e-14
6832.25  6.65033e-14
6834.62  6.64567e-14
6837     6.64302e-14
6839.38  6.6423e-14
6841.76  6.64339e-14
6844.14  6.64615e-14
6846.52  6.65042e-14
6848.89  6.65601e-14
6851.27  6.66273e-14
6853.65  6.67033e-14
6856.03  6.67861e-14
6858.41  6.68731e-14
6860.78  6.6962e-14
6863.16  6.70503e-14
6865.54  6.71358e-14
6867.92  6.72163e-14
6870.3   6.72897e-14
6872.67  6.73543e-14
6875.05  6.74085e-14
6877.43  6.74511e-14
6879.81  6.7481e-14
6882.19  6.74978e-14
6884.56  6.75009e-14
6886.94  6.74905e-14
6889.32  6.7467e-14
6891.7   6.74308e-14
6894.08  6.7383e-14
6896.46  6.73247e-14
6898.83  6.72573e-14
6901.21  6.71821e-14
6903.59  6.71009e-14
6905.97  6.70151e-14
6908.35  6.69264e-14
6910.72  6.68362e-14
6913.1   6.67459e-14
6915.48  6.66566e-14
6917.86  6.65693e-14
6920.24  6.64846e-14
6922.61  6.64028e-14
6924.99  6.63238e-14
6927.37  6.62472e-14
6929.75  6.61724e-14
6932.13  6.60982e-14
6934.5   6.60233e-14
6936.88  6.59461e-14
6939.26  6.58645e-14
6941.64  6.57766e-14
6944.02  6.56803e-14
6946.4   6.55733e-14
6948.77  6.54536e-14
6951.15  6.53192e-14
6953.53  6.51683e-14
6955.91  6.49994e-14
6958.29  6.48115e-14
6960.66  6.46039e-14
6963.04  6.43763e-14
6965.42  6.41291e-14
6967.8   6.38632e-14
6970.18  6.35801e-14
6972.55  6.32816e-14
6974.93  6.29704e-14
6977.31  6.26494e-14
6979.69  6.23221e-14
6982.07  6.19922e-14
6984.44  6.16639e-14
6986.82  6.13412e-14
6989.2   6.10287e-14
6991.58  6.07303e-14
6993.96  6.04504e-14
6996.33  6.01927e-14
6998.71  5.99606e-14
7001.09  5.9757e-14
7003.47  5.95845e-14
7005.85  5.94447e-14
7008.23  5.93387e-14
7010.6   5.92668e-14
7012.98  5.92285e-14
7015.36  5.92226e-14
7017.74  5.92472e-14
7020.12  5.92996e-14
7022.49  5.93765e-14
7024.87  5.94742e-14
7027.25  5.95885e-14
7029.63  5.97147e-14
7032.01  5.98482e-14
7034.38  5.99842e-14
7036.76  6.0118e-14
7039.14  6.02451e-14
7041.52  6.03614e-14
7043.9   6.04634e-14
7046.27  6.0548e-14
7048.65  6.0613e-14
7051.03  6.06569e-14
7053.41  6.06791e-14
7055.79  6.06797e-14
7058.17  6.066e-14
7060.54  6.06219e-14
7062.92  6.05683e-14
7065.3   6.05029e-14
7067.68  6.04299e-14
7070.06  6.03543e-14
7072.43  6.02813e-14
7074.81  6.02166e-14
7077.19  6.0166e-14
7079.57  6.01352e-14
7081.95  6.01299e-14
7084.32  6.01551e-14
7086.7   6.02159e-14
7089.08  6.03161e-14
7091.46  6.04593e-14
7093.84  6.0648e-14
7096.21  6.08836e-14
7098.59  6.11669e-14
7100.97  6.14973e-14
7103.35  6.18733e-14
7105.73  6.22925e-14
7108.11  6.27515e-14
7110.48  6.32459e-14
7112.86  6.37707e-14
7115.24  6.43202e-14
7117.62  6.48881e-14
7120     6.54679e-14
7122.37  6.60528e-14
7124.75  6.6636e-14
7127.13  6.7211e-14
7129.51  6.77714e-14
7131.89  6.83112e-14
7134.26  6.88252e-14
7136.64  6.93087e-14
7139.02  6.97578e-14
7141.4   7.01695e-14
7143.78  7.05416e-14
7146.15  7.08728e-14
7148.53  7.11627e-14
7150.91  7.14118e-14
7153.29  7.1621e-14
7155.67  7.17925e-14
7158.04  7.19284e-14
7160.42  7.20319e-14
7162.8   7.21061e-14
7165.18  7.21544e-14
7167.56  7.21805e-14
7169.94  7.21879e-14
7172.31  7.218e-14
7174.69  7.21598e-14
7177.07  7.21302e-14
7179.45  7.20937e-14
7181.83  7.20521e-14
7184.2   7.20071e-14
7186.58  7.19595e-14
7188.96  7.19101e-14
7191.34  7.1859e-14
7193.72  7.18059e-14
7196.09  7.17505e-14
7198.47  7.16919e-14
7200.85  7.16293e-14
7203.23  7.15618e-14
7205.61  7.14886e-14
7207.98  7.14089e-14
7210.36  7.13222e-14
7212.74  7.12283e-14
7215.12  7.11272e-14
7217.5   7.10193e-14
7219.88  7.09054e-14
7222.25  7.07867e-14
7224.63  7.06647e-14
7227.01  7.05414e-14
7229.39  7.04188e-14
7231.77  7.02995e-14
7234.14  7.01859e-14
7236.52  7.00809e-14
7238.9   6.9987e-14
7241.28  6.9907e-14
7243.66  6.98434e-14
7246.03  6.97985e-14
7248.41  6.97744e-14
7250.79  6.97729e-14
7253.17  6.97954e-14
7255.55  6.98428e-14
7257.92  6.99158e-14
7260.3   7.00147e-14
7262.68  7.01393e-14
7265.06  7.02889e-14
7267.44  7.04628e-14
7269.82  7.06598e-14
7272.19  7.08784e-14
7274.57  7.1117e-14
7276.95  7.13739e-14
7279.33  7.16473e-14
7281.71  7.19352e-14
7284.08  7.22358e-14
7286.46  7.25474e-14
7288.84  7.28682e-14
7291.22  7.31968e-14
7293.6   7.35317e-14
7295.97  7.38717e-14
7298.35  7.42157e-14
7300.73  7.4563e-14
7303.11  7.49128e-14
7305.49  7.52646e-14
7307.86  7.56179e-14
7310.24  7.59725e-14
7312.62  7.63281e-14
7315     7.66845e-14
7317.38  7.70416e-14
7319.75  7.73991e-14
7322.13  7.7757e-14
7324.51  7.81148e-14
7326.89  7.84724e-14
7329.27  7.88293e-14
7331.65  7.9185e-14
7334.02  7.95388e-14
7336.4   7.98902e-14
7338.78  8.02382e-14
7341.16  8.0582e-14
7343.54  8.09205e-14
7345.91  8.12528e-14
7348.29  8.15778e-14
7350.67  8.18941e-14
7353.05  8.22008e-14
7355.43  8.24966e-14
7357.8   8.27803e-14
7360.18  8.30508e-14
7362.56  8.33069e-14
7364.94  8.35474e-14
7367.32  8.37715e-14
7369.69  8.3978e-14
7372.07  8.4166e-14
7374.45  8.43347e-14
7376.83  8.44831e-14
7379.21  8.46105e-14
7381.59  8.4716e-14
7383.96  8.47991e-14
7386.34  8.4859e-14
7388.72  8.48951e-14
7391.1   8.49066e-14
7393.48  8.48931e-14
7395.85  8.48537e-14
7398.23  8.47881e-14
7400.61  8.46955e-14
7402.99  8.45753e-14
7405.37  8.4427e-14
7407.74  8.42499e-14
7410.12  8.40437e-14
7412.5   8.38076e-14
7414.88  8.35414e-14
7417.26  8.32446e-14
7419.63  8.29169e-14
7422.01  8.25582e-14
7424.39  8.21685e-14
7426.77  8.17478e-14
7429.15  8.12964e-14
7431.53  8.08148e-14
7433.9   8.03037e-14
7436.28  7.9764e-14
7438.66  7.91969e-14
7441.04  7.86038e-14
7443.42  7.79864e-14
7445.79  7.73467e-14
7448.17  7.6687e-14
7450.55  7.60097e-14
7452.93  7.53178e-14
7455.31  7.46144e-14
7457.68  7.39026e-14
7460.06  7.31862e-14
7462.44  7.24689e-14
7464.82  7.17547e-14
7467.2   7.10477e-14
7469.57  7.03522e-14
7471.95  6.96724e-14
7474.33  6.90127e-14
7476.71  6.83774e-14
7479.09  6.77709e-14
7481.46  6.71974e-14
7483.84  6.66608e-14
7486.22  6.61651e-14
7488.6   6.57138e-14
7490.98  6.53102e-14
7493.36  6.49573e-14
7495.73  6.46578e-14
7498.11  6.44136e-14
7500.49  6.42266e-14
7502.87  6.40979e-14
7505.25  6.40283e-14
7507.62  6.40178e-14
7510     6.40661e-14
7512.38  6.41721e-14
7514.76  6.43344e-14
7517.14  6.45509e-14
7519.51  6.48188e-14
7521.89  6.51352e-14
7524.27  6.54963e-14
7526.65  6.58981e-14
7529.03  6.63362e-14
7531.4   6.68057e-14
7533.78  6.73017e-14
7536.16  6.78188e-14
7538.54  6.83517e-14
7540.92  6.88951e-14
7543.3   6.94436e-14
7545.67  6.99919e-14
7548.05  7.0535e-14
7550.43  7.10682e-14
7552.81  7.15871e-14
7555.19  7.20878e-14
7557.56  7.25668e-14
7559.94  7.30214e-14
7562.32  7.34491e-14
7564.7   7.38483e-14
7567.08  7.4218e-14
7569.45  7.45578e-14
7571.83  7.48678e-14
7574.21  7.51489e-14
7576.59  7.54025e-14
7578.97  7.56304e-14
7581.34  7.58349e-14
7583.72  7.60187e-14
7586.1   7.61848e-14
7588.48  7.63361e-14
7590.86  7.6476e-14
7593.24  7.66076e-14
7595.61  7.6734e-14
7597.99  7.6858e-14
7600.37  7.69822e-14
7602.75  7.71088e-14
7605.13  7.72396e-14
7607.5   7.7376e-14
7609.88  7.75187e-14
7612.26  7.7668e-14
7614.64  7.78235e-14
7617.02  7.79846e-14
7619.39  7.81498e-14
7621.77  7.83175e-14
7624.15  7.84853e-14
7626.53  7.86509e-14
7628.91  7.88114e-14
7631.28  7.89639e-14
7633.66  7.91053e-14
7636.04  7.92326e-14
7638.42  7.93428e-14
7640.8   7.94332e-14
7643.17  7.95013e-14
7645.55  7.95448e-14
7647.93  7.9562e-14
7650.31  7.95515e-14
7652.69  7.95124e-14
7655.07  7.94443e-14
7657.44  7.93475e-14
7659.82  7.92224e-14
7662.2   7.90701e-14
7664.58  7.88922e-14
7666.96  7.86907e-14
7669.33  7.84676e-14
7671.71  7.82257e-14
7674.09  7.79675e-14
7676.47  7.7696e-14
7678.85  7.74141e-14
7681.22  7.71247e-14
7683.6   7.68305e-14
7685.98  7.65342e-14
7688.36  7.62383e-14
7690.74  7.59449e-14
7693.11  7.56559e-14
7695.49  7.53728e-14
7697.87  7.50969e-14
7700.25  7.48289e-14
7702.63  7.45694e-14
7705.01  7.43186e-14
7707.38  7.40762e-14
7709.76  7.38418e-14
7712.14  7.36148e-14
7714.52  7.33942e-14
7716.9   7.31791e-14
7719.27  7.29681e-14
7721.65  7.27602e-14
7724.03  7.25541e-14
7726.41  7.23485e-14
7728.79  7.21424e-14
7731.16  7.19345e-14
7733.54  7.17242e-14
7735.92  7.15104e-14
7738.3   7.12926e-14
7740.68  7.10703e-14
7743.05  7.08433e-14
7745.43  7.06113e-14
7747.81  7.03744e-14
7750.19  7.01328e-14
7752.57  6.98868e-14
7754.95  6.96366e-14
7757.32  6.93829e-14
7759.7   6.91262e-14
7762.08  6.8867e-14
7764.46  6.86059e-14
7766.84  6.83437e-14
7769.21  6.80808e-14
7771.59  6.78178e-14
7773.97  6.75554e-14
7776.35  6.7294e-14
7778.73  6.7034e-14
7781.1   6.6776e-14
7783.48  6.65201e-14
7785.86  6.62667e-14
7788.24  6.60161e-14
7790.62  6.57685e-14
7792.99  6.5524e-14
7795.37  6.52828e-14
7797.75  6.50449e-14
7800.13  6.48105e-14
7802.51  6.45795e-14
7804.88  6.4352e-14
7807.26  6.41279e-14
7809.64  6.39073e-14
7812.02  6.36901e-14
7814.4   6.34761e-14
7816.78  6.32652e-14
7819.15  6.30574e-14
7821.53  6.28523e-14
7823.91  6.26497e-14
7826.29  6.24492e-14
7828.67  6.22506e-14
7831.04  6.20534e-14
7833.42  6.18571e-14
7835.8   6.16612e-14
7838.18  6.14652e-14
7840.56  6.12683e-14
7842.93  6.10701e-14
7845.31  6.08698e-14
7847.69  6.06667e-14
7850.07  6.04603e-14
7852.45  6.02499e-14
7854.82  6.00349e-14
7857.2   5.98147e-14
7859.58  5.95889e-14
7861.96  5.93571e-14
7864.34  5.91189e-14
7866.72  5.88742e-14
7869.09  5.86229e-14
7871.47  5.8365e-14
7873.85  5.81007e-14
7876.23  5.78301e-14
7878.61  5.75538e-14
7880.98  5.72721e-14
7883.36  5.69856e-14
7885.74  5.6695e-14
7888.12  5.64011e-14
7890.5   5.61047e-14
7892.87  5.58065e-14
7895.25  5.55075e-14
7897.63  5.52085e-14
7900.01  5.49103e-14
7902.39  5.46138e-14
7904.76  5.43197e-14
7907.14  5.40287e-14
7909.52  5.37414e-14
7911.9   5.34583e-14
7914.28  5.31798e-14
7916.66  5.29062e-14
7919.03  5.26377e-14
7921.41  5.23744e-14
7923.79  5.21161e-14
7926.17  5.18627e-14
7928.55  5.1614e-14
7930.92  5.13697e-14
7933.3   5.11292e-14
7935.68  5.08922e-14
7938.06  5.06582e-14
7940.44  5.04264e-14
7942.81  5.01965e-14
7945.19  4.99679e-14
7947.57  4.97399e-14
7949.95  4.95123e-14
7952.33  4.92845e-14
7954.7   4.90562e-14
7957.08  4.88272e-14
7959.46  4.85973e-14
7961.84  4.83663e-14
7964.22  4.81345e-14
7966.59  4.79019e-14
7968.97  4.76687e-14
7971.35  4.74353e-14
7973.73  4.72022e-14
7976.11  4.69698e-14
7978.49  4.67387e-14
7980.86  4.65096e-14
7983.24  4.62832e-14
7985.62  4.606e-14
7988     4.58409e-14
7990.38  4.56264e-14
7992.75  4.54174e-14
7995.13  4.52143e-14
7997.51  4.50178e-14
7999.89  4.48284e-14
8002.27  4.46465e-14
8004.64  4.44726e-14
8007.02  4.43069e-14
8009.4   4.41498e-14
8011.78  4.40014e-14
8014.16  4.38618e-14
8016.53  4.37312e-14
8018.91  4.36095e-14
8021.29  4.34969e-14
8023.67  4.33933e-14
8026.05  4.32988e-14
8028.43  4.32132e-14
8030.8   4.31367e-14
8033.18  4.30692e-14
8035.56  4.30107e-14
8037.94  4.29613e-14
8040.32  4.2921e-14
8042.69  4.28898e-14
8045.07  4.28678e-14
8047.45  4.28549e-14
8049.83  4.2851e-14
8052.21  4.28559e-14
8054.58  4.28694e-14
8056.96  4.28911e-14
8059.34  4.29205e-14
8061.72  4.29568e-14
8064.1   4.29991e-14
8066.47  4.30463e-14
8068.85  4.30971e-14
8071.23  4.31498e-14
8073.61  4.32027e-14
8075.99  4.32537e-14
8078.36  4.33004e-14
8080.74  4.33405e-14
8083.12  4.33711e-14
8085.5   4.33896e-14
8087.88  4.33929e-14
8090.26  4.33781e-14
8092.63  4.3342e-14
8095.01  4.32818e-14
8097.39  4.31944e-14
8099.77  4.30772e-14
8102.15  4.29277e-14
8104.52  4.27434e-14
8106.9   4.25224e-14
8109.28  4.22632e-14
8111.66  4.19644e-14
8114.04  4.16253e-14
8116.41  4.12454e-14
8118.79  4.0825e-14
8121.17  4.03644e-14
8123.55  3.98649e-14
8125.93  3.93277e-14
8128.3   3.87549e-14
8130.68  3.81485e-14
8133.06  3.75113e-14
8135.44  3.6846e-14
8137.82  3.61558e-14
8140.2   3.54438e-14
8142.57  3.47135e-14
8144.95  3.39683e-14
8147.33  3.32116e-14
8149.71  3.24468e-14
8152.09  3.16771e-14
8154.46  3.09056e-14
8156.84  3.01352e-14
8159.22  2.93686e-14
8161.6   2.86082e-14
8163.98  2.78564e-14
8166.35  2.7115e-14
8168.73  2.63859e-14
8171.11  2.56705e-14
8173.49  2.49701e-14
8175.87  2.4286e-14
8178.24  2.36191e-14
8180.62  2.29704e-14
8183     2.23406e-14
8185.38  2.17307e-14
8187.76  2.11413e-14
8190.14  2.05733e-14
8192.51  2.00275e-14
8194.89  1.95049e-14
8197.27  1.90064e-14
8199.65  1.8533e-14
8202.03  1.80858e-14
8204.4   1.76661e-14
8206.78  1.72748e-14
8209.16  1.69133e-14
8211.54  1.65826e-14
8213.92  1.62838e-14
8216.29  1.6018e-14
8218.67  1.57858e-14
8221.05  1.5588e-14
8223.43  1.5425e-14
8225.81  1.5297e-14
8228.18  1.52039e-14
8230.56  1.51453e-14
8232.94  1.51206e-14
8235.32  1.51286e-14
8237.7   1.51681e-14
8240.07  1.52375e-14
8242.45  1.53347e-14
8244.83  1.54576e-14
8247.21  1.56037e-14
8249.59  1.57705e-14
8251.97  1.59551e-14
8254.34  1.61546e-14
8256.72  1.63661e-14
8259.1   1.65867e-14
8261.48  1.68133e-14
8263.86  1.70433e-14
8266.23  1.72739e-14
8268.61  1.75026e-14
8270.99  1.77273e-14
8273.37  1.79458e-14
8275.75  1.81564e-14
8278.12  1.83578e-14
8280.5   1.85488e-14
8282.88  1.87285e-14
8285.26  1.88965e-14
8287.64  1.90527e-14
8290.01  1.9197e-14
8292.39  1.93298e-14
8294.77  1.94519e-14
8297.15  1.95639e-14
8299.53  1.9667e-14
8301.91  1.97623e-14
8304.28  1.98511e-14
8306.66  1.99348e-14
8309.04  2.00149e-14
8311.42  2.0093e-14
8313.8   2.01705e-14
8316.17  2.02489e-14
8318.55  2.03297e-14
8320.93  2.04144e-14
8323.31  2.05042e-14
8325.69  2.06004e-14
8328.06  2.07043e-14
8330.44  2.08168e-14
8332.82  2.09389e-14
8335.2   2.10714e-14
8337.58  2.12152e-14
8339.95  2.13706e-14
8342.33  2.15384e-14
8344.71  2.17187e-14
8347.09  2.19118e-14
8349.47  2.21179e-14
8351.85  2.23368e-14
8354.22  2.25686e-14
8356.6   2.28129e-14
8358.98  2.30693e-14
8361.36  2.33375e-14
8363.74  2.36169e-14
8366.11  2.39069e-14
8368.49  2.42067e-14
8370.87  2.45158e-14
8373.25  2.48334e-14
8375.63  2.51588e-14
8378     2.54912e-14
8380.38  2.58302e-14
8382.76  2.61751e-14
8385.14  2.65256e-14
8387.52  2.68814e-14
8389.89  2.72426e-14
8392.27  2.76092e-14
8394.65  2.79817e-14
8397.03  2.83608e-14
8399.41  2.87473e-14
8401.78  2.91426e-14
8404.16  2.9548e-14
8406.54  2.99653e-14
8408.92  3.03965e-14
8411.3   3.08437e-14
8413.68  3.13092e-14
8416.05  3.17956e-14
8418.43  3.23054e-14
8420.81  3.28412e-14
8423.19  3.34054e-14
8425.57  3.40004e-14
8427.94  3.46284e-14
8430.32  3.52914e-14
8432.7   3.5991e-14
8435.08  3.67284e-14
8437.46  3.75044e-14
8439.83  3.83193e-14
8442.21  3.91728e-14
8444.59  4.00642e-14
8446.97  4.09922e-14
8449.35  4.19548e-14
8451.72  4.29495e-14
8454.1   4.39734e-14
8456.48  4.50229e-14
8458.86  4.60941e-14
8461.24  4.71827e-14
8463.62  4.8284e-14
8465.99  4.93931e-14
8468.37  5.0505e-14
8470.75  5.16145e-14
8473.13  5.27166e-14
8475.51  5.38063e-14
8477.88  5.48787e-14
8480.26  5.59293e-14
8482.64  5.69539e-14
8485.02  5.79485e-14
8487.4   5.891e-14
8489.77  5.98352e-14
8492.15  6.0722e-14
8494.53  6.15684e-14
8496.91  6.23732e-14
8499.29  6.31357e-14
8501.66  6.38555e-14
8504.04  6.45331e-14
8506.42  6.51692e-14
8508.8   6.5765e-14
8511.18  6.6322e-14
8513.56  6.68422e-14
8515.93  6.73278e-14
8518.31  6.77812e-14
8520.69  6.82049e-14
8523.07  6.86017e-14
8525.45  6.89743e-14
8527.82  6.93256e-14
8530.2   6.96582e-14
8532.58  6.99748e-14
8534.96  7.0278e-14
8537.34  7.05704e-14
8539.71  7.08541e-14
8542.09  7.11313e-14
8544.47  7.1404e-14
8546.85  7.1674e-14
8549.23  7.19429e-14
8551.6   7.22121e-14
8553.98  7.24828e-14
8556.36  7.27563e-14
8558.74  7.30333e-14
8561.12  7.33147e-14
8563.49  7.36011e-14
8565.87  7.38932e-14
8568.25  7.41913e-14
8570.63  7.44958e-14
8573.01  7.4807e-14
8575.39  7.5125e-14
8577.76  7.545e-14
8580.14  7.5782e-14
8582.52  7.6121e-14
8584.9   7.6467e-14
8587.28  7.68198e-14
8589.65  7.71793e-14
8592.03  7.75453e-14
8594.41  7.79176e-14
8596.79  7.82957e-14
8599.17  7.86794e-14
8601.54  7.90681e-14
8603.92  7.94616e-14
8606.3   7.98592e-14
8608.68  8.02603e-14
8611.06  8.06645e-14
8613.43  8.10709e-14
8615.81  8.1479e-14
8618.19  8.1888e-14
8620.57  8.22972e-14
8622.95  8.27057e-14
8625.33  8.31129e-14
8627.7   8.35179e-14
8630.08  8.392e-14
8632.46  8.43183e-14
8634.84  8.47121e-14
8637.22  8.51006e-14
8639.59  8.54832e-14
8641.97  8.5859e-14
8644.35  8.62274e-14
8646.73  8.65879e-14
8649.11  8.69398e-14
8651.48  8.72825e-14
8653.86  8.76156e-14
8656.24  8.79387e-14
8658.62  8.82512e-14
8661     8.85529e-14
8663.37  8.88434e-14
8665.75  8.91225e-14
8668.13  8.939e-14
8670.51  8.96456e-14
8672.89  8.98893e-14
8675.27  9.0121e-14
8677.64  9.03406e-14
8680.02  9.05481e-14
8682.4   9.07436e-14
8684.78  9.09271e-14
8687.16  9.10986e-14
8689.53  9.12584e-14
8691.91  9.14066e-14
8694.29  9.15432e-14
8696.67  9.16686e-14
8699.05  9.17828e-14
8701.42  9.18862e-14
8703.8   9.19787e-14
8706.18  9.20607e-14
8708.56  9.21323e-14
8710.94  9.21936e-14
8713.31  9.22448e-14
8715.69  9.22859e-14
8718.07  9.2317e-14
8720.45  9.23381e-14
8722.83  9.23492e-14
8725.2   9.23502e-14
8727.58  9.2341e-14
8729.96  9.23214e-14
8732.34  9.22913e-14
8734.72  9.22504e-14
8737.1   9.21984e-14
8739.47  9.21352e-14
8741.85  9.20603e-14
8744.23  9.19737e-14
8746.61  9.1875e-14
8748.99  9.1764e-14
8751.36  9.16406e-14
8753.74  9.15046e-14
8756.12  9.13562e-14
8758.5   9.11953e-14
8760.88  9.1022e-14
8763.25  9.08367e-14
8765.63  9.06397e-14
8768.01  9.04315e-14
8770.39  9.02126e-14
8772.77  8.99837e-14
8775.14  8.97455e-14
8777.52  8.94989e-14
8779.9   8.92447e-14
8782.28  8.89839e-14
8784.66  8.87174e-14
8787.04  8.8446e-14
8789.41  8.81709e-14
8791.79  8.78927e-14
8794.17  8.76123e-14
8796.55  8.73305e-14
8798.93  8.70479e-14
8801.3   8.6765e-14
8803.68  8.64822e-14
8806.06  8.61997e-14
8808.44  8.59177e-14
8810.82  8.56362e-14
8813.19  8.53551e-14
8815.57  8.50741e-14
8817.95  8.47929e-14
8820.33  8.45112e-14
8822.71  8.42283e-14
8825.08  8.39439e-14
8827.46  8.36575e-14
8829.84  8.33684e-14
8832.22  8.30764e-14
8834.6   8.27809e-14
8836.98  8.24816e-14
8839.35  8.21783e-14
8841.73  8.18709e-14
8844.11  8.15594e-14
8846.49  8.12439e-14
8848.87  8.09246e-14
8851.24  8.06019e-14
8853.62  8.02761e-14
8856     7.99478e-14
8858.38  7.96175e-14
8860.76  7.92859e-14
8863.13  7.89535e-14
8865.51  7.86207e-14
8867.89  7.82882e-14
8870.27  7.79563e-14
8872.65  7.76251e-14
8875.02  7.72948e-14
8877.4   7.69653e-14
8879.78  7.66362e-14
8882.16  7.6307e-14
8884.54  7.59769e-14
8886.91  7.56449e-14
8889.29  7.53099e-14
8891.67  7.49704e-14
8894.05  7.46248e-14
8896.43  7.42716e-14
8898.81  7.39088e-14
8901.18  7.35346e-14
8903.56  7.31474e-14
8905.94  7.27453e-14
8908.32  7.23269e-14
8910.7   7.18907e-14
8913.07  7.14356e-14
8915.45  7.0961e-14
8917.83  7.04665e-14
8920.21  6.99522e-14
8922.59  6.94188e-14
8924.96  6.88673e-14
8927.34  6.82996e-14
8929.72  6.77177e-14
8932.1   6.71246e-14
8934.48  6.65235e-14
8936.85  6.59184e-14
8939.23  6.53136e-14
8941.61  6.47137e-14
8943.99  6.41237e-14
8946.37  6.3549e-14
8948.75  6.29948e-14
8951.12  6.24666e-14
8953.5   6.19696e-14
8955.88  6.15089e-14
8958.26  6.10892e-14
8960.64  6.07149e-14
8963.01  6.03896e-14
8965.39  6.01165e-14
8967.77  5.98979e-14
8970.15  5.97353e-14
8972.53  5.96292e-14
8974.9   5.95795e-14
8977.28  5.95848e-14
8979.66  5.9643e-14
8982.04  5.97509e-14
8984.42  5.99045e-14
8986.79  6.0099e-14
8989.17  6.03288e-14
8991.55  6.05878e-14
8993.93  6.08693e-14
8996.31  6.11661e-14
8998.69  6.1471e-14
9001.06  6.17766e-14
9003.44  6.20756e-14
9005.82  6.23608e-14
9008.2   6.26254e-14
9010.58  6.28632e-14
9012.95  6.30685e-14
9015.33  6.32364e-14
9017.71  6.33627e-14
9020.09  6.34443e-14
9022.47  6.34789e-14
9024.84  6.3465e-14
9027.22  6.34024e-14
9029.6   6.32916e-14
9031.98  6.31341e-14
9034.36  6.29322e-14
9036.73  6.26891e-14
9039.11  6.24085e-14
9041.49  6.20946e-14
9043.87  6.17523e-14
9046.25  6.13866e-14
9048.62  6.10026e-14
9051     6.06056e-14
9053.38  6.02008e-14
9055.76  5.9793e-14
9058.14  5.93868e-14
9060.52  5.89865e-14
9062.89  5.85957e-14
9065.27  5.82175e-14
9067.65  5.78543e-14
9070.03  5.75078e-14
9072.41  5.71793e-14
9074.78  5.68692e-14
9077.16  5.65773e-14
9079.54  5.63028e-14
9081.92  5.60443e-14
9084.3   5.58002e-14
9086.67  5.55683e-14
9089.05  5.5346e-14
9091.43  5.51308e-14
9093.81  5.49199e-14
9096.19  5.47105e-14
9098.56  5.45e-14
9100.94  5.42858e-14
9103.32  5.40657e-14
9105.7   5.38379e-14
9108.08  5.36007e-14
9110.46  5.33532e-14
9112.83  5.30947e-14
9115.21  5.28251e-14
9117.59  5.25447e-14
9119.97  5.22546e-14
9122.35  5.19559e-14
9124.72  5.16505e-14
9127.1   5.13406e-14
9129.48  5.10286e-14
9131.86  5.07173e-14
9134.24  5.04099e-14
9136.61  5.01094e-14
9138.99  4.9819e-14
9141.37  4.95422e-14
9143.75  4.92819e-14
9146.13  4.90413e-14
9148.5   4.88232e-14
9150.88  4.86302e-14
9153.26  4.84646e-14
9155.64  4.83282e-14
9158.02  4.82226e-14
9160.4   4.81488e-14
9162.77  4.81074e-14
9165.15  4.80984e-14
9167.53  4.81215e-14
9169.91  4.81758e-14
9172.29  4.826e-14
9174.66  4.83721e-14
9177.04  4.85098e-14
9179.42  4.86706e-14
9181.8   4.88513e-14
9184.18  4.90484e-14
9186.55  4.92584e-14
9188.93  4.94773e-14
9191.31  4.97009e-14
9193.69  4.99252e-14
9196.07  5.01458e-14
9198.44  5.03585e-14
9200.82  5.05593e-14
9203.2   5.07442e-14
9205.58  5.09094e-14
9207.96  5.10513e-14
9210.33  5.1167e-14
9212.71  5.12536e-14
9215.09  5.13087e-14
9217.47  5.13305e-14
9219.85  5.13177e-14
9222.23  5.12692e-14
9224.6   5.11848e-14
9226.98  5.10646e-14
9229.36  5.09093e-14
9231.74  5.07199e-14
9234.12  5.04981e-14
9236.49  5.02459e-14
9238.87  4.99656e-14
9241.25  4.96599e-14
9243.63  4.93317e-14
9246.01  4.89841e-14
9248.38  4.86203e-14
9250.76  4.82436e-14
9253.14  4.78571e-14
9255.52  4.7464e-14
9257.9   4.70672e-14
9260.27  4.66693e-14
9262.65  4.6273e-14
9265.03  4.58802e-14
9267.41  4.54929e-14
9269.79  4.51125e-14
9272.17  4.47399e-14
9274.54  4.43761e-14
9276.92  4.40213e-14
9279.3   4.36756e-14
9281.68  4.33389e-14
9284.06  4.30107e-14
9286.43  4.26904e-14
9288.81  4.23774e-14
9291.19  4.20708e-14
9293.57  4.17701e-14
9295.95  4.14746e-14
9298.32  4.11838e-14
9300.7   4.08976e-14
9303.08  4.06161e-14
9305.46  4.03395e-14
9307.84  4.00686e-14
9310.21  3.98044e-14
9312.59  3.95484e-14
9314.97  3.93023e-14
9317.35  3.90683e-14
9319.73  3.88487e-14
9322.11  3.86461e-14
9324.48  3.84633e-14
9326.86  3.83033e-14
9329.24  3.81688e-14
9331.62  3.80628e-14
9334     3.79879e-14
9336.37  3.79466e-14
9338.75  3.79408e-14
9341.13  3.79724e-14
9343.51  3.80423e-14
9345.89  3.81512e-14
9348.26  3.82991e-14
9350.64  3.84852e-14
9353.02  3.87081e-14
9355.4   3.89658e-14
9357.78  3.92554e-14
9360.15  3.95737e-14
9362.53  3.99164e-14
9364.91  4.02792e-14
9367.29  4.06569e-14
9369.67  4.10441e-14
9372.04  4.14353e-14
9374.42  4.18246e-14
9376.8   4.22062e-14
9379.18  4.25744e-14
9381.56  4.29237e-14
9383.94  4.32489e-14
9386.31  4.35452e-14
9388.69  4.38084e-14
9391.07  4.4035e-14
9393.45  4.4222e-14
9395.83  4.43674e-14
9398.2   4.44696e-14
9400.58  4.45281e-14
9402.96  4.4543e-14
9405.34  4.45154e-14
9407.72  4.44466e-14
9410.09  4.43391e-14
9412.47  4.41956e-14
9414.85  4.40194e-14
9417.23  4.38141e-14
9419.61  4.35837e-14
9421.98  4.33324e-14
9424.36  4.30642e-14
9426.74  4.27834e-14
9429.12  4.24941e-14
9431.5   4.21999e-14
9433.88  4.19047e-14
9436.25  4.16114e-14
9438.63  4.13232e-14
9441.01  4.10424e-14
9443.39  4.07711e-14
9445.77  4.05109e-14
9448.14  4.02631e-14
9450.52  4.00285e-14
9452.9   3.98077e-14
9455.28  3.96008e-14
9457.66  3.94077e-14
9460.03  3.92282e-14
9462.41  3.90617e-14
9464.79  3.89078e-14
9467.17  3.87656e-14
9469.55  3.86345e-14
9471.92  3.85136e-14
9474.3   3.84024e-14
9476.68  3.83e-14
9479.06  3.82057e-14
9481.44  3.8119e-14
9483.82  3.8039e-14
9486.19  3.79653e-14
9488.57  3.78971e-14
9490.95  3.78337e-14
9493.33  3.77745e-14
9495.71  3.77186e-14
9498.08  3.76652e-14
9500.46  3.76133e-14
9502.84  3.75618e-14
9505.22  3.75096e-14
9507.6   3.74553e-14
9509.97  3.73977e-14
9512.35  3.73354e-14
9514.73  3.72668e-14
9517.11  3.71906e-14
9519.49  3.71054e-14
9521.86  3.70099e-14
9524.24  3.69028e-14
9526.62  3.67833e-14
9529     3.66506e-14
9531.38  3.6504e-14
9533.75  3.63434e-14
9536.13  3.61688e-14
9538.51  3.59806e-14
9540.89  3.57795e-14
9543.27  3.55666e-14
9545.65  3.53431e-14
9548.02  3.51107e-14
9550.4   3.48713e-14
9552.78  3.4627e-14
9555.16  3.43799e-14
9557.54  3.41324e-14
9559.91  3.38868e-14
9562.29  3.36456e-14
9564.67  3.34111e-14
9567.05  3.31852e-14
9569.43  3.29702e-14
9571.8   3.27675e-14
9574.18  3.25789e-14
9576.56  3.24053e-14
9578.94  3.22478e-14
9581.32  3.21067e-14
9583.69  3.19824e-14
9586.07  3.18747e-14
9588.45  3.17833e-14
9590.83  3.17074e-14
9593.21  3.16462e-14
9595.59  3.15985e-14
9597.96  3.15632e-14
9600.34  3.15388e-14
9602.72  3.15239e-14
9605.1   3.15171e-14
9607.48  3.15171e-14
9609.85  3.15223e-14
9612.23  3.15315e-14
9614.61  3.15437e-14
9616.99  3.15576e-14
9619.37  3.15725e-14
9621.74  3.15876e-14
9624.12  3.16023e-14
9626.5   3.16162e-14
9628.88  3.16289e-14
9631.26  3.16402e-14
9633.63  3.16501e-14
9636.01  3.16585e-14
9638.39  3.16654e-14
9640.77  3.16711e-14
9643.15  3.16756e-14
9645.52  3.16791e-14
9647.9   3.16817e-14
9650.28  3.16836e-14
9652.66  3.1685e-14
9655.04  3.1686e-14
9657.42  3.16866e-14
9659.79  3.1687e-14
9662.17  3.16873e-14
9664.55  3.16874e-14
9666.93  3.16875e-14
9669.31  3.16875e-14
9671.68  3.16876e-14
9674.06  3.16876e-14
9676.44  3.16876e-14
9678.82  3.16876e-14
9681.2   3.16876e-14
9683.57  3.16876e-14
9685.95  3.16876e-14
9688.33  3.16876e-14
9690.71  3.16876e-14
9693.09  3.16876e-14