#24.6817532019152
3617.23  9.75956e-18
3620.21  1.14612e-17
3623.19  1.32528e-17
3626.17  1.51197e-17
3629.15  1.70452e-17
3632.13  1.90108e-17
3635.11  2.09968e-17
3638.1   2.29822e-17
3641.08  2.49453e-17
3644.06  2.68636e-17
3647.04  2.87146e-17
3650.02  3.04757e-17
3653     3.2125e-17
3655.98  3.36414e-17
3658.96  3.50048e-17
3661.94  3.61969e-17
3664.93  3.72012e-17
3667.91  3.80033e-17
3670.89  3.85916e-17
3673.87  3.8957e-17
3676.85  3.90936e-17
3679.83  3.89985e-17
3682.81  3.86723e-17
3685.79  3.8119e-17
3688.78  3.7346e-17
3691.76  3.6364e-17
3694.74  3.51871e-17
3697.72  3.38325e-17
3700.7   3.23201e-17
3703.68  3.06724e-17
3706.66  2.8914e-17
3709.64  2.70715e-17
3712.62  2.51723e-17
3715.61  2.3245e-17
3718.59  2.13179e-17
3721.57  1.94193e-17
3724.55  1.75764e-17
3727.53  1.58149e-17
3730.51  1.41587e-17
3733.49  1.26291e-17
3736.47  1.12443e-17
3739.46  1.00195e-17
3742.44  8.96642e-18
3745.42  8.09276e-18
3748.4   7.40258e-18
3751.38  6.89605e-18
3754.36  6.56957e-18
3757.34  6.41596e-18
3760.32  6.42473e-18
3763.31  6.58243e-18
3766.29  6.87308e-18
3769.27  7.27861e-18
3772.25  7.77948e-18
3775.23  8.35513e-18
3778.21  8.98462e-18
3781.19  9.64719e-18
3784.17  1.03228e-17
3787.15  1.09926e-17
3790.14  1.16396e-17
3793.12  1.22487e-17
3796.1   1.28075e-17
3799.08  1.33061e-17
3802.06  1.37375e-17
3805.04  1.40979e-17
3808.02  1.4386e-17
3811     1.46039e-17
3813.99  1.4756e-17
3816.97  1.48492e-17
3819.95  1.48927e-17
3822.93  1.48975e-17
3825.91  1.48758e-17
3828.89  1.4841e-17
3831.87  1.48069e-17
3834.85  1.47875e-17
3837.83  1.47967e-17
3840.82  1.48476e-17
3843.8   1.49522e-17
3846.78  1.51215e-17
3849.76  1.5365e-17
3852.74  1.56902e-17
3855.72  1.61032e-17
3858.7   1.66079e-17
3861.68  1.72068e-17
3864.67  1.79002e-17
3867.65  1.8687e-17
3870.63  1.95645e-17
3873.61  2.05288e-17
3876.59  2.15747e-17
3879.57  2.26963e-17
3882.55  2.38871e-17
3885.53  2.51401e-17
3888.51  2.64483e-17
3891.5   2.78044e-17
3894.48  2.92016e-17
3897.46  3.06334e-17
3900.44  3.20936e-17
3903.42  3.35766e-17
3906.4   3.50772e-17
3909.38  3.65909e-17
3912.36  3.81136e-17
3915.35  3.96415e-17
3918.33  4.11711e-17
3921.31  4.26992e-17
3924.29  4.42228e-17
3927.27  4.57384e-17
3930.25  4.72428e-17
3933.23  4.87323e-17
3936.21  5.02029e-17
3939.19  5.16502e-17
3942.18  5.30695e-17
3945.16  5.44555e-17
3948.14  5.58026e-17
3951.12  5.71049e-17
3954.1   5.83561e-17
3957.08  5.955e-17
3960.06  6.06803e-17
3963.04  6.17408e-17
3966.03  6.27258e-17
3969.01  6.36299e-17
3971.99  6.44486e-17
3974.97  6.5178e-17
3977.95  6.58151e-17
3980.93  6.63582e-17
3983.91  6.68066e-17
3986.89  6.71608e-17
3989.88  6.74226e-17
3992.86  6.75951e-17
3995.84  6.76825e-17
3998.82  6.76904e-17
4001.8   6.76251e-17
4004.78  6.74944e-17
4007.76  6.73065e-17
4010.74  6.70705e-17
4013.72  6.67958e-17
4016.71  6.64924e-17
4019.69  6.61702e-17
4022.67  6.58391e-17
4025.65  6.55087e-17
4028.63  6.51881e-17
4031.61  6.48857e-17
4034.59  6.46091e-17
4037.57  6.43649e-17
4040.56  6.41586e-17
4043.54  6.39942e-17
4046.52  6.38747e-17
4049.5   6.38015e-17
4052.48  6.37744e-17
4055.46  6.37921e-17
4058.44  6.38517e-17
4061.42  6.3949e-17
4064.4   6.40788e-17
4067.39  6.42346e-17
4070.37  6.44092e-17
4073.35  6.45946e-17
4076.33  6.47825e-17
4079.31  6.49644e-17
4082.29  6.51317e-17
4085.27  6.52762e-17
4088.25  6.53903e-17
4091.24  6.54672e-17
4094.22  6.55009e-17
4097.2   6.54868e-17
4100.18  6.54216e-17
4103.16  6.53035e-17
4106.14  6.51321e-17
4109.12  6.49087e-17
4112.1   6.4636e-17
4115.08  6.43185e-17
4118.07  6.39617e-17
4121.05  6.35725e-17
4124.03  6.3159e-17
4127.01  6.27298e-17
4129.99  6.22942e-17
4132.97  6.18618e-17
4135.95  6.14423e-17
4138.93  6.10449e-17
4141.92  6.06785e-17
4144.9   6.03509e-17
4147.88  6.00689e-17
4150.86  5.98383e-17
4153.84  5.96631e-17
4156.82  5.95459e-17
4159.8   5.94875e-17
4162.78  5.94871e-17
4165.76  5.95421e-17
4168.75  5.96484e-17
4171.73  5.98002e-17
4174.71  5.99904e-17
4177.69  6.0211e-17
4180.67  6.04528e-17
4183.65  6.07061e-17
4186.63  6.09609e-17
4189.61  6.12071e-17
4192.6   6.14351e-17
4195.58  6.16355e-17
4198.56  6.18003e-17
4201.54  6.19222e-17
4204.52  6.19956e-17
4207.5   6.20162e-17
4210.48  6.19815e-17
4213.46  6.18909e-17
4216.44  6.17455e-17
4219.43  6.1548e-17
4222.41  6.13032e-17
4225.39  6.10171e-17
4228.37  6.06971e-17
4231.35  6.03521e-17
4234.33  5.99913e-17
4237.31  5.9625e-17
4240.29  5.92635e-17
4243.28  5.8917e-17
4246.26  5.85954e-17
4249.24  5.83079e-17
4252.22  5.80629e-17
4255.2   5.78672e-17
4258.18  5.77265e-17
4261.16  5.76446e-17
4264.14  5.76237e-17
4267.13  5.76643e-17
4270.11  5.77648e-17
4273.09  5.79219e-17
4276.07  5.81306e-17
4279.05  5.83845e-17
4282.03  5.86755e-17
4285.01  5.89945e-17
4287.99  5.93315e-17
4290.97  5.96758e-17
4293.96  6.00162e-17
4296.94  6.03417e-17
4299.92  6.06413e-17
4302.9   6.09045e-17
4305.88  6.11215e-17
4308.86  6.12836e-17
4311.84  6.13831e-17
4314.82  6.14136e-17
4317.81  6.13702e-17
4320.79  6.12496e-17
4323.77  6.10497e-17
4326.75  6.07704e-17
4329.73  6.04129e-17
4332.71  5.99796e-17
4335.69  5.94747e-17
4338.67  5.89032e-17
4341.65  5.82715e-17
4344.64  5.75866e-17
4347.62  5.68564e-17
4350.6   5.60892e-17
4353.58  5.52938e-17
4356.56  5.44792e-17
4359.54  5.36543e-17
4362.52  5.28278e-17
4365.5   5.20083e-17
4368.49  5.1204e-17
4371.47  5.04225e-17
4374.45  4.96707e-17
4377.43  4.89552e-17
4380.41  4.82814e-17
4383.39  4.76544e-17
4386.37  4.70782e-17
4389.35  4.65561e-17
4392.33  4.60908e-17
4395.32  4.5684e-17
4398.3   4.53369e-17
4401.28  4.50498e-17
4404.26  4.48224e-17
4407.24  4.46538e-17
4410.22  4.45428e-17
4413.2   4.44874e-17
4416.18  4.44853e-17
4419.17  4.45339e-17
4422.15  4.46302e-17
4425.13  4.4771e-17
4428.11  4.49532e-17
4431.09  4.51734e-17
4434.07  4.54284e-17
4437.05  4.57149e-17
4440.03  4.603e-17
4443.01  4.63709e-17
4446     4.67354e-17
4448.98  4.71214e-17
4451.96  4.75276e-17
4454.94  4.79528e-17
4457.92  4.83969e-17
4460.9   4.88599e-17
4463.88  4.93427e-17
4466.86  4.98467e-17
4469.85  5.03739e-17
4472.83  5.09268e-17
4475.81  5.15083e-17
4478.79  5.21218e-17
4481.77  5.27708e-17
4484.75  5.34592e-17
4487.73  5.41909e-17
4490.71  5.49695e-17
4493.7   5.57985e-17
4496.68  5.66813e-17
4499.66  5.76204e-17
4502.64  5.8618e-17
4505.62  5.96755e-17
4508.6   6.07937e-17
4511.58  6.19724e-17
4514.56  6.32106e-17
4517.54  6.45064e-17
4520.53  6.58571e-17
4523.51  6.72591e-17
4526.49  6.87082e-17
4529.47  7.01993e-17
4532.45  7.17268e-17
4535.43  7.32846e-17
4538.41  7.48662e-17
4541.39  7.64648e-17
4544.38  7.80735e-17
4547.36  7.96852e-17
4550.34  8.12928e-17
4553.32  8.28894e-17
4556.3   8.44681e-17
4559.28  8.60222e-17
4562.26  8.75454e-17
4565.24  8.90312e-17
4568.22  9.04738e-17
4571.21  9.18672e-17
4574.19  9.32058e-17
4577.17  9.44841e-17
4580.15  9.56967e-17
4583.13  9.68384e-17
4586.11  9.79041e-17
4589.09  9.88886e-17
4592.07  9.97871e-17
4595.06  1.00595e-16
4598.04  1.01307e-16
4601.02  1.01919e-16
4604     1.02427e-16
4606.98  1.02828e-16
4609.96  1.03117e-16
4612.94  1.03292e-16
4615.92  1.03351e-16
4618.9   1.03292e-16
4621.89  1.03115e-16
4624.87  1.02819e-16
4627.85  1.02406e-16
4630.83  1.01878e-16
4633.81  1.01237e-16
4636.79  1.00488e-16
4639.77  9.96343e-17
4642.75  9.86829e-17
4645.74  9.76401e-17
4648.72  9.65133e-17
4651.7   9.53104e-17
4654.68  9.404e-17
4657.66  9.27113e-17
4660.64  9.13336e-17
4663.62  8.99164e-17
4666.6   8.84696e-17
4669.58  8.70027e-17
4672.57  8.55252e-17
4675.55  8.40465e-17
4678.53  8.25756e-17
4681.51  8.11212e-17
4684.49  7.96916e-17
4687.47  7.82947e-17
4690.45  7.69379e-17
4693.43  7.56282e-17
4696.42  7.43724e-17
4699.4   7.31767e-17
4702.38  7.20471e-17
4705.36  7.09892e-17
4708.34  7.00084e-17
4711.32  6.91098e-17
4714.3   6.82984e-17
4717.28  6.75788e-17
4720.27  6.69554e-17
4723.25  6.64326e-17
4726.23  6.6014e-17
4729.21  6.57032e-17
4732.19  6.55033e-17
4735.17  6.54166e-17
4738.15  6.5445e-17
4741.13  6.55894e-17
4744.11  6.58498e-17
4747.1   6.62254e-17
4750.08  6.67138e-17
4753.06  6.73116e-17
4756.04  6.80139e-17
4759.02  6.88145e-17
4762     6.97057e-17
4764.98  7.06782e-17
4767.96  7.17216e-17
4770.95  7.2824e-17
4773.93  7.39724e-17
4776.91  7.5153e-17
4779.89  7.63509e-17
4782.87  7.75513e-17
4785.85  7.87388e-17
4788.83  7.98985e-17
4791.81  8.10158e-17
4794.79  8.20775e-17
4797.78  8.3071e-17
4800.76  8.39861e-17
4803.74  8.48139e-17
4806.72  8.55483e-17
4809.7   8.61852e-17
4812.68  8.67236e-17
4815.66  8.71652e-17
4818.64  8.75143e-17
4821.63  8.77782e-17
4824.61  8.79671e-17
4827.59  8.80935e-17
4830.57  8.81722e-17
4833.55  8.822e-17
4836.53  8.82553e-17
4839.51  8.82975e-17
4842.49  8.83667e-17
4845.47  8.84831e-17
4848.46  8.86665e-17
4851.44  8.89356e-17
4854.42  8.93077e-17
4857.4   8.97979e-17
4860.38  9.04191e-17
4863.36  9.1181e-17
4866.34  9.20902e-17
4869.32  9.31498e-17
4872.31  9.43589e-17
4875.29  9.57131e-17
4878.27  9.72039e-17
4881.25  9.88192e-17
4884.23  1.00543e-16
4887.21  1.02357e-16
4890.19  1.04238e-16
4893.17  1.06163e-16
4896.15  1.08104e-16
4899.14  1.10034e-16
4902.12  1.11923e-16
4905.1   1.13743e-16
4908.08  1.15465e-16
4911.06  1.17062e-16
4914.04  1.18507e-16
4917.02  1.19776e-16
4920     1.20849e-16
4922.99  1.21708e-16
4925.97  1.22339e-16
4928.95  1.22732e-16
4931.93  1.2288e-16
4934.91  1.22783e-16
4937.89  1.22441e-16
4940.87  1.21862e-16
4943.85  1.21056e-16
4946.84  1.20037e-16
4949.82  1.18823e-16
4952.8   1.17432e-16
4955.78  1.15888e-16
4958.76  1.14215e-16
4961.74  1.12436e-16
4964.72  1.10578e-16
4967.7   1.08667e-16
4970.68  1.06726e-16
4973.67  1.04779e-16
4976.65  1.02848e-16
4979.63  1.00953e-16
4982.61  9.91107e-17
4985.59  9.73355e-17
4988.57  9.56392e-17
4991.55  9.40305e-17
4994.53  9.25153e-17
4997.52  9.10965e-17
5000.5   8.97747e-17
5003.48  8.85478e-17
5006.46  8.74121e-17
5009.44  8.63618e-17
5012.42  8.53901e-17
5015.4   8.44893e-17
5018.38  8.3651e-17
5021.36  8.28669e-17
5024.35  8.21288e-17
5027.33  8.14291e-17
5030.31  8.0761e-17
5033.29  8.01185e-17
5036.27  7.94969e-17
5039.25  7.88927e-17
5042.23  7.83034e-17
5045.21  7.77277e-17
5048.2   7.71653e-17
5051.18  7.66169e-17
5054.16  7.60837e-17
5057.14  7.55674e-17
5060.12  7.507e-17
5063.1   7.45933e-17
5066.08  7.41393e-17
5069.06  7.37094e-17
5072.04  7.33044e-17
5075.03  7.29245e-17
5078.01  7.25693e-17
5080.99  7.22376e-17
5083.97  7.19275e-17
5086.95  7.16364e-17
5089.93  7.13612e-17
5092.91  7.10984e-17
5095.89  7.08445e-17
5098.88  7.05957e-17
5101.86  7.03485e-17
5104.84  7.01001e-17
5107.82  6.98479e-17
5110.8   6.95904e-17
5113.78  6.93269e-17
5116.76  6.90577e-17
5119.74  6.87844e-17
5122.72  6.85095e-17
5125.71  6.82367e-17
5128.69  6.79708e-17
5131.67  6.77175e-17
5134.65  6.7483e-17
5137.63  6.72743e-17
5140.61  6.70985e-17
5143.59  6.69628e-17
5146.57  6.68743e-17
5149.56  6.68395e-17
5152.54  6.68642e-17
5155.52  6.69533e-17
5158.5   6.71107e-17
5161.48  6.73387e-17
5164.46  6.76384e-17
5167.44  6.80096e-17
5170.42  6.84504e-17
5173.4   6.89576e-17
5176.39  6.95266e-17
5179.37  7.01518e-17
5182.35  7.08264e-17
5185.33  7.15429e-17
5188.31  7.22935e-17
5191.29  7.30698e-17
5194.27  7.38638e-17
5197.25  7.46675e-17
5200.24  7.54737e-17
5203.22  7.6276e-17
5206.2   7.70689e-17
5209.18  7.78481e-17
5212.16  7.86107e-17
5215.14  7.93551e-17
5218.12  8.00812e-17
5221.1   8.07901e-17
5224.09  8.1484e-17
5227.07  8.21665e-17
5230.05  8.28417e-17
5233.03  8.35146e-17
5236.01  8.41905e-17
5238.99  8.48747e-17
5241.97  8.55723e-17
5244.95  8.62879e-17
5247.93  8.70253e-17
5250.92  8.77872e-17
5253.9   8.85752e-17
5256.88  8.93893e-17
5259.86  9.0228e-17
5262.84  9.10882e-17
5265.82  9.19652e-17
5268.8   9.28527e-17
5271.78  9.37432e-17
5274.77  9.46276e-17
5277.75  9.5496e-17
5280.73  9.6338e-17
5283.71  9.71424e-17
5286.69  9.78982e-17
5289.67  9.85948e-17
5292.65  9.9222e-17
5295.63  9.9771e-17
5298.61  1.00234e-16
5301.6   1.00605e-16
5304.58  1.00881e-16
5307.56  1.01059e-16
5310.54  1.01141e-16
5313.52  1.01129e-16
5316.5   1.01029e-16
5319.48  1.00849e-16
5322.46  1.00599e-16
5325.45  1.00293e-16
5328.43  9.99456e-17
5331.41  9.95722e-17
5334.39  9.91912e-17
5337.37  9.88213e-17
5340.35  9.8482e-17
5343.33  9.8193e-17
5346.31  9.79736e-17
5349.29  9.78428e-17
5352.28  9.78181e-17
5355.26  9.79159e-17
5358.24  9.81504e-17
5361.22  9.85341e-17
5364.2   9.90768e-17
5367.18  9.97856e-17
5370.16  1.00665e-16
5373.14  1.01717e-16
5376.13  1.0294e-16
5379.11  1.04329e-16
5382.09  1.05879e-16
5385.07  1.07579e-16
5388.05  1.09419e-16
5391.03  1.11384e-16
5394.01  1.1346e-16
5396.99  1.1563e-16
5399.97  1.17876e-16
5402.96  1.20182e-16
5405.94  1.22529e-16
5408.92  1.24901e-16
5411.9   1.2728e-16
5414.88  1.29651e-16
5417.86  1.32002e-16
5420.84  1.34319e-16
5423.82  1.36593e-16
5426.81  1.38816e-16
5429.79  1.40983e-16
5432.77  1.4309e-16
5435.75  1.45137e-16
5438.73  1.47125e-16
5441.71  1.49056e-16
5444.69  1.50937e-16
5447.67  1.52772e-16
5450.66  1.5457e-16
5453.64  1.56338e-16
5456.62  1.58084e-16
5459.6   1.59817e-16
5462.58  1.61545e-16
5465.56  1.63274e-16
5468.54  1.6501e-16
5471.52  1.66757e-16
5474.5   1.68518e-16
5477.49  1.70294e-16
5480.47  1.72082e-16
5483.45  1.73879e-16
5486.43  1.7568e-16
5489.41  1.77477e-16
5492.39  1.7926e-16
5495.37  1.81018e-16
5498.35  1.82739e-16
5501.34  1.8441e-16
5504.32  1.86015e-16
5507.3   1.87542e-16
5510.28  1.88974e-16
5513.26  1.90299e-16
5516.24  1.91504e-16
5519.22  1.92576e-16
5522.2   1.93505e-16
5525.18  1.94283e-16
5528.17  1.94904e-16
5531.15  1.95363e-16
5534.13  1.95659e-16
5537.11  1.95792e-16
5540.09  1.95765e-16
5543.07  1.95583e-16
5546.05  1.95254e-16
5549.03  1.94786e-16
5552.02  1.9419e-16
5555     1.93477e-16
5557.98  1.9266e-16
5560.96  1.91753e-16
5563.94  1.90769e-16
5566.92  1.8972e-16
5569.9   1.8862e-16
5572.88  1.8748e-16
5575.86  1.86311e-16
5578.85  1.85122e-16
5581.83  1.8392e-16
5584.81  1.82711e-16
5587.79  1.81501e-16
5590.77  1.8029e-16
5593.75  1.79079e-16
5596.73  1.77868e-16
5599.71  1.76654e-16
5602.7   1.75434e-16
5605.68  1.74203e-16
5608.66  1.72956e-16
5611.64  1.71687e-16
5614.62  1.7039e-16
5617.6   1.69061e-16
5620.58  1.67694e-16
5623.56  1.66285e-16
5626.54  1.64831e-16
5629.53  1.63331e-16
5632.51  1.61783e-16
5635.49  1.60189e-16
5638.47  1.58552e-16
5641.45  1.56875e-16
5644.43  1.55165e-16
5647.41  1.53428e-16
5650.39  1.51673e-16
5653.38  1.49909e-16
5656.36  1.48145e-16
5659.34  1.46394e-16
5662.32  1.44666e-16
5665.3   1.42971e-16
5668.28  1.41322e-16
5671.26  1.39728e-16
5674.24  1.38199e-16
5677.23  1.36744e-16
5680.21  1.35371e-16
5683.19  1.34086e-16
5686.17  1.32895e-16
5689.15  1.31801e-16
5692.13  1.30806e-16
5695.11  1.29913e-16
5698.09  1.29119e-16
5701.07  1.28425e-16
5704.06  1.27826e-16
5707.04  1.27319e-16
5710.02  1.269e-16
5713     1.26564e-16
5715.98  1.26304e-16
5718.96  1.26114e-16
5721.94  1.25988e-16
5724.92  1.25921e-16
5727.91  1.25905e-16
5730.89  1.25935e-16
5733.87  1.26005e-16
5736.85  1.26112e-16
5739.83  1.2625e-16
5742.81  1.26416e-16
5745.79  1.26607e-16
5748.77  1.2682e-16
5751.75  1.27055e-16
5754.74  1.27309e-16
5757.72  1.27582e-16
5760.7   1.27873e-16
5763.68  1.28183e-16
5766.66  1.28513e-16
5769.64  1.28861e-16
5772.62  1.29228e-16
5775.6   1.29615e-16
5778.59  1.30021e-16
5781.57  1.30444e-16
5784.55  1.30885e-16
5787.53  1.3134e-16
5790.51  1.31807e-16
5793.49  1.32283e-16
5796.47  1.32764e-16
5799.45  1.33245e-16
5802.43  1.33719e-16
5805.42  1.34181e-16
5808.4   1.34625e-16
5811.38  1.35042e-16
5814.36  1.35426e-16
5817.34  1.35768e-16
5820.32  1.36061e-16
5823.3   1.36298e-16
5826.28  1.36472e-16
5829.27  1.36575e-16
5832.25  1.36603e-16
5835.23  1.36552e-16
5838.21  1.36416e-16
5841.19  1.36195e-16
5844.17  1.35886e-16
5847.15  1.35492e-16
5850.13  1.35012e-16
5853.11  1.34452e-16
5856.1   1.33815e-16
5859.08  1.33107e-16
5862.06  1.32335e-16
5865.04  1.31508e-16
5868.02  1.30634e-16
5871     1.29722e-16
5873.98  1.28782e-16
5876.96  1.27822e-16
5879.95  1.26853e-16
5882.93  1.25883e-16
5885.91  1.24919e-16
5888.89  1.23969e-16
5891.87  1.23039e-16
5894.85  1.22132e-16
5897.83  1.21252e-16
5900.81  1.20401e-16
5903.8   1.19578e-16
5906.78  1.18783e-16
5909.76  1.18014e-16
5912.74  1.17266e-16
5915.72  1.16535e-16
5918.7   1.15817e-16
5921.68  1.15105e-16
5924.66  1.14395e-16
5927.64  1.1368e-16
5930.63  1.12956e-16
5933.61  1.12217e-16
5936.59  1.11459e-16
5939.57  1.1068e-16
5942.55  1.09878e-16
5945.53  1.09052e-16
5948.51  1.08202e-16
5951.49  1.07332e-16
5954.48  1.06444e-16
5957.46  1.05542e-16
5960.44  1.04632e-16
5963.42  1.03722e-16
5966.4   1.02817e-16
5969.38  1.01925e-16
5972.36  1.01055e-16
5975.34  1.00215e-16
5978.32  9.94124e-17
5981.31  9.86549e-17
5984.29  9.79493e-17
5987.27  9.73018e-17
5990.25  9.67176e-17
5993.23  9.62007e-17
5996.21  9.57539e-17
5999.19  9.53789e-17
6002.17  9.50758e-17
6005.16  9.48438e-17
6008.14  9.46804e-17
6011.12  9.45823e-17
6014.1   9.45446e-17
6017.08  9.45619e-17
6020.06  9.46274e-17
6023.04  9.47339e-17
6026.02  9.48734e-17
6029     9.50375e-17
6031.99  9.52174e-17
6034.97  9.54042e-17
6037.95  9.55889e-17
6040.93  9.57626e-17
6043.91  9.59168e-17
6046.89  9.6043e-17
6049.87  9.61335e-17
6052.85  9.61809e-17
6055.84  9.61787e-17
6058.82  9.61209e-17
6061.8   9.60024e-17
6064.78  9.58188e-17
6067.76  9.55667e-17
6070.74  9.52436e-17
6073.72  9.4848e-17
6076.7   9.43792e-17
6079.68  9.38376e-17
6082.67  9.32245e-17
6085.65  9.25422e-17
6088.63  9.17938e-17
6091.61  9.09836e-17
6094.59  9.01163e-17
6097.57  8.91977e-17
6100.55  8.82343e-17
6103.53  8.72331e-17
6106.52  8.6202e-17
6109.5   8.51491e-17
6112.48  8.40831e-17
6115.46  8.30131e-17
6118.44  8.19482e-17
6121.42  8.08979e-17
6124.4   7.98717e-17
6127.38  7.88791e-17
6130.37  7.79294e-17
6133.35  7.70319e-17
6136.33  7.61955e-17
6139.31  7.54288e-17
6142.29  7.47397e-17
6145.27  7.41359e-17
6148.25  7.36245e-17
6151.23  7.32115e-17
6154.21  7.29027e-17
6157.2   7.27026e-17
6160.18  7.26151e-17
6163.16  7.2643e-17
6166.14  7.2788e-17
6169.12  7.30508e-17
6172.1   7.34309e-17
6175.08  7.39266e-17
6178.06  7.45352e-17
6181.05  7.52524e-17
6184.03  7.60731e-17
6187.01  7.69906e-17
6189.99  7.79973e-17
6192.97  7.90846e-17
6195.95  8.02426e-17
6198.93  8.14609e-17
6201.91  8.2728e-17
6204.89  8.4032e-17
6207.88  8.53608e-17
6210.86  8.67017e-17
6213.84  8.80424e-17
6216.82  8.93707e-17
6219.8   9.06748e-17
6222.78  9.19437e-17
6225.76  9.31674e-17
6228.74  9.4337e-17
6231.73  9.5445e-17
6234.71  9.64853e-17
6237.69  9.74536e-17
6240.67  9.83473e-17
6243.65  9.91657e-17
6246.63  9.991e-17
6249.61  1.00583e-16
6252.59  1.0119e-16
6255.57  1.01738e-16
6258.56  1.02233e-16
6261.54  1.02687e-16
6264.52  1.03109e-16
6267.5   1.03511e-16
6270.48  1.03904e-16
6273.46  1.04302e-16
6276.44  1.04716e-16
6279.42  1.05158e-16
6282.41  1.05639e-16
6285.39  1.06169e-16
6288.37  1.06758e-16
6291.35  1.07413e-16
6294.33  1.08139e-16
6297.31  1.08941e-16
6300.29  1.09821e-16
6303.27  1.10778e-16
6306.25  1.11812e-16
6309.24  1.12918e-16
6312.22  1.14092e-16
6315.2   1.15325e-16
6318.18  1.1661e-16
6321.16  1.17938e-16
6324.14  1.19298e-16
6327.12  1.20679e-16
6330.1   1.22071e-16
6333.09  1.23464e-16
6336.07  1.24846e-16
6339.05  1.26209e-16
6342.03  1.27543e-16
6345.01  1.28842e-16
6347.99  1.30101e-16
6350.97  1.31314e-16
6353.95  1.3248e-16
6356.93  1.33598e-16
6359.92  1.34668e-16
6362.9   1.35694e-16
6365.88  1.3668e-16
6368.86  1.37631e-16
6371.84  1.38553e-16
6374.82  1.39453e-16
6377.8   1.40341e-16
6380.78  1.41223e-16
6383.77  1.42108e-16
6386.75  1.43004e-16
6389.73  1.43917e-16
6392.71  1.44854e-16
6395.69  1.45819e-16
6398.67  1.46817e-16
6401.65  1.47849e-16
6404.63  1.48917e-16
6407.62  1.50019e-16
6410.6   1.51153e-16
6413.58  1.52314e-16
6416.56  1.53498e-16
6419.54  1.54699e-16
6422.52  1.55907e-16
6425.5   1.57117e-16
6428.48  1.58318e-16
6431.46  1.59501e-16
6434.45  1.60659e-16
6437.43  1.61783e-16
6440.41  1.62864e-16
6443.39  1.63897e-16
6446.37  1.64874e-16
6449.35  1.65791e-16
6452.33  1.66645e-16
6455.31  1.67434e-16
6458.3   1.68155e-16
6461.28  1.6881e-16
6464.26  1.69399e-16
6467.24  1.69925e-16
6470.22  1.70391e-16
6473.2   1.708e-16
6476.18  1.71156e-16
6479.16  1.71464e-16
6482.14  1.71726e-16
6485.13  1.71947e-16
6488.11  1.7213e-16
6491.09  1.72276e-16
6494.07  1.72387e-16
6497.05  1.72463e-16
6500.03  1.72505e-16
6503.01  1.7251e-16
6505.99  1.72476e-16
6508.98  1.724e-16
6511.96  1.72279e-16
6514.94  1.72108e-16
6517.92  1.71884e-16
6520.9   1.71601e-16
6523.88  1.71257e-16
6526.86  1.70847e-16
6529.84  1.7037e-16
6532.82  1.69824e-16
6535.81  1.69208e-16
6538.79  1.68525e-16
6541.77  1.67776e-16
6544.75  1.66965e-16
6547.73  1.66098e-16
6550.71  1.65181e-16
6553.69  1.64222e-16
6556.67  1.63229e-16
6559.66  1.62211e-16
6562.64  1.61178e-16
6565.62  1.60139e-16
6568.6   1.59103e-16
6571.58  1.58077e-16
6574.56  1.57069e-16
6577.54  1.56083e-16
6580.52  1.55123e-16
6583.5   1.54189e-16
6586.49  1.53282e-16
6589.47  1.52397e-16
6592.45  1.51529e-16
6595.43  1.50669e-16
6598.41  1.49808e-16
6601.39  1.48933e-16
6604.37  1.48031e-16
6607.35  1.47088e-16
6610.34  1.46088e-16
6613.32  1.45015e-16
6616.3   1.43855e-16
6619.28  1.42594e-16
6622.26  1.4122e-16
6625.24  1.39722e-16
6628.22  1.38093e-16
6631.2   1.36329e-16
6634.19  1.34427e-16
6637.17  1.32391e-16
6640.15  1.30226e-16
6643.13  1.27943e-16
6646.11  1.25555e-16
6649.09  1.23079e-16
6652.07  1.20535e-16
6655.05  1.17946e-16
6658.03  1.15338e-16
6661.02  1.12736e-16
6664     1.10168e-16
6666.98  1.07663e-16
6669.96  1.05246e-16
6672.94  1.02945e-16
6675.92  1.00784e-16
6678.9   9.87848e-17
6681.88  9.69655e-17
6684.87  9.53416e-17
6687.85  9.39246e-17
6690.83  9.27216e-17
6693.81  9.17359e-17
6696.79  9.09661e-17
6699.77  9.04068e-17
6702.75  9.00489e-17
6705.73  8.98794e-17
6708.71  8.98824e-17
6711.7   9.00393e-17
6714.68  9.03291e-17
6717.66  9.07297e-17
6720.64  9.1218e-17
6723.62  9.17706e-17
6726.6   9.23644e-17
6729.58  9.29774e-17
6732.56  9.3589e-17
6735.55  9.41805e-17
6738.53  9.47355e-17
6741.51  9.52402e-17
6744.49  9.56837e-17
6747.47  9.60581e-17
6750.45  9.63583e-17
6753.43  9.65821e-17
6756.41  9.67304e-17
6759.39  9.68064e-17
6762.38  9.68155e-17
6765.36  9.67655e-17
6768.34  9.66653e-17
6771.32  9.65254e-17
6774.3   9.63569e-17
6777.28  9.61713e-17
6780.26  9.59804e-17
6783.24  9.57952e-17
6786.23  9.56264e-17
6789.21  9.54835e-17
6792.19  9.53748e-17
6795.17  9.53072e-17
6798.15  9.52861e-17
6801.13  9.53153e-17
6804.11  9.53968e-17
6807.09  9.55312e-17
6810.07  9.57175e-17
6813.06  9.59532e-17
6816.04  9.62347e-17
6819.02  9.65573e-17
6822     9.69153e-17
6824.98  9.73026e-17
6827.96  9.77126e-17
6830.94  9.81385e-17
6833.92  9.85736e-17
6836.91  9.90113e-17
6839.89  9.94454e-17
6842.87  9.98702e-17
6845.85  1.00281e-16
6848.83  1.00673e-16
6851.81  1.01043e-16
6854.79  1.01388e-16
6857.77  1.01706e-16
6860.76  1.01996e-16
6863.74  1.02258e-16
6866.72  1.02491e-16
6869.7   1.02697e-16
6872.68  1.02876e-16
6875.66  1.03031e-16
6878.64  1.03162e-16
6881.62  1.03272e-16
6884.6   1.03364e-16
6887.59  1.03439e-16
6890.57  1.03499e-16
6893.55  1.03547e-16
6896.53  1.03585e-16
6899.51  1.03614e-16
6902.49  1.03635e-16
6905.47  1.03652e-16
6908.45  1.03663e-16
6911.44  1.03672e-16
6914.42  1.03677e-16
6917.4   1.03681e-16
6920.38  1.03684e-16
6923.36  1.03686e-16
6926.34  1.03687e-16
6929.32  1.03687e-16
6932.3   1.03687e-16
6935.28  1.03688e-16
6938.27  1.03688e-16
6941.25  1.03688e-16
6944.23  1.03688e-16
6947.21  1.03688e-16
6950.19  1.03688e-16
6953.17  1.03688e-16
6956.15  1.03688e-16
6959.13  1.03688e-16
6962.12  1.03688e-16
6965.1   1.03688e-16
6968.08  1.03688e-16
6971.06  1.03688e-16
6974.04  1.03688e-16