#23.75797748337684
4949.58  5.43666e-14
4953.62  5.24523e-14
4957.67  5.03642e-14
4961.71  4.82369e-14
4965.76  4.621e-14
4969.8   4.44093e-14
4973.85  4.29303e-14
4977.89  4.18248e-14
4981.94  4.1095e-14
4985.98  4.06944e-14
4990.02  4.05366e-14
4994.07  4.05097e-14
4998.11  4.04945e-14
5002.16  4.03832e-14
5006.2   4.00954e-14
5010.25  3.95885e-14
5014.29  3.88622e-14
5018.34  3.79549e-14
5022.38  3.69338e-14
5026.43  3.58815e-14
5030.47  3.48803e-14
5034.52  3.39982e-14
5038.56  3.32797e-14
5042.6   3.27403e-14
5046.65  3.23687e-14
5050.69  3.21326e-14
5054.74  3.1989e-14
5058.78  3.18945e-14
5062.83  3.1815e-14
5066.87  3.17324e-14
5070.92  3.16471e-14
5074.96  3.15757e-14
5079.01  3.1546e-14
5083.05  3.15887e-14
5087.1   3.17289e-14
5091.14  3.19788e-14
5095.18  3.23323e-14
5099.23  3.27635e-14
5103.27  3.32278e-14
5107.32  3.36671e-14
5111.36  3.40173e-14
5115.41  3.42165e-14
5119.45  3.42143e-14
5123.5   3.3979e-14
5127.54  3.35039e-14
5131.59  3.28101e-14
5135.63  3.1946e-14
5139.67  3.09834e-14
5143.72  3.00114e-14
5147.76  2.91268e-14
5151.81  2.84238e-14
5155.85  2.79838e-14
5159.9   2.78657e-14
5163.94  2.80997e-14
5167.99  2.86838e-14
5172.03  2.95848e-14
5176.08  3.07425e-14
5180.12  3.20784e-14
5184.17  3.35052e-14
5188.21  3.49385e-14
5192.25  3.63062e-14
5196.3   3.75574e-14
5200.34  3.86662e-14
5204.39  3.96327e-14
5208.43  4.04799e-14
5212.48  4.12468e-14
5216.52  4.19797e-14
5220.57  4.27231e-14
5224.61  4.35104e-14
5228.66  4.43584e-14
5232.7   4.52637e-14
5236.75  4.62036e-14
5240.79  4.71406e-14
5244.83  4.80291e-14
5248.88  4.88239e-14
5252.92  4.94884e-14
5256.97  5.00016e-14
5261.01  5.03626e-14
5265.06  5.05911e-14
5269.1   5.07249e-14
5273.15  5.08148e-14
5277.19  5.09166e-14
5281.24  5.10827e-14
5285.28  5.13541e-14
5289.32  5.17538e-14
5293.37  5.2283e-14
5297.41  5.29202e-14
5301.46  5.36237e-14
5305.5   5.43372e-14
5309.55  5.49969e-14
5313.59  5.55408e-14
5317.64  5.59167e-14
5321.68  5.60897e-14
5325.73  5.60475e-14
5329.77  5.58024e-14
5333.82  5.53899e-14
5337.86  5.48651e-14
5341.9   5.4296e-14
5345.95  5.37558e-14
5349.99  5.3315e-14
5354.04  5.30336e-14
5358.08  5.29566e-14
5362.13  5.31101e-14
5366.17  5.35016e-14
5370.22  5.41219e-14
5374.26  5.49494e-14
5378.31  5.5955e-14
5382.35  5.7108e-14
5386.4   5.83805e-14
5390.44  5.97511e-14
5394.48  6.12068e-14
5398.53  6.27425e-14
5402.57  6.43592e-14
5406.62  6.60604e-14
5410.66  6.78479e-14
5414.71  6.97172e-14
5418.75  7.16537e-14
5422.8   7.36305e-14
5426.84  7.56074e-14
5430.89  7.75334e-14
5434.93  7.93504e-14
5438.98  8.09998e-14
5443.02  8.24296e-14
5447.06  8.36013e-14
5451.11  8.44961e-14
5455.15  8.51182e-14
5459.2   8.54942e-14
5463.24  8.56695e-14
5467.29  8.57013e-14
5471.33  8.56494e-14
5475.38  8.55665e-14
5479.42  8.54902e-14
5483.47  8.54374e-14
5487.51  8.54036e-14
5491.55  8.53659e-14
5495.6   8.52894e-14
5499.64  8.5137e-14
5503.69  8.48784e-14
5507.73  8.44982e-14
5511.78  8.40006e-14
5515.82  8.34104e-14
5519.87  8.27688e-14
5523.91  8.21269e-14
5527.96  8.15365e-14
5532     8.1041e-14
5536.05  8.06677e-14
5540.09  8.04231e-14
5544.13  8.02924e-14
5548.18  8.02416e-14
5552.22  8.02238e-14
5556.27  8.01868e-14
5560.31  8.00809e-14
5564.36  7.9866e-14
5568.4   7.95169e-14
5572.45  7.90247e-14
5576.49  7.83973e-14
5580.54  7.76552e-14
5584.58  7.68278e-14
5588.63  7.59473e-14
5592.67  7.50439e-14
5596.71  7.41416e-14
5600.76  7.32562e-14
5604.8   7.2395e-14
5608.85  7.15579e-14
5612.89  7.074e-14
5616.94  6.99347e-14
5620.98  6.91359e-14
5625.03  6.83399e-14
5629.07  6.75452e-14
5633.12  6.67516e-14
5637.16  6.59582e-14
5641.21  6.51615e-14
5645.25  6.4353e-14
5649.29  6.35197e-14
5653.34  6.26444e-14
5657.38  6.17089e-14
5661.43  6.06977e-14
5665.47  5.96027e-14
5669.52  5.84271e-14
5673.56  5.71879e-14
5677.61  5.59169e-14
5681.65  5.46587e-14
5685.7   5.34665e-14
5689.74  5.23963e-14
5693.78  5.15001e-14
5697.83  5.08191e-14
5701.87  5.03785e-14
5705.92  5.01844e-14
5709.96  5.02234e-14
5714.01  5.04645e-14
5718.05  5.08642e-14
5722.1   5.1372e-14
5726.14  5.1937e-14
5730.19  5.25141e-14
5734.23  5.30686e-14
5738.28  5.35789e-14
5742.32  5.40379e-14
5746.36  5.44513e-14
5750.41  5.48354e-14
5754.45  5.52133e-14
5758.5   5.561e-14
5762.54  5.60482e-14
5766.59  5.65437e-14
5770.63  5.71016e-14
5774.68  5.77134e-14
5778.72  5.83558e-14
5782.77  5.89909e-14
5786.81  5.95683e-14
5790.86  6.00296e-14
5794.9   6.03149e-14
5798.94  6.03701e-14
5802.99  6.01554e-14
5807.03  5.96521e-14
5811.08  5.88687e-14
5815.12  5.78426e-14
5819.17  5.66384e-14
5823.21  5.53421e-14
5827.26  5.40514e-14
5831.3   5.2864e-14
5835.35  5.18648e-14
5839.39  5.11152e-14
5843.44  5.06455e-14
5847.48  5.0451e-14
5851.52  5.04951e-14
5855.57  5.07156e-14
5859.61  5.10355e-14
5863.66  5.13755e-14
5867.7   5.16655e-14
5871.75  5.18544e-14
5875.79  5.19155e-14
5879.84  5.18474e-14
5883.88  5.16697e-14
5887.93  5.14161e-14
5891.97  5.11249e-14
5896.01  5.08292e-14
5900.06  5.05498e-14
5904.1   5.02904e-14
5908.15  5.00367e-14
5912.19  4.976e-14
5916.24  4.94227e-14
5920.28  4.89861e-14
5924.33  4.84178e-14
5928.37  4.76989e-14
5932.42  4.68273e-14
5936.46  4.5819e-14
5940.51  4.47065e-14
5944.55  4.35344e-14
5948.59  4.23531e-14
5952.64  4.12127e-14
5956.68  4.01572e-14
5960.73  3.92196e-14
5964.77  3.84194e-14
5968.82  3.77625e-14
5972.86  3.7242e-14
5976.91  3.68419e-14
5980.95  3.65399e-14
5985     3.63115e-14
5989.04  3.61329e-14
5993.09  3.59832e-14
5997.13  3.58454e-14
6001.17  3.57065e-14
6005.22  3.55566e-14
6009.26  3.53881e-14
6013.31  3.51946e-14
6017.35  3.49705e-14
6021.4   3.4711e-14
6025.44  3.44127e-14
6029.49  3.40741e-14
6033.53  3.3697e-14
6037.58  3.32868e-14
6041.62  3.28518e-14
6045.67  3.24033e-14
6049.71  3.19527e-14
6053.75  3.15105e-14
6057.8   3.10835e-14
6061.84  3.06734e-14
6065.89  3.02758e-14
6069.93  2.98812e-14
6073.98  2.94761e-14
6078.02  2.90458e-14
6082.07  2.85776e-14
6086.11  2.80636e-14
6090.16  2.75026e-14
6094.2   2.69018e-14
6098.24  2.62754e-14
6102.29  2.56436e-14
6106.33  2.50293e-14
6110.38  2.44555e-14
6114.42  2.39417e-14
6118.47  2.35023e-14
6122.51  2.31459e-14
6126.56  2.28748e-14
6130.6   2.26871e-14
6134.65  2.25785e-14
6138.69  2.25441e-14
6142.74  2.25803e-14
6146.78  2.26855e-14
6150.82  2.28597e-14
6154.87  2.31037e-14
6158.91  2.3417e-14
6162.96  2.37957e-14
6167     2.42313e-14
6171.05  2.47093e-14
6175.09  2.52093e-14
6179.14  2.57069e-14
6183.18  2.61752e-14
6187.23  2.65884e-14
6191.27  2.69247e-14
6195.32  2.71695e-14
6199.36  2.73172e-14
6203.4   2.73726e-14
6207.45  2.73499e-14
6211.49  2.72716e-14
6215.54  2.71654e-14
6219.58  2.70605e-14
6223.63  2.69841e-14
6227.67  2.69579e-14
6231.72  2.69954e-14
6235.76  2.71004e-14
6239.81  2.72665e-14
6243.85  2.74787e-14
6247.9   2.7715e-14
6251.94  2.795e-14
6255.98  2.81585e-14
6260.03  2.83188e-14
6264.07  2.84165e-14
6268.12  2.84468e-14
6272.16  2.84158e-14
6276.21  2.83407e-14
6280.25  2.82476e-14
6284.3   2.81691e-14
6288.34  2.81402e-14
6292.39  2.81932e-14
6296.43  2.83543e-14
6300.47  2.86389e-14
6304.52  2.90502e-14
6308.56  2.95788e-14
6312.61  3.02043e-14
6316.65  3.08989e-14
6320.7   3.16324e-14
6324.74  3.23771e-14
6328.79  3.31128e-14
6332.83  3.38298e-14
6336.88  3.45299e-14
6340.92  3.52254e-14
6344.97  3.59351e-14
6349.01  3.66786e-14
6353.05  3.7471e-14
6357.1   3.83165e-14
6361.14  3.92047e-14
6365.19  4.01096e-14
6369.23  4.09912e-14
6373.28  4.18002e-14
6377.32  4.24856e-14
6381.37  4.30031e-14
6385.41  4.33224e-14
6389.46  4.34343e-14
6393.5   4.33531e-14
6397.55  4.31166e-14
6401.59  4.27808e-14
6405.63  4.24129e-14
6409.68  4.20816e-14
6413.72  4.18469e-14
6417.77  4.1752e-14
6421.81  4.18172e-14
6425.86  4.2038e-14
6429.9   4.23873e-14
6433.95  4.28204e-14
6437.99  4.32839e-14
6442.04  4.37241e-14
6446.08  4.4096e-14
6450.12  4.43702e-14
6454.17  4.45363e-14
6458.21  4.46037e-14
6462.26  4.45985e-14
6466.3   4.45584e-14
6470.35  4.45251e-14
6474.39  4.45378e-14
6478.44  4.46265e-14
6482.48  4.4808e-14
6486.53  4.50838e-14
6490.57  4.5441e-14
6494.62  4.5856e-14
6498.66  4.62983e-14
6502.7   4.67363e-14
6506.75  4.71426e-14
6510.79  4.7497e-14
6514.84  4.77891e-14
6518.88  4.80178e-14
6522.93  4.81899e-14
6526.97  4.83167e-14
6531.02  4.84105e-14
6535.06  4.84812e-14
6539.11  4.85332e-14
6543.15  4.85648e-14
6547.2   4.85679e-14
6551.24  4.85297e-14
6555.28  4.84349e-14
6559.33  4.82689e-14
6563.37  4.802e-14
6567.42  4.76817e-14
6571.46  4.72533e-14
6575.51  4.67405e-14
6579.55  4.61537e-14
6583.6   4.55067e-14
6587.64  4.48149e-14
6591.69  4.40926e-14
6595.73  4.33523e-14
6599.78  4.26033e-14
6603.82  4.18509e-14
6607.86  4.10976e-14
6611.91  4.03431e-14
6615.95  3.95856e-14
6620     3.88237e-14
6624.04  3.80568e-14
6628.09  3.7287e-14
6632.13  3.65192e-14
6636.18  3.57619e-14
6640.22  3.50263e-14
6644.27  3.43256e-14
6648.31  3.36739e-14
6652.35  3.3084e-14
6656.4   3.2566e-14
6660.44  3.21259e-14
6664.49  3.17645e-14
6668.53  3.14773e-14
6672.58  3.12551e-14
6676.62  3.10853e-14
6680.67  3.09539e-14
6684.71  3.08477e-14
6688.76  3.07558e-14
6692.8   3.06711e-14
6696.85  3.05911e-14
6700.89  3.05166e-14
6704.93  3.04513e-14
6708.98  3.03995e-14
6713.02  3.03642e-14
6717.07  3.03452e-14
6721.11  3.03387e-14
6725.16  3.03364e-14
6729.2   3.03268e-14
6733.25  3.02972e-14
6737.29  3.02353e-14
6741.34  3.01325e-14
6745.38  2.99853e-14
6749.43  2.97968e-14
6753.47  2.95772e-14
6757.51  2.93424e-14
6761.56  2.9112e-14
6765.6   2.89068e-14
6769.65  2.87448e-14
6773.69  2.86386e-14
6777.74  2.85927e-14
6781.78  2.8602e-14
6785.83  2.86523e-14
6789.87  2.87213e-14
6793.92  2.87815e-14
6797.96  2.8804e-14
6802.01  2.87621e-14
6806.05  2.86354e-14
6810.09  2.84129e-14
6814.14  2.80944e-14
6818.18  2.76911e-14
6822.23  2.72241e-14
6826.27  2.6722e-14
6830.32  2.62175e-14
6834.36  2.57429e-14
6838.41  2.53269e-14
6842.45  2.49906e-14
6846.5   2.47462e-14
6850.54  2.45956e-14
6854.58  2.45314e-14
6858.63  2.45388e-14
6862.67  2.45985e-14
6866.72  2.46898e-14
6870.76  2.47937e-14
6874.81  2.48956e-14
6878.85  2.49868e-14
6882.9   2.50645e-14
6886.94  2.51315e-14
6890.99  2.51937e-14
6895.03  2.52588e-14
6899.08  2.53329e-14
6903.12  2.54194e-14
6907.16  2.55173e-14
6911.21  2.56211e-14
6915.25  2.57213e-14
6919.3   2.58062e-14
6923.34  2.58634e-14
6927.39  2.5882e-14
6931.43  2.58541e-14
6935.48  2.57759e-14
6939.52  2.56477e-14
6943.57  2.54738e-14
6947.61  2.52612e-14
6951.66  2.50185e-14
6955.7   2.47542e-14
6959.74  2.44759e-14
6963.79  2.41896e-14
6967.83  2.38994e-14
6971.88  2.36076e-14
6975.92  2.33158e-14
6979.97  2.30247e-14
6984.01  2.27352e-14
6988.06  2.24485e-14
6992.1   2.2166e-14
6996.15  2.18888e-14
7000.19  2.16179e-14
7004.24  2.13529e-14
7008.28  2.10923e-14
7012.32  2.08335e-14
7016.37  2.05729e-14
7020.41  2.03063e-14
7024.46  2.00305e-14
7028.5   1.97435e-14
7032.55  1.94455e-14
7036.59  1.91394e-14
7040.64  1.88311e-14
7044.68  1.85288e-14
7048.73  1.82422e-14
7052.77  1.79819e-14
7056.81  1.77571e-14
7060.86  1.75754e-14
7064.9   1.74407e-14
7068.95  1.73529e-14
7072.99  1.73077e-14
7077.04  1.72969e-14
7081.08  1.73096e-14
7085.13  1.73334e-14
7089.17  1.73569e-14
7093.22  1.73708e-14
7097.26  1.737e-14
7101.31  1.73545e-14
7105.35  1.73295e-14
7109.39  1.7305e-14
7113.44  1.72941e-14
7117.48  1.73112e-14
7121.53  1.73691e-14
7125.57  1.74774e-14
7129.62  1.76399e-14
7133.66  1.78541e-14
7137.71  1.81105e-14
7141.75  1.83943e-14
7145.8   1.86868e-14
7149.84  1.89685e-14
7153.89  1.92217e-14
7157.93  1.94329e-14
7161.97  1.95954e-14
7166.02  1.97095e-14
7170.06  1.97824e-14
7174.11  1.98269e-14
7178.15  1.98586e-14
7182.2   1.9893e-14
7186.24  1.99432e-14
7190.29  2.00167e-14
7194.33  2.01146e-14
7198.38  2.02312e-14
7202.42  2.03547e-14
7206.47  2.04693e-14
7210.51  2.05576e-14
7214.55  2.06034e-14
7218.6   2.05944e-14
7222.64  2.05241e-14
7226.69  2.03929e-14
7230.73  2.0208e-14
7234.78  1.99834e-14
7238.82  1.97374e-14
7242.87  1.94909e-14
7246.91  1.92648e-14
7250.96  1.90781e-14
7255     1.89452e-14
7259.04  1.88747e-14
7263.09  1.88692e-14
7267.13  1.89244e-14
7271.18  1.90306e-14
7275.22  1.91737e-14
7279.27  1.93372e-14
7283.31  1.95039e-14
7287.36  1.96582e-14
7291.4   1.97873e-14
7295.45  1.98834e-14
7299.49  1.99432e-14
7303.54  1.99694e-14
7307.58  1.99691e-14
7311.62  1.99538e-14
7315.67  1.99371e-14
7319.71  1.99342e-14
7323.76  1.99592e-14
7327.8   2.00242e-14
7331.85  2.01374e-14
7335.89  2.03028e-14
7339.94  2.05191e-14
7343.98  2.07803e-14
7348.03  2.10756e-14
7352.07  2.13911e-14
7356.12  2.1711e-14
7360.16  2.2019e-14
7364.2   2.23001e-14
7368.25  2.25423e-14
7372.29  2.27371e-14
7376.34  2.28809e-14
7380.38  2.29744e-14
7384.43  2.30223e-14
7388.47  2.30321e-14
7392.52  2.3013e-14
7396.56  2.29738e-14
7400.61  2.29222e-14
7404.65  2.28632e-14
7408.69  2.27986e-14
7412.74  2.27272e-14
7416.78  2.2645e-14
7420.83  2.25463e-14
7424.87  2.24243e-14
7428.92  2.22724e-14
7432.96  2.2085e-14
7437.01  2.18579e-14
7441.05  2.15883e-14
7445.1   2.12752e-14
7449.14  2.09192e-14
7453.19  2.05223e-14
7457.23  2.00888e-14
7461.27  1.9625e-14
7465.32  1.91405e-14
7469.36  1.86484e-14
7473.41  1.81654e-14
7477.45  1.77117e-14
7481.5   1.73093e-14
7485.54  1.69805e-14
7489.59  1.67451e-14
7493.63  1.66178e-14
7497.68  1.66057e-14
7501.72  1.67066e-14
7505.77  1.69084e-14
7509.81  1.719e-14
7513.85  1.75238e-14
7517.9   1.78789e-14
7521.94  1.8225e-14
7525.99  1.85363e-14
7530.03  1.8795e-14
7534.08  1.89929e-14
7538.12  1.91322e-14
7542.17  1.92242e-14
7546.21  1.92866e-14
7550.26  1.93406e-14
7554.3   1.94067e-14
7558.35  1.95013e-14
7562.39  1.96344e-14
7566.43  1.98082e-14
7570.48  2.00168e-14
7574.52  2.02479e-14
7578.57  2.04853e-14
7582.61  2.07117e-14
7586.66  2.09114e-14
7590.7   2.10736e-14
7594.75  2.11928e-14
7598.79  2.12702e-14
7602.84  2.13121e-14
7606.88  2.13286e-14
7610.92  2.13315e-14
7614.97  2.13314e-14
7619.01  2.13365e-14
7623.06  2.1351e-14
7627.1   2.13748e-14
7631.15  2.14048e-14
7635.19  2.14358e-14
7639.24  2.14623e-14
7643.28  2.14803e-14
7647.33  2.14887e-14
7651.37  2.14893e-14
7655.42  2.14869e-14
7659.46  2.14883e-14
7663.5   2.15004e-14
7667.55  2.15289e-14
7671.59  2.15771e-14
7675.64  2.16447e-14
7679.68  2.17283e-14
7683.73  2.18214e-14
7687.77  2.19163e-14
7691.82  2.20051e-14
7695.86  2.20813e-14
7699.91  2.21413e-14
7703.95  2.21843e-14
7708     2.2213e-14
7712.04  2.22321e-14
7716.08  2.22479e-14
7720.13  2.22665e-14
7724.17  2.22928e-14
7728.22  2.23293e-14
7732.26  2.23762e-14
7736.31  2.24306e-14
7740.35  2.2488e-14
7744.4   2.25425e-14
7748.44  2.2588e-14
7752.49  2.26194e-14
7756.53  2.26334e-14
7760.58  2.26287e-14
7764.62  2.2606e-14
7768.66  2.25679e-14
7772.71  2.25178e-14
7776.75  2.24595e-14
7780.8   2.23958e-14
7784.84  2.23282e-14
7788.89  2.22566e-14
7792.93  2.21792e-14
7796.98  2.20927e-14
7801.02  2.19933e-14
7805.07  2.18769e-14
7809.11  2.17404e-14
7813.15  2.15817e-14
7817.2   2.14002e-14
7821.24  2.11969e-14
7825.29  2.09742e-14
7829.33  2.07355e-14
7833.38  2.04853e-14
7837.42  2.02287e-14
7841.47  1.99715e-14
7845.51  1.97194e-14
7849.56  1.94788e-14
7853.6   1.92557e-14
7857.65  1.90557e-14
7861.69  1.88832e-14
7865.73  1.87409e-14
7869.78  1.86291e-14
7873.82  1.85456e-14
7877.87  1.84848e-14
7881.91  1.84388e-14
7885.96  1.83973e-14
7890     1.83494e-14
7894.05  1.82844e-14
7898.09  1.81934e-14
7902.14  1.80703e-14
7906.18  1.79128e-14
7910.23  1.77229e-14
7914.27  1.75062e-14
7918.31  1.72719e-14
7922.36  1.70312e-14
7926.4   1.67964e-14
7930.45  1.6579e-14
7934.49  1.6389e-14
7938.54  1.62337e-14
7942.58  1.6117e-14
7946.63  1.60397e-14
7950.67  1.59995e-14
7954.72  1.59913e-14
7958.76  1.60083e-14
7962.81  1.60422e-14
7966.85  1.60846e-14
7970.89  1.61269e-14
7974.94  1.6161e-14
7978.98  1.61796e-14
7983.03  1.61765e-14
7987.07  1.61466e-14
7991.12  1.6086e-14
7995.16  1.59917e-14
7999.21  1.58619e-14
8003.25  1.5696e-14
8007.3   1.54938e-14
8011.34  1.52558e-14
8015.38  1.49824e-14
8019.43  1.46739e-14
8023.47  1.43303e-14
8027.52  1.39508e-14
8031.56  1.35344e-14
8035.61  1.30803e-14
8039.65  1.25886e-14
8043.7   1.20616e-14
8047.74  1.1505e-14
8051.79  1.09289e-14
8055.83  1.0349e-14
8059.88  9.78646e-15
8063.92  9.26714e-15
8067.96  8.81997e-15
8072.01  8.47399e-15
8076.05  8.25472e-15
8080.1   8.18015e-15
8084.14  8.25694e-15
8088.19  8.4775e-15
8092.23  8.81873e-15
8096.28  9.24267e-15
8100.32  9.69953e-15
8104.37  1.01327e-14
8108.41  1.04852e-14
8112.46  1.07071e-14
8116.5   1.07622e-14
8120.54  1.06328e-14
8124.59  1.03232e-14
8128.63  9.85842e-15
8132.68  9.28138e-15
8136.72  8.64642e-15
8140.77  8.0115e-15
8144.81  7.42982e-15
8148.86  6.94242e-15
8152.9   6.57289e-15
8156.95  6.32507e-15
8160.99  6.18395e-15
8165.04  6.1197e-15
8169.08  6.09376e-15
8173.12  6.06612e-15
8177.17  6.00221e-15
8181.21  5.87859e-15
8185.26  5.68624e-15
8189.3   5.43122e-15
8193.35  5.13272e-15
8197.39  4.81907e-15
8201.44  4.52236e-15
8205.48  4.27287e-15
8209.53  4.09406e-15
8213.57  3.99899e-15
8217.61  3.98867e-15
8221.66  4.05233e-15
8225.7   4.16959e-15
8229.75  4.31391e-15
8233.79  4.45683e-15
8237.84  4.57217e-15
8241.88  4.63969e-15
8245.93  4.64761e-15
8249.97  4.59376e-15
8254.02  4.48523e-15
8258.06  4.33672e-15
8262.11  4.16793e-15
8266.15  4.00037e-15
8270.19  3.85415e-15
8274.24  3.74517e-15
8278.28  3.68322e-15
8282.33  3.67108e-15
8286.37  3.70476e-15
8290.42  3.77477e-15
8294.46  3.86811e-15
8298.51  3.97065e-15
8302.55  4.06944e-15
8306.6   4.15457e-15
8310.64  4.22042e-15
8314.69  4.26599e-15
8318.73  4.29446e-15
8322.77  4.31204e-15
8326.82  4.32652e-15
8330.86  4.34567e-15
8334.91  4.37581e-15
8338.95  4.4209e-15
8343     4.48204e-15
8347.04  4.55762e-15
8351.09  4.64385e-15
8355.13  4.73556e-15
8359.18  4.8272e-15
8363.22  4.91363e-15
8367.27  4.99083e-15
8371.31  5.05627e-15
8375.35  5.10911e-15
8379.4   5.1501e-15
8383.44  5.18143e-15
8387.49  5.20655e-15
8391.53  5.23001e-15
8395.58  5.25729e-15
8399.62  5.29474e-15
8403.67  5.34943e-15
8407.71  5.42889e-15
8411.76  5.54066e-15
8415.8   5.69168e-15
8419.84  5.88756e-15
8423.89  6.13167e-15
8427.93  6.42445e-15
8431.98  6.76288e-15
8436.02  7.14029e-15
8440.07  7.54675e-15
8444.11  7.96977e-15
8448.16  8.39555e-15
8452.2   8.81039e-15
8456.25  9.20219e-15
8460.29  9.5618e-15
8464.34  9.88399e-15
8468.38  1.01679e-14
8472.42  1.04171e-14
8476.47  1.06386e-14
8480.51  1.08421e-14
8484.56  1.10383e-14
8488.6   1.12374e-14
8492.65  1.14478e-14
8496.69  1.16749e-14
8500.74  1.19206e-14
8504.78  1.21828e-14
8508.83  1.24561e-14
8512.87  1.27328e-14
8516.92  1.30035e-14
8520.96  1.3259e-14
8525     1.3491e-14
8529.05  1.36935e-14
8533.09  1.3863e-14
8537.14  1.3999e-14
8541.18  1.41033e-14
8545.23  1.41795e-14
8549.27  1.4232e-14
8553.32  1.42654e-14
8557.36  1.42833e-14
8561.41  1.42881e-14
8565.45  1.42809e-14
8569.49  1.42617e-14
8573.54  1.42296e-14
8577.58  1.41837e-14
8581.63  1.41236e-14
8585.67  1.40494e-14
8589.72  1.39625e-14
8593.76  1.38652e-14
8597.81  1.37603e-14
8601.85  1.36515e-14
8605.9   1.35423e-14
8609.94  1.34368e-14
8613.99  1.33387e-14
8618.03  1.32521e-14
8622.07  1.31808e-14
8626.12  1.31285e-14
8630.16  1.30986e-14
8634.21  1.30933e-14
8638.25  1.31133e-14
8642.3   1.31571e-14
8646.34  1.32205e-14
8650.39  1.32967e-14
8654.43  1.33761e-14
8658.48  1.34476e-14
8662.52  1.34996e-14
8666.57  1.35215e-14
8670.61  1.35056e-14
8674.65  1.34477e-14
8678.7   1.3349e-14
8682.74  1.32151e-14
8686.79  1.30564e-14
8690.83  1.28862e-14
8694.88  1.27188e-14
8698.92  1.25678e-14
8702.97  1.24437e-14
8707.01  1.23526e-14
8711.06  1.22955e-14
8715.1   1.22677e-14
8719.15  1.22606e-14
8723.19  1.22626e-14
8727.23  1.22614e-14
8731.28  1.22461e-14
8735.32  1.22092e-14
8739.37  1.21476e-14
8743.41  1.20638e-14
8747.46  1.19649e-14
8751.5   1.18618e-14
8755.55  1.1768e-14
8759.59  1.16969e-14
8763.64  1.16603e-14
8767.68  1.16664e-14
8771.72  1.1719e-14
8775.77  1.18167e-14
8779.81  1.19531e-14
8783.86  1.21179e-14
8787.9   1.22975e-14
8791.95  1.24772e-14
8795.99  1.26423e-14
8800.04  1.27794e-14
8804.08  1.28777e-14
8808.13  1.29295e-14
8812.17  1.29308e-14
8816.22  1.2881e-14
8820.26  1.27829e-14
8824.3   1.26422e-14
8828.35  1.24671e-14
8832.39  1.22674e-14
8836.44  1.20539e-14
8840.48  1.18377e-14
8844.53  1.16292e-14
8848.57  1.14373e-14
8852.62  1.1269e-14
8856.66  1.11285e-14
8860.71  1.10173e-14
8864.75  1.09342e-14
8868.8   1.08761e-14
8872.84  1.08384e-14
8876.88  1.08158e-14
8880.93  1.08036e-14
8884.97  1.07977e-14
8889.02  1.07953e-14
8893.06  1.07944e-14
8897.11  1.07942e-14
8901.15  1.07941e-14
8905.2   1.07941e-14
8909.24  1.07941e-14