#-20.963378957220893
3628.84  1.64752e-15
3630.3   1.65081e-15
3631.77  1.652e-15
3633.23  1.65104e-15
3634.69  1.64823e-15
3636.16  1.64409e-15
3637.62  1.63936e-15
3639.08  1.63475e-15
3640.55  1.63088e-15
3642.01  1.62813e-15
3643.47  1.62652e-15
3644.94  1.62574e-15
3646.4   1.62519e-15
3647.86  1.62404e-15
3649.33  1.62143e-15
3650.79  1.61654e-15
3652.25  1.60878e-15
3653.72  1.59783e-15
3655.18  1.5837e-15
3656.64  1.56667e-15
3658.1   1.54728e-15
3659.57  1.52621e-15
3661.03  1.50417e-15
3662.49  1.48185e-15
3663.96  1.45982e-15
3665.42  1.43848e-15
3666.88  1.41808e-15
3668.35  1.3987e-15
3669.81  1.38028e-15
3671.27  1.36265e-15
3672.74  1.3456e-15
3674.2   1.32887e-15
3675.66  1.31218e-15
3677.13  1.29528e-15
3678.59  1.27791e-15
3680.05  1.25987e-15
3681.52  1.24095e-15
3682.98  1.22104e-15
3684.44  1.20007e-15
3685.91  1.17809e-15
3687.37  1.15529e-15
3688.83  1.13202e-15
3690.3   1.10883e-15
3691.76  1.08641e-15
3693.22  1.06559e-15
3694.69  1.04727e-15
3696.15  1.03225e-15
3697.61  1.02118e-15
3699.08  1.01442e-15
3700.54  1.01193e-15
3702     1.01326e-15
3703.47  1.01758e-15
3704.93  1.02369e-15
3706.39  1.03026e-15
3707.85  1.03593e-15
3709.32  1.03958e-15
3710.78  1.04043e-15
3712.24  1.03826e-15
3713.71  1.03337e-15
3715.17  1.02663e-15
3716.63  1.01928e-15
3718.1   1.0128e-15
3719.56  1.0086e-15
3721.02  1.0078e-15
3722.49  1.01101e-15
3723.95  1.01818e-15
3725.41  1.02855e-15
3726.88  1.04073e-15
3728.34  1.05289e-15
3729.8   1.06298e-15
3731.27  1.06908e-15
3732.73  1.06964e-15
3734.19  1.06377e-15
3735.66  1.05136e-15
3737.12  1.03314e-15
3738.58  1.01053e-15
3740.05  9.85516e-16
3741.51  9.60307e-16
3742.97  9.37065e-16
3744.44  9.17598e-16
3745.9   9.03136e-16
3747.36  8.94194e-16
3748.83  8.90549e-16
3750.29  8.91326e-16
3751.75  8.95177e-16
3753.22  9.00507e-16
3754.68  9.0573e-16
3756.14  9.09491e-16
3757.61  9.10842e-16
3759.07  9.09345e-16
3760.53  9.0508e-16
3761.99  8.98593e-16
3763.46  8.90766e-16
3764.92  8.82658e-16
3766.38  8.7533e-16
3767.85  8.69681e-16
3769.31  8.66318e-16
3770.77  8.65479e-16
3772.24  8.67013e-16
3773.7   8.70418e-16
3775.16  8.74932e-16
3776.63  8.79661e-16
3778.09  8.8373e-16
3779.55  8.86427e-16
3781.02  8.87328e-16
3782.48  8.86374e-16
3783.94  8.83895e-16
3785.41  8.80578e-16
3786.87  8.77374e-16
3788.33  8.75361e-16
3789.8   8.75588e-16
3791.26  8.78915e-16
3792.72  8.85884e-16
3794.19  8.96626e-16
3795.65  9.10841e-16
3797.11  9.27827e-16
3798.58  9.46583e-16
3800.04  9.65944e-16
3801.5   9.84749e-16
3802.97  1.00199e-15
3804.43  1.01698e-15
3805.89  1.02938e-15
3807.36  1.03931e-15
3808.82  1.04726e-15
3810.28  1.05405e-15
3811.75  1.06068e-15
3813.21  1.0682e-15
3814.67  1.07755e-15
3816.13  1.08943e-15
3817.6   1.10419e-15
3819.06  1.12185e-15
3820.52  1.14201e-15
3821.99  1.16401e-15
3823.45  1.187e-15
3824.91  1.21009e-15
3826.38  1.23249e-15
3827.84  1.25362e-15
3829.3   1.27321e-15
3830.77  1.29131e-15
3832.23  1.30825e-15
3833.69  1.32461e-15
3835.16  1.34107e-15
3836.62  1.3583e-15
3838.08  1.37692e-15
3839.55  1.39738e-15
3841.01  1.41993e-15
3842.47  1.44466e-15
3843.94  1.47147e-15
3845.4   1.50015e-15
3846.86  1.53035e-15
3848.33  1.56166e-15
3849.79  1.59356e-15
3851.25  1.62546e-15
3852.72  1.6567e-15
3854.18  1.68657e-15
3855.64  1.71437e-15
3857.11  1.7395e-15
3858.57  1.76152e-15
3860.03  1.78024e-15
3861.5   1.79579e-15
3862.96  1.80864e-15
3864.42  1.81953e-15
3865.89  1.82941e-15
3867.35  1.83927e-15
3868.81  1.85e-15
3870.27  1.86224e-15
3871.74  1.87625e-15
3873.2   1.89187e-15
3874.66  1.90849e-15
3876.13  1.92524e-15
3877.59  1.94103e-15
3879.05  1.95485e-15
3880.52  1.9659e-15
3881.98  1.97377e-15
3883.44  1.97852e-15
3884.91  1.98072e-15
3886.37  1.98135e-15
3887.83  1.98166e-15
3889.3   1.98296e-15
3890.76  1.98643e-15
3892.22  1.99291e-15
3893.69  2.00279e-15
3895.15  2.01596e-15
3896.61  2.03184e-15
3898.08  2.04953e-15
3899.54  2.06793e-15
3901     2.08597e-15
3902.47  2.1028e-15
3903.93  2.11788e-15
3905.39  2.13107e-15
3906.86  2.14263e-15
3908.32  2.15308e-15
3909.78  2.16309e-15
3911.25  2.17329e-15
3912.71  2.18409e-15
3914.17  2.19558e-15
3915.64  2.20742e-15
3917.1   2.21891e-15
3918.56  2.229e-15
3920.03  2.23654e-15
3921.49  2.24039e-15
3922.95  2.23965e-15
3924.41  2.2338e-15
3925.88  2.22282e-15
3927.34  2.2072e-15
3928.8   2.18787e-15
3930.27  2.16607e-15
3931.73  2.14322e-15
3933.19  2.12065e-15
3934.66  2.09949e-15
3936.12  2.0805e-15
3937.58  2.06404e-15
3939.05  2.05001e-15
3940.51  2.03797e-15
3941.97  2.02722e-15
3943.44  2.01691e-15
3944.9   2.0062e-15
3946.36  1.99438e-15
3947.83  1.98093e-15
3949.29  1.96555e-15
3950.75  1.94821e-15
3952.22  1.92912e-15
3953.68  1.90865e-15
3955.14  1.88735e-15
3956.61  1.86584e-15
3958.07  1.84481e-15
3959.53  1.82494e-15
3961     1.80684e-15
3962.46  1.79102e-15
3963.92  1.77779e-15
3965.39  1.76727e-15
3966.85  1.75928e-15
3968.31  1.75342e-15
3969.78  1.74905e-15
3971.24  1.74538e-15
3972.7   1.74158e-15
3974.17  1.73692e-15
3975.63  1.73089e-15
3977.09  1.72328e-15
3978.55  1.71427e-15
3980.02  1.70437e-15
3981.48  1.69437e-15
3982.94  1.6852e-15
3984.41  1.67775e-15
3985.87  1.67274e-15
3987.33  1.67059e-15
3988.8   1.67135e-15
3990.26  1.67472e-15
3991.72  1.68014e-15
3993.19  1.68693e-15
3994.65  1.69443e-15
3996.11  1.70217e-15
3997.58  1.70995e-15
3999.04  1.71793e-15
4000.5   1.72652e-15
4001.97  1.73634e-15
4003.43  1.74806e-15
4004.89  1.76221e-15
4006.36  1.77908e-15
4007.82  1.79861e-15
4009.28  1.82038e-15
4010.75  1.84363e-15
4012.21  1.8674e-15
4013.67  1.89065e-15
4015.14  1.91242e-15
4016.6   1.93196e-15
4018.06  1.94878e-15
4019.53  1.96273e-15
4020.99  1.97393e-15
4022.45  1.9827e-15
4023.92  1.98948e-15
4025.38  1.99474e-15
4026.84  1.99886e-15
4028.3   2.00214e-15
4029.77  2.0048e-15
4031.23  2.00699e-15
4032.69  2.00886e-15
4034.16  2.01059e-15
4035.62  2.01245e-15
4037.08  2.01481e-15
4038.55  2.01807e-15
4040.01  2.02267e-15
4041.47  2.02894e-15
4042.94  2.03707e-15
4044.4   2.04705e-15
4045.86  2.05868e-15
4047.33  2.07153e-15
4048.79  2.08504e-15
4050.25  2.09865e-15
4051.72  2.1118e-15
4053.18  2.12412e-15
4054.64  2.13541e-15
4056.11  2.14567e-15
4057.57  2.15506e-15
4059.03  2.16378e-15
4060.5   2.17204e-15
4061.96  2.17991e-15
4063.42  2.18727e-15
4064.89  2.19383e-15
4066.35  2.19916e-15
4067.81  2.20275e-15
4069.28  2.20418e-15
4070.74  2.20323e-15
4072.2   2.19995e-15
4073.67  2.19471e-15
4075.13  2.18818e-15
4076.59  2.18125e-15
4078.06  2.17483e-15
4079.52  2.16975e-15
4080.98  2.16656e-15
4082.44  2.16542e-15
4083.91  2.16604e-15
4085.37  2.16773e-15
4086.83  2.16951e-15
4088.3   2.17023e-15
4089.76  2.16884e-15
4091.22  2.16452e-15
4092.69  2.15684e-15
4094.15  2.14586e-15
4095.61  2.13212e-15
4097.08  2.11656e-15
4098.54  2.10037e-15
4100     2.08483e-15
4101.47  2.07107e-15
4102.93  2.05995e-15
4104.39  2.0519e-15
4105.86  2.04688e-15
4107.32  2.0444e-15
4108.78  2.04362e-15
4110.25  2.04349e-15
4111.71  2.04293e-15
4113.17  2.04097e-15
4114.64  2.03697e-15
4116.1   2.03063e-15
4117.56  2.02211e-15
4119.03  2.01196e-15
4120.49  2.00104e-15
4121.95  1.99036e-15
4123.42  1.98095e-15
4124.88  1.97369e-15
4126.34  1.96913e-15
4127.81  1.96743e-15
4129.27  1.96828e-15
4130.73  1.97099e-15
4132.2   1.97451e-15
4133.66  1.97765e-15
4135.12  1.97921e-15
4136.58  1.97816e-15
4138.05  1.97383e-15
4139.51  1.96597e-15
4140.97  1.9548e-15
4142.44  1.94102e-15
4143.9   1.92563e-15
4145.36  1.90987e-15
4146.83  1.89497e-15
4148.29  1.88204e-15
4149.75  1.87188e-15
4151.22  1.86489e-15
4152.68  1.86107e-15
4154.14  1.86001e-15
4155.61  1.86098e-15
4157.07  1.86305e-15
4158.53  1.86526e-15
4160     1.8667e-15
4161.46  1.86663e-15
4162.92  1.86461e-15
4164.39  1.86046e-15
4165.85  1.85428e-15
4167.31  1.84639e-15
4168.78  1.83728e-15
4170.24  1.82749e-15
4171.7   1.81756e-15
4173.17  1.80794e-15
4174.63  1.79897e-15
4176.09  1.79083e-15
4177.56  1.78354e-15
4179.02  1.777e-15
4180.48  1.77098e-15
4181.95  1.76521e-15
4183.41  1.75936e-15
4184.87  1.75313e-15
4186.34  1.74626e-15
4187.8   1.73855e-15
4189.26  1.72987e-15
4190.72  1.72017e-15
4192.19  1.70948e-15
4193.65  1.69786e-15
4195.11  1.68546e-15
4196.58  1.67246e-15
4198.04  1.65907e-15
4199.5   1.64556e-15
4200.97  1.63221e-15
4202.43  1.61934e-15
4203.89  1.60723e-15
4205.36  1.59618e-15
4206.82  1.58641e-15
4208.28  1.57804e-15
4209.75  1.57107e-15
4211.21  1.56535e-15
4212.67  1.56058e-15
4214.14  1.55633e-15
4215.6   1.55209e-15
4217.06  1.54733e-15
4218.53  1.54154e-15
4219.99  1.53437e-15
4221.45  1.52562e-15
4222.92  1.51532e-15
4224.38  1.50372e-15
4225.84  1.49128e-15
4227.31  1.47862e-15
4228.77  1.46647e-15
4230.23  1.45554e-15
4231.7   1.44649e-15
4233.16  1.4398e-15
4234.62  1.43576e-15
4236.09  1.43439e-15
4237.55  1.43543e-15
4239.01  1.43836e-15
4240.48  1.44242e-15
4241.94  1.44668e-15
4243.4   1.45011e-15
4244.86  1.45171e-15
4246.33  1.45056e-15
4247.79  1.44595e-15
4249.25  1.43745e-15
4250.72  1.42499e-15
4252.18  1.40884e-15
4253.64  1.38966e-15
4255.11  1.36835e-15
4256.57  1.34602e-15
4258.03  1.32387e-15
4259.5   1.30298e-15
4260.96  1.28427e-15
4262.42  1.26831e-15
4263.89  1.25535e-15
4265.35  1.2452e-15
4266.81  1.23736e-15
4268.28  1.23108e-15
4269.74  1.2255e-15
4271.2   1.21979e-15
4272.67  1.21328e-15
4274.13  1.2056e-15
4275.59  1.1967e-15
4277.06  1.1869e-15
4278.52  1.17676e-15
4279.98  1.16704e-15
4281.45  1.15852e-15
4282.91  1.15188e-15
4284.37  1.14759e-15
4285.84  1.14578e-15
4287.3   1.14632e-15
4288.76  1.14875e-15
4290.23  1.15243e-15
4291.69  1.15664e-15
4293.15  1.16071e-15
4294.61  1.1641e-15
4296.08  1.16653e-15
4297.54  1.16796e-15
4299     1.16861e-15
4300.47  1.16886e-15
4301.93  1.16923e-15
4303.39  1.17021e-15
4304.86  1.17222e-15
4306.32  1.1755e-15
4307.78  1.18012e-15
4309.25  1.18592e-15
4310.71  1.19262e-15
4312.17  1.1998e-15
4313.64  1.20702e-15
4315.1   1.2139e-15
4316.56  1.22017e-15
4318.03  1.22569e-15
4319.49  1.23049e-15
4320.95  1.23476e-15
4322.42  1.23878e-15
4323.88  1.24288e-15
4325.34  1.24734e-15
4326.81  1.25238e-15
4328.27  1.25807e-15
4329.73  1.26436e-15
4331.2   1.27106e-15
4332.66  1.27791e-15
4334.12  1.28462e-15
4335.59  1.29095e-15
4337.05  1.29673e-15
4338.51  1.30193e-15
4339.98  1.30667e-15
4341.44  1.31113e-15
4342.9   1.31559e-15
4344.37  1.32027e-15
4345.83  1.32537e-15
4347.29  1.33095e-15
4348.75  1.33695e-15
4350.22  1.34318e-15
4351.68  1.3494e-15
4353.14  1.35534e-15
4354.61  1.36078e-15
4356.07  1.36561e-15
4357.53  1.36985e-15
4359     1.37364e-15
4360.46  1.37724e-15
4361.92  1.3809e-15
4363.39  1.38483e-15
4364.85  1.38913e-15
4366.31  1.39372e-15
4367.78  1.39832e-15
4369.24  1.40248e-15
4370.7   1.40564e-15
4372.17  1.4072e-15
4373.63  1.40662e-15
4375.09  1.40352e-15
4376.56  1.39778e-15
4378.02  1.38951e-15
4379.48  1.37913e-15
4380.95  1.36726e-15
4382.41  1.35469e-15
4383.87  1.34223e-15
4385.34  1.33065e-15
4386.8   1.32057e-15
4388.26  1.31238e-15
4389.73  1.30623e-15
4391.19  1.30198e-15
4392.65  1.29931e-15
4394.12  1.29771e-15
4395.58  1.29661e-15
4397.04  1.29547e-15
4398.51  1.29381e-15
4399.97  1.29133e-15
4401.43  1.28791e-15
4402.89  1.28364e-15
4404.36  1.27881e-15
4405.82  1.27385e-15
4407.28  1.26931e-15
4408.75  1.26576e-15
4410.21  1.26373e-15
4411.67  1.26362e-15
4413.14  1.26567e-15
4414.6   1.26987e-15
4416.06  1.27598e-15
4417.53  1.2835e-15
4418.99  1.29178e-15
4420.45  1.30003e-15
4421.92  1.30747e-15
4423.38  1.31345e-15
4424.84  1.31752e-15
4426.31  1.31959e-15
4427.77  1.3199e-15
4429.23  1.31908e-15
4430.7   1.31803e-15
4432.16  1.31784e-15
4433.62  1.31961e-15
4435.09  1.32429e-15
4436.55  1.33252e-15
4438.01  1.34451e-15
4439.48  1.35998e-15
4440.94  1.37821e-15
4442.4   1.39811e-15
4443.87  1.41841e-15
4445.33  1.43779e-15
4446.79  1.45514e-15
4448.26  1.46965e-15
4449.72  1.48096e-15
4451.18  1.48915e-15
4452.65  1.49467e-15
4454.11  1.49831e-15
4455.57  1.50096e-15
4457.03  1.5035e-15
4458.5   1.50666e-15
4459.96  1.51091e-15
4461.42  1.5164e-15
4462.89  1.523e-15
4464.35  1.53037e-15
4465.81  1.53801e-15
4467.28  1.54538e-15
4468.74  1.55201e-15
4470.2   1.55757e-15
4471.67  1.56188e-15
4473.13  1.56498e-15
4474.59  1.56701e-15
4476.06  1.56827e-15
4477.52  1.56908e-15
4478.98  1.56979e-15
4480.45  1.57069e-15
4481.91  1.57202e-15
4483.37  1.57392e-15
4484.84  1.57648e-15
4486.3   1.57972e-15
4487.76  1.58361e-15
4489.23  1.58808e-15
4490.69  1.59307e-15
4492.15  1.59848e-15
4493.62  1.60419e-15
4495.08  1.61006e-15
4496.54  1.61592e-15
4498.01  1.62155e-15
4499.47  1.62668e-15
4500.93  1.63103e-15
4502.4   1.63429e-15
4503.86  1.63618e-15
4505.32  1.63647e-15
4506.79  1.63502e-15
4508.25  1.63177e-15
4509.71  1.62683e-15
4511.17  1.62042e-15
4512.64  1.61287e-15
4514.1   1.60465e-15
4515.56  1.59625e-15
4517.03  1.5882e-15
4518.49  1.58101e-15
4519.95  1.57508e-15
4521.42  1.57072e-15
4522.88  1.56804e-15
4524.34  1.567e-15
4525.81  1.56737e-15
4527.27  1.5688e-15
4528.73  1.57082e-15
4530.2   1.57291e-15
4531.66  1.57462e-15
4533.12  1.57559e-15
4534.59  1.57562e-15
4536.05  1.57471e-15
4537.51  1.57305e-15
4538.98  1.57097e-15
4540.44  1.56889e-15
4541.9   1.56725e-15
4543.37  1.5664e-15
4544.83  1.56653e-15
4546.29  1.56766e-15
4547.76  1.56958e-15
4549.22  1.57189e-15
4550.68  1.5741e-15
4552.15  1.57568e-15
4553.61  1.57617e-15
4555.07  1.57528e-15
4556.54  1.57297e-15
4558     1.56944e-15
4559.46  1.56515e-15
4560.93  1.56076e-15
4562.39  1.55704e-15
4563.85  1.55472e-15
4565.31  1.55442e-15
4566.78  1.55655e-15
4568.24  1.56121e-15
4569.7   1.56821e-15
4571.17  1.57706e-15
4572.63  1.58704e-15
4574.09  1.59728e-15
4575.56  1.60692e-15
4577.02  1.61513e-15
4578.48  1.62129e-15
4579.95  1.62498e-15
4581.41  1.62605e-15
4582.87  1.62461e-15
4584.34  1.62101e-15
4585.8   1.61571e-15
4587.26  1.60931e-15
4588.73  1.60238e-15
4590.19  1.59543e-15
4591.65  1.58885e-15
4593.12  1.58285e-15
4594.58  1.57746e-15
4596.04  1.57253e-15
4597.51  1.56775e-15
4598.97  1.56271e-15
4600.43  1.55697e-15
4601.9   1.55009e-15
4603.36  1.54173e-15
4604.82  1.53169e-15
4606.29  1.51992e-15
4607.75  1.50656e-15
4609.21  1.49194e-15
4610.68  1.47651e-15
4612.14  1.4608e-15
4613.6   1.44539e-15
4615.06  1.4308e-15
4616.53  1.41747e-15
4617.99  1.40568e-15
4619.45  1.39554e-15
4620.92  1.38699e-15
4622.38  1.37979e-15
4623.84  1.3736e-15
4625.31  1.36798e-15
4626.77  1.36249e-15
4628.23  1.35672e-15
4629.7   1.35036e-15
4631.16  1.34322e-15
4632.62  1.33528e-15
4634.09  1.32664e-15
4635.55  1.31758e-15
4637.01  1.30844e-15
4638.48  1.29965e-15
4639.94  1.29161e-15
4641.4   1.28467e-15
4642.87  1.27908e-15
4644.33  1.27495e-15
4645.79  1.27222e-15
4647.26  1.2707e-15
4648.72  1.27007e-15
4650.18  1.26994e-15
4651.65  1.2699e-15
4653.11  1.26962e-15
4654.57  1.26881e-15
4656.04  1.26738e-15
4657.5   1.26533e-15
4658.96  1.26284e-15
4660.43  1.26021e-15
4661.89  1.25779e-15
4663.35  1.25597e-15
4664.82  1.25511e-15
4666.28  1.25549e-15
4667.74  1.25727e-15
4669.2   1.26048e-15
4670.67  1.26501e-15
4672.13  1.27061e-15
4673.59  1.27693e-15
4675.06  1.28355e-15
4676.52  1.29002e-15
4677.98  1.29589e-15
4679.45  1.30077e-15
4680.91  1.30438e-15
4682.37  1.30653e-15
4683.84  1.3072e-15
4685.3   1.30647e-15
4686.76  1.30456e-15
4688.23  1.30174e-15
4689.69  1.29833e-15
4691.15  1.29462e-15
4692.62  1.29081e-15
4694.08  1.28701e-15
4695.54  1.28316e-15
4697.01  1.27908e-15
4698.47  1.27451e-15
4699.93  1.26913e-15
4701.4   1.26267e-15
4702.86  1.25495e-15
4704.32  1.24597e-15
4705.79  1.23588e-15
4707.25  1.22506e-15
4708.71  1.214e-15
4710.18  1.20328e-15
4711.64  1.19348e-15
4713.1   1.18508e-15
4714.57  1.1784e-15
4716.03  1.17354e-15
4717.49  1.17039e-15
4718.96  1.16864e-15
4720.42  1.16782e-15
4721.88  1.16744e-15
4723.34  1.16698e-15
4724.81  1.16606e-15
4726.27  1.16443e-15
4727.73  1.16206e-15
4729.2   1.1591e-15
4730.66  1.15586e-15
4732.12  1.15276e-15
4733.59  1.15026e-15
4735.05  1.14877e-15
4736.51  1.1486e-15
4737.98  1.14988e-15
4739.44  1.15258e-15
4740.9   1.15647e-15
4742.37  1.16118e-15
4743.83  1.16622e-15
4745.29  1.17109e-15
4746.76  1.17535e-15
4748.22  1.17866e-15
4749.68  1.18083e-15
4751.15  1.18188e-15
4752.61  1.18197e-15
4754.07  1.18143e-15
4755.54  1.18062e-15
4757     1.17996e-15
4758.46  1.17975e-15
4759.93  1.18022e-15
4761.39  1.18143e-15
4762.85  1.18328e-15
4764.32  1.18557e-15
4765.78  1.18797e-15
4767.24  1.19013e-15
4768.71  1.19171e-15
4770.17  1.19242e-15
4771.63  1.19206e-15
4773.1   1.19053e-15
4774.56  1.18784e-15
4776.02  1.18406e-15
4777.48  1.17936e-15
4778.95  1.17395e-15
4780.41  1.16804e-15
4781.87  1.16189e-15
4783.34  1.1557e-15
4784.8   1.14967e-15
4786.26  1.14394e-15
4787.73  1.13857e-15
4789.19  1.13355e-15
4790.65  1.12878e-15
4792.12  1.12406e-15
4793.58  1.11911e-15
4795.04  1.1136e-15
4796.51  1.10719e-15
4797.97  1.09955e-15
4799.43  1.09044e-15
4800.9   1.07971e-15
4802.36  1.06736e-15
4803.82  1.05356e-15
4805.29  1.03857e-15
4806.75  1.02281e-15
4808.21  1.00674e-15
4809.68  9.90851e-16
4811.14  9.75605e-16
4812.6   9.61382e-16
4814.07  9.4846e-16
4815.53  9.36991e-16
4816.99  9.27002e-16
4818.46  9.18407e-16
4819.92  9.11028e-16
4821.38  9.04623e-16
4822.85  8.9892e-16
4824.31  8.93641e-16
4825.77  8.88535e-16
4827.24  8.83393e-16
4828.7   8.78068e-16
4830.16  8.72483e-16
4831.62  8.66633e-16
4833.09  8.60583e-16
4834.55  8.54459e-16
4836.01  8.48435e-16
4837.48  8.42715e-16
4838.94  8.37512e-16
4840.4   8.33032e-16
4841.87  8.29455e-16
4843.33  8.26919e-16
4844.79  8.25511e-16
4846.26  8.2526e-16
4847.72  8.2614e-16
4849.18  8.2807e-16
4850.65  8.30923e-16
4852.11  8.34534e-16
4853.57  8.38712e-16
4855.04  8.43254e-16
4856.5   8.47956e-16
4857.96  8.52627e-16
4859.43  8.57103e-16
4860.89  8.6126e-16
4862.35  8.65022e-16
4863.82  8.68371e-16
4865.28  8.71344e-16
4866.74  8.74025e-16
4868.21  8.76537e-16
4869.67  8.79015e-16
4871.13  8.81582e-16
4872.6   8.84325e-16
4874.06  8.87272e-16
4875.52  8.90383e-16
4876.99  8.93554e-16
4878.45  8.96632e-16
4879.91  8.99449e-16
4881.37  9.01864e-16
4882.84  9.03801e-16
4884.3   9.05285e-16
4885.76  9.06457e-16
4887.23  9.07566e-16
4888.69  9.08942e-16
4890.15  9.10947e-16
4891.62  9.13912e-16
4893.08  9.18072e-16
4894.54  9.23515e-16
4896.01  9.3015e-16
4897.47  9.377e-16
4898.93  9.45732e-16
4900.4   9.5371e-16
4901.86  9.61067e-16
4903.32  9.67282e-16
4904.79  9.71958e-16
4906.25  9.74875e-16
4907.71  9.76017e-16
4909.18  9.75575e-16
4910.64  9.73912e-16
4912.1   9.71503e-16
4913.57  9.68871e-16
4915.03  9.66502e-16
4916.49  9.64784e-16
4917.96  9.63953e-16
4919.42  9.64066e-16
4920.88  9.65007e-16
4922.35  9.66514e-16
4923.81  9.68234e-16
4925.27  9.69789e-16
4926.74  9.70847e-16
4928.2   9.7118e-16
4929.66  9.70711e-16
4931.13  9.69524e-16
4932.59  9.6785e-16
4934.05  9.66024e-16
4935.51  9.64423e-16
4936.98  9.63393e-16
4938.44  9.63179e-16
4939.9   9.63881e-16
4941.37  9.65425e-16
4942.83  9.67578e-16
4944.29  9.69984e-16
4945.76  9.72234e-16
4947.22  9.73945e-16
4948.68  9.74834e-16
4950.15  9.74781e-16
4951.61  9.73861e-16
4953.07  9.72337e-16
4954.54  9.7062e-16
4956     9.69196e-16
4957.46  9.68538e-16
4958.93  9.69014e-16
4960.39  9.70811e-16
4961.85  9.73894e-16
4963.32  9.78e-16
4964.78  9.8268e-16
4966.24  9.87374e-16
4967.71  9.91515e-16
4969.17  9.94633e-16
4970.63  9.9645e-16
4972.1   9.96936e-16
4973.56  9.96332e-16
4975.02  9.95105e-16
4976.49  9.93876e-16
4977.95  9.93304e-16
4979.41  9.93963e-16
4980.88  9.96228e-16
4982.34  1.0002e-15
4983.8   1.00565e-15
4985.27  1.01209e-15
4986.73  1.01879e-15
4988.19  1.02495e-15
4989.65  1.02979e-15
4991.12  1.03271e-15
4992.58  1.03339e-15
4994.04  1.03185e-15
4995.51  1.02842e-15
4996.97  1.02376e-15
4998.43  1.0187e-15
4999.9   1.01413e-15
5001.36  1.01088e-15
5002.82  1.00957e-15
5004.29  1.01058e-15
5005.75  1.01394e-15
5007.21  1.01937e-15
5008.68  1.02635e-15
5010.14  1.0342e-15
5011.6   1.04216e-15
5013.07  1.04957e-15
5014.53  1.05588e-15
5015.99  1.06079e-15
5017.46  1.06424e-15
5018.92  1.06643e-15
5020.38  1.06769e-15
5021.85  1.06851e-15
5023.31  1.06935e-15
5024.77  1.07064e-15
5026.24  1.07263e-15
5027.7   1.07541e-15
5029.16  1.07889e-15
5030.63  1.0828e-15
5032.09  1.08679e-15
5033.55  1.09049e-15
5035.02  1.09356e-15
5036.48  1.0958e-15
5037.94  1.09712e-15
5039.41  1.09763e-15
5040.87  1.09757e-15
5042.33  1.09727e-15
5043.79  1.09712e-15
5045.26  1.09748e-15
5046.72  1.09864e-15
5048.18  1.10078e-15
5049.65  1.10398e-15
5051.11  1.10818e-15
5052.57  1.11326e-15
5054.04  1.11901e-15
5055.5   1.12523e-15
5056.96  1.13171e-15
5058.43  1.13827e-15
5059.89  1.14479e-15
5061.35  1.15117e-15
5062.82  1.15732e-15
5064.28  1.16319e-15
5065.74  1.16873e-15
5067.21  1.17389e-15
5068.67  1.1786e-15
5070.13  1.18281e-15
5071.6   1.18644e-15
5073.06  1.18945e-15
5074.52  1.1918e-15
5075.99  1.19348e-15
5077.45  1.19452e-15
5078.91  1.19498e-15
5080.38  1.19496e-15
5081.84  1.19458e-15
5083.3   1.194e-15
5084.77  1.19341e-15
5086.23  1.19299e-15
5087.69  1.19293e-15
5089.16  1.19336e-15
5090.62  1.19437e-15
5092.08  1.19599e-15
5093.55  1.19813e-15
5095.01  1.20062e-15
5096.47  1.20319e-15
5097.93  1.20551e-15
5099.4   1.2072e-15
5100.86  1.20788e-15
5102.32  1.20723e-15
5103.79  1.20503e-15
5105.25  1.20117e-15
5106.71  1.19574e-15
5108.18  1.18893e-15
5109.64  1.18113e-15
5111.1   1.17279e-15
5112.57  1.16443e-15
5114.03  1.15657e-15
5115.49  1.14966e-15
5116.96  1.14402e-15
5118.42  1.13986e-15
5119.88  1.13719e-15
5121.35  1.13591e-15
5122.81  1.13579e-15
5124.27  1.13653e-15
5125.74  1.13781e-15
5127.2   1.13933e-15
5128.66  1.14085e-15
5130.13  1.14221e-15
5131.59  1.14331e-15
5133.05  1.14413e-15
5134.52  1.14467e-15
5135.98  1.14494e-15
5137.44  1.14496e-15
5138.91  1.14469e-15
5140.37  1.1441e-15
5141.83  1.14314e-15
5143.3   1.14181e-15
5144.76  1.14016e-15
5146.22  1.13829e-15
5147.69  1.13644e-15
5149.15  1.13488e-15
5150.61  1.13393e-15
5152.07  1.1339e-15
5153.54  1.13506e-15
5155     1.13755e-15
5156.46  1.14135e-15
5157.93  1.14633e-15
5159.39  1.15215e-15
5160.85  1.15843e-15
5162.32  1.16471e-15
5163.78  1.17053e-15
5165.24  1.17555e-15
5166.71  1.1795e-15
5168.17  1.18227e-15
5169.63  1.18385e-15
5171.1   1.18435e-15
5172.56  1.18392e-15
5174.02  1.18274e-15
5175.49  1.18095e-15
5176.95  1.17868e-15
5178.41  1.17596e-15
5179.88  1.17281e-15
5181.34  1.16921e-15
5182.8   1.16512e-15
5184.27  1.16053e-15
5185.73  1.15541e-15
5187.19  1.14981e-15
5188.66  1.14373e-15
5190.12  1.1372e-15
5191.58  1.13025e-15
5193.05  1.12284e-15
5194.51  1.11494e-15
5195.97  1.10649e-15
5197.44  1.09744e-15
5198.9   1.08774e-15
5200.36  1.0774e-15
5201.82  1.06652e-15
5203.29  1.05523e-15
5204.75  1.04373e-15
5206.21  1.03227e-15
5207.68  1.02109e-15
5209.14  1.01039e-15
5210.6   1.00029e-15
5212.07  9.90835e-16
5213.53  9.81947e-16
5214.99  9.73475e-16
5216.46  9.65215e-16
5217.92  9.56953e-16
5219.38  9.48516e-16
5220.85  9.3981e-16
5222.31  9.3084e-16
5223.77  9.21716e-16
5225.24  9.12629e-16
5226.7   9.03819e-16
5228.16  8.95517e-16
5229.63  8.87908e-16
5231.09  8.81085e-16
5232.55  8.75032e-16
5234.02  8.69634e-16
5235.48  8.64696e-16
5236.94  8.59992e-16
5238.41  8.55317e-16
5239.87  8.5053e-16
5241.33  8.45595e-16
5242.8   8.40589e-16
5244.26  8.35693e-16
5245.72  8.31153e-16
5247.19  8.27228e-16
5248.65  8.24133e-16
5250.11  8.21982e-16
5251.58  8.20754e-16
5253.04  8.20281e-16
5254.5   8.20267e-16
5255.96  8.20332e-16
5257.43  8.2008e-16
5258.89  8.19168e-16
5260.35  8.17374e-16
5261.82  8.14646e-16
5263.28  8.11119e-16
5264.74  8.07101e-16
5266.21  8.03024e-16
5267.67  7.99376e-16
5269.13  7.96616e-16
5270.6   7.95098e-16
5272.06  7.95008e-16
5273.52  7.96333e-16
5274.99  7.98865e-16
5276.45  8.02232e-16
5277.91  8.05964e-16
5279.38  8.09571e-16
5280.84  8.12622e-16
5282.3   8.14814e-16
5283.77  8.16013e-16
5285.23  8.16269e-16
5286.69  8.15793e-16
5288.16  8.14919e-16
5289.62  8.14031e-16
5291.08  8.13503e-16
5292.55  8.13635e-16
5294.01  8.14611e-16
5295.47  8.16483e-16
5296.94  8.19178e-16
5298.4   8.22529e-16
5299.86  8.26318e-16
5301.33  8.30327e-16
5302.79  8.34378e-16
5304.25  8.38365e-16
5305.72  8.42267e-16
5307.18  8.46137e-16
5308.64  8.50081e-16
5310.1   8.54228e-16
5311.57  8.58688e-16
5313.03  8.63518e-16
5314.49  8.68706e-16
5315.96  8.74153e-16
5317.42  8.79685e-16
5318.88  8.85072e-16
5320.35  8.90063e-16
5321.81  8.94418e-16
5323.27  8.97947e-16
5324.74  9.00541e-16
5326.2   9.02185e-16
5327.66  9.02966e-16
5329.13  9.0305e-16
5330.59  9.02668e-16
5332.05  9.02067e-16
5333.52  9.01484e-16
5334.98  9.01101e-16
5336.44  9.01023e-16
5337.91  9.01267e-16
5339.37  9.0176e-16
5340.83  9.02358e-16
5342.3   9.02879e-16
5343.76  9.03131e-16
5345.22  9.02956e-16
5346.69  9.0226e-16
5348.15  9.01034e-16
5349.61  8.99361e-16
5351.08  8.97411e-16
5352.54  8.95414e-16
5354     8.93626e-16
5355.47  8.92286e-16
5356.93  8.91571e-16
5358.39  8.91564e-16
5359.86  8.9223e-16
5361.32  8.93414e-16
5362.78  8.94853e-16
5364.24  8.96215e-16
5365.71  8.97144e-16
5367.17  8.97308e-16
5368.63  8.96454e-16
5370.1   8.94443e-16
5371.56  8.9127e-16
5373.02  8.87067e-16
5374.49  8.8208e-16
5375.95  8.76633e-16
5377.41  8.71082e-16
5378.88  8.65762e-16
5380.34  8.60939e-16
5381.8   8.56782e-16
5383.27  8.53338e-16
5384.73  8.50534e-16
5386.19  8.48192e-16
5387.66  8.46062e-16
5389.12  8.43858e-16
5390.58  8.41304e-16
5392.05  8.38175e-16
5393.51  8.34332e-16
5394.97  8.29744e-16
5396.44  8.24497e-16
5397.9   8.18781e-16
5399.36  8.12871e-16
5400.83  8.07074e-16
5402.29  8.0169e-16
5403.75  7.96947e-16
5405.22  7.92965e-16
5406.68  7.89717e-16
5408.14  7.87023e-16
5409.61  7.84572e-16
5411.07  7.81969e-16
5412.53  7.78797e-16
5414     7.74703e-16
5415.46  7.69472e-16
5416.92  7.63086e-16
5418.38  7.55756e-16
5419.85  7.47915e-16
5421.31  7.40171e-16
5422.77  7.33226e-16
5424.24  7.27768e-16
5425.7   7.24365e-16
5427.16  7.23363e-16
5428.63  7.24819e-16
5430.09  7.28476e-16
5431.55  7.3379e-16
5433.02  7.40003e-16
5434.48  7.46255e-16
5435.94  7.51713e-16
5437.41  7.55707e-16
5438.87  7.57829e-16
5440.33  7.58007e-16
5441.8   7.56507e-16
5443.26  7.53897e-16
5444.72  7.50945e-16
5446.19  7.48495e-16
5447.65  7.47326e-16
5449.11  7.48022e-16
5450.58  7.50886e-16
5452.04  7.55888e-16
5453.5   7.62689e-16
5454.97  7.707e-16
5456.43  7.79199e-16
5457.89  7.87456e-16
5459.36  7.9486e-16
5460.82  8.01022e-16
5462.28  8.05835e-16
5463.75  8.09476e-16
5465.21  8.12365e-16
5466.67  8.15076e-16
5468.13  8.18227e-16
5469.6   8.22362e-16
5471.06  8.27858e-16
5472.52  8.34863e-16
5473.99  8.43275e-16
5475.45  8.52775e-16
5476.91  8.62895e-16
5478.38  8.73104e-16
5479.84  8.82911e-16
5481.3   8.91944e-16
5482.77  9.00007e-16
5484.23  9.07099e-16
5485.69  9.13393e-16
5487.16  9.1918e-16
5488.62  9.24803e-16
5490.08  9.3057e-16
5491.55  9.36694e-16
5493.01  9.43249e-16
5494.47  9.50158e-16
5495.94  9.57217e-16
5497.4   9.64139e-16
5498.86  9.70625e-16
5500.33  9.7642e-16
5501.79  9.81368e-16
5503.25  9.85441e-16
5504.72  9.88739e-16
5506.18  9.91461e-16
5507.64  9.93862e-16
5509.11  9.96199e-16
5510.57  9.98677e-16
5512.03  1.00142e-15
5513.5   1.00444e-15
5514.96  1.00765e-15
5516.42  1.0109e-15
5517.89  1.01397e-15
5519.35  1.01668e-15
5520.81  1.01882e-15
5522.27  1.02028e-15
5523.74  1.02099e-15
5525.2   1.02093e-15
5526.66  1.02016e-15
5528.13  1.01876e-15
5529.59  1.01683e-15
5531.05  1.01449e-15
5532.52  1.01188e-15
5533.98  1.00911e-15
5535.44  1.00634e-15
5536.91  1.00371e-15
5538.37  1.00137e-15
5539.83  9.99452e-16
5541.3   9.98068e-16
5542.76  9.97286e-16
5544.22  9.97116e-16
5545.69  9.97504e-16
5547.15  9.98326e-16
5548.61  9.9941e-16
5550.08  1.00055e-15
5551.54  1.00154e-15
5553     1.00223e-15
5554.47  1.00251e-15
5555.93  1.00239e-15
5557.39  1.00196e-15
5558.86  1.00142e-15
5560.32  1.001e-15
5561.78  1.00094e-15
5563.25  1.00146e-15
5564.71  1.00268e-15
5566.17  1.0046e-15
5567.64  1.00709e-15
5569.1   1.00994e-15
5570.56  1.01283e-15
5572.03  1.01544e-15
5573.49  1.01749e-15
5574.95  1.01879e-15
5576.41  1.01928e-15
5577.88  1.01905e-15
5579.34  1.01832e-15
5580.8   1.01742e-15
5582.27  1.01672e-15
5583.73  1.01658e-15
5585.19  1.01728e-15
5586.66  1.01898e-15
5588.12  1.02168e-15
5589.58  1.0252e-15
5591.05  1.02924e-15
5592.51  1.03337e-15
5593.97  1.03712e-15
5595.44  1.04002e-15
5596.9   1.04168e-15
5598.36  1.04185e-15
5599.83  1.04043e-15
5601.29  1.03755e-15
5602.75  1.03349e-15
5604.22  1.02873e-15
5605.68  1.02384e-15
5607.14  1.01946e-15
5608.61  1.01621e-15
5610.07  1.01461e-15
5611.53  1.01502e-15
5613     1.01759e-15
5614.46  1.0222e-15
5615.92  1.02853e-15
5617.39  1.03602e-15
5618.85  1.04399e-15
5620.31  1.05167e-15
5621.78  1.05835e-15
5623.24  1.06346e-15
5624.7   1.0666e-15
5626.17  1.06766e-15
5627.63  1.06675e-15
5629.09  1.06424e-15
5630.55  1.06061e-15
5632.02  1.05642e-15
5633.48  1.05218e-15
5634.94  1.04831e-15
5636.41  1.04504e-15
5637.87  1.04245e-15
5639.33  1.04044e-15
5640.8   1.03886e-15
5642.26  1.0375e-15
5643.72  1.03622e-15
5645.19  1.03496e-15
5646.65  1.03378e-15
5648.11  1.03284e-15
5649.58  1.03237e-15
5651.04  1.03256e-15
5652.5   1.03355e-15
5653.97  1.03535e-15
5655.43  1.03784e-15
5656.89  1.04074e-15
5658.36  1.04368e-15
5659.82  1.04624e-15
5661.28  1.04804e-15
5662.75  1.04879e-15
5664.21  1.04835e-15
5665.67  1.04672e-15
5667.14  1.04405e-15
5668.6   1.04059e-15
5670.06  1.03665e-15
5671.53  1.03253e-15
5672.99  1.02849e-15
5674.45  1.02468e-15
5675.92  1.02118e-15
5677.38  1.01796e-15
5678.84  1.01495e-15
5680.31  1.01204e-15
5681.77  1.0091e-15
5683.23  1.00605e-15
5684.69  1.00281e-15
5686.16  9.99336e-16
5687.62  9.95573e-16
5689.08  9.91466e-16
5690.55  9.86937e-16
5692.01  9.81882e-16
5693.47  9.76193e-16
5694.94  9.69781e-16
5696.4   9.62623e-16
5697.86  9.54796e-16
5699.33  9.46508e-16
5700.79  9.38109e-16
5702.25  9.30066e-16
5703.72  9.22913e-16
5705.18  9.17177e-16
5706.64  9.13287e-16
5708.11  9.11486e-16
5709.57  9.11759e-16
5711.03  9.13808e-16
5712.5   9.17059e-16
5713.96  9.20729e-16
5715.42  9.23928e-16
5716.89  9.25793e-16
5718.35  9.25621e-16
5719.81  9.22988e-16
5721.28  9.17826e-16
5722.74  9.10441e-16
5724.2   9.0148e-16
5725.67  8.91828e-16
5727.13  8.82475e-16
5728.59  8.74359e-16
5730.06  8.68219e-16
5731.52  8.64478e-16
5732.98  8.63186e-16
5734.45  8.64018e-16
5735.91  8.66344e-16
5737.37  8.69343e-16
5738.83  8.72151e-16
5740.3   8.74018e-16
5741.76  8.74433e-16
5743.22  8.73213e-16
5744.69  8.70529e-16
5746.15  8.66864e-16
5747.61  8.62924e-16
5749.08  8.59502e-16
5750.54  8.57333e-16
5752     8.56962e-16
5753.47  8.58642e-16
5754.93  8.62291e-16
5756.39  8.67508e-16
5757.86  8.7364e-16
5759.32  8.79897e-16
5760.78  8.85484e-16
5762.25  8.89732e-16
5763.71  8.92203e-16
5765.17  8.92757e-16
5766.64  8.91564e-16
5768.1   8.89063e-16
5769.56  8.85884e-16
5771.03  8.82738e-16
5772.49  8.80299e-16
5773.95  8.79097e-16
5775.42  8.79441e-16
5776.88  8.81383e-16
5778.34  8.84721e-16
5779.81  8.89048e-16
5781.27  8.93831e-16
5782.73  8.98508e-16
5784.2   9.02581e-16
5785.66  9.05697e-16
5787.12  9.07696e-16
5788.58  9.0862e-16
5790.05  9.08695e-16
5791.51  9.08272e-16
5792.97  9.07758e-16
5794.44  9.07534e-16
5795.9   9.07894e-16
5797.36  9.08998e-16
5798.83  9.10856e-16
5800.29  9.13338e-16
5801.75  9.16214e-16
5803.22  9.19201e-16
5804.68  9.22018e-16
5806.14  9.24435e-16
5807.61  9.26302e-16
5809.07  9.27563e-16
5810.53  9.28247e-16
5812     9.28453e-16
5813.46  9.28317e-16
5814.92  9.27993e-16
5816.39  9.27626e-16
5817.85  9.27349e-16
5819.31  9.27278e-16
5820.78  9.27514e-16
5822.24  9.28154e-16
5823.7   9.29282e-16
5825.17  9.30966e-16
5826.63  9.3324e-16
5828.09  9.36092e-16
5829.56  9.39444e-16
5831.02  9.43154e-16
5832.48  9.47021e-16
5833.95  9.50815e-16
5835.41  9.54312e-16
5836.87  9.5734e-16
5838.34  9.59808e-16
5839.8   9.61736e-16
5841.26  9.63243e-16
5842.72  9.64528e-16
5844.19  9.65814e-16
5845.65  9.67298e-16
5847.11  9.69088e-16
5848.58  9.71169e-16
5850.04  9.73388e-16
5851.5   9.7548e-16
5852.97  9.77115e-16
5854.43  9.77971e-16
5855.89  9.77812e-16
5857.36  9.76551e-16
5858.82  9.74285e-16
5860.28  9.71298e-16
5861.75  9.68022e-16
5863.21  9.64966e-16
5864.67  9.62626e-16
5866.14  9.61396e-16
5867.6   9.61491e-16
5869.06  9.62902e-16
5870.53  9.65389e-16
5871.99  9.68521e-16
5873.45  9.71737e-16
5874.92  9.74445e-16
5876.38  9.7612e-16
5877.84  9.7639e-16
5879.31  9.75104e-16
5880.77  9.72356e-16
5882.23  9.68476e-16
5883.7   9.63976e-16
5885.16  9.59471e-16
5886.62  9.55573e-16
5888.09  9.52794e-16
5889.55  9.5146e-16
5891.01  9.51649e-16
5892.48  9.53183e-16
5893.94  9.55652e-16
5895.4   9.58487e-16
5896.86  9.6106e-16
5898.33  9.62799e-16
5899.79  9.6329e-16
5901.25  9.62367e-16
5902.72  9.60139e-16
5904.18  9.56991e-16
5905.64  9.53509e-16
5907.11  9.5039e-16
5908.57  9.4831e-16
5910.03  9.47804e-16
5911.5   9.49168e-16
5912.96  9.52399e-16
5914.42  9.57195e-16
5915.89  9.63006e-16
5917.35  9.69129e-16
5918.81  9.74835e-16
5920.28  9.79492e-16
5921.74  9.82674e-16
5923.2   9.84226e-16
5924.67  9.84282e-16
5926.13  9.83225e-16
5927.59  9.81603e-16
5929.06  9.80025e-16
5930.52  9.79038e-16
5931.98  9.79031e-16
5933.45  9.80165e-16
5934.91  9.8235e-16
5936.37  9.85272e-16
5937.84  9.88454e-16
5939.3   9.91351e-16
5940.76  9.93448e-16
5942.23  9.94352e-16
5943.69  9.93856e-16
5945.15  9.91963e-16
5946.62  9.88875e-16
5948.08  9.84941e-16
5949.54  9.80586e-16
5951     9.7622e-16
5952.47  9.72172e-16
5953.93  9.68629e-16
5955.39  9.6562e-16
5956.86  9.63029e-16
5958.32  9.60636e-16
5959.78  9.58185e-16
5961.25  9.55451e-16
5962.71  9.52294e-16
5964.17  9.48698e-16
5965.64  9.44773e-16
5967.1   9.40733e-16
5968.56  9.36843e-16
5970.03  9.33358e-16
5971.49  9.30465e-16
5972.95  9.28239e-16
5974.42  9.26618e-16
5975.88  9.25417e-16
5977.34  9.24357e-16
5978.81  9.23127e-16
5980.27  9.21437e-16
5981.73  9.1908e-16
5983.2   9.15969e-16
5984.66  9.12151e-16
5986.12  9.0779e-16
5987.59  9.03137e-16
5989.05  8.9847e-16
5990.51  8.94038e-16
5991.98  8.9001e-16
5993.44  8.86443e-16
5994.9   8.8327e-16
5996.37  8.80312e-16
5997.83  8.77316e-16
5999.29  8.74002e-16
6000.76  8.70116e-16
6002.22  8.65472e-16
6003.68  8.59986e-16
6005.14  8.53686e-16
6006.61  8.467e-16
6008.07  8.39233e-16
6009.53  8.31523e-16
6011     8.238e-16
6012.46  8.16245e-16
6013.92  8.08957e-16
6015.39  8.01943e-16
6016.85  7.95114e-16
6018.31  7.88302e-16
6019.78  7.81291e-16
6021.24  7.73852e-16
6022.7   7.6578e-16
6024.17  7.56929e-16
6025.63  7.47235e-16
6027.09  7.36733e-16
6028.56  7.25555e-16
6030.02  7.13922e-16
6031.48  7.02113e-16
6032.95  6.90442e-16
6034.41  6.79214e-16
6035.87  6.68694e-16
6037.34  6.59072e-16
6038.8   6.50443e-16
6040.26  6.42793e-16
6041.73  6.36007e-16
6043.19  6.29883e-16
6044.65  6.24158e-16
6046.12  6.18549e-16
6047.58  6.12781e-16
6049.04  6.06629e-16
6050.51  5.99932e-16
6051.97  5.92615e-16
6053.43  5.84684e-16
6054.89  5.7622e-16
6056.36  5.67355e-16
6057.82  5.58254e-16
6059.28  5.49091e-16
6060.75  5.40027e-16
6062.21  5.31197e-16
6063.67  5.22704e-16
6065.14  5.14608e-16
6066.6   5.06934e-16
6068.06  4.99667e-16
6069.53  4.9276e-16
6070.99  4.86139e-16
6072.45  4.79711e-16
6073.92  4.73374e-16
6075.38  4.6703e-16
6076.84  4.60599e-16
6078.31  4.54038e-16
6079.77  4.47352e-16
6081.23  4.40601e-16
6082.7   4.33901e-16
6084.16  4.27416e-16
6085.62  4.21333e-16
6087.09  4.15845e-16
6088.55  4.11113e-16
6090.01  4.07245e-16
6091.48  4.04271e-16
6092.94  4.02136e-16
6094.4   4.00701e-16
6095.87  3.99758e-16
6097.33  3.99054e-16
6098.79  3.98328e-16
6100.26  3.9734e-16
6101.72  3.95901e-16
6103.18  3.93895e-16
6104.65  3.91291e-16
6106.11  3.88144e-16
6107.57  3.84582e-16
6109.03  3.80791e-16
6110.5   3.76998e-16
6111.96  3.73438e-16
6113.42  3.70343e-16
6114.89  3.67916e-16
6116.35  3.66317e-16
6117.81  3.65652e-16
6119.28  3.65968e-16
6120.74  3.67251e-16
6122.2   3.69427e-16
6123.67  3.72376e-16
6125.13  3.75943e-16
6126.59  3.79954e-16
6128.06  3.84245e-16
6129.52  3.88674e-16
6130.98  3.93143e-16
6132.45  3.97607e-16
6133.91  4.02076e-16
6135.37  4.06604e-16
6136.84  4.11271e-16
6138.3   4.16157e-16
6139.76  4.21313e-16
6141.23  4.26734e-16
6142.69  4.32349e-16
6144.15  4.38017e-16
6145.62  4.43543e-16
6147.08  4.48716e-16
6148.54  4.53348e-16
6150.01  4.57326e-16
6151.47  4.60647e-16
6152.93  4.63447e-16
6154.4   4.65997e-16
6155.86  4.68679e-16
6157.32  4.71933e-16
6158.79  4.76192e-16
6160.25  4.81803e-16
6161.71  4.88964e-16
6163.17  4.97677e-16
6164.64  5.07731e-16
6166.1   5.18726e-16
6167.56  5.3012e-16
6169.03  5.41313e-16
6170.49  5.51735e-16
6171.95  5.60934e-16
6173.42  5.68649e-16
6174.88  5.74845e-16
6176.34  5.79717e-16
6177.81  5.83646e-16
6179.27  5.87138e-16
6180.73  5.90727e-16
6182.2   5.94883e-16
6183.66  5.99936e-16
6185.12  6.06016e-16
6186.59  6.13043e-16
6188.05  6.20742e-16
6189.51  6.28703e-16
6190.98  6.36457e-16
6192.44  6.43567e-16
6193.9   6.49705e-16
6195.37  6.54718e-16
6196.83  6.58645e-16
6198.29  6.61719e-16
6199.76  6.64315e-16
6201.22  6.66881e-16
6202.68  6.69856e-16
6204.15  6.73588e-16
6205.61  6.7827e-16
6207.07  6.83905e-16
6208.54  6.90302e-16
6210     6.97117e-16
6211.46  7.03915e-16
6212.93  7.10248e-16
6214.39  7.15744e-16
6215.85  7.20172e-16
6217.31  7.23493e-16
6218.78  7.25865e-16
6220.24  7.27628e-16
6221.7   7.29243e-16
6223.17  7.31221e-16
6224.63  7.34037e-16
6226.09  7.38053e-16
6227.56  7.43458e-16
6229.02  7.50237e-16
6230.48  7.58171e-16
6231.95  7.66869e-16
6233.41  7.75818e-16
6234.87  7.8446e-16
6236.34  7.9226e-16
6237.8   7.98772e-16
6239.26  8.03696e-16
6240.73  8.06906e-16
6242.19  8.0846e-16
6243.65  8.0859e-16
6245.12  8.07671e-16
6246.58  8.06181e-16
6248.04  8.04647e-16
6249.51  8.03593e-16
6250.97  8.03487e-16
6252.43  8.04692e-16
6253.9   8.07429e-16
6255.36  8.11752e-16
6256.82  8.17536e-16
6258.29  8.2449e-16
6259.75  8.32176e-16
6261.21  8.40059e-16
6262.68  8.47562e-16
6264.14  8.54125e-16
6265.6   8.59273e-16
6267.07  8.62672e-16
6268.53  8.64165e-16
6269.99  8.63791e-16
6271.45  8.61781e-16
6272.92  8.58526e-16
6274.38  8.5453e-16
6275.84  8.5035e-16
6277.31  8.46531e-16
6278.77  8.4355e-16
6280.23  8.41768e-16
6281.7   8.414e-16
6283.16  8.42507e-16
6284.62  8.45e-16
6286.09  8.48664e-16
6287.55  8.5319e-16
6289.01  8.58205e-16
6290.48  8.63316e-16
6291.94  8.68138e-16
6293.4   8.72326e-16
6294.87  8.75598e-16
6296.33  8.77754e-16
6297.79  8.78682e-16
6299.26  8.78365e-16
6300.72  8.76876e-16
6302.18  8.74363e-16
6303.65  8.71034e-16
6305.11  8.67127e-16
6306.57  8.62885e-16
6308.04  8.58532e-16
6309.5   8.54245e-16
6310.96  8.50149e-16
6312.43  8.46313e-16
6313.89  8.42762e-16
6315.35  8.39498e-16
6316.82  8.36519e-16
6318.28  8.33852e-16
6319.74  8.3156e-16
6321.21  8.29756e-16
6322.67  8.28593e-16
6324.13  8.28244e-16
6325.59  8.28872e-16
6327.06  8.30596e-16
6328.52  8.33458e-16
6329.98  8.374e-16
6331.45  8.42252e-16
6332.91  8.47735e-16
6334.37  8.53487e-16
6335.84  8.59094e-16
6337.3   8.6413e-16
6338.76  8.68205e-16
6340.23  8.71002e-16
6341.69  8.72306e-16
6343.15  8.72031e-16
6344.62  8.70218e-16
6346.08  8.6704e-16
6347.54  8.62786e-16
6349.01  8.5784e-16
6350.47  8.52654e-16
6351.93  8.47716e-16
6353.4   8.43508e-16
6354.86  8.40467e-16
6356.32  8.38936e-16
6357.79  8.39122e-16
6359.25  8.41063e-16
6360.71  8.44604e-16
6362.18  8.49396e-16
6363.64  8.54923e-16
6365.1   8.60546e-16
6366.57  8.65578e-16
6368.03  8.69372e-16
6369.49  8.71406e-16
6370.96  8.71366e-16
6372.42  8.69199e-16
6373.88  8.65131e-16
6375.34  8.59645e-16
6376.81  8.53419e-16
6378.27  8.47228e-16
6379.73  8.41831e-16
6381.2   8.37857e-16
6382.66  8.35714e-16
6384.12  8.35525e-16
6385.59  8.37121e-16
6387.05  8.4007e-16
6388.51  8.43759e-16
6389.98  8.47491e-16
6391.44  8.50604e-16
6392.9   8.52572e-16
6394.37  8.53076e-16
6395.83  8.52047e-16
6397.29  8.4965e-16
6398.76  8.46239e-16
6400.22  8.42276e-16
6401.68  8.38243e-16
6403.15  8.34547e-16
6404.61  8.31455e-16
6406.07  8.29057e-16
6407.54  8.27257e-16
6409     8.25814e-16
6410.46  8.24393e-16
6411.93  8.22644e-16
6413.39  8.20274e-16
6414.85  8.17107e-16
6416.32  8.13117e-16
6417.78  8.0844e-16
6419.24  8.0335e-16
6420.71  7.98209e-16
6422.17  7.93413e-16
6423.63  7.89325e-16
6425.1   7.8622e-16
6426.56  7.8425e-16
6428.02  7.83425e-16
6429.48  7.83621e-16
6430.95  7.84603e-16
6432.41  7.86064e-16
6433.87  7.87671e-16
6435.34  7.89101e-16
6436.8   7.90077e-16
6438.26  7.90392e-16
6439.73  7.89916e-16
6441.19  7.886e-16
6442.65  7.86469e-16
6444.12  7.83613e-16
6445.58  7.80171e-16
6447.04  7.76328e-16
6448.51  7.72299e-16
6449.97  7.68323e-16
6451.43  7.64655e-16
6452.9   7.61546e-16
6454.36  7.59232e-16
6455.82  7.57906e-16
6457.29  7.57695e-16
6458.75  7.58635e-16
6460.21  7.60655e-16
6461.68  7.6357e-16
6463.14  7.67087e-16
6464.6   7.70829e-16
6466.07  7.74374e-16
6467.53  7.77303e-16
6468.99  7.79251e-16
6470.46  7.79951e-16
6471.92  7.79271e-16
6473.38  7.77224e-16
6474.85  7.73964e-16
6476.31  7.69758e-16
6477.77  7.64937e-16
6479.24  7.59848e-16
6480.7   7.54802e-16
6482.16  7.50026e-16
6483.62  7.45639e-16
6485.09  7.41647e-16
6486.55  7.37956e-16
6488.01  7.34403e-16
6489.48  7.30802e-16
6490.94  7.2699e-16
6492.4   7.22869e-16
6493.87  7.18434e-16
6495.33  7.1379e-16
6496.79  7.09138e-16
6498.26  7.04758e-16
6499.72  7.00961e-16
6501.18  6.98046e-16
6502.65  6.96249e-16
6504.11  6.957e-16
6505.57  6.96397e-16
6507.04  6.98196e-16
6508.5   7.00828e-16
6509.96  7.03924e-16
6511.43  7.07074e-16
6512.89  7.09875e-16
6514.35  7.11995e-16
6515.82  7.13214e-16
6517.28  7.13457e-16
6518.74  7.12799e-16
6520.21  7.11448e-16
6521.67  7.09705e-16
6523.13  7.07913e-16
6524.6   7.064e-16
6526.06  7.05423e-16
6527.52  7.05127e-16
6528.99  7.05528e-16
6530.45  7.06514e-16
6531.91  7.07866e-16
6533.38  7.09302e-16
6534.84  7.10525e-16
6536.3   7.11273e-16
6537.76  7.11366e-16
6539.23  7.10732e-16
6540.69  7.09423e-16
6542.15  7.07605e-16
6543.62  7.05537e-16
6545.08  7.03534e-16
6546.54  7.0192e-16
6548.01  7.00979e-16
6549.47  7.00908e-16
6550.93  7.01782e-16
6552.4   7.03531e-16
6553.86  7.05934e-16
6555.32  7.0864e-16
6556.79  7.11209e-16
6558.25  7.13167e-16
6559.71  7.14082e-16
6561.18  7.13632e-16
6562.64  7.11664e-16
6564.1   7.08238e-16
6565.57  7.03626e-16
6567.03  6.9829e-16
6568.49  6.92817e-16
6569.96  6.8783e-16
6571.42  6.83896e-16
6572.88  6.81428e-16
6574.35  6.80621e-16
6575.81  6.81408e-16
6577.27  6.83474e-16
6578.74  6.86297e-16
6580.2   6.89233e-16
6581.66  6.91611e-16
6583.13  6.92842e-16
6584.59  6.925e-16
6586.05  6.90389e-16
6587.52  6.86559e-16
6588.98  6.81293e-16
6590.44  6.75054e-16
6591.9   6.68409e-16
6593.37  6.61946e-16
6594.83  6.56188e-16
6596.29  6.51533e-16
6597.76  6.48214e-16
6599.22  6.46281e-16
6600.68  6.45625e-16
6602.15  6.46007e-16
6603.61  6.47108e-16
6605.07  6.48584e-16
6606.54  6.5011e-16
6608     6.51416e-16
6609.46  6.52313e-16
6610.93  6.52699e-16
6612.39  6.52551e-16
6613.85  6.51911e-16
6615.32  6.50867e-16
6616.78  6.49526e-16
6618.24  6.48e-16
6619.71  6.46385e-16
6621.17  6.4476e-16
6622.63  6.4318e-16
6624.1   6.41686e-16
6625.56  6.40312e-16
6627.02  6.39091e-16
6628.49  6.38063e-16
6629.95  6.37275e-16
6631.41  6.36777e-16
6632.88  6.36613e-16
6634.34  6.36804e-16
6635.8   6.37336e-16
6637.27  6.3815e-16
6638.73  6.39143e-16
6640.19  6.40167e-16
6641.65  6.41054e-16
6643.12  6.4164e-16
6644.58  6.41791e-16
6646.04  6.41435e-16
6647.51  6.4058e-16
6648.97  6.39326e-16
6650.43  6.37851e-16
6651.9   6.3639e-16
6653.36  6.352e-16
6654.82  6.34509e-16
6656.29  6.34481e-16
6657.75  6.35174e-16
6659.21  6.36529e-16
6660.68  6.38367e-16
6662.14  6.40413e-16
6663.6   6.42336e-16
6665.07  6.43797e-16
6666.53  6.44501e-16
6667.99  6.44238e-16
6669.46  6.42918e-16
6670.92  6.40583e-16
6672.38  6.37396e-16
6673.85  6.33621e-16
6675.31  6.29579e-16
6676.77  6.25605e-16
6678.24  6.21994e-16
6679.7   6.18961e-16
6681.16  6.1661e-16
6682.63  6.14917e-16
6684.09  6.13734e-16
6685.55  6.12819e-16
6687.02  6.11874e-16
6688.48  6.106e-16
6689.94  6.08756e-16
6691.41  6.06208e-16
6692.87  6.02966e-16
6694.33  5.99198e-16
6695.79  5.95207e-16
6697.26  5.91398e-16
6698.72  5.88206e-16
6700.18  5.86023e-16
6701.65  5.8512e-16
6703.11  5.85593e-16
6704.57  5.87327e-16
6706.04  5.90003e-16
6707.5   5.93136e-16
6708.96  5.9615e-16
6710.43  5.9847e-16
6711.89  5.99618e-16
6713.35  5.99299e-16
6714.82  5.97452e-16
6716.28  5.9427e-16
6717.74  5.90174e-16
6719.21  5.85742e-16
6720.67  5.81623e-16
6722.13  5.78426e-16
6723.6   5.76623e-16
6725.06  5.76472e-16
6726.52  5.77975e-16
6727.99  5.80887e-16
6729.45  5.84752e-16
6730.91  5.88988e-16
6732.38  5.92982e-16
6733.84  5.96187e-16
6735.3   5.98215e-16
6736.77  5.98883e-16
6738.23  5.98239e-16
6739.69  5.96536e-16
6741.16  5.94172e-16
6742.62  5.91607e-16
6744.08  5.89272e-16
6745.55  5.87483e-16
6747.01  5.86378e-16
6748.47  5.85894e-16
6749.93  5.85777e-16
6751.4   5.85633e-16
6752.86  5.85013e-16
6754.32  5.83501e-16
6755.79  5.80806e-16
6757.25  5.76831e-16
6758.71  5.71712e-16
6760.18  5.65807e-16
6761.64  5.59652e-16
6763.1   5.53876e-16
6764.57  5.49103e-16
6766.03  5.45847e-16
6767.49  5.44417e-16
6768.96  5.44868e-16
6770.42  5.46979e-16
6771.88  5.50282e-16
6773.35  5.54137e-16
6774.81  5.57828e-16
6776.27  5.60677e-16
6777.74  5.62148e-16
6779.2   5.61931e-16
6780.66  5.59986e-16
6782.13  5.56544e-16
6783.59  5.52062e-16
6785.05  5.4715e-16
6786.52  5.42463e-16
6787.98  5.386e-16
6789.44  5.36011e-16
6790.91  5.34932e-16
6792.37  5.35354e-16
6793.83  5.37036e-16
6795.3   5.39556e-16
6796.76  5.42383e-16
6798.22  5.44968e-16
6799.69  5.46831e-16
6801.15  5.47639e-16
6802.61  5.47249e-16
6804.07  5.45721e-16
6805.54  5.43302e-16
6807     5.40377e-16
6808.46  5.374e-16
6809.93  5.34822e-16
6811.39  5.33018e-16
6812.85  5.32234e-16
6814.32  5.32561e-16
6815.78  5.33925e-16
6817.24  5.36115e-16
6818.71  5.38823e-16
6820.17  5.41697e-16
6821.63  5.44389e-16
6823.1   5.46605e-16
6824.56  5.48131e-16
6826.02  5.48841e-16
6827.49  5.487e-16
6828.95  5.47744e-16
6830.41  5.46056e-16
6831.88  5.43754e-16
6833.34  5.40964e-16
6834.8   5.37823e-16
6836.27  5.3447e-16
6837.73  5.31056e-16
6839.19  5.27744e-16
6840.66  5.24714e-16
6842.12  5.22156e-16
6843.58  5.20256e-16
6845.05  5.19181e-16
6846.51  5.19053e-16
6847.97  5.19927e-16
6849.44  5.21774e-16
6850.9   5.24476e-16
6852.36  5.27827e-16
6853.83  5.31545e-16
6855.29  5.35305e-16
6856.75  5.38759e-16
6858.21  5.4158e-16
6859.68  5.43484e-16
6861.14  5.44267e-16
6862.6   5.43815e-16
6864.07  5.42123e-16
6865.53  5.39289e-16
6866.99  5.35512e-16
6868.46  5.31067e-16
6869.92  5.26289e-16
6871.38  5.21532e-16
6872.85  5.1714e-16
6874.31  5.13414e-16
6875.77  5.10578e-16
6877.24  5.08764e-16
6878.7   5.08e-16
6880.16  5.08215e-16
6881.63  5.09254e-16
6883.09  5.10905e-16
6884.55  5.12932e-16
6886.02  5.15098e-16
6887.48  5.17194e-16
6888.94  5.19054e-16
6890.41  5.2056e-16
6891.87  5.21643e-16
6893.33  5.22269e-16
6894.8   5.22437e-16
6896.26  5.22166e-16
6897.72  5.21494e-16
6899.19  5.20473e-16
6900.65  5.19178e-16
6902.11  5.17707e-16
6903.58  5.16177e-16
6905.04  5.14727e-16
6906.5   5.13502e-16
6907.97  5.12636e-16
6909.43  5.12239e-16
6910.89  5.12378e-16
6912.35  5.13065e-16
6913.82  5.14252e-16
6915.28  5.15842e-16
6916.74  5.17694e-16
6918.21  5.1965e-16
6919.67  5.2155e-16
6921.13  5.23259e-16
6922.6   5.24678e-16
6924.06  5.25756e-16
6925.52  5.26491e-16
6926.99  5.26924e-16
6928.45  5.27127e-16
6929.91  5.27189e-16
6931.38  5.27192e-16
6932.84  5.27198e-16
6934.3   5.27236e-16
6935.77  5.27288e-16
6937.23  5.27289e-16
6938.69  5.27137e-16
6940.16  5.26701e-16
6941.62  5.25848e-16
6943.08  5.24461e-16
6944.55  5.2247e-16
6946.01  5.19865e-16
6947.47  5.16718e-16
6948.94  5.13177e-16
6950.4   5.09456e-16
6951.86  5.05816e-16
6953.33  5.02525e-16
6954.79  4.99823e-16
6956.25  4.97883e-16
6957.72  4.96783e-16
6959.18  4.96486e-16
6960.64  4.96846e-16
6962.1   4.97626e-16
6963.57  4.98536e-16
6965.03  4.99281e-16
6966.49  4.99612e-16
6967.96  4.99371e-16
6969.42  4.98521e-16
6970.88  4.97155e-16
6972.35  4.95483e-16
6973.81  4.93799e-16
6975.27  4.92432e-16
6976.74  4.91687e-16
6978.2   4.91794e-16
6979.66  4.92862e-16
6981.13  4.9486e-16
6982.59  4.97612e-16
6984.05  5.00824e-16
6985.52  5.04119e-16
6986.98  5.07096e-16
6988.44  5.09387e-16
6989.91  5.10707e-16
6991.37  5.10899e-16
6992.83  5.09951e-16
6994.3   5.07994e-16
6995.76  5.05283e-16
6997.22  5.02155e-16
6998.69  4.98978e-16
7000.15  4.96101e-16
7001.61  4.93803e-16
7003.08  4.92262e-16
7004.54  4.91532e-16
7006     4.91548e-16
7007.47  4.92142e-16
7008.93  4.93076e-16
7010.39  4.94084e-16
7011.86  4.9491e-16
7013.32  4.95349e-16
7014.78  4.95274e-16
7016.24  4.94651e-16
7017.71  4.93543e-16
7019.17  4.92095e-16
7020.63  4.90519e-16
7022.1   4.89059e-16
7023.56  4.87962e-16
7025.02  4.87445e-16
7026.49  4.87663e-16
7027.95  4.88689e-16
7029.41  4.90496e-16
7030.88  4.92953e-16
7032.34  4.95827e-16
7033.8   4.98806e-16
7035.27  5.01523e-16
7036.73  5.03602e-16
7038.19  5.04699e-16
7039.66  5.04557e-16
7041.12  5.03052e-16
7042.58  5.00229e-16
7044.05  4.96321e-16
7045.51  4.91742e-16
7046.97  4.87058e-16
7048.44  4.82921e-16
7049.9   4.79992e-16
7051.36  4.78846e-16
7052.83  4.79882e-16
7054.29  4.83246e-16
7055.75  4.88791e-16
7057.22  4.9607e-16
7058.68  5.0438e-16
7060.14  5.12842e-16
7061.61  5.20509e-16
7063.07  5.26496e-16
7064.53  5.30093e-16
7066     5.30861e-16
7067.46  5.28694e-16
7068.92  5.23819e-16
7070.38  5.16769e-16
7071.85  5.08303e-16
7073.31  4.99301e-16
7074.77  4.90656e-16
7076.24  4.83165e-16
7077.7   4.77446e-16
7079.16  4.73884e-16
7080.63  4.72613e-16
7082.09  4.7353e-16
7083.55  4.76335e-16
7085.02  4.80583e-16
7086.48  4.85751e-16
7087.94  4.91293e-16
7089.41  4.96689e-16
7090.87  5.01486e-16
7092.33  5.05323e-16
7093.8   5.07952e-16
7095.26  5.09245e-16
7096.72  5.092e-16
7098.19  5.07932e-16
7099.65  5.05671e-16
7101.11  5.02732e-16
7102.58  4.99489e-16
7104.04  4.9633e-16
7105.5   4.93616e-16
7106.97  4.91629e-16
7108.43  4.90535e-16
7109.89  4.90359e-16
7111.36  4.90979e-16
7112.82  4.92139e-16
7114.28  4.93492e-16
7115.75  4.94653e-16
7117.21  4.95259e-16
7118.67  4.95036e-16
7120.14  4.93838e-16
7121.6   4.91681e-16
7123.06  4.88739e-16
7124.52  4.85316e-16
7125.99  4.81802e-16
7127.45  4.78604e-16
7128.91  4.76086e-16
7130.38  4.74514e-16
7131.84  4.74014e-16
7133.3   4.74569e-16
7134.77  4.76024e-16
7136.23  4.7813e-16
7137.69  4.80587e-16
7139.16  4.831e-16
7140.62  4.85422e-16
7142.08  4.87383e-16
7143.55  4.88897e-16
7145.01  4.89955e-16
7146.47  4.90591e-16
7147.94  4.9085e-16
7149.4   4.90757e-16
7150.86  4.9029e-16
7152.33  4.89377e-16
7153.79  4.87913e-16
7155.25  4.85785e-16
7156.72  4.82918e-16
7158.18  4.79315e-16
7159.64  4.75087e-16
7161.11  4.70466e-16
7162.57  4.65795e-16
7164.03  4.61489e-16
7165.5   4.57979e-16
7166.96  4.55646e-16
7168.42  4.54757e-16
7169.89  4.55415e-16
7171.35  4.57536e-16
7172.81  4.60857e-16
7174.28  4.64965e-16
7175.74  4.69365e-16
7177.2   4.73549e-16
7178.66  4.77066e-16
7180.13  4.79589e-16
7181.59  4.8095e-16
7183.05  4.81149e-16
7184.52  4.80342e-16
7185.98  4.78799e-16
7187.44  4.76844e-16
7188.91  4.74799e-16
7190.37  4.72926e-16
7191.83  4.71387e-16
7193.3   4.70224e-16
7194.76  4.69368e-16
7196.22  4.68664e-16
7197.69  4.67915e-16
7199.15  4.66937e-16
7200.61  4.65598e-16
7202.08  4.63863e-16
7203.54  4.61802e-16
7205     4.59585e-16
7206.47  4.57453e-16
7207.93  4.55672e-16
7209.39  4.54481e-16
7210.86  4.54048e-16
7212.32  4.54436e-16
7213.78  4.55591e-16
7215.25  4.57353e-16
7216.71  4.59484e-16
7218.17  4.61712e-16
7219.64  4.6378e-16
7221.1   4.65479e-16
7222.56  4.66682e-16
7224.03  4.67344e-16
7225.49  4.675e-16
7226.95  4.67234e-16
7228.41  4.66657e-16
7229.88  4.65875e-16
7231.34  4.6497e-16
7232.8   4.63998e-16
7234.27  4.6299e-16
7235.73  4.6197e-16
7237.19  4.60971e-16
7238.66  4.60041e-16
7240.12  4.59251e-16
7241.58  4.58675e-16
7243.05  4.58372e-16
7244.51  4.58353e-16
7245.97  4.58558e-16
7247.44  4.58844e-16
7248.9   4.58987e-16
7250.36  4.58717e-16
7251.83  4.57762e-16
7253.29  4.55909e-16
7254.75  4.53065e-16
7256.22  4.49299e-16
7257.68  4.44861e-16
7259.14  4.40166e-16
7260.61  4.3574e-16
7262.07  4.32146e-16
7263.53  4.29886e-16
7265     4.29312e-16
7266.46  4.30556e-16
7267.92  4.33491e-16
7269.39  4.37743e-16
7270.85  4.42739e-16
7272.31  4.47796e-16
7273.78  4.52223e-16
7275.24  4.55434e-16
7276.7   4.57037e-16
7278.17  4.56891e-16
7279.63  4.55119e-16
7281.09  4.52082e-16
7282.55  4.48309e-16
7284.02  4.44403e-16
7285.48  4.40945e-16
7286.94  4.38398e-16
7288.41  4.37042e-16
7289.87  4.36941e-16
7291.33  4.37949e-16
7292.8   4.39748e-16
7294.26  4.41914e-16
7295.72  4.43994e-16
7297.19  4.45578e-16
7298.65  4.46366e-16
7300.11  4.46201e-16
7301.58  4.45087e-16
7303.04  4.43167e-16
7304.5   4.40694e-16
7305.97  4.37978e-16
7307.43  4.35331e-16
7308.89  4.33024e-16
7310.36  4.31244e-16
7311.82  4.30078e-16
7313.28  4.29512e-16
7314.75  4.29443e-16
7316.21  4.29708e-16
7317.67  4.30118e-16
7319.14  4.30494e-16
7320.6   4.30694e-16
7322.06  4.30634e-16
7323.53  4.3029e-16
7324.99  4.29698e-16
7326.45  4.28934e-16
7327.92  4.28095e-16
7329.38  4.2728e-16
7330.84  4.26566e-16
7332.31  4.26005e-16
7333.77  4.25613e-16
7335.23  4.25379e-16
7336.69  4.25272e-16
7338.16  4.25253e-16
7339.62  4.25282e-16
7341.08  4.2533e-16
7342.55  4.25375e-16
7344.01  4.25409e-16
7345.47  4.25431e-16
7346.94  4.25442e-16
7348.4   4.25448e-16
7349.86  4.25449e-16
7351.33  4.2545e-16
7352.79  4.2545e-16
7354.25  4.2545e-16
7355.72  4.2545e-16