#41.07142857143001
3322  2.76606e-16
3323  2.76484e-16
3324  2.76416e-16
3325  2.76406e-16
3326  2.76454e-16
3327  2.76563e-16
3328  2.76732e-16
3329  2.76964e-16
3330  2.77261e-16
3331  2.77622e-16
3332  2.78049e-16
3333  2.78544e-16
3334  2.79106e-16
3335  2.79737e-16
3336  2.80438e-16
3337  2.81208e-16
3338  2.82049e-16
3339  2.82961e-16
3340  2.83943e-16
3341  2.84997e-16
3342  2.86122e-16
3343  2.87318e-16
3344  2.88585e-16
3345  2.89923e-16
3346  2.91331e-16
3347  2.92809e-16
3348  2.94356e-16
3349  2.95971e-16
3350  2.97653e-16
3351  2.99403e-16
3352  3.01217e-16
3353  3.03096e-16
3354  3.05037e-16
3355  3.0704e-16
3356  3.09103e-16
3357  3.11224e-16
3358  3.13402e-16
3359  3.15635e-16
3360  3.17921e-16
3361  3.20258e-16
3362  3.22643e-16
3363  3.25075e-16
3364  3.27552e-16
3365  3.30071e-16
3366  3.32629e-16
3367  3.35224e-16
3368  3.37854e-16
3369  3.40517e-16
3370  3.43208e-16
3371  3.45926e-16
3372  3.48668e-16
3373  3.51431e-16
3374  3.54213e-16
3375  3.5701e-16
3376  3.59819e-16
3377  3.62638e-16
3378  3.65463e-16
3379  3.68292e-16
3380  3.71121e-16
3381  3.73949e-16
3382  3.76771e-16
3383  3.79585e-16
3384  3.82387e-16
3385  3.85176e-16
3386  3.87948e-16
3387  3.907e-16
3388  3.93429e-16
3389  3.96133e-16
3390  3.98809e-16
3391  4.01454e-16
3392  4.04066e-16
3393  4.06642e-16
3394  4.09179e-16
3395  4.11676e-16
3396  4.1413e-16
3397  4.16538e-16
3398  4.18899e-16
3399  4.21211e-16
3400  4.23471e-16
3401  4.25678e-16
3402  4.2783e-16
3403  4.29925e-16
3404  4.31962e-16
3405  4.33939e-16
3406  4.35856e-16
3407  4.37711e-16
3408  4.39503e-16
3409  4.41231e-16
3410  4.42894e-16
3411  4.44493e-16
3412  4.46025e-16
3413  4.47491e-16
3414  4.48891e-16
3415  4.50225e-16
3416  4.51493e-16
3417  4.52694e-16
3418  4.53829e-16
3419  4.549e-16
3420  4.55905e-16
3421  4.56847e-16
3422  4.57726e-16
3423  4.58543e-16
3424  4.593e-16
3425  4.59997e-16
3426  4.60636e-16
3427  4.61219e-16
3428  4.61748e-16
3429  4.62223e-16
3430  4.62648e-16
3431  4.63025e-16
3432  4.63355e-16
3433  4.63641e-16
3434  4.63886e-16
3435  4.64092e-16
3436  4.64261e-16
3437  4.64396e-16
3438  4.64501e-16
3439  4.64579e-16
3440  4.64631e-16
3441  4.64662e-16
3442  4.64674e-16
3443  4.64671e-16
3444  4.64656e-16
3445  4.64633e-16
3446  4.64604e-16
3447  4.64574e-16
3448  4.64545e-16
3449  4.64522e-16
3450  4.64507e-16
3451  4.64505e-16
3452  4.64518e-16
3453  4.64552e-16
3454  4.64608e-16
3455  4.6469e-16
3456  4.64803e-16
3457  4.64949e-16
3458  4.65133e-16
3459  4.65356e-16
3460  4.65624e-16
3461  4.65939e-16
3462  4.66303e-16
3463  4.66722e-16
3464  4.67197e-16
3465  4.67732e-16
3466  4.68329e-16
3467  4.68992e-16
3468  4.69722e-16
3469  4.70524e-16
3470  4.71399e-16
3471  4.72349e-16
3472  4.73377e-16
3473  4.74485e-16
3474  4.75675e-16
3475  4.76949e-16
3476  4.78308e-16
3477  4.79754e-16
3478  4.81288e-16
3479  4.82912e-16
3480  4.84627e-16
3481  4.86432e-16
3482  4.8833e-16
3483  4.90321e-16
3484  4.92405e-16
3485  4.94581e-16
3486  4.96851e-16
3487  4.99214e-16
3488  5.01669e-16
3489  5.04216e-16
3490  5.06854e-16
3491  5.09582e-16
3492  5.12399e-16
3493  5.15304e-16
3494  5.18295e-16
3495  5.2137e-16
3496  5.24528e-16
3497  5.27765e-16
3498  5.31082e-16
3499  5.34473e-16
3500  5.37938e-16
3501  5.41473e-16
3502  5.45075e-16
3503  5.48741e-16
3504  5.52468e-16
3505  5.56253e-16
3506  5.60092e-16
3507  5.6398e-16
3508  5.67915e-16
3509  5.71892e-16
3510  5.75908e-16
3511  5.79957e-16
3512  5.84036e-16
3513  5.88141e-16
3514  5.92266e-16
3515  5.96407e-16
3516  6.0056e-16
3517  6.0472e-16
3518  6.08881e-16
3519  6.1304e-16
3520  6.17191e-16
3521  6.2133e-16
3522  6.25451e-16
3523  6.2955e-16
3524  6.33621e-16
3525  6.3766e-16
3526  6.41662e-16
3527  6.45623e-16
3528  6.49536e-16
3529  6.53399e-16
3530  6.57205e-16
3531  6.60951e-16
3532  6.64632e-16
3533  6.68243e-16
3534  6.71781e-16
3535  6.75241e-16
3536  6.7862e-16
3537  6.81912e-16
3538  6.85115e-16
3539  6.88226e-16
3540  6.9124e-16
3541  6.94154e-16
3542  6.96967e-16
3543  6.99674e-16
3544  7.02273e-16
3545  7.04762e-16
3546  7.07138e-16
3547  7.09401e-16
3548  7.11547e-16
3549  7.13576e-16
3550  7.15487e-16
3551  7.17278e-16
3552  7.18949e-16
3553  7.205e-16
3554  7.2193e-16
3555  7.2324e-16
3556  7.2443e-16
3557  7.25501e-16
3558  7.26453e-16
3559  7.27289e-16
3560  7.28009e-16
3561  7.28616e-16
3562  7.29112e-16
3563  7.29499e-16
3564  7.2978e-16
3565  7.29958e-16
3566  7.30036e-16
3567  7.30018e-16
3568  7.29908e-16
3569  7.29709e-16
3570  7.29427e-16
3571  7.29065e-16
3572  7.28629e-16
3573  7.28123e-16
3574  7.27554e-16
3575  7.26926e-16
3576  7.26246e-16
3577  7.25519e-16
3578  7.24751e-16
3579  7.23949e-16
3580  7.2312e-16
3581  7.2227e-16
3582  7.21405e-16
3583  7.20534e-16
3584  7.19662e-16
3585  7.18797e-16
3586  7.17947e-16
3587  7.17118e-16
3588  7.16318e-16
3589  7.15555e-16
3590  7.14835e-16
3591  7.14167e-16
3592  7.13558e-16
3593  7.13015e-16
3594  7.12546e-16
3595  7.12158e-16
3596  7.11859e-16
3597  7.11655e-16
3598  7.11553e-16
3599  7.11562e-16
3600  7.11686e-16
3601  7.11934e-16
3602  7.12312e-16
3603  7.12825e-16
3604  7.1348e-16
3605  7.14283e-16
3606  7.1524e-16
3607  7.16355e-16
3608  7.17634e-16
3609  7.19082e-16
3610  7.20703e-16
3611  7.22502e-16
3612  7.24482e-16
3613  7.26647e-16
3614  7.29e-16
3615  7.31544e-16
3616  7.34281e-16
3617  7.37214e-16
3618  7.40343e-16
3619  7.43671e-16
3620  7.47198e-16
3621  7.50924e-16
3622  7.5485e-16
3623  7.58975e-16
3624  7.63299e-16
3625  7.67819e-16
3626  7.72535e-16
3627  7.77443e-16
3628  7.82542e-16
3629  7.87828e-16
3630  7.93298e-16
3631  7.98947e-16
3632  8.04772e-16
3633  8.10767e-16
3634  8.16927e-16
3635  8.23247e-16
3636  8.2972e-16
3637  8.3634e-16
3638  8.43099e-16
3639  8.4999e-16
3640  8.57007e-16
3641  8.64139e-16
3642  8.71379e-16
3643  8.78719e-16
3644  8.86148e-16
3645  8.93658e-16
3646  9.01238e-16
3647  9.08878e-16
3648  9.16568e-16
3649  9.24297e-16
3650  9.32055e-16
3651  9.39829e-16
3652  9.4761e-16
3653  9.55385e-16
3654  9.63142e-16
3655  9.7087e-16
3656  9.78556e-16
3657  9.86189e-16
3658  9.93757e-16
3659  1.00125e-15
3660  1.00865e-15
3661  1.01594e-15
3662  1.02313e-15
3663  1.03018e-15
3664  1.0371e-15
3665  1.04386e-15
3666  1.05047e-15
3667  1.05689e-15
3668  1.06313e-15
3669  1.06917e-15
3670  1.075e-15
3671  1.08062e-15
3672  1.08599e-15
3673  1.09113e-15
3674  1.09601e-15
3675  1.10063e-15
3676  1.10497e-15
3677  1.10904e-15
3678  1.11281e-15
3679  1.11627e-15
3680  1.11943e-15
3681  1.12228e-15
3682  1.12479e-15
3683  1.12698e-15
3684  1.12883e-15
3685  1.13033e-15
3686  1.13148e-15
3687  1.13227e-15
3688  1.13271e-15
3689  1.13277e-15
3690  1.13247e-15
3691  1.1318e-15
3692  1.13075e-15
3693  1.12932e-15
3694  1.12752e-15
3695  1.12533e-15
3696  1.12276e-15
3697  1.11981e-15
3698  1.11648e-15
3699  1.11278e-15
3700  1.10869e-15
3701  1.10423e-15
3702  1.09939e-15
3703  1.09419e-15
3704  1.08862e-15
3705  1.08268e-15
3706  1.07639e-15
3707  1.06975e-15
3708  1.06276e-15
3709  1.05543e-15
3710  1.04777e-15
3711  1.03979e-15
3712  1.03148e-15
3713  1.02287e-15
3714  1.01396e-15
3715  1.00475e-15
3716  9.95259e-16
3717  9.85496e-16
3718  9.75471e-16
3719  9.65194e-16
3720  9.54676e-16
3721  9.43928e-16
3722  9.32961e-16
3723  9.21788e-16
3724  9.1042e-16
3725  8.98869e-16
3726  8.87149e-16
3727  8.75272e-16
3728  8.63252e-16
3729  8.511e-16
3730  8.3883e-16
3731  8.26457e-16
3732  8.13992e-16
3733  8.01451e-16
3734  7.88845e-16
3735  7.7619e-16
3736  7.63499e-16
3737  7.50786e-16
3738  7.38064e-16
3739  7.25347e-16
3740  7.12649e-16
3741  6.99983e-16
3742  6.87362e-16
3743  6.74801e-16
3744  6.62312e-16
3745  6.49909e-16
3746  6.37603e-16
3747  6.25409e-16
3748  6.13339e-16
3749  6.01405e-16
3750  5.89619e-16
3751  5.77994e-16
3752  5.6654e-16
3753  5.55269e-16
3754  5.44193e-16
3755  5.33322e-16
3756  5.22667e-16
3757  5.12237e-16
3758  5.02044e-16
3759  4.92096e-16
3760  4.82402e-16
3761  4.72972e-16
3762  4.63815e-16
3763  4.54938e-16
3764  4.46349e-16
3765  4.38055e-16
3766  4.30064e-16
3767  4.22383e-16
3768  4.15018e-16
3769  4.07974e-16
3770  4.01257e-16
3771  3.94873e-16
3772  3.88827e-16
3773  3.83121e-16
3774  3.77762e-16
3775  3.72752e-16
3776  3.68094e-16
3777  3.63792e-16
3778  3.59848e-16
3779  3.56264e-16
3780  3.53041e-16
3781  3.50182e-16
3782  3.47687e-16
3783  3.45557e-16
3784  3.43792e-16
3785  3.42393e-16
3786  3.41359e-16
3787  3.40688e-16
3788  3.40381e-16
3789  3.40436e-16
3790  3.40852e-16
3791  3.41625e-16
3792  3.42755e-16
3793  3.44239e-16
3794  3.46074e-16
3795  3.48258e-16
3796  3.50786e-16
3797  3.53655e-16
3798  3.56862e-16
3799  3.60403e-16
3800  3.64274e-16
3801  3.6847e-16
3802  3.72987e-16
3803  3.7782e-16
3804  3.82965e-16
3805  3.88415e-16
3806  3.94167e-16
3807  4.00215e-16
3808  4.06553e-16
3809  4.13176e-16
3810  4.20079e-16
3811  4.27255e-16
3812  4.34698e-16
3813  4.42404e-16
3814  4.50365e-16
3815  4.58576e-16
3816  4.67031e-16
3817  4.75724e-16
3818  4.84648e-16
3819  4.93798e-16
3820  5.03167e-16
3821  5.12749e-16
3822  5.22539e-16
3823  5.32529e-16
3824  5.42714e-16
3825  5.53088e-16
3826  5.63645e-16
3827  5.74378e-16
3828  5.85282e-16
3829  5.96351e-16
3830  6.0758e-16
3831  6.18961e-16
3832  6.30491e-16
3833  6.42162e-16
3834  6.5397e-16
3835  6.6591e-16
3836  6.77975e-16
3837  6.90161e-16
3838  7.02463e-16
3839  7.14876e-16
3840  7.27394e-16
3841  7.40014e-16
3842  7.52729e-16
3843  7.65537e-16
3844  7.78432e-16
3845  7.9141e-16
3846  8.04468e-16
3847  8.176e-16
3848  8.30803e-16
3849  8.44074e-16
3850  8.57408e-16
3851  8.70802e-16
3852  8.84253e-16
3853  8.97757e-16
3854  9.11312e-16
3855  9.24913e-16
3856  9.38559e-16
3857  9.52247e-16
3858  9.65973e-16
3859  9.79735e-16
3860  9.93532e-16
3861  1.00736e-15
3862  1.02122e-15
3863  1.0351e-15
3864  1.04901e-15
3865  1.06294e-15
3866  1.07689e-15
3867  1.09087e-15
3868  1.10485e-15
3869  1.11886e-15
3870  1.13288e-15
3871  1.14691e-15
3872  1.16096e-15
3873  1.17501e-15
3874  1.18908e-15
3875  1.20315e-15
3876  1.21722e-15
3877  1.2313e-15
3878  1.24539e-15
3879  1.25948e-15
3880  1.27356e-15
3881  1.28765e-15
3882  1.30174e-15
3883  1.31582e-15
3884  1.3299e-15
3885  1.34398e-15
3886  1.35805e-15
3887  1.37211e-15
3888  1.38616e-15
3889  1.4002e-15
3890  1.41423e-15
3891  1.42825e-15
3892  1.44225e-15
3893  1.45623e-15
3894  1.47019e-15
3895  1.48414e-15
3896  1.49806e-15
3897  1.51195e-15
3898  1.52582e-15
3899  1.53966e-15
3900  1.55347e-15
3901  1.56724e-15
3902  1.58097e-15
3903  1.59467e-15
3904  1.60832e-15
3905  1.62192e-15
3906  1.63548e-15
3907  1.64898e-15
3908  1.66243e-15
3909  1.67581e-15
3910  1.68914e-15
3911  1.70239e-15
3912  1.71557e-15
3913  1.72868e-15
3914  1.74171e-15
3915  1.75465e-15
3916  1.7675e-15
3917  1.78025e-15
3918  1.79291e-15
3919  1.80546e-15
3920  1.8179e-15
3921  1.83023e-15
3922  1.84243e-15
3923  1.85451e-15
3924  1.86645e-15
3925  1.87826e-15
3926  1.88992e-15
3927  1.90143e-15
3928  1.91278e-15
3929  1.92397e-15
3930  1.93499e-15
3931  1.94584e-15
3932  1.9565e-15
3933  1.96697e-15
3934  1.97724e-15
3935  1.98732e-15
3936  1.99718e-15
3937  2.00682e-15
3938  2.01625e-15
3939  2.02544e-15
3940  2.0344e-15
3941  2.04311e-15
3942  2.05158e-15
3943  2.05978e-15
3944  2.06773e-15
3945  2.0754e-15
3946  2.0828e-15
3947  2.08992e-15
3948  2.09675e-15
3949  2.10328e-15
3950  2.10952e-15
3951  2.11545e-15
3952  2.12107e-15
3953  2.12637e-15
3954  2.13134e-15
3955  2.136e-15
3956  2.14032e-15
3957  2.1443e-15
3958  2.14794e-15
3959  2.15124e-15
3960  2.15419e-15
3961  2.15679e-15
3962  2.15903e-15
3963  2.16091e-15
3964  2.16244e-15
3965  2.1636e-15
3966  2.16439e-15
3967  2.16482e-15
3968  2.16488e-15
3969  2.16457e-15
3970  2.16389e-15
3971  2.16284e-15
3972  2.16142e-15
3973  2.15963e-15
3974  2.15748e-15
3975  2.15495e-15
3976  2.15206e-15
3977  2.14881e-15
3978  2.14519e-15
3979  2.14122e-15
3980  2.13689e-15
3981  2.13221e-15
3982  2.12718e-15
3983  2.1218e-15
3984  2.11609e-15
3985  2.11005e-15
3986  2.10367e-15
3987  2.09697e-15
3988  2.08996e-15
3989  2.08264e-15
3990  2.07501e-15
3991  2.06708e-15
3992  2.05887e-15
3993  2.05038e-15
3994  2.04161e-15
3995  2.03258e-15
3996  2.0233e-15
3997  2.01377e-15
3998  2.004e-15
3999  1.994e-15
4000  1.98378e-15
4001  1.97336e-15
4002  1.96274e-15
4003  1.95193e-15
4004  1.94094e-15
4005  1.92979e-15
4006  1.91848e-15
4007  1.90703e-15
4008  1.89544e-15
4009  1.88373e-15
4010  1.87191e-15
4011  1.85999e-15
4012  1.84798e-15
4013  1.83589e-15
4014  1.82373e-15
4015  1.81152e-15
4016  1.79927e-15
4017  1.78698e-15
4018  1.77467e-15
4019  1.76235e-15
4020  1.75002e-15
4021  1.73771e-15
4022  1.72542e-15
4023  1.71317e-15
4024  1.70095e-15
4025  1.68879e-15
4026  1.67668e-15
4027  1.66465e-15
4028  1.6527e-15
4029  1.64084e-15
4030  1.62908e-15
4031  1.61743e-15
4032  1.60589e-15
4033  1.59448e-15
4034  1.5832e-15
4035  1.57205e-15
4036  1.56106e-15
4037  1.55021e-15
4038  1.53953e-15
4039  1.529e-15
4040  1.51866e-15
4041  1.50848e-15
4042  1.49849e-15
4043  1.48868e-15
4044  1.47906e-15
4045  1.46964e-15
4046  1.46041e-15
4047  1.45139e-15
4048  1.44256e-15
4049  1.43394e-15
4050  1.42553e-15
4051  1.41733e-15
4052  1.40933e-15
4053  1.40155e-15
4054  1.39397e-15
4055  1.38661e-15
4056  1.37946e-15
4057  1.37252e-15
4058  1.36578e-15
4059  1.35926e-15
4060  1.35294e-15
4061  1.34682e-15
4062  1.34091e-15
4063  1.3352e-15
4064  1.32968e-15
4065  1.32436e-15
4066  1.31923e-15
4067  1.31429e-15
4068  1.30953e-15
4069  1.30496e-15
4070  1.30056e-15
4071  1.29633e-15
4072  1.29226e-15
4073  1.28836e-15
4074  1.28462e-15
4075  1.28104e-15
4076  1.2776e-15
4077  1.2743e-15
4078  1.27115e-15
4079  1.26813e-15
4080  1.26523e-15
4081  1.26246e-15
4082  1.25981e-15
4083  1.25727e-15
4084  1.25484e-15
4085  1.25252e-15
4086  1.25029e-15
4087  1.24815e-15
4088  1.2461e-15
4089  1.24414e-15
4090  1.24225e-15
4091  1.24044e-15
4092  1.2387e-15
4093  1.23702e-15
4094  1.2354e-15
4095  1.23384e-15
4096  1.23234e-15
4097  1.23088e-15
4098  1.22946e-15
4099  1.22809e-15
4100  1.22676e-15
4101  1.22546e-15
4102  1.2242e-15
4103  1.22297e-15
4104  1.22176e-15
4105  1.22058e-15
4106  1.21942e-15
4107  1.21829e-15
4108  1.21718e-15
4109  1.21608e-15
4110  1.215e-15
4111  1.21394e-15
4112  1.2129e-15
4113  1.21187e-15
4114  1.21085e-15
4115  1.20985e-15
4116  1.20887e-15
4117  1.2079e-15
4118  1.20695e-15
4119  1.20601e-15
4120  1.20509e-15
4121  1.20419e-15
4122  1.20331e-15
4123  1.20245e-15
4124  1.20161e-15
4125  1.20079e-15
4126  1.2e-15
4127  1.19924e-15
4128  1.19851e-15
4129  1.1978e-15
4130  1.19713e-15
4131  1.1965e-15
4132  1.1959e-15
4133  1.19534e-15
4134  1.19482e-15
4135  1.19435e-15
4136  1.19392e-15
4137  1.19355e-15
4138  1.19322e-15
4139  1.19295e-15
4140  1.19273e-15
4141  1.19257e-15
4142  1.19247e-15
4143  1.19244e-15
4144  1.19246e-15
4145  1.19256e-15
4146  1.19272e-15
4147  1.19296e-15
4148  1.19326e-15
4149  1.19364e-15
4150  1.1941e-15
4151  1.19463e-15
4152  1.19524e-15
4153  1.19593e-15
4154  1.1967e-15
4155  1.19755e-15
4156  1.19848e-15
4157  1.19949e-15
4158  1.20058e-15
4159  1.20176e-15
4160  1.20302e-15
4161  1.20437e-15
4162  1.20579e-15
4163  1.2073e-15
4164  1.20888e-15
4165  1.21055e-15
4166  1.2123e-15
4167  1.21412e-15
4168  1.21602e-15
4169  1.21799e-15
4170  1.22004e-15
4171  1.22215e-15
4172  1.22434e-15
4173  1.22659e-15
4174  1.22891e-15
4175  1.23128e-15
4176  1.23372e-15
4177  1.23621e-15
4178  1.23876e-15
4179  1.24135e-15
4180  1.24399e-15
4181  1.24668e-15
4182  1.2494e-15
4183  1.25216e-15
4184  1.25496e-15
4185  1.25778e-15
4186  1.26063e-15
4187  1.2635e-15
4188  1.26639e-15
4189  1.26929e-15
4190  1.27221e-15
4191  1.27513e-15
4192  1.27805e-15
4193  1.28097e-15
4194  1.28389e-15
4195  1.2868e-15
4196  1.2897e-15
4197  1.29258e-15
4198  1.29544e-15
4199  1.29828e-15
4200  1.30109e-15
4201  1.30388e-15
4202  1.30663e-15
4203  1.30934e-15
4204  1.31202e-15
4205  1.31465e-15
4206  1.31724e-15
4207  1.31979e-15
4208  1.32228e-15
4209  1.32473e-15
4210  1.32712e-15
4211  1.32945e-15
4212  1.33173e-15
4213  1.33395e-15
4214  1.33612e-15
4215  1.33822e-15
4216  1.34026e-15
4217  1.34223e-15
4218  1.34415e-15
4219  1.346e-15
4220  1.34779e-15
4221  1.34952e-15
4222  1.35118e-15
4223  1.35278e-15
4224  1.35432e-15
4225  1.3558e-15
4226  1.35723e-15
4227  1.35859e-15
4228  1.3599e-15
4229  1.36116e-15
4230  1.36236e-15
4231  1.36351e-15
4232  1.36462e-15
4233  1.36568e-15
4234  1.3667e-15
4235  1.36768e-15
4236  1.36862e-15
4237  1.36953e-15
4238  1.3704e-15
4239  1.37125e-15
4240  1.37208e-15
4241  1.37288e-15
4242  1.37367e-15
4243  1.37445e-15
4244  1.37522e-15
4245  1.37598e-15
4246  1.37673e-15
4247  1.37749e-15
4248  1.37826e-15
4249  1.37904e-15
4250  1.37982e-15
4251  1.38063e-15
4252  1.38146e-15
4253  1.38231e-15
4254  1.38318e-15
4255  1.38409e-15
4256  1.38504e-15
4257  1.38602e-15
4258  1.38705e-15
4259  1.38812e-15
4260  1.38923e-15
4261  1.3904e-15
4262  1.39162e-15
4263  1.39289e-15
4264  1.39422e-15
4265  1.39561e-15
4266  1.39706e-15
4267  1.39857e-15
4268  1.40015e-15
4269  1.40179e-15
4270  1.4035e-15
4271  1.40528e-15
4272  1.40712e-15
4273  1.40903e-15
4274  1.411e-15
4275  1.41304e-15
4276  1.41515e-15
4277  1.41732e-15
4278  1.41956e-15
4279  1.42185e-15
4280  1.42421e-15
4281  1.42662e-15
4282  1.42909e-15
4283  1.43161e-15
4284  1.43418e-15
4285  1.43679e-15
4286  1.43945e-15
4287  1.44215e-15
4288  1.44488e-15
4289  1.44764e-15
4290  1.45042e-15
4291  1.45323e-15
4292  1.45605e-15
4293  1.45888e-15
4294  1.46171e-15
4295  1.46454e-15
4296  1.46736e-15
4297  1.47017e-15
4298  1.47296e-15
4299  1.47571e-15
4300  1.47844e-15
4301  1.48112e-15
4302  1.48375e-15
4303  1.48633e-15
4304  1.48885e-15
4305  1.49129e-15
4306  1.49366e-15
4307  1.49594e-15
4308  1.49812e-15
4309  1.50021e-15
4310  1.50218e-15
4311  1.50404e-15
4312  1.50578e-15
4313  1.50738e-15
4314  1.50885e-15
4315  1.51016e-15
4316  1.51133e-15
4317  1.51233e-15
4318  1.51316e-15
4319  1.51382e-15
4320  1.5143e-15
4321  1.51458e-15
4322  1.51468e-15
4323  1.51457e-15
4324  1.51425e-15
4325  1.51372e-15
4326  1.51297e-15
4327  1.51199e-15
4328  1.51079e-15
4329  1.50935e-15
4330  1.50767e-15
4331  1.50575e-15
4332  1.50358e-15
4333  1.50117e-15
4334  1.4985e-15
4335  1.49557e-15
4336  1.49239e-15
4337  1.48895e-15
4338  1.48524e-15
4339  1.48128e-15
4340  1.47705e-15
4341  1.47255e-15
4342  1.46779e-15
4343  1.46277e-15
4344  1.45749e-15
4345  1.45194e-15
4346  1.44614e-15
4347  1.44008e-15
4348  1.43376e-15
4349  1.42719e-15
4350  1.42038e-15
4351  1.41331e-15
4352  1.40601e-15
4353  1.39847e-15
4354  1.39071e-15
4355  1.38271e-15
4356  1.3745e-15
4357  1.36607e-15
4358  1.35744e-15
4359  1.3486e-15
4360  1.33957e-15
4361  1.33036e-15
4362  1.32097e-15
4363  1.31141e-15
4364  1.30169e-15
4365  1.29182e-15
4366  1.2818e-15
4367  1.27165e-15
4368  1.26137e-15
4369  1.25098e-15
4370  1.24049e-15
4371  1.2299e-15
4372  1.21923e-15
4373  1.20848e-15
4374  1.19767e-15
4375  1.1868e-15
4376  1.1759e-15
4377  1.16496e-15
4378  1.154e-15
4379  1.14303e-15
4380  1.13207e-15
4381  1.12112e-15
4382  1.11019e-15
4383  1.09929e-15
4384  1.08844e-15
4385  1.07765e-15
4386  1.06693e-15
4387  1.05628e-15
4388  1.04572e-15
4389  1.03526e-15
4390  1.02491e-15
4391  1.01468e-15
4392  1.00457e-15
4393  9.94609e-16
4394  9.84793e-16
4395  9.75134e-16
4396  9.65641e-16
4397  9.56323e-16
4398  9.47189e-16
4399  9.38246e-16
4400  9.29503e-16
4401  9.20967e-16
4402  9.12644e-16
4403  9.04544e-16
4404  8.9667e-16
4405  8.89031e-16
4406  8.81632e-16
4407  8.74477e-16
4408  8.67573e-16
4409  8.60925e-16
4410  8.54536e-16
4411  8.4841e-16
4412  8.42552e-16
4413  8.36964e-16
4414  8.31649e-16
4415  8.26611e-16
4416  8.2185e-16
4417  8.17369e-16
4418  8.13168e-16
4419  8.0925e-16
4420  8.05614e-16
4421  8.02261e-16
4422  7.9919e-16
4423  7.96402e-16
4424  7.93895e-16
4425  7.91667e-16
4426  7.89719e-16
4427  7.88047e-16
4428  7.86649e-16
4429  7.85524e-16
4430  7.84667e-16
4431  7.84077e-16
4432  7.8375e-16
4433  7.83683e-16
4434  7.83871e-16
4435  7.8431e-16
4436  7.84996e-16
4437  7.85926e-16
4438  7.87093e-16
4439  7.88493e-16
4440  7.90122e-16
4441  7.91974e-16
4442  7.94044e-16
4443  7.96326e-16
4444  7.98815e-16
4445  8.01505e-16
4446  8.04391e-16
4447  8.07467e-16
4448  8.10727e-16
4449  8.14166e-16
4450  8.17778e-16
4451  8.21556e-16
4452  8.25496e-16
4453  8.29592e-16
4454  8.33837e-16
4455  8.38227e-16
4456  8.42757e-16
4457  8.47419e-16
4458  8.52211e-16
4459  8.57125e-16
4460  8.62158e-16
4461  8.67305e-16
4462  8.7256e-16
4463  8.7792e-16
4464  8.8338e-16
4465  8.88936e-16
4466  8.94584e-16
4467  9.00321e-16
4468  9.06143e-16
4469  9.12047e-16
4470  9.1803e-16
4471  9.24089e-16
4472  9.30222e-16
4473  9.36426e-16
4474  9.42701e-16
4475  9.49043e-16
4476  9.55452e-16
4477  9.61927e-16
4478  9.68466e-16
4479  9.7507e-16
4480  9.81738e-16
4481  9.8847e-16
4482  9.95266e-16
4483  1.00213e-15
4484  1.00905e-15
4485  1.01605e-15
4486  1.02311e-15
4487  1.03024e-15
4488  1.03745e-15
4489  1.04473e-15
4490  1.05208e-15
4491  1.05952e-15
4492  1.06703e-15
4493  1.07463e-15
4494  1.08232e-15
4495  1.09011e-15
4496  1.09798e-15
4497  1.10596e-15
4498  1.11404e-15
4499  1.12223e-15
4500  1.13054e-15
4501  1.13896e-15
4502  1.1475e-15
4503  1.15616e-15
4504  1.16496e-15
4505  1.1739e-15
4506  1.18297e-15
4507  1.1922e-15
4508  1.20157e-15
4509  1.2111e-15
4510  1.22079e-15
4511  1.23065e-15
4512  1.24068e-15
4513  1.25089e-15
4514  1.26128e-15
4515  1.27186e-15
4516  1.28263e-15
4517  1.29359e-15
4518  1.30476e-15
4519  1.31613e-15
4520  1.32772e-15
4521  1.33951e-15
4522  1.35153e-15
4523  1.36376e-15
4524  1.37622e-15
4525  1.38892e-15
4526  1.40184e-15
4527  1.415e-15
4528  1.42839e-15
4529  1.44203e-15
4530  1.45591e-15
4531  1.47003e-15
4532  1.4844e-15
4533  1.49901e-15
4534  1.51387e-15
4535  1.52898e-15
4536  1.54434e-15
4537  1.55994e-15
4538  1.57579e-15
4539  1.59189e-15
4540  1.60823e-15
4541  1.62482e-15
4542  1.64164e-15
4543  1.6587e-15
4544  1.676e-15
4545  1.69353e-15
4546  1.71129e-15
4547  1.72927e-15
4548  1.74747e-15
4549  1.76589e-15
4550  1.78451e-15
4551  1.80333e-15
4552  1.82236e-15
4553  1.84157e-15
4554  1.86096e-15
4555  1.88053e-15
4556  1.90026e-15
4557  1.92016e-15
4558  1.9402e-15
4559  1.96038e-15
4560  1.9807e-15
4561  2.00113e-15
4562  2.02168e-15
4563  2.04233e-15
4564  2.06306e-15
4565  2.08388e-15
4566  2.10476e-15
4567  2.12569e-15
4568  2.14667e-15
4569  2.16768e-15
4570  2.1887e-15
4571  2.20972e-15
4572  2.23074e-15
4573  2.25173e-15
4574  2.27268e-15
4575  2.29359e-15
4576  2.31442e-15
4577  2.33518e-15
4578  2.35584e-15
4579  2.37639e-15
4580  2.39681e-15
4581  2.4171e-15
4582  2.43723e-15
4583  2.45719e-15
4584  2.47696e-15
4585  2.49653e-15
4586  2.51589e-15
4587  2.53501e-15
4588  2.55389e-15
4589  2.57251e-15
4590  2.59084e-15
4591  2.60888e-15
4592  2.62662e-15
4593  2.64403e-15
4594  2.6611e-15
4595  2.67782e-15
4596  2.69417e-15
4597  2.71014e-15
4598  2.72571e-15
4599  2.74087e-15
4600  2.7556e-15
4601  2.7699e-15
4602  2.78374e-15
4603  2.79712e-15
4604  2.81002e-15
4605  2.82243e-15
4606  2.83434e-15
4607  2.84574e-15
4608  2.8566e-15
4609  2.86693e-15
4610  2.87671e-15
4611  2.88594e-15
4612  2.89459e-15
4613  2.90267e-15
4614  2.91016e-15
4615  2.91706e-15
4616  2.92335e-15
4617  2.92903e-15
4618  2.93409e-15
4619  2.93853e-15
4620  2.94233e-15
4621  2.9455e-15
4622  2.94803e-15
4623  2.94991e-15
4624  2.95113e-15
4625  2.95171e-15
4626  2.95162e-15
4627  2.95088e-15
4628  2.94947e-15
4629  2.9474e-15
4630  2.94466e-15
4631  2.94127e-15
4632  2.9372e-15
4633  2.93247e-15
4634  2.92709e-15
4635  2.92104e-15
4636  2.91433e-15
4637  2.90697e-15
4638  2.89896e-15
4639  2.89031e-15
4640  2.88101e-15
4641  2.87108e-15
4642  2.86051e-15
4643  2.84933e-15
4644  2.83753e-15
4645  2.82512e-15
4646  2.8121e-15
4647  2.7985e-15
4648  2.78432e-15
4649  2.76956e-15
4650  2.75424e-15
4651  2.73837e-15
4652  2.72195e-15
4653  2.70501e-15
4654  2.68755e-15
4655  2.66959e-15
4656  2.65113e-15
4657  2.6322e-15
4658  2.6128e-15
4659  2.59295e-15
4660  2.57266e-15
4661  2.55196e-15
4662  2.53084e-15
4663  2.50934e-15
4664  2.48746e-15
4665  2.46523e-15
4666  2.44265e-15
4667  2.41974e-15
4668  2.39653e-15
4669  2.37303e-15
4670  2.34926e-15
4671  2.32523e-15
4672  2.30096e-15
4673  2.27647e-15
4674  2.25178e-15
4675  2.2269e-15
4676  2.20187e-15
4677  2.17668e-15
4678  2.15137e-15
4679  2.12595e-15
4680  2.10043e-15
4681  2.07485e-15
4682  2.04921e-15
4683  2.02354e-15
4684  1.99785e-15
4685  1.97217e-15
4686  1.94651e-15
4687  1.92088e-15
4688  1.89532e-15
4689  1.86983e-15
4690  1.84444e-15
4691  1.81916e-15
4692  1.79401e-15
4693  1.76901e-15
4694  1.74418e-15
4695  1.71953e-15
4696  1.69508e-15
4697  1.67085e-15
4698  1.64685e-15
4699  1.6231e-15
4700  1.59962e-15
4701  1.57641e-15
4702  1.55351e-15
4703  1.53091e-15
4704  1.50864e-15
4705  1.48671e-15
4706  1.46514e-15
4707  1.44393e-15
4708  1.4231e-15
4709  1.40267e-15
4710  1.38264e-15
4711  1.36303e-15
4712  1.34385e-15
4713  1.3251e-15
4714  1.30681e-15
4715  1.28897e-15
4716  1.27161e-15
4717  1.25472e-15
4718  1.23831e-15
4719  1.22241e-15
4720  1.207e-15
4721  1.1921e-15
4722  1.17772e-15
4723  1.16385e-15
4724  1.15052e-15
4725  1.13771e-15
4726  1.12544e-15
4727  1.1137e-15
4728  1.10251e-15
4729  1.09186e-15
4730  1.08175e-15
4731  1.0722e-15
4732  1.06319e-15
4733  1.05472e-15
4734  1.04681e-15
4735  1.03944e-15
4736  1.03262e-15
4737  1.02634e-15
4738  1.0206e-15
4739  1.0154e-15
4740  1.01073e-15
4741  1.00659e-15
4742  1.00298e-15
4743  9.9988e-16
4744  9.97299e-16
4745  9.95225e-16
4746  9.93652e-16
4747  9.92571e-16
4748  9.91976e-16
4749  9.91857e-16
4750  9.92207e-16
4751  9.93015e-16
4752  9.94273e-16
4753  9.95969e-16
4754  9.98093e-16
4755  1.00064e-15
4756  1.00358e-15
4757  1.00692e-15
4758  1.01065e-15
4759  1.01474e-15
4760  1.01919e-15
4761  1.02398e-15
4762  1.0291e-15
4763  1.03454e-15
4764  1.04028e-15
4765  1.04631e-15
4766  1.05261e-15
4767  1.05917e-15
4768  1.06597e-15
4769  1.073e-15
4770  1.08024e-15
4771  1.08768e-15
4772  1.0953e-15
4773  1.10308e-15
4774  1.11102e-15
4775  1.11909e-15
4776  1.12728e-15
4777  1.13557e-15
4778  1.14395e-15
4779  1.1524e-15
4780  1.16091e-15
4781  1.16946e-15
4782  1.17803e-15
4783  1.18661e-15
4784  1.19519e-15
4785  1.20374e-15
4786  1.21226e-15
4787  1.22074e-15
4788  1.22914e-15
4789  1.23747e-15
4790  1.24571e-15
4791  1.25384e-15
4792  1.26186e-15
4793  1.26974e-15
4794  1.27749e-15
4795  1.28508e-15
4796  1.2925e-15
4797  1.29975e-15
4798  1.30681e-15
4799  1.31367e-15
4800  1.32033e-15
4801  1.32678e-15
4802  1.333e-15
4803  1.33899e-15
4804  1.34474e-15
4805  1.35025e-15
4806  1.35551e-15
4807  1.36051e-15
4808  1.36526e-15
4809  1.36974e-15
4810  1.37395e-15
4811  1.37789e-15
4812  1.38157e-15
4813  1.38496e-15
4814  1.38809e-15
4815  1.39094e-15
4816  1.39352e-15
4817  1.39582e-15
4818  1.39786e-15
4819  1.39963e-15
4820  1.40114e-15
4821  1.40239e-15
4822  1.40338e-15
4823  1.40412e-15
4824  1.40463e-15
4825  1.4049e-15
4826  1.40494e-15
4827  1.40475e-15
4828  1.40436e-15
4829  1.40377e-15
4830  1.40298e-15
4831  1.40202e-15
4832  1.40088e-15
4833  1.39958e-15
4834  1.39814e-15
4835  1.39656e-15
4836  1.39486e-15
4837  1.39306e-15
4838  1.39116e-15
4839  1.38918e-15
4840  1.38713e-15
4841  1.38504e-15
4842  1.38291e-15
4843  1.38076e-15
4844  1.3786e-15
4845  1.37646e-15
4846  1.37435e-15
4847  1.37228e-15
4848  1.37027e-15
4849  1.36834e-15
4850  1.36651e-15
4851  1.36478e-15
4852  1.36318e-15
4853  1.36172e-15
4854  1.36043e-15
4855  1.3593e-15
4856  1.35837e-15
4857  1.35765e-15
4858  1.35714e-15
4859  1.35688e-15
4860  1.35686e-15
4861  1.35711e-15
4862  1.35765e-15
4863  1.35847e-15
4864  1.35961e-15
4865  1.36106e-15
4866  1.36284e-15
4867  1.36497e-15
4868  1.36745e-15
4869  1.3703e-15
4870  1.37352e-15
4871  1.37712e-15
4872  1.38112e-15
4873  1.38551e-15
4874  1.39031e-15
4875  1.39552e-15
4876  1.40114e-15
4877  1.40719e-15
4878  1.41366e-15
4879  1.42056e-15
4880  1.42789e-15
4881  1.43565e-15
4882  1.44384e-15
4883  1.45245e-15
4884  1.4615e-15
4885  1.47097e-15
4886  1.48086e-15
4887  1.49117e-15
4888  1.50189e-15
4889  1.51301e-15
4890  1.52453e-15
4891  1.53644e-15
4892  1.54873e-15
4893  1.56139e-15
4894  1.57442e-15
4895  1.58779e-15
4896  1.60149e-15
4897  1.61552e-15
4898  1.62986e-15
4899  1.64449e-15
4900  1.6594e-15
4901  1.67457e-15
4902  1.68998e-15
4903  1.70562e-15
4904  1.72147e-15
4905  1.7375e-15
4906  1.75371e-15
4907  1.77006e-15
4908  1.78655e-15
4909  1.80313e-15
4910  1.81981e-15
4911  1.83655e-15
4912  1.85332e-15
4913  1.87012e-15
4914  1.88691e-15
4915  1.90367e-15
4916  1.92037e-15
4917  1.93701e-15
4918  1.95354e-15
4919  1.96994e-15
4920  1.9862e-15
4921  2.00229e-15
4922  2.01818e-15
4923  2.03385e-15
4924  2.04928e-15
4925  2.06444e-15
4926  2.07931e-15
4927  2.09387e-15
4928  2.10809e-15
4929  2.12196e-15
4930  2.13544e-15
4931  2.14853e-15
4932  2.16119e-15
4933  2.17341e-15
4934  2.18517e-15
4935  2.19645e-15
4936  2.20723e-15
4937  2.21749e-15
4938  2.22722e-15
4939  2.2364e-15
4940  2.24502e-15
4941  2.25305e-15
4942  2.26049e-15
4943  2.26733e-15
4944  2.27354e-15
4945  2.27913e-15
4946  2.28407e-15
4947  2.28837e-15
4948  2.29201e-15
4949  2.29498e-15
4950  2.29729e-15
4951  2.29892e-15
4952  2.29986e-15
4953  2.30013e-15
4954  2.29971e-15
4955  2.29861e-15
4956  2.29682e-15
4957  2.29434e-15
4958  2.29119e-15
4959  2.28735e-15
4960  2.28284e-15
4961  2.27766e-15
4962  2.27182e-15
4963  2.26532e-15
4964  2.25818e-15
4965  2.25039e-15
4966  2.24198e-15
4967  2.23296e-15
4968  2.22332e-15
4969  2.2131e-15
4970  2.2023e-15
4971  2.19094e-15
4972  2.17903e-15
4973  2.16658e-15
4974  2.15363e-15
4975  2.14018e-15
4976  2.12625e-15
4977  2.11186e-15
4978  2.09703e-15
4979  2.08178e-15
4980  2.06614e-15
4981  2.05011e-15
4982  2.03373e-15
4983  2.01702e-15
4984  2e-15
4985  1.98269e-15
4986  1.96511e-15
4987  1.94729e-15
4988  1.92925e-15
4989  1.91102e-15
4990  1.89262e-15
4991  1.87406e-15
4992  1.85539e-15
4993  1.83661e-15
4994  1.81776e-15
4995  1.79885e-15
4996  1.77991e-15
4997  1.76097e-15
4998  1.74204e-15
4999  1.72315e-15
5000  1.70433e-15
5001  1.68558e-15
5002  1.66694e-15
5003  1.64843e-15
5004  1.63006e-15
5005  1.61186e-15
5006  1.59385e-15
5007  1.57604e-15
5008  1.55846e-15
5009  1.54112e-15
5010  1.52404e-15
5011  1.50723e-15
5012  1.49072e-15
5013  1.47452e-15
5014  1.45863e-15
5015  1.44309e-15
5016  1.42789e-15
5017  1.41306e-15
5018  1.39859e-15
5019  1.38451e-15
5020  1.37083e-15
5021  1.35755e-15
5022  1.34468e-15
5023  1.33222e-15
5024  1.32019e-15
5025  1.30859e-15
5026  1.29743e-15
5027  1.28671e-15
5028  1.27643e-15
5029  1.26659e-15
5030  1.25721e-15
5031  1.24827e-15
5032  1.23977e-15
5033  1.23173e-15
5034  1.22413e-15
5035  1.21697e-15
5036  1.21026e-15
5037  1.20398e-15
5038  1.19813e-15
5039  1.19271e-15
5040  1.18771e-15
5041  1.18313e-15
5042  1.17896e-15
5043  1.17518e-15
5044  1.1718e-15
5045  1.1688e-15
5046  1.16618e-15
5047  1.16392e-15
5048  1.16202e-15
5049  1.16046e-15
5050  1.15923e-15
5051  1.15833e-15
5052  1.15774e-15
5053  1.15744e-15
5054  1.15743e-15
5055  1.1577e-15
5056  1.15823e-15
5057  1.159e-15
5058  1.16001e-15
5059  1.16124e-15
5060  1.16268e-15
5061  1.16432e-15
5062  1.16614e-15
5063  1.16813e-15
5064  1.17027e-15
5065  1.17255e-15
5066  1.17497e-15
5067  1.1775e-15
5068  1.18013e-15
5069  1.18286e-15
5070  1.18566e-15
5071  1.18852e-15
5072  1.19144e-15
5073  1.1944e-15
5074  1.19739e-15
5075  1.2004e-15
5076  1.20341e-15
5077  1.20642e-15
5078  1.20942e-15
5079  1.21239e-15
5080  1.21533e-15
5081  1.21823e-15
5082  1.22107e-15
5083  1.22386e-15
5084  1.22657e-15
5085  1.22921e-15
5086  1.23177e-15
5087  1.23424e-15
5088  1.23662e-15
5089  1.23889e-15
5090  1.24106e-15
5091  1.24311e-15
5092  1.24505e-15
5093  1.24688e-15
5094  1.24858e-15
5095  1.25015e-15
5096  1.2516e-15
5097  1.25292e-15
5098  1.25411e-15
5099  1.25517e-15
5100  1.2561e-15
5101  1.25689e-15
5102  1.25756e-15
5103  1.25809e-15
5104  1.2585e-15
5105  1.25878e-15
5106  1.25893e-15
5107  1.25896e-15
5108  1.25887e-15
5109  1.25867e-15
5110  1.25835e-15
5111  1.25793e-15
5112  1.2574e-15
5113  1.25677e-15
5114  1.25605e-15
5115  1.25524e-15
5116  1.25435e-15
5117  1.25337e-15
5118  1.25233e-15
5119  1.25121e-15
5120  1.25004e-15
5121  1.24882e-15
5122  1.24755e-15
5123  1.24624e-15
5124  1.24489e-15
5125  1.24352e-15
5126  1.24213e-15
5127  1.24073e-15
5128  1.23933e-15
5129  1.23793e-15
5130  1.23654e-15
5131  1.23517e-15
5132  1.23382e-15
5133  1.23251e-15
5134  1.23123e-15
5135  1.23e-15
5136  1.22883e-15
5137  1.22772e-15
5138  1.22667e-15
5139  1.2257e-15
5140  1.22481e-15
5141  1.22401e-15
5142  1.22331e-15
5143  1.2227e-15
5144  1.2222e-15
5145  1.22182e-15
5146  1.22155e-15
5147  1.22141e-15
5148  1.2214e-15
5149  1.22152e-15
5150  1.22178e-15
5151  1.22219e-15
5152  1.22274e-15
5153  1.22345e-15
5154  1.22431e-15
5155  1.22533e-15
5156  1.22652e-15
5157  1.22787e-15
5158  1.2294e-15
5159  1.23109e-15
5160  1.23297e-15
5161  1.23501e-15
5162  1.23724e-15
5163  1.23965e-15
5164  1.24224e-15
5165  1.24502e-15
5166  1.24798e-15
5167  1.25112e-15
5168  1.25445e-15
5169  1.25797e-15
5170  1.26167e-15
5171  1.26555e-15
5172  1.26962e-15
5173  1.27388e-15
5174  1.27831e-15
5175  1.28293e-15
5176  1.28773e-15
5177  1.29271e-15
5178  1.29787e-15
5179  1.3032e-15
5180  1.30871e-15
5181  1.31438e-15
5182  1.32023e-15
5183  1.32624e-15
5184  1.33241e-15
5185  1.33874e-15
5186  1.34523e-15
5187  1.35188e-15
5188  1.35868e-15
5189  1.36562e-15
5190  1.37271e-15
5191  1.37994e-15
5192  1.38731e-15
5193  1.39481e-15
5194  1.40244e-15
5195  1.41019e-15
5196  1.41807e-15
5197  1.42607e-15
5198  1.43418e-15
5199  1.44241e-15
5200  1.45074e-15
5201  1.45917e-15
5202  1.4677e-15
5203  1.47633e-15
5204  1.48505e-15
5205  1.49385e-15
5206  1.50274e-15
5207  1.51171e-15
5208  1.52075e-15
5209  1.52987e-15
5210  1.53905e-15
5211  1.54829e-15
5212  1.5576e-15
5213  1.56697e-15
5214  1.57638e-15
5215  1.58585e-15
5216  1.59536e-15
5217  1.60492e-15
5218  1.61451e-15
5219  1.62415e-15
5220  1.63381e-15
5221  1.6435e-15
5222  1.65322e-15
5223  1.66297e-15
5224  1.67273e-15
5225  1.68251e-15
5226  1.69231e-15
5227  1.70212e-15
5228  1.71193e-15
5229  1.72176e-15
5230  1.73159e-15
5231  1.74141e-15
5232  1.75124e-15
5233  1.76107e-15
5234  1.77088e-15
5235  1.78069e-15
5236  1.79049e-15
5237  1.80028e-15
5238  1.81005e-15
5239  1.81981e-15
5240  1.82954e-15
5241  1.83925e-15
5242  1.84895e-15
5243  1.85861e-15
5244  1.86825e-15
5245  1.87786e-15
5246  1.88743e-15
5247  1.89698e-15
5248  1.90649e-15
5249  1.91596e-15
5250  1.9254e-15
5251  1.93479e-15
5252  1.94414e-15
5253  1.95345e-15
5254  1.96271e-15
5255  1.97192e-15
5256  1.98109e-15
5257  1.9902e-15
5258  1.99926e-15
5259  2.00826e-15
5260  2.01721e-15
5261  2.0261e-15
5262  2.03492e-15
5263  2.04369e-15
5264  2.05239e-15
5265  2.06102e-15
5266  2.06959e-15
5267  2.07808e-15
5268  2.0865e-15
5269  2.09485e-15
5270  2.10312e-15
5271  2.11131e-15
5272  2.11943e-15
5273  2.12746e-15
5274  2.1354e-15
5275  2.14326e-15
5276  2.15103e-15
5277  2.15871e-15
5278  2.1663e-15
5279  2.17379e-15
5280  2.18118e-15
5281  2.18848e-15
5282  2.19567e-15
5283  2.20276e-15
5284  2.20975e-15
5285  2.21663e-15
5286  2.22339e-15
5287  2.23005e-15
5288  2.2366e-15
5289  2.24302e-15
5290  2.24934e-15
5291  2.25553e-15
5292  2.2616e-15
5293  2.26755e-15
5294  2.27337e-15
5295  2.27907e-15
5296  2.28463e-15
5297  2.29007e-15
5298  2.29538e-15
5299  2.30056e-15
5300  2.3056e-15
5301  2.3105e-15
5302  2.31527e-15
5303  2.3199e-15
5304  2.32439e-15
5305  2.32874e-15
5306  2.33295e-15
5307  2.33702e-15
5308  2.34095e-15
5309  2.34473e-15
5310  2.34837e-15
5311  2.35187e-15
5312  2.35522e-15
5313  2.35843e-15
5314  2.36149e-15
5315  2.36441e-15
5316  2.36719e-15
5317  2.36982e-15
5318  2.3723e-15
5319  2.37465e-15
5320  2.37685e-15
5321  2.37892e-15
5322  2.38084e-15
5323  2.38262e-15
5324  2.38427e-15
5325  2.38578e-15
5326  2.38716e-15
5327  2.3884e-15
5328  2.38952e-15
5329  2.3905e-15
5330  2.39136e-15
5331  2.3921e-15
5332  2.39271e-15
5333  2.39321e-15
5334  2.39359e-15
5335  2.39385e-15
5336  2.39401e-15
5337  2.39406e-15
5338  2.394e-15
5339  2.39385e-15
5340  2.3936e-15
5341  2.39326e-15
5342  2.39282e-15
5343  2.39231e-15
5344  2.39171e-15
5345  2.39104e-15
5346  2.39029e-15
5347  2.38948e-15
5348  2.38861e-15
5349  2.38768e-15
5350  2.38669e-15
5351  2.38566e-15
5352  2.38458e-15
5353  2.38347e-15
5354  2.38233e-15
5355  2.38115e-15
5356  2.37996e-15
5357  2.37875e-15
5358  2.37753e-15
5359  2.37631e-15
5360  2.37508e-15
5361  2.37387e-15
5362  2.37266e-15
5363  2.37148e-15
5364  2.37032e-15
5365  2.36919e-15
5366  2.3681e-15
5367  2.36706e-15
5368  2.36606e-15
5369  2.36512e-15
5370  2.36424e-15
5371  2.36343e-15
5372  2.36269e-15
5373  2.36203e-15
5374  2.36146e-15
5375  2.36099e-15
5376  2.36061e-15
5377  2.36034e-15
5378  2.36018e-15
5379  2.36014e-15
5380  2.36022e-15
5381  2.36043e-15
5382  2.36079e-15
5383  2.36128e-15
5384  2.36192e-15
5385  2.36271e-15
5386  2.36367e-15
5387  2.36479e-15
5388  2.36609e-15
5389  2.36756e-15
5390  2.36921e-15
5391  2.37105e-15
5392  2.37309e-15
5393  2.37532e-15
5394  2.37776e-15
5395  2.38041e-15
5396  2.38327e-15
5397  2.38635e-15
5398  2.38966e-15
5399  2.39319e-15
5400  2.39695e-15
5401  2.40095e-15
5402  2.40519e-15
5403  2.40968e-15
5404  2.41441e-15
5405  2.4194e-15
5406  2.42464e-15
5407  2.43013e-15
5408  2.43589e-15
5409  2.44192e-15
5410  2.44821e-15
5411  2.45476e-15
5412  2.4616e-15
5413  2.4687e-15
5414  2.47608e-15
5415  2.48374e-15
5416  2.49167e-15
5417  2.49988e-15
5418  2.50838e-15
5419  2.51716e-15
5420  2.52621e-15
5421  2.53555e-15
5422  2.54518e-15
5423  2.55508e-15
5424  2.56527e-15
5425  2.57573e-15
5426  2.58648e-15
5427  2.5975e-15
5428  2.6088e-15
5429  2.62038e-15
5430  2.63223e-15
5431  2.64436e-15
5432  2.65675e-15
5433  2.6694e-15
5434  2.68233e-15
5435  2.69551e-15
5436  2.70894e-15
5437  2.72263e-15
5438  2.73657e-15
5439  2.75076e-15
5440  2.76518e-15
5441  2.77984e-15
5442  2.79473e-15
5443  2.80984e-15
5444  2.82518e-15
5445  2.84073e-15
5446  2.85648e-15
5447  2.87244e-15
5448  2.88859e-15
5449  2.90494e-15
5450  2.92146e-15
5451  2.93816e-15
5452  2.95503e-15
5453  2.97205e-15
5454  2.98923e-15
5455  3.00655e-15
5456  3.02402e-15
5457  3.0416e-15
5458  3.05931e-15
5459  3.07713e-15
5460  3.09505e-15
5461  3.11307e-15
5462  3.13117e-15
5463  3.14934e-15
5464  3.16758e-15
5465  3.18588e-15
5466  3.20422e-15
5467  3.2226e-15
5468  3.24101e-15
5469  3.25944e-15
5470  3.27787e-15
5471  3.2963e-15
5472  3.31472e-15
5473  3.33311e-15
5474  3.35148e-15
5475  3.3698e-15
5476  3.38807e-15
5477  3.40627e-15
5478  3.4244e-15
5479  3.44245e-15
5480  3.4604e-15
5481  3.47825e-15
5482  3.49598e-15
5483  3.51359e-15
5484  3.53107e-15
5485  3.5484e-15
5486  3.56558e-15
5487  3.5826e-15
5488  3.59944e-15
5489  3.61609e-15
5490  3.63256e-15
5491  3.64882e-15
5492  3.66487e-15
5493  3.68071e-15
5494  3.69631e-15
5495  3.71167e-15
5496  3.72679e-15
5497  3.74166e-15
5498  3.75626e-15
5499  3.77059e-15
5500  3.78464e-15
5501  3.7984e-15
5502  3.81187e-15
5503  3.82504e-15
5504  3.8379e-15
5505  3.85044e-15
5506  3.86266e-15
5507  3.87456e-15
5508  3.88612e-15
5509  3.89733e-15
5510  3.90821e-15
5511  3.91873e-15
5512  3.9289e-15
5513  3.9387e-15
5514  3.94814e-15
5515  3.95721e-15
5516  3.96591e-15
5517  3.97422e-15
5518  3.98216e-15
5519  3.98971e-15
5520  3.99687e-15
5521  4.00364e-15
5522  4.01002e-15
5523  4.016e-15
5524  4.02159e-15
5525  4.02677e-15
5526  4.03156e-15
5527  4.03594e-15
5528  4.03992e-15
5529  4.04349e-15
5530  4.04666e-15
5531  4.04943e-15
5532  4.05179e-15
5533  4.05375e-15
5534  4.0553e-15
5535  4.05645e-15
5536  4.0572e-15
5537  4.05754e-15
5538  4.05749e-15
5539  4.05703e-15
5540  4.05618e-15
5541  4.05494e-15
5542  4.0533e-15
5543  4.05127e-15
5544  4.04885e-15
5545  4.04605e-15
5546  4.04286e-15
5547  4.0393e-15
5548  4.03536e-15
5549  4.03104e-15
5550  4.02636e-15
5551  4.0213e-15
5552  4.01589e-15
5553  4.01011e-15
5554  4.00398e-15
5555  3.9975e-15
5556  3.99067e-15
5557  3.9835e-15
5558  3.97599e-15
5559  3.96815e-15
5560  3.95997e-15
5561  3.95147e-15
5562  3.94265e-15
5563  3.93352e-15
5564  3.92407e-15
5565  3.91432e-15
5566  3.90426e-15
5567  3.89391e-15
5568  3.88327e-15
5569  3.87234e-15
5570  3.86113e-15
5571  3.84964e-15
5572  3.83788e-15
5573  3.82585e-15
5574  3.81356e-15
5575  3.80102e-15
5576  3.78822e-15
5577  3.77518e-15
5578  3.7619e-15
5579  3.74838e-15
5580  3.73463e-15
5581  3.72065e-15
5582  3.70646e-15
5583  3.69204e-15
5584  3.67742e-15
5585  3.66259e-15
5586  3.64757e-15
5587  3.63234e-15
5588  3.61693e-15
5589  3.60133e-15
5590  3.58555e-15
5591  3.5696e-15
5592  3.55347e-15
5593  3.53718e-15
5594  3.52073e-15
5595  3.50413e-15
5596  3.48737e-15
5597  3.47047e-15
5598  3.45343e-15
5599  3.43625e-15
5600  3.41894e-15
5601  3.40151e-15
5602  3.38395e-15
5603  3.36628e-15
5604  3.34849e-15
5605  3.3306e-15
5606  3.3126e-15
5607  3.29451e-15
5608  3.27632e-15
5609  3.25805e-15
5610  3.23969e-15
5611  3.22126e-15
5612  3.20275e-15
5613  3.18417e-15
5614  3.16553e-15
5615  3.14683e-15
5616  3.12807e-15
5617  3.10926e-15
5618  3.09041e-15
5619  3.07152e-15
5620  3.05259e-15
5621  3.03362e-15
5622  3.01464e-15
5623  2.99563e-15
5624  2.9766e-15
5625  2.95756e-15
5626  2.93852e-15
5627  2.91947e-15
5628  2.90042e-15
5629  2.88139e-15
5630  2.86236e-15
5631  2.84335e-15
5632  2.82436e-15
5633  2.8054e-15
5634  2.78647e-15
5635  2.76758e-15
5636  2.74873e-15
5637  2.72992e-15
5638  2.71117e-15
5639  2.69248e-15
5640  2.67384e-15
5641  2.65527e-15
5642  2.63678e-15
5643  2.61836e-15
5644  2.60002e-15
5645  2.58177e-15
5646  2.56361e-15
5647  2.54555e-15
5648  2.52759e-15
5649  2.50973e-15
5650  2.49199e-15
5651  2.47437e-15
5652  2.45687e-15
5653  2.4395e-15
5654  2.42227e-15
5655  2.40517e-15
5656  2.38821e-15
5657  2.37141e-15
5658  2.35475e-15
5659  2.33826e-15
5660  2.32193e-15
5661  2.30578e-15
5662  2.28979e-15
5663  2.27399e-15
5664  2.25837e-15
5665  2.24295e-15
5666  2.22771e-15
5667  2.21268e-15
5668  2.19786e-15
5669  2.18325e-15
5670  2.16885e-15
5671  2.15468e-15
5672  2.14073e-15
5673  2.12701e-15
5674  2.11353e-15
5675  2.10029e-15
5676  2.0873e-15
5677  2.07456e-15
5678  2.06208e-15
5679  2.04985e-15
5680  2.0379e-15
5681  2.02621e-15
5682  2.0148e-15
5683  2.00368e-15
5684  1.99283e-15
5685  1.98228e-15
5686  1.97202e-15
5687  1.96206e-15
5688  1.9524e-15
5689  1.94306e-15
5690  1.93402e-15
5691  1.9253e-15
5692  1.9169e-15
5693  1.90883e-15
5694  1.90108e-15
5695  1.89367e-15
5696  1.88659e-15
5697  1.87986e-15
5698  1.87347e-15
5699  1.86743e-15
5700  1.86174e-15
5701  1.8564e-15
5702  1.85143e-15
5703  1.84681e-15
5704  1.84256e-15
5705  1.83868e-15
5706  1.83517e-15
5707  1.83204e-15
5708  1.82927e-15
5709  1.82689e-15
5710  1.82489e-15
5711  1.82328e-15
5712  1.82205e-15
5713  1.8212e-15
5714  1.82075e-15
5715  1.82069e-15
5716  1.82102e-15
5717  1.82174e-15
5718  1.82286e-15
5719  1.82438e-15
5720  1.82629e-15
5721  1.8286e-15
5722  1.83131e-15
5723  1.83441e-15
5724  1.83792e-15
5725  1.84182e-15
5726  1.84612e-15
5727  1.85082e-15
5728  1.85591e-15
5729  1.8614e-15
5730  1.86728e-15
5731  1.87356e-15
5732  1.88022e-15
5733  1.88728e-15
5734  1.89472e-15
5735  1.90255e-15
5736  1.91076e-15
5737  1.91934e-15
5738  1.9283e-15
5739  1.93764e-15
5740  1.94734e-15
5741  1.9574e-15
5742  1.96783e-15
5743  1.97861e-15
5744  1.98974e-15
5745  2.00122e-15
5746  2.01304e-15
5747  2.02519e-15
5748  2.03767e-15
5749  2.05048e-15
5750  2.0636e-15
5751  2.07703e-15
5752  2.09076e-15
5753  2.10479e-15
5754  2.11911e-15
5755  2.1337e-15
5756  2.14857e-15
5757  2.16371e-15
5758  2.1791e-15
5759  2.19474e-15
5760  2.21061e-15
5761  2.22672e-15
5762  2.24304e-15
5763  2.25957e-15
5764  2.27631e-15
5765  2.29323e-15
5766  2.31033e-15
5767  2.3276e-15
5768  2.34503e-15
5769  2.36261e-15
5770  2.38032e-15
5771  2.39816e-15
5772  2.41611e-15
5773  2.43416e-15
5774  2.4523e-15
5775  2.47052e-15
5776  2.48881e-15
5777  2.50715e-15
5778  2.52553e-15
5779  2.54394e-15
5780  2.56237e-15
5781  2.5808e-15
5782  2.59922e-15
5783  2.61763e-15
5784  2.636e-15
5785  2.65432e-15
5786  2.67259e-15
5787  2.69078e-15
5788  2.70889e-15
5789  2.72691e-15
5790  2.74481e-15
5791  2.76259e-15
5792  2.78024e-15
5793  2.79775e-15
5794  2.81509e-15
5795  2.83227e-15
5796  2.84926e-15
5797  2.86606e-15
5798  2.88265e-15
5799  2.89902e-15
5800  2.91517e-15
5801  2.93107e-15
5802  2.94673e-15
5803  2.96212e-15
5804  2.97724e-15
5805  2.99208e-15
5806  3.00663e-15
5807  3.02087e-15
5808  3.0348e-15
5809  3.04841e-15
5810  3.06169e-15
5811  3.07463e-15
5812  3.08723e-15
5813  3.09947e-15
5814  3.11135e-15
5815  3.12286e-15
5816  3.134e-15
5817  3.14475e-15
5818  3.15511e-15
5819  3.16508e-15
5820  3.17465e-15
5821  3.18381e-15
5822  3.19256e-15
5823  3.2009e-15
5824  3.20883e-15
5825  3.21633e-15
5826  3.2234e-15
5827  3.23005e-15
5828  3.23627e-15
5829  3.24206e-15
5830  3.24742e-15
5831  3.25235e-15
5832  3.25684e-15
5833  3.2609e-15
5834  3.26452e-15
5835  3.26771e-15
5836  3.27047e-15
5837  3.2728e-15
5838  3.2747e-15
5839  3.27618e-15
5840  3.27723e-15
5841  3.27786e-15
5842  3.27807e-15
5843  3.27786e-15
5844  3.27725e-15
5845  3.27623e-15
5846  3.27482e-15
5847  3.273e-15
5848  3.2708e-15
5849  3.26821e-15
5850  3.26524e-15
5851  3.26189e-15
5852  3.25819e-15
5853  3.25412e-15
5854  3.2497e-15
5855  3.24493e-15
5856  3.23982e-15
5857  3.23439e-15
5858  3.22863e-15
5859  3.22255e-15
5860  3.21617e-15
5861  3.20949e-15
5862  3.20252e-15
5863  3.19527e-15
5864  3.18775e-15
5865  3.17996e-15
5866  3.17191e-15
5867  3.16362e-15
5868  3.15509e-15
5869  3.14633e-15
5870  3.13734e-15
5871  3.12815e-15
5872  3.11876e-15
5873  3.10917e-15
5874  3.09939e-15
5875  3.08944e-15
5876  3.07933e-15
5877  3.06905e-15
5878  3.05862e-15
5879  3.04805e-15
5880  3.03735e-15
5881  3.02652e-15
5882  3.01558e-15
5883  3.00452e-15
5884  2.99337e-15
5885  2.98212e-15
5886  2.97078e-15
5887  2.95936e-15
5888  2.94787e-15
5889  2.93631e-15
5890  2.9247e-15
5891  2.91303e-15
5892  2.90131e-15
5893  2.88955e-15
5894  2.87776e-15
5895  2.86594e-15
5896  2.85409e-15
5897  2.84222e-15
5898  2.83034e-15
5899  2.81845e-15
5900  2.80655e-15
5901  2.79465e-15
5902  2.78275e-15
5903  2.77086e-15
5904  2.75897e-15
5905  2.74709e-15
5906  2.73523e-15
5907  2.72339e-15
5908  2.71156e-15
5909  2.69975e-15
5910  2.68797e-15
5911  2.67621e-15
5912  2.66447e-15
5913  2.65276e-15
5914  2.64108e-15
5915  2.62942e-15
5916  2.6178e-15
5917  2.6062e-15
5918  2.59463e-15
5919  2.58309e-15
5920  2.57158e-15
5921  2.5601e-15
5922  2.54864e-15
5923  2.53721e-15
5924  2.52581e-15
5925  2.51444e-15
5926  2.50309e-15
5927  2.49177e-15
5928  2.48046e-15
5929  2.46918e-15
5930  2.45792e-15
5931  2.44668e-15
5932  2.43546e-15
5933  2.42425e-15
5934  2.41306e-15
5935  2.40189e-15
5936  2.39073e-15
5937  2.37957e-15
5938  2.36843e-15
5939  2.3573e-15
5940  2.34618e-15
5941  2.33506e-15
5942  2.32395e-15
5943  2.31285e-15
5944  2.30174e-15
5945  2.29065e-15
5946  2.27955e-15
5947  2.26846e-15
5948  2.25736e-15
5949  2.24627e-15
5950  2.23518e-15
5951  2.2241e-15
5952  2.21301e-15
5953  2.20192e-15
5954  2.19084e-15
5955  2.17975e-15
5956  2.16867e-15
5957  2.1576e-15
5958  2.14653e-15
5959  2.13546e-15
5960  2.1244e-15
5961  2.11336e-15
5962  2.10232e-15
5963  2.09129e-15
5964  2.08028e-15
5965  2.06929e-15
5966  2.05831e-15
5967  2.04736e-15
5968  2.03643e-15
5969  2.02553e-15
5970  2.01466e-15
5971  2.00382e-15
5972  1.99302e-15
5973  1.98226e-15
5974  1.97155e-15
5975  1.96088e-15
5976  1.95026e-15
5977  1.9397e-15
5978  1.9292e-15
5979  1.91876e-15
5980  1.90839e-15
5981  1.89809e-15
5982  1.88787e-15
5983  1.87773e-15
5984  1.86768e-15
5985  1.85772e-15
5986  1.84785e-15
5987  1.83809e-15
5988  1.82842e-15
5989  1.81887e-15
5990  1.80943e-15
5991  1.80012e-15
5992  1.79092e-15
5993  1.78185e-15
5994  1.77292e-15
5995  1.76412e-15
5996  1.75547e-15
5997  1.74696e-15
5998  1.73861e-15
5999  1.7304e-15
6000  1.72236e-15
6001  1.71448e-15
6002  1.70677e-15
6003  1.69923e-15
6004  1.69187e-15
6005  1.68468e-15
6006  1.67767e-15
6007  1.67085e-15
6008  1.66422e-15
6009  1.65778e-15
6010  1.65153e-15
6011  1.64548e-15
6012  1.63962e-15
6013  1.63397e-15
6014  1.62851e-15
6015  1.62326e-15
6016  1.61822e-15
6017  1.61338e-15
6018  1.60875e-15
6019  1.60432e-15
6020  1.6001e-15
6021  1.59609e-15
6022  1.59229e-15
6023  1.5887e-15
6024  1.58531e-15
6025  1.58212e-15
6026  1.57915e-15
6027  1.57637e-15
6028  1.5738e-15
6029  1.57143e-15
6030  1.56926e-15
6031  1.56728e-15
6032  1.56549e-15
6033  1.56389e-15
6034  1.56249e-15
6035  1.56126e-15
6036  1.56021e-15
6037  1.55934e-15
6038  1.55865e-15
6039  1.55812e-15
6040  1.55775e-15
6041  1.55754e-15
6042  1.55749e-15
6043  1.55759e-15
6044  1.55783e-15
6045  1.55821e-15
6046  1.55872e-15
6047  1.55936e-15
6048  1.56012e-15
6049  1.56099e-15
6050  1.56198e-15
6051  1.56306e-15
6052  1.56425e-15
6053  1.56552e-15
6054  1.56688e-15
6055  1.56832e-15
6056  1.56983e-15
6057  1.5714e-15
6058  1.57303e-15
6059  1.57471e-15
6060  1.57644e-15
6061  1.5782e-15
6062  1.57999e-15
6063  1.58181e-15
6064  1.58364e-15
6065  1.58549e-15
6066  1.58734e-15
6067  1.58918e-15
6068  1.59102e-15
6069  1.59284e-15
6070  1.59464e-15
6071  1.59641e-15
6072  1.59815e-15
6073  1.59985e-15
6074  1.6015e-15
6075  1.60311e-15
6076  1.60465e-15
6077  1.60614e-15
6078  1.60755e-15
6079  1.6089e-15
6080  1.61016e-15
6081  1.61135e-15
6082  1.61245e-15
6083  1.61346e-15
6084  1.61438e-15
6085  1.6152e-15
6086  1.61592e-15
6087  1.61654e-15
6088  1.61705e-15
6089  1.61745e-15
6090  1.61774e-15
6091  1.61791e-15
6092  1.61797e-15
6093  1.61791e-15
6094  1.61774e-15
6095  1.61744e-15
6096  1.61702e-15
6097  1.61649e-15
6098  1.61583e-15
6099  1.61505e-15
6100  1.61415e-15
6101  1.61314e-15
6102  1.612e-15
6103  1.61074e-15
6104  1.60937e-15
6105  1.60789e-15
6106  1.60629e-15
6107  1.60459e-15
6108  1.60277e-15
6109  1.60086e-15
6110  1.59884e-15
6111  1.59672e-15
6112  1.59451e-15
6113  1.59221e-15
6114  1.58982e-15
6115  1.58736e-15
6116  1.58481e-15
6117  1.58219e-15
6118  1.5795e-15
6119  1.57676e-15
6120  1.57395e-15
6121  1.57109e-15
6122  1.56819e-15
6123  1.56524e-15
6124  1.56227e-15
6125  1.55926e-15
6126  1.55623e-15
6127  1.55318e-15
6128  1.55013e-15
6129  1.54707e-15
6130  1.54402e-15
6131  1.54097e-15
6132  1.53794e-15
6133  1.53494e-15
6134  1.53197e-15
6135  1.52903e-15
6136  1.52613e-15
6137  1.52329e-15
6138  1.5205e-15
6139  1.51777e-15
6140  1.51512e-15
6141  1.51254e-15
6142  1.51004e-15
6143  1.50763e-15
6144  1.50532e-15
6145  1.50311e-15
6146  1.501e-15
6147  1.499e-15
6148  1.49713e-15
6149  1.49538e-15
6150  1.49375e-15
6151  1.49226e-15
6152  1.49091e-15
6153  1.4897e-15
6154  1.48863e-15
6155  1.48772e-15
6156  1.48696e-15
6157  1.48637e-15
6158  1.48593e-15
6159  1.48566e-15
6160  1.48556e-15
6161  1.48562e-15
6162  1.48586e-15
6163  1.48628e-15
6164  1.48687e-15
6165  1.48763e-15
6166  1.48858e-15
6167  1.4897e-15
6168  1.491e-15
6169  1.49249e-15
6170  1.49415e-15
6171  1.49598e-15
6172  1.498e-15
6173  1.50019e-15
6174  1.50255e-15
6175  1.50508e-15
6176  1.50779e-15
6177  1.51066e-15
6178  1.51369e-15
6179  1.51689e-15
6180  1.52024e-15
6181  1.52374e-15
6182  1.52739e-15
6183  1.53118e-15
6184  1.53512e-15
6185  1.53918e-15
6186  1.54338e-15
6187  1.54769e-15
6188  1.55212e-15
6189  1.55667e-15
6190  1.56131e-15
6191  1.56606e-15
6192  1.57089e-15
6193  1.5758e-15
6194  1.58079e-15
6195  1.58585e-15
6196  1.59097e-15
6197  1.59614e-15
6198  1.60136e-15
6199  1.60661e-15
6200  1.61189e-15
6201  1.61719e-15
6202  1.6225e-15
6203  1.62782e-15
6204  1.63312e-15
6205  1.63842e-15
6206  1.64369e-15
6207  1.64893e-15
6208  1.65413e-15
6209  1.65929e-15
6210  1.66438e-15
6211  1.66942e-15
6212  1.67438e-15
6213  1.67925e-15
6214  1.68404e-15
6215  1.68873e-15
6216  1.69331e-15
6217  1.69778e-15
6218  1.70214e-15
6219  1.70636e-15
6220  1.71045e-15
6221  1.71439e-15
6222  1.71819e-15
6223  1.72183e-15
6224  1.72531e-15
6225  1.72862e-15
6226  1.73176e-15
6227  1.73472e-15
6228  1.7375e-15
6229  1.74009e-15
6230  1.74249e-15
6231  1.74469e-15
6232  1.7467e-15
6233  1.74849e-15
6234  1.75009e-15
6235  1.75147e-15
6236  1.75264e-15
6237  1.7536e-15
6238  1.75434e-15
6239  1.75486e-15
6240  1.75517e-15
6241  1.75526e-15
6242  1.75514e-15
6243  1.75479e-15
6244  1.75423e-15
6245  1.75346e-15
6246  1.75247e-15
6247  1.75126e-15
6248  1.74985e-15
6249  1.74823e-15
6250  1.74641e-15
6251  1.74438e-15
6252  1.74216e-15
6253  1.73975e-15
6254  1.73715e-15
6255  1.73436e-15
6256  1.73139e-15
6257  1.72825e-15
6258  1.72495e-15
6259  1.72148e-15
6260  1.71785e-15
6261  1.71408e-15
6262  1.71016e-15
6263  1.70611e-15
6264  1.70193e-15
6265  1.69763e-15
6266  1.69322e-15
6267  1.6887e-15
6268  1.68409e-15
6269  1.67939e-15
6270  1.67461e-15
6271  1.66975e-15
6272  1.66484e-15
6273  1.65987e-15
6274  1.65485e-15
6275  1.6498e-15
6276  1.64472e-15
6277  1.63963e-15
6278  1.63452e-15
6279  1.62942e-15
6280  1.62432e-15
6281  1.61925e-15
6282  1.6142e-15
6283  1.60918e-15
6284  1.60421e-15
6285  1.5993e-15
6286  1.59445e-15
6287  1.58967e-15
6288  1.58497e-15
6289  1.58035e-15
6290  1.57584e-15
6291  1.57143e-15
6292  1.56713e-15
6293  1.56295e-15
6294  1.5589e-15
6295  1.55498e-15
6296  1.55121e-15
6297  1.54759e-15
6298  1.54412e-15
6299  1.54081e-15
6300  1.53767e-15
6301  1.5347e-15
6302  1.53191e-15
6303  1.52931e-15
6304  1.5269e-15
6305  1.52468e-15
6306  1.52266e-15
6307  1.52084e-15
6308  1.51923e-15
6309  1.51783e-15
6310  1.51664e-15
6311  1.51567e-15
6312  1.51491e-15
6313  1.51438e-15
6314  1.51407e-15
6315  1.51399e-15
6316  1.51413e-15
6317  1.5145e-15
6318  1.5151e-15
6319  1.51592e-15
6320  1.51698e-15
6321  1.51826e-15
6322  1.51978e-15
6323  1.52152e-15
6324  1.52348e-15
6325  1.52567e-15
6326  1.52809e-15
6327  1.53073e-15
6328  1.53359e-15
6329  1.53667e-15
6330  1.53997e-15
6331  1.54348e-15
6332  1.5472e-15
6333  1.55113e-15
6334  1.55526e-15
6335  1.5596e-15
6336  1.56413e-15
6337  1.56886e-15
6338  1.57378e-15
6339  1.57889e-15
6340  1.58418e-15
6341  1.58965e-15
6342  1.59529e-15
6343  1.60111e-15
6344  1.60709e-15
6345  1.61323e-15
6346  1.61953e-15
6347  1.62599e-15
6348  1.63259e-15
6349  1.63934e-15
6350  1.64622e-15
6351  1.65324e-15
6352  1.66039e-15
6353  1.66767e-15
6354  1.67507e-15
6355  1.68258e-15
6356  1.69021e-15
6357  1.69794e-15
6358  1.70578e-15
6359  1.71372e-15
6360  1.72175e-15
6361  1.72987e-15
6362  1.73808e-15
6363  1.74638e-15
6364  1.75475e-15
6365  1.7632e-15
6366  1.77172e-15
6367  1.78031e-15
6368  1.78897e-15
6369  1.79769e-15
6370  1.80646e-15
6371  1.8153e-15
6372  1.82418e-15
6373  1.83312e-15
6374  1.84211e-15
6375  1.85114e-15
6376  1.86022e-15
6377  1.86933e-15
6378  1.87849e-15
6379  1.88768e-15
6380  1.89691e-15
6381  1.90618e-15
6382  1.91548e-15
6383  1.92481e-15
6384  1.93417e-15
6385  1.94356e-15
6386  1.95298e-15
6387  1.96243e-15
6388  1.9719e-15
6389  1.9814e-15
6390  1.99093e-15
6391  2.00048e-15
6392  2.01006e-15
6393  2.01966e-15
6394  2.02929e-15
6395  2.03894e-15
6396  2.04862e-15
6397  2.05832e-15
6398  2.06805e-15
6399  2.0778e-15
6400  2.08758e-15
6401  2.09738e-15
6402  2.10721e-15
6403  2.11707e-15
6404  2.12695e-15
6405  2.13686e-15
6406  2.1468e-15
6407  2.15676e-15
6408  2.16675e-15
6409  2.17677e-15
6410  2.18682e-15
6411  2.19689e-15
6412  2.207e-15
6413  2.21713e-15
6414  2.22729e-15
6415  2.23748e-15
6416  2.2477e-15
6417  2.25795e-15
6418  2.26822e-15
6419  2.27853e-15
6420  2.28886e-15
6421  2.29921e-15
6422  2.30959e-15
6423  2.32e-15
6424  2.33043e-15
6425  2.34089e-15
6426  2.35137e-15
6427  2.36187e-15
6428  2.37239e-15
6429  2.38293e-15
6430  2.39348e-15
6431  2.40406e-15
6432  2.41464e-15
6433  2.42524e-15
6434  2.43585e-15
6435  2.44646e-15
6436  2.45708e-15
6437  2.46771e-15
6438  2.47833e-15
6439  2.48895e-15
6440  2.49957e-15
6441  2.51018e-15
6442  2.52078e-15
6443  2.53136e-15
6444  2.54193e-15
6445  2.55248e-15
6446  2.56301e-15
6447  2.5735e-15
6448  2.58397e-15
6449  2.5944e-15
6450  2.60479e-15
6451  2.61515e-15
6452  2.62545e-15
6453  2.63571e-15
6454  2.64591e-15
6455  2.65605e-15
6456  2.66613e-15
6457  2.67614e-15
6458  2.68608e-15
6459  2.69595e-15
6460  2.70573e-15
6461  2.71543e-15
6462  2.72505e-15
6463  2.73457e-15
6464  2.74399e-15
6465  2.75331e-15
6466  2.76252e-15
6467  2.77162e-15
6468  2.78061e-15
6469  2.78948e-15
6470  2.79822e-15
6471  2.80684e-15
6472  2.81532e-15
6473  2.82367e-15
6474  2.83187e-15
6475  2.83993e-15
6476  2.84785e-15
6477  2.85561e-15
6478  2.86321e-15
6479  2.87065e-15
6480  2.87793e-15
6481  2.88504e-15
6482  2.89199e-15
6483  2.89875e-15
6484  2.90534e-15
6485  2.91175e-15
6486  2.91798e-15
6487  2.92402e-15
6488  2.92986e-15
6489  2.93552e-15
6490  2.94099e-15
6491  2.94625e-15
6492  2.95132e-15
6493  2.95619e-15
6494  2.96085e-15
6495  2.96531e-15
6496  2.96957e-15
6497  2.97361e-15
6498  2.97745e-15
6499  2.98108e-15
6500  2.98449e-15
6501  2.98769e-15
6502  2.99068e-15
6503  2.99346e-15
6504  2.99602e-15
6505  2.99836e-15
6506  3.00049e-15
6507  3.00241e-15
6508  3.00411e-15
6509  3.0056e-15
6510  3.00687e-15
6511  3.00793e-15
6512  3.00877e-15
6513  3.0094e-15
6514  3.00982e-15
6515  3.01003e-15
6516  3.01003e-15
6517  3.00982e-15
6518  3.0094e-15
6519  3.00878e-15
6520  3.00795e-15
6521  3.00692e-15
6522  3.00568e-15
6523  3.00425e-15
6524  3.00262e-15
6525  3.00079e-15
6526  2.99877e-15
6527  2.99655e-15
6528  2.99415e-15
6529  2.99156e-15
6530  2.98878e-15
6531  2.98582e-15
6532  2.98268e-15
6533  2.97936e-15
6534  2.97586e-15
6535  2.97219e-15
6536  2.96835e-15
6537  2.96434e-15
6538  2.96016e-15
6539  2.95582e-15
6540  2.95131e-15
6541  2.94665e-15
6542  2.94183e-15
6543  2.93686e-15
6544  2.93173e-15
6545  2.92645e-15
6546  2.92103e-15
6547  2.91546e-15
6548  2.90976e-15
6549  2.90391e-15
6550  2.89792e-15
6551  2.8918e-15
6552  2.88554e-15
6553  2.87916e-15
6554  2.87265e-15
6555  2.86601e-15
6556  2.85924e-15
6557  2.85236e-15
6558  2.84535e-15
6559  2.83823e-15
6560  2.83099e-15
6561  2.82363e-15
6562  2.81616e-15
6563  2.80859e-15
6564  2.8009e-15
6565  2.79311e-15
6566  2.78521e-15
6567  2.7772e-15
6568  2.7691e-15
6569  2.76089e-15
6570  2.75258e-15
6571  2.74417e-15
6572  2.73567e-15
6573  2.72707e-15
6574  2.71837e-15
6575  2.70959e-15
6576  2.7007e-15
6577  2.69173e-15
6578  2.68267e-15
6579  2.67351e-15
6580  2.66427e-15
6581  2.65494e-15
6582  2.64553e-15
6583  2.63602e-15
6584  2.62643e-15
6585  2.61676e-15
6586  2.607e-15
6587  2.59716e-15
6588  2.58724e-15
6589  2.57723e-15
6590  2.56714e-15
6591  2.55698e-15
6592  2.54673e-15
6593  2.5364e-15
6594  2.52599e-15
6595  2.51551e-15
6596  2.50495e-15
6597  2.49431e-15
6598  2.48359e-15
6599  2.4728e-15
6600  2.46193e-15
6601  2.45098e-15
6602  2.43997e-15
6603  2.42888e-15
6604  2.41771e-15
6605  2.40648e-15
6606  2.39517e-15
6607  2.38379e-15
6608  2.37235e-15
6609  2.36083e-15
6610  2.34925e-15
6611  2.33759e-15
6612  2.32588e-15
6613  2.31409e-15
6614  2.30225e-15
6615  2.29034e-15
6616  2.27836e-15
6617  2.26633e-15
6618  2.25424e-15
6619  2.24209e-15
6620  2.22988e-15
6621  2.21762e-15
6622  2.2053e-15
6623  2.19293e-15
6624  2.18051e-15
6625  2.16803e-15
6626  2.15552e-15
6627  2.14295e-15
6628  2.13034e-15
6629  2.11769e-15
6630  2.10499e-15
6631  2.09226e-15
6632  2.07949e-15
6633  2.06669e-15
6634  2.05385e-15
6635  2.04099e-15
6636  2.02809e-15
6637  2.01517e-15
6638  2.00223e-15
6639  1.98926e-15
6640  1.97628e-15
6641  1.96328e-15
6642  1.95026e-15
6643  1.93724e-15
6644  1.9242e-15
6645  1.91116e-15
6646  1.89812e-15
6647  1.88508e-15
6648  1.87203e-15
6649  1.859e-15
6650  1.84597e-15
6651  1.83295e-15
6652  1.81995e-15
6653  1.80696e-15
6654  1.794e-15
6655  1.78105e-15
6656  1.76813e-15
6657  1.75525e-15
6658  1.74239e-15
6659  1.72957e-15
6660  1.71678e-15
6661  1.70404e-15
6662  1.69134e-15
6663  1.67869e-15
6664  1.66609e-15
6665  1.65354e-15
6666  1.64105e-15
6667  1.62862e-15
6668  1.61626e-15
6669  1.60396e-15
6670  1.59172e-15
6671  1.57956e-15
6672  1.56748e-15
6673  1.55547e-15
6674  1.54355e-15
6675  1.53171e-15
6676  1.51996e-15
6677  1.50829e-15
6678  1.49673e-15
6679  1.48525e-15
6680  1.47388e-15
6681  1.4626e-15
6682  1.45144e-15
6683  1.44037e-15
6684  1.42942e-15
6685  1.41858e-15
6686  1.40786e-15
6687  1.39725e-15
6688  1.38676e-15
6689  1.3764e-15
6690  1.36616e-15
6691  1.35605e-15
6692  1.34606e-15
6693  1.33621e-15
6694  1.32649e-15
6695  1.31691e-15
6696  1.30746e-15
6697  1.29815e-15
6698  1.28899e-15
6699  1.27996e-15
6700  1.27109e-15
6701  1.26235e-15
6702  1.25377e-15
6703  1.24533e-15
6704  1.23705e-15
6705  1.22892e-15
6706  1.22094e-15
6707  1.21311e-15
6708  1.20544e-15
6709  1.19793e-15
6710  1.19058e-15
6711  1.18338e-15
6712  1.17634e-15
6713  1.16946e-15
6714  1.16274e-15
6715  1.15618e-15
6716  1.14978e-15
6717  1.14355e-15
6718  1.13747e-15
6719  1.13156e-15
6720  1.1258e-15
6721  1.12021e-15
6722  1.11478e-15
6723  1.10951e-15
6724  1.1044e-15
6725  1.09946e-15
6726  1.09467e-15
6727  1.09004e-15
6728  1.08557e-15
6729  1.08125e-15
6730  1.0771e-15
6731  1.07309e-15
6732  1.06925e-15
6733  1.06555e-15
6734  1.06201e-15
6735  1.05862e-15
6736  1.05538e-15
6737  1.05229e-15
6738  1.04935e-15
6739  1.04654e-15
6740  1.04389e-15
6741  1.04137e-15
6742  1.03899e-15
6743  1.03675e-15
6744  1.03465e-15
6745  1.03268e-15
6746  1.03084e-15
6747  1.02913e-15
6748  1.02755e-15
6749  1.02609e-15
6750  1.02475e-15
6751  1.02353e-15
6752  1.02243e-15
6753  1.02144e-15
6754  1.02056e-15
6755  1.0198e-15
6756  1.01913e-15
6757  1.01857e-15
6758  1.01811e-15
6759  1.01775e-15
6760  1.01748e-15
6761  1.01731e-15
6762  1.01722e-15
6763  1.01721e-15
6764  1.01729e-15
6765  1.01745e-15
6766  1.01768e-15
6767  1.01798e-15
6768  1.01836e-15
6769  1.0188e-15
6770  1.0193e-15
6771  1.01986e-15
6772  1.02048e-15
6773  1.02115e-15
6774  1.02187e-15
6775  1.02264e-15
6776  1.02345e-15
6777  1.0243e-15
6778  1.02519e-15
6779  1.02611e-15
6780  1.02706e-15
6781  1.02804e-15
6782  1.02904e-15
6783  1.03007e-15
6784  1.03111e-15
6785  1.03217e-15
6786  1.03324e-15
6787  1.03433e-15
6788  1.03542e-15
6789  1.03651e-15
6790  1.0376e-15
6791  1.03869e-15
6792  1.03978e-15
6793  1.04087e-15
6794  1.04194e-15
6795  1.043e-15
6796  1.04405e-15
6797  1.04508e-15
6798  1.0461e-15
6799  1.0471e-15
6800  1.04807e-15
6801  1.04902e-15
6802  1.04994e-15
6803  1.05084e-15
6804  1.05171e-15
6805  1.05255e-15
6806  1.05335e-15
6807  1.05412e-15
6808  1.05486e-15
6809  1.05556e-15
6810  1.05623e-15
6811  1.05686e-15
6812  1.05745e-15
6813  1.058e-15
6814  1.05851e-15
6815  1.05898e-15
6816  1.05941e-15
6817  1.0598e-15
6818  1.06015e-15
6819  1.06045e-15
6820  1.06072e-15
6821  1.06094e-15
6822  1.06113e-15
6823  1.06127e-15
6824  1.06137e-15
6825  1.06143e-15
6826  1.06145e-15
6827  1.06144e-15
6828  1.06138e-15
6829  1.06129e-15
6830  1.06116e-15
6831  1.061e-15
6832  1.0608e-15
6833  1.06057e-15
6834  1.0603e-15
6835  1.06001e-15
6836  1.05969e-15
6837  1.05934e-15
6838  1.05896e-15
6839  1.05856e-15
6840  1.05813e-15
6841  1.05768e-15
6842  1.05722e-15
6843  1.05673e-15
6844  1.05623e-15
6845  1.05571e-15
6846  1.05518e-15
6847  1.05464e-15
6848  1.05409e-15
6849  1.05354e-15
6850  1.05298e-15
6851  1.05241e-15
6852  1.05184e-15
6853  1.05128e-15
6854  1.05071e-15
6855  1.05015e-15
6856  1.0496e-15
6857  1.04906e-15
6858  1.04852e-15
6859  1.048e-15
6860  1.04749e-15
6861  1.04699e-15
6862  1.04652e-15
6863  1.04606e-15
6864  1.04563e-15
6865  1.04521e-15
6866  1.04482e-15
6867  1.04446e-15
6868  1.04412e-15
6869  1.04381e-15
6870  1.04354e-15
6871  1.04329e-15
6872  1.04308e-15
6873  1.0429e-15
6874  1.04275e-15
6875  1.04264e-15
6876  1.04257e-15
6877  1.04254e-15
6878  1.04255e-15
6879  1.04259e-15
6880  1.04268e-15
6881  1.04281e-15
6882  1.04297e-15
6883  1.04319e-15
6884  1.04344e-15
6885  1.04374e-15
6886  1.04407e-15
6887  1.04446e-15
6888  1.04488e-15
6889  1.04535e-15
6890  1.04586e-15
6891  1.04642e-15
6892  1.04702e-15
6893  1.04766e-15
6894  1.04834e-15
6895  1.04906e-15
6896  1.04982e-15
6897  1.05063e-15
6898  1.05147e-15
6899  1.05235e-15
6900  1.05327e-15
6901  1.05422e-15
6902  1.05521e-15
6903  1.05624e-15
6904  1.05729e-15
6905  1.05838e-15
6906  1.0595e-15
6907  1.06065e-15
6908  1.06183e-15
6909  1.06304e-15
6910  1.06427e-15
6911  1.06552e-15
6912  1.06679e-15
6913  1.06809e-15
6914  1.06941e-15
6915  1.07074e-15
6916  1.07209e-15
6917  1.07345e-15
6918  1.07482e-15
6919  1.0762e-15
6920  1.0776e-15
6921  1.07899e-15
6922  1.0804e-15
6923  1.08181e-15
6924  1.08321e-15
6925  1.08462e-15
6926  1.08603e-15
6927  1.08743e-15
6928  1.08883e-15
6929  1.09021e-15
6930  1.09159e-15
6931  1.09296e-15
6932  1.09432e-15
6933  1.09566e-15
6934  1.09698e-15
6935  1.09829e-15
6936  1.09958e-15
6937  1.10084e-15
6938  1.10209e-15
6939  1.10331e-15
6940  1.10451e-15
6941  1.10568e-15
6942  1.10682e-15
6943  1.10793e-15
6944  1.10901e-15
6945  1.11006e-15
6946  1.11108e-15
6947  1.11206e-15
6948  1.11301e-15
6949  1.11392e-15
6950  1.11479e-15
6951  1.11563e-15
6952  1.11643e-15
6953  1.11719e-15
6954  1.11791e-15
6955  1.11859e-15
6956  1.11923e-15
6957  1.11982e-15
6958  1.12038e-15
6959  1.12089e-15
6960  1.12136e-15
6961  1.12178e-15
6962  1.12217e-15
6963  1.1225e-15
6964  1.1228e-15
6965  1.12305e-15
6966  1.12326e-15
6967  1.12343e-15
6968  1.12355e-15
6969  1.12363e-15
6970  1.12367e-15
6971  1.12366e-15
6972  1.12361e-15
6973  1.12352e-15
6974  1.12339e-15
6975  1.12322e-15
6976  1.12301e-15
6977  1.12276e-15
6978  1.12248e-15
6979  1.12215e-15
6980  1.12178e-15
6981  1.12138e-15
6982  1.12095e-15
6983  1.12048e-15
6984  1.11997e-15
6985  1.11944e-15
6986  1.11887e-15
6987  1.11827e-15
6988  1.11763e-15
6989  1.11697e-15
6990  1.11629e-15
6991  1.11557e-15
6992  1.11483e-15
6993  1.11407e-15
6994  1.11328e-15
6995  1.11246e-15
6996  1.11163e-15
6997  1.11078e-15
6998  1.1099e-15
6999  1.10901e-15
7000  1.1081e-15
7001  1.10718e-15
7002  1.10624e-15
7003  1.10529e-15
7004  1.10432e-15
7005  1.10335e-15
7006  1.10236e-15
7007  1.10137e-15
7008  1.10036e-15
7009  1.09935e-15
7010  1.09834e-15
7011  1.09732e-15
7012  1.09629e-15
7013  1.09527e-15
7014  1.09424e-15
7015  1.09321e-15
7016  1.09218e-15
7017  1.09115e-15
7018  1.09013e-15
7019  1.08911e-15
7020  1.08809e-15
7021  1.08708e-15
7022  1.08607e-15
7023  1.08507e-15
7024  1.08408e-15
7025  1.08309e-15
7026  1.08212e-15
7027  1.08115e-15
7028  1.0802e-15
7029  1.07925e-15
7030  1.07832e-15
7031  1.0774e-15
7032  1.07649e-15
7033  1.0756e-15
7034  1.07472e-15
7035  1.07385e-15
7036  1.073e-15
7037  1.07216e-15
7038  1.07134e-15
7039  1.07054e-15
7040  1.06976e-15
7041  1.06899e-15
7042  1.06823e-15
7043  1.0675e-15
7044  1.06679e-15
7045  1.06609e-15
7046  1.06541e-15
7047  1.06475e-15
7048  1.06411e-15
7049  1.06349e-15
7050  1.0629e-15
7051  1.06232e-15
7052  1.06176e-15
7053  1.06122e-15
7054  1.0607e-15
7055  1.0602e-15
7056  1.05973e-15
7057  1.05927e-15
7058  1.05884e-15
7059  1.05843e-15
7060  1.05804e-15
7061  1.05767e-15
7062  1.05732e-15
7063  1.057e-15
7064  1.05669e-15
7065  1.05642e-15
7066  1.05616e-15
7067  1.05592e-15
7068  1.05571e-15
7069  1.05552e-15
7070  1.05536e-15
7071  1.05521e-15
7072  1.05509e-15
7073  1.055e-15
7074  1.05492e-15
7075  1.05488e-15
7076  1.05485e-15
7077  1.05485e-15
7078  1.05487e-15
7079  1.05492e-15
7080  1.055e-15
7081  1.05509e-15
7082  1.05522e-15
7083  1.05537e-15
7084  1.05554e-15
7085  1.05574e-15
7086  1.05597e-15
7087  1.05622e-15
7088  1.0565e-15
7089  1.05681e-15
7090  1.05715e-15
7091  1.05751e-15
7092  1.0579e-15
7093  1.05832e-15
7094  1.05877e-15
7095  1.05925e-15
7096  1.05975e-15
7097  1.06029e-15
7098  1.06086e-15
7099  1.06146e-15
7100  1.06209e-15
7101  1.06275e-15
7102  1.06344e-15
7103  1.06416e-15
7104  1.06492e-15
7105  1.06571e-15
7106  1.06653e-15
7107  1.06739e-15
7108  1.06828e-15
7109  1.06921e-15
7110  1.07017e-15
7111  1.07116e-15
7112  1.07219e-15
7113  1.07326e-15
7114  1.07437e-15
7115  1.07551e-15
7116  1.07669e-15
7117  1.07791e-15
7118  1.07916e-15
7119  1.08046e-15
7120  1.08179e-15
7121  1.08316e-15
7122  1.08457e-15
7123  1.08602e-15
7124  1.08751e-15
7125  1.08904e-15
7126  1.09061e-15
7127  1.09223e-15
7128  1.09388e-15
7129  1.09557e-15
7130  1.09731e-15
7131  1.09909e-15
7132  1.1009e-15
7133  1.10276e-15
7134  1.10467e-15
7135  1.10661e-15
7136  1.1086e-15
7137  1.11062e-15
7138  1.11269e-15
7139  1.1148e-15
7140  1.11696e-15
7141  1.11915e-15
7142  1.12139e-15
7143  1.12367e-15
7144  1.12599e-15
7145  1.12835e-15
7146  1.13075e-15
7147  1.13319e-15
7148  1.13567e-15
7149  1.13819e-15
7150  1.14075e-15
7151  1.14335e-15
7152  1.14599e-15
7153  1.14866e-15
7154  1.15138e-15
7155  1.15413e-15
7156  1.15692e-15
7157  1.15974e-15
7158  1.1626e-15
7159  1.16549e-15
7160  1.16842e-15
7161  1.17138e-15
7162  1.17437e-15
7163  1.17739e-15
7164  1.18044e-15
7165  1.18353e-15
7166  1.18664e-15
7167  1.18978e-15
7168  1.19295e-15
7169  1.19614e-15
7170  1.19936e-15
7171  1.2026e-15
7172  1.20586e-15
7173  1.20915e-15
7174  1.21246e-15
7175  1.21578e-15
7176  1.21912e-15
7177  1.22248e-15
7178  1.22586e-15
7179  1.22925e-15
7180  1.23265e-15
7181  1.23607e-15
7182  1.23949e-15
7183  1.24293e-15
7184  1.24637e-15
7185  1.24981e-15
7186  1.25326e-15
7187  1.25672e-15
7188  1.26018e-15
7189  1.26363e-15
7190  1.26709e-15
7191  1.27054e-15
7192  1.27399e-15
7193  1.27743e-15
7194  1.28086e-15
7195  1.28429e-15
7196  1.2877e-15
7197  1.29111e-15
7198  1.2945e-15
7199  1.29787e-15
7200  1.30123e-15
7201  1.30457e-15
7202  1.30789e-15
7203  1.31118e-15
7204  1.31446e-15
7205  1.31771e-15
7206  1.32093e-15
7207  1.32413e-15
7208  1.3273e-15
7209  1.33044e-15
7210  1.33355e-15
7211  1.33662e-15
7212  1.33966e-15
7213  1.34266e-15
7214  1.34563e-15
7215  1.34856e-15
7216  1.35144e-15
7217  1.35429e-15
7218  1.35709e-15
7219  1.35986e-15
7220  1.36257e-15
7221  1.36524e-15
7222  1.36787e-15
7223  1.37044e-15
7224  1.37297e-15
7225  1.37545e-15
7226  1.37788e-15
7227  1.38025e-15
7228  1.38258e-15
7229  1.38485e-15
7230  1.38706e-15
7231  1.38923e-15
7232  1.39133e-15
7233  1.39339e-15
7234  1.39538e-15
7235  1.39732e-15
7236  1.39921e-15
7237  1.40104e-15
7238  1.40281e-15
7239  1.40452e-15
7240  1.40617e-15
7241  1.40777e-15
7242  1.40931e-15
7243  1.41079e-15
7244  1.41222e-15
7245  1.41358e-15
7246  1.41489e-15
7247  1.41615e-15
7248  1.41734e-15
7249  1.41848e-15
7250  1.41957e-15
7251  1.4206e-15
7252  1.42157e-15
7253  1.42249e-15
7254  1.42336e-15
7255  1.42418e-15
7256  1.42494e-15
7257  1.42565e-15
7258  1.42631e-15
7259  1.42692e-15
7260  1.42749e-15
7261  1.428e-15
7262  1.42847e-15
7263  1.42889e-15
7264  1.42927e-15
7265  1.42961e-15
7266  1.4299e-15
7267  1.43016e-15
7268  1.43037e-15
7269  1.43054e-15
7270  1.43068e-15
7271  1.43078e-15
7272  1.43085e-15
7273  1.43088e-15
7274  1.43088e-15
7275  1.43086e-15
7276  1.4308e-15
7277  1.43071e-15
7278  1.4306e-15
7279  1.43046e-15
7280  1.4303e-15
7281  1.43011e-15
7282  1.4299e-15
7283  1.42968e-15
7284  1.42943e-15
7285  1.42917e-15
7286  1.42889e-15
7287  1.4286e-15
7288  1.42829e-15
7289  1.42797e-15
7290  1.42764e-15
7291  1.4273e-15
7292  1.42695e-15
7293  1.4266e-15
7294  1.42624e-15
7295  1.42587e-15
7296  1.42549e-15
7297  1.42512e-15
7298  1.42474e-15
7299  1.42436e-15
7300  1.42398e-15
7301  1.4236e-15
7302  1.42322e-15
7303  1.42285e-15
7304  1.42247e-15
7305  1.4221e-15
7306  1.42174e-15
7307  1.42137e-15
7308  1.42102e-15
7309  1.42067e-15
7310  1.42032e-15
7311  1.41998e-15
7312  1.41965e-15
7313  1.41933e-15
7314  1.41901e-15
7315  1.41871e-15
7316  1.41841e-15
7317  1.41812e-15
7318  1.41784e-15
7319  1.41757e-15
7320  1.4173e-15
7321  1.41705e-15
7322  1.4168e-15
7323  1.41657e-15
7324  1.41634e-15
7325  1.41613e-15
7326  1.41592e-15
7327  1.41572e-15
7328  1.41553e-15
7329  1.41535e-15
7330  1.41518e-15
7331  1.41502e-15
7332  1.41487e-15
7333  1.41472e-15
7334  1.41458e-15
7335  1.41446e-15
7336  1.41433e-15
7337  1.41422e-15
7338  1.41411e-15
7339  1.41401e-15
7340  1.41392e-15
7341  1.41383e-15
7342  1.41375e-15
7343  1.41367e-15
7344  1.4136e-15
7345  1.41354e-15
7346  1.41348e-15
7347  1.41342e-15
7348  1.41337e-15
7349  1.41333e-15
7350  1.41329e-15
7351  1.41325e-15
7352  1.41321e-15
7353  1.41318e-15
7354  1.41315e-15
7355  1.41313e-15
7356  1.4131e-15
7357  1.41308e-15
7358  1.41306e-15
7359  1.41305e-15
7360  1.41303e-15
7361  1.41302e-15
7362  1.41301e-15
7363  1.413e-15
7364  1.41299e-15
7365  1.41298e-15
7366  1.41298e-15
7367  1.41297e-15
7368  1.41297e-15
7369  1.41296e-15
7370  1.41296e-15
7371  1.41295e-15
7372  1.41295e-15
7373  1.41295e-15
7374  1.41295e-15
7375  1.41295e-15
7376  1.41295e-15
7377  1.41294e-15
7378  1.41294e-15
7379  1.41294e-15
7380  1.41294e-15
7381  1.41294e-15
7382  1.41294e-15
7383  1.41294e-15
7384  1.41294e-15
7385  1.41294e-15
7386  1.41294e-15
7387  1.41294e-15
7388  1.41294e-15
7389  1.41294e-15
7390  1.41294e-15
7391  1.41294e-15
7392  1.41294e-15
7393  1.41294e-15
7394  1.41294e-15
7395  1.41294e-15
7396  1.41294e-15
7397  1.41294e-15
7398  1.41294e-15
7399  1.41294e-15
7400  1.41294e-15
7401  1.41294e-15
7402  1.41294e-15
7403  1.41294e-15
7404  1.41294e-15
7405  1.41294e-15
7406  1.41294e-15
7407  1.41294e-15
7408  1.41294e-15
7409  1.41294e-15