#2.268439686785544
3329.92  2.10673e-16
3331.32  2.15868e-16
3332.73  2.2044e-16
3334.14  2.24273e-16
3335.54  2.27266e-16
3336.95  2.29337e-16
3338.36  2.3042e-16
3339.77  2.30474e-16
3341.17  2.29477e-16
3342.58  2.27435e-16
3343.99  2.24373e-16
3345.39  2.20342e-16
3346.8   2.15414e-16
3348.21  2.0968e-16
3349.61  2.03249e-16
3351.02  1.96246e-16
3352.43  1.88806e-16
3353.84  1.8107e-16
3355.24  1.73187e-16
3356.65  1.65304e-16
3358.06  1.57565e-16
3359.46  1.50106e-16
3360.87  1.43054e-16
3362.28  1.36524e-16
3363.68  1.30613e-16
3365.09  1.25401e-16
3366.5   1.20948e-16
3367.91  1.17296e-16
3369.31  1.14465e-16
3370.72  1.12455e-16
3372.13  1.11246e-16
3373.53  1.108e-16
3374.94  1.11063e-16
3376.35  1.11967e-16
3377.75  1.1343e-16
3379.16  1.15364e-16
3380.57  1.17672e-16
3381.98  1.20255e-16
3383.38  1.23014e-16
3384.79  1.25851e-16
3386.2   1.28673e-16
3387.6   1.31397e-16
3389.01  1.33946e-16
3390.42  1.36256e-16
3391.82  1.38276e-16
3393.23  1.39967e-16
3394.64  1.41305e-16
3396.05  1.42278e-16
3397.45  1.4289e-16
3398.86  1.43156e-16
3400.27  1.43101e-16
3401.67  1.42763e-16
3403.08  1.42185e-16
3404.49  1.41419e-16
3405.89  1.40518e-16
3407.3   1.39539e-16
3408.71  1.3854e-16
3410.12  1.37573e-16
3411.52  1.3669e-16
3412.93  1.35936e-16
3414.34  1.35348e-16
3415.74  1.34958e-16
3417.15  1.34785e-16
3418.56  1.34845e-16
3419.96  1.35139e-16
3421.37  1.35664e-16
3422.78  1.36405e-16
3424.19  1.37344e-16
3425.59  1.38454e-16
3427     1.39703e-16
3428.41  1.41058e-16
3429.81  1.4248e-16
3431.22  1.43934e-16
3432.63  1.45382e-16
3434.03  1.46791e-16
3435.44  1.48127e-16
3436.85  1.49365e-16
3438.26  1.50481e-16
3439.66  1.51458e-16
3441.07  1.52283e-16
3442.48  1.5295e-16
3443.88  1.53457e-16
3445.29  1.53808e-16
3446.7   1.54009e-16
3448.1   1.54071e-16
3449.51  1.54007e-16
3450.92  1.5383e-16
3452.33  1.53556e-16
3453.73  1.532e-16
3455.14  1.52774e-16
3456.55  1.5229e-16
3457.95  1.51758e-16
3459.36  1.51182e-16
3460.77  1.50568e-16
3462.17  1.49913e-16
3463.58  1.49215e-16
3464.99  1.48467e-16
3466.4   1.47661e-16
3467.8   1.46786e-16
3469.21  1.4583e-16
3470.62  1.44781e-16
3472.02  1.43627e-16
3473.43  1.42356e-16
3474.84  1.4096e-16
3476.25  1.39431e-16
3477.65  1.37766e-16
3479.06  1.35964e-16
3480.47  1.34029e-16
3481.87  1.31969e-16
3483.28  1.29797e-16
3484.69  1.27529e-16
3486.09  1.25186e-16
3487.5   1.22791e-16
3488.91  1.20374e-16
3490.32  1.17964e-16
3491.72  1.15593e-16
3493.13  1.13296e-16
3494.54  1.11105e-16
3495.94  1.09056e-16
3497.35  1.0718e-16
3498.76  1.05508e-16
3500.16  1.04066e-16
3501.57  1.02879e-16
3502.98  1.01966e-16
3504.39  1.01341e-16
3505.79  1.01012e-16
3507.2   1.00984e-16
3508.61  1.01253e-16
3510.01  1.01812e-16
3511.42  1.02645e-16
3512.83  1.03732e-16
3514.23  1.0505e-16
3515.64  1.06568e-16
3517.05  1.08254e-16
3518.46  1.10071e-16
3519.86  1.11981e-16
3521.27  1.13944e-16
3522.68  1.1592e-16
3524.08  1.1787e-16
3525.49  1.19757e-16
3526.9   1.21545e-16
3528.3   1.23202e-16
3529.71  1.24701e-16
3531.12  1.26019e-16
3532.53  1.27139e-16
3533.93  1.28047e-16
3535.34  1.28738e-16
3536.75  1.29211e-16
3538.15  1.2947e-16
3539.56  1.29528e-16
3540.97  1.29398e-16
3542.37  1.29102e-16
3543.78  1.28663e-16
3545.19  1.28109e-16
3546.6   1.2747e-16
3548     1.26777e-16
3549.41  1.26063e-16
3550.82  1.2536e-16
3552.22  1.24698e-16
3553.63  1.24106e-16
3555.04  1.23612e-16
3556.44  1.23237e-16
3557.85  1.23002e-16
3559.26  1.22921e-16
3560.67  1.23002e-16
3562.07  1.2325e-16
3563.48  1.23663e-16
3564.89  1.24236e-16
3566.29  1.24954e-16
3567.7   1.25802e-16
3569.11  1.26757e-16
3570.51  1.27793e-16
3571.92  1.2888e-16
3573.33  1.29986e-16
3574.74  1.31077e-16
3576.14  1.32116e-16
3577.55  1.33068e-16
3578.96  1.33898e-16
3580.36  1.34573e-16
3581.77  1.35063e-16
3583.18  1.35341e-16
3584.58  1.35385e-16
3585.99  1.35176e-16
3587.4   1.34704e-16
3588.81  1.33962e-16
3590.21  1.32951e-16
3591.62  1.31677e-16
3593.03  1.30155e-16
3594.43  1.28403e-16
3595.84  1.26447e-16
3597.25  1.24316e-16
3598.65  1.22046e-16
3600.06  1.19675e-16
3601.47  1.17243e-16
3602.88  1.14795e-16
3604.28  1.12375e-16
3605.69  1.10026e-16
3607.1   1.07792e-16
3608.5   1.05714e-16
3609.91  1.03831e-16
3611.32  1.02178e-16
3612.72  1.00786e-16
3614.13  9.96816e-17
3615.54  9.88879e-17
3616.95  9.84217e-17
3618.35  9.82954e-17
3619.76  9.85166e-17
3621.17  9.90881e-17
3622.57  1.00009e-16
3623.98  1.01273e-16
3625.39  1.02873e-16
3626.79  1.04797e-16
3628.2   1.07032e-16
3629.61  1.09561e-16
3631.02  1.12368e-16
3632.42  1.15434e-16
3633.83  1.18743e-16
3635.24  1.22274e-16
3636.64  1.26008e-16
3638.05  1.29928e-16
3639.46  1.34015e-16
3640.86  1.38249e-16
3642.27  1.42613e-16
3643.68  1.47087e-16
3645.09  1.51653e-16
3646.49  1.56291e-16
3647.9   1.60981e-16
3649.31  1.65701e-16
3650.71  1.70428e-16
3652.12  1.75139e-16
3653.53  1.7981e-16
3654.93  1.84413e-16
3656.34  1.8892e-16
3657.75  1.93304e-16
3659.16  1.97533e-16
3660.56  2.01579e-16
3661.97  2.0541e-16
3663.38  2.08997e-16
3664.78  2.12309e-16
3666.19  2.1532e-16
3667.6   2.18003e-16
3669     2.20335e-16
3670.41  2.22294e-16
3671.82  2.23864e-16
3673.23  2.25031e-16
3674.63  2.25787e-16
3676.04  2.26128e-16
3677.45  2.26053e-16
3678.85  2.25569e-16
3680.26  2.24686e-16
3681.67  2.23418e-16
3683.08  2.21785e-16
3684.48  2.1981e-16
3685.89  2.17521e-16
3687.3   2.14946e-16
3688.7   2.12119e-16
3690.11  2.09074e-16
3691.52  2.05847e-16
3692.92  2.02472e-16
3694.33  1.98986e-16
3695.74  1.95424e-16
3697.15  1.91819e-16
3698.55  1.88203e-16
3699.96  1.84606e-16
3701.37  1.81053e-16
3702.77  1.77569e-16
3704.18  1.74174e-16
3705.59  1.70886e-16
3706.99  1.67719e-16
3708.4   1.64685e-16
3709.81  1.61791e-16
3711.22  1.59043e-16
3712.62  1.56443e-16
3714.03  1.53993e-16
3715.44  1.51689e-16
3716.84  1.49528e-16
3718.25  1.47505e-16
3719.66  1.45614e-16
3721.06  1.43847e-16
3722.47  1.42194e-16
3723.88  1.40648e-16
3725.29  1.39198e-16
3726.69  1.37834e-16
3728.1   1.36545e-16
3729.51  1.35322e-16
3730.91  1.34154e-16
3732.32  1.3303e-16
3733.73  1.31941e-16
3735.13  1.30876e-16
3736.54  1.29826e-16
3737.95  1.28781e-16
3739.36  1.27733e-16
3740.76  1.26673e-16
3742.17  1.25594e-16
3743.58  1.2449e-16
3744.98  1.23354e-16
3746.39  1.22183e-16
3747.8   1.20973e-16
3749.2   1.19723e-16
3750.61  1.18431e-16
3752.02  1.171e-16
3753.43  1.15733e-16
3754.83  1.14333e-16
3756.24  1.12907e-16
3757.65  1.11462e-16
3759.05  1.10009e-16
3760.46  1.08557e-16
3761.87  1.07117e-16
3763.27  1.05704e-16
3764.68  1.04328e-16
3766.09  1.03005e-16
3767.5   1.01746e-16
3768.9   1.00564e-16
3770.31  9.94721e-17
3771.72  9.84795e-17
3773.12  9.75956e-17
3774.53  9.68274e-17
3775.94  9.61797e-17
3777.34  9.56552e-17
3778.75  9.52537e-17
3780.16  9.49725e-17
3781.57  9.48066e-17
3782.97  9.4748e-17
3784.38  9.47867e-17
3785.79  9.49105e-17
3787.19  9.51055e-17
3788.6   9.53564e-17
3790.01  9.56469e-17
3791.41  9.59605e-17
3792.82  9.62807e-17
3794.23  9.65917e-17
3795.64  9.6879e-17
3797.04  9.713e-17
3798.45  9.73342e-17
3799.86  9.74839e-17
3801.26  9.75748e-17
3802.67  9.76059e-17
3804.08  9.75799e-17
3805.48  9.75035e-17
3806.89  9.73872e-17
3808.3   9.72453e-17
3809.71  9.70957e-17
3811.11  9.69599e-17
3812.52  9.68619e-17
3813.93  9.68284e-17
3815.33  9.68878e-17
3816.74  9.70697e-17
3818.15  9.74041e-17
3819.55  9.79207e-17
3820.96  9.86481e-17
3822.37  9.96128e-17
3823.78  1.00839e-16
3825.18  1.02347e-16
3826.59  1.04154e-16
3828     1.06271e-16
3829.4   1.08706e-16
3830.81  1.1146e-16
3832.22  1.1453e-16
3833.62  1.17904e-16
3835.03  1.21569e-16
3836.44  1.25503e-16
3837.85  1.29682e-16
3839.25  1.34074e-16
3840.66  1.38648e-16
3842.07  1.43366e-16
3843.47  1.4819e-16
3844.88  1.53079e-16
3846.29  1.57995e-16
3847.69  1.62899e-16
3849.1   1.67752e-16
3850.51  1.72522e-16
3851.92  1.77176e-16
3853.32  1.81688e-16
3854.73  1.86037e-16
3856.14  1.90207e-16
3857.54  1.94188e-16
3858.95  1.97975e-16
3860.36  2.01569e-16
3861.76  2.04979e-16
3863.17  2.08216e-16
3864.58  2.11298e-16
3865.99  2.14247e-16
3867.39  2.17088e-16
3868.8   2.19848e-16
3870.21  2.22557e-16
3871.61  2.25244e-16
3873.02  2.27939e-16
3874.43  2.30669e-16
3875.83  2.33461e-16
3877.24  2.36338e-16
3878.65  2.39317e-16
3880.06  2.42414e-16
3881.46  2.45638e-16
3882.87  2.48993e-16
3884.28  2.5248e-16
3885.68  2.56092e-16
3887.09  2.59817e-16
3888.5   2.6364e-16
3889.91  2.6754e-16
3891.31  2.71494e-16
3892.72  2.75476e-16
3894.13  2.79456e-16
3895.53  2.83404e-16
3896.94  2.8729e-16
3898.35  2.91085e-16
3899.75  2.9476e-16
3901.16  2.9829e-16
3902.57  3.0165e-16
3903.98  3.04823e-16
3905.38  3.07792e-16
3906.79  3.10548e-16
3908.2   3.13085e-16
3909.6   3.15402e-16
3911.01  3.17502e-16
3912.42  3.19394e-16
3913.82  3.21091e-16
3915.23  3.22609e-16
3916.64  3.23967e-16
3918.05  3.25186e-16
3919.45  3.2629e-16
3920.86  3.27302e-16
3922.27  3.28246e-16
3923.67  3.29143e-16
3925.08  3.30013e-16
3926.49  3.30875e-16
3927.89  3.31743e-16
3929.3   3.32627e-16
3930.71  3.33532e-16
3932.12  3.34461e-16
3933.52  3.35409e-16
3934.93  3.36368e-16
3936.34  3.37324e-16
3937.74  3.38259e-16
3939.15  3.39151e-16
3940.56  3.39974e-16
3941.96  3.40699e-16
3943.37  3.41295e-16
3944.78  3.4173e-16
3946.19  3.41971e-16
3947.59  3.41984e-16
3949     3.4174e-16
3950.41  3.41207e-16
3951.81  3.40361e-16
3953.22  3.3918e-16
3954.63  3.37645e-16
3956.03  3.35744e-16
3957.44  3.33472e-16
3958.85  3.30827e-16
3960.26  3.27815e-16
3961.66  3.2445e-16
3963.07  3.20748e-16
3964.48  3.16736e-16
3965.88  3.12443e-16
3967.29  3.07905e-16
3968.7   3.03162e-16
3970.1   2.98256e-16
3971.51  2.93234e-16
3972.92  2.88144e-16
3974.33  2.83035e-16
3975.73  2.77954e-16
3977.14  2.72949e-16
3978.55  2.68064e-16
3979.95  2.63342e-16
3981.36  2.58821e-16
3982.77  2.54533e-16
3984.17  2.50506e-16
3985.58  2.46764e-16
3986.99  2.43323e-16
3988.4   2.40194e-16
3989.8   2.37381e-16
3991.21  2.34885e-16
3992.62  2.327e-16
3994.02  2.30814e-16
3995.43  2.29215e-16
3996.84  2.27882e-16
3998.24  2.26797e-16
3999.65  2.25935e-16
4001.06  2.25275e-16
4002.47  2.24791e-16
4003.87  2.24461e-16
4005.28  2.24262e-16
4006.69  2.24175e-16
4008.09  2.24181e-16
4009.5   2.24265e-16
4010.91  2.24416e-16
4012.31  2.24625e-16
4013.72  2.24885e-16
4015.13  2.25195e-16
4016.54  2.25554e-16
4017.94  2.25966e-16
4019.35  2.26436e-16
4020.76  2.26971e-16
4022.16  2.27578e-16
4023.57  2.28267e-16
4024.98  2.29045e-16
4026.38  2.29922e-16
4027.79  2.30903e-16
4029.2   2.31994e-16
4030.61  2.33199e-16
4032.01  2.34516e-16
4033.42  2.35945e-16
4034.83  2.3748e-16
4036.23  2.39113e-16
4037.64  2.40833e-16
4039.05  2.42625e-16
4040.45  2.44473e-16
4041.86  2.46359e-16
4043.27  2.48259e-16
4044.68  2.50154e-16
4046.08  2.52018e-16
4047.49  2.53827e-16
4048.9   2.55559e-16
4050.3   2.5719e-16
4051.71  2.58698e-16
4053.12  2.60063e-16
4054.52  2.61267e-16
4055.93  2.62295e-16
4057.34  2.63136e-16
4058.75  2.63779e-16
4060.15  2.64221e-16
4061.56  2.64457e-16
4062.97  2.64492e-16
4064.37  2.64328e-16
4065.78  2.63974e-16
4067.19  2.63442e-16
4068.59  2.62746e-16
4070     2.619e-16
4071.41  2.60923e-16
4072.82  2.59833e-16
4074.22  2.58651e-16
4075.63  2.57395e-16
4077.04  2.56087e-16
4078.44  2.54743e-16
4079.85  2.53382e-16
4081.26  2.5202e-16
4082.67  2.50669e-16
4084.07  2.49341e-16
4085.48  2.48046e-16
4086.89  2.46787e-16
4088.29  2.45569e-16
4089.7   2.44391e-16
4091.11  2.4325e-16
4092.51  2.42142e-16
4093.92  2.41059e-16
4095.33  2.39992e-16
4096.74  2.38929e-16
4098.14  2.37859e-16
4099.55  2.36768e-16
4100.96  2.35645e-16
4102.36  2.34475e-16
4103.77  2.33247e-16
4105.18  2.31951e-16
4106.58  2.30578e-16
4107.99  2.2912e-16
4109.4   2.27573e-16
4110.81  2.25936e-16
4112.21  2.24208e-16
4113.62  2.22394e-16
4115.03  2.20501e-16
4116.43  2.18537e-16
4117.84  2.16515e-16
4119.25  2.14451e-16
4120.65  2.12361e-16
4122.06  2.10263e-16
4123.47  2.0818e-16
4124.88  2.06131e-16
4126.28  2.0414e-16
4127.69  2.02228e-16
4129.1   2.00417e-16
4130.5   1.98729e-16
4131.91  1.97182e-16
4133.32  1.95794e-16
4134.72  1.9458e-16
4136.13  1.93553e-16
4137.54  1.92722e-16
4138.95  1.92095e-16
4140.35  1.91674e-16
4141.76  1.9146e-16
4143.17  1.91448e-16
4144.57  1.91633e-16
4145.98  1.92006e-16
4147.39  1.92554e-16
4148.79  1.93263e-16
4150.2   1.94115e-16
4151.61  1.95095e-16
4153.02  1.96181e-16
4154.42  1.97355e-16
4155.83  1.98596e-16
4157.24  1.99884e-16
4158.64  2.01201e-16
4160.05  2.02528e-16
4161.46  2.03847e-16
4162.86  2.05145e-16
4164.27  2.06406e-16
4165.68  2.07619e-16
4167.09  2.08774e-16
4168.49  2.09863e-16
4169.9   2.10878e-16
4171.31  2.11817e-16
4172.71  2.12674e-16
4174.12  2.13449e-16
4175.53  2.14141e-16
4176.93  2.1475e-16
4178.34  2.15277e-16
4179.75  2.15723e-16
4181.16  2.1609e-16
4182.56  2.16381e-16
4183.97  2.16597e-16
4185.38  2.16741e-16
4186.78  2.16815e-16
4188.19  2.1682e-16
4189.6   2.16758e-16
4191     2.16633e-16
4192.41  2.16445e-16
4193.82  2.16199e-16
4195.23  2.15895e-16
4196.63  2.15539e-16
4198.04  2.15133e-16
4199.45  2.14682e-16
4200.85  2.14191e-16
4202.26  2.13666e-16
4203.67  2.13115e-16
4205.07  2.12543e-16
4206.48  2.11959e-16
4207.89  2.11371e-16
4209.3   2.10788e-16
4210.7   2.10218e-16
4212.11  2.0967e-16
4213.52  2.09152e-16
4214.92  2.08671e-16
4216.33  2.08234e-16
4217.74  2.07847e-16
4219.14  2.07515e-16
4220.55  2.07241e-16
4221.96  2.07027e-16
4223.37  2.06873e-16
4224.77  2.06778e-16
4226.18  2.06739e-16
4227.59  2.06753e-16
4228.99  2.06814e-16
4230.4   2.06915e-16
4231.81  2.07049e-16
4233.21  2.07208e-16
4234.62  2.07384e-16
4236.03  2.07567e-16
4237.44  2.07749e-16
4238.84  2.07921e-16
4240.25  2.08076e-16
4241.66  2.08206e-16
4243.06  2.08305e-16
4244.47  2.08368e-16
4245.88  2.08391e-16
4247.28  2.0837e-16
4248.69  2.08303e-16
4250.1   2.0819e-16
4251.51  2.08031e-16
4252.91  2.07826e-16
4254.32  2.07576e-16
4255.73  2.07284e-16
4257.13  2.06952e-16
4258.54  2.06583e-16
4259.95  2.06177e-16
4261.35  2.05738e-16
4262.76  2.05266e-16
4264.17  2.04763e-16
4265.58  2.04228e-16
4266.98  2.03662e-16
4268.39  2.03063e-16
4269.8   2.02429e-16
4271.2   2.01758e-16
4272.61  2.01044e-16
4274.02  2.00286e-16
4275.42  1.99478e-16
4276.83  1.98615e-16
4278.24  1.97693e-16
4279.65  1.96706e-16
4281.05  1.9565e-16
4282.46  1.94521e-16
4283.87  1.93315e-16
4285.27  1.92029e-16
4286.68  1.90661e-16
4288.09  1.89209e-16
4289.5   1.87674e-16
4290.9   1.86055e-16
4292.31  1.84356e-16
4293.72  1.8258e-16
4295.12  1.80732e-16
4296.53  1.78817e-16
4297.94  1.76841e-16
4299.34  1.74815e-16
4300.75  1.72745e-16
4302.16  1.70644e-16
4303.57  1.6852e-16
4304.97  1.66388e-16
4306.38  1.64257e-16
4307.79  1.62143e-16
4309.19  1.60056e-16
4310.6   1.58012e-16
4312.01  1.56022e-16
4313.41  1.541e-16
4314.82  1.5226e-16
4316.23  1.50513e-16
4317.64  1.48871e-16
4319.04  1.47344e-16
4320.45  1.45943e-16
4321.86  1.44676e-16
4323.26  1.43551e-16
4324.67  1.42573e-16
4326.08  1.41747e-16
4327.48  1.41075e-16
4328.89  1.4056e-16
4330.3   1.40199e-16
4331.71  1.3999e-16
4333.11  1.3993e-16
4334.52  1.40013e-16
4335.93  1.40231e-16
4337.33  1.40576e-16
4338.74  1.41038e-16
4340.15  1.41606e-16
4341.55  1.42269e-16
4342.96  1.43014e-16
4344.37  1.4383e-16
4345.78  1.44704e-16
4347.18  1.45623e-16
4348.59  1.46578e-16
4350     1.47555e-16
4351.4   1.48548e-16
4352.81  1.49545e-16
4354.22  1.50542e-16
4355.62  1.51532e-16
4357.03  1.52511e-16
4358.44  1.53476e-16
4359.85  1.54428e-16
4361.25  1.55365e-16
4362.66  1.56291e-16
4364.07  1.57208e-16
4365.47  1.5812e-16
4366.88  1.59031e-16
4368.29  1.59947e-16
4369.69  1.60872e-16
4371.1   1.6181e-16
4372.51  1.62768e-16
4373.92  1.63748e-16
4375.32  1.64753e-16
4376.73  1.65785e-16
4378.14  1.66845e-16
4379.54  1.67933e-16
4380.95  1.69045e-16
4382.36  1.7018e-16
4383.76  1.71332e-16
4385.17  1.72497e-16
4386.58  1.73668e-16
4387.99  1.74839e-16
4389.39  1.76002e-16
4390.8   1.77151e-16
4392.21  1.78278e-16
4393.61  1.79377e-16
4395.02  1.80443e-16
4396.43  1.8147e-16
4397.83  1.82454e-16
4399.24  1.83395e-16
4400.65  1.8429e-16
4402.06  1.85141e-16
4403.46  1.85949e-16
4404.87  1.86717e-16
4406.28  1.8745e-16
4407.68  1.88154e-16
4409.09  1.88834e-16
4410.5   1.89498e-16
4411.9   1.90152e-16
4413.31  1.90804e-16
4414.72  1.91461e-16
4416.13  1.92129e-16
4417.53  1.92815e-16
4418.94  1.93522e-16
4420.35  1.94257e-16
4421.75  1.95022e-16
4423.16  1.9582e-16
4424.57  1.96652e-16
4425.97  1.97519e-16
4427.38  1.9842e-16
4428.79  1.99355e-16
4430.2   2.00322e-16
4431.6   2.0132e-16
4433.01  2.02346e-16
4434.42  2.03399e-16
4435.82  2.04477e-16
4437.23  2.05579e-16
4438.64  2.06703e-16
4440.04  2.07849e-16
4441.45  2.09017e-16
4442.86  2.10208e-16
4444.27  2.11422e-16
4445.67  2.12661e-16
4447.08  2.13928e-16
4448.49  2.15224e-16
4449.89  2.16552e-16
4451.3   2.17914e-16
4452.71  2.19314e-16
4454.11  2.20753e-16
4455.52  2.22233e-16
4456.93  2.23757e-16
4458.34  2.25324e-16
4459.74  2.26936e-16
4461.15  2.28591e-16
4462.56  2.30289e-16
4463.96  2.32027e-16
4465.37  2.33802e-16
4466.78  2.35612e-16
4468.18  2.3745e-16
4469.59  2.39312e-16
4471     2.41192e-16
4472.41  2.43083e-16
4473.81  2.44978e-16
4475.22  2.46869e-16
4476.63  2.4875e-16
4478.03  2.50612e-16
4479.44  2.52447e-16
4480.85  2.54249e-16
4482.25  2.56009e-16
4483.66  2.57722e-16
4485.07  2.5938e-16
4486.48  2.6098e-16
4487.88  2.62515e-16
4489.29  2.63984e-16
4490.7   2.65382e-16
4492.1   2.6671e-16
4493.51  2.67967e-16
4494.92  2.69153e-16
4496.33  2.70271e-16
4497.73  2.71324e-16
4499.14  2.72316e-16
4500.55  2.73252e-16
4501.95  2.74139e-16
4503.36  2.74982e-16
4504.77  2.75788e-16
4506.17  2.76567e-16
4507.58  2.77324e-16
4508.99  2.78068e-16
4510.4   2.78807e-16
4511.8   2.79547e-16
4513.21  2.80296e-16
4514.62  2.8106e-16
4516.02  2.81844e-16
4517.43  2.82654e-16
4518.84  2.83492e-16
4520.24  2.84363e-16
4521.65  2.85266e-16
4523.06  2.86204e-16
4524.47  2.87175e-16
4525.87  2.88179e-16
4527.28  2.89211e-16
4528.69  2.90269e-16
4530.09  2.91348e-16
4531.5   2.92441e-16
4532.91  2.93543e-16
4534.31  2.94646e-16
4535.72  2.95741e-16
4537.13  2.96821e-16
4538.54  2.97875e-16
4539.94  2.98894e-16
4541.35  2.99869e-16
4542.76  3.00788e-16
4544.16  3.01643e-16
4545.57  3.02422e-16
4546.98  3.03118e-16
4548.38  3.03721e-16
4549.79  3.04222e-16
4551.2   3.04615e-16
4552.61  3.04892e-16
4554.01  3.05049e-16
4555.42  3.05082e-16
4556.83  3.04988e-16
4558.23  3.04766e-16
4559.64  3.04417e-16
4561.05  3.03943e-16
4562.45  3.03348e-16
4563.86  3.02637e-16
4565.27  3.01818e-16
4566.68  3.00899e-16
4568.08  2.9989e-16
4569.49  2.98804e-16
4570.9   2.97651e-16
4572.3   2.96445e-16
4573.71  2.95201e-16
4575.12  2.93932e-16
4576.52  2.92654e-16
4577.93  2.91379e-16
4579.34  2.90122e-16
4580.75  2.88896e-16
4582.15  2.87715e-16
4583.56  2.86588e-16
4584.97  2.85526e-16
4586.37  2.84538e-16
4587.78  2.8363e-16
4589.19  2.82809e-16
4590.59  2.82077e-16
4592     2.81438e-16
4593.41  2.8089e-16
4594.82  2.80433e-16
4596.22  2.80064e-16
4597.63  2.79779e-16
4599.04  2.79572e-16
4600.44  2.79436e-16
4601.85  2.79364e-16
4603.26  2.79348e-16
4604.66  2.79378e-16
4606.07  2.79446e-16
4607.48  2.79542e-16
4608.89  2.79658e-16
4610.29  2.79785e-16
4611.7   2.79914e-16
4613.11  2.80038e-16
4614.51  2.8015e-16
4615.92  2.80242e-16
4617.33  2.80311e-16
4618.73  2.80351e-16
4620.14  2.80358e-16
4621.55  2.80329e-16
4622.96  2.80261e-16
4624.36  2.80152e-16
4625.77  2.8e-16
4627.18  2.79805e-16
4628.58  2.79564e-16
4629.99  2.79277e-16
4631.4   2.78941e-16
4632.8   2.78556e-16
4634.21  2.7812e-16
4635.62  2.77629e-16
4637.03  2.77082e-16
4638.43  2.76475e-16
4639.84  2.75805e-16
4641.25  2.75068e-16
4642.65  2.74259e-16
4644.06  2.73374e-16
4645.47  2.72409e-16
4646.87  2.7136e-16
4648.28  2.70223e-16
4649.69  2.68994e-16
4651.1   2.67672e-16
4652.5   2.66254e-16
4653.91  2.64739e-16
4655.32  2.63129e-16
4656.72  2.61424e-16
4658.13  2.59629e-16
4659.54  2.57747e-16
4660.94  2.55784e-16
4662.35  2.53748e-16
4663.76  2.51648e-16
4665.17  2.49492e-16
4666.57  2.47293e-16
4667.98  2.45062e-16
4669.39  2.42812e-16
4670.79  2.40555e-16
4672.2   2.38305e-16
4673.61  2.36076e-16
4675.01  2.33881e-16
4676.42  2.31732e-16
4677.83  2.29642e-16
4679.24  2.27624e-16
4680.64  2.25687e-16
4682.05  2.23842e-16
4683.46  2.22098e-16
4684.86  2.20462e-16
4686.27  2.18942e-16
4687.68  2.17541e-16
4689.08  2.16266e-16
4690.49  2.15118e-16
4691.9   2.14101e-16
4693.31  2.13215e-16
4694.71  2.1246e-16
4696.12  2.11835e-16
4697.53  2.11339e-16
4698.93  2.1097e-16
4700.34  2.10723e-16
4701.75  2.10596e-16
4703.16  2.10582e-16
4704.56  2.10677e-16
4705.97  2.10874e-16
4707.38  2.11167e-16
4708.78  2.11547e-16
4710.19  2.12005e-16
4711.6   2.12533e-16
4713     2.13121e-16
4714.41  2.13758e-16
4715.82  2.14434e-16
4717.23  2.15136e-16
4718.63  2.15852e-16
4720.04  2.16571e-16
4721.45  2.17281e-16
4722.85  2.17969e-16
4724.26  2.18623e-16
4725.67  2.19233e-16
4727.07  2.19787e-16
4728.48  2.20276e-16
4729.89  2.2069e-16
4731.3   2.21023e-16
4732.7   2.21267e-16
4734.11  2.21418e-16
4735.52  2.21471e-16
4736.92  2.21424e-16
4738.33  2.21276e-16
4739.74  2.21027e-16
4741.14  2.20679e-16
4742.55  2.20234e-16
4743.96  2.19697e-16
4745.37  2.19072e-16
4746.77  2.18364e-16
4748.18  2.17578e-16
4749.59  2.16722e-16
4750.99  2.15802e-16
4752.4   2.14823e-16
4753.81  2.13792e-16
4755.21  2.12716e-16
4756.62  2.11599e-16
4758.03  2.10449e-16
4759.44  2.0927e-16
4760.84  2.08067e-16
4762.25  2.06845e-16
4763.66  2.05609e-16
4765.06  2.04363e-16
4766.47  2.03112e-16
4767.88  2.01861e-16
4769.28  2.00615e-16
4770.69  1.99378e-16
4772.1   1.98159e-16
4773.51  1.96962e-16
4774.91  1.95796e-16
4776.32  1.94668e-16
4777.73  1.93587e-16
4779.13  1.92562e-16
4780.54  1.91604e-16
4781.95  1.90722e-16
4783.35  1.89927e-16
4784.76  1.8923e-16
4786.17  1.88641e-16
4787.58  1.88171e-16
4788.98  1.87829e-16
4790.39  1.87622e-16
4791.8   1.87559e-16
4793.2   1.87645e-16
4794.61  1.87883e-16
4796.02  1.88276e-16
4797.42  1.88822e-16
4798.83  1.89518e-16
4800.24  1.90359e-16
4801.65  1.91336e-16
4803.05  1.92437e-16
4804.46  1.93649e-16
4805.87  1.94956e-16
4807.27  1.96337e-16
4808.68  1.97773e-16
4810.09  1.99241e-16
4811.49  2.00715e-16
4812.9   2.02172e-16
4814.31  2.03584e-16
4815.72  2.04926e-16
4817.12  2.06173e-16
4818.53  2.07299e-16
4819.94  2.08281e-16
4821.34  2.09098e-16
4822.75  2.0973e-16
4824.16  2.10159e-16
4825.56  2.10373e-16
4826.97  2.10361e-16
4828.38  2.10114e-16
4829.79  2.09628e-16
4831.19  2.08904e-16
4832.6   2.07943e-16
4834.01  2.0675e-16
4835.41  2.05335e-16
4836.82  2.03708e-16
4838.23  2.01882e-16
4839.63  1.99873e-16
4841.04  1.97696e-16
4842.45  1.9537e-16
4843.86  1.92912e-16
4845.26  1.9034e-16
4846.67  1.87673e-16
4848.08  1.84928e-16
4849.48  1.82121e-16
4850.89  1.79269e-16
4852.3   1.76386e-16
4853.7   1.73485e-16
4855.11  1.7058e-16
4856.52  1.6768e-16
4857.93  1.64798e-16
4859.33  1.6194e-16
4860.74  1.59118e-16
4862.15  1.56338e-16
4863.55  1.53609e-16
4864.96  1.50938e-16
4866.37  1.48334e-16
4867.77  1.45805e-16
4869.18  1.4336e-16
4870.59  1.41009e-16
4872     1.38761e-16
4873.4   1.36627e-16
4874.81  1.34617e-16
4876.22  1.32744e-16
4877.62  1.31018e-16
4879.03  1.29451e-16
4880.44  1.28054e-16
4881.84  1.26837e-16
4883.25  1.25809e-16
4884.66  1.24979e-16
4886.07  1.24353e-16
4887.47  1.23936e-16
4888.88  1.23731e-16
4890.29  1.23738e-16
4891.69  1.23956e-16
4893.1   1.2438e-16
4894.51  1.25004e-16
4895.91  1.25818e-16
4897.32  1.26812e-16
4898.73  1.27973e-16
4900.14  1.29283e-16
4901.54  1.30728e-16
4902.95  1.32288e-16
4904.36  1.33945e-16
4905.76  1.35678e-16
4907.17  1.37469e-16
4908.58  1.39297e-16
4909.99  1.41144e-16
4911.39  1.42991e-16
4912.8   1.44822e-16
4914.21  1.46621e-16
4915.61  1.48374e-16
4917.02  1.50071e-16
4918.43  1.517e-16
4919.83  1.53256e-16
4921.24  1.54731e-16
4922.65  1.56123e-16
4924.06  1.57429e-16
4925.46  1.58651e-16
4926.87  1.59788e-16
4928.28  1.60845e-16
4929.68  1.61824e-16
4931.09  1.62732e-16
4932.5   1.63572e-16
4933.9   1.64351e-16
4935.31  1.65075e-16
4936.72  1.65748e-16
4938.13  1.66376e-16
4939.53  1.66965e-16
4940.94  1.67517e-16
4942.35  1.68037e-16
4943.75  1.68527e-16
4945.16  1.6899e-16
4946.57  1.69427e-16
4947.97  1.69838e-16
4949.38  1.70224e-16
4950.79  1.70585e-16
4952.2   1.7092e-16
4953.6   1.71229e-16
4955.01  1.71512e-16
4956.42  1.71768e-16
4957.82  1.71998e-16
4959.23  1.72202e-16
4960.64  1.72381e-16
4962.04  1.72538e-16
4963.45  1.72674e-16
4964.86  1.72794e-16
4966.27  1.72901e-16
4967.67  1.73e-16
4969.08  1.73096e-16
4970.49  1.73195e-16
4971.89  1.73303e-16
4973.3   1.73425e-16
4974.71  1.73569e-16
4976.11  1.73739e-16
4977.52  1.73939e-16
4978.93  1.74175e-16
4980.34  1.74448e-16
4981.74  1.74759e-16
4983.15  1.7511e-16
4984.56  1.75498e-16
4985.96  1.75919e-16
4987.37  1.76369e-16
4988.78  1.76839e-16
4990.18  1.77322e-16
4991.59  1.77808e-16
4993     1.78285e-16
4994.41  1.7874e-16
4995.81  1.79162e-16
4997.22  1.79536e-16
4998.63  1.7985e-16
5000.03  1.80093e-16
5001.44  1.80252e-16
5002.85  1.80319e-16
5004.25  1.80286e-16
5005.66  1.80148e-16
5007.07  1.79902e-16
5008.48  1.7955e-16
5009.88  1.79093e-16
5011.29  1.78539e-16
5012.7   1.77896e-16
5014.1   1.77177e-16
5015.51  1.76397e-16
5016.92  1.75571e-16
5018.32  1.74718e-16
5019.73  1.73858e-16
5021.14  1.73012e-16
5022.55  1.72198e-16
5023.95  1.71438e-16
5025.36  1.70749e-16
5026.77  1.7015e-16
5028.17  1.69654e-16
5029.58  1.69275e-16
5030.99  1.6902e-16
5032.39  1.68897e-16
5033.8   1.68908e-16
5035.21  1.69053e-16
5036.62  1.69325e-16
5038.02  1.6972e-16
5039.43  1.70225e-16
5040.84  1.70828e-16
5042.24  1.71513e-16
5043.65  1.72264e-16
5045.06  1.73061e-16
5046.46  1.73887e-16
5047.87  1.74721e-16
5049.28  1.75547e-16
5050.69  1.76346e-16
5052.09  1.77103e-16
5053.5   1.77804e-16
5054.91  1.78437e-16
5056.31  1.78995e-16
5057.72  1.79471e-16
5059.13  1.79862e-16
5060.53  1.80169e-16
5061.94  1.80395e-16
5063.35  1.80546e-16
5064.76  1.8063e-16
5066.16  1.80658e-16
5067.57  1.80641e-16
5068.98  1.80595e-16
5070.38  1.80534e-16
5071.79  1.80472e-16
5073.2   1.80425e-16
5074.6   1.80407e-16
5076.01  1.80432e-16
5077.42  1.80512e-16
5078.83  1.80658e-16
5080.23  1.80877e-16
5081.64  1.81177e-16
5083.05  1.8156e-16
5084.45  1.8203e-16
5085.86  1.82583e-16
5087.27  1.83217e-16
5088.67  1.83926e-16
5090.08  1.84703e-16
5091.49  1.85539e-16
5092.9   1.86422e-16
5094.3   1.87341e-16
5095.71  1.88283e-16
5097.12  1.89237e-16
5098.52  1.90189e-16
5099.93  1.91129e-16
5101.34  1.92044e-16
5102.75  1.92926e-16
5104.15  1.93765e-16
5105.56  1.94555e-16
5106.97  1.95292e-16
5108.37  1.95971e-16
5109.78  1.96591e-16
5111.19  1.97153e-16
5112.59  1.97659e-16
5114     1.98111e-16
5115.41  1.98516e-16
5116.82  1.98878e-16
5118.22  1.99203e-16
5119.63  1.99499e-16
5121.04  1.99773e-16
5122.44  2.0003e-16
5123.85  2.00278e-16
5125.26  2.00523e-16
5126.66  2.00768e-16
5128.07  2.01019e-16
5129.48  2.01277e-16
5130.89  2.01545e-16
5132.29  2.01824e-16
5133.7   2.02112e-16
5135.11  2.02409e-16
5136.51  2.02712e-16
5137.92  2.03019e-16
5139.33  2.03327e-16
5140.73  2.03631e-16
5142.14  2.03928e-16
5143.55  2.04216e-16
5144.96  2.0449e-16
5146.36  2.04747e-16
5147.77  2.04987e-16
5149.18  2.05206e-16
5150.58  2.05404e-16
5151.99  2.05581e-16
5153.4   2.05737e-16
5154.8   2.05873e-16
5156.21  2.05989e-16
5157.62  2.06087e-16
5159.03  2.06169e-16
5160.43  2.06236e-16
5161.84  2.06289e-16
5163.25  2.06328e-16
5164.65  2.06355e-16
5166.06  2.06369e-16
5167.47  2.0637e-16
5168.87  2.06355e-16
5170.28  2.06323e-16
5171.69  2.0627e-16
5173.1   2.06194e-16
5174.5   2.06092e-16
5175.91  2.05959e-16
5177.32  2.05792e-16
5178.72  2.05587e-16
5180.13  2.05342e-16
5181.54  2.05056e-16
5182.94  2.04726e-16
5184.35  2.04353e-16
5185.76  2.03939e-16
5187.17  2.03486e-16
5188.57  2.03e-16
5189.98  2.02486e-16
5191.39  2.01953e-16
5192.79  2.01409e-16
5194.2   2.00867e-16
5195.61  2.00338e-16
5197.01  1.99834e-16
5198.42  1.99371e-16
5199.83  1.98961e-16
5201.24  1.9862e-16
5202.64  1.9836e-16
5204.05  1.98195e-16
5205.46  1.98137e-16
5206.86  1.98196e-16
5208.27  1.9838e-16
5209.68  1.98697e-16
5211.08  1.9915e-16
5212.49  1.99742e-16
5213.9   2.0047e-16
5215.31  2.01332e-16
5216.71  2.02322e-16
5218.12  2.03429e-16
5219.53  2.04644e-16
5220.93  2.05952e-16
5222.34  2.07337e-16
5223.75  2.08783e-16
5225.15  2.1027e-16
5226.56  2.11778e-16
5227.97  2.13286e-16
5229.38  2.14773e-16
5230.78  2.16219e-16
5232.19  2.17602e-16
5233.6   2.18901e-16
5235     2.20098e-16
5236.41  2.21175e-16
5237.82  2.22114e-16
5239.22  2.229e-16
5240.63  2.2352e-16
5242.04  2.23963e-16
5243.45  2.2422e-16
5244.85  2.24282e-16
5246.26  2.24146e-16
5247.67  2.23807e-16
5249.07  2.23266e-16
5250.48  2.22523e-16
5251.89  2.21582e-16
5253.29  2.20448e-16
5254.7   2.19128e-16
5256.11  2.17631e-16
5257.52  2.15968e-16
5258.92  2.14151e-16
5260.33  2.12194e-16
5261.74  2.10111e-16
5263.14  2.07918e-16
5264.55  2.05632e-16
5265.96  2.03269e-16
5267.36  2.00848e-16
5268.77  1.98387e-16
5270.18  1.95902e-16
5271.59  1.93413e-16
5272.99  1.90936e-16
5274.4   1.88487e-16
5275.81  1.86082e-16
5277.21  1.83735e-16
5278.62  1.8146e-16
5280.03  1.79269e-16
5281.43  1.77172e-16
5282.84  1.75177e-16
5284.25  1.73292e-16
5285.66  1.71523e-16
5287.06  1.69873e-16
5288.47  1.68344e-16
5289.88  1.66937e-16
5291.28  1.65652e-16
5292.69  1.64486e-16
5294.1   1.63437e-16
5295.5   1.625e-16
5296.91  1.61671e-16
5298.32  1.60946e-16
5299.73  1.60317e-16
5301.13  1.59779e-16
5302.54  1.59327e-16
5303.95  1.58953e-16
5305.35  1.58653e-16
5306.76  1.58421e-16
5308.17  1.58251e-16
5309.58  1.58138e-16
5310.98  1.58078e-16
5312.39  1.58065e-16
5313.8   1.58096e-16
5315.2   1.58166e-16
5316.61  1.58272e-16
5318.02  1.58408e-16
5319.42  1.58571e-16
5320.83  1.58757e-16
5322.24  1.5896e-16
5323.65  1.59175e-16
5325.05  1.59398e-16
5326.46  1.59622e-16
5327.87  1.59842e-16
5329.27  1.60051e-16
5330.68  1.60244e-16
5332.09  1.60412e-16
5333.49  1.6055e-16
5334.9   1.60652e-16
5336.31  1.60712e-16
5337.72  1.60724e-16
5339.12  1.60683e-16
5340.53  1.60586e-16
5341.94  1.6043e-16
5343.34  1.60214e-16
5344.75  1.59936e-16
5346.16  1.59598e-16
5347.56  1.59203e-16
5348.97  1.58754e-16
5350.38  1.58258e-16
5351.79  1.5772e-16
5353.19  1.57149e-16
5354.6   1.56555e-16
5356.01  1.55947e-16
5357.41  1.55337e-16
5358.82  1.54737e-16
5360.23  1.54157e-16
5361.63  1.53609e-16
5363.04  1.53106e-16
5364.45  1.52658e-16
5365.86  1.52274e-16
5367.26  1.51964e-16
5368.67  1.51734e-16
5370.08  1.5159e-16
5371.48  1.51536e-16
5372.89  1.51574e-16
5374.3   1.51702e-16
5375.7   1.51919e-16
5377.11  1.5222e-16
5378.52  1.52599e-16
5379.93  1.53048e-16
5381.33  1.53556e-16
5382.74  1.54113e-16
5384.15  1.54706e-16
5385.55  1.55321e-16
5386.96  1.55945e-16
5388.37  1.56565e-16
5389.77  1.57165e-16
5391.18  1.57734e-16
5392.59  1.58258e-16
5394     1.58727e-16
5395.4   1.59131e-16
5396.81  1.59462e-16
5398.22  1.59714e-16
5399.62  1.59882e-16
5401.03  1.59966e-16
5402.44  1.59963e-16
5403.84  1.59878e-16
5405.25  1.59712e-16
5406.66  1.59472e-16
5408.07  1.59164e-16
5409.47  1.58796e-16
5410.88  1.58379e-16
5412.29  1.5792e-16
5413.69  1.57431e-16
5415.1   1.5692e-16
5416.51  1.56398e-16
5417.91  1.55873e-16
5419.32  1.55354e-16
5420.73  1.54847e-16
5422.14  1.54359e-16
5423.54  1.53892e-16
5424.95  1.53449e-16
5426.36  1.53032e-16
5427.76  1.5264e-16
5429.17  1.52271e-16
5430.58  1.5192e-16
5431.98  1.51585e-16
5433.39  1.51258e-16
5434.8   1.50933e-16
5436.21  1.50603e-16
5437.61  1.5026e-16
5439.02  1.49897e-16
5440.43  1.49506e-16
5441.83  1.49081e-16
5443.24  1.48615e-16
5444.65  1.48102e-16
5446.05  1.47537e-16
5447.46  1.46918e-16
5448.87  1.46242e-16
5450.28  1.45507e-16
5451.68  1.44715e-16
5453.09  1.43866e-16
5454.5   1.42963e-16
5455.9   1.42009e-16
5457.31  1.41009e-16
5458.72  1.39967e-16
5460.12  1.38891e-16
5461.53  1.37785e-16
5462.94  1.36656e-16
5464.35  1.35511e-16
5465.75  1.34357e-16
5467.16  1.332e-16
5468.57  1.32045e-16
5469.97  1.30899e-16
5471.38  1.29768e-16
5472.79  1.28655e-16
5474.19  1.27565e-16
5475.6   1.26502e-16
5477.01  1.2547e-16
5478.42  1.24471e-16
5479.82  1.23508e-16
5481.23  1.22583e-16
5482.64  1.21699e-16
5484.04  1.20857e-16
5485.45  1.2006e-16
5486.86  1.19309e-16
5488.26  1.18608e-16
5489.67  1.17958e-16
5491.08  1.17361e-16
5492.49  1.16821e-16
5493.89  1.1634e-16
5495.3   1.15923e-16
5496.71  1.15571e-16
5498.11  1.1529e-16
5499.52  1.15082e-16
5500.93  1.14951e-16
5502.33  1.14902e-16
5503.74  1.14938e-16
5505.15  1.15062e-16
5506.56  1.15277e-16
5507.96  1.15586e-16
5509.37  1.15991e-16
5510.78  1.16494e-16
5512.18  1.17096e-16
5513.59  1.17796e-16
5515     1.18596e-16
5516.41  1.19492e-16
5517.81  1.20484e-16
5519.22  1.21568e-16
5520.63  1.2274e-16
5522.03  1.23996e-16
5523.44  1.2533e-16
5524.85  1.26736e-16
5526.25  1.28208e-16
5527.66  1.29739e-16
5529.07  1.3132e-16
5530.48  1.32944e-16
5531.88  1.34602e-16
5533.29  1.36286e-16
5534.7   1.37987e-16
5536.1   1.39698e-16
5537.51  1.4141e-16
5538.92  1.43115e-16
5540.32  1.44807e-16
5541.73  1.46479e-16
5543.14  1.48126e-16
5544.55  1.4974e-16
5545.95  1.5132e-16
5547.36  1.5286e-16
5548.77  1.54358e-16
5550.17  1.55812e-16
5551.58  1.5722e-16
5552.99  1.58582e-16
5554.39  1.59897e-16
5555.8   1.61166e-16
5557.21  1.6239e-16
5558.62  1.6357e-16
5560.02  1.64706e-16
5561.43  1.658e-16
5562.84  1.66853e-16
5564.24  1.67865e-16
5565.65  1.68836e-16
5567.06  1.69767e-16
5568.46  1.70657e-16
5569.87  1.71503e-16
5571.28  1.72304e-16
5572.69  1.73058e-16
5574.09  1.7376e-16
5575.5   1.74407e-16
5576.91  1.74994e-16
5578.31  1.75516e-16
5579.72  1.75968e-16
5581.13  1.76344e-16
5582.53  1.76639e-16
5583.94  1.76848e-16
5585.35  1.76967e-16
5586.76  1.76991e-16
5588.16  1.76918e-16
5589.57  1.76745e-16
5590.98  1.76472e-16
5592.38  1.76099e-16
5593.79  1.75629e-16
5595.2   1.75064e-16
5596.6   1.74411e-16
5598.01  1.73676e-16
5599.42  1.72868e-16
5600.83  1.71995e-16
5602.23  1.7107e-16
5603.64  1.70104e-16
5605.05  1.6911e-16
5606.45  1.68102e-16
5607.86  1.67094e-16
5609.27  1.66099e-16
5610.67  1.65131e-16
5612.08  1.64203e-16
5613.49  1.63326e-16
5614.9   1.62512e-16
5616.3   1.61768e-16
5617.71  1.61101e-16
5619.12  1.60518e-16
5620.52  1.6002e-16
5621.93  1.59608e-16
5623.34  1.5928e-16
5624.74  1.59032e-16
5626.15  1.58858e-16
5627.56  1.5875e-16
5628.97  1.58697e-16
5630.37  1.58688e-16
5631.78  1.5871e-16
5633.19  1.5875e-16
5634.59  1.58793e-16
5636     1.58825e-16
5637.41  1.58832e-16
5638.81  1.58802e-16
5640.22  1.58721e-16
5641.63  1.58581e-16
5643.04  1.58371e-16
5644.44  1.58085e-16
5645.85  1.57719e-16
5647.26  1.5727e-16
5648.66  1.56739e-16
5650.07  1.56129e-16
5651.48  1.55444e-16
5652.88  1.54693e-16
5654.29  1.53884e-16
5655.7   1.5303e-16
5657.11  1.52143e-16
5658.51  1.51237e-16
5659.92  1.50327e-16
5661.33  1.4943e-16
5662.73  1.4856e-16
5664.14  1.47732e-16
5665.55  1.46962e-16
5666.95  1.46263e-16
5668.36  1.45647e-16
5669.77  1.45124e-16
5671.18  1.44702e-16
5672.58  1.44388e-16
5673.99  1.44186e-16
5675.4   1.44097e-16
5676.8   1.4412e-16
5678.21  1.44251e-16
5679.62  1.44486e-16
5681.02  1.44817e-16
5682.43  1.45234e-16
5683.84  1.45725e-16
5685.25  1.46279e-16
5686.65  1.4688e-16
5688.06  1.47517e-16
5689.47  1.48172e-16
5690.87  1.48832e-16
5692.28  1.49481e-16
5693.69  1.50107e-16
5695.09  1.50697e-16
5696.5   1.51239e-16
5697.91  1.51723e-16
5699.32  1.5214e-16
5700.72  1.52485e-16
5702.13  1.52752e-16
5703.54  1.52939e-16
5704.94  1.53046e-16
5706.35  1.53073e-16
5707.76  1.53023e-16
5709.16  1.52901e-16
5710.57  1.52712e-16
5711.98  1.52462e-16
5713.39  1.52159e-16
5714.79  1.5181e-16
5716.2   1.51422e-16
5717.61  1.51003e-16
5719.01  1.50559e-16
5720.42  1.50096e-16
5721.83  1.49618e-16
5723.24  1.49129e-16
5724.64  1.48629e-16
5726.05  1.48119e-16
5727.46  1.47597e-16
5728.86  1.47059e-16
5730.27  1.46501e-16
5731.68  1.45916e-16
5733.08  1.45297e-16
5734.49  1.44636e-16
5735.9   1.43922e-16
5737.31  1.43148e-16
5738.71  1.42303e-16
5740.12  1.41379e-16
5741.53  1.40369e-16
5742.93  1.39264e-16
5744.34  1.3806e-16
5745.75  1.36753e-16
5747.15  1.35341e-16
5748.56  1.33826e-16
5749.97  1.32208e-16
5751.38  1.30494e-16
5752.78  1.28689e-16
5754.19  1.26804e-16
5755.6   1.24849e-16
5757     1.22837e-16
5758.41  1.20781e-16
5759.82  1.18698e-16
5761.22  1.16603e-16
5762.63  1.14512e-16
5764.04  1.12443e-16
5765.45  1.10411e-16
5766.85  1.08432e-16
5768.26  1.06522e-16
5769.67  1.04693e-16
5771.07  1.02959e-16
5772.48  1.0133e-16
5773.89  9.98164e-17
5775.29  9.84261e-17
5776.7   9.71655e-17
5778.11  9.60395e-17
5779.52  9.50515e-17
5780.92  9.42039e-17
5782.33  9.34977e-17
5783.74  9.29327e-17
5785.14  9.25083e-17
5786.55  9.22228e-17
5787.96  9.20742e-17
5789.36  9.20599e-17
5790.77  9.21771e-17
5792.18  9.24227e-17
5793.59  9.27934e-17
5794.99  9.32858e-17
5796.4   9.38962e-17
5797.81  9.46209e-17
5799.21  9.54557e-17
5800.62  9.63962e-17
5802.03  9.74377e-17
5803.43  9.85747e-17
5804.84  9.98016e-17
5806.25  1.01112e-16
5807.66  1.02498e-16
5809.06  1.03954e-16
5810.47  1.05469e-16
5811.88  1.07035e-16
5813.28  1.08643e-16
5814.69  1.10282e-16
5816.1   1.11943e-16
5817.5   1.13613e-16
5818.91  1.15283e-16
5820.32  1.16943e-16
5821.73  1.18581e-16
5823.13  1.20189e-16
5824.54  1.21757e-16
5825.95  1.23278e-16
5827.35  1.24746e-16
5828.76  1.26154e-16
5830.17  1.27499e-16
5831.57  1.28779e-16
5832.98  1.29993e-16
5834.39  1.31141e-16
5835.8   1.32226e-16
5837.2   1.33253e-16
5838.61  1.34226e-16
5840.02  1.35153e-16
5841.42  1.36041e-16
5842.83  1.36898e-16
5844.24  1.37735e-16
5845.64  1.3856e-16
5847.05  1.39384e-16
5848.46  1.40216e-16
5849.87  1.41065e-16
5851.27  1.4194e-16
5852.68  1.42847e-16
5854.09  1.43794e-16
5855.49  1.44784e-16
5856.9   1.45822e-16
5858.31  1.46909e-16
5859.71  1.48044e-16
5861.12  1.49226e-16
5862.53  1.50452e-16
5863.94  1.51717e-16
5865.34  1.53014e-16
5866.75  1.54335e-16
5868.16  1.55672e-16
5869.56  1.57015e-16
5870.97  1.58353e-16
5872.38  1.59677e-16
5873.78  1.60974e-16
5875.19  1.62235e-16
5876.6   1.63449e-16
5878.01  1.64606e-16
5879.41  1.65698e-16
5880.82  1.66718e-16
5882.23  1.67657e-16
5883.63  1.68512e-16
5885.04  1.69279e-16
5886.45  1.69954e-16
5887.85  1.70537e-16
5889.26  1.71029e-16
5890.67  1.71431e-16
5892.08  1.71745e-16
5893.48  1.71976e-16
5894.89  1.72128e-16
5896.3   1.72207e-16
5897.7   1.72218e-16
5899.11  1.72169e-16
5900.52  1.72065e-16
5901.92  1.71913e-16
5903.33  1.7172e-16
5904.74  1.71491e-16
5906.15  1.71234e-16
5907.55  1.70954e-16
5908.96  1.70655e-16
5910.37  1.70344e-16
5911.77  1.70024e-16
5913.18  1.69699e-16
5914.59  1.69373e-16
5915.99  1.69049e-16
5917.4   1.68731e-16
5918.81  1.6842e-16
5920.22  1.6812e-16
5921.62  1.67833e-16
5923.03  1.67561e-16
5924.44  1.67306e-16
5925.84  1.6707e-16
5927.25  1.66856e-16
5928.66  1.66665e-16
5930.07  1.66499e-16
5931.47  1.66359e-16
5932.88  1.66246e-16
5934.29  1.6616e-16
5935.69  1.66103e-16
5937.1   1.66074e-16
5938.51  1.66072e-16
5939.91  1.66095e-16
5941.32  1.66143e-16
5942.73  1.66213e-16
5944.14  1.66301e-16
5945.54  1.66405e-16
5946.95  1.66521e-16
5948.36  1.66644e-16
5949.76  1.6677e-16
5951.17  1.66896e-16
5952.58  1.67016e-16
5953.98  1.67125e-16
5955.39  1.67221e-16
5956.8   1.67299e-16
5958.21  1.67356e-16
5959.61  1.6739e-16
5961.02  1.67399e-16
5962.43  1.67381e-16
5963.83  1.67336e-16
5965.24  1.67264e-16
5966.65  1.67166e-16
5968.05  1.67045e-16
5969.46  1.66901e-16
5970.87  1.66739e-16
5972.28  1.66561e-16
5973.68  1.66371e-16
5975.09  1.66172e-16
5976.5   1.65969e-16
5977.9   1.65764e-16
5979.31  1.65561e-16
5980.72  1.65364e-16
5982.12  1.65175e-16
5983.53  1.64995e-16
5984.94  1.64827e-16
5986.35  1.64671e-16
5987.75  1.64526e-16
5989.16  1.64393e-16
5990.57  1.6427e-16
5991.97  1.64155e-16
5993.38  1.64045e-16
5994.79  1.63937e-16
5996.19  1.63828e-16
5997.6   1.63713e-16
5999.01  1.63588e-16
6000.42  1.63449e-16
6001.82  1.63291e-16
6003.23  1.63111e-16
6004.64  1.62903e-16
6006.04  1.62665e-16
6007.45  1.62392e-16
6008.86  1.62083e-16
6010.26  1.61734e-16
6011.67  1.61344e-16
6013.08  1.60913e-16
6014.49  1.60439e-16
6015.89  1.59925e-16
6017.3   1.5937e-16
6018.71  1.58778e-16
6020.11  1.5815e-16
6021.52  1.5749e-16
6022.93  1.56801e-16
6024.33  1.56089e-16
6025.74  1.55356e-16
6027.15  1.54608e-16
6028.56  1.53849e-16
6029.96  1.53083e-16
6031.37  1.52314e-16
6032.78  1.51546e-16
6034.18  1.5078e-16
6035.59  1.50019e-16
6037     1.49264e-16
6038.4   1.48515e-16
6039.81  1.4777e-16
6041.22  1.47027e-16
6042.63  1.46282e-16
6044.03  1.45532e-16
6045.44  1.44769e-16
6046.85  1.43987e-16
6048.25  1.43179e-16
6049.66  1.42336e-16
6051.07  1.41449e-16
6052.47  1.40509e-16
6053.88  1.39507e-16
6055.29  1.38434e-16
6056.7   1.37282e-16
6058.1   1.36041e-16
6059.51  1.34707e-16
6060.92  1.33272e-16
6062.32  1.31734e-16
6063.73  1.30088e-16
6065.14  1.28334e-16
6066.54  1.26473e-16
6067.95  1.24507e-16
6069.36  1.22441e-16
6070.77  1.20281e-16
6072.17  1.18034e-16
6073.58  1.1571e-16
6074.99  1.1332e-16
6076.39  1.10874e-16
6077.8   1.08387e-16
6079.21  1.05871e-16
6080.61  1.03339e-16
6082.02  1.00806e-16
6083.43  9.82853e-17
6084.84  9.57895e-17
6086.24  9.33315e-17
6087.65  9.09228e-17
6089.06  8.85742e-17
6090.46  8.62951e-17
6091.87  8.40938e-17
6093.28  8.19771e-17
6094.68  7.99504e-17
6096.09  7.80177e-17
6097.5   7.61817e-17
6098.91  7.44435e-17
6100.31  7.2803e-17
6101.72  7.12589e-17
6103.13  6.98088e-17
6104.53  6.84491e-17
6105.94  6.71757e-17
6107.35  6.59832e-17
6108.75  6.48661e-17
6110.16  6.38181e-17
6111.57  6.28327e-17
6112.98  6.19031e-17
6114.38  6.10225e-17
6115.79  6.01843e-17
6117.2   5.9382e-17
6118.6   5.86096e-17
6120.01  5.78615e-17
6121.42  5.71328e-17
6122.83  5.64194e-17
6124.23  5.5718e-17
6125.64  5.50262e-17
6127.05  5.43427e-17
6128.45  5.36674e-17
6129.86  5.30011e-17
6131.27  5.23459e-17
6132.67  5.17048e-17
6134.08  5.10822e-17
6135.49  5.0483e-17
6136.9   4.99135e-17
6138.3   4.93802e-17
6139.71  4.88904e-17
6141.12  4.84517e-17
6142.52  4.80719e-17
6143.93  4.77586e-17
6145.34  4.7519e-17
6146.74  4.736e-17
6148.15  4.72875e-17
6149.56  4.73062e-17
6150.97  4.742e-17
6152.37  4.7631e-17
6153.78  4.79401e-17
6155.19  4.83464e-17
6156.59  4.88475e-17
6158     4.94392e-17
6159.41  5.01159e-17
6160.81  5.08704e-17
6162.22  5.16944e-17
6163.63  5.25781e-17
6165.04  5.35113e-17
6166.44  5.44829e-17
6167.85  5.54818e-17
6169.26  5.64966e-17
6170.66  5.75165e-17
6172.07  5.85313e-17
6173.48  5.95317e-17
6174.88  6.05097e-17
6176.29  6.14586e-17
6177.7   6.23736e-17
6179.11  6.32513e-17
6180.51  6.40903e-17
6181.92  6.48911e-17
6183.33  6.56559e-17
6184.73  6.63885e-17
6186.14  6.70941e-17
6187.55  6.77793e-17
6188.95  6.84517e-17
6190.36  6.91192e-17
6191.77  6.97904e-17
6193.18  7.04736e-17
6194.58  7.1177e-17
6195.99  7.19078e-17
6197.4   7.26722e-17
6198.8   7.34755e-17
6200.21  7.43211e-17
6201.62  7.52109e-17
6203.02  7.61453e-17
6204.43  7.71227e-17
6205.84  7.81402e-17
6207.25  7.91929e-17
6208.65  8.02752e-17
6210.06  8.13799e-17
6211.47  8.24996e-17
6212.87  8.36261e-17
6214.28  8.47515e-17
6215.69  8.5868e-17
6217.09  8.69688e-17
6218.5   8.8048e-17
6219.91  8.91011e-17
6221.32  9.01253e-17
6222.72  9.11195e-17
6224.13  9.20845e-17
6225.54  9.30231e-17
6226.94  9.394e-17
6228.35  9.48414e-17
6229.76  9.57352e-17
6231.16  9.66304e-17
6232.57  9.7537e-17
6233.98  9.84652e-17
6235.39  9.94255e-17
6236.79  1.00428e-16
6238.2   1.01481e-16
6239.61  1.02592e-16
6241.01  1.03769e-16
6242.42  1.05014e-16
6243.83  1.06329e-16
6245.23  1.07714e-16
6246.64  1.09165e-16
6248.05  1.10677e-16
6249.46  1.12241e-16
6250.86  1.13846e-16
6252.27  1.1548e-16
6253.68  1.17129e-16
6255.08  1.18777e-16
6256.49  1.20408e-16
6257.9   1.22005e-16
6259.3   1.23553e-16
6260.71  1.25037e-16
6262.12  1.26441e-16
6263.53  1.27755e-16
6264.93  1.28969e-16
6266.34  1.30075e-16
6267.75  1.3107e-16
6269.15  1.31952e-16
6270.56  1.32724e-16
6271.97  1.33391e-16
6273.37  1.33961e-16
6274.78  1.34446e-16
6276.19  1.34859e-16
6277.6   1.35216e-16
6279     1.35535e-16
6280.41  1.35835e-16
6281.82  1.36134e-16
6283.22  1.36451e-16
6284.63  1.36805e-16
6286.04  1.37214e-16
6287.44  1.37692e-16
6288.85  1.38252e-16
6290.26  1.38906e-16
6291.67  1.3966e-16
6293.07  1.40519e-16
6294.48  1.41483e-16
6295.89  1.42548e-16
6297.29  1.43709e-16
6298.7   1.44955e-16
6300.11  1.46274e-16
6301.51  1.47648e-16
6302.92  1.4906e-16
6304.33  1.50489e-16
6305.74  1.51914e-16
6307.14  1.53312e-16
6308.55  1.54661e-16
6309.96  1.55939e-16
6311.36  1.57125e-16
6312.77  1.58199e-16
6314.18  1.59144e-16
6315.58  1.59947e-16
6316.99  1.60594e-16
6318.4   1.6108e-16
6319.81  1.61399e-16
6321.21  1.6155e-16
6322.62  1.61538e-16
6324.03  1.6137e-16
6325.43  1.61055e-16
6326.84  1.60608e-16
6328.25  1.60045e-16
6329.66  1.59386e-16
6331.06  1.58652e-16
6332.47  1.57865e-16
6333.88  1.57049e-16
6335.28  1.56227e-16
6336.69  1.55423e-16
6338.1   1.54658e-16
6339.5   1.53954e-16
6340.91  1.53328e-16
6342.32  1.52797e-16
6343.73  1.52373e-16
6345.13  1.52066e-16
6346.54  1.51882e-16
6347.95  1.51824e-16
6349.35  1.51891e-16
6350.76  1.52077e-16
6352.17  1.52376e-16
6353.57  1.52777e-16
6354.98  1.53265e-16
6356.39  1.53824e-16
6357.8   1.54437e-16
6359.2   1.55084e-16
6360.61  1.55745e-16
6362.02  1.564e-16
6363.42  1.57029e-16
6364.83  1.57612e-16
6366.24  1.58131e-16
6367.64  1.58571e-16
6369.05  1.58918e-16
6370.46  1.59159e-16
6371.87  1.59286e-16
6373.27  1.59293e-16
6374.68  1.59178e-16
6376.09  1.5894e-16
6377.49  1.58582e-16
6378.9   1.58112e-16
6380.31  1.57536e-16
6381.71  1.56867e-16
6383.12  1.56117e-16
6384.53  1.553e-16
6385.94  1.54433e-16
6387.34  1.53533e-16
6388.75  1.52616e-16
6390.16  1.517e-16
6391.56  1.50801e-16
6392.97  1.49936e-16
6394.38  1.49119e-16
6395.78  1.48364e-16
6397.19  1.47681e-16
6398.6   1.47081e-16
6400.01  1.46572e-16
6401.41  1.46157e-16
6402.82  1.4584e-16
6404.23  1.45622e-16
6405.63  1.455e-16
6407.04  1.45471e-16
6408.45  1.45529e-16
6409.85  1.45666e-16
6411.26  1.45872e-16
6412.67  1.46137e-16
6414.08  1.4645e-16
6415.48  1.46797e-16
6416.89  1.47167e-16
6418.3   1.47547e-16
6419.7   1.47923e-16
6421.11  1.48285e-16
6422.52  1.4862e-16
6423.92  1.48919e-16
6425.33  1.49173e-16
6426.74  1.49374e-16
6428.15  1.49515e-16
6429.55  1.49594e-16
6430.96  1.49605e-16
6432.37  1.49549e-16
6433.77  1.49425e-16
6435.18  1.49235e-16
6436.59  1.48982e-16
6437.99  1.48669e-16
6439.4   1.48303e-16
6440.81  1.47887e-16
6442.22  1.4743e-16
6443.62  1.46936e-16
6445.03  1.46414e-16
6446.44  1.45869e-16
6447.84  1.45308e-16
6449.25  1.44737e-16
6450.66  1.44162e-16
6452.06  1.43588e-16
6453.47  1.43018e-16
6454.88  1.42457e-16
6456.29  1.41907e-16
6457.69  1.41371e-16
6459.1   1.40849e-16
6460.51  1.40344e-16
6461.91  1.39854e-16
6463.32  1.3938e-16
6464.73  1.38922e-16
6466.13  1.38479e-16
6467.54  1.3805e-16
6468.95  1.37633e-16
6470.36  1.37228e-16
6471.76  1.36833e-16
6473.17  1.36447e-16
6474.58  1.36069e-16
6475.98  1.35697e-16
6477.39  1.35332e-16
6478.8   1.3497e-16
6480.2   1.34612e-16
6481.61  1.34255e-16
6483.02  1.33899e-16
6484.43  1.33541e-16
6485.83  1.33181e-16
6487.24  1.32814e-16
6488.65  1.3244e-16
6490.05  1.32056e-16
6491.46  1.31658e-16
6492.87  1.31245e-16
6494.27  1.30812e-16
6495.68  1.30357e-16
6497.09  1.29877e-16
6498.5   1.29368e-16
6499.9   1.28829e-16
6501.31  1.28257e-16
6502.72  1.2765e-16
6504.12  1.27008e-16
6505.53  1.2633e-16
6506.94  1.25617e-16
6508.34  1.24871e-16
6509.75  1.24094e-16
6511.16  1.23291e-16
6512.57  1.22465e-16
6513.97  1.21624e-16
6515.38  1.20774e-16
6516.79  1.19923e-16
6518.19  1.1908e-16
6519.6   1.18253e-16
6521.01  1.17453e-16
6522.41  1.16689e-16
6523.82  1.15971e-16
6525.23  1.1531e-16
6526.64  1.14712e-16
6528.04  1.14188e-16
6529.45  1.13744e-16
6530.86  1.13385e-16
6532.26  1.13117e-16
6533.67  1.1294e-16
6535.08  1.12857e-16
6536.49  1.12866e-16
6537.89  1.12963e-16
6539.3   1.13142e-16
6540.71  1.13397e-16
6542.11  1.13717e-16
6543.52  1.14093e-16
6544.93  1.1451e-16
6546.33  1.14957e-16
6547.74  1.15418e-16
6549.15  1.15878e-16
6550.56  1.16322e-16
6551.96  1.16736e-16
6553.37  1.17105e-16
6554.78  1.17416e-16
6556.18  1.17658e-16
6557.59  1.17821e-16
6559     1.17899e-16
6560.4   1.17885e-16
6561.81  1.17777e-16
6563.22  1.17575e-16
6564.63  1.17282e-16
6566.03  1.16903e-16
6567.44  1.16445e-16
6568.85  1.1592e-16
6570.25  1.15338e-16
6571.66  1.14713e-16
6573.07  1.14061e-16
6574.47  1.13395e-16
6575.88  1.12732e-16
6577.29  1.12087e-16
6578.7   1.11476e-16
6580.1   1.10911e-16
6581.51  1.10404e-16
6582.92  1.09966e-16
6584.32  1.09604e-16
6585.73  1.09324e-16
6587.14  1.09128e-16
6588.54  1.09016e-16
6589.95  1.08985e-16
6591.36  1.09031e-16
6592.77  1.09146e-16
6594.17  1.09319e-16
6595.58  1.0954e-16
6596.99  1.09797e-16
6598.39  1.10074e-16
6599.8   1.1036e-16
6601.21  1.1064e-16
6602.61  1.10901e-16
6604.02  1.11131e-16
6605.43  1.1132e-16
6606.84  1.11458e-16
6608.24  1.11539e-16
6609.65  1.11559e-16
6611.06  1.11516e-16
6612.46  1.11409e-16
6613.87  1.11243e-16
6615.28  1.11021e-16
6616.68  1.10752e-16
6618.09  1.10444e-16
6619.5   1.10106e-16
6620.91  1.0975e-16
6622.31  1.09388e-16
6623.72  1.09031e-16
6625.13  1.08689e-16
6626.53  1.08374e-16
6627.94  1.08094e-16
6629.35  1.07856e-16
6630.75  1.07666e-16
6632.16  1.07528e-16
6633.57  1.07442e-16
6634.98  1.07407e-16
6636.38  1.07419e-16
6637.79  1.07474e-16
6639.2   1.07564e-16
6640.6   1.07679e-16
6642.01  1.07809e-16
6643.42  1.07944e-16
6644.82  1.0807e-16
6646.23  1.08177e-16
6647.64  1.08252e-16
6649.05  1.08284e-16
6650.45  1.08265e-16
6651.86  1.08187e-16
6653.27  1.08042e-16
6654.67  1.07827e-16
6656.08  1.07541e-16
6657.49  1.07183e-16
6658.89  1.06758e-16
6660.3   1.06269e-16
6661.71  1.05724e-16
6663.12  1.05133e-16
6664.52  1.04506e-16
6665.93  1.03855e-16
6667.34  1.03193e-16
6668.74  1.02533e-16
6670.15  1.01889e-16
6671.56  1.01274e-16
6672.96  1.00699e-16
6674.37  1.00175e-16
6675.78  9.97121e-17
6677.19  9.93174e-17
6678.59  9.89963e-17
6680     9.87518e-17
6681.41  9.85851e-17
6682.81  9.84947e-17
6684.22  9.8477e-17
6685.63  9.85264e-17
6687.03  9.86354e-17
6688.44  9.87949e-17
6689.85  9.89945e-17
6691.26  9.92229e-17
6692.66  9.94682e-17
6694.07  9.97183e-17
6695.48  9.99612e-17
6696.88  1.00186e-16
6698.29  1.00381e-16
6699.7   1.00538e-16
6701.1   1.00649e-16
6702.51  1.00707e-16
6703.92  1.00708e-16
6705.33  1.0065e-16
6706.73  1.00531e-16
6708.14  1.00354e-16
6709.55  1.0012e-16
6710.95  9.98338e-17
6712.36  9.95022e-17
6713.77  9.91318e-17
6715.17  9.87306e-17
6716.58  9.83072e-17
6717.99  9.78707e-17
6719.4   9.743e-17
6720.8   9.69938e-17
6722.21  9.65705e-17
6723.62  9.61673e-17
6725.02  9.57908e-17
6726.43  9.5446e-17
6727.84  9.51368e-17
6729.24  9.48656e-17
6730.65  9.46334e-17
6732.06  9.44393e-17
6733.47  9.42812e-17
6734.87  9.41555e-17
6736.28  9.40572e-17
6737.69  9.39803e-17
6739.09  9.39176e-17
6740.5   9.38613e-17
6741.91  9.38028e-17
6743.32  9.37334e-17
6744.72  9.36445e-17
6746.13  9.35272e-17
6747.54  9.33737e-17
6748.94  9.31765e-17
6750.35  9.29291e-17
6751.76  9.26265e-17
6753.16  9.22646e-17
6754.57  9.18413e-17
6755.98  9.13558e-17
6757.39  9.08091e-17
6758.79  9.02042e-17
6760.2   8.95455e-17
6761.61  8.88394e-17
6763.01  8.80937e-17
6764.42  8.73179e-17
6765.83  8.65225e-17
6767.23  8.57191e-17
6768.64  8.49202e-17
6770.05  8.41385e-17
6771.46  8.3387e-17
6772.86  8.26784e-17
6774.27  8.20249e-17
6775.68  8.14378e-17
6777.08  8.09271e-17
6778.49  8.05013e-17
6779.9   8.01671e-17
6781.3   7.99292e-17
6782.71  7.979e-17
6784.12  7.97497e-17
6785.53  7.9806e-17
6786.93  7.99545e-17
6788.34  8.01881e-17
6789.75  8.04981e-17
6791.15  8.08734e-17
6792.56  8.13017e-17
6793.97  8.1769e-17
6795.37  8.22608e-17
6796.78  8.27616e-17
6798.19  8.32561e-17
6799.6   8.37292e-17
6801     8.41667e-17
6802.41  8.45554e-17
6803.82  8.48835e-17
6805.22  8.51413e-17
6806.63  8.53209e-17
6808.04  8.54171e-17
6809.44  8.54268e-17
6810.85  8.53497e-17
6812.26  8.51877e-17
6813.67  8.49454e-17
6815.07  8.46296e-17
6816.48  8.42491e-17
6817.89  8.38145e-17
6819.29  8.33378e-17
6820.7   8.28322e-17
6822.11  8.23114e-17
6823.51  8.17894e-17
6824.92  8.12802e-17
6826.33  8.07973e-17
6827.74  8.03531e-17
6829.14  7.9959e-17
6830.55  7.96249e-17
6831.96  7.93588e-17
6833.36  7.91669e-17
6834.77  7.90535e-17
6836.18  7.90208e-17
6837.58  7.90687e-17
6838.99  7.91956e-17
6840.4   7.93976e-17
6841.81  7.96693e-17
6843.21  8.0004e-17
6844.62  8.03934e-17
6846.03  8.08285e-17
6847.43  8.12997e-17
6848.84  8.17966e-17
6850.25  8.23091e-17
6851.65  8.2827e-17
6853.06  8.33405e-17
6854.47  8.38404e-17
6855.88  8.43184e-17
6857.28  8.47671e-17
6858.69  8.51803e-17
6860.1   8.55527e-17
6861.5   8.58806e-17
6862.91  8.61613e-17
6864.32  8.63936e-17
6865.72  8.65773e-17
6867.13  8.67135e-17
6868.54  8.68042e-17
6869.95  8.68525e-17
6871.35  8.68623e-17
6872.76  8.68378e-17
6874.17  8.6784e-17
6875.57  8.67062e-17
6876.98  8.66097e-17
6878.39  8.64997e-17
6879.79  8.63813e-17
6881.2   8.62591e-17
6882.61  8.61374e-17
6884.02  8.60195e-17
6885.42  8.59083e-17
6886.83  8.58058e-17
6888.24  8.57129e-17
6889.64  8.56298e-17
6891.05  8.55558e-17
6892.46  8.54894e-17
6893.86  8.54283e-17
6895.27  8.53694e-17
6896.68  8.53092e-17
6898.09  8.52439e-17
6899.49  8.51693e-17
6900.9   8.50812e-17
6902.31  8.49756e-17
6903.71  8.48487e-17
6905.12  8.46974e-17
6906.53  8.45191e-17
6907.93  8.43119e-17
6909.34  8.4075e-17
6910.75  8.38084e-17
6912.16  8.35133e-17
6913.56  8.31916e-17
6914.97  8.28464e-17
6916.38  8.24818e-17
6917.78  8.21022e-17
6919.19  8.17131e-17
6920.6   8.13201e-17
6922     8.09292e-17
6923.41  8.05464e-17
6924.82  8.01774e-17
6926.23  7.98274e-17
6927.63  7.95012e-17
6929.04  7.92025e-17
6930.45  7.89344e-17
6931.85  7.86984e-17
6933.26  7.84953e-17
6934.67  7.83245e-17
6936.07  7.81842e-17
6937.48  7.80716e-17
6938.89  7.79827e-17
6940.3   7.7913e-17
6941.7   7.78571e-17
6943.11  7.78092e-17
6944.52  7.77635e-17
6945.92  7.7714e-17
6947.33  7.76554e-17
6948.74  7.75826e-17
6950.15  7.74915e-17
6951.55  7.73789e-17
6952.96  7.7243e-17
6954.37  7.70829e-17
6955.77  7.68994e-17
6957.18  7.66945e-17
6958.59  7.64715e-17
6959.99  7.6235e-17
6961.4   7.59907e-17
6962.81  7.57454e-17
6964.22  7.55063e-17
6965.62  7.52813e-17
6967.03  7.50784e-17
6968.44  7.49055e-17
6969.84  7.47701e-17
6971.25  7.46791e-17
6972.66  7.46383e-17
6974.06  7.46525e-17
6975.47  7.47251e-17
6976.88  7.48578e-17
6978.29  7.50507e-17
6979.69  7.53023e-17
6981.1   7.56092e-17
6982.51  7.59666e-17
6983.91  7.63677e-17
6985.32  7.68048e-17
6986.73  7.72688e-17
6988.13  7.77495e-17
6989.54  7.82365e-17
6990.95  7.87186e-17
6992.36  7.91849e-17
6993.76  7.96247e-17
6995.17  8.00279e-17
6996.58  8.03854e-17
6997.98  8.06893e-17
6999.39  8.09332e-17
7000.8   8.11121e-17
7002.2   8.12231e-17
7003.61  8.12649e-17
7005.02  8.12383e-17
7006.43  8.11457e-17
7007.83  8.09915e-17
7009.24  8.07817e-17
7010.65  8.05237e-17
7012.05  8.0226e-17
7013.46  7.98982e-17
7014.87  7.95506e-17
7016.27  7.91936e-17
7017.68  7.88378e-17
7019.09  7.84937e-17
7020.5   7.81709e-17
7021.9   7.78784e-17
7023.31  7.76242e-17
7024.72  7.7415e-17
7026.12  7.72559e-17
7027.53  7.71509e-17
7028.94  7.71021e-17
7030.34  7.71103e-17
7031.75  7.71746e-17
7033.16  7.72929e-17
7034.57  7.74617e-17
7035.97  7.76763e-17
7037.38  7.79313e-17
7038.79  7.82204e-17
7040.19  7.8537e-17
7041.6   7.8874e-17
7043.01  7.92245e-17
7044.41  7.95816e-17
7045.82  7.99387e-17
7047.23  8.02901e-17
7048.64  8.06302e-17
7050.04  8.09547e-17
7051.45  8.12596e-17
7052.86  8.15422e-17
7054.26  8.18004e-17
7055.67  8.20331e-17
7057.08  8.22397e-17
7058.48  8.24207e-17
7059.89  8.25768e-17
7061.3   8.27094e-17
7062.71  8.28204e-17
7064.11  8.29118e-17
7065.52  8.29857e-17
7066.93  8.30444e-17
7068.33  8.30902e-17
7069.74  8.31252e-17
7071.15  8.31513e-17
7072.55  8.31704e-17
7073.96  8.31839e-17
7075.37  8.31933e-17
7076.78  8.31996e-17
7078.18  8.32037e-17
7079.59  8.32063e-17
7081     8.32078e-17
7082.4   8.32087e-17
7083.81  8.32092e-17
7085.22  8.32094e-17
7086.62  8.32096e-17
7088.03  8.32096e-17
7089.44  8.32096e-17
7090.85  8.32096e-17
7092.25  8.32096e-17
7093.66  8.32096e-17
7095.07  8.32096e-17
7096.47  8.32096e-17
7097.88  8.32096e-17
7099.29  8.32096e-17