#6.767964174517022
3323.06  7.79395e-16
3326.08  7.85975e-16
3329.09  7.93192e-16
3332.1   8.01057e-16
3335.12  8.09579e-16
3338.13  8.18763e-16
3341.15  8.28615e-16
3344.16  8.39133e-16
3347.17  8.50316e-16
3350.19  8.62158e-16
3353.2   8.74648e-16
3356.21  8.87773e-16
3359.23  9.01514e-16
3362.24  9.15849e-16
3365.26  9.30748e-16
3368.27  9.46178e-16
3371.28  9.621e-16
3374.3   9.78469e-16
3377.31  9.95234e-16
3380.32  1.01234e-15
3383.34  1.02972e-15
3386.35  1.04731e-15
3389.37  1.06505e-15
3392.38  1.08285e-15
3395.39  1.10064e-15
3398.41  1.11834e-15
3401.42  1.13589e-15
3404.43  1.1532e-15
3407.45  1.1702e-15
3410.46  1.18684e-15
3413.48  1.20305e-15
3416.49  1.2188e-15
3419.5   1.23405e-15
3422.52  1.24879e-15
3425.53  1.26303e-15
3428.54  1.27679e-15
3431.56  1.29011e-15
3434.57  1.30307e-15
3437.59  1.31577e-15
3440.6   1.32832e-15
3443.61  1.34089e-15
3446.63  1.35364e-15
3449.64  1.36678e-15
3452.65  1.38055e-15
3455.67  1.3952e-15
3458.68  1.411e-15
3461.69  1.42823e-15
3464.71  1.4472e-15
3467.72  1.46822e-15
3470.74  1.49158e-15
3473.75  1.51758e-15
3476.76  1.54651e-15
3479.78  1.57862e-15
3482.79  1.61414e-15
3485.8   1.65324e-15
3488.82  1.69607e-15
3491.83  1.7427e-15
3494.85  1.79315e-15
3497.86  1.84736e-15
3500.87  1.9052e-15
3503.89  1.96647e-15
3506.9   2.03086e-15
3509.91  2.098e-15
3512.93  2.16744e-15
3515.94  2.23864e-15
3518.96  2.311e-15
3521.97  2.38386e-15
3524.98  2.45649e-15
3528     2.52815e-15
3531.01  2.59806e-15
3534.02  2.66543e-15
3537.04  2.72948e-15
3540.05  2.78947e-15
3543.07  2.84471e-15
3546.08  2.89457e-15
3549.09  2.93853e-15
3552.11  2.97615e-15
3555.12  3.00713e-15
3558.13  3.03132e-15
3561.15  3.04871e-15
3564.16  3.05943e-15
3567.17  3.06382e-15
3570.19  3.06234e-15
3573.2   3.05563e-15
3576.22  3.04447e-15
3579.23  3.02979e-15
3582.24  3.01262e-15
3585.26  2.99409e-15
3588.27  2.97541e-15
3591.28  2.95782e-15
3594.3   2.94255e-15
3597.31  2.93081e-15
3600.33  2.92377e-15
3603.34  2.92247e-15
3606.35  2.92783e-15
3609.37  2.94061e-15
3612.38  2.96137e-15
3615.39  2.99048e-15
3618.41  3.02805e-15
3621.42  3.07398e-15
3624.44  3.12791e-15
3627.45  3.18924e-15
3630.46  3.25713e-15
3633.48  3.33054e-15
3636.49  3.40822e-15
3639.5   3.48878e-15
3642.52  3.57067e-15
3645.53  3.65229e-15
3648.55  3.73198e-15
3651.56  3.80806e-15
3654.57  3.87891e-15
3657.59  3.94301e-15
3660.6   3.99896e-15
3663.61  4.04552e-15
3666.63  4.08167e-15
3669.64  4.10661e-15
3672.65  4.1198e-15
3675.67  4.12094e-15
3678.68  4.11004e-15
3681.7   4.08734e-15
3684.71  4.05336e-15
3687.72  4.00885e-15
3690.74  3.95476e-15
3693.75  3.89224e-15
3696.76  3.82258e-15
3699.78  3.74716e-15
3702.79  3.66744e-15
3705.81  3.5849e-15
3708.82  3.50097e-15
3711.83  3.41706e-15
3714.85  3.33444e-15
3717.86  3.25426e-15
3720.87  3.17752e-15
3723.89  3.10502e-15
3726.9   3.03738e-15
3729.92  2.97501e-15
3732.93  2.91812e-15
3735.94  2.86674e-15
3738.96  2.8207e-15
3741.97  2.77968e-15
3744.98  2.74325e-15
3748     2.71084e-15
3751.01  2.68185e-15
3754.03  2.65561e-15
3757.04  2.63149e-15
3760.05  2.60886e-15
3763.07  2.58718e-15
3766.08  2.56598e-15
3769.09  2.54495e-15
3772.11  2.52389e-15
3775.12  2.50275e-15
3778.14  2.48168e-15
3781.15  2.46096e-15
3784.16  2.44105e-15
3787.18  2.42254e-15
3790.19  2.40618e-15
3793.2   2.39282e-15
3796.22  2.38341e-15
3799.23  2.37896e-15
3802.24  2.38049e-15
3805.26  2.38906e-15
3808.27  2.40565e-15
3811.29  2.43123e-15
3814.3   2.46664e-15
3817.31  2.51262e-15
3820.33  2.56975e-15
3823.34  2.63847e-15
3826.35  2.71903e-15
3829.37  2.81151e-15
3832.38  2.9158e-15
3835.4   3.03158e-15
3838.41  3.15839e-15
3841.42  3.29556e-15
3844.44  3.44228e-15
3847.45  3.59761e-15
3850.46  3.76049e-15
3853.48  3.92976e-15
3856.49  4.10418e-15
3859.51  4.2825e-15
3862.52  4.46342e-15
3865.53  4.64564e-15
3868.55  4.8279e-15
3871.56  5.00898e-15
3874.57  5.1877e-15
3877.59  5.36297e-15
3880.6   5.53377e-15
3883.62  5.69916e-15
3886.63  5.8583e-15
3889.64  6.0104e-15
3892.66  6.1548e-15
3895.67  6.29089e-15
3898.68  6.41812e-15
3901.7   6.53601e-15
3904.71  6.64414e-15
3907.72  6.74212e-15
3910.74  6.82959e-15
3913.75  6.90625e-15
3916.77  6.9718e-15
3919.78  7.02596e-15
3922.79  7.0685e-15
3925.81  7.09921e-15
3928.82  7.11793e-15
3931.83  7.12452e-15
3934.85  7.11894e-15
3937.86  7.10118e-15
3940.88  7.07136e-15
3943.89  7.02968e-15
3946.9   6.97646e-15
3949.92  6.91214e-15
3952.93  6.83732e-15
3955.94  6.75273e-15
3958.96  6.65925e-15
3961.97  6.55792e-15
3964.99  6.44993e-15
3968     6.33658e-15
3971.01  6.21933e-15
3974.03  6.09971e-15
3977.04  5.97936e-15
3980.05  5.85994e-15
3983.07  5.74317e-15
3986.08  5.63071e-15
3989.1   5.52422e-15
3992.11  5.42526e-15
3995.12  5.33527e-15
3998.14  5.25555e-15
4001.15  5.18721e-15
4004.16  5.13117e-15
4007.18  5.0881e-15
4010.19  5.05844e-15
4013.2   5.04237e-15
4016.22  5.0398e-15
4019.23  5.05039e-15
4022.25  5.07354e-15
4025.26  5.1084e-15
4028.27  5.15394e-15
4031.29  5.20889e-15
4034.3   5.27187e-15
4037.31  5.34134e-15
4040.33  5.41569e-15
4043.34  5.49326e-15
4046.36  5.57238e-15
4049.37  5.65142e-15
4052.38  5.72882e-15
4055.4   5.80313e-15
4058.41  5.87306e-15
4061.42  5.93745e-15
4064.44  5.99538e-15
4067.45  6.04611e-15
4070.47  6.08914e-15
4073.48  6.12419e-15
4076.49  6.15121e-15
4079.51  6.17039e-15
4082.52  6.18208e-15
4085.53  6.18688e-15
4088.55  6.18552e-15
4091.56  6.17887e-15
4094.58  6.16792e-15
4097.59  6.15376e-15
4100.6   6.13749e-15
4103.62  6.12024e-15
4106.63  6.10312e-15
4109.64  6.08719e-15
4112.66  6.07343e-15
4115.67  6.0627e-15
4118.69  6.05575e-15
4121.7   6.05317e-15
4124.71  6.0554e-15
4127.73  6.06271e-15
4130.74  6.0752e-15
4133.75  6.09278e-15
4136.77  6.11522e-15
4139.78  6.14213e-15
4142.79  6.17298e-15
4145.81  6.20711e-15
4148.82  6.24377e-15
4151.84  6.28213e-15
4154.85  6.32132e-15
4157.86  6.36041e-15
4160.88  6.39851e-15
4163.89  6.43473e-15
4166.9   6.46823e-15
4169.92  6.49823e-15
4172.93  6.52405e-15
4175.95  6.54512e-15
4178.96  6.56097e-15
4181.97  6.57125e-15
4184.99  6.57574e-15
4188     6.57438e-15
4191.01  6.56718e-15
4194.03  6.55432e-15
4197.04  6.53606e-15
4200.06  6.51277e-15
4203.07  6.4849e-15
4206.08  6.45295e-15
4209.1   6.41749e-15
4212.11  6.37911e-15
4215.12  6.3384e-15
4218.14  6.29594e-15
4221.15  6.2523e-15
4224.17  6.208e-15
4227.18  6.1635e-15
4230.19  6.1192e-15
4233.21  6.07541e-15
4236.22  6.03239e-15
4239.23  5.99029e-15
4242.25  5.94919e-15
4245.26  5.9091e-15
4248.27  5.86994e-15
4251.29  5.83159e-15
4254.3   5.79384e-15
4257.32  5.75648e-15
4260.33  5.71923e-15
4263.34  5.68181e-15
4266.36  5.64395e-15
4269.37  5.60535e-15
4272.38  5.56575e-15
4275.4   5.52492e-15
4278.41  5.48265e-15
4281.43  5.43879e-15
4284.44  5.39322e-15
4287.45  5.34589e-15
4290.47  5.29677e-15
4293.48  5.24591e-15
4296.49  5.19338e-15
4299.51  5.13931e-15
4302.52  5.08385e-15
4305.54  5.02721e-15
4308.55  4.96958e-15
4311.56  4.9112e-15
4314.58  4.85231e-15
4317.59  4.79314e-15
4320.6   4.73395e-15
4323.62  4.67496e-15
4326.63  4.61641e-15
4329.65  4.55849e-15
4332.66  4.50141e-15
4335.67  4.44536e-15
4338.69  4.3905e-15
4341.7   4.33701e-15
4344.71  4.28503e-15
4347.73  4.23471e-15
4350.74  4.1862e-15
4353.75  4.13966e-15
4356.77  4.09523e-15
4359.78  4.05308e-15
4362.8   4.0134e-15
4365.81  3.97636e-15
4368.82  3.94218e-15
4371.84  3.91107e-15
4374.85  3.88327e-15
4377.86  3.85902e-15
4380.88  3.83857e-15
4383.89  3.82219e-15
4386.91  3.81015e-15
4389.92  3.80271e-15
4392.93  3.80013e-15
4395.95  3.80268e-15
4398.96  3.81059e-15
4401.97  3.82409e-15
4404.99  3.84339e-15
4408     3.86867e-15
4411.02  3.9001e-15
4414.03  3.9378e-15
4417.04  3.98187e-15
4420.06  4.03238e-15
4423.07  4.08938e-15
4426.08  4.15286e-15
4429.1   4.2228e-15
4432.11  4.29914e-15
4435.13  4.38177e-15
4438.14  4.47058e-15
4441.15  4.5654e-15
4444.17  4.66602e-15
4447.18  4.77222e-15
4450.19  4.88371e-15
4453.21  5.0002e-15
4456.22  5.12132e-15
4459.24  5.24671e-15
4462.25  5.37592e-15
4465.26  5.5085e-15
4468.28  5.64394e-15
4471.29  5.7817e-15
4474.3   5.92122e-15
4477.32  6.06188e-15
4480.33  6.20305e-15
4483.34  6.3441e-15
4486.36  6.48435e-15
4489.37  6.62314e-15
4492.39  6.75982e-15
4495.4   6.89374e-15
4498.41  7.02428e-15
4501.43  7.15086e-15
4504.44  7.27296e-15
4507.45  7.3901e-15
4510.47  7.50188e-15
4513.48  7.60797e-15
4516.5   7.70814e-15
4519.51  7.80222e-15
4522.52  7.89016e-15
4525.54  7.97198e-15
4528.55  8.0478e-15
4531.56  8.11781e-15
4534.58  8.1823e-15
4537.59  8.24159e-15
4540.61  8.29607e-15
4543.62  8.34615e-15
4546.63  8.39229e-15
4549.65  8.4349e-15
4552.66  8.47441e-15
4555.67  8.5112e-15
4558.69  8.5456e-15
4561.7   8.57787e-15
4564.72  8.60819e-15
4567.73  8.63663e-15
4570.74  8.6632e-15
4573.76  8.68776e-15
4576.77  8.7101e-15
4579.78  8.7299e-15
4582.8   8.74676e-15
4585.81  8.76019e-15
4588.82  8.76966e-15
4591.84  8.77457e-15
4594.85  8.77432e-15
4597.87  8.7683e-15
4600.88  8.75594e-15
4603.89  8.73671e-15
4606.91  8.71016e-15
4609.92  8.67592e-15
4612.93  8.63374e-15
4615.95  8.58349e-15
4618.96  8.52519e-15
4621.98  8.45897e-15
4624.99  8.38512e-15
4628     8.30409e-15
4631.02  8.21641e-15
4634.03  8.12275e-15
4637.04  8.02388e-15
4640.06  7.92063e-15
4643.07  7.81389e-15
4646.09  7.70455e-15
4649.1   7.59351e-15
4652.11  7.48163e-15
4655.13  7.36971e-15
4658.14  7.25847e-15
4661.15  7.14852e-15
4664.17  7.04035e-15
4667.18  6.93431e-15
4670.2   6.83062e-15
4673.21  6.72937e-15
4676.22  6.63049e-15
4679.24  6.5338e-15
4682.25  6.43903e-15
4685.26  6.34581e-15
4688.28  6.25371e-15
4691.29  6.16226e-15
4694.3   6.07102e-15
4697.32  5.97954e-15
4700.33  5.88745e-15
4703.35  5.79447e-15
4706.36  5.7004e-15
4709.37  5.60521e-15
4712.39  5.50898e-15
4715.4   5.41198e-15
4718.41  5.3146e-15
4721.43  5.21742e-15
4724.44  5.12112e-15
4727.46  5.02655e-15
4730.47  4.93463e-15
4733.48  4.84636e-15
4736.5   4.76279e-15
4739.51  4.68496e-15
4742.52  4.61388e-15
4745.54  4.55049e-15
4748.55  4.49562e-15
4751.57  4.44993e-15
4754.58  4.41393e-15
4757.59  4.38791e-15
4760.61  4.37191e-15
4763.62  4.36577e-15
4766.63  4.36905e-15
4769.65  4.38108e-15
4772.66  4.40093e-15
4775.68  4.42748e-15
4778.69  4.45941e-15
4781.7   4.49522e-15
4784.72  4.53331e-15
4787.73  4.57199e-15
4790.74  4.60957e-15
4793.76  4.64434e-15
4796.77  4.6747e-15
4799.79  4.69915e-15
4802.8   4.71637e-15
4805.81  4.72524e-15
4808.83  4.72491e-15
4811.84  4.7148e-15
4814.85  4.69465e-15
4817.87  4.6645e-15
4820.88  4.62473e-15
4823.89  4.57604e-15
4826.91  4.51945e-15
4829.92  4.45625e-15
4832.94  4.38799e-15
4835.95  4.31644e-15
4838.96  4.24355e-15
4841.98  4.17138e-15
4844.99  4.10206e-15
4848     4.03772e-15
4851.02  3.98045e-15
4854.03  3.93221e-15
4857.05  3.89482e-15
4860.06  3.86987e-15
4863.07  3.85867e-15
4866.09  3.86225e-15
4869.1   3.8813e-15
4872.11  3.91615e-15
4875.13  3.96674e-15
4878.14  4.03266e-15
4881.16  4.11312e-15
4884.17  4.20697e-15
4887.18  4.31274e-15
4890.2   4.42867e-15
4893.21  4.55273e-15
4896.22  4.68269e-15
4899.24  4.81619e-15
4902.25  4.95075e-15
4905.27  5.08386e-15
4908.28  5.21304e-15
4911.29  5.3359e-15
4914.31  5.45018e-15
4917.32  5.55381e-15
4920.33  5.64498e-15
4923.35  5.72213e-15
4926.36  5.78403e-15
4929.37  5.8298e-15
4932.39  5.85888e-15
4935.4   5.87109e-15
4938.42  5.8666e-15
4941.43  5.84593e-15
4944.44  5.80992e-15
4947.46  5.7597e-15
4950.47  5.69668e-15
4953.48  5.62247e-15
4956.5   5.53888e-15
4959.51  5.44784e-15
4962.53  5.35136e-15
4965.54  5.25149e-15
4968.55  5.15026e-15
4971.57  5.04963e-15
4974.58  4.95147e-15
4977.59  4.85749e-15
4980.61  4.76924e-15
4983.62  4.68805e-15
4986.64  4.61503e-15
4989.65  4.55105e-15
4992.66  4.49673e-15
4995.68  4.45246e-15
4998.69  4.41836e-15
5001.7   4.39436e-15
5004.72  4.38013e-15
5007.73  4.3752e-15
5010.75  4.37891e-15
5013.76  4.39047e-15
5016.77  4.40899e-15
5019.79  4.43351e-15
5022.8   4.46302e-15
5025.81  4.49652e-15
5028.83  4.53301e-15
5031.84  4.57155e-15
5034.85  4.61127e-15
5037.87  4.65138e-15
5040.88  4.69122e-15
5043.9   4.73022e-15
5046.91  4.76795e-15
5049.92  4.8041e-15
5052.94  4.83851e-15
5055.95  4.8711e-15
5058.96  4.90194e-15
5061.98  4.93118e-15
5064.99  4.95907e-15
5068.01  4.98593e-15
5071.02  5.01212e-15
5074.03  5.03806e-15
5077.05  5.06418e-15
5080.06  5.09089e-15
5083.07  5.11862e-15
5086.09  5.14776e-15
5089.1   5.17866e-15
5092.12  5.21161e-15
5095.13  5.24687e-15
5098.14  5.28461e-15
5101.16  5.32496e-15
5104.17  5.36799e-15
5107.18  5.4137e-15
5110.2   5.46205e-15
5113.21  5.51293e-15
5116.23  5.56624e-15
5119.24  5.62182e-15
5122.25  5.67949e-15
5125.27  5.7391e-15
5128.28  5.80046e-15
5131.29  5.86343e-15
5134.31  5.92788e-15
5137.32  5.99369e-15
5140.34  6.06079e-15
5143.35  6.12913e-15
5146.36  6.19869e-15
5149.38  6.26949e-15
5152.39  6.34155e-15
5155.4   6.41493e-15
5158.42  6.48967e-15
5161.43  6.56582e-15
5164.44  6.64341e-15
5167.46  6.72243e-15
5170.47  6.80284e-15
5173.49  6.88455e-15
5176.5   6.96738e-15
5179.51  7.05111e-15
5182.53  7.13541e-15
5185.54  7.21987e-15
5188.55  7.30401e-15
5191.57  7.38725e-15
5194.58  7.46891e-15
5197.6   7.54827e-15
5200.61  7.62452e-15
5203.62  7.69682e-15
5206.64  7.76428e-15
5209.65  7.82602e-15
5212.66  7.88113e-15
5215.68  7.92877e-15
5218.69  7.96813e-15
5221.71  7.99849e-15
5224.72  8.01921e-15
5227.73  8.02979e-15
5230.75  8.02986e-15
5233.76  8.01918e-15
5236.77  7.99771e-15
5239.79  7.96555e-15
5242.8   7.92301e-15
5245.82  7.87054e-15
5248.83  7.80878e-15
5251.84  7.73854e-15
5254.86  7.66075e-15
5257.87  7.57649e-15
5260.88  7.48695e-15
5263.9   7.39338e-15
5266.91  7.29713e-15
5269.92  7.19954e-15
5272.94  7.10199e-15
5275.95  7.00579e-15
5278.97  6.91225e-15
5281.98  6.82255e-15
5284.99  6.73783e-15
5288.01  6.65904e-15
5291.02  6.58705e-15
5294.03  6.52256e-15
5297.05  6.4661e-15
5300.06  6.41805e-15
5303.08  6.37863e-15
5306.09  6.34789e-15
5309.1   6.32574e-15
5312.12  6.31193e-15
5315.13  6.30611e-15
5318.14  6.3078e-15
5321.16  6.31643e-15
5324.17  6.33137e-15
5327.19  6.35192e-15
5330.2   6.37735e-15
5333.21  6.40692e-15
5336.23  6.43987e-15
5339.24  6.47547e-15
5342.25  6.51302e-15
5345.27  6.55185e-15
5348.28  6.59133e-15
5351.3   6.6309e-15
5354.31  6.67001e-15
5357.32  6.70821e-15
5360.34  6.74506e-15
5363.35  6.78019e-15
5366.36  6.81324e-15
5369.38  6.84391e-15
5372.39  6.8719e-15
5375.4   6.89693e-15
5378.42  6.91874e-15
5381.43  6.93706e-15
5384.45  6.95163e-15
5387.46  6.96217e-15
5390.47  6.96841e-15
5393.49  6.97005e-15
5396.5   6.96683e-15
5399.51  6.95846e-15
5402.53  6.94468e-15
5405.54  6.92523e-15
5408.56  6.89992e-15
5411.57  6.86856e-15
5414.58  6.83105e-15
5417.6   6.78734e-15
5420.61  6.73747e-15
5423.62  6.68158e-15
5426.64  6.61988e-15
5429.65  6.55273e-15
5432.67  6.48057e-15
5435.68  6.40398e-15
5438.69  6.32364e-15
5441.71  6.24034e-15
5444.72  6.15499e-15
5447.73  6.06856e-15
5450.75  5.98214e-15
5453.76  5.89684e-15
5456.78  5.81384e-15
5459.79  5.73432e-15
5462.8   5.65947e-15
5465.82  5.59045e-15
5468.83  5.52837e-15
5471.84  5.47426e-15
5474.86  5.42904e-15
5477.87  5.39353e-15
5480.89  5.36841e-15
5483.9   5.35419e-15
5486.91  5.35123e-15
5489.93  5.35971e-15
5492.94  5.37961e-15
5495.95  5.41077e-15
5498.97  5.45282e-15
5501.98  5.50522e-15
5504.99  5.56729e-15
5508.01  5.6382e-15
5511.02  5.71699e-15
5514.04  5.8026e-15
5517.05  5.89387e-15
5520.06  5.98961e-15
5523.08  6.08859e-15
5526.09  6.18954e-15
5529.1   6.29125e-15
5532.12  6.39252e-15
5535.13  6.49221e-15
5538.15  6.58927e-15
5541.16  6.68274e-15
5544.17  6.77175e-15
5547.19  6.85558e-15
5550.2   6.93362e-15
5553.21  7.00537e-15
5556.23  7.07048e-15
5559.24  7.12872e-15
5562.26  7.17999e-15
5565.27  7.22428e-15
5568.28  7.2617e-15
5571.3   7.29245e-15
5574.31  7.3168e-15
5577.32  7.33509e-15
5580.34  7.34773e-15
5583.35  7.35514e-15
5586.37  7.35777e-15
5589.38  7.3561e-15
5592.39  7.3506e-15
5595.41  7.34173e-15
5598.42  7.32993e-15
5601.43  7.31564e-15
5604.45  7.29924e-15
5607.46  7.28109e-15
5610.47  7.26153e-15
5613.49  7.24083e-15
5616.5   7.21926e-15
5619.52  7.19703e-15
5622.53  7.17432e-15
5625.54  7.15129e-15
5628.56  7.12805e-15
5631.57  7.1047e-15
5634.58  7.08131e-15
5637.6   7.05793e-15
5640.61  7.03458e-15
5643.63  7.01127e-15
5646.64  6.98799e-15
5649.65  6.96471e-15
5652.67  6.94138e-15
5655.68  6.91794e-15
5658.69  6.89431e-15
5661.71  6.87038e-15
5664.72  6.84604e-15
5667.74  6.82116e-15
5670.75  6.79558e-15
5673.76  6.76913e-15
5676.78  6.74164e-15
5679.79  6.7129e-15
5682.8   6.68273e-15
5685.82  6.65091e-15
5688.83  6.61724e-15
5691.85  6.58153e-15
5694.86  6.54359e-15
5697.87  6.50328e-15
5700.89  6.46045e-15
5703.9   6.41503e-15
5706.91  6.36696e-15
5709.93  6.31627e-15
5712.94  6.26301e-15
5715.95  6.20733e-15
5718.97  6.14944e-15
5721.98  6.08962e-15
5725     6.02823e-15
5728.01  5.96571e-15
5731.02  5.90258e-15
5734.04  5.83942e-15
5737.05  5.77688e-15
5740.06  5.71568e-15
5743.08  5.65657e-15
5746.09  5.60034e-15
5749.11  5.5478e-15
5752.12  5.49977e-15
5755.13  5.45704e-15
5758.15  5.42041e-15
5761.16  5.39059e-15
5764.17  5.36825e-15
5767.19  5.35397e-15
5770.2   5.34825e-15
5773.22  5.35145e-15
5776.23  5.36382e-15
5779.24  5.38549e-15
5782.26  5.41642e-15
5785.27  5.45643e-15
5788.28  5.5052e-15
5791.3   5.56225e-15
5794.31  5.62696e-15
5797.33  5.69857e-15
5800.34  5.7762e-15
5803.35  5.85887e-15
5806.37  5.94549e-15
5809.38  6.03492e-15
5812.39  6.12594e-15
5815.41  6.21734e-15
5818.42  6.30788e-15
5821.44  6.39636e-15
5824.45  6.48164e-15
5827.46  6.56262e-15
5830.48  6.63832e-15
5833.49  6.70788e-15
5836.5   6.77057e-15
5839.52  6.8258e-15
5842.53  6.87315e-15
5845.54  6.91237e-15
5848.56  6.94337e-15
5851.57  6.96623e-15
5854.59  6.98121e-15
5857.6   6.98871e-15
5860.61  6.98927e-15
5863.63  6.98357e-15
5866.64  6.97236e-15
5869.65  6.95651e-15
5872.67  6.93691e-15
5875.68  6.91451e-15
5878.7   6.89023e-15
5881.71  6.865e-15
5884.72  6.83969e-15
5887.74  6.81508e-15
5890.75  6.79189e-15
5893.76  6.77072e-15
5896.78  6.75203e-15
5899.79  6.73618e-15
5902.81  6.72337e-15
5905.82  6.71366e-15
5908.83  6.707e-15
5911.85  6.70319e-15
5914.86  6.70192e-15
5917.87  6.70278e-15
5920.89  6.70529e-15
5923.9   6.70888e-15
5926.92  6.71297e-15
5929.93  6.71695e-15
5932.94  6.72023e-15
5935.96  6.72222e-15
5938.97  6.72241e-15
5941.98  6.72036e-15
5945     6.7157e-15
5948.01  6.70817e-15
5951.02  6.69762e-15
5954.04  6.68402e-15
5957.05  6.66743e-15
5960.07  6.64807e-15
5963.08  6.62621e-15
5966.09  6.60225e-15
5969.11  6.57667e-15
5972.12  6.54998e-15
5975.13  6.52275e-15
5978.15  6.49555e-15
5981.16  6.46896e-15
5984.18  6.44351e-15
5987.19  6.41967e-15
5990.2   6.39782e-15
5993.22  6.37826e-15
5996.23  6.36114e-15
5999.24  6.34649e-15
6002.26  6.33418e-15
6005.27  6.32394e-15
6008.29  6.31533e-15
6011.3   6.30777e-15
6014.31  6.30052e-15
6017.33  6.29274e-15
6020.34  6.28345e-15
6023.35  6.2716e-15
6026.37  6.25608e-15
6029.38  6.23573e-15
6032.4   6.20942e-15
6035.41  6.17603e-15
6038.42  6.1345e-15
6041.44  6.08387e-15
6044.45  6.02333e-15
6047.46  5.95218e-15
6050.48  5.86993e-15
6053.49  5.77628e-15
6056.5   5.67112e-15
6059.52  5.55459e-15
6062.53  5.42702e-15
6065.55  5.28899e-15
6068.56  5.14129e-15
6071.57  4.98489e-15
6074.59  4.82096e-15
6077.6   4.65084e-15
6080.61  4.47597e-15
6083.63  4.29792e-15
6086.64  4.11834e-15
6089.66  3.93888e-15
6092.67  3.76124e-15
6095.68  3.58707e-15
6098.7   3.41796e-15
6101.71  3.25542e-15
6104.72  3.10084e-15
6107.74  2.95549e-15
6110.75  2.82045e-15
6113.77  2.69667e-15
6116.78  2.5849e-15
6119.79  2.48572e-15
6122.81  2.39951e-15
6125.82  2.32648e-15
6128.83  2.26668e-15
6131.85  2.21999e-15
6134.86  2.18615e-15
6137.88  2.16477e-15
6140.89  2.15536e-15
6143.9   2.15733e-15
6146.92  2.17005e-15
6149.93  2.19281e-15
6152.94  2.22489e-15
6155.96  2.26556e-15
6158.97  2.3141e-15
6161.99  2.36979e-15
6165     2.43198e-15
6168.01  2.50001e-15
6171.03  2.57332e-15
6174.04  2.65135e-15
6177.05  2.73364e-15
6180.07  2.81973e-15
6183.08  2.90925e-15
6186.09  3.00185e-15
6189.11  3.09721e-15
6192.12  3.19505e-15
6195.14  3.29512e-15
6198.15  3.39715e-15
6201.16  3.50091e-15
6204.18  3.60616e-15
6207.19  3.71263e-15
6210.2   3.82008e-15
6213.22  3.92821e-15
6216.23  4.03675e-15
6219.25  4.14538e-15
6222.26  4.25377e-15
6225.27  4.36159e-15
6228.29  4.46849e-15
6231.3   4.57412e-15
6234.31  4.67812e-15
6237.33  4.78015e-15
6240.34  4.87987e-15
6243.36  4.97697e-15
6246.37  5.07115e-15
6249.38  5.16215e-15
6252.4   5.24974e-15
6255.41  5.33372e-15
6258.42  5.41395e-15
6261.44  5.49031e-15
6264.45  5.56273e-15
6267.47  5.63118e-15
6270.48  5.69567e-15
6273.49  5.75624e-15
6276.51  5.81297e-15
6279.52  5.86598e-15
6282.53  5.91539e-15
6285.55  5.96135e-15
6288.56  6.00402e-15
6291.57  6.04358e-15
6294.59  6.08021e-15
6297.6   6.11408e-15
6300.62  6.14536e-15
6303.63  6.17421e-15
6306.64  6.2008e-15
6309.66  6.22527e-15
6312.67  6.24773e-15
6315.68  6.26832e-15
6318.7   6.28713e-15
6321.71  6.30426e-15
6324.73  6.31977e-15
6327.74  6.33375e-15
6330.75  6.34624e-15
6333.77  6.35731e-15
6336.78  6.367e-15
6339.79  6.37536e-15
6342.81  6.38243e-15
6345.82  6.38825e-15
6348.84  6.39287e-15
6351.85  6.39633e-15
6354.86  6.39867e-15
6357.88  6.39994e-15
6360.89  6.40019e-15
6363.9   6.39945e-15
6366.92  6.39777e-15
6369.93  6.39519e-15
6372.95  6.39174e-15
6375.96  6.38747e-15
6378.97  6.38239e-15
6381.99  6.37652e-15
6385     6.36989e-15
6388.01  6.36251e-15
6391.03  6.35438e-15
6394.04  6.34551e-15
6397.05  6.3359e-15
6400.07  6.32556e-15
6403.08  6.31448e-15
6406.1   6.30267e-15
6409.11  6.29015e-15
6412.12  6.27694e-15
6415.14  6.26307e-15
6418.15  6.24857e-15
6421.16  6.23349e-15
6424.18  6.21791e-15
6427.19  6.20188e-15
6430.21  6.18551e-15
6433.22  6.16888e-15
6436.23  6.15209e-15
6439.25  6.13526e-15
6442.26  6.11849e-15
6445.27  6.10189e-15
6448.29  6.08557e-15
6451.3   6.06961e-15
6454.32  6.0541e-15
6457.33  6.03911e-15
6460.34  6.02467e-15
6463.36  6.0108e-15
6466.37  5.99751e-15
6469.38  5.98475e-15
6472.4   5.97246e-15
6475.41  5.96056e-15
6478.43  5.94892e-15
6481.44  5.93741e-15
6484.45  5.92586e-15
6487.47  5.91409e-15
6490.48  5.90191e-15
6493.49  5.8891e-15
6496.51  5.87548e-15
6499.52  5.86083e-15
6502.54  5.84497e-15
6505.55  5.82772e-15
6508.56  5.80894e-15
6511.58  5.7885e-15
6514.59  5.76631e-15
6517.6   5.74231e-15
6520.62  5.7165e-15
6523.63  5.68889e-15
6526.64  5.65956e-15
6529.66  5.62861e-15
6532.67  5.59619e-15
6535.69  5.56249e-15
6538.7   5.52771e-15
6541.71  5.4921e-15
6544.73  5.45592e-15
6547.74  5.41943e-15
6550.75  5.38293e-15
6553.77  5.34667e-15
6556.78  5.31094e-15
6559.8   5.27599e-15
6562.81  5.24204e-15
6565.82  5.2093e-15
6568.84  5.17792e-15
6571.85  5.14804e-15
6574.86  5.11973e-15
6577.88  5.09303e-15
6580.89  5.06793e-15
6583.91  5.04439e-15
6586.92  5.02229e-15
6589.93  5.0015e-15
6592.95  4.98185e-15
6595.96  4.96311e-15
6598.97  4.94507e-15
6601.99  4.92746e-15
6605     4.91003e-15
6608.02  4.89249e-15
6611.03  4.87459e-15
6614.04  4.85606e-15
6617.06  4.83669e-15
6620.07  4.81624e-15
6623.08  4.79455e-15
6626.1   4.77147e-15
6629.11  4.7469e-15
6632.12  4.72079e-15
6635.14  4.69312e-15
6638.15  4.66393e-15
6641.17  4.63329e-15
6644.18  4.60134e-15
6647.19  4.56824e-15
6650.21  4.53418e-15
6653.22  4.49941e-15
6656.23  4.46416e-15
6659.25  4.42871e-15
6662.26  4.39334e-15
6665.28  4.35834e-15
6668.29  4.32397e-15
6671.3   4.29049e-15
6674.32  4.25816e-15
6677.33  4.22716e-15
6680.34  4.1977e-15
6683.36  4.1699e-15
6686.37  4.14385e-15
6689.39  4.11962e-15
6692.4   4.09721e-15
6695.41  4.07658e-15
6698.43  4.05764e-15
6701.44  4.04027e-15
6704.45  4.02431e-15
6707.47  4.00956e-15
6710.48  3.99579e-15
6713.5   3.98278e-15
6716.51  3.97026e-15
6719.52  3.95798e-15
6722.54  3.94569e-15
6725.55  3.93315e-15
6728.56  3.92012e-15
6731.58  3.90642e-15
6734.59  3.89189e-15
6737.61  3.87638e-15
6740.62  3.85982e-15
6743.63  3.84217e-15
6746.65  3.82342e-15
6749.66  3.80362e-15
6752.67  3.78286e-15
6755.69  3.76128e-15
6758.7   3.73905e-15
6761.71  3.71636e-15
6764.73  3.69344e-15
6767.74  3.67055e-15
6770.76  3.64794e-15
6773.77  3.62587e-15
6776.78  3.60461e-15
6779.8   3.5844e-15
6782.81  3.56549e-15
6785.82  3.54806e-15
6788.84  3.53229e-15
6791.85  3.51832e-15
6794.87  3.50625e-15
6797.88  3.49613e-15
6800.89  3.48796e-15
6803.91  3.4817e-15
6806.92  3.47727e-15
6809.93  3.47454e-15
6812.95  3.47334e-15
6815.96  3.47348e-15
6818.98  3.47472e-15
6821.99  3.47681e-15
6825     3.47947e-15
6828.02  3.48243e-15
6831.03  3.4854e-15
6834.04  3.48809e-15
6837.06  3.49025e-15
6840.07  3.49161e-15
6843.09  3.49194e-15
6846.1   3.49104e-15
6849.11  3.48874e-15
6852.13  3.48489e-15
6855.14  3.4794e-15
6858.15  3.4722e-15
6861.17  3.46327e-15
6864.18  3.45261e-15
6867.19  3.44027e-15
6870.21  3.42634e-15
6873.22  3.41092e-15
6876.24  3.39416e-15
6879.25  3.3762e-15
6882.26  3.35724e-15
6885.28  3.33745e-15
6888.29  3.31705e-15
6891.3   3.29624e-15
6894.32  3.27521e-15
6897.33  3.25419e-15
6900.35  3.23335e-15
6903.36  3.21288e-15
6906.37  3.19296e-15
6909.39  3.17372e-15
6912.4   3.15531e-15
6915.41  3.13782e-15
6918.43  3.12137e-15
6921.44  3.10601e-15
6924.46  3.09178e-15
6927.47  3.07873e-15
6930.48  3.06684e-15
6933.5   3.0561e-15
6936.51  3.04648e-15
6939.52  3.03793e-15
6942.54  3.03037e-15
6945.55  3.02373e-15
6948.57  3.01792e-15
6951.58  3.01283e-15
6954.59  3.00836e-15
6957.61  3.00439e-15
6960.62  3.0008e-15
6963.63  2.99749e-15
6966.65  2.99433e-15
6969.66  2.99121e-15
6972.67  2.98803e-15
6975.69  2.98469e-15
6978.7   2.98111e-15
6981.72  2.97719e-15
6984.73  2.97288e-15
6987.74  2.96812e-15
6990.76  2.96286e-15
6993.77  2.95709e-15
6996.78  2.95078e-15
6999.8   2.94394e-15
7002.81  2.93659e-15
7005.83  2.92874e-15
7008.84  2.92046e-15
7011.85  2.91178e-15
7014.87  2.90278e-15
7017.88  2.89352e-15
7020.89  2.88411e-15
7023.91  2.87461e-15
7026.92  2.86513e-15
7029.94  2.85576e-15
7032.95  2.8466e-15
7035.96  2.83775e-15
7038.98  2.82929e-15
7041.99  2.82131e-15
7045     2.8139e-15
7048.02  2.80712e-15
7051.03  2.80103e-15
7054.05  2.79567e-15
7057.06  2.7911e-15
7060.07  2.78731e-15
7063.09  2.78433e-15
7066.1   2.78215e-15
7069.11  2.78076e-15
7072.13  2.7801e-15
7075.14  2.78015e-15
7078.16  2.78085e-15
7081.17  2.78214e-15
7084.18  2.78393e-15
7087.2   2.78616e-15
7090.21  2.78874e-15
7093.22  2.79159e-15
7096.24  2.79462e-15
7099.25  2.79776e-15
7102.26  2.80092e-15
7105.28  2.80403e-15
7108.29  2.80702e-15
7111.31  2.80985e-15
7114.32  2.81246e-15
7117.33  2.81482e-15
7120.35  2.8169e-15
7123.36  2.81869e-15
7126.37  2.82018e-15
7129.39  2.82137e-15
7132.4   2.82228e-15
7135.42  2.82294e-15
7138.43  2.82336e-15
7141.44  2.82359e-15
7144.46  2.82365e-15
7147.47  2.82358e-15
7150.48  2.82341e-15
7153.5   2.82319e-15
7156.51  2.82294e-15
7159.53  2.82268e-15
7162.54  2.82243e-15
7165.55  2.82221e-15
7168.57  2.82202e-15
7171.58  2.82185e-15
7174.59  2.82171e-15
7177.61  2.82156e-15
7180.62  2.82138e-15
7183.64  2.82115e-15
7186.65  2.82084e-15
7189.66  2.8204e-15
7192.68  2.81981e-15
7195.69  2.81902e-15
7198.7   2.81801e-15
7201.72  2.81674e-15
7204.73  2.8152e-15
7207.74  2.81337e-15
7210.76  2.81123e-15
7213.77  2.8088e-15
7216.79  2.80607e-15
7219.8   2.80306e-15
7222.81  2.79981e-15
7225.83  2.79634e-15
7228.84  2.79269e-15
7231.85  2.7889e-15
7234.87  2.78503e-15
7237.88  2.78112e-15
7240.9   2.77721e-15
7243.91  2.77335e-15
7246.92  2.76957e-15
7249.94  2.7659e-15
7252.95  2.76235e-15
7255.96  2.75894e-15
7258.98  2.75566e-15
7261.99  2.75248e-15
7265.01  2.74936e-15
7268.02  2.74625e-15
7271.03  2.74308e-15
7274.05  2.73977e-15
7277.06  2.73624e-15
7280.07  2.73236e-15
7283.09  2.72803e-15
7286.1   2.72313e-15
7289.12  2.71754e-15
7292.13  2.71114e-15
7295.14  2.70382e-15
7298.16  2.69546e-15
7301.17  2.68598e-15
7304.18  2.6753e-15
7307.2   2.66336e-15
7310.21  2.65011e-15
7313.22  2.63554e-15
7316.24  2.61967e-15
7319.25  2.60252e-15
7322.27  2.58416e-15
7325.28  2.56468e-15
7328.29  2.54418e-15
7331.31  2.5228e-15
7334.32  2.50068e-15
7337.33  2.47801e-15
7340.35  2.45496e-15
7343.36  2.43171e-15
7346.38  2.40846e-15
7349.39  2.38541e-15
7352.4   2.36272e-15
7355.42  2.34057e-15
7358.43  2.31911e-15
7361.44  2.29848e-15
7364.46  2.27878e-15
7367.47  2.2601e-15
7370.49  2.24248e-15
7373.5   2.22594e-15
7376.51  2.21046e-15
7379.53  2.196e-15
7382.54  2.18248e-15
7385.55  2.16978e-15
7388.57  2.15776e-15
7391.58  2.14627e-15
7394.6   2.13513e-15
7397.61  2.12413e-15
7400.62  2.11306e-15
7403.64  2.10172e-15
7406.65  2.08989e-15
7409.66  2.07736e-15
7412.68  2.06395e-15
7415.69  2.04946e-15
7418.71  2.03375e-15
7421.72  2.01669e-15
7424.73  1.99819e-15
7427.75  1.97817e-15
7430.76  1.95662e-15
7433.77  1.93356e-15
7436.79  1.90903e-15
7439.8   1.88314e-15
7442.81  1.85602e-15
7445.83  1.82786e-15
7448.84  1.79885e-15
7451.86  1.76926e-15
7454.87  1.73936e-15
7457.88  1.70945e-15
7460.9   1.67986e-15
7463.91  1.65091e-15
7466.92  1.62296e-15
7469.94  1.59634e-15
7472.95  1.57141e-15
7475.97  1.54849e-15
7478.98  1.52789e-15
7481.99  1.5099e-15
7485.01  1.49477e-15
7488.02  1.48274e-15
7491.03  1.47397e-15
7494.05  1.46861e-15
7497.06  1.46675e-15
7500.08  1.46842e-15
7503.09  1.47362e-15
7506.1   1.48228e-15
7509.12  1.4943e-15
7512.13  1.5095e-15
7515.14  1.52767e-15
7518.16  1.54858e-15
7521.17  1.57192e-15
7524.19  1.59738e-15
7527.2   1.6246e-15
7530.21  1.65321e-15
7533.23  1.68284e-15
7536.24  1.71309e-15
7539.25  1.74358e-15
7542.27  1.77393e-15
7545.28  1.80378e-15
7548.29  1.83279e-15
7551.31  1.86065e-15
7554.32  1.88709e-15
7557.34  1.91188e-15
7560.35  1.93481e-15
7563.36  1.95576e-15
7566.38  1.97461e-15
7569.39  1.99133e-15
7572.4   2.00589e-15
7575.42  2.01836e-15
7578.43  2.0288e-15
7581.45  2.03735e-15
7584.46  2.04415e-15
7587.47  2.04938e-15
7590.49  2.05325e-15
7593.5   2.05598e-15
7596.51  2.05779e-15
7599.53  2.05892e-15
7602.54  2.05958e-15
7605.56  2.06e-15
7608.57  2.06037e-15
7611.58  2.06086e-15
7614.6   2.06165e-15
7617.61  2.06284e-15
7620.62  2.06454e-15
7623.64  2.06682e-15
7626.65  2.06971e-15
7629.67  2.07322e-15
7632.68  2.07733e-15
7635.69  2.08199e-15
7638.71  2.08713e-15
7641.72  2.09266e-15
7644.73  2.09849e-15
7647.75  2.10449e-15
7650.76  2.11056e-15
7653.77  2.11657e-15
7656.79  2.12242e-15
7659.8   2.128e-15
7662.82  2.13324e-15
7665.83  2.13804e-15
7668.84  2.14236e-15
7671.86  2.14618e-15
7674.87  2.14946e-15
7677.88  2.15224e-15
7680.9   2.15455e-15
7683.91  2.15643e-15
7686.93  2.15797e-15
7689.94  2.15926e-15
7692.95  2.16041e-15
7695.97  2.16152e-15
7698.98  2.16274e-15
7701.99  2.16418e-15
7705.01  2.16596e-15
7708.02  2.16823e-15
7711.04  2.17108e-15
7714.05  2.17463e-15
7717.06  2.17896e-15
7720.08  2.18415e-15
7723.09  2.19025e-15
7726.1   2.19731e-15
7729.12  2.20535e-15
7732.13  2.21437e-15
7735.15  2.22435e-15
7738.16  2.23525e-15
7741.17  2.24703e-15
7744.19  2.25962e-15
7747.2   2.27296e-15
7750.21  2.28694e-15
7753.23  2.30149e-15
7756.24  2.3165e-15
7759.26  2.33188e-15
7762.27  2.34752e-15
7765.28  2.36334e-15
7768.3   2.37923e-15
7771.31  2.3951e-15
7774.32  2.41086e-15
7777.34  2.42644e-15
7780.35  2.44177e-15
7783.36  2.45676e-15
7786.38  2.47137e-15
7789.39  2.48554e-15
7792.41  2.4992e-15
7795.42  2.51233e-15
7798.43  2.52487e-15
7801.45  2.53679e-15
7804.46  2.54806e-15
7807.47  2.55864e-15
7810.49  2.5685e-15
7813.5   2.57763e-15
7816.52  2.58599e-15
7819.53  2.59356e-15
7822.54  2.60034e-15
7825.56  2.60631e-15
7828.57  2.61145e-15
7831.58  2.61578e-15
7834.6   2.61928e-15
7837.61  2.62197e-15
7840.63  2.62387e-15
7843.64  2.625e-15
7846.65  2.62538e-15
7849.67  2.62507e-15
7852.68  2.62409e-15
7855.69  2.6225e-15
7858.71  2.62037e-15
7861.72  2.61775e-15
7864.74  2.6147e-15
7867.75  2.61131e-15
7870.76  2.60762e-15
7873.78  2.60373e-15
7876.79  2.59967e-15
7879.8   2.59553e-15
7882.82  2.59134e-15
7885.83  2.58715e-15
7888.84  2.58298e-15
7891.86  2.57887e-15
7894.87  2.5748e-15
7897.89  2.57078e-15
7900.9   2.56678e-15
7903.91  2.56277e-15
7906.93  2.55869e-15
7909.94  2.55448e-15
7912.95  2.55008e-15
7915.97  2.5454e-15
7918.98  2.54037e-15
7922     2.53489e-15
7925.01  2.52888e-15
7928.02  2.52227e-15
7931.04  2.51498e-15
7934.05  2.50695e-15
7937.06  2.49814e-15
7940.08  2.48853e-15
7943.09  2.47809e-15
7946.11  2.46684e-15
7949.12  2.45481e-15
7952.13  2.44206e-15
7955.15  2.42864e-15
7958.16  2.41465e-15
7961.17  2.4002e-15
7964.19  2.38539e-15
7967.2   2.37037e-15
7970.22  2.35526e-15
7973.23  2.34019e-15
7976.24  2.3253e-15
7979.26  2.31072e-15
7982.27  2.29654e-15
7985.28  2.28287e-15
7988.3   2.26979e-15
7991.31  2.25735e-15
7994.32  2.24559e-15
7997.34  2.23451e-15
8000.35  2.2241e-15
8003.37  2.21431e-15
8006.38  2.2051e-15
8009.39  2.19637e-15
8012.41  2.18803e-15
8015.42  2.17998e-15
8018.43  2.17209e-15
8021.45  2.16426e-15
8024.46  2.15635e-15
8027.48  2.14827e-15
8030.49  2.1399e-15
8033.5   2.13116e-15
8036.52  2.12198e-15
8039.53  2.11229e-15
8042.54  2.10207e-15
8045.56  2.0913e-15
8048.57  2.07999e-15
8051.59  2.06816e-15
8054.6   2.05584e-15
8057.61  2.04309e-15
8060.63  2.02997e-15
8063.64  2.01655e-15
8066.65  2.0029e-15
8069.67  1.98907e-15
8072.68  1.97514e-15
8075.7   1.96114e-15
8078.71  1.94711e-15
8081.72  1.93307e-15
8084.74  1.91902e-15
8087.75  1.90493e-15
8090.76  1.89076e-15
8093.78  1.87646e-15
8096.79  1.86193e-15
8099.81  1.84709e-15
8102.82  1.83182e-15
8105.83  1.81601e-15
8108.85  1.79953e-15
8111.86  1.78227e-15
8114.87  1.76409e-15
8117.89  1.74489e-15
8120.9   1.72459e-15
8123.91  1.70309e-15
8126.93  1.68036e-15
8129.94  1.65635e-15
8132.96  1.63109e-15
8135.97  1.60459e-15
8138.98  1.57692e-15
8142     1.54819e-15
8145.01  1.5185e-15
8148.02  1.48803e-15
8151.04  1.45693e-15
8154.05  1.42542e-15
8157.07  1.39371e-15
8160.08  1.36201e-15
8163.09  1.33056e-15
8166.11  1.29959e-15
8169.12  1.26933e-15
8172.13  1.23999e-15
8175.15  1.21176e-15
8178.16  1.18483e-15
8181.18  1.15934e-15
8184.19  1.13543e-15
8187.2   1.1132e-15
8190.22  1.09271e-15
8193.23  1.07399e-15
8196.24  1.05707e-15
8199.26  1.04191e-15
8202.27  1.02849e-15
8205.29  1.01672e-15
8208.3   1.00653e-15
8211.31  9.97813e-16
8214.33  9.90465e-16
8217.34  9.84365e-16
8220.35  9.79394e-16
8223.37  9.75435e-16
8226.38  9.72375e-16
8229.39  9.70109e-16
8232.41  9.68542e-16
8235.42  9.67591e-16
8238.44  9.6719e-16
8241.45  9.67284e-16
8244.46  9.67833e-16
8247.48  9.68812e-16
8250.49  9.70208e-16
8253.5   9.7202e-16
8256.52  9.74256e-16
8259.53  9.76931e-16
8262.55  9.80065e-16
8265.56  9.83683e-16
8268.57  9.87806e-16
8271.59  9.92457e-16
8274.6   9.97652e-16
8277.61  1.0034e-15
8280.63  1.00971e-15
8283.64  1.01657e-15
8286.66  1.02396e-15
8289.67  1.03186e-15
8292.68  1.04024e-15
8295.7   1.04904e-15
8298.71  1.05821e-15
8301.72  1.06768e-15
8304.74  1.07739e-15
8307.75  1.08727e-15
8310.77  1.09724e-15
8313.78  1.10722e-15
8316.79  1.11715e-15
8319.81  1.12697e-15
8322.82  1.13661e-15
8325.83  1.14605e-15
8328.85  1.15524e-15
8331.86  1.1642e-15
8334.87  1.17292e-15
8337.89  1.18143e-15
8340.9   1.18978e-15
8343.92  1.19805e-15
8346.93  1.20633e-15
8349.94  1.21472e-15
8352.96  1.22337e-15
8355.97  1.2324e-15
8358.98  1.24198e-15
8362     1.25228e-15
8365.01  1.26346e-15
8368.03  1.2757e-15
8371.04  1.28916e-15
8374.05  1.30401e-15
8377.07  1.32038e-15
8380.08  1.33843e-15
8383.09  1.35825e-15
8386.11  1.37995e-15
8389.12  1.40359e-15
8392.14  1.42921e-15
8395.15  1.45682e-15
8398.16  1.48641e-15
8401.18  1.51795e-15
8404.19  1.55135e-15
8407.2   1.58654e-15
8410.22  1.62339e-15
8413.23  1.66176e-15
8416.25  1.70152e-15
8419.26  1.74248e-15
8422.27  1.78448e-15
8425.29  1.82733e-15
8428.3   1.87084e-15
8431.31  1.91484e-15
8434.33  1.95914e-15
8437.34  2.00355e-15
8440.36  2.04791e-15
8443.37  2.09206e-15
8446.38  2.13585e-15
8449.4   2.17914e-15
8452.41  2.22179e-15
8455.42  2.2637e-15
8458.44  2.30476e-15
8461.45  2.34486e-15
8464.46  2.38392e-15
8467.48  2.42186e-15
8470.49  2.4586e-15
8473.51  2.49408e-15
8476.52  2.52823e-15
8479.53  2.56099e-15
8482.55  2.59231e-15
8485.56  2.62213e-15
8488.57  2.65041e-15
8491.59  2.6771e-15
8494.6   2.70216e-15
8497.62  2.72558e-15
8500.63  2.74732e-15
8503.64  2.76738e-15
8506.66  2.78578e-15
8509.67  2.80252e-15
8512.68  2.81764e-15
8515.7   2.83121e-15
8518.71  2.8433e-15
8521.73  2.854e-15
8524.74  2.86342e-15
8527.75  2.87171e-15
8530.77  2.87901e-15
8533.78  2.88548e-15
8536.79  2.8913e-15
8539.81  2.89666e-15
8542.82  2.90175e-15
8545.84  2.90674e-15
8548.85  2.91183e-15
8551.86  2.91718e-15
8554.88  2.92294e-15
8557.89  2.92926e-15
8560.9   2.93623e-15
8563.92  2.94394e-15
8566.93  2.95243e-15
8569.94  2.96171e-15
8572.96  2.97175e-15
8575.97  2.9825e-15
8578.99  2.99385e-15
8582     3.00568e-15
8585.01  3.01784e-15
8588.03  3.03013e-15
8591.04  3.04236e-15
8594.05  3.05432e-15
8597.07  3.06578e-15
8600.08  3.07653e-15
8603.1   3.08634e-15
8606.11  3.09503e-15
8609.12  3.10241e-15
8612.14  3.10833e-15
8615.15  3.11268e-15
8618.16  3.11535e-15
8621.18  3.1163e-15
8624.19  3.11552e-15
8627.21  3.11304e-15
8630.22  3.10892e-15
8633.23  3.10325e-15
8636.25  3.09618e-15
8639.26  3.08787e-15
8642.27  3.07849e-15
8645.29  3.06825e-15
8648.3   3.05737e-15
8651.32  3.04605e-15
8654.33  3.03453e-15
8657.34  3.02301e-15
8660.36  3.01169e-15
8663.37  3.00075e-15
8666.38  2.99036e-15
8669.4   2.98066e-15
8672.41  2.97174e-15
8675.42  2.9637e-15
8678.44  2.95658e-15
8681.45  2.95039e-15
8684.47  2.94513e-15
8687.48  2.94075e-15
8690.49  2.93718e-15
8693.51  2.93432e-15
8696.52  2.93206e-15
8699.53  2.93026e-15
8702.55  2.92877e-15
8705.56  2.92743e-15
8708.58  2.92605e-15
8711.59  2.92446e-15
8714.6   2.92248e-15
8717.62  2.91992e-15
8720.63  2.9166e-15
8723.64  2.91237e-15
8726.66  2.90704e-15
8729.67  2.90048e-15
8732.69  2.89255e-15
8735.7   2.88313e-15
8738.71  2.87212e-15
8741.73  2.85944e-15
8744.74  2.84502e-15
8747.75  2.82884e-15
8750.77  2.81087e-15
8753.78  2.79113e-15
8756.8   2.76966e-15
8759.81  2.7465e-15
8762.82  2.72176e-15
8765.84  2.69552e-15
8768.85  2.66793e-15
8771.86  2.63913e-15
8774.88  2.60928e-15
8777.89  2.57857e-15
8780.91  2.54719e-15
8783.92  2.51534e-15
8786.93  2.48323e-15
8789.95  2.45106e-15
8792.96  2.41904e-15
8795.97  2.38735e-15
8798.99  2.35617e-15
8802     2.32568e-15
8805.01  2.29602e-15
8808.03  2.26731e-15
8811.04  2.23965e-15
8814.06  2.21311e-15
8817.07  2.18774e-15
8820.08  2.16355e-15
8823.1   2.14053e-15
8826.11  2.11865e-15
8829.12  2.09786e-15
8832.14  2.07806e-15
8835.15  2.05916e-15
8838.17  2.04105e-15
8841.18  2.0236e-15
8844.19  2.0067e-15
8847.21  1.99021e-15
8850.22  1.974e-15
8853.23  1.95795e-15
8856.25  1.94196e-15
8859.26  1.92593e-15
8862.28  1.90978e-15
8865.29  1.89346e-15
8868.3   1.87692e-15
8871.32  1.86014e-15
8874.33  1.84314e-15
8877.34  1.82594e-15
8880.36  1.80859e-15
8883.37  1.79115e-15
8886.39  1.77372e-15
8889.4   1.7564e-15
8892.41  1.7393e-15
8895.43  1.72255e-15
8898.44  1.70629e-15
8901.45  1.69066e-15
8904.47  1.6758e-15
8907.48  1.66185e-15
8910.49  1.64893e-15
8913.51  1.63719e-15
8916.52  1.62673e-15
8919.54  1.61765e-15
8922.55  1.61004e-15
8925.56  1.60397e-15
8928.58  1.59946e-15
8931.59  1.59656e-15
8934.6   1.59525e-15
8937.62  1.5955e-15
8940.63  1.59727e-15
8943.65  1.60048e-15
8946.66  1.60503e-15
8949.67  1.61079e-15
8952.69  1.61761e-15
8955.7   1.62534e-15
8958.71  1.63379e-15
8961.73  1.64276e-15
8964.74  1.65206e-15
8967.76  1.66147e-15
8970.77  1.67078e-15
8973.78  1.67978e-15
8976.8   1.68828e-15
8979.81  1.69607e-15
8982.82  1.703e-15
8985.84  1.7089e-15
8988.85  1.71365e-15
8991.87  1.71714e-15
8994.88  1.7193e-15
8997.89  1.72008e-15
9000.91  1.71946e-15
9003.92  1.71745e-15
9006.93  1.71411e-15
9009.95  1.70951e-15
9012.96  1.70373e-15
9015.97  1.69689e-15
9018.99  1.68914e-15
9022     1.68061e-15
9025.02  1.67146e-15
9028.03  1.66185e-15
9031.04  1.65193e-15
9034.06  1.64185e-15
9037.07  1.63176e-15
9040.08  1.62177e-15
9043.1   1.61201e-15
9046.11  1.60254e-15
9049.13  1.59346e-15
9052.14  1.58479e-15
9055.15  1.57657e-15
9058.17  1.5688e-15
9061.18  1.56147e-15
9064.19  1.55455e-15
9067.21  1.548e-15
9070.22  1.54178e-15
9073.24  1.53582e-15
9076.25  1.53007e-15
9079.26  1.52448e-15
9082.28  1.51898e-15
9085.29  1.51355e-15
9088.3   1.50815e-15
9091.32  1.50275e-15
9094.33  1.49734e-15
9097.35  1.49192e-15
9100.36  1.48652e-15
9103.37  1.48114e-15
9106.39  1.47582e-15
9109.4   1.47059e-15
9112.41  1.46549e-15
9115.43  1.46056e-15
9118.44  1.45584e-15
9121.46  1.45134e-15
9124.47  1.4471e-15
9127.48  1.44311e-15
9130.5   1.43937e-15
9133.51  1.43586e-15
9136.52  1.43254e-15
9139.54  1.42937e-15
9142.55  1.42627e-15
9145.56  1.42319e-15
9148.58  1.42002e-15
9151.59  1.41668e-15
9154.61  1.41307e-15
9157.62  1.40909e-15
9160.63  1.40466e-15
9163.65  1.39967e-15
9166.66  1.39405e-15
9169.67  1.38773e-15
9172.69  1.38066e-15
9175.7   1.37281e-15
9178.72  1.36417e-15
9181.73  1.35472e-15
9184.74  1.34452e-15
9187.76  1.33358e-15
9190.77  1.32199e-15
9193.78  1.30981e-15
9196.8   1.29715e-15
9199.81  1.28411e-15
9202.83  1.27082e-15
9205.84  1.25739e-15
9208.85  1.24395e-15
9211.87  1.23063e-15
9214.88  1.21755e-15
9217.89  1.20483e-15
9220.91  1.19258e-15
9223.92  1.18089e-15
9226.94  1.16984e-15
9229.95  1.15949e-15
9232.96  1.14989e-15
9235.98  1.14107e-15
9238.99  1.13304e-15
9242     1.1258e-15
9245.02  1.1193e-15
9248.03  1.11352e-15
9251.04  1.10839e-15
9254.06  1.10383e-15
9257.07  1.09978e-15
9260.09  1.09612e-15
9263.1   1.09277e-15
9266.11  1.0896e-15
9269.13  1.08653e-15
9272.14  1.08343e-15
9275.15  1.08019e-15
9278.17  1.07672e-15
9281.18  1.07292e-15
9284.2   1.06869e-15
9287.21  1.06397e-15
9290.22  1.05867e-15
9293.24  1.05275e-15
9296.25  1.04616e-15
9299.26  1.03887e-15
9302.28  1.03086e-15
9305.29  1.02215e-15
9308.31  1.01274e-15
9311.32  1.00266e-15
9314.33  9.91963e-16
9317.35  9.80693e-16
9320.36  9.68922e-16
9323.37  9.56726e-16
9326.39  9.44194e-16
9329.4   9.31417e-16
9332.42  9.18495e-16
9335.43  9.05528e-16
9338.44  8.92619e-16
9341.46  8.7987e-16
9344.47  8.67377e-16
9347.48  8.55234e-16
9350.5   8.43527e-16
9353.51  8.32333e-16
9356.52  8.21719e-16
9359.54  8.11741e-16
9362.55  8.02443e-16
9365.57  7.93857e-16
9368.58  7.86003e-16
9371.59  7.78886e-16
9374.61  7.72503e-16
9377.62  7.66837e-16
9380.63  7.61862e-16
9383.65  7.57545e-16
9386.66  7.53844e-16
9389.68  7.50712e-16
9392.69  7.48097e-16
9395.7   7.45947e-16
9398.72  7.44208e-16
9401.73  7.42824e-16
9404.74  7.41746e-16
9407.76  7.40924e-16
9410.77  7.40312e-16
9413.79  7.3987e-16
9416.8   7.39561e-16
9419.81  7.39356e-16
9422.83  7.39227e-16
9425.84  7.39152e-16
9428.85  7.39115e-16
9431.87  7.39103e-16
9434.88  7.39105e-16
9437.9   7.39114e-16
9440.91  7.39127e-16
9443.92  7.39139e-16
9446.94  7.3915e-16
9449.95  7.39159e-16
9452.96  7.39165e-16
9455.98  7.3917e-16
9458.99  7.39173e-16
9462.01  7.39174e-16
9465.02  7.39175e-16
9468.03  7.39176e-16
9471.05  7.39176e-16
9474.06  7.39176e-16
9477.07  7.39176e-16
9480.09  7.39176e-16
9483.1   7.39176e-16
9486.11  7.39176e-16
9489.13  7.39176e-16
9492.14  7.39176e-16