#39.96638826746705
 8542.82  6.35309e-17
 8550.81  6.29825e-17
 8557.8   6.25476e-17
 8565.8   6.22446e-17
 8572.79  6.20817e-17
 8580.78  6.20608e-17
 8587.78  6.21819e-17
 8595.77  6.24473e-17
 8602.77  6.28627e-17
 8610.76  6.3436e-17
 8617.75  6.41715e-17
 8625.75  6.50632e-17
 8632.74  6.60869e-17
 8640.73  6.71947e-17
 8647.73  6.83137e-17
 8655.72  6.93503e-17
 8663.71  7.02007e-17
 8670.71  7.07663e-17
 8678.7   7.0971e-17
 8685.7   7.07775e-17
 8693.69  7.01997e-17
 8700.68  6.93062e-17
 8708.68  6.82153e-17
 8715.67  6.70805e-17
 8723.66  6.6068e-17
 8730.66  6.53311e-17
 8738.65  6.49841e-17
 8745.64  6.50821e-17
 8753.64  6.56093e-17
 8760.63  6.64795e-17
 8768.63  6.75483e-17
 8776.62  6.86352e-17
 8783.61  6.9553e-17
 8791.61  7.01379e-17
 8798.6   7.02765e-17
 8806.59  6.99238e-17
 8813.59  6.91091e-17
 8821.58  6.79293e-17
 8828.58  6.65305e-17
 8836.57  6.508e-17
 8843.56  6.37364e-17
 8851.56  6.26205e-17
 8858.55  6.17934e-17
 8866.54  6.12468e-17
 8874.54  6.09048e-17
 8881.53  6.06395e-17
 8889.52  6.0295e-17
 8896.52  5.97177e-17
 8904.51  5.87862e-17
 8911.51  5.74353e-17
 8919.5   5.56711e-17
 8926.49  5.35735e-17
 8934.49  5.12857e-17
 8941.48  4.89939e-17
 8949.47  4.68989e-17
 8956.47  4.51865e-17
 8964.46  4.39996e-17
 8971.46  4.34183e-17
 8979.45  4.34495e-17
 8987.44  4.40287e-17
 8994.44  4.50315e-17
 9002.43  4.62938e-17
 9009.42  4.76361e-17
 9017.42  4.88878e-17
 9024.41  4.99086e-17
 9032.4   5.06024e-17
 9039.4   5.09242e-17
 9047.39  5.08784e-17
 9054.39  5.05106e-17
 9062.38  4.98953e-17
 9069.37  4.91218e-17
 9077.37  4.82817e-17
 9084.36  4.74582e-17
 9092.35  4.67204e-17
 9100.35  4.61209e-17
 9107.34  4.56967e-17
 9115.33  4.54716e-17
 9122.33  4.54594e-17
 9130.32  4.56655e-17
 9137.32  4.60873e-17
 9145.31  4.67132e-17
 9152.3   4.75198e-17
 9160.3   4.84705e-17
 9167.29  4.95144e-17
 9175.28  5.05881e-17
 9182.28  5.16199e-17
 9190.27  5.25366e-17
 9197.27  5.32723e-17
 9205.26  5.37762e-17
 9213.25  5.40202e-17
 9220.25  5.40023e-17
 9228.24  5.37471e-17
 9235.23  5.33011e-17
 9243.23  5.27254e-17
 9250.22  5.20854e-17
 9258.21  5.14412e-17
 9265.21  5.08385e-17
 9273.2   5.03033e-17
 9280.2   4.98405e-17
 9288.19  4.94365e-17
 9295.18  4.90657e-17
 9303.18  4.86983e-17
 9310.17  4.83096e-17
 9318.16  4.7886e-17
 9326.16  4.74303e-17
 9333.15  4.69611e-17
 9341.14  4.65108e-17
 9348.14  4.61189e-17
 9356.13  4.58253e-17
 9363.13  4.56624e-17
 9371.12  4.565e-17
 9378.11  4.57917e-17
 9386.11  4.6075e-17
 9393.1   4.64744e-17
 9401.09  4.69564e-17
 9408.09  4.74861e-17
 9416.08  4.80325e-17
 9424.07  4.85734e-17
 9431.07  4.90967e-17
 9439.06  4.96002e-17
 9446.06  5.00877e-17
 9454.05  5.05645e-17
 9461.04  5.10325e-17
 9469.04  5.14858e-17
 9476.03  5.19095e-17
 9484.02  5.22805e-17
 9491.02  5.25714e-17
 9499.01  5.27562e-17
 9506.01  5.28177e-17
 9514     5.27525e-17
 9520.99  5.25745e-17
 9528.99  5.23145e-17
 9536.98  5.20161e-17
 9543.97  5.17274e-17
 9551.97  5.14919e-17
 9558.96  5.13375e-17
 9566.95  5.12696e-17
 9573.95  5.12665e-17
 9581.94  5.1281e-17
 9588.94  5.12464e-17
 9596.93  5.10876e-17
 9603.92  5.07346e-17
 9611.92  5.01353e-17
 9618.91  4.92672e-17
 9626.9   4.81432e-17
 9633.9   4.68123e-17
 9641.89  4.53537e-17
 9649.88  4.38657e-17
 9656.88  4.24519e-17
 9664.87  4.12058e-17
 9671.87  4.01981e-17
 9679.86  3.94675e-17
 9686.85  3.90182e-17
 9694.85  3.88222e-17
 9701.84  3.88281e-17
 9709.83  3.89724e-17
 9716.83  3.91931e-17
 9724.82  3.94411e-17
 9731.82  3.96886e-17
 9739.81  3.99331e-17
 9746.8   4.0196e-17
 9754.8   4.0516e-17
 9762.79  4.09406e-17
 9769.78  4.15157e-17
 9777.78  4.22763e-17
 9784.77  4.32402e-17
 9792.76  4.44058e-17
 9799.76  4.5753e-17
 9807.75  4.72491e-17
 9814.75  4.88556e-17
 9822.74  5.05359e-17
 9829.73  5.22622e-17
 9837.73  5.40184e-17
 9844.72  5.58008e-17
 9852.71  5.76152e-17
 9859.71  5.94703e-17
 9867.7   6.1372e-17
 9875.69  6.33163e-17
 9882.69  6.5286e-17
 9890.68  6.72496e-17
 9897.68  6.91647e-17
 9905.67  7.09842e-17
 9912.66  7.26648e-17
 9920.66  7.41756e-17
 9927.65  7.55052e-17
 9935.64  7.66655e-17
 9942.64  7.76906e-17
 9950.63  7.8631e-17
 9957.63  7.95443e-17
 9965.62  8.04825e-17
 9973.61  8.14798e-17
 9980.61  8.25428e-17
 9988.6   8.36444e-17
 9995.59  8.47244e-17
10003.6   8.56955e-17
10010.6   8.64558e-17
10018.6   8.69037e-17
10025.6   8.69548e-17
10033.6   8.65564e-17
10040.6   8.56973e-17
10048.5   8.44117e-17
10055.5   8.27754e-17
10063.5   8.0896e-17
10070.5   7.88975e-17
10078.5   7.69035e-17
10086.5   7.50206e-17
10101.5   7.33252e-17
10108.5   7.18563e-17
10116.5   7.06143e-17
10123.5   6.95661e-17
10131.5   6.86557e-17
10138.5   6.78176e-17
10146.5   6.699e-17
10153.5   6.61268e-17
10161.5   6.52053e-17
10168.4   6.42288e-17
10176.4   6.32246e-17
10183.4   6.22368e-17
10191.4   6.13171e-17
10199.4   6.0514e-17
10206.4   5.98634e-17
10214.4   5.93818e-17
10221.4   5.90632e-17
10229.4   5.888e-17
10236.4   5.87882e-17
10244.4   5.87344e-17
10251.4   5.86647e-17
10259.4   5.85333e-17
10266.4   5.83091e-17
10274.4   5.79797e-17
10281.4   5.75524e-17
10289.3   5.70511e-17
10296.3   5.65121e-17
10304.3   5.59775e-17
10312.3   5.54886e-17
10319.3   5.50802e-17
10327.3   5.47763e-17
10334.3   5.4589e-17
10342.3   5.45184e-17
10349.3   5.45547e-17
10357.3   5.46824e-17
10364.3   5.48834e-17
10372.3   5.51403e-17
10379.3   5.54395e-17
10387.3   5.57714e-17
10394.3   5.61305e-17
10402.3   5.65144e-17
10409.2   5.69213e-17
10417.2   5.73487e-17
10425.2   5.77912e-17
10432.2   5.82405e-17
10440.2   5.86844e-17
10447.2   5.91084e-17
10455.2   5.94968e-17
10462.2   5.98342e-17
10470.2   6.01071e-17
10477.2   6.03051e-17
10485.2   6.04212e-17
10492.2   6.04522e-17
10500.2   6.03977e-17
10507.2   6.02594e-17
10515.2   6.00396e-17
10523.2   5.97404e-17
10530.1   5.93628e-17
10538.1   5.8906e-17
10545.1   5.83683e-17
10553.1   5.77466e-17
10560.1   5.70386e-17
10568.1   5.6243e-17
10575.1   5.53612e-17
10583.1   5.43983e-17
10590.1   5.33635e-17
10598.1   5.22701e-17
10605.1   5.11353e-17
10613.1   4.99784e-17
10620.1   4.882e-17
10628.1   4.76794e-17
10636.1   4.65736e-17
10643     4.55153e-17
10651     4.45125e-17
10658     4.35684e-17
10666     4.26822e-17
10673     4.18505e-17
10681     4.10696e-17
10688     4.0337e-17
10696     3.96537e-17
10703     3.90246e-17
10711     3.84593e-17
10718     3.79708e-17
10726     3.7574e-17
10733     3.72829e-17
10741     3.71083e-17
10749     3.70557e-17
10756     3.71229e-17
10763.9   3.73005e-17
10770.9   3.75716e-17
10778.9   3.79146e-17
10785.9   3.8305e-17
10793.9   3.87192e-17
10800.9   3.91371e-17
10808.9   3.95449e-17
10815.9   3.99361e-17
10823.9   4.03113e-17
10830.9   4.06773e-17
10838.9   4.1044e-17
10845.9   4.14212e-17
10853.9   4.18155e-17
10861.9   4.22272e-17
10868.9   4.26483e-17
10876.9   4.30625e-17
10883.8   4.34462e-17
10891.8   4.37709e-17
10898.8   4.40073e-17
10906.8   4.41287e-17
10913.8   4.41153e-17
10921.8   4.39564e-17
10928.8   4.36523e-17
10936.8   4.32139e-17
10943.8   4.26614e-17
10951.8   4.20216e-17
10958.8   4.13243e-17
10966.8   4.05995e-17
10974.8   3.98741e-17
10981.8   3.91704e-17
10989.8   3.8505e-17
10996.8   3.78892e-17
11004.7   3.73299e-17
11011.7   3.68307e-17
11019.7   3.63935e-17
11026.7   3.60193e-17
11034.7   3.57083e-17
11041.7   3.546e-17
11049.7   3.52718e-17
11056.7   3.51387e-17
11064.7   3.50521e-17
11072.7   3.49999e-17
11079.7   3.49667e-17
11087.7   3.4935e-17
11094.7   3.48871e-17
11102.7   3.48073e-17
11109.7   3.46834e-17
11117.7   3.45088e-17
11124.6   3.42823e-17
11132.6   3.40084e-17
11139.6   3.36952e-17
11147.6   3.33527e-17
11154.6   3.299e-17
11162.6   3.26126e-17
11169.6   3.22212e-17
11177.6   3.18106e-17
11185.6   3.13703e-17
11192.6   3.08868e-17
11200.6   3.03456e-17
11207.6   2.97353e-17
11215.6   2.90498e-17
11222.6   2.82913e-17
11230.6   2.74708e-17
11237.5   2.66074e-17
11245.5   2.5726e-17
11252.5   2.48541e-17
11260.5   2.40169e-17
11267.5   2.32339e-17
11275.5   2.25153e-17
11282.5   2.18602e-17
11290.5   2.1258e-17
11298.5   2.06898e-17
11305.5   2.01337e-17
11313.5   1.95693e-17
11320.5   1.89832e-17
11328.5   1.83726e-17
11335.5   1.77478e-17
11343.5   1.71313e-17
11350.5   1.65547e-17
11358.4   1.60537e-17
11365.4   1.56614e-17
11373.4   1.54025e-17
11380.4   1.52882e-17
11388.4   1.5314e-17
11395.4   1.54592e-17
11403.4   1.56908e-17
11411.4   1.59686e-17
11418.4   1.62519e-17
11426.4   1.65059e-17
11433.4   1.67073e-17
11441.4   1.68473e-17
11448.4   1.69317e-17
11456.4   1.69788e-17
11463.4   1.70142e-17
11471.4   1.70656e-17
11478.3   1.71563e-17
11486.3   1.73012e-17
11493.3   1.75032e-17
11501.3   1.77541e-17
11508.3   1.80357e-17
11516.3   1.83246e-17
11524.3   1.85966e-17
11531.3   1.88314e-17
11539.3   1.90164e-17
11546.3   1.91482e-17
11554.3   1.9232e-17
11561.3   1.92795e-17
11569.3   1.93049e-17
11576.3   1.93208e-17
11584.3   1.93345e-17
11591.3   1.93454e-17
11599.2   1.93446e-17
11606.2   1.93163e-17
11614.2   1.92408e-17
11622.2   1.9099e-17
11629.2   1.88762e-17
11637.2   1.8566e-17
11644.2   1.81719e-17
11652.2   1.77079e-17
11659.2   1.71956e-17
11667.2   1.66613e-17
11674.2   1.61315e-17
11682.2   1.56281e-17
11689.2   1.5165e-17
11697.2   1.47467e-17
11704.2   1.43679e-17
11712.2   1.40157e-17
11719.1   1.36731e-17
11727.1   1.3323e-17
11735.1   1.29522e-17
11742.1   1.25545e-17
11750.1   1.21318e-17
11757.1   1.16942e-17
11765.1   1.12574e-17
11772.1   1.084e-17
11780.1   1.04598e-17
11787.1   1.01302e-17
11795.1   9.85774e-18
11802.1   9.64127e-18
11810.1   9.47223e-18
11817.1   9.33661e-18
11825.1   9.21781e-18
11832     9.1e-18
11840     8.97125e-18
11848     8.82606e-18
11855     8.6666e-18
11863     8.50271e-18
11870     8.35057e-18
11878     8.23023e-18
11885     8.16248e-18
11893     8.16542e-18
11900     8.25141e-18
11908     8.42465e-18
11915     8.67996e-18
11923     9.00277e-18
11930     9.37046e-18
11938     9.75489e-18
11945     1.01256e-17
11952.9   1.04538e-17
11960.9   1.07153e-17
11967.9   1.08941e-17
11975.9   1.0984e-17
11982.9   1.0989e-17
11990.9   1.09226e-17
11997.9   1.08058e-17
12005.9   1.06638e-17
12012.9   1.05226e-17
12020.9   1.04055e-17
12027.9   1.03298e-17
12035.9   1.03053e-17
12042.9   1.03328e-17
12050.9   1.04051e-17
12057.9   1.05083e-17
12065.9   1.06242e-17
12073.8   1.07333e-17
12080.8   1.0817e-17
12088.8   1.08604e-17
12095.8   1.08529e-17
12103.8   1.07898e-17
12110.8   1.06708e-17
12118.8   1.05003e-17
12125.8   1.0285e-17
12133.8   1.00334e-17
12140.8   9.75451e-18
12148.8   9.45683e-18
12155.8   9.14835e-18
12163.8   8.8365e-18
12171.8   8.52836e-18
12178.8   8.23102e-18
12186.8   7.95162e-18
12193.7   7.69735e-18
12201.7   7.47497e-18
12208.7   7.29025e-18
12216.7   7.14712e-18
12223.7   7.04701e-18
12231.7   6.98822e-18
12238.7   6.96568e-18
12246.7   6.97114e-18
12253.7   6.99375e-18
12261.7   7.02108e-18
12268.7   7.0404e-18
12276.7   7.04016e-18
12284.7   7.0114e-18
12291.7   6.94889e-18
12299.7   6.85188e-18
12306.7   6.72435e-18
12314.6   6.57455e-18
12321.6   6.41405e-18
12329.6   6.25627e-18
12336.6   6.11479e-18
12344.6   6.00162e-18
12351.6   5.92583e-18
12359.6   5.89258e-18
12366.6   5.90287e-18
12367.6   5.95395e-18
12375.6   6.04031e-18
12383.6   6.15504e-18
12391.6   6.29134e-18
12399.6   6.44381e-18
12406.6   6.60935e-18
12414.6   6.7875e-18
12422.6   6.98014e-18
12430.5   7.19074e-18
12438.5   7.42312e-18
12445.5   7.68027e-18
12453.5   7.96316e-18
12461.5   8.27e-18
12469.5   8.59593e-18
12477.5   8.9333e-18
12484.5   9.2724e-18
12492.5   9.60261e-18
12500.5   9.91371e-18
12508.5   1.01972e-17
12516.5   1.04473e-17
12523.5   1.06621e-17
12531.5   1.08433e-17
12539.5   1.09964e-17
12547.4   1.113e-17
12554.4   1.12547e-17
12562.4   1.13816e-17
12570.4   1.15207e-17
12578.4   1.16797e-17
12586.4   1.18626e-17
12593.4   1.20686e-17
12601.4   1.22922e-17
12609.4   1.25233e-17
12617.4   1.27486e-17
12625.4   1.29527e-17
12632.4   1.3121e-17
12640.4   1.32409e-17
12648.4   1.33046e-17
12656.4   1.33102e-17
12664.3   1.32622e-17
12671.3   1.31715e-17
12679.3   1.30538e-17
12687.3   1.29278e-17
12695.3   1.28121e-17
12703.3   1.27231e-17
12710.3   1.26722e-17
12718.3   1.26645e-17
12726.3   1.26986e-17
12734.3   1.27666e-17
12742.3   1.28561e-17
12749.3   1.29523e-17
12757.3   1.30408e-17
12765.3   1.31091e-17
12773.3   1.31494e-17
12781.3   1.31588e-17
12788.2   1.31394e-17
12796.2   1.30979e-17
12804.2   1.30433e-17
12812.2   1.29854e-17
12820.2   1.2933e-17
12827.2   1.28919e-17
12835.2   1.28644e-17
12843.2   1.28484e-17
12851.2   1.28388e-17
12858.2   1.28276e-17
12866.2   1.2806e-17
12874.2   1.27657e-17
12882.2   1.27004e-17
12890.2   1.26069e-17
12897.2   1.24855e-17
12905.1   1.23399e-17
12913.1   1.21769e-17
12921.1   1.20053e-17
12929.1   1.18345e-17
12936.1   1.16736e-17
12944.1   1.15299e-17
12952.1   1.14084e-17
12960.1   1.13109e-17
12968.1   1.12364e-17
12975.1   1.11809e-17
12983.1   1.11385e-17
12991.1   1.1102e-17
12999.1   1.10637e-17
13007.1   1.1017e-17
13014.1   1.09563e-17
13022     1.08779e-17
13030     1.07801e-17
13038     1.06633e-17
13046     1.05291e-17
13053     1.03804e-17
13061     1.02205e-17
13069     1.00528e-17
13077     9.88033e-18
13085     9.70545e-18
13092     9.52987e-18
13100     9.35454e-18
13108     9.17969e-18
13116     9.00493e-18
13124     8.82932e-18
13131     8.65145e-18
13139     8.46962e-18
13146.9   8.28203e-18
13154.9   8.08708e-18
13161.9   7.88363e-18
13169.9   7.67139e-18
13177.9   7.45115e-18
13185.9   7.22492e-18
13193.9   6.99598e-18
13200.9   6.7686e-18
13208.9   6.54776e-18
13216.9   6.33861e-18
13224.9   6.14596e-18
13232.9   5.97376e-18
13239.9   5.8247e-18
13247.9   5.70001e-18
13255.9   5.59929e-18
13263.8   5.52075e-18
13271.8   5.46136e-18
13278.8   5.41724e-18
13286.8   5.38411e-18
13294.8   5.35763e-18
13302.8   5.33386e-18
13310.8   5.30959e-18
13317.8   5.28261e-18
13325.8   5.25196e-18
13333.8   5.21806e-18
13341.8   5.18274e-18
13349.8   5.14921e-18
13356.8   5.12181e-18
13364.8   5.10565e-18
13372.8   5.10612e-18
13380.7   5.12824e-18
13388.7   5.17596e-18
13395.7   5.25145e-18
13403.7   5.35444e-18
13411.7   5.48181e-18
13419.7   5.62735e-18
13427.7   5.7819e-18
13434.7   5.93383e-18
13442.7   6.06987e-18
13450.7   6.17632e-18
13458.7   6.24039e-18
13466.7   6.2518e-18
13473.7   6.2042e-18
13481.7   6.09641e-18
13489.7   5.93321e-18
13497.6   5.72544e-18
13504.6   5.48948e-18
13512.6   5.2458e-18
13520.6   5.01698e-18
13528.6   4.82522e-18
13536.6   4.68964e-18
13543.6   4.62391e-18
13551.6   4.63445e-18
13559.6   4.71955e-18
13567.6   4.86955e-18
13575.6   5.06819e-18
13582.6   5.29479e-18
13590.6   5.52702e-18
13598.6   5.74383e-18
13606.6   5.92797e-18
13614.6   6.06792e-18
13621.5   6.15874e-18
13629.5   6.20199e-18
13637.5   6.20467e-18
13645.5   6.17742e-18
13653.5   6.1325e-18
13660.5   6.08167e-18
13668.5   6.03447e-18
13676.5   5.99716e-18
13684.5   5.97218e-18
13692.5   5.95851e-18
13699.5   5.95237e-18
13707.5   5.94837e-18
13715.5   5.94072e-18
13723.5   5.92431e-18
13731.5   5.89551e-18
13738.4   5.85259e-18
13746.4   5.79579e-18
13754.4   5.72698e-18
13762.4   5.64921e-18
13770.4   5.56608e-18
13777.4   5.4812e-18
13785.4   5.39775e-18
13793.4   5.31825e-18
13801.4   5.24443e-18
13808.4   5.1774e-18
13816.4   5.11776e-18
13824.4   5.06592e-18
13832.4   5.0223e-18
13840.4   4.98751e-18
13847.4   4.96245e-18
13855.3   4.94832e-18
13863.3   4.94649e-18
13871.3   4.95833e-18
13879.3   4.98492e-18
13886.3   5.02674e-18
13894.3   5.08333e-18
13902.3   5.15303e-18
13910.3   5.2328e-18
13918.3   5.31816e-18
13925.3   5.40336e-18
13933.3   5.48176e-18
13941.3   5.54632e-18
13949.3   5.59031e-18
13957.3   5.60804e-18
13964.3   5.59554e-18
13972.2   5.5511e-18
13980.2   5.47553e-18
13988.2   5.37217e-18
13996.2   5.2465e-18
14003.2   5.10546e-18
14011.2   4.9566e-18
14019.2   4.8071e-18
14027.2   4.66284e-18
14035.2   4.52768e-18
14042.2   4.40311e-18
14050.2   4.28814e-18
14058.2   4.17975e-18
14066.2   4.07352e-18
14074.2   3.96462e-18
14081.2   3.84887e-18
14089.2   3.72379e-18
14097.1   3.58952e-18
14105.1   3.44941e-18
14112.1   3.31025e-18
14120.1   3.18195e-18
14128.1   3.07685e-18
14136.1   3.00838e-18
14144.1   2.98947e-18
14151.1   3.03079e-18
14159.1   3.13895e-18
14167.1   3.31519e-18
14175.1   3.55454e-18
14183.1   3.84587e-18
14190.1   4.17276e-18
14198.1   4.51519e-18
14206.1   4.85185e-18
14214     5.16264e-18
14222     5.43115e-18
14229     5.64649e-18
14237     5.80438e-18
14245     5.90714e-18
14253     5.96274e-18
14261     5.98295e-18
14268     5.98108e-18
14276     5.96955e-18
14284     5.95785e-18
14292     5.95115e-18
14300     5.94993e-18
14307     5.95043e-18
14315     5.9461e-18
14323     5.92951e-18
14330.9   5.89456e-18
14338.9   5.83841e-18
14345.9   5.7629e-18
14353.9   5.67504e-18
14361.9   5.58666e-18
14369.9   5.51292e-18
14377.9   5.47026e-18
14384.9   5.47384e-18
14392.9   5.53495e-18
14400.9   5.65893e-18
14408.9   5.84378e-18
14416.9   6.07988e-18
14423.9   6.35077e-18
14431.9   6.6351e-18
14439.9   6.90926e-18
14447.8   7.15056e-18
14454.8   7.34031e-18
14462.8   7.46648e-18
14470.8   7.52545e-18
14478.8   7.52257e-18
14486.8   7.47144e-18
14493.8   7.39203e-18
14501.8   7.30774e-18
14509.8   7.24205e-18
14517.8   7.21509e-18
14525.8   7.24086e-18
14532.8   7.32535e-18
14540.8   7.4661e-18
14548.8   7.65307e-18
14556.8   7.87072e-18
14564.8   8.10098e-18
14571.7   8.32634e-18
14579.7   8.53267e-18
14587.7   8.71116e-18
14595.7   8.85899e-18
14603.7   8.97867e-18
14610.7   9.07629e-18
14618.7   9.15899e-18
14626.7   9.23235e-18
14634.7   9.2983e-18
14642.7   9.35398e-18
14649.7   9.392e-18
14657.7   9.40191e-18
14665.7   9.37274e-18
14673.7   9.296e-18
14681.7   9.16847e-18
14688.6   8.99417e-18
14696.6   8.78502e-18
14704.6   8.55995e-18
14712.6   8.34262e-18
14720.6   8.15814e-18
14727.6   8.02931e-18
14735.6   7.97323e-18
14743.6   7.99872e-18
14751.6   8.10507e-18
14758.6   8.28234e-18
14766.6   8.51295e-18
14774.6   8.77447e-18
14782.6   9.04297e-18
14790.6   9.29639e-18
14797.6   9.51762e-18
14805.5   9.69661e-18
14813.5   9.83137e-18
14821.5   9.92782e-18
14829.5   9.9984e-18
14836.5   1.00597e-17
14844.5   1.01298e-17
14852.5   1.02247e-17
14860.5   1.03562e-17
14868.5   1.05295e-17
14875.5   1.07429e-17
14883.5   1.09875e-17
14891.5   1.12495e-17
14899.5   1.15122e-17
14907.5   1.17597e-17
14914.5   1.19791e-17
14922.5   1.21637e-17
14930.4   1.23139e-17
14938.4   1.24371e-17
14946.4   1.25469e-17
14953.4   1.26604e-17
14961.4   1.27957e-17
14969.4   1.29684e-17
14977.4   1.31891e-17
14985.4   1.34624e-17
14992.4   1.37854e-17
15000.4   1.4149e-17
15008.4   1.45393e-17
15016.4   1.49398e-17
15024.4   1.53331e-17
15031.4   1.57037e-17
15039.4   1.6039e-17
15047.3   1.63298e-17
15055.3   1.6571e-17
15063.3   1.67607e-17
15070.3   1.69e-17
15078.3   1.69918e-17
15086.3   1.70405e-17
15094.3   1.70515e-17
15101.3   1.70309e-17
15109.3   1.69852e-17
15117.3   1.69209e-17
15125.3   1.68445e-17
15133.3   1.67618e-17
15140.3   1.66775e-17
15148.3   1.65946e-17
15156.3   1.6514e-17
15164.2   1.64348e-17
15172.2   1.63542e-17
15179.2   1.62687e-17
15187.2   1.61744e-17
15195.2   1.60685e-17
15203.2   1.59497e-17
15211.2   1.5819e-17
15218.2   1.56795e-17
15226.2   1.55363e-17
15234.2   1.53954e-17
15242.2   1.52626e-17
15250.2   1.51426e-17
15257.2   1.50376e-17
15265.2   1.49472e-17
15273.2   1.48678e-17
15281.1   1.47933e-17
15289.1   1.47158e-17
15296.1   1.46265e-17
15304.1   1.45174e-17
15312.1   1.43818e-17
15320.1   1.42159e-17
15328.1   1.40189e-17
15335.1   1.3793e-17
15343.1   1.35432e-17
15351.1   1.32766e-17
15359.1   1.30016e-17
15367.1   1.27265e-17
15374.1   1.24591e-17
15382.1   1.2206e-17
15390.1   1.1972e-17
15398.1   1.17605e-17
15405     1.15731e-17
15413     1.14105e-17
15421     1.12729e-17
15429     1.11597e-17
15437     1.10707e-17
15444     1.10054e-17
15452     1.09629e-17
15460     1.09421e-17
15468     1.0941e-17
15476     1.09566e-17
15483     1.09846e-17
15491     1.102e-17
15499     1.10572e-17
15507     1.10909e-17
15515     1.11167e-17
15521.9   1.1132e-17
15529.9   1.11368e-17
15537.9   1.11338e-17
15545.9   1.11288e-17
15553.9   1.11293e-17
15560.9   1.11444e-17
15568.9   1.11825e-17
15576.9   1.12504e-17
15584.9   1.13518e-17
15592.9   1.14858e-17
15599.9   1.1647e-17
15607.9   1.18257e-17
15615.9   1.20086e-17
15623.9   1.21804e-17
15631.9   1.23261e-17
15638.8   1.24324e-17
15646.8   1.24899e-17
15654.8   1.24939e-17
15662.8   1.24455e-17
15670.8   1.23504e-17
15677.8   1.22188e-17
15685.8   1.20634e-17
15693.8   1.18977e-17
15701.8   1.17348e-17
15708.8   1.15854e-17
15716.8   1.14572e-17
15724.8   1.1355e-17
15732.8   1.12803e-17
15740.8   1.12327e-17
15747.8   1.12106e-17
15755.7   1.12118e-17
15763.7   1.12347e-17
15771.7   1.12783e-17
15779.7   1.13422e-17
15786.7   1.1426e-17
15794.7   1.15288e-17
15802.7   1.16488e-17
15810.7   1.17826e-17
15818.7   1.19251e-17
15825.7   1.20702e-17
15833.7   1.2211e-17
15841.7   1.23407e-17
15849.7   1.24536e-17
15857.7   1.25459e-17
15864.7   1.26159e-17
15872.7   1.26644e-17
15880.6   1.26943e-17
15888.6   1.27106e-17
15896.6   1.2719e-17
15903.6   1.27258e-17
15911.6   1.27367e-17
15919.6   1.27565e-17
15927.6   1.2788e-17
15935.6   1.28324e-17
15942.6   1.28886e-17
15950.6   1.29536e-17
15958.6   1.30222e-17
15966.6   1.30884e-17
15974.6   1.31448e-17
15981.6   1.31841e-17
15989.6   1.31992e-17
15997.5   1.31843e-17
16005.5   1.31355e-17
16013.5   1.30513e-17
16020.5   1.29332e-17
16028.5   1.27859e-17
16036.5   1.26171e-17
16044.5   1.24376e-17
16051.5   1.22601e-17
16059.5   1.20982e-17
16067.5   1.1965e-17
16075.5   1.18717e-17
16083.5   1.18261e-17
16090.5   1.18315e-17
16098.5   1.18862e-17
16106.5   1.19834e-17
16114.4   1.21122e-17
16122.4   1.22591e-17
16129.4   1.24096e-17
16137.4   1.25502e-17
16145.4   1.26702e-17
16153.4   1.27627e-17
16161.4   1.28253e-17
16168.4   1.28598e-17
16176.4   1.28714e-17
16184.4   1.28675e-17
16192.4   1.28561e-17
16200.4   1.28447e-17
16207.4   1.28394e-17
16215.4   1.28443e-17
16223.4   1.28616e-17
16231.3   1.28918e-17
16239.3   1.29344e-17
16246.3   1.29886e-17
16254.3   1.30533e-17
16262.3   1.31281e-17
16270.3   1.32124e-17
16278.3   1.33055e-17
16285.3   1.34065e-17
16293.3   1.35134e-17
16301.3   1.3623e-17
16309.3   1.37313e-17
16317.3   1.38329e-17
16324.3   1.39225e-17
16332.3   1.39945e-17
16340.3   1.40442e-17
16348.3   1.40681e-17
16355.2   1.40643e-17
16363.2   1.40328e-17
16371.2   1.39756e-17
16379.2   1.38965e-17
16387.2   1.38006e-17
16394.2   1.36943e-17
16402.2   1.35846e-17
16410.2   1.34785e-17
16418.2   1.33826e-17
16426.2   1.33024e-17
16433.2   1.32415e-17
16441.2   1.32016e-17
16449.2   1.31817e-17
16457.2   1.31785e-17
16465.2   1.31865e-17
16472.1   1.31986e-17
16480.1   1.32072e-17
16488.1   1.32052e-17
16496.1   1.31876e-17
16504.1   1.31518e-17
16511.1   1.3099e-17
16519.1   1.30338e-17
16527.1   1.29642e-17
16535.1   1.29001e-17
16543.1   1.28516e-17
16550.1   1.28279e-17
16558.1   1.28347e-17
16566.1   1.28738e-17
16574.1   1.29416e-17
16582.1   1.30303e-17
16589     1.31284e-17
16597     1.3223e-17
16605     1.3302e-17
16613     1.33561e-17
16621     1.33812e-17
16628     1.33786e-17
16636     1.33556e-17
16644     1.33239e-17
16652     1.32975e-17
16659     1.32898e-17
16667     1.33114e-17
16675     1.33673e-17
16683     1.34558e-17
16691     1.3568e-17
16698     1.36893e-17
16706     1.38012e-17
16713.9   1.38839e-17
16721.9   1.39199e-17
16729.9   1.38959e-17
16736.9   1.38053e-17
16744.9   1.3649e-17
16752.9   1.34349e-17
16760.9   1.31766e-17
16768.9   1.28914e-17
16775.9   1.25976e-17
16783.9   1.23124e-17
16791.9   1.2049e-17
16799.9   1.1816e-17
16807.9   1.16163e-17
16814.9   1.14481e-17
16822.9   1.1305e-17
16830.8   1.11783e-17
16838.8   1.10586e-17
16846.8   1.09372e-17
16853.8   1.08075e-17
16861.8   1.06656e-17
16869.8   1.05109e-17
16877.8   1.03453e-17
16885.8   1.01726e-17
16892.8   9.99804e-18
16900.8   9.82661e-18
16908.8   9.66283e-18
16916.8   9.50994e-18
16924.8   9.36959e-18
16931.8   9.24184e-18
16939.8   9.1253e-18
16947.7   9.01745e-18
16955.7   8.91508e-18
16963.7   8.81479e-18
16970.7   8.71351e-18
16978.7   8.609e-18
16986.7   8.50032e-18
16994.7   8.38816e-18
17001.7   8.27506e-18
17009.7   8.16535e-18
17017.7   8.06487e-18
17025.7   7.98033e-18
17033.7   7.91847e-18
17040.7   7.88503e-18
17048.7   7.88371e-18
17056.7   7.91525e-18
17064.6   7.97692e-18
17072.6   8.06236e-18
17079.6   8.16215e-18
17087.6   8.2648e-18
17095.6   8.35821e-18
17103.6   8.43137e-18
17111.6   8.47593e-18
17118.6   8.48747e-18
17126.6   8.46619e-18
17134.6   8.41679e-18
17142.6   8.34769e-18
17150.6   8.26958e-18
17157.6   8.19369e-18
17165.6   8.12993e-18
17173.6   8.08548e-18
17181.6   8.06386e-18
17189.5   8.06482e-18
17196.5   8.08497e-18
17204.5   8.11896e-18
17212.5   8.16105e-18
17220.5   8.20655e-18
17228.5   8.25299e-18
17235.5   8.30058e-18
17243.5   8.35204e-18
17251.5   8.41163e-18
17259.5   8.48382e-18
17267.5   8.57162e-18
17274.5   8.67521e-18
17282.5   8.79096e-18
17290.5   8.91128e-18
17298.5   9.02518e-18
17305.4   9.11977e-18
17313.4   9.18216e-18
17321.4   9.20174e-18
17329.4   9.17219e-18
17337.4   9.09302e-18
17344.4   8.97029e-18
17352.4   8.81624e-18
17360.4   8.64802e-18
17368.4   8.48547e-18
17376.4   8.34847e-18
17383.4   8.25407e-18
17391.4   8.21406e-18
17399.4   8.2332e-18
17407.4   8.3085e-18
17415.4   8.42974e-18
17416.4   8.58104e-18
17425.3   8.7434e-18
17433.3   8.89766e-18
17441.3   9.02758e-18
17449.3   9.12236e-18
17457.3   9.17824e-18
17466.3   9.19897e-18
17474.3   9.195e-18
17482.3   9.18149e-18
17490.3   9.1756e-18
17498.3   9.19346e-18
17507.3   9.24731e-18
17515.3   9.34336e-18
17523.3   9.48074e-18
17531.3   9.65155e-18
17540.2   9.8423e-18
17548.2   1.00361e-17
17556.2   1.02155e-17
17564.2   1.03655e-17
17572.2   1.04758e-17
17581.2   1.05428e-17
17589.2   1.05698e-17
17597.2   1.05668e-17
17605.2   1.05484e-17
17613.2   1.05317e-17
17622.2   1.05337e-17
17630.2   1.0568e-17
17638.2   1.06436e-17
17646.2   1.07628e-17
17654.2   1.09218e-17
17663.1   1.11109e-17
17671.1   1.13164e-17
17679.1   1.15231e-17
17687.1   1.17158e-17
17696.1   1.1882e-17
17704.1   1.2013e-17
17712.1   1.21047e-17
17720.1   1.21576e-17
17728.1   1.21759e-17
17737.1   1.21663e-17
17745.1   1.2137e-17
17753.1   1.20963e-17
17761.1   1.20517e-17
17769.1   1.20094e-17
17778     1.19743e-17
17786     1.195e-17
17794     1.19394e-17
17802     1.19446e-17
17810     1.19668e-17
17819     1.20067e-17
17827     1.20631e-17
17835     1.21331e-17
17843     1.22115e-17
17852     1.22911e-17
17860     1.23628e-17
17868     1.24179e-17
17876     1.24487e-17
17884     1.24516e-17
17893     1.2428e-17
17900.9   1.23863e-17
17908.9   1.23413e-17
17916.9   1.23133e-17
17924.9   1.23253e-17
17933.9   1.23989e-17
17941.9   1.25504e-17
17949.9   1.27861e-17
17957.9   1.30992e-17
17965.9   1.34685e-17
17974.9   1.38597e-17
17982.9   1.42284e-17
17990.9   1.45265e-17
17998.9   1.47095e-17
18007.9   1.47438e-17
18015.8   1.46139e-17
18023.8   1.43266e-17
18031.8   1.39124e-17
18039.8   1.34229e-17
18048.8   1.29245e-17
18056.8   1.24896e-17
18064.8   1.21849e-17
18072.8   1.20612e-17
18080.8   1.21439e-17
18089.8   1.24272e-17
18097.8   1.28733e-17
18105.8   1.34161e-17
18113.8   1.39707e-17
18122.8   1.44454e-17
18130.8   1.47576e-17
18138.7   1.48468e-17
18146.7   1.46872e-17
18154.7   1.42932e-17
18163.7   1.37201e-17
18171.7   1.30568e-17
18179.7   1.24127e-17
18187.7   1.19008e-17
18195.7   1.16185e-17
18204.7   1.16312e-17
18212.7   1.19596e-17
18220.7   1.2575e-17
18228.7   1.34021e-17
18236.7   1.433e-17
18245.7   1.52292e-17
18253.6   1.59717e-17
18261.6   1.64511e-17
18269.6   1.65988e-17
18278.6   1.63936e-17
18286.6   1.58638e-17
18294.6   1.5081e-17
18302.6   1.41467e-17
18310.6   1.31755e-17
18319.6   1.22766e-17
18327.6   1.15369e-17
18335.6   1.10101e-17
18343.6   1.07105e-17
18351.6   1.06148e-17
18360.6   1.06698e-17
18368.6   1.08032e-17
18376.5   1.09384e-17
18384.5   1.10068e-17
18392.5   1.09586e-17
18401.5   1.07691e-17
18409.5   1.04404e-17
18417.5   9.9979e-18
18425.5   9.48402e-18
18434.5   8.94938e-18
18442.5   8.4437e-18
18450.5   8.00791e-18
18458.5   7.66847e-18
18475.5   7.43481e-18
18483.5   7.29965e-18
18491.4   7.24207e-18
18499.4   7.23232e-18
18507.4   7.2374e-18
18516.4   7.22644e-18
18573.4   7.17515e-18
18581.4   7.0686e-18
18590.4   6.90237e-18
18598.4   6.68194e-18
18606.4   6.42097e-18
18614.3   6.13865e-18
18622.3   5.85686e-18
18631.3   5.59744e-18
18688.3   5.38005e-18
18704.3   5.22051e-18
18721.3   5.12999e-18
18729.2   5.1147e-18
18737.2   5.17602e-18
18746.2   5.3111e-18
18754.2   5.5135e-18
18762.2   5.77402e-18
18770.2   6.08143e-18
18778.2   6.42323e-18
18787.2   6.7861e-18
18795.2   7.15626e-18
18803.2   7.51958e-18
18811.2   7.86156e-18
18819.2   8.16741e-18
18828.2   8.42219e-18
18836.2   8.61153e-18
18844.2   8.72276e-18
18852.1   8.74669e-18
18860.1   8.67969e-18
18869.1   8.52582e-18
18877.1   8.29835e-18
18885.1   8.02025e-18
18893.1   7.72311e-18
18902.1   7.44429e-18
18910.1   7.22245e-18
18918.1   7.09205e-18
18926.1   7.07755e-18
18934.1   7.18861e-18
18943.1   7.41709e-18
18951.1   7.73687e-18
18967     8.10678e-18
18975     8.47645e-18
19000     8.79422e-18
19016     9.01591e-18
19033     9.11281e-18
19041     9.0773e-18
19049     8.92497e-18
19058     8.69244e-18
19066     8.43129e-18
19074     8.19882e-18
19082     8.04736e-18
19089.9   8.01413e-18
19098.9   8.11359e-18
19106.9   8.33386e-18
19114.9   8.63809e-18
19122.9   8.97066e-18
19130.9   9.26716e-18
19139.9   9.46643e-18
19147.9   9.52231e-18
19155.9   9.41285e-18
19163.9   9.14529e-18
19171.9   8.75556e-18
19180.9   8.30243e-18
19196.9   7.85723e-18
19204.8   7.49102e-18
19213.8   7.2616e-18
19221.8   7.2027e-18
19229.8   7.3176e-18
19237.8   7.57814e-18
19245.8   7.9296e-18
19254.8   8.30034e-18
19262.8   8.61453e-18
19270.8   8.80553e-18
19278.8   8.82746e-18
19286.8   8.6628e-18
19295.8   8.32484e-18
19303.8   7.85453e-18
19311.8   7.31265e-18
19319.8   6.76878e-18
19327.7   6.28939e-18
19336.7   5.92707e-18
19344.7   5.71303e-18
19352.7   5.65376e-18
19360.7   5.73236e-18
19369.7   5.91381e-18
19377.7   6.15298e-18
19385.7   6.40348e-18
19393.7   6.62589e-18
19401.7   6.79359e-18
19410.7   6.89571e-18
19418.7   6.93657e-18
19426.7   6.93254e-18
19434.7   6.90684e-18
19442.6   6.88383e-18
19451.6   6.88368e-18
19459.6   6.91861e-18
19467.6   6.99094e-18
19475.6   7.09337e-18
19483.6   7.21094e-18
19492.6   7.32417e-18
19500.6   7.41281e-18
19508.6   7.45932e-18
19516.6   7.45171e-18
19525.6   7.38529e-18
19533.6   7.26322e-18
19541.6   7.09595e-18
19549.6   6.89974e-18
19557.6   6.69443e-18
19566.5   6.50096e-18
19574.5   6.33884e-18
19582.5   6.22379e-18
19590.5   6.16596e-18
19598.5   6.16874e-18
19607.5   6.22843e-18
19615.5   6.33469e-18
19623.5   6.47183e-18
19631.5   6.62073e-18
19639.5   6.76127e-18
19648.5   6.87479e-18
19656.5   6.94649e-18
19664.5   6.96728e-18
19672.5   6.93485e-18
19681.4   6.85386e-18
19689.4   6.73516e-18
19697.4   6.59413e-18
19705.4   6.44843e-18
19713.4   6.31536e-18
19722.4   6.20938e-18
19730.4   6.14008e-18
19738.4   6.11086e-18
19746.4   6.11873e-18
19754.4   6.15501e-18
19763.4   6.20705e-18
19771.4   6.26052e-18
19779.4   6.30198e-18
19787.4   6.32109e-18
19796.4   6.31235e-18
19804.3   6.27573e-18
19812.3   6.21631e-18
19820.3   6.14286e-18
19828.3   6.06576e-18
19837.3   5.99457e-18
19845.3   5.9358e-18
19853.3   5.89146e-18
19861.3   5.85853e-18
19869.3   5.82971e-18
19878.3   5.79527e-18
19886.3   5.74571e-18
19894.3   5.67468e-18
19902.3   5.58167e-18
19910.3   5.47366e-18
19919.2   5.36547e-18
19927.2   5.2784e-18
19935.2   5.23731e-18
19943.2   5.26645e-18
19952.2   5.38476e-18
19960.2   5.60142e-18
19968.2   5.91245e-18
19976.2   6.29929e-18
19984.2   6.72962e-18
19993.2   7.16059e-18
20001.2   7.54416e-18
20009.2   7.83366e-18
20017.2   7.99067e-18
20025.2   7.99102e-18
20034.2   7.82887e-18
20042.1   7.5181e-18
20050.1   7.09079e-18
20058.1   6.5929e-18
20066.1   6.07792e-18
20075.1   5.59936e-18
20083.1   5.20354e-18
20091.1   4.92349e-18
20099.1   4.77513e-18
20108.1   4.7561e-18
20116.1   4.84721e-18
20124.1   5.01636e-18
20132.1   5.22385e-18
20140.1   5.42851e-18
20149.1   5.59339e-18
20157     5.69036e-18
20165     5.703e-18
20173     5.62755e-18
20181     5.47194e-18
20190     5.25337e-18
20198     4.99486e-18
20206     4.72151e-18
20214     4.45697e-18
20222     4.22065e-18
20231     4.02595e-18
20239     3.87954e-18
20247     3.78175e-18
20255     3.72766e-18
20264     3.70878e-18
20272     3.71485e-18
20279.9   3.73551e-18
20287.9   3.76163e-18
20295.9   3.78613e-18
20304.9   3.80428e-18
20312.9   3.81355e-18
20320.9   3.81307e-18
20328.9   3.80296e-18
20336.9   3.78369e-18
20345.9   3.75563e-18
20353.9   3.71876e-18
20361.9   3.67283e-18
20369.9   3.61761e-18
20377.9   3.55337e-18
20386.9   3.48131e-18
20394.8   3.4039e-18
20402.8   3.32488e-18
20410.8   3.2491e-18
20419.8   3.18199e-18
20427.8   3.12887e-18
20435.8   3.09421e-18
20443.8   3.0809e-18
20451.8   3.0898e-18
20460.8   3.11943e-18
20468.8   3.16613e-18
20476.8   3.22446e-18
20484.8   3.28778e-18
20492.8   3.34912e-18
20501.8   3.40193e-18
20509.8   3.44084e-18
20517.7   3.46223e-18
20525.7   3.46457e-18
20533.7   3.44848e-18
20542.7   3.41662e-18
20550.7   3.37328e-18
20558.7   3.32386e-18
20566.7   3.27421e-18
20575.7   3.22997e-18
20583.7   3.19585e-18
20591.7   3.17514e-18
20599.7   3.16933e-18
20607.7   3.17789e-18
20616.7   3.19848e-18
20624.7   3.22731e-18
20632.6   3.25976e-18
20640.6   3.29117e-18
20648.6   3.31767e-18
20657.6   3.33691e-18
20665.6   3.34849e-18
20673.6   3.35419e-18
20681.6   3.35766e-18
20689.6   3.36386e-18
20698.6   3.37813e-18
20706.6   3.40525e-18
20714.6   3.44837e-18
20722.6   3.50837e-18
20731.6   3.58339e-18
20739.6   3.66899e-18
20747.6   3.75864e-18
20755.5   3.8447e-18
20763.5   3.91956e-18
20772.5   3.9769e-18
20780.5   4.01273e-18
20788.5   4.0261e-18
20796.5   4.01937e-18
20804.5   3.99782e-18
20813.5   3.96889e-18
20821.5   3.94088e-18
20829.5   3.92158e-18
20837.5   3.91684e-18
20845.5   3.92954e-18
20854.5   3.95892e-18
20862.5   4.00066e-18
20870.4   4.0475e-18
20878.4   4.09046e-18
20887.4   4.12045e-18
20895.4   4.12989e-18
20903.4   4.11427e-18
20911.4   4.07308e-18
20919.4   4.01023e-18
20928.4   3.93358e-18
20936.4   3.85385e-18
20944.4   3.783e-18
20952.4   3.73228e-18
20960.4   3.71043e-18
20969.4   3.72227e-18
20977.4   3.76793e-18
20985.4   3.84286e-18
20993.3   3.93864e-18
21001.3   4.04438e-18
21010.3   4.14855e-18
21018.3   4.24079e-18
21026.3   4.31352e-18
21034.3   4.36294e-18
21043.3   4.38947e-18
21051.3   4.39733e-18
21059.3   4.39361e-18
21067.3   4.38684e-18
21075.3   4.38549e-18
21084.3   4.39647e-18
21092.3   4.42407e-18
21100.3   4.46937e-18
21108.2   4.53023e-18
21116.2   4.60186e-18
21125.2   4.67775e-18
21133.2   4.75093e-18
21141.2   4.81512e-18
21149.2   4.86587e-18
21157.2   4.90124e-18
21166.2   4.92213e-18
21174.2   4.93211e-18
21182.2   4.93687e-18
21190.2   4.94335e-18
21199.2   4.95872e-18
21207.2   4.9892e-18
21215.2   5.03921e-18
21223.2   5.11054e-18
21231.1   5.20202e-18
21240.1   5.30949e-18
21248.1   5.42619e-18
21256.1   5.54349e-18
21264.1   5.65191e-18
21272.1   5.74227e-18
21281.1   5.80689e-18
21289.1   5.8406e-18
21297.1   5.84153e-18
21305.1   5.81149e-18
21313.1   5.75586e-18
21322.1   5.68307e-18
21330.1   5.60353e-18
21338.1   5.52837e-18
21346     5.46789e-18
21355     5.43017e-18
21363     5.4199e-18
21371     5.43759e-18
21379     5.47949e-18
21387     5.53799e-18
21396     5.60272e-18
21404     5.66204e-18
21412     5.70472e-18
21420     5.72171e-18
21428     5.7075e-18
21437     5.66103e-18
21445     5.5859e-18
21453     5.48987e-18
21461     5.38363e-18
21469.9   5.27916e-18
21477.9   5.18777e-18
21485.9   5.11829e-18
21493.9   5.07564e-18
21501.9   5.05995e-18
21510.9   5.06664e-18
21518.9   5.08712e-18
21526.9   5.1103e-18
21534.9   5.12443e-18
21542.9   5.11904e-18
21551.9   5.08667e-18
21559.9   5.02396e-18
21567.9   4.93206e-18
21575.9   4.8162e-18
21583.8   4.68462e-18
21592.8   4.54696e-18
21600.8   4.4125e-18
21608.8   4.28857e-18
21616.8   4.17941e-18
21625.8   4.08562e-18
21633.8   4.00435e-18
21641.8   3.93021e-18
21649.8   3.85659e-18
21657.8   3.77726e-18
21666.8   3.68783e-18
21674.8   3.58696e-18
21682.8   3.4769e-18
21690.8   3.36336e-18
21698.8   3.25469e-18
21707.7   3.1605e-18
21715.7   3.08994e-18
21723.7   3.05e-18
21731.7   3.04402e-18
21739.7   3.07084e-18
21748.7   3.12463e-18
21756.7   3.19555e-18
21764.7   3.27108e-18
21772.7   3.33792e-18
21781.7   3.38402e-18
21789.7   3.40051e-18
21797.7   3.38314e-18
21805.7   3.33298e-18
21813.7   3.25634e-18
21822.6   3.16387e-18
21830.6   3.06892e-18
21838.6   2.98564e-18
21846.6   2.92695e-18
21854.6   2.90283e-18
21863.6   2.91903e-18
21871.6   2.97651e-18
21879.6   3.07155e-18
21887.6   3.19635e-18
21895.6   3.34017e-18
21904.6   3.49055e-18
21912.6   3.63462e-18
21920.6   3.76029e-18
21928.6   3.85718e-18
21937.6   3.91748e-18
21945.5   3.93651e-18
21953.5   3.91323e-18
21961.5   3.85052e-18
21969.5   3.7554e-18
21978.5   3.63878e-18
21986.5   3.51496e-18
21994.5   3.40066e-18
22002.5   3.31345e-18
22010.5   3.26999e-18
22019.5   3.28392e-18
22027.5   3.36393e-18
22035.5   3.51222e-18
22043.5   3.72363e-18
22051.5   3.98576e-18
22060.4   4.28003e-18
22068.4   4.58372e-18
22076.4   4.87267e-18
22084.4   5.1244e-18
22093.4   5.321e-18
22101.4   5.45151e-18
22109.4   5.51334e-18
22117.4   5.51246e-18
22125.4   5.46224e-18
22134.4   5.38127e-18
22142.4   5.29028e-18
22150.4   5.20889e-18
22158.4   5.15253e-18
22166.4   5.1302e-18
22175.4   5.14337e-18
22183.3   5.18619e-18
22191.3   5.24698e-18
22199.3   5.31075e-18
22207.3   5.36217e-18
22216.3   5.38858e-18
22224.3   5.3825e-18
22232.3   5.34314e-18
22240.3   5.27664e-18
22249.3   5.19517e-18
22257.3   5.11485e-18
22265.3   5.05296e-18
22273.3   5.02498e-18
22281.3   5.04183e-18
22290.3   5.10792e-18
22298.2   5.22029e-18
22306.2   5.36889e-18
22314.2   5.53814e-18
22322.2   5.70926e-18
22331.2   5.86313e-18
22339.2   5.9832e-18
22347.2   6.05791e-18
22355.2   6.08233e-18
22363.2   6.05878e-18
22372.2   5.99635e-18
22380.2   5.90942e-18
22388.2   5.81545e-18
22396.2   5.73234e-18
22405.2   5.67585e-18
22413.2   5.65726e-18
22421.1   5.68185e-18
22429.1   5.74811e-18
22437.1   5.8481e-18
22446.1   5.96863e-18
22454.1   6.09318e-18
22462.1   6.20439e-18
22470.1   6.28653e-18
22478.1   6.32788e-18
22487.1   6.32239e-18
22495.1   6.2707e-18
22503.1   6.18009e-18
22511.1   6.06363e-18
22519.1   5.93843e-18
22528.1   5.8234e-18
22536     5.73673e-18
22544     5.6934e-18
22552     5.70311e-18
22561     5.76887e-18
22569     5.88637e-18
22577     6.0443e-18
22585     6.22556e-18
22593     6.40918e-18
22602     6.57277e-18
22610     6.69525e-18
22618     6.75936e-18
22626     6.75389e-18
22634     6.67507e-18
22643     6.52723e-18
22651     6.32231e-18
22658.9   6.0785e-18
22666.9   5.81805e-18
22674.9   5.56453e-18
22683.9   5.33981e-18
22691.9   5.16136e-18
22699.9   5.03996e-18
22707.9   4.97837e-18
22716.9   4.9711e-18
22724.9   5.00533e-18
22732.9   5.06282e-18
22740.9   5.1227e-18
22748.9   5.16451e-18
22757.9   5.17125e-18
22765.9   5.13177e-18
22773.8   5.04231e-18
22781.8   4.9069e-18
22789.8   4.73645e-18
22798.8   4.54696e-18
22806.8   4.35685e-18
22814.8   4.18402e-18
22822.8   4.04306e-18
22830.8   3.94288e-18
22839.8   3.88541e-18
22847.8   3.86525e-18
22855.8   3.87051e-18
22863.8   3.8847e-18
22872.8   3.88926e-18
22880.8   3.86655e-18
22888.8   3.80269e-18
22896.7   3.68981e-18
22904.7   3.52748e-18
22913.7   3.32295e-18
22921.7   3.09019e-18
22929.7   2.84789e-18
22937.7   2.61666e-18
22945.7   2.41596e-18
22954.7   2.26115e-18
22962.7   2.16122e-18
22970.7   2.11753e-18
22978.7   2.12377e-18
22986.7   2.16707e-18
22995.7   2.23026e-18
23003.7   2.2946e-18
23011.6   2.34281e-18
23019.6   2.36164e-18
23028.6   2.34384e-18
23036.6   2.28898e-18
23044.6   2.20318e-18
23052.6   2.09782e-18
23060.6   1.98748e-18
23069.6   1.88746e-18
23077.6   1.81138e-18
23085.6   1.76917e-18
23093.6   1.76578e-18
23101.6   1.80083e-18
23110.6   1.86904e-18
23118.6   1.96142e-18
23126.6   2.06692e-18
23134.5   2.17428e-18
23143.5   2.27357e-18
23151.5   2.35756e-18
23159.5   2.42231e-18
23167.5   2.46735e-18
23175.5   2.49521e-18
23184.5   2.51059e-18
23192.5   2.51931e-18
23200.5   2.52725e-18
23208.5   2.53942e-18
23216.5   2.55925e-18
23225.5   2.58829e-18
23233.5   2.62619e-18
23241.5   2.67093e-18
23249.4   2.71932e-18
23257.4   2.76768e-18
23266.4   2.81246e-18
23274.4   2.85095e-18
23282.4   2.88179e-18
23290.4   2.9053e-18
23299.4   2.92368e-18
23307.4   2.94076e-18
23315.4   2.96159e-18
23323.4   2.99173e-18
23331.4   3.03637e-18
23340.4   3.09937e-18
23348.4   3.18249e-18
23356.4   3.28472e-18
23364.4   3.40218e-18
23372.3   3.52833e-18
23381.3   3.65474e-18
23389.3   3.77213e-18
23397.3   3.87177e-18
23405.3   3.94672e-18
23413.3   3.99295e-18
23422.3   4.01004e-18
23430.3   4.00133e-18
23438.3   3.97349e-18
23446.3   3.93565e-18
23455.3   3.89807e-18
23463.3   3.87078e-18
23471.3   3.86215e-18
23479.3   3.87778e-18
23487.2   3.91978e-18
23496.2   3.98654e-18
23504.2   4.07299e-18
23512.2   4.17132e-18
23520.2   4.272e-18
23528.2   4.36508e-18
23537.2   4.44143e-18
23545.2   4.49397e-18
23553.2   4.51858e-18
23561.2   4.51472e-18
23569.2   4.48555e-18
23578.2   4.43775e-18
23586.2   4.38071e-18
23594.2   4.32553e-18
23602.2   4.28364e-18
23611.1   4.26543e-18
23619.1   4.27884e-18
23627.1   4.32818e-18
23635.1   4.41344e-18
23643.1   4.52994e-18
23652.1   4.66862e-18
23660.1   4.81691e-18
23668.1   4.96002e-18
23676.1   5.08264e-18
23684.1   5.17078e-18
23693.1   5.21347e-18
23701.1   5.20428e-18
23709.1   5.14213e-18
23717.1   5.03155e-18
23725     4.8821e-18
23734     4.70707e-18
23742     4.52177e-18
23750     4.34142e-18
23758     4.17921e-18
23767     4.04466e-18
23775     3.94268e-18
23783     3.87336e-18
23791     3.83249e-18
23799     3.81282e-18
23808     3.80558e-18
23816     3.80211e-18
23824     3.7953e-18
23832     3.78052e-18
23840     3.75598e-18
23848.9   3.72255e-18
23856.9   3.68303e-18
23864.9   3.64126e-18
23872.9   3.60113e-18
23880.9   3.5658e-18
23889.9   3.53721e-18
23897.9   3.51596e-18
23905.9   3.50152e-18
23913.9   3.49261e-18
23922.9   3.48769e-18
23930.9   3.48528e-18
23938.9   3.48427e-18
23946.9   3.48391e-18
23954.9   3.48381e-18
23963.8   3.48379e-18
23971.8   3.48379e-18
23979.8   3.48379e-18