#-4.6104516848608466
3705  2.31315e-15
3706  2.32302e-15
3707  2.33333e-15
3708  2.3441e-15
3709  2.35533e-15
3710  2.36704e-15
3711  2.37924e-15
3712  2.39194e-15
3713  2.40517e-15
3714  2.41892e-15
3715  2.43322e-15
3716  2.44808e-15
3717  2.46351e-15
3718  2.47953e-15
3719  2.49615e-15
3720  2.51339e-15
3721  2.53126e-15
3722  2.54978e-15
3723  2.56896e-15
3724  2.58882e-15
3725  2.60937e-15
3726  2.63063e-15
3727  2.65261e-15
3728  2.67534e-15
3729  2.69882e-15
3730  2.72308e-15
3731  2.74813e-15
3732  2.77398e-15
3733  2.80065e-15
3734  2.82816e-15
3735  2.85653e-15
3736  2.88576e-15
3737  2.91588e-15
3738  2.94691e-15
3739  2.97885e-15
3740  3.01173e-15
3741  3.04556e-15
3742  3.08035e-15
3743  3.11613e-15
3744  3.1529e-15
3745  3.19068e-15
3746  3.22949e-15
3747  3.26934e-15
3748  3.31024e-15
3749  3.35221e-15
3750  3.39527e-15
3751  3.43941e-15
3752  3.48466e-15
3753  3.53103e-15
3754  3.57853e-15
3755  3.62717e-15
3756  3.67695e-15
3757  3.7279e-15
3758  3.78002e-15
3759  3.83331e-15
3760  3.88778e-15
3761  3.94345e-15
3762  4.00032e-15
3763  4.05838e-15
3764  4.11765e-15
3765  4.17813e-15
3766  4.23983e-15
3767  4.30274e-15
3768  4.36686e-15
3769  4.4322e-15
3770  4.49875e-15
3771  4.56651e-15
3772  4.63548e-15
3773  4.70565e-15
3774  4.77702e-15
3775  4.84958e-15
3776  4.92332e-15
3777  4.99824e-15
3778  5.07432e-15
3779  5.15155e-15
3780  5.22992e-15
3781  5.30942e-15
3782  5.39003e-15
3783  5.47173e-15
3784  5.55452e-15
3785  5.63836e-15
3786  5.72323e-15
3787  5.80913e-15
3788  5.89602e-15
3789  5.98388e-15
3790  6.07269e-15
3791  6.16242e-15
3792  6.25304e-15
3793  6.34452e-15
3794  6.43683e-15
3795  6.52995e-15
3796  6.62384e-15
3797  6.71847e-15
3798  6.81379e-15
3799  6.90978e-15
3800  7.0064e-15
3801  7.10362e-15
3802  7.20138e-15
3803  7.29966e-15
3804  7.3984e-15
3805  7.49758e-15
3806  7.59714e-15
3807  7.69705e-15
3808  7.79725e-15
3809  7.89771e-15
3810  7.99837e-15
3811  8.09919e-15
3812  8.20012e-15
3813  8.30112e-15
3814  8.40213e-15
3815  8.50311e-15
3816  8.60401e-15
3817  8.70477e-15
3818  8.80535e-15
3819  8.90569e-15
3820  9.00575e-15
3821  9.10547e-15
3822  9.2048e-15
3823  9.3037e-15
3824  9.4021e-15
3825  9.49996e-15
3826  9.59723e-15
3827  9.69385e-15
3828  9.78978e-15
3829  9.88496e-15
3830  9.97935e-15
3831  1.00729e-14
3832  1.01655e-14
3833  1.02572e-14
3834  1.03479e-14
3835  1.04376e-14
3836  1.05262e-14
3837  1.06136e-14
3838  1.06999e-14
3839  1.07849e-14
3840  1.08687e-14
3841  1.09512e-14
3842  1.10323e-14
3843  1.1112e-14
3844  1.11903e-14
3845  1.12671e-14
3846  1.13424e-14
3847  1.14161e-14
3848  1.14883e-14
3849  1.15589e-14
3850  1.16278e-14
3851  1.1695e-14
3852  1.17605e-14
3853  1.18243e-14
3854  1.18863e-14
3855  1.19466e-14
3856  1.2005e-14
3857  1.20616e-14
3858  1.21163e-14
3859  1.21691e-14
3860  1.22201e-14
3861  1.22691e-14
3862  1.23163e-14
3863  1.23614e-14
3864  1.24047e-14
3865  1.2446e-14
3866  1.24853e-14
3867  1.25226e-14
3868  1.2558e-14
3869  1.25914e-14
3870  1.26228e-14
3871  1.26522e-14
3872  1.26797e-14
3873  1.27052e-14
3874  1.27287e-14
3875  1.27502e-14
3876  1.27698e-14
3877  1.27875e-14
3878  1.28032e-14
3879  1.2817e-14
3880  1.28289e-14
3881  1.28389e-14
3882  1.2847e-14
3883  1.28533e-14
3884  1.28578e-14
3885  1.28604e-14
3886  1.28613e-14
3887  1.28604e-14
3888  1.28577e-14
3889  1.28534e-14
3890  1.28473e-14
3891  1.28397e-14
3892  1.28304e-14
3893  1.28195e-14
3894  1.2807e-14
3895  1.27931e-14
3896  1.27776e-14
3897  1.27607e-14
3898  1.27424e-14
3899  1.27227e-14
3900  1.27017e-14
3901  1.26794e-14
3902  1.26558e-14
3903  1.2631e-14
3904  1.26051e-14
3905  1.2578e-14
3906  1.25499e-14
3907  1.25207e-14
3908  1.24905e-14
3909  1.24593e-14
3910  1.24273e-14
3911  1.23944e-14
3912  1.23607e-14
3913  1.23262e-14
3914  1.22911e-14
3915  1.22552e-14
3916  1.22188e-14
3917  1.21818e-14
3918  1.21442e-14
3919  1.21062e-14
3920  1.20678e-14
3921  1.2029e-14
3922  1.19899e-14
3923  1.19505e-14
3924  1.19109e-14
3925  1.18711e-14
3926  1.18312e-14
3927  1.17912e-14
3928  1.17513e-14
3929  1.17113e-14
3930  1.16714e-14
3931  1.16316e-14
3932  1.15921e-14
3933  1.15527e-14
3934  1.15136e-14
3935  1.14748e-14
3936  1.14364e-14
3937  1.13985e-14
3938  1.13609e-14
3939  1.13239e-14
3940  1.12874e-14
3941  1.12515e-14
3942  1.12163e-14
3943  1.11817e-14
3944  1.11479e-14
3945  1.11149e-14
3946  1.10826e-14
3947  1.10512e-14
3948  1.10207e-14
3949  1.09911e-14
3950  1.09625e-14
3951  1.09349e-14
3952  1.09083e-14
3953  1.08828e-14
3954  1.08585e-14
3955  1.08352e-14
3956  1.08132e-14
3957  1.07923e-14
3958  1.07727e-14
3959  1.07543e-14
3960  1.07373e-14
3961  1.07215e-14
3962  1.07071e-14
3963  1.06941e-14
3964  1.06825e-14
3965  1.06722e-14
3966  1.06635e-14
3967  1.06561e-14
3968  1.06502e-14
3969  1.06458e-14
3970  1.06429e-14
3971  1.06415e-14
3972  1.06417e-14
3973  1.06433e-14
3974  1.06465e-14
3975  1.06512e-14
3976  1.06575e-14
3977  1.06654e-14
3978  1.06747e-14
3979  1.06857e-14
3980  1.06981e-14
3981  1.07122e-14
3982  1.07277e-14
3983  1.07448e-14
3984  1.07635e-14
3985  1.07836e-14
3986  1.08052e-14
3987  1.08284e-14
3988  1.0853e-14
3989  1.0879e-14
3990  1.09065e-14
3991  1.09354e-14
3992  1.09657e-14
3993  1.09974e-14
3994  1.10304e-14
3995  1.10648e-14
3996  1.11004e-14
3997  1.11373e-14
3998  1.11754e-14
3999  1.12148e-14
4000  1.12553e-14
4001  1.12969e-14
4002  1.13396e-14
4003  1.13834e-14
4004  1.14281e-14
4005  1.14739e-14
4006  1.15206e-14
4007  1.15681e-14
4008  1.16166e-14
4009  1.16658e-14
4010  1.17157e-14
4011  1.17664e-14
4012  1.18178e-14
4013  1.18697e-14
4014  1.19222e-14
4015  1.19752e-14
4016  1.20287e-14
4017  1.20825e-14
4018  1.21368e-14
4019  1.21913e-14
4020  1.22461e-14
4021  1.2301e-14
4022  1.23561e-14
4023  1.24113e-14
4024  1.24666e-14
4025  1.25218e-14
4026  1.25769e-14
4027  1.26319e-14
4028  1.26867e-14
4029  1.27413e-14
4030  1.27957e-14
4031  1.28496e-14
4032  1.29032e-14
4033  1.29564e-14
4034  1.3009e-14
4035  1.30611e-14
4036  1.31126e-14
4037  1.31635e-14
4038  1.32137e-14
4039  1.32632e-14
4040  1.33119e-14
4041  1.33598e-14
4042  1.34068e-14
4043  1.34529e-14
4044  1.3498e-14
4045  1.35422e-14
4046  1.35853e-14
4047  1.36274e-14
4048  1.36684e-14
4049  1.37083e-14
4050  1.3747e-14
4051  1.37845e-14
4052  1.38208e-14
4053  1.38559e-14
4054  1.38896e-14
4055  1.39222e-14
4056  1.39533e-14
4057  1.39832e-14
4058  1.40117e-14
4059  1.40389e-14
4060  1.40646e-14
4061  1.4089e-14
4062  1.4112e-14
4063  1.41336e-14
4064  1.41537e-14
4065  1.41725e-14
4066  1.41898e-14
4067  1.42057e-14
4068  1.42202e-14
4069  1.42332e-14
4070  1.42449e-14
4071  1.42551e-14
4072  1.4264e-14
4073  1.42714e-14
4074  1.42775e-14
4075  1.42822e-14
4076  1.42856e-14
4077  1.42876e-14
4078  1.42883e-14
4079  1.42878e-14
4080  1.42859e-14
4081  1.42828e-14
4082  1.42785e-14
4083  1.4273e-14
4084  1.42663e-14
4085  1.42584e-14
4086  1.42495e-14
4087  1.42394e-14
4088  1.42283e-14
4089  1.42161e-14
4090  1.4203e-14
4091  1.41889e-14
4092  1.41738e-14
4093  1.41579e-14
4094  1.41411e-14
4095  1.41234e-14
4096  1.4105e-14
4097  1.40858e-14
4098  1.40659e-14
4099  1.40453e-14
4100  1.4024e-14
4101  1.40021e-14
4102  1.39796e-14
4103  1.39566e-14
4104  1.39331e-14
4105  1.39091e-14
4106  1.38846e-14
4107  1.38597e-14
4108  1.38345e-14
4109  1.38089e-14
4110  1.3783e-14
4111  1.37568e-14
4112  1.37303e-14
4113  1.37036e-14
4114  1.36767e-14
4115  1.36497e-14
4116  1.36225e-14
4117  1.35951e-14
4118  1.35677e-14
4119  1.35402e-14
4120  1.35126e-14
4121  1.34851e-14
4122  1.34574e-14
4123  1.34298e-14
4124  1.34022e-14
4125  1.33747e-14
4126  1.33471e-14
4127  1.33197e-14
4128  1.32923e-14
4129  1.32649e-14
4130  1.32377e-14
4131  1.32105e-14
4132  1.31834e-14
4133  1.31564e-14
4134  1.31295e-14
4135  1.31027e-14
4136  1.3076e-14
4137  1.30493e-14
4138  1.30228e-14
4139  1.29963e-14
4140  1.29699e-14
4141  1.29435e-14
4142  1.29172e-14
4143  1.28909e-14
4144  1.28646e-14
4145  1.28383e-14
4146  1.2812e-14
4147  1.27857e-14
4148  1.27593e-14
4149  1.27329e-14
4150  1.27064e-14
4151  1.26798e-14
4152  1.2653e-14
4153  1.26261e-14
4154  1.2599e-14
4155  1.25717e-14
4156  1.25442e-14
4157  1.25164e-14
4158  1.24884e-14
4159  1.246e-14
4160  1.24313e-14
4161  1.24023e-14
4162  1.23729e-14
4163  1.2343e-14
4164  1.23127e-14
4165  1.2282e-14
4166  1.22507e-14
4167  1.2219e-14
4168  1.21866e-14
4169  1.21537e-14
4170  1.21202e-14
4171  1.20861e-14
4172  1.20513e-14
4173  1.20158e-14
4174  1.19796e-14
4175  1.19427e-14
4176  1.19051e-14
4177  1.18667e-14
4178  1.18274e-14
4179  1.17874e-14
4180  1.17466e-14
4181  1.17048e-14
4182  1.16623e-14
4183  1.16188e-14
4184  1.15745e-14
4185  1.15292e-14
4186  1.14831e-14
4187  1.1436e-14
4188  1.1388e-14
4189  1.1339e-14
4190  1.12891e-14
4191  1.12383e-14
4192  1.11865e-14
4193  1.11338e-14
4194  1.10801e-14
4195  1.10255e-14
4196  1.097e-14
4197  1.09135e-14
4198  1.08561e-14
4199  1.07979e-14
4200  1.07387e-14
4201  1.06786e-14
4202  1.06177e-14
4203  1.0556e-14
4204  1.04934e-14
4205  1.04301e-14
4206  1.0366e-14
4207  1.03011e-14
4208  1.02355e-14
4209  1.01692e-14
4210  1.01023e-14
4211  1.00348e-14
4212  9.96662e-15
4213  9.89793e-15
4214  9.82873e-15
4215  9.75906e-15
4216  9.68896e-15
4217  9.61847e-15
4218  9.54764e-15
4219  9.4765e-15
4220  9.40512e-15
4221  9.33353e-15
4222  9.26179e-15
4223  9.18995e-15
4224  9.11805e-15
4225  9.04615e-15
4226  8.97431e-15
4227  8.90257e-15
4228  8.831e-15
4229  8.75964e-15
4230  8.68855e-15
4231  8.6178e-15
4232  8.54743e-15
4233  8.47751e-15
4234  8.40809e-15
4235  8.33923e-15
4236  8.27099e-15
4237  8.20343e-15
4238  8.13659e-15
4239  8.07055e-15
4240  8.00536e-15
4241  7.94107e-15
4242  7.87775e-15
4243  7.81544e-15
4244  7.7542e-15
4245  7.69409e-15
4246  7.63517e-15
4247  7.57748e-15
4248  7.52107e-15
4249  7.466e-15
4250  7.41231e-15
4251  7.36006e-15
4252  7.30929e-15
4253  7.26005e-15
4254  7.21238e-15
4255  7.16633e-15
4256  7.12193e-15
4257  7.07922e-15
4258  7.03825e-15
4259  6.99904e-15
4260  6.96163e-15
4261  6.92606e-15
4262  6.89235e-15
4263  6.86053e-15
4264  6.83063e-15
4265  6.80267e-15
4266  6.77667e-15
4267  6.75265e-15
4268  6.73062e-15
4269  6.71061e-15
4270  6.69262e-15
4271  6.67667e-15
4272  6.66275e-15
4273  6.65088e-15
4274  6.64106e-15
4275  6.63329e-15
4276  6.62756e-15
4277  6.62387e-15
4278  6.62222e-15
4279  6.62259e-15
4280  6.62496e-15
4281  6.62934e-15
4282  6.63569e-15
4283  6.64401e-15
4284  6.65426e-15
4285  6.66642e-15
4286  6.68047e-15
4287  6.69638e-15
4288  6.71412e-15
4289  6.73365e-15
4290  6.75494e-15
4291  6.77795e-15
4292  6.80264e-15
4293  6.82897e-15
4294  6.8569e-15
4295  6.88638e-15
4296  6.91737e-15
4297  6.94981e-15
4298  6.98367e-15
4299  7.01887e-15
4300  7.05538e-15
4301  7.09314e-15
4302  7.13209e-15
4303  7.17218e-15
4304  7.21334e-15
4305  7.25553e-15
4306  7.29867e-15
4307  7.34272e-15
4308  7.3876e-15
4309  7.43325e-15
4310  7.47963e-15
4311  7.52665e-15
4312  7.57426e-15
4313  7.6224e-15
4314  7.671e-15
4315  7.72e-15
4316  7.76933e-15
4317  7.81895e-15
4318  7.86877e-15
4319  7.91874e-15
4320  7.9688e-15
4321  8.0189e-15
4322  8.06896e-15
4323  8.11893e-15
4324  8.16875e-15
4325  8.21837e-15
4326  8.26773e-15
4327  8.31678e-15
4328  8.36546e-15
4329  8.41372e-15
4330  8.46151e-15
4331  8.50879e-15
4332  8.5555e-15
4333  8.6016e-15
4334  8.64706e-15
4335  8.69182e-15
4336  8.73585e-15
4337  8.77911e-15
4338  8.82157e-15
4339  8.86319e-15
4340  8.90395e-15
4341  8.94381e-15
4342  8.98276e-15
4343  9.02075e-15
4344  9.05779e-15
4345  9.09383e-15
4346  9.12888e-15
4347  9.16291e-15
4348  9.19591e-15
4349  9.22788e-15
4350  9.25881e-15
4351  9.28868e-15
4352  9.31751e-15
4353  9.34529e-15
4354  9.37203e-15
4355  9.39772e-15
4356  9.42239e-15
4357  9.44603e-15
4358  9.46866e-15
4359  9.49029e-15
4360  9.51095e-15
4361  9.53065e-15
4362  9.54941e-15
4363  9.56725e-15
4364  9.5842e-15
4365  9.6003e-15
4366  9.61555e-15
4367  9.63001e-15
4368  9.64369e-15
4369  9.65664e-15
4370  9.66889e-15
4371  9.68047e-15
4372  9.69143e-15
4373  9.70181e-15
4374  9.71163e-15
4375  9.72096e-15
4376  9.72983e-15
4377  9.73828e-15
4378  9.74636e-15
4379  9.75411e-15
4380  9.76158e-15
4381  9.76882e-15
4382  9.77588e-15
4383  9.78279e-15
4384  9.78961e-15
4385  9.79638e-15
4386  9.80316e-15
4387  9.80999e-15
4388  9.8169e-15
4389  9.82397e-15
4390  9.83121e-15
4391  9.8387e-15
4392  9.84645e-15
4393  9.85453e-15
4394  9.86298e-15
4395  9.87182e-15
4396  9.88112e-15
4397  9.8909e-15
4398  9.90121e-15
4399  9.91208e-15
4400  9.92354e-15
4401  9.93564e-15
4402  9.9484e-15
4403  9.96186e-15
4404  9.97605e-15
4405  9.99099e-15
4406  1.00067e-14
4407  1.00232e-14
4408  1.00406e-14
4409  1.00588e-14
4410  1.00778e-14
4411  1.00978e-14
4412  1.01186e-14
4413  1.01404e-14
4414  1.01631e-14
4415  1.01867e-14
4416  1.02112e-14
4417  1.02367e-14
4418  1.02631e-14
4419  1.02904e-14
4420  1.03187e-14
4421  1.03479e-14
4422  1.03781e-14
4423  1.04091e-14
4424  1.04411e-14
4425  1.0474e-14
4426  1.05078e-14
4427  1.05424e-14
4428  1.05779e-14
4429  1.06142e-14
4430  1.06513e-14
4431  1.06892e-14
4432  1.07278e-14
4433  1.07672e-14
4434  1.08073e-14
4435  1.08481e-14
4436  1.08895e-14
4437  1.09315e-14
4438  1.09741e-14
4439  1.10173e-14
4440  1.1061e-14
4441  1.11051e-14
4442  1.11497e-14
4443  1.11947e-14
4444  1.124e-14
4445  1.12857e-14
4446  1.13316e-14
4447  1.13778e-14
4448  1.14242e-14
4449  1.14707e-14
4450  1.15174e-14
4451  1.15641e-14
4452  1.16109e-14
4453  1.16576e-14
4454  1.17043e-14
4455  1.17509e-14
4456  1.17974e-14
4457  1.18437e-14
4458  1.18897e-14
4459  1.19355e-14
4460  1.19811e-14
4461  1.20262e-14
4462  1.2071e-14
4463  1.21154e-14
4464  1.21593e-14
4465  1.22028e-14
4466  1.22457e-14
4467  1.22881e-14
4468  1.23298e-14
4469  1.2371e-14
4470  1.24115e-14
4471  1.24513e-14
4472  1.24904e-14
4473  1.25287e-14
4474  1.25663e-14
4475  1.26031e-14
4476  1.26391e-14
4477  1.26742e-14
4478  1.27084e-14
4479  1.27418e-14
4480  1.27743e-14
4481  1.28058e-14
4482  1.28364e-14
4483  1.2866e-14
4484  1.28947e-14
4485  1.29224e-14
4486  1.29491e-14
4487  1.29748e-14
4488  1.29994e-14
4489  1.30231e-14
4490  1.30457e-14
4491  1.30673e-14
4492  1.30878e-14
4493  1.31073e-14
4494  1.31257e-14
4495  1.31431e-14
4496  1.31595e-14
4497  1.31747e-14
4498  1.3189e-14
4499  1.32022e-14
4500  1.32143e-14
4501  1.32254e-14
4502  1.32355e-14
4503  1.32445e-14
4504  1.32525e-14
4505  1.32595e-14
4506  1.32654e-14
4507  1.32704e-14
4508  1.32743e-14
4509  1.32773e-14
4510  1.32792e-14
4511  1.32802e-14
4512  1.32802e-14
4513  1.32793e-14
4514  1.32774e-14
4515  1.32746e-14
4516  1.32708e-14
4517  1.32661e-14
4518  1.32605e-14
4519  1.3254e-14
4520  1.32466e-14
4521  1.32383e-14
4522  1.32292e-14
4523  1.32191e-14
4524  1.32083e-14
4525  1.31965e-14
4526  1.3184e-14
4527  1.31706e-14
4528  1.31563e-14
4529  1.31413e-14
4530  1.31255e-14
4531  1.31088e-14
4532  1.30914e-14
4533  1.30732e-14
4534  1.30542e-14
4535  1.30344e-14
4536  1.30139e-14
4537  1.29927e-14
4538  1.29706e-14
4539  1.29479e-14
4540  1.29244e-14
4541  1.29001e-14
4542  1.28752e-14
4543  1.28495e-14
4544  1.28231e-14
4545  1.2796e-14
4546  1.27682e-14
4547  1.27398e-14
4548  1.27106e-14
4549  1.26807e-14
4550  1.26502e-14
4551  1.26189e-14
4552  1.2587e-14
4553  1.25545e-14
4554  1.25213e-14
4555  1.24874e-14
4556  1.24529e-14
4557  1.24177e-14
4558  1.23819e-14
4559  1.23455e-14
4560  1.23085e-14
4561  1.22708e-14
4562  1.22326e-14
4563  1.21937e-14
4564  1.21543e-14
4565  1.21143e-14
4566  1.20738e-14
4567  1.20326e-14
4568  1.1991e-14
4569  1.19488e-14
4570  1.1906e-14
4571  1.18628e-14
4572  1.18191e-14
4573  1.17749e-14
4574  1.17302e-14
4575  1.16851e-14
4576  1.16395e-14
4577  1.15935e-14
4578  1.15471e-14
4579  1.15003e-14
4580  1.14531e-14
4581  1.14056e-14
4582  1.13577e-14
4583  1.13095e-14
4584  1.12611e-14
4585  1.12123e-14
4586  1.11633e-14
4587  1.1114e-14
4588  1.10646e-14
4589  1.10149e-14
4590  1.09651e-14
4591  1.09151e-14
4592  1.0865e-14
4593  1.08148e-14
4594  1.07645e-14
4595  1.07141e-14
4596  1.06637e-14
4597  1.06133e-14
4598  1.05629e-14
4599  1.05126e-14
4600  1.04623e-14
4601  1.04121e-14
4602  1.0362e-14
4603  1.0312e-14
4604  1.02622e-14
4605  1.02126e-14
4606  1.01632e-14
4607  1.01139e-14
4608  1.0065e-14
4609  1.00163e-14
4610  9.96785e-15
4611  9.91975e-15
4612  9.87196e-15
4613  9.82453e-15
4614  9.77746e-15
4615  9.73078e-15
4616  9.6845e-15
4617  9.63863e-15
4618  9.5932e-15
4619  9.54822e-15
4620  9.5037e-15
4621  9.45966e-15
4622  9.41611e-15
4623  9.37306e-15
4624  9.33053e-15
4625  9.28851e-15
4626  9.24703e-15
4627  9.20609e-15
4628  9.16569e-15
4629  9.12585e-15
4630  9.08656e-15
4631  9.04783e-15
4632  9.00966e-15
4633  8.97207e-15
4634  8.93503e-15
4635  8.89857e-15
4636  8.86267e-15
4637  8.82733e-15
4638  8.79255e-15
4639  8.75833e-15
4640  8.72467e-15
4641  8.69154e-15
4642  8.65896e-15
4643  8.62691e-15
4644  8.59539e-15
4645  8.56438e-15
4646  8.53387e-15
4647  8.50386e-15
4648  8.47434e-15
4649  8.44529e-15
4650  8.4167e-15
4651  8.38855e-15
4652  8.36084e-15
4653  8.33356e-15
4654  8.30668e-15
4655  8.28019e-15
4656  8.25408e-15
4657  8.22834e-15
4658  8.20294e-15
4659  8.17788e-15
4660  8.15314e-15
4661  8.12869e-15
4662  8.10454e-15
4663  8.08066e-15
4664  8.05703e-15
4665  8.03365e-15
4666  8.0105e-15
4667  7.98756e-15
4668  7.96482e-15
4669  7.94226e-15
4670  7.91988e-15
4671  7.89765e-15
4672  7.87557e-15
4673  7.85363e-15
4674  7.83181e-15
4675  7.8101e-15
4676  7.78849e-15
4677  7.76697e-15
4678  7.74554e-15
4679  7.72419e-15
4680  7.7029e-15
4681  7.68167e-15
4682  7.66049e-15
4683  7.63936e-15
4684  7.61828e-15
4685  7.59724e-15
4686  7.57624e-15
4687  7.55527e-15
4688  7.53434e-15
4689  7.51344e-15
4690  7.49258e-15
4691  7.47175e-15
4692  7.45095e-15
4693  7.4302e-15
4694  7.40948e-15
4695  7.38882e-15
4696  7.3682e-15
4697  7.34764e-15
4698  7.32714e-15
4699  7.30671e-15
4700  7.28635e-15
4701  7.26608e-15
4702  7.2459e-15
4703  7.22582e-15
4704  7.20585e-15
4705  7.186e-15
4706  7.16627e-15
4707  7.14669e-15
4708  7.12725e-15
4709  7.10797e-15
4710  7.08886e-15
4711  7.06994e-15
4712  7.0512e-15
4713  7.03267e-15
4714  7.01435e-15
4715  6.99626e-15
4716  6.97841e-15
4717  6.9608e-15
4718  6.94345e-15
4719  6.92637e-15
4720  6.90956e-15
4721  6.89304e-15
4722  6.87682e-15
4723  6.86091e-15
4724  6.8453e-15
4725  6.83002e-15
4726  6.81507e-15
4727  6.80045e-15
4728  6.78618e-15
4729  6.77225e-15
4730  6.75867e-15
4731  6.74544e-15
4732  6.73258e-15
4733  6.72007e-15
4734  6.70793e-15
4735  6.69615e-15
4736  6.68473e-15
4737  6.67368e-15
4738  6.66298e-15
4739  6.65264e-15
4740  6.64266e-15
4741  6.63302e-15
4742  6.62373e-15
4743  6.61478e-15
4744  6.60615e-15
4745  6.59785e-15
4746  6.58987e-15
4747  6.58218e-15
4748  6.57479e-15
4749  6.56769e-15
4750  6.56085e-15
4751  6.55427e-15
4752  6.54794e-15
4753  6.54183e-15
4754  6.53594e-15
4755  6.53025e-15
4756  6.52474e-15
4757  6.51939e-15
4758  6.5142e-15
4759  6.50913e-15
4760  6.50418e-15
4761  6.49932e-15
4762  6.49453e-15
4763  6.4898e-15
4764  6.48511e-15
4765  6.48043e-15
4766  6.47575e-15
4767  6.47105e-15
4768  6.4663e-15
4769  6.46149e-15
4770  6.4566e-15
4771  6.4516e-15
4772  6.44648e-15
4773  6.44122e-15
4774  6.4358e-15
4775  6.4302e-15
4776  6.4244e-15
4777  6.41838e-15
4778  6.41213e-15
4779  6.40564e-15
4780  6.39888e-15
4781  6.39183e-15
4782  6.38449e-15
4783  6.37685e-15
4784  6.36888e-15
4785  6.36057e-15
4786  6.35192e-15
4787  6.34291e-15
4788  6.33354e-15
4789  6.32379e-15
4790  6.31366e-15
4791  6.30314e-15
4792  6.29222e-15
4793  6.28091e-15
4794  6.2692e-15
4795  6.25708e-15
4796  6.24455e-15
4797  6.23163e-15
4798  6.2183e-15
4799  6.20457e-15
4800  6.19044e-15
4801  6.17592e-15
4802  6.16102e-15
4803  6.14574e-15
4804  6.13008e-15
4805  6.11407e-15
4806  6.09771e-15
4807  6.08102e-15
4808  6.06399e-15
4809  6.04666e-15
4810  6.02903e-15
4811  6.01113e-15
4812  5.99296e-15
4813  5.97454e-15
4814  5.95591e-15
4815  5.93706e-15
4816  5.91803e-15
4817  5.89884e-15
4818  5.87951e-15
4819  5.86005e-15
4820  5.8405e-15
4821  5.82088e-15
4822  5.80122e-15
4823  5.78153e-15
4824  5.76184e-15
4825  5.74218e-15
4826  5.72258e-15
4827  5.70306e-15
4828  5.68365e-15
4829  5.66437e-15
4830  5.64525e-15
4831  5.62632e-15
4832  5.60761e-15
4833  5.58913e-15
4834  5.57092e-15
4835  5.55301e-15
4836  5.53541e-15
4837  5.51816e-15
4838  5.50128e-15
4839  5.48479e-15
4840  5.46871e-15
4841  5.45308e-15
4842  5.43791e-15
4843  5.42322e-15
4844  5.40904e-15
4845  5.39539e-15
4846  5.38228e-15
4847  5.36974e-15
4848  5.35778e-15
4849  5.34642e-15
4850  5.33568e-15
4851  5.32556e-15
4852  5.31609e-15
4853  5.30728e-15
4854  5.29913e-15
4855  5.29166e-15
4856  5.28488e-15
4857  5.27879e-15
4858  5.2734e-15
4859  5.26873e-15
4860  5.26476e-15
4861  5.26151e-15
4862  5.25897e-15
4863  5.25716e-15
4864  5.25605e-15
4865  5.25567e-15
4866  5.25599e-15
4867  5.25702e-15
4868  5.25876e-15
4869  5.26119e-15
4870  5.2643e-15
4871  5.2681e-15
4872  5.27256e-15
4873  5.27768e-15
4874  5.28345e-15
4875  5.28985e-15
4876  5.29687e-15
4877  5.30449e-15
4878  5.31269e-15
4879  5.32147e-15
4880  5.3308e-15
4881  5.34067e-15
4882  5.35105e-15
4883  5.36192e-15
4884  5.37327e-15
4885  5.38508e-15
4886  5.39732e-15
4887  5.40996e-15
4888  5.423e-15
4889  5.43641e-15
4890  5.45015e-15
4891  5.46422e-15
4892  5.47859e-15
4893  5.49322e-15
4894  5.50811e-15
4895  5.52323e-15
4896  5.53855e-15
4897  5.55405e-15
4898  5.5697e-15
4899  5.5855e-15
4900  5.6014e-15
4901  5.61739e-15
4902  5.63346e-15
4903  5.64957e-15
4904  5.6657e-15
4905  5.68184e-15
4906  5.69797e-15
4907  5.71407e-15
4908  5.73011e-15
4909  5.74609e-15
4910  5.76198e-15
4911  5.77777e-15
4912  5.79345e-15
4913  5.80899e-15
4914  5.82439e-15
4915  5.83964e-15
4916  5.85472e-15
4917  5.86962e-15
4918  5.88434e-15
4919  5.89886e-15
4920  5.91317e-15
4921  5.92728e-15
4922  5.94118e-15
4923  5.95486e-15
4924  5.96831e-15
4925  5.98155e-15
4926  5.99456e-15
4927  6.00735e-15
4928  6.01991e-15
4929  6.03226e-15
4930  6.04439e-15
4931  6.05632e-15
4932  6.06803e-15
4933  6.07955e-15
4934  6.09087e-15
4935  6.10202e-15
4936  6.11299e-15
4937  6.12379e-15
4938  6.13445e-15
4939  6.14497e-15
4940  6.15536e-15
4941  6.16563e-15
4942  6.17581e-15
4943  6.18591e-15
4944  6.19593e-15
4945  6.20591e-15
4946  6.21585e-15
4947  6.22577e-15
4948  6.2357e-15
4949  6.24564e-15
4950  6.25562e-15
4951  6.26566e-15
4952  6.27578e-15
4953  6.28599e-15
4954  6.29631e-15
4955  6.30677e-15
4956  6.31738e-15
4957  6.32817e-15
4958  6.33915e-15
4959  6.35034e-15
4960  6.36177e-15
4961  6.37345e-15
4962  6.3854e-15
4963  6.39764e-15
4964  6.41018e-15
4965  6.42305e-15
4966  6.43627e-15
4967  6.44984e-15
4968  6.46379e-15
4969  6.47813e-15
4970  6.49288e-15
4971  6.50805e-15
4972  6.52366e-15
4973  6.53971e-15
4974  6.55622e-15
4975  6.57321e-15
4976  6.59068e-15
4977  6.60864e-15
4978  6.6271e-15
4979  6.64607e-15
4980  6.66555e-15
4981  6.68556e-15
4982  6.70609e-15
4983  6.72715e-15
4984  6.74875e-15
4985  6.77088e-15
4986  6.79355e-15
4987  6.81676e-15
4988  6.8405e-15
4989  6.86477e-15
4990  6.88958e-15
4991  6.91491e-15
4992  6.94076e-15
4993  6.96712e-15
4994  6.99399e-15
4995  7.02136e-15
4996  7.04922e-15
4997  7.07756e-15
4998  7.10637e-15
4999  7.13563e-15
5000  7.16534e-15
5001  7.19547e-15
5002  7.22602e-15
5003  7.25698e-15
5004  7.28831e-15
5005  7.32001e-15
5006  7.35207e-15
5007  7.38445e-15
5008  7.41714e-15
5009  7.45013e-15
5010  7.4834e-15
5011  7.51691e-15
5012  7.55066e-15
5013  7.58462e-15
5014  7.61876e-15
5015  7.65308e-15
5016  7.68753e-15
5017  7.72212e-15
5018  7.7568e-15
5019  7.79155e-15
5020  7.82637e-15
5021  7.86121e-15
5022  7.89606e-15
5023  7.93089e-15
5024  7.96569e-15
5025  8.00043e-15
5026  8.03508e-15
5027  8.06963e-15
5028  8.10406e-15
5029  8.13833e-15
5030  8.17243e-15
5031  8.20634e-15
5032  8.24004e-15
5033  8.27351e-15
5034  8.30672e-15
5035  8.33966e-15
5036  8.37231e-15
5037  8.40466e-15
5038  8.43668e-15
5039  8.46835e-15
5040  8.49967e-15
5041  8.53061e-15
5042  8.56117e-15
5043  8.59132e-15
5044  8.62105e-15
5045  8.65036e-15
5046  8.67922e-15
5047  8.70763e-15
5048  8.73558e-15
5049  8.76306e-15
5050  8.79006e-15
5051  8.81657e-15
5052  8.84258e-15
5053  8.86809e-15
5054  8.8931e-15
5055  8.91759e-15
5056  8.94157e-15
5057  8.96502e-15
5058  8.98796e-15
5059  9.01037e-15
5060  9.03226e-15
5061  9.05362e-15
5062  9.07446e-15
5063  9.09477e-15
5064  9.11457e-15
5065  9.13384e-15
5066  9.1526e-15
5067  9.17084e-15
5068  9.18858e-15
5069  9.20581e-15
5070  9.22254e-15
5071  9.23878e-15
5072  9.25453e-15
5073  9.2698e-15
5074  9.28459e-15
5075  9.29892e-15
5076  9.31278e-15
5077  9.32619e-15
5078  9.33915e-15
5079  9.35168e-15
5080  9.36377e-15
5081  9.37545e-15
5082  9.3867e-15
5083  9.39756e-15
5084  9.40801e-15
5085  9.41807e-15
5086  9.42775e-15
5087  9.43706e-15
5088  9.446e-15
5089  9.45458e-15
5090  9.46281e-15
5091  9.4707e-15
5092  9.47824e-15
5093  9.48545e-15
5094  9.49234e-15
5095  9.49891e-15
5096  9.50516e-15
5097  9.51111e-15
5098  9.51675e-15
5099  9.52208e-15
5100  9.52712e-15
5101  9.53187e-15
5102  9.53632e-15
5103  9.54048e-15
5104  9.54436e-15
5105  9.54794e-15
5106  9.55124e-15
5107  9.55425e-15
5108  9.55697e-15
5109  9.55941e-15
5110  9.56155e-15
5111  9.5634e-15
5112  9.56495e-15
5113  9.5662e-15
5114  9.56715e-15
5115  9.56779e-15
5116  9.56811e-15
5117  9.56812e-15
5118  9.56779e-15
5119  9.56714e-15
5120  9.56614e-15
5121  9.5648e-15
5122  9.5631e-15
5123  9.56104e-15
5124  9.5586e-15
5125  9.55578e-15
5126  9.55257e-15
5127  9.54895e-15
5128  9.54493e-15
5129  9.54048e-15
5130  9.5356e-15
5131  9.53028e-15
5132  9.5245e-15
5133  9.51825e-15
5134  9.51153e-15
5135  9.50432e-15
5136  9.49661e-15
5137  9.48839e-15
5138  9.47964e-15
5139  9.47037e-15
5140  9.46055e-15
5141  9.45018e-15
5142  9.43924e-15
5143  9.42773e-15
5144  9.41563e-15
5145  9.40294e-15
5146  9.38965e-15
5147  9.37574e-15
5148  9.36121e-15
5149  9.34606e-15
5150  9.33026e-15
5151  9.31383e-15
5152  9.29675e-15
5153  9.27901e-15
5154  9.26061e-15
5155  9.24155e-15
5156  9.22182e-15
5157  9.20142e-15
5158  9.18035e-15
5159  9.1586e-15
5160  9.13618e-15
5161  9.11308e-15
5162  9.08931e-15
5163  9.06487e-15
5164  9.03976e-15
5165  9.01398e-15
5166  8.98754e-15
5167  8.96044e-15
5168  8.9327e-15
5169  8.90431e-15
5170  8.87529e-15
5171  8.84565e-15
5172  8.81539e-15
5173  8.78452e-15
5174  8.75306e-15
5175  8.72103e-15
5176  8.68842e-15
5177  8.65527e-15
5178  8.62157e-15
5179  8.58736e-15
5180  8.55265e-15
5181  8.51745e-15
5182  8.48178e-15
5183  8.44567e-15
5184  8.40913e-15
5185  8.37219e-15
5186  8.33486e-15
5187  8.29718e-15
5188  8.25916e-15
5189  8.22082e-15
5190  8.1822e-15
5191  8.14331e-15
5192  8.10419e-15
5193  8.06486e-15
5194  8.02534e-15
5195  7.98567e-15
5196  7.94587e-15
5197  7.90597e-15
5198  7.866e-15
5199  7.82598e-15
5200  7.78595e-15
5201  7.74594e-15
5202  7.70597e-15
5203  7.66608e-15
5204  7.62629e-15
5205  7.58664e-15
5206  7.54715e-15
5207  7.50785e-15
5208  7.46878e-15
5209  7.42997e-15
5210  7.39143e-15
5211  7.35321e-15
5212  7.31534e-15
5213  7.27783e-15
5214  7.24072e-15
5215  7.20404e-15
5216  7.16782e-15
5217  7.13208e-15
5218  7.09685e-15
5219  7.06216e-15
5220  7.02803e-15
5221  6.99449e-15
5222  6.96156e-15
5223  6.92927e-15
5224  6.89764e-15
5225  6.86669e-15
5226  6.83645e-15
5227  6.80693e-15
5228  6.77816e-15
5229  6.75016e-15
5230  6.72294e-15
5231  6.69652e-15
5232  6.67092e-15
5233  6.64616e-15
5234  6.62225e-15
5235  6.5992e-15
5236  6.57702e-15
5237  6.55574e-15
5238  6.53536e-15
5239  6.51589e-15
5240  6.49733e-15
5241  6.4797e-15
5242  6.46301e-15
5243  6.44725e-15
5244  6.43244e-15
5245  6.41858e-15
5246  6.40566e-15
5247  6.3937e-15
5248  6.38268e-15
5249  6.37262e-15
5250  6.3635e-15
5251  6.35533e-15
5252  6.3481e-15
5253  6.34181e-15
5254  6.33644e-15
5255  6.332e-15
5256  6.32847e-15
5257  6.32584e-15
5258  6.32411e-15
5259  6.32326e-15
5260  6.32327e-15
5261  6.32415e-15
5262  6.32586e-15
5263  6.32841e-15
5264  6.33176e-15
5265  6.3359e-15
5266  6.34082e-15
5267  6.34649e-15
5268  6.3529e-15
5269  6.36003e-15
5270  6.36785e-15
5271  6.37635e-15
5272  6.38549e-15
5273  6.39526e-15
5274  6.40563e-15
5275  6.41658e-15
5276  6.42808e-15
5277  6.44011e-15
5278  6.45264e-15
5279  6.46564e-15
5280  6.47909e-15
5281  6.49295e-15
5282  6.50721e-15
5283  6.52183e-15
5284  6.53678e-15
5285  6.55204e-15
5286  6.56757e-15
5287  6.58334e-15
5288  6.59934e-15
5289  6.61551e-15
5290  6.63185e-15
5291  6.64831e-15
5292  6.66486e-15
5293  6.68148e-15
5294  6.69814e-15
5295  6.7148e-15
5296  6.73144e-15
5297  6.74803e-15
5298  6.76453e-15
5299  6.78092e-15
5300  6.79717e-15
5301  6.81326e-15
5302  6.82914e-15
5303  6.8448e-15
5304  6.8602e-15
5305  6.87532e-15
5306  6.89014e-15
5307  6.90462e-15
5308  6.91875e-15
5309  6.93249e-15
5310  6.94582e-15
5311  6.95872e-15
5312  6.97116e-15
5313  6.98313e-15
5314  6.99459e-15
5315  7.00554e-15
5316  7.01594e-15
5317  7.02579e-15
5318  7.03505e-15
5319  7.04372e-15
5320  7.05177e-15
5321  7.05919e-15
5322  7.06597e-15
5323  7.07208e-15
5324  7.07752e-15
5325  7.08228e-15
5326  7.08634e-15
5327  7.08969e-15
5328  7.09233e-15
5329  7.09423e-15
5330  7.09541e-15
5331  7.09585e-15
5332  7.09554e-15
5333  7.09448e-15
5334  7.09267e-15
5335  7.0901e-15
5336  7.08678e-15
5337  7.08271e-15
5338  7.07788e-15
5339  7.0723e-15
5340  7.06597e-15
5341  7.05889e-15
5342  7.05108e-15
5343  7.04253e-15
5344  7.03326e-15
5345  7.02327e-15
5346  7.01257e-15
5347  7.00118e-15
5348  6.9891e-15
5349  6.97636e-15
5350  6.96295e-15
5351  6.9489e-15
5352  6.93423e-15
5353  6.91894e-15
5354  6.90306e-15
5355  6.88661e-15
5356  6.8696e-15
5357  6.85206e-15
5358  6.834e-15
5359  6.81545e-15
5360  6.79644e-15
5361  6.77698e-15
5362  6.7571e-15
5363  6.73682e-15
5364  6.71617e-15
5365  6.69518e-15
5366  6.67388e-15
5367  6.65228e-15
5368  6.63042e-15
5369  6.60834e-15
5370  6.58605e-15
5371  6.56358e-15
5372  6.54098e-15
5373  6.51826e-15
5374  6.49546e-15
5375  6.47261e-15
5376  6.44974e-15
5377  6.42688e-15
5378  6.40406e-15
5379  6.38132e-15
5380  6.35869e-15
5381  6.3362e-15
5382  6.31388e-15
5383  6.29176e-15
5384  6.26988e-15
5385  6.24826e-15
5386  6.22695e-15
5387  6.20596e-15
5388  6.18534e-15
5389  6.16511e-15
5390  6.1453e-15
5391  6.12594e-15
5392  6.10707e-15
5393  6.08871e-15
5394  6.07089e-15
5395  6.05364e-15
5396  6.03699e-15
5397  6.02096e-15
5398  6.00559e-15
5399  5.99089e-15
5400  5.97689e-15
5401  5.96362e-15
5402  5.9511e-15
5403  5.93935e-15
5404  5.92839e-15
5405  5.91825e-15
5406  5.90895e-15
5407  5.9005e-15
5408  5.89293e-15
5409  5.88624e-15
5410  5.88046e-15
5411  5.87561e-15
5412  5.87169e-15
5413  5.86871e-15
5414  5.8667e-15
5415  5.86566e-15
5416  5.8656e-15
5417  5.86654e-15
5418  5.86846e-15
5419  5.87139e-15
5420  5.87533e-15
5421  5.88029e-15
5422  5.88625e-15
5423  5.89323e-15
5424  5.90123e-15
5425  5.91024e-15
5426  5.92027e-15
5427  5.9313e-15
5428  5.94334e-15
5429  5.95637e-15
5430  5.9704e-15
5431  5.98541e-15
5432  6.0014e-15
5433  6.01834e-15
5434  6.03624e-15
5435  6.05508e-15
5436  6.07484e-15
5437  6.09551e-15
5438  6.11708e-15
5439  6.13952e-15
5440  6.16282e-15
5441  6.18696e-15
5442  6.21191e-15
5443  6.23767e-15
5444  6.2642e-15
5445  6.29148e-15
5446  6.31949e-15
5447  6.34821e-15
5448  6.37761e-15
5449  6.40765e-15
5450  6.43833e-15
5451  6.4696e-15
5452  6.50145e-15
5453  6.53384e-15
5454  6.56674e-15
5455  6.60012e-15
5456  6.63396e-15
5457  6.66822e-15
5458  6.70287e-15
5459  6.73788e-15
5460  6.77322e-15
5461  6.80886e-15
5462  6.84477e-15
5463  6.88091e-15
5464  6.91724e-15
5465  6.95375e-15
5466  6.99039e-15
5467  7.02714e-15
5468  7.06396e-15
5469  7.10082e-15
5470  7.13769e-15
5471  7.17454e-15
5472  7.21133e-15
5473  7.24803e-15
5474  7.28462e-15
5475  7.32106e-15
5476  7.35732e-15
5477  7.39338e-15
5478  7.4292e-15
5479  7.46476e-15
5480  7.50002e-15
5481  7.53497e-15
5482  7.56957e-15
5483  7.6038e-15
5484  7.63763e-15
5485  7.67105e-15
5486  7.70401e-15
5487  7.73652e-15
5488  7.76853e-15
5489  7.80003e-15
5490  7.831e-15
5491  7.86142e-15
5492  7.89127e-15
5493  7.92054e-15
5494  7.94921e-15
5495  7.97725e-15
5496  8.00467e-15
5497  8.03144e-15
5498  8.05755e-15
5499  8.083e-15
5500  8.10776e-15
5501  8.13183e-15
5502  8.15521e-15
5503  8.17788e-15
5504  8.19985e-15
5505  8.22109e-15
5506  8.24162e-15
5507  8.26142e-15
5508  8.2805e-15
5509  8.29885e-15
5510  8.31648e-15
5511  8.33338e-15
5512  8.34956e-15
5513  8.36501e-15
5514  8.37975e-15
5515  8.39378e-15
5516  8.4071e-15
5517  8.41973e-15
5518  8.43166e-15
5519  8.4429e-15
5520  8.45347e-15
5521  8.46338e-15
5522  8.47263e-15
5523  8.48124e-15
5524  8.48922e-15
5525  8.49658e-15
5526  8.50333e-15
5527  8.50949e-15
5528  8.51508e-15
5529  8.5201e-15
5530  8.52458e-15
5531  8.52853e-15
5532  8.53196e-15
5533  8.5349e-15
5534  8.53735e-15
5535  8.53935e-15
5536  8.5409e-15
5537  8.54202e-15
5538  8.54273e-15
5539  8.54306e-15
5540  8.54301e-15
5541  8.5426e-15
5542  8.54187e-15
5543  8.54081e-15
5544  8.53946e-15
5545  8.53783e-15
5546  8.53594e-15
5547  8.5338e-15
5548  8.53145e-15
5549  8.52888e-15
5550  8.52613e-15
5551  8.52321e-15
5552  8.52013e-15
5553  8.51691e-15
5554  8.51358e-15
5555  8.51014e-15
5556  8.50661e-15
5557  8.50301e-15
5558  8.49935e-15
5559  8.49565e-15
5560  8.49191e-15
5561  8.48816e-15
5562  8.48441e-15
5563  8.48066e-15
5564  8.47694e-15
5565  8.47324e-15
5566  8.46959e-15
5567  8.46599e-15
5568  8.46245e-15
5569  8.45898e-15
5570  8.45559e-15
5571  8.45228e-15
5572  8.44907e-15
5573  8.44595e-15
5574  8.44293e-15
5575  8.44003e-15
5576  8.43723e-15
5577  8.43455e-15
5578  8.43199e-15
5579  8.42955e-15
5580  8.42723e-15
5581  8.42503e-15
5582  8.42296e-15
5583  8.42101e-15
5584  8.41917e-15
5585  8.41746e-15
5586  8.41586e-15
5587  8.41437e-15
5588  8.413e-15
5589  8.41173e-15
5590  8.41056e-15
5591  8.40949e-15
5592  8.40851e-15
5593  8.40761e-15
5594  8.40679e-15
5595  8.40605e-15
5596  8.40536e-15
5597  8.40473e-15
5598  8.40415e-15
5599  8.40361e-15
5600  8.40309e-15
5601  8.4026e-15
5602  8.40212e-15
5603  8.40164e-15
5604  8.40115e-15
5605  8.40064e-15
5606  8.4001e-15
5607  8.39953e-15
5608  8.3989e-15
5609  8.39821e-15
5610  8.39745e-15
5611  8.39661e-15
5612  8.39568e-15
5613  8.39464e-15
5614  8.39348e-15
5615  8.3922e-15
5616  8.39079e-15
5617  8.38922e-15
5618  8.3875e-15
5619  8.38561e-15
5620  8.38355e-15
5621  8.38129e-15
5622  8.37884e-15
5623  8.37619e-15
5624  8.37331e-15
5625  8.37021e-15
5626  8.36688e-15
5627  8.36331e-15
5628  8.35948e-15
5629  8.3554e-15
5630  8.35106e-15
5631  8.34644e-15
5632  8.34155e-15
5633  8.33638e-15
5634  8.33091e-15
5635  8.32515e-15
5636  8.3191e-15
5637  8.31274e-15
5638  8.30607e-15
5639  8.2991e-15
5640  8.29181e-15
5641  8.28421e-15
5642  8.2763e-15
5643  8.26806e-15
5644  8.25951e-15
5645  8.25065e-15
5646  8.24147e-15
5647  8.23197e-15
5648  8.22215e-15
5649  8.21203e-15
5650  8.20159e-15
5651  8.19085e-15
5652  8.17981e-15
5653  8.16847e-15
5654  8.15683e-15
5655  8.1449e-15
5656  8.1327e-15
5657  8.12021e-15
5658  8.10745e-15
5659  8.09443e-15
5660  8.08116e-15
5661  8.06763e-15
5662  8.05387e-15
5663  8.03987e-15
5664  8.02566e-15
5665  8.01123e-15
5666  7.99659e-15
5667  7.98177e-15
5668  7.96677e-15
5669  7.95159e-15
5670  7.93626e-15
5671  7.92077e-15
5672  7.90515e-15
5673  7.88941e-15
5674  7.87356e-15
5675  7.85761e-15
5676  7.84157e-15
5677  7.82546e-15
5678  7.80928e-15
5679  7.79306e-15
5680  7.77681e-15
5681  7.76054e-15
5682  7.74426e-15
5683  7.72798e-15
5684  7.71173e-15
5685  7.6955e-15
5686  7.67933e-15
5687  7.66321e-15
5688  7.64717e-15
5689  7.63122e-15
5690  7.61536e-15
5691  7.59962e-15
5692  7.58401e-15
5693  7.56853e-15
5694  7.55321e-15
5695  7.53805e-15
5696  7.52306e-15
5697  7.50827e-15
5698  7.49367e-15
5699  7.47929e-15
5700  7.46513e-15
5701  7.4512e-15
5702  7.43752e-15
5703  7.42409e-15
5704  7.41093e-15
5705  7.39804e-15
5706  7.38544e-15
5707  7.37313e-15
5708  7.36111e-15
5709  7.34941e-15
5710  7.33803e-15
5711  7.32697e-15
5712  7.31624e-15
5713  7.30584e-15
5714  7.29579e-15
5715  7.28609e-15
5716  7.27675e-15
5717  7.26776e-15
5718  7.25913e-15
5719  7.25088e-15
5720  7.24299e-15
5721  7.23547e-15
5722  7.22833e-15
5723  7.22157e-15
5724  7.21518e-15
5725  7.20918e-15
5726  7.20355e-15
5727  7.19831e-15
5728  7.19345e-15
5729  7.18896e-15
5730  7.18485e-15
5731  7.18112e-15
5732  7.17777e-15
5733  7.17478e-15
5734  7.17217e-15
5735  7.16992e-15
5736  7.16804e-15
5737  7.16651e-15
5738  7.16534e-15
5739  7.16451e-15
5740  7.16403e-15
5741  7.16389e-15
5742  7.16409e-15
5743  7.16461e-15
5744  7.16545e-15
5745  7.16661e-15
5746  7.16807e-15
5747  7.16984e-15
5748  7.1719e-15
5749  7.17425e-15
5750  7.17688e-15
5751  7.17978e-15
5752  7.18294e-15
5753  7.18636e-15
5754  7.19003e-15
5755  7.19394e-15
5756  7.19807e-15
5757  7.20243e-15
5758  7.20701e-15
5759  7.21179e-15
5760  7.21676e-15
5761  7.22192e-15
5762  7.22727e-15
5763  7.23278e-15
5764  7.23846e-15
5765  7.24429e-15
5766  7.25027e-15
5767  7.25638e-15
5768  7.26263e-15
5769  7.26899e-15
5770  7.27546e-15
5771  7.28204e-15
5772  7.28872e-15
5773  7.29549e-15
5774  7.30233e-15
5775  7.30925e-15
5776  7.31624e-15
5777  7.32329e-15
5778  7.33039e-15
5779  7.33753e-15
5780  7.34472e-15
5781  7.35193e-15
5782  7.35918e-15
5783  7.36644e-15
5784  7.37372e-15
5785  7.38101e-15
5786  7.3883e-15
5787  7.3956e-15
5788  7.40289e-15
5789  7.41016e-15
5790  7.41743e-15
5791  7.42467e-15
5792  7.43189e-15
5793  7.43909e-15
5794  7.44625e-15
5795  7.45338e-15
5796  7.46047e-15
5797  7.46753e-15
5798  7.47454e-15
5799  7.48151e-15
5800  7.48843e-15
5801  7.49529e-15
5802  7.50211e-15
5803  7.50887e-15
5804  7.51558e-15
5805  7.52222e-15
5806  7.52881e-15
5807  7.53534e-15
5808  7.5418e-15
5809  7.5482e-15
5810  7.55453e-15
5811  7.5608e-15
5812  7.567e-15
5813  7.57312e-15
5814  7.57918e-15
5815  7.58516e-15
5816  7.59107e-15
5817  7.59691e-15
5818  7.60267e-15
5819  7.60835e-15
5820  7.61395e-15
5821  7.61947e-15
5822  7.62491e-15
5823  7.63026e-15
5824  7.63553e-15
5825  7.6407e-15
5826  7.64579e-15
5827  7.65078e-15
5828  7.65567e-15
5829  7.66047e-15
5830  7.66516e-15
5831  7.66975e-15
5832  7.67423e-15
5833  7.67859e-15
5834  7.68284e-15
5835  7.68697e-15
5836  7.69097e-15
5837  7.69484e-15
5838  7.69858e-15
5839  7.70217e-15
5840  7.70562e-15
5841  7.70891e-15
5842  7.71205e-15
5843  7.71502e-15
5844  7.71782e-15
5845  7.72044e-15
5846  7.72287e-15
5847  7.72511e-15
5848  7.72714e-15
5849  7.72897e-15
5850  7.73057e-15
5851  7.73195e-15
5852  7.73309e-15
5853  7.73399e-15
5854  7.73462e-15
5855  7.73499e-15
5856  7.73509e-15
5857  7.73489e-15
5858  7.7344e-15
5859  7.73361e-15
5860  7.73249e-15
5861  7.73104e-15
5862  7.72925e-15
5863  7.7271e-15
5864  7.72459e-15
5865  7.7217e-15
5866  7.71843e-15
5867  7.71475e-15
5868  7.71066e-15
5869  7.70614e-15
5870  7.70119e-15
5871  7.69578e-15
5872  7.68992e-15
5873  7.68358e-15
5874  7.67676e-15
5875  7.66944e-15
5876  7.66161e-15
5877  7.65326e-15
5878  7.64438e-15
5879  7.63495e-15
5880  7.62497e-15
5881  7.61443e-15
5882  7.60331e-15
5883  7.5916e-15
5884  7.5793e-15
5885  7.56639e-15
5886  7.55287e-15
5887  7.53873e-15
5888  7.52395e-15
5889  7.50854e-15
5890  7.49247e-15
5891  7.47576e-15
5892  7.45838e-15
5893  7.44034e-15
5894  7.42162e-15
5895  7.40222e-15
5896  7.38215e-15
5897  7.36139e-15
5898  7.33994e-15
5899  7.3178e-15
5900  7.29496e-15
5901  7.27143e-15
5902  7.24721e-15
5903  7.22229e-15
5904  7.19668e-15
5905  7.17037e-15
5906  7.14338e-15
5907  7.11569e-15
5908  7.08732e-15
5909  7.05827e-15
5910  7.02855e-15
5911  6.99816e-15
5912  6.9671e-15
5913  6.93539e-15
5914  6.90304e-15
5915  6.87004e-15
5916  6.83641e-15
5917  6.80216e-15
5918  6.7673e-15
5919  6.73185e-15
5920  6.69581e-15
5921  6.65919e-15
5922  6.62202e-15
5923  6.5843e-15
5924  6.54604e-15
5925  6.50727e-15
5926  6.468e-15
5927  6.42825e-15
5928  6.38802e-15
5929  6.34735e-15
5930  6.30624e-15
5931  6.26471e-15
5932  6.22279e-15
5933  6.1805e-15
5934  6.13784e-15
5935  6.09485e-15
5936  6.05153e-15
5937  6.00792e-15
5938  5.96403e-15
5939  5.91989e-15
5940  5.8755e-15
5941  5.83091e-15
5942  5.78612e-15
5943  5.74115e-15
5944  5.69604e-15
5945  5.6508e-15
5946  5.60545e-15
5947  5.56001e-15
5948  5.51451e-15
5949  5.46897e-15
5950  5.42341e-15
5951  5.37784e-15
5952  5.3323e-15
5953  5.28679e-15
5954  5.24135e-15
5955  5.19599e-15
5956  5.15073e-15
5957  5.10559e-15
5958  5.06059e-15
5959  5.01575e-15
5960  4.97109e-15
5961  4.92663e-15
5962  4.88238e-15
5963  4.83836e-15
5964  4.7946e-15
5965  4.75109e-15
5966  4.70787e-15
5967  4.66494e-15
5968  4.62232e-15
5969  4.58002e-15
5970  4.53807e-15
5971  4.49646e-15
5972  4.45522e-15
5973  4.41436e-15
5974  4.37388e-15
5975  4.3338e-15
5976  4.29413e-15
5977  4.25487e-15
5978  4.21604e-15
5979  4.17765e-15
5980  4.1397e-15
5981  4.10219e-15
5982  4.06514e-15
5983  4.02855e-15
5984  3.99243e-15
5985  3.95678e-15
5986  3.92161e-15
5987  3.88691e-15
5988  3.8527e-15
5989  3.81897e-15
5990  3.78573e-15
5991  3.75297e-15
5992  3.7207e-15
5993  3.68893e-15
5994  3.65764e-15
5995  3.62684e-15
5996  3.59653e-15
5997  3.5667e-15
5998  3.53737e-15
5999  3.50851e-15
6000  3.48014e-15
6001  3.45224e-15
6002  3.42482e-15
6003  3.39787e-15
6004  3.37139e-15
6005  3.34538e-15
6006  3.31983e-15
6007  3.29474e-15
6008  3.2701e-15
6009  3.24591e-15
6010  3.22217e-15
6011  3.19887e-15
6012  3.176e-15
6013  3.15357e-15
6014  3.13157e-15
6015  3.10999e-15
6016  3.08883e-15
6017  3.06808e-15
6018  3.04775e-15
6019  3.02782e-15
6020  3.00829e-15
6021  2.98916e-15
6022  2.97043e-15
6023  2.95209e-15
6024  2.93414e-15
6025  2.91658e-15
6026  2.89939e-15
6027  2.88259e-15
6028  2.86616e-15
6029  2.85011e-15
6030  2.83444e-15
6031  2.81913e-15
6032  2.8042e-15
6033  2.78963e-15
6034  2.77544e-15
6035  2.76161e-15
6036  2.74815e-15
6037  2.73506e-15
6038  2.72235e-15
6039  2.71e-15
6040  2.69802e-15
6041  2.68642e-15
6042  2.67519e-15
6043  2.66434e-15
6044  2.65387e-15
6045  2.64378e-15
6046  2.63408e-15
6047  2.62476e-15
6048  2.61584e-15
6049  2.60732e-15
6050  2.5992e-15
6051  2.59148e-15
6052  2.58418e-15
6053  2.57729e-15
6054  2.57082e-15
6055  2.56477e-15
6056  2.55916e-15
6057  2.55399e-15
6058  2.54926e-15
6059  2.54497e-15
6060  2.54115e-15
6061  2.53778e-15
6062  2.53488e-15
6063  2.53246e-15
6064  2.53052e-15
6065  2.52906e-15
6066  2.5281e-15
6067  2.52764e-15
6068  2.52769e-15
6069  2.52825e-15
6070  2.52934e-15
6071  2.53094e-15
6072  2.53308e-15
6073  2.53576e-15
6074  2.53899e-15
6075  2.54276e-15
6076  2.5471e-15
6077  2.55199e-15
6078  2.55745e-15
6079  2.56348e-15
6080  2.57009e-15
6081  2.57729e-15
6082  2.58507e-15
6083  2.59343e-15
6084  2.6024e-15
6085  2.61196e-15
6086  2.62212e-15
6087  2.63288e-15
6088  2.64425e-15
6089  2.65623e-15
6090  2.66881e-15
6091  2.68201e-15
6092  2.69581e-15
6093  2.71023e-15
6094  2.72526e-15
6095  2.7409e-15
6096  2.75716e-15
6097  2.77402e-15
6098  2.79149e-15
6099  2.80956e-15
6100  2.82824e-15
6101  2.84752e-15
6102  2.8674e-15
6103  2.88786e-15
6104  2.90892e-15
6105  2.93056e-15
6106  2.95278e-15
6107  2.97557e-15
6108  2.99893e-15
6109  3.02286e-15
6110  3.04733e-15
6111  3.07235e-15
6112  3.09791e-15
6113  3.124e-15
6114  3.15062e-15
6115  3.17774e-15
6116  3.20538e-15
6117  3.2335e-15
6118  3.26211e-15
6119  3.2912e-15
6120  3.32075e-15
6121  3.35076e-15
6122  3.3812e-15
6123  3.41208e-15
6124  3.44338e-15
6125  3.47508e-15
6126  3.50718e-15
6127  3.53966e-15
6128  3.57251e-15
6129  3.60572e-15
6130  3.63927e-15
6131  3.67315e-15
6132  3.70735e-15
6133  3.74186e-15
6134  3.77665e-15
6135  3.81172e-15
6136  3.84706e-15
6137  3.88264e-15
6138  3.91847e-15
6139  3.95451e-15
6140  3.99076e-15
6141  4.02721e-15
6142  4.06384e-15
6143  4.10063e-15
6144  4.13758e-15
6145  4.17466e-15
6146  4.21187e-15
6147  4.2492e-15
6148  4.28662e-15
6149  4.32413e-15
6150  4.36172e-15
6151  4.39936e-15
6152  4.43705e-15
6153  4.47477e-15
6154  4.51252e-15
6155  4.55027e-15
6156  4.58803e-15
6157  4.62576e-15
6158  4.66348e-15
6159  4.70115e-15
6160  4.73878e-15
6161  4.77635e-15
6162  4.81385e-15
6163  4.85127e-15
6164  4.8886e-15
6165  4.92583e-15
6166  4.96295e-15
6167  4.99995e-15
6168  5.03682e-15
6169  5.07356e-15
6170  5.11015e-15
6171  5.14659e-15
6172  5.18287e-15
6173  5.21898e-15
6174  5.25491e-15
6175  5.29067e-15
6176  5.32623e-15
6177  5.3616e-15
6178  5.39677e-15
6179  5.43172e-15
6180  5.46647e-15
6181  5.501e-15
6182  5.5353e-15
6183  5.56938e-15
6184  5.60322e-15
6185  5.63683e-15
6186  5.6702e-15
6187  5.70332e-15
6188  5.7362e-15
6189  5.76882e-15
6190  5.80119e-15
6191  5.8333e-15
6192  5.86516e-15
6193  5.89675e-15
6194  5.92807e-15
6195  5.95913e-15
6196  5.98993e-15
6197  6.02045e-15
6198  6.0507e-15
6199  6.08068e-15
6200  6.11038e-15
6201  6.13981e-15
6202  6.16896e-15
6203  6.19783e-15
6204  6.22643e-15
6205  6.25474e-15
6206  6.28278e-15
6207  6.31054e-15
6208  6.33801e-15
6209  6.36521e-15
6210  6.39213e-15
6211  6.41876e-15
6212  6.44511e-15
6213  6.47118e-15
6214  6.49697e-15
6215  6.52248e-15
6216  6.54771e-15
6217  6.57265e-15
6218  6.59732e-15
6219  6.6217e-15
6220  6.6458e-15
6221  6.66961e-15
6222  6.69315e-15
6223  6.71641e-15
6224  6.73938e-15
6225  6.76207e-15
6226  6.78448e-15
6227  6.80661e-15
6228  6.82846e-15
6229  6.85002e-15
6230  6.87131e-15
6231  6.89231e-15
6232  6.91303e-15
6233  6.93347e-15
6234  6.95363e-15
6235  6.97351e-15
6236  6.99311e-15
6237  7.01242e-15
6238  7.03145e-15
6239  7.0502e-15
6240  7.06866e-15
6241  7.08685e-15
6242  7.10475e-15
6243  7.12237e-15
6244  7.1397e-15
6245  7.15675e-15
6246  7.17352e-15
6247  7.19001e-15
6248  7.20621e-15
6249  7.22213e-15
6250  7.23776e-15
6251  7.25311e-15
6252  7.26818e-15
6253  7.28296e-15
6254  7.29746e-15
6255  7.31168e-15
6256  7.32561e-15
6257  7.33926e-15
6258  7.35263e-15
6259  7.36571e-15
6260  7.37851e-15
6261  7.39103e-15
6262  7.40327e-15
6263  7.41522e-15
6264  7.4269e-15
6265  7.43829e-15
6266  7.44941e-15
6267  7.46024e-15
6268  7.4708e-15
6269  7.48109e-15
6270  7.49109e-15
6271  7.50082e-15
6272  7.51028e-15
6273  7.51947e-15
6274  7.52838e-15
6275  7.53702e-15
6276  7.5454e-15
6277  7.5535e-15
6278  7.56135e-15
6279  7.56892e-15
6280  7.57624e-15
6281  7.58329e-15
6282  7.59009e-15
6283  7.59663e-15
6284  7.60291e-15
6285  7.60894e-15
6286  7.61472e-15
6287  7.62025e-15
6288  7.62554e-15
6289  7.63057e-15
6290  7.63537e-15
6291  7.63993e-15
6292  7.64425e-15
6293  7.64833e-15
6294  7.65219e-15
6295  7.65581e-15
6296  7.6592e-15
6297  7.66237e-15
6298  7.66531e-15
6299  7.66804e-15
6300  7.67055e-15
6301  7.67284e-15
6302  7.67492e-15
6303  7.67678e-15
6304  7.67844e-15
6305  7.6799e-15
6306  7.68115e-15
6307  7.6822e-15
6308  7.68305e-15
6309  7.68371e-15
6310  7.68417e-15
6311  7.68444e-15
6312  7.68452e-15
6313  7.68442e-15
6314  7.68413e-15
6315  7.68366e-15
6316  7.68301e-15
6317  7.68218e-15
6318  7.68117e-15
6319  7.67999e-15
6320  7.67863e-15
6321  7.6771e-15
6322  7.67541e-15
6323  7.67354e-15
6324  7.67151e-15
6325  7.66932e-15
6326  7.66696e-15
6327  7.66444e-15
6328  7.66176e-15
6329  7.65892e-15
6330  7.65592e-15
6331  7.65276e-15
6332  7.64944e-15
6333  7.64597e-15
6334  7.64235e-15
6335  7.63857e-15
6336  7.63464e-15
6337  7.63055e-15
6338  7.62631e-15
6339  7.62193e-15
6340  7.61739e-15
6341  7.6127e-15
6342  7.60786e-15
6343  7.60287e-15
6344  7.59773e-15
6345  7.59244e-15
6346  7.587e-15
6347  7.58141e-15
6348  7.57568e-15
6349  7.5698e-15
6350  7.56377e-15
6351  7.55759e-15
6352  7.55126e-15
6353  7.54479e-15
6354  7.53817e-15
6355  7.5314e-15
6356  7.52449e-15
6357  7.51743e-15
6358  7.51023e-15
6359  7.50287e-15
6360  7.49538e-15
6361  7.48773e-15
6362  7.47995e-15
6363  7.47202e-15
6364  7.46394e-15
6365  7.45572e-15
6366  7.44736e-15
6367  7.43886e-15
6368  7.43022e-15
6369  7.42144e-15
6370  7.41252e-15
6371  7.40346e-15
6372  7.39426e-15
6373  7.38493e-15
6374  7.37547e-15
6375  7.36587e-15
6376  7.35614e-15
6377  7.34628e-15
6378  7.3363e-15
6379  7.32618e-15
6380  7.31595e-15
6381  7.30559e-15
6382  7.29511e-15
6383  7.28451e-15
6384  7.27379e-15
6385  7.26297e-15
6386  7.25203e-15
6387  7.24098e-15
6388  7.22983e-15
6389  7.21858e-15
6390  7.20722e-15
6391  7.19577e-15
6392  7.18423e-15
6393  7.1726e-15
6394  7.16088e-15
6395  7.14907e-15
6396  7.13719e-15
6397  7.12522e-15
6398  7.11319e-15
6399  7.10109e-15
6400  7.08892e-15
6401  7.07669e-15
6402  7.0644e-15
6403  7.05206e-15
6404  7.03966e-15
6405  7.02723e-15
6406  7.01475e-15
6407  7.00223e-15
6408  6.98968e-15
6409  6.97711e-15
6410  6.9645e-15
6411  6.95188e-15
6412  6.93924e-15
6413  6.92659e-15
6414  6.91393e-15
6415  6.90127e-15
6416  6.88861e-15
6417  6.87595e-15
6418  6.8633e-15
6419  6.85067e-15
6420  6.83805e-15
6421  6.82546e-15
6422  6.81289e-15
6423  6.80035e-15
6424  6.78784e-15
6425  6.77538e-15
6426  6.76295e-15
6427  6.75056e-15
6428  6.73823e-15
6429  6.72595e-15
6430  6.71372e-15
6431  6.70155e-15
6432  6.68944e-15
6433  6.6774e-15
6434  6.66542e-15
6435  6.65352e-15
6436  6.64169e-15
6437  6.62993e-15
6438  6.61826e-15
6439  6.60666e-15
6440  6.59515e-15
6441  6.58372e-15
6442  6.57238e-15
6443  6.56113e-15
6444  6.54997e-15
6445  6.5389e-15
6446  6.52792e-15
6447  6.51704e-15
6448  6.50626e-15
6449  6.49557e-15
6450  6.48498e-15
6451  6.47449e-15
6452  6.4641e-15
6453  6.4538e-15
6454  6.44361e-15
6455  6.43351e-15
6456  6.42352e-15
6457  6.41362e-15
6458  6.40382e-15
6459  6.39412e-15
6460  6.38452e-15
6461  6.37501e-15
6462  6.3656e-15
6463  6.35629e-15
6464  6.34706e-15
6465  6.33794e-15
6466  6.3289e-15
6467  6.31995e-15
6468  6.31109e-15
6469  6.30232e-15
6470  6.29363e-15
6471  6.28503e-15
6472  6.2765e-15
6473  6.26806e-15
6474  6.25969e-15
6475  6.2514e-15
6476  6.24318e-15
6477  6.23503e-15
6478  6.22695e-15
6479  6.21894e-15
6480  6.21099e-15
6481  6.2031e-15
6482  6.19527e-15
6483  6.18749e-15
6484  6.17977e-15
6485  6.1721e-15
6486  6.16448e-15
6487  6.15691e-15
6488  6.14938e-15
6489  6.14189e-15
6490  6.13445e-15
6491  6.12703e-15
6492  6.11966e-15
6493  6.11231e-15
6494  6.105e-15
6495  6.09771e-15
6496  6.09045e-15
6497  6.08321e-15
6498  6.076e-15
6499  6.0688e-15
6500  6.06162e-15
6501  6.05446e-15
6502  6.04731e-15
6503  6.04018e-15
6504  6.03305e-15
6505  6.02594e-15
6506  6.01883e-15
6507  6.01173e-15
6508  6.00464e-15
6509  5.99755e-15
6510  5.99046e-15
6511  5.98338e-15
6512  5.9763e-15
6513  5.96922e-15
6514  5.96214e-15
6515  5.95506e-15
6516  5.94799e-15
6517  5.94091e-15
6518  5.93383e-15
6519  5.92675e-15
6520  5.91968e-15
6521  5.9126e-15
6522  5.90552e-15
6523  5.89845e-15
6524  5.89138e-15
6525  5.8843e-15
6526  5.87724e-15
6527  5.87017e-15
6528  5.86311e-15
6529  5.85606e-15
6530  5.84901e-15
6531  5.84198e-15
6532  5.83495e-15
6533  5.82793e-15
6534  5.82092e-15
6535  5.81393e-15
6536  5.80696e-15
6537  5.8e-15
6538  5.79306e-15
6539  5.78614e-15
6540  5.77924e-15
6541  5.77236e-15
6542  5.76551e-15
6543  5.75869e-15
6544  5.7519e-15
6545  5.74514e-15
6546  5.73841e-15
6547  5.73172e-15
6548  5.72507e-15
6549  5.71845e-15
6550  5.71188e-15
6551  5.70534e-15
6552  5.69885e-15
6553  5.69241e-15
6554  5.68602e-15
6555  5.67968e-15
6556  5.67338e-15
6557  5.66715e-15
6558  5.66096e-15
6559  5.65483e-15
6560  5.64876e-15
6561  5.64275e-15
6562  5.6368e-15
6563  5.63091e-15
6564  5.62508e-15
6565  5.61932e-15
6566  5.61362e-15
6567  5.60799e-15
6568  5.60242e-15
6569  5.59692e-15
6570  5.59148e-15
6571  5.58611e-15
6572  5.58081e-15
6573  5.57558e-15
6574  5.57042e-15
6575  5.56532e-15
6576  5.56029e-15
6577  5.55533e-15
6578  5.55043e-15
6579  5.5456e-15
6580  5.54083e-15
6581  5.53613e-15
6582  5.53149e-15
6583  5.52691e-15
6584  5.52239e-15
6585  5.51793e-15
6586  5.51352e-15
6587  5.50917e-15
6588  5.50488e-15
6589  5.50063e-15
6590  5.49644e-15
6591  5.49229e-15
6592  5.48818e-15
6593  5.48412e-15
6594  5.4801e-15
6595  5.47611e-15
6596  5.47216e-15
6597  5.46824e-15
6598  5.46435e-15
6599  5.46048e-15
6600  5.45663e-15
6601  5.4528e-15
6602  5.44899e-15
6603  5.44518e-15
6604  5.44139e-15
6605  5.4376e-15
6606  5.43381e-15
6607  5.43002e-15
6608  5.42622e-15
6609  5.42241e-15
6610  5.41859e-15
6611  5.41475e-15
6612  5.41089e-15
6613  5.40701e-15
6614  5.40309e-15
6615  5.39915e-15
6616  5.39517e-15
6617  5.39114e-15
6618  5.38708e-15
6619  5.38297e-15
6620  5.37881e-15
6621  5.3746e-15
6622  5.37033e-15
6623  5.366e-15
6624  5.3616e-15
6625  5.35714e-15
6626  5.35261e-15
6627  5.34801e-15
6628  5.34334e-15
6629  5.33859e-15
6630  5.33375e-15
6631  5.32884e-15
6632  5.32384e-15
6633  5.31876e-15
6634  5.31358e-15
6635  5.30832e-15
6636  5.30297e-15
6637  5.29752e-15
6638  5.29198e-15
6639  5.28634e-15
6640  5.28061e-15
6641  5.27478e-15
6642  5.26886e-15
6643  5.26284e-15
6644  5.25672e-15
6645  5.2505e-15
6646  5.24419e-15
6647  5.23778e-15
6648  5.23127e-15
6649  5.22468e-15
6650  5.21798e-15
6651  5.2112e-15
6652  5.20432e-15
6653  5.19736e-15
6654  5.19031e-15
6655  5.18317e-15
6656  5.17595e-15
6657  5.16866e-15
6658  5.16128e-15
6659  5.15383e-15
6660  5.14631e-15
6661  5.13872e-15
6662  5.13107e-15
6663  5.12336e-15
6664  5.11559e-15
6665  5.10776e-15
6666  5.09989e-15
6667  5.09197e-15
6668  5.08402e-15
6669  5.07602e-15
6670  5.068e-15
6671  5.05994e-15
6672  5.05187e-15
6673  5.04378e-15
6674  5.03568e-15
6675  5.02756e-15
6676  5.01945e-15
6677  5.01134e-15
6678  5.00324e-15
6679  4.99515e-15
6680  4.98708e-15
6681  4.97904e-15
6682  4.97102e-15
6683  4.96304e-15
6684  4.9551e-15
6685  4.94721e-15
6686  4.93936e-15
6687  4.93157e-15
6688  4.92384e-15
6689  4.91618e-15
6690  4.90859e-15
6691  4.90108e-15
6692  4.89364e-15
6693  4.88629e-15
6694  4.87903e-15
6695  4.87187e-15
6696  4.8648e-15
6697  4.85784e-15
6698  4.85099e-15
6699  4.84424e-15
6700  4.83761e-15
6701  4.8311e-15
6702  4.82472e-15
6703  4.81845e-15
6704  4.81232e-15
6705  4.80631e-15
6706  4.80045e-15
6707  4.79471e-15
6708  4.78912e-15
6709  4.78366e-15
6710  4.77835e-15
6711  4.77318e-15
6712  4.76816e-15
6713  4.76329e-15
6714  4.75856e-15
6715  4.75398e-15
6716  4.74955e-15
6717  4.74526e-15
6718  4.74113e-15
6719  4.73714e-15
6720  4.7333e-15
6721  4.72961e-15
6722  4.72607e-15
6723  4.72267e-15
6724  4.71941e-15
6725  4.7163e-15
6726  4.71332e-15
6727  4.71048e-15
6728  4.70778e-15
6729  4.70522e-15
6730  4.70278e-15
6731  4.70047e-15
6732  4.69829e-15
6733  4.69622e-15
6734  4.69428e-15
6735  4.69245e-15
6736  4.69073e-15
6737  4.68911e-15
6738  4.6876e-15
6739  4.68619e-15
6740  4.68487e-15
6741  4.68364e-15
6742  4.6825e-15
6743  4.68143e-15
6744  4.68045e-15
6745  4.67953e-15
6746  4.67868e-15
6747  4.67789e-15
6748  4.67716e-15
6749  4.67647e-15
6750  4.67584e-15
6751  4.67524e-15
6752  4.67468e-15
6753  4.67415e-15
6754  4.67365e-15
6755  4.67317e-15
6756  4.6727e-15
6757  4.67225e-15
6758  4.67179e-15
6759  4.67135e-15
6760  4.67089e-15
6761  4.67043e-15
6762  4.66995e-15
6763  4.66946e-15
6764  4.66894e-15
6765  4.6684e-15
6766  4.66783e-15
6767  4.66722e-15
6768  4.66657e-15
6769  4.66588e-15
6770  4.66515e-15
6771  4.66436e-15
6772  4.66352e-15
6773  4.66263e-15
6774  4.66167e-15
6775  4.66066e-15
6776  4.65958e-15
6777  4.65843e-15
6778  4.65721e-15
6779  4.65592e-15
6780  4.65456e-15
6781  4.65312e-15
6782  4.65161e-15
6783  4.65002e-15
6784  4.64835e-15
6785  4.6466e-15
6786  4.64477e-15
6787  4.64286e-15
6788  4.64087e-15
6789  4.6388e-15
6790  4.63664e-15
6791  4.63441e-15
6792  4.6321e-15
6793  4.6297e-15
6794  4.62723e-15
6795  4.62468e-15
6796  4.62206e-15
6797  4.61935e-15
6798  4.61658e-15
6799  4.61374e-15
6800  4.61082e-15
6801  4.60784e-15
6802  4.60479e-15
6803  4.60168e-15
6804  4.5985e-15
6805  4.59527e-15
6806  4.59199e-15
6807  4.58865e-15
6808  4.58525e-15
6809  4.58182e-15
6810  4.57833e-15
6811  4.57481e-15
6812  4.57125e-15
6813  4.56765e-15
6814  4.56402e-15
6815  4.56037e-15
6816  4.55668e-15
6817  4.55298e-15
6818  4.54926e-15
6819  4.54552e-15
6820  4.54177e-15
6821  4.53801e-15
6822  4.53424e-15
6823  4.53048e-15
6824  4.52671e-15
6825  4.52295e-15
6826  4.51919e-15
6827  4.51545e-15
6828  4.51172e-15
6829  4.508e-15
6830  4.50431e-15
6831  4.50063e-15
6832  4.49698e-15
6833  4.49335e-15
6834  4.48976e-15
6835  4.48619e-15
6836  4.48266e-15
6837  4.47917e-15
6838  4.47571e-15
6839  4.47229e-15
6840  4.46891e-15
6841  4.46558e-15
6842  4.46229e-15
6843  4.45904e-15
6844  4.45584e-15
6845  4.45269e-15
6846  4.44959e-15
6847  4.44653e-15
6848  4.44353e-15
6849  4.44057e-15
6850  4.43767e-15
6851  4.43481e-15
6852  4.43201e-15
6853  4.42926e-15
6854  4.42655e-15
6855  4.4239e-15
6856  4.42129e-15
6857  4.41874e-15
6858  4.41623e-15
6859  4.41376e-15
6860  4.41135e-15
6861  4.40897e-15
6862  4.40664e-15
6863  4.40436e-15
6864  4.40211e-15
6865  4.3999e-15
6866  4.39773e-15
6867  4.3956e-15
6868  4.39349e-15
6869  4.39143e-15
6870  4.38939e-15
6871  4.38738e-15
6872  4.38539e-15
6873  4.38343e-15
6874  4.38149e-15
6875  4.37958e-15
6876  4.37768e-15
6877  4.37579e-15
6878  4.37392e-15
6879  4.37206e-15
6880  4.37021e-15
6881  4.36837e-15
6882  4.36653e-15
6883  4.3647e-15
6884  4.36287e-15
6885  4.36103e-15
6886  4.3592e-15
6887  4.35735e-15
6888  4.3555e-15
6889  4.35365e-15
6890  4.35178e-15
6891  4.3499e-15
6892  4.348e-15
6893  4.34609e-15
6894  4.34417e-15
6895  4.34222e-15
6896  4.34026e-15
6897  4.33827e-15
6898  4.33627e-15
6899  4.33424e-15
6900  4.33218e-15
6901  4.33011e-15
6902  4.328e-15
6903  4.32588e-15
6904  4.32372e-15
6905  4.32154e-15
6906  4.31933e-15
6907  4.3171e-15
6908  4.31484e-15
6909  4.31255e-15
6910  4.31024e-15
6911  4.3079e-15
6912  4.30553e-15
6913  4.30314e-15
6914  4.30072e-15
6915  4.29828e-15
6916  4.29582e-15
6917  4.29333e-15
6918  4.29082e-15
6919  4.28829e-15
6920  4.28575e-15
6921  4.28318e-15
6922  4.2806e-15
6923  4.278e-15
6924  4.27539e-15
6925  4.27277e-15
6926  4.27014e-15
6927  4.26749e-15
6928  4.26484e-15
6929  4.26219e-15
6930  4.25953e-15
6931  4.25687e-15
6932  4.25421e-15
6933  4.25155e-15
6934  4.2489e-15
6935  4.24625e-15
6936  4.24361e-15
6937  4.24097e-15
6938  4.23835e-15
6939  4.23574e-15
6940  4.23315e-15
6941  4.23057e-15
6942  4.22802e-15
6943  4.22548e-15
6944  4.22297e-15
6945  4.22047e-15
6946  4.21801e-15
6947  4.21557e-15
6948  4.21316e-15
6949  4.21078e-15
6950  4.20843e-15
6951  4.20612e-15
6952  4.20384e-15
6953  4.20159e-15
6954  4.19938e-15
6955  4.19721e-15
6956  4.19508e-15
6957  4.19299e-15
6958  4.19093e-15
6959  4.18892e-15
6960  4.18695e-15
6961  4.18502e-15
6962  4.18313e-15
6963  4.18129e-15
6964  4.17948e-15
6965  4.17773e-15
6966  4.17601e-15
6967  4.17433e-15
6968  4.1727e-15
6969  4.17111e-15
6970  4.16957e-15
6971  4.16806e-15
6972  4.16659e-15
6973  4.16517e-15
6974  4.16378e-15
6975  4.16243e-15
6976  4.16112e-15
6977  4.15984e-15
6978  4.1586e-15
6979  4.1574e-15
6980  4.15622e-15
6981  4.15508e-15
6982  4.15397e-15
6983  4.15288e-15
6984  4.15183e-15
6985  4.15079e-15
6986  4.14979e-15
6987  4.1488e-15
6988  4.14783e-15
6989  4.14689e-15
6990  4.14596e-15
6991  4.14504e-15
6992  4.14414e-15
6993  4.14324e-15
6994  4.14236e-15
6995  4.14149e-15
6996  4.14062e-15
6997  4.13975e-15
6998  4.13889e-15
6999  4.13803e-15
7000  4.13716e-15
7001  4.1363e-15
7002  4.13542e-15
7003  4.13454e-15
7004  4.13366e-15
7005  4.13276e-15
7006  4.13185e-15
7007  4.13093e-15
7008  4.12999e-15
7009  4.12903e-15
7010  4.12806e-15
7011  4.12707e-15
7012  4.12606e-15
7013  4.12503e-15
7014  4.12398e-15
7015  4.1229e-15
7016  4.1218e-15
7017  4.12068e-15
7018  4.11953e-15
7019  4.11836e-15
7020  4.11715e-15
7021  4.11592e-15
7022  4.11467e-15
7023  4.11338e-15
7024  4.11207e-15
7025  4.11073e-15
7026  4.10936e-15
7027  4.10797e-15
7028  4.10655e-15
7029  4.1051e-15
7030  4.10362e-15
7031  4.10212e-15
7032  4.10059e-15
7033  4.09904e-15
7034  4.09746e-15
7035  4.09586e-15
7036  4.09424e-15
7037  4.09259e-15
7038  4.09093e-15
7039  4.08924e-15
7040  4.08754e-15
7041  4.08582e-15
7042  4.08409e-15
7043  4.08234e-15
7044  4.08058e-15
7045  4.07881e-15
7046  4.07703e-15
7047  4.07524e-15
7048  4.07345e-15
7049  4.07165e-15
7050  4.06984e-15
7051  4.06804e-15
7052  4.06624e-15
7053  4.06444e-15
7054  4.06264e-15
7055  4.06085e-15
7056  4.05907e-15
7057  4.0573e-15
7058  4.05554e-15
7059  4.05379e-15
7060  4.05205e-15
7061  4.05034e-15
7062  4.04864e-15
7063  4.04696e-15
7064  4.0453e-15
7065  4.04366e-15
7066  4.04205e-15
7067  4.04046e-15
7068  4.03891e-15
7069  4.03738e-15
7070  4.03588e-15
7071  4.03441e-15
7072  4.03297e-15
7073  4.03156e-15
7074  4.03019e-15
7075  4.02886e-15
7076  4.02756e-15
7077  4.0263e-15
7078  4.02507e-15
7079  4.02388e-15
7080  4.02274e-15
7081  4.02162e-15
7082  4.02055e-15
7083  4.01952e-15
7084  4.01852e-15
7085  4.01757e-15
7086  4.01665e-15
7087  4.01577e-15
7088  4.01493e-15
7089  4.01413e-15
7090  4.01337e-15
7091  4.01264e-15
7092  4.01194e-15
7093  4.01129e-15
7094  4.01066e-15
7095  4.01007e-15
7096  4.00951e-15
7097  4.00898e-15
7098  4.00847e-15
7099  4.008e-15
7100  4.00755e-15
7101  4.00712e-15
7102  4.00672e-15
7103  4.00634e-15
7104  4.00597e-15
7105  4.00562e-15
7106  4.00529e-15
7107  4.00497e-15
7108  4.00465e-15
7109  4.00435e-15
7110  4.00404e-15
7111  4.00374e-15
7112  4.00344e-15
7113  4.00314e-15
7114  4.00283e-15
7115  4.00252e-15
7116  4.00219e-15
7117  4.00185e-15
7118  4.00149e-15
7119  4.00112e-15
7120  4.00072e-15
7121  4.00029e-15
7122  3.99984e-15
7123  3.99936e-15
7124  3.99884e-15
7125  3.99828e-15
7126  3.99769e-15
7127  3.99705e-15
7128  3.99637e-15
7129  3.99563e-15
7130  3.99485e-15
7131  3.99401e-15
7132  3.99311e-15
7133  3.99215e-15
7134  3.99113e-15
7135  3.99004e-15
7136  3.98889e-15
7137  3.98766e-15
7138  3.98636e-15
7139  3.98498e-15
7140  3.98352e-15
7141  3.98198e-15
7142  3.98035e-15
7143  3.97864e-15
7144  3.97684e-15
7145  3.97494e-15
7146  3.97296e-15
7147  3.97087e-15
7148  3.9687e-15
7149  3.96642e-15
7150  3.96404e-15
7151  3.96155e-15
7152  3.95897e-15
7153  3.95627e-15
7154  3.95347e-15
7155  3.95056e-15
7156  3.94754e-15
7157  3.94441e-15
7158  3.94116e-15
7159  3.93781e-15
7160  3.93434e-15
7161  3.93075e-15
7162  3.92705e-15
7163  3.92323e-15
7164  3.9193e-15
7165  3.91525e-15
7166  3.91109e-15
7167  3.9068e-15
7168  3.9024e-15
7169  3.89789e-15
7170  3.89326e-15
7171  3.88851e-15
7172  3.88365e-15
7173  3.87867e-15
7174  3.87359e-15
7175  3.86838e-15
7176  3.86307e-15
7177  3.85764e-15
7178  3.85211e-15
7179  3.84647e-15
7180  3.84072e-15
7181  3.83487e-15
7182  3.82891e-15
7183  3.82285e-15
7184  3.81669e-15
7185  3.81043e-15
7186  3.80408e-15
7187  3.79763e-15
7188  3.79109e-15
7189  3.78446e-15
7190  3.77775e-15
7191  3.77095e-15
7192  3.76406e-15
7193  3.7571e-15
7194  3.75006e-15
7195  3.74295e-15
7196  3.73576e-15
7197  3.72851e-15
7198  3.72119e-15
7199  3.71381e-15
7200  3.70637e-15
7201  3.69888e-15
7202  3.69133e-15
7203  3.68373e-15
7204  3.67608e-15
7205  3.66839e-15
7206  3.66067e-15
7207  3.6529e-15
7208  3.6451e-15
7209  3.63727e-15
7210  3.62942e-15
7211  3.62154e-15
7212  3.61364e-15
7213  3.60573e-15
7214  3.5978e-15
7215  3.58987e-15
7216  3.58193e-15
7217  3.57398e-15
7218  3.56604e-15
7219  3.5581e-15
7220  3.55017e-15
7221  3.54225e-15
7222  3.53435e-15
7223  3.52646e-15
7224  3.5186e-15
7225  3.51075e-15
7226  3.50294e-15
7227  3.49515e-15
7228  3.4874e-15
7229  3.47969e-15
7230  3.47201e-15
7231  3.46438e-15
7232  3.45679e-15
7233  3.44925e-15
7234  3.44176e-15
7235  3.43432e-15
7236  3.42694e-15
7237  3.41961e-15
7238  3.41234e-15
7239  3.40514e-15
7240  3.398e-15
7241  3.39092e-15
7242  3.38392e-15
7243  3.37698e-15
7244  3.37011e-15
7245  3.36332e-15
7246  3.3566e-15
7247  3.34995e-15
7248  3.34338e-15
7249  3.33689e-15
7250  3.33047e-15
7251  3.32414e-15
7252  3.31789e-15
7253  3.31171e-15
7254  3.30562e-15
7255  3.2996e-15
7256  3.29367e-15
7257  3.28782e-15
7258  3.28205e-15
7259  3.27637e-15
7260  3.27076e-15
7261  3.26523e-15
7262  3.25978e-15
7263  3.25441e-15
7264  3.24912e-15
7265  3.24391e-15
7266  3.23877e-15
7267  3.23371e-15
7268  3.22872e-15
7269  3.2238e-15
7270  3.21896e-15
7271  3.21418e-15
7272  3.20947e-15
7273  3.20482e-15
7274  3.20024e-15
7275  3.19572e-15
7276  3.19125e-15
7277  3.18685e-15
7278  3.1825e-15
7279  3.1782e-15
7280  3.17395e-15
7281  3.16975e-15
7282  3.16559e-15
7283  3.16147e-15
7284  3.1574e-15
7285  3.15336e-15
7286  3.14935e-15
7287  3.14537e-15
7288  3.14142e-15
7289  3.1375e-15
7290  3.13359e-15
7291  3.12971e-15
7292  3.12584e-15
7293  3.12198e-15
7294  3.11814e-15
7295  3.1143e-15
7296  3.11046e-15
7297  3.10663e-15
7298  3.10279e-15
7299  3.09895e-15
7300  3.0951e-15
7301  3.09123e-15
7302  3.08736e-15
7303  3.08347e-15
7304  3.07956e-15
7305  3.07562e-15
7306  3.07167e-15
7307  3.06768e-15
7308  3.06367e-15
7309  3.05962e-15
7310  3.05554e-15
7311  3.05143e-15
7312  3.04728e-15
7313  3.04309e-15
7314  3.03885e-15
7315  3.03457e-15
7316  3.03025e-15
7317  3.02588e-15
7318  3.02147e-15
7319  3.017e-15
7320  3.01249e-15
7321  3.00792e-15
7322  3.0033e-15
7323  2.99863e-15
7324  2.99391e-15
7325  2.98913e-15
7326  2.9843e-15
7327  2.97942e-15
7328  2.97448e-15
7329  2.96949e-15
7330  2.96445e-15
7331  2.95935e-15
7332  2.9542e-15
7333  2.949e-15
7334  2.94375e-15
7335  2.93845e-15
7336  2.9331e-15
7337  2.92771e-15
7338  2.92227e-15
7339  2.91679e-15
7340  2.91126e-15
7341  2.9057e-15
7342  2.9001e-15
7343  2.89446e-15
7344  2.88878e-15
7345  2.88308e-15
7346  2.87735e-15
7347  2.87159e-15
7348  2.86581e-15
7349  2.86e-15
7350  2.85418e-15
7351  2.84834e-15
7352  2.84249e-15
7353  2.83663e-15
7354  2.83077e-15
7355  2.8249e-15
7356  2.81903e-15
7357  2.81317e-15
7358  2.80731e-15
7359  2.80146e-15
7360  2.79563e-15
7361  2.78981e-15
7362  2.78401e-15
7363  2.77824e-15
7364  2.77249e-15
7365  2.76677e-15
7366  2.76109e-15
7367  2.75544e-15
7368  2.74983e-15
7369  2.74426e-15
7370  2.73875e-15
7371  2.73328e-15
7372  2.72786e-15
7373  2.7225e-15
7374  2.7172e-15
7375  2.71195e-15
7376  2.70678e-15
7377  2.70166e-15
7378  2.69662e-15
7379  2.69165e-15
7380  2.68676e-15
7381  2.68194e-15
7382  2.6772e-15
7383  2.67254e-15
7384  2.66796e-15
7385  2.66347e-15
7386  2.65906e-15
7387  2.65474e-15
7388  2.65051e-15
7389  2.64637e-15
7390  2.64232e-15
7391  2.63837e-15
7392  2.63451e-15
7393  2.63074e-15
7394  2.62706e-15
7395  2.62349e-15
7396  2.62001e-15
7397  2.61662e-15
7398  2.61333e-15
7399  2.61014e-15
7400  2.60704e-15
7401  2.60404e-15
7402  2.60114e-15
7403  2.59833e-15
7404  2.59561e-15
7405  2.59299e-15
7406  2.59046e-15
7407  2.58802e-15
7408  2.58568e-15
7409  2.58342e-15
7410  2.58125e-15
7411  2.57917e-15
7412  2.57717e-15
7413  2.57526e-15
7414  2.57343e-15
7415  2.57168e-15
7416  2.57001e-15
7417  2.56841e-15
7418  2.56689e-15
7419  2.56545e-15
7420  2.56407e-15
7421  2.56277e-15
7422  2.56153e-15
7423  2.56036e-15
7424  2.55925e-15
7425  2.55821e-15
7426  2.55722e-15
7427  2.55629e-15
7428  2.55541e-15
7429  2.55459e-15
7430  2.55382e-15
7431  2.5531e-15
7432  2.55242e-15
7433  2.55179e-15
7434  2.5512e-15
7435  2.55065e-15
7436  2.55014e-15
7437  2.54967e-15
7438  2.54923e-15
7439  2.54882e-15
7440  2.54845e-15
7441  2.5481e-15
7442  2.54779e-15
7443  2.54749e-15
7444  2.54723e-15
7445  2.54698e-15
7446  2.54676e-15
7447  2.54656e-15
7448  2.54637e-15
7449  2.54621e-15
7450  2.54606e-15
7451  2.54592e-15
7452  2.5458e-15
7453  2.54569e-15
7454  2.54559e-15
7455  2.5455e-15
7456  2.54542e-15
7457  2.54535e-15
7458  2.54529e-15
7459  2.54524e-15
7460  2.54519e-15
7461  2.54515e-15
7462  2.54511e-15
7463  2.54508e-15
7464  2.54506e-15
7465  2.54503e-15
7466  2.54501e-15
7467  2.54499e-15
7468  2.54498e-15
7469  2.54497e-15
7470  2.54496e-15
7471  2.54495e-15
7472  2.54494e-15
7473  2.54493e-15
7474  2.54493e-15
7475  2.54493e-15
7476  2.54492e-15
7477  2.54492e-15
7478  2.54492e-15
7479  2.54492e-15
7480  2.54491e-15
7481  2.54491e-15
7482  2.54491e-15
7483  2.54491e-15
7484  2.54491e-15
7485  2.54491e-15
7486  2.54491e-15
7487  2.54491e-15
7488  2.54491e-15
7489  2.54491e-15
7490  2.54491e-15
7491  2.54491e-15
7492  2.54491e-15
7493  2.54491e-15
7494  2.54491e-15
7495  2.54491e-15
7496  2.54491e-15
7497  2.54491e-15
7498  2.54491e-15
7499  2.54491e-15
7500  2.54491e-15
7501  2.54491e-15
7502  2.54491e-15
7503  2.54491e-15
7504  2.54491e-15
7505  2.54491e-15
7506  2.54491e-15
7507  2.54491e-15
7508  2.54491e-15