#-9.027634808004734
3359.75  1.60812e-16
3361.17  1.54207e-16
3362.59  1.48308e-16
3364.01  1.4417e-16
3365.43  1.42651e-16
3366.85  1.44251e-16
3368.27  1.49013e-16
3369.7   1.56505e-16
3371.12  1.659e-16
3372.54  1.76134e-16
3373.96  1.86122e-16
3375.38  1.9498e-16
3376.8   2.02212e-16
3378.22  2.07817e-16
3379.64  2.12285e-16
3381.06  2.16484e-16
3382.48  2.21447e-16
3383.9   2.28115e-16
3385.32  2.3708e-16
3386.75  2.48393e-16
3388.17  2.61475e-16
3389.59  2.75173e-16
3391.01  2.87939e-16
3392.43  2.9812e-16
3393.85  3.04284e-16
3395.27  3.05536e-16
3396.69  3.01738e-16
3398.11  2.93601e-16
3399.53  2.82616e-16
3400.95  2.70832e-16
3402.37  2.60526e-16
3403.8   2.53826e-16
3405.22  2.52343e-16
3406.64  2.56905e-16
3408.06  2.67412e-16
3409.48  2.82858e-16
3410.9   3.01499e-16
3412.32  3.21134e-16
3413.74  3.39458e-16
3415.16  3.54409e-16
3416.58  3.6446e-16
3418     3.68814e-16
3419.42  3.67476e-16
3420.85  3.612e-16
3422.27  3.51337e-16
3423.69  3.39614e-16
3425.11  3.27881e-16
3426.53  3.17872e-16
3427.95  3.11004e-16
3429.37  3.08236e-16
3430.79  3.0999e-16
3432.21  3.16138e-16
3433.63  3.26043e-16
3435.05  3.38638e-16
3436.47  3.52541e-16
3437.9   3.66198e-16
3439.32  3.78034e-16
3440.74  3.86616e-16
3442.16  3.90817e-16
3443.58  3.89944e-16
3445     3.83849e-16
3446.42  3.72962e-16
3447.84  3.5828e-16
3449.26  3.41262e-16
3450.68  3.2367e-16
3452.1   3.07357e-16
3453.52  2.9403e-16
3454.95  2.85024e-16
3456.37  2.81125e-16
3457.79  2.82463e-16
3459.21  2.88504e-16
3460.63  2.98142e-16
3462.05  3.09878e-16
3463.47  3.22062e-16
3464.89  3.33155e-16
3466.31  3.41977e-16
3467.73  3.47882e-16
3469.15  3.50848e-16
3470.57  3.5145e-16
3472     3.50729e-16
3473.42  3.49972e-16
3474.84  3.50447e-16
3476.26  3.53131e-16
3477.68  3.58494e-16
3479.1   3.6636e-16
3480.52  3.75889e-16
3481.94  3.8568e-16
3483.36  3.93976e-16
3484.78  3.98948e-16
3486.2   3.99006e-16
3487.62  3.9308e-16
3489.05  3.80831e-16
3490.47  3.62753e-16
3491.89  3.40149e-16
3493.31  3.14975e-16
3494.73  2.89588e-16
3496.15  2.66428e-16
3497.57  2.47689e-16
3498.99  2.35015e-16
3500.41  2.29286e-16
3501.83  2.30509e-16
3503.25  2.37832e-16
3504.67  2.49682e-16
3506.1   2.64001e-16
3507.52  2.78542e-16
3508.94  2.91189e-16
3510.36  3.00239e-16
3511.78  3.04623e-16
3513.2   3.04019e-16
3514.62  2.98851e-16
3516.04  2.90177e-16
3517.46  2.79485e-16
3518.88  2.68437e-16
3520.3   2.58597e-16
3521.72  2.51202e-16
3523.15  2.46997e-16
3524.57  2.46169e-16
3525.99  2.48383e-16
3527.41  2.52908e-16
3528.83  2.58793e-16
3530.25  2.65076e-16
3531.67  2.7097e-16
3533.09  2.75988e-16
3534.51  2.79999e-16
3535.93  2.83199e-16
3537.35  2.86008e-16
3538.77  2.88921e-16
3540.2   2.92344e-16
3541.62  2.96452e-16
3543.04  3.01102e-16
3544.46  3.05814e-16
3545.88  3.09825e-16
3547.3   3.1221e-16
3548.72  3.12047e-16
3550.14  3.08585e-16
3551.56  3.01399e-16
3552.98  2.90491e-16
3554.4   2.76329e-16
3555.82  2.59804e-16
3557.25  2.42129e-16
3558.67  2.24676e-16
3560.09  2.08796e-16
3561.51  1.95631e-16
3562.93  1.85963e-16
3564.35  1.80116e-16
3565.77  1.77921e-16
3567.19  1.78753e-16
3568.61  1.81643e-16
3570.03  1.85423e-16
3571.45  1.88902e-16
3572.87  1.91043e-16
3574.3   1.91098e-16
3575.72  1.88702e-16
3577.14  1.83896e-16
3578.56  1.77098e-16
3579.98  1.69001e-16
3581.4   1.60446e-16
3582.82  1.52276e-16
3584.24  1.452e-16
3585.66  1.39688e-16
3587.08  1.35915e-16
3588.5   1.33763e-16
3589.93  1.3287e-16
3591.35  1.32724e-16
3592.77  1.3277e-16
3594.19  1.32524e-16
3595.61  1.31657e-16
3597.03  1.30044e-16
3598.45  1.27763e-16
3599.87  1.25054e-16
3601.29  1.22252e-16
3602.71  1.19692e-16
3604.13  1.1764e-16
3605.55  1.16223e-16
3606.98  1.15416e-16
3608.4   1.15046e-16
3609.82  1.14837e-16
3611.24  1.14474e-16
3612.66  1.13665e-16
3614.08  1.12203e-16
3615.5   1.10002e-16
3616.92  1.07106e-16
3618.34  1.03682e-16
3619.76  9.9983e-17
3621.18  9.6304e-17
3622.6   9.29373e-17
3624.03  9.01333e-17
3625.45  8.80759e-17
3626.87  8.68746e-17
3628.29  8.6572e-17
3629.71  8.71622e-17
3631.13  8.86134e-17
3632.55  9.08864e-17
3633.97  9.39434e-17
3635.39  9.77426e-17
3636.81  1.0222e-16
3638.23  1.07262e-16
3639.65  1.12683e-16
3641.08  1.18206e-16
3642.5   1.2347e-16
3643.92  1.28053e-16
3645.34  1.31532e-16
3646.76  1.33549e-16
3648.18  1.33885e-16
3649.6   1.32531e-16
3651.02  1.29722e-16
3652.44  1.25942e-16
3653.86  1.21877e-16
3655.28  1.18334e-16
3656.7   1.16119e-16
3658.13  1.15911e-16
3659.55  1.18138e-16
3660.97  1.22883e-16
3662.39  1.29852e-16
3663.81  1.38382e-16
3665.23  1.47529e-16
3666.65  1.56191e-16
3668.07  1.63279e-16
3669.49  1.67878e-16
3670.91  1.69398e-16
3672.33  1.67677e-16
3673.75  1.63013e-16
3675.18  1.56137e-16
3676.6   1.48107e-16
3678.02  1.40153e-16
3679.44  1.33496e-16
3680.86  1.29169e-16
3682.28  1.27863e-16
3683.7   1.29833e-16
3685.12  1.34869e-16
3686.54  1.42346e-16
3687.96  1.51326e-16
3689.38  1.60715e-16
3690.8   1.69424e-16
3692.23  1.7653e-16
3693.65  1.8139e-16
3695.07  1.83713e-16
3696.49  1.83565e-16
3697.91  1.81326e-16
3699.33  1.77603e-16
3700.75  1.73121e-16
3702.17  1.68611e-16
3703.59  1.64718e-16
3705.01  1.61935e-16
3706.43  1.6057e-16
3707.85  1.60752e-16
3709.28  1.62457e-16
3710.7   1.65552e-16
3712.12  1.69844e-16
3713.54  1.75116e-16
3714.96  1.81152e-16
3716.38  1.87747e-16
3717.8   1.94701e-16
3719.22  2.01802e-16
3720.64  2.08818e-16
3722.06  2.15484e-16
3723.48  2.21516e-16
3724.9   2.26629e-16
3726.33  2.30572e-16
3727.75  2.33176e-16
3729.17  2.34388e-16
3730.59  2.34304e-16
3732.01  2.33176e-16
3733.43  2.31403e-16
3734.85  2.29494e-16
3736.27  2.2801e-16
3737.69  2.27502e-16
3739.11  2.28445e-16
3740.53  2.31176e-16
3741.95  2.35859e-16
3743.38  2.42458e-16
3744.8   2.50738e-16
3746.22  2.60284e-16
3747.64  2.70535e-16
3749.06  2.80831e-16
3750.48  2.90464e-16
3751.9   2.9874e-16
3753.32  3.05035e-16
3754.74  3.08855e-16
3756.16  3.09888e-16
3757.58  3.0804e-16
3759     3.03461e-16
3760.43  2.96535e-16
3761.85  2.8786e-16
3763.27  2.78188e-16
3764.69  2.6835e-16
3766.11  2.59177e-16
3767.53  2.51407e-16
3768.95  2.45623e-16
3770.37  2.42206e-16
3771.79  2.41318e-16
3773.21  2.42924e-16
3774.63  2.46832e-16
3776.05  2.52747e-16
3777.48  2.60332e-16
3778.9   2.69249e-16
3780.32  2.79187e-16
3781.74  2.89864e-16
3783.16  3.01012e-16
3784.58  3.12349e-16
3786     3.23561e-16
3787.42  3.34288e-16
3788.84  3.4414e-16
3790.26  3.52731e-16
3791.68  3.59729e-16
3793.1   3.64918e-16
3794.53  3.6824e-16
3795.95  3.6983e-16
3797.37  3.70006e-16
3798.79  3.69237e-16
3800.21  3.6808e-16
3801.63  3.67101e-16
3803.05  3.66795e-16
3804.47  3.67521e-16
3805.89  3.6946e-16
3807.31  3.72604e-16
3808.73  3.76778e-16
3810.15  3.81683e-16
3811.58  3.86951e-16
3813     3.92207e-16
3814.42  3.97116e-16
3815.84  4.01421e-16
3817.26  4.04955e-16
3818.68  4.07648e-16
3820.1   4.0951e-16
3821.52  4.10617e-16
3822.94  4.11091e-16
3824.36  4.11089e-16
3825.78  4.10787e-16
3827.2   4.10379e-16
3828.63  4.10063e-16
3830.05  4.10034e-16
3831.47  4.10468e-16
3832.89  4.11503e-16
3834.31  4.13218e-16
3835.73  4.15613e-16
3837.15  4.18599e-16
3838.57  4.21992e-16
3839.99  4.25528e-16
3841.41  4.2889e-16
3842.83  4.31745e-16
3844.25  4.33792e-16
3845.68  4.34809e-16
3847.1   4.34693e-16
3848.52  4.33489e-16
3849.94  4.31396e-16
3851.36  4.28757e-16
3852.78  4.26016e-16
3854.2   4.23673e-16
3855.62  4.22213e-16
3857.04  4.22045e-16
3858.46  4.23445e-16
3859.88  4.26514e-16
3861.3   4.31169e-16
3862.73  4.37147e-16
3864.15  4.44048e-16
3865.57  4.51388e-16
3866.99  4.58661e-16
3868.41  4.6541e-16
3869.83  4.71276e-16
3871.25  4.76034e-16
3872.67  4.79612e-16
3874.09  4.82072e-16
3875.51  4.83589e-16
3876.93  4.84402e-16
3878.36  4.84775e-16
3879.78  4.84947e-16
3881.2   4.85108e-16
3882.62  4.85383e-16
3884.04  4.85829e-16
3885.46  4.86453e-16
3886.88  4.87225e-16
3888.3   4.88101e-16
3889.72  4.89036e-16
3891.14  4.89988e-16
3892.56  4.90911e-16
3893.98  4.91747e-16
3895.41  4.92413e-16
3896.83  4.92794e-16
3898.25  4.92746e-16
3899.67  4.92113e-16
3901.09  4.90753e-16
3902.51  4.88576e-16
3903.93  4.85571e-16
3905.35  4.81833e-16
3906.77  4.77568e-16
3908.19  4.73068e-16
3909.61  4.6868e-16
3911.03  4.64741e-16
3912.46  4.61526e-16
3913.88  4.59187e-16
3915.3   4.57727e-16
3916.72  4.56993e-16
3918.14  4.56708e-16
3919.56  4.56526e-16
3920.98  4.56101e-16
3922.4   4.55158e-16
3923.82  4.53551e-16
3925.24  4.5128e-16
3926.66  4.48491e-16
3928.08  4.45434e-16
3929.51  4.42399e-16
3930.93  4.39657e-16
3932.35  4.37405e-16
3933.77  4.35736e-16
3935.19  4.34645e-16
3936.61  4.34053e-16
3938.03  4.33856e-16
3939.45  4.33974e-16
3940.87  4.34385e-16
3942.29  4.35138e-16
3943.71  4.3633e-16
3945.13  4.38068e-16
3946.56  4.40408e-16
3947.98  4.43303e-16
3949.4   4.4657e-16
3950.82  4.49882e-16
3952.24  4.52805e-16
3953.66  4.54864e-16
3955.08  4.55629e-16
3956.5   4.54803e-16
3957.92  4.52302e-16
3959.34  4.48287e-16
3960.76  4.43166e-16
3962.18  4.37535e-16
3963.61  4.32097e-16
3965.03  4.27541e-16
3966.45  4.2443e-16
3967.87  4.23108e-16
3969.29  4.23645e-16
3970.71  4.25827e-16
3972.13  4.29205e-16
3973.55  4.3318e-16
3974.97  4.37106e-16
3976.39  4.40409e-16
3977.81  4.4267e-16
3979.23  4.43686e-16
3980.66  4.43479e-16
3982.08  4.42264e-16
3983.5   4.40386e-16
3984.92  4.38241e-16
3986.34  4.36196e-16
3987.76  4.34537e-16
3989.18  4.33441e-16
3990.6   4.3298e-16
3992.02  4.33156e-16
3993.44  4.33944e-16
3994.86  4.35332e-16
3996.28  4.37351e-16
3997.71  4.40072e-16
3999.13  4.43578e-16
4000.55  4.47912e-16
4001.97  4.53027e-16
4003.39  4.5873e-16
4004.81  4.64666e-16
4006.23  4.70329e-16
4007.65  4.75117e-16
4009.07  4.78419e-16
4010.49  4.79723e-16
4011.91  4.78718e-16
4013.33  4.75379e-16
4014.76  4.70003e-16
4016.18  4.63193e-16
4017.6   4.5579e-16
4019.02  4.48753e-16
4020.44  4.43019e-16
4021.86  4.39354e-16
4023.28  4.38234e-16
4024.7   4.39767e-16
4026.12  4.4368e-16
4027.54  4.4936e-16
4028.96  4.55961e-16
4030.38  4.62536e-16
4031.81  4.68188e-16
4033.23  4.72203e-16
4034.65  4.74149e-16
4036.07  4.73923e-16
4037.49  4.71745e-16
4038.91  4.68092e-16
4040.33  4.63601e-16
4041.75  4.58953e-16
4043.17  4.54757e-16
4044.59  4.51457e-16
4046.01  4.49279e-16
4047.43  4.48217e-16
4048.86  4.48063e-16
4050.28  4.48462e-16
4051.7   4.48995e-16
4053.12  4.49252e-16
4054.54  4.48899e-16
4055.96  4.47717e-16
4057.38  4.45621e-16
4058.8   4.4264e-16
4060.22  4.38894e-16
4061.64  4.34551e-16
4063.06  4.29793e-16
4064.48  4.24789e-16
4065.91  4.19679e-16
4067.33  4.14581e-16
4068.75  4.09593e-16
4070.17  4.04815e-16
4071.59  4.00348e-16
4073.01  3.96304e-16
4074.43  3.92787e-16
4075.85  3.89884e-16
4077.27  3.87636e-16
4078.69  3.86026e-16
4080.11  3.84966e-16
4081.53  3.84304e-16
4082.96  3.83841e-16
4084.38  3.83358e-16
4085.8   3.82656e-16
4087.22  3.8159e-16
4088.64  3.80095e-16
4090.06  3.78201e-16
4091.48  3.76027e-16
4092.9   3.73762e-16
4094.32  3.71629e-16
4095.74  3.69845e-16
4097.16  3.68584e-16
4098.58  3.6794e-16
4100.01  3.67916e-16
4101.43  3.68422e-16
4102.85  3.69287e-16
4104.27  3.70294e-16
4105.69  3.71208e-16
4107.11  3.71816e-16
4108.53  3.71948e-16
4109.95  3.71498e-16
4111.37  3.70429e-16
4112.79  3.68766e-16
4114.21  3.66587e-16
4115.63  3.64005e-16
4117.06  3.61153e-16
4118.48  3.58172e-16
4119.9   3.55204e-16
4121.32  3.52387e-16
4122.74  3.49852e-16
4124.16  3.47714e-16
4125.58  3.46068e-16
4127     3.44974e-16
4128.42  3.44444e-16
4129.84  3.44423e-16
4131.26  3.44783e-16
4132.68  3.45322e-16
4134.11  3.45775e-16
4135.53  3.4584e-16
4136.95  3.45214e-16
4138.37  3.43643e-16
4139.79  3.40963e-16
4141.21  3.37136e-16
4142.63  3.32275e-16
4144.05  3.26637e-16
4145.47  3.20601e-16
4146.89  3.14619e-16
4148.31  3.09154e-16
4149.74  3.04613e-16
4151.16  3.01283e-16
4152.58  2.99293e-16
4154     2.98589e-16
4155.42  2.98948e-16
4156.84  3.00014e-16
4158.26  3.01361e-16
4159.68  3.0256e-16
4161.1   3.03244e-16
4162.52  3.03169e-16
4163.94  3.02239e-16
4165.36  3.0051e-16
4166.79  2.98165e-16
4168.21  2.95468e-16
4169.63  2.92704e-16
4171.05  2.90119e-16
4172.47  2.8787e-16
4173.89  2.86e-16
4175.31  2.84431e-16
4176.73  2.82984e-16
4178.15  2.8142e-16
4179.57  2.79495e-16
4180.99  2.7701e-16
4182.41  2.73858e-16
4183.84  2.70053e-16
4185.26  2.65729e-16
4186.68  2.6113e-16
4188.1   2.56565e-16
4189.52  2.52361e-16
4190.94  2.48804e-16
4192.36  2.46096e-16
4193.78  2.44317e-16
4195.2   2.43415e-16
4196.62  2.43214e-16
4198.04  2.43445e-16
4199.46  2.43797e-16
4200.89  2.43963e-16
4202.31  2.437e-16
4203.73  2.42862e-16
4205.15  2.41426e-16
4206.57  2.39493e-16
4207.99  2.37269e-16
4209.41  2.35024e-16
4210.83  2.33051e-16
4212.25  2.31609e-16
4213.67  2.3088e-16
4215.09  2.30943e-16
4216.51  2.3175e-16
4217.94  2.33146e-16
4219.36  2.34883e-16
4220.78  2.36668e-16
4222.2   2.38208e-16
4223.62  2.39255e-16
4225.04  2.39645e-16
4226.46  2.39322e-16
4227.88  2.38341e-16
4229.3   2.36856e-16
4230.72  2.35095e-16
4232.14  2.33318e-16
4233.56  2.31782e-16
4234.99  2.30703e-16
4236.41  2.30229e-16
4237.83  2.30422e-16
4239.25  2.31254e-16
4240.67  2.32617e-16
4242.09  2.34335e-16
4243.51  2.3619e-16
4244.93  2.37954e-16
4246.35  2.39413e-16
4247.77  2.40399e-16
4249.19  2.40814e-16
4250.61  2.40651e-16
4252.04  2.39994e-16
4253.46  2.39018e-16
4254.88  2.37966e-16
4256.3   2.37115e-16
4257.72  2.36734e-16
4259.14  2.37042e-16
4260.56  2.38161e-16
4261.98  2.40094e-16
4263.4   2.42716e-16
4264.82  2.45781e-16
4266.24  2.48963e-16
4267.66  2.51905e-16
4269.09  2.54276e-16
4270.51  2.55829e-16
4271.93  2.56449e-16
4273.35  2.56173e-16
4274.77  2.55193e-16
4276.19  2.53826e-16
4277.61  2.52471e-16
4279.03  2.51541e-16
4280.45  2.51404e-16
4281.87  2.52318e-16
4283.29  2.54394e-16
4284.71  2.57575e-16
4286.14  2.61643e-16
4287.56  2.66251e-16
4288.98  2.70972e-16
4290.4   2.75359e-16
4291.82  2.79009e-16
4293.24  2.8161e-16
4294.66  2.82982e-16
4296.08  2.83091e-16
4297.5   2.82048e-16
4298.92  2.80085e-16
4300.34  2.77521e-16
4301.76  2.7472e-16
4303.19  2.72042e-16
4304.61  2.69809e-16
4306.03  2.68271e-16
4307.45  2.67581e-16
4308.87  2.67792e-16
4310.29  2.68849e-16
4311.71  2.70613e-16
4313.13  2.72872e-16
4314.55  2.7538e-16
4315.97  2.77882e-16
4317.39  2.80148e-16
4318.81  2.82005e-16
4320.24  2.83354e-16
4321.66  2.84175e-16
4323.08  2.8453e-16
4324.5   2.84537e-16
4325.92  2.84349e-16
4327.34  2.84112e-16
4328.76  2.83943e-16
4330.18  2.83896e-16
4331.6   2.83947e-16
4333.02  2.83998e-16
4334.44  2.83884e-16
4335.86  2.83402e-16
4337.29  2.82339e-16
4338.71  2.80508e-16
4340.13  2.77782e-16
4341.55  2.74111e-16
4342.97  2.6954e-16
4344.39  2.64208e-16
4345.81  2.58338e-16
4347.23  2.52213e-16
4348.65  2.46151e-16
4350.07  2.40471e-16
4351.49  2.35456e-16
4352.91  2.31325e-16
4354.34  2.28214e-16
4355.76  2.26159e-16
4357.18  2.251e-16
4358.6   2.24898e-16
4360.02  2.25357e-16
4361.44  2.26264e-16
4362.86  2.27423e-16
4364.28  2.28688e-16
4365.7   2.29987e-16
4367.12  2.31329e-16
4368.54  2.328e-16
4369.96  2.34532e-16
4371.39  2.36672e-16
4372.81  2.3934e-16
4374.23  2.42591e-16
4375.65  2.46394e-16
4377.07  2.50616e-16
4378.49  2.55039e-16
4379.91  2.59385e-16
4381.33  2.63359e-16
4382.75  2.66697e-16
4384.17  2.69209e-16
4385.59  2.70815e-16
4387.01  2.71564e-16
4388.44  2.71629e-16
4389.86  2.71288e-16
4391.28  2.70883e-16
4392.7   2.70769e-16
4394.12  2.71262e-16
4395.54  2.7259e-16
4396.96  2.74851e-16
4398.38  2.78e-16
4399.8   2.81845e-16
4401.22  2.86074e-16
4402.64  2.90294e-16
4404.06  2.94088e-16
4405.49  2.97072e-16
4406.91  2.98947e-16
4408.33  2.9955e-16
4409.75  2.98875e-16
4411.17  2.97082e-16
4412.59  2.94479e-16
4414.01  2.9149e-16
4415.43  2.88603e-16
4416.85  2.86311e-16
4418.27  2.85057e-16
4419.69  2.85176e-16
4421.11  2.86857e-16
4422.54  2.90116e-16
4423.96  2.94788e-16
4425.38  3.00549e-16
4426.8   3.06942e-16
4428.22  3.13432e-16
4429.64  3.19463e-16
4431.06  3.24522e-16
4432.48  3.28203e-16
4433.9   3.30252e-16
4435.32  3.30599e-16
4436.74  3.29365e-16
4438.17  3.26841e-16
4439.59  3.23443e-16
4441.01  3.19655e-16
4442.43  3.15951e-16
4443.85  3.12737e-16
4445.27  3.10288e-16
4446.69  3.08723e-16
4448.11  3.08003e-16
4449.53  3.07948e-16
4450.95  3.08293e-16
4452.37  3.08739e-16
4453.79  3.09017e-16
4455.22  3.08932e-16
4456.64  3.08397e-16
4458.06  3.07436e-16
4459.48  3.06165e-16
4460.9   3.0476e-16
4462.32  3.03413e-16
4463.74  3.02288e-16
4465.16  3.01486e-16
4466.58  3.01028e-16
4468     3.00853e-16
4469.42  3.00832e-16
4470.84  3.00793e-16
4472.27  3.00553e-16
4473.69  2.9995e-16
4475.11  2.98867e-16
4476.53  2.97249e-16
4477.95  2.95112e-16
4479.37  2.92538e-16
4480.79  2.89665e-16
4482.21  2.86666e-16
4483.63  2.83729e-16
4485.05  2.81032e-16
4486.47  2.7872e-16
4487.89  2.76885e-16
4489.32  2.75562e-16
4490.74  2.74724e-16
4492.16  2.7429e-16
4493.58  2.7415e-16
4495     2.74186e-16
4496.42  2.74298e-16
4497.84  2.74425e-16
4499.26  2.7456e-16
4500.68  2.74746e-16
4502.1   2.75071e-16
4503.52  2.75636e-16
4504.94  2.76538e-16
4506.37  2.77832e-16
4507.79  2.79522e-16
4509.21  2.81542e-16
4510.63  2.83767e-16
4512.05  2.86027e-16
4513.47  2.88136e-16
4514.89  2.89916e-16
4516.31  2.91232e-16
4517.73  2.92003e-16
4519.15  2.92216e-16
4520.57  2.9192e-16
4521.99  2.91206e-16
4523.42  2.90185e-16
4524.84  2.88961e-16
4526.26  2.87614e-16
4527.68  2.86179e-16
4529.1   2.84656e-16
4530.52  2.83019e-16
4531.94  2.81242e-16
4533.36  2.79328e-16
4534.78  2.77334e-16
4536.2   2.75392e-16
4537.62  2.73701e-16
4539.04  2.72515e-16
4540.47  2.72102e-16
4541.89  2.72695e-16
4543.31  2.74439e-16
4544.73  2.77347e-16
4546.15  2.81268e-16
4547.57  2.8589e-16
4548.99  2.90762e-16
4550.41  2.95346e-16
4551.83  2.99091e-16
4553.25  3.01509e-16
4554.67  3.02251e-16
4556.09  3.01163e-16
4557.52  2.98318e-16
4558.94  2.94009e-16
4560.36  2.88718e-16
4561.78  2.83057e-16
4563.2   2.77684e-16
4564.62  2.73218e-16
4566.04  2.70166e-16
4567.46  2.68851e-16
4568.88  2.69381e-16
4570.3   2.71637e-16
4571.72  2.75291e-16
4573.14  2.79858e-16
4574.57  2.84752e-16
4575.99  2.89368e-16
4577.41  2.93156e-16
4578.83  2.95684e-16
4580.25  2.96691e-16
4581.67  2.96112e-16
4583.09  2.94077e-16
4584.51  2.90879e-16
4585.93  2.8693e-16
4587.35  2.82694e-16
4588.77  2.78609e-16
4590.19  2.75032e-16
4591.62  2.72175e-16
4593.04  2.70086e-16
4594.46  2.68649e-16
4595.88  2.67607e-16
4597.3   2.6662e-16
4598.72  2.6533e-16
4600.14  2.63431e-16
4601.56  2.60726e-16
4602.98  2.57169e-16
4604.4   2.52874e-16
4605.82  2.48104e-16
4607.24  2.4322e-16
4608.67  2.3863e-16
4610.09  2.34714e-16
4611.51  2.31768e-16
4612.93  2.29955e-16
4614.35  2.2928e-16
4615.77  2.29597e-16
4617.19  2.30634e-16
4618.61  2.32041e-16
4620.03  2.33455e-16
4621.45  2.34555e-16
4622.87  2.35114e-16
4624.29  2.35039e-16
4625.72  2.34376e-16
4627.14  2.333e-16
4628.56  2.3208e-16
4629.98  2.31028e-16
4631.4   2.30444e-16
4632.82  2.30557e-16
4634.24  2.31488e-16
4635.66  2.33222e-16
4637.08  2.35605e-16
4638.5   2.38371e-16
4639.92  2.41174e-16
4641.34  2.43646e-16
4642.77  2.45449e-16
4644.19  2.46322e-16
4645.61  2.46121e-16
4647.03  2.44832e-16
4648.45  2.42572e-16
4649.87  2.39563e-16
4651.29  2.36099e-16
4652.71  2.32503e-16
4654.13  2.29085e-16
4655.55  2.26103e-16
4656.97  2.23743e-16
4658.39  2.22105e-16
4659.82  2.21207e-16
4661.24  2.21e-16
4662.66  2.21385e-16
4664.08  2.22236e-16
4665.5   2.23419e-16
4666.92  2.2481e-16
4668.34  2.26303e-16
4669.76  2.27812e-16
4671.18  2.29268e-16
4672.6   2.30617e-16
4674.02  2.31811e-16
4675.44  2.32801e-16
4676.87  2.33539e-16
4678.29  2.33974e-16
4679.71  2.34059e-16
4681.13  2.33761e-16
4682.55  2.33065e-16
4683.97  2.3199e-16
4685.39  2.3059e-16
4686.81  2.2896e-16
4688.23  2.27233e-16
4689.65  2.25569e-16
4691.07  2.24142e-16
4692.49  2.23121e-16
4693.92  2.22654e-16
4695.34  2.22842e-16
4696.76  2.23728e-16
4698.18  2.25286e-16
4699.6   2.27412e-16
4701.02  2.29933e-16
4702.44  2.32618e-16
4703.86  2.35198e-16
4705.28  2.37394e-16
4706.7   2.3895e-16
4708.12  2.39664e-16
4709.55  2.39423e-16
4710.97  2.38227e-16
4712.39  2.36201e-16
4713.81  2.33597e-16
4715.23  2.30772e-16
4716.65  2.28156e-16
4718.07  2.26202e-16
4719.49  2.25319e-16
4720.91  2.25816e-16
4722.33  2.27841e-16
4723.75  2.31347e-16
4725.17  2.36071e-16
4726.6   2.41561e-16
4728.02  2.47217e-16
4729.44  2.52371e-16
4730.86  2.56377e-16
4732.28  2.5871e-16
4733.7   2.59044e-16
4735.12  2.5731e-16
4736.54  2.53713e-16
4737.96  2.487e-16
4739.38  2.429e-16
4740.8   2.37026e-16
4742.22  2.31767e-16
4743.65  2.27684e-16
4745.07  2.25135e-16
4746.49  2.24223e-16
4747.91  2.24803e-16
4749.33  2.26511e-16
4750.75  2.28845e-16
4752.17  2.31249e-16
4753.59  2.33205e-16
4755.01  2.34317e-16
4756.43  2.34361e-16
4757.85  2.33309e-16
4759.27  2.31313e-16
4760.7   2.28664e-16
4762.12  2.25732e-16
4763.54  2.22898e-16
4764.96  2.20485e-16
4766.38  2.18719e-16
4767.8   2.17694e-16
4769.22  2.1738e-16
4770.64  2.17643e-16
4772.06  2.18281e-16
4773.48  2.19077e-16
4774.9   2.19839e-16
4776.32  2.20435e-16
4777.75  2.20812e-16
4779.17  2.2099e-16
4780.59  2.21045e-16
4782.01  2.21079e-16
4783.43  2.21182e-16
4784.85  2.21402e-16
4786.27  2.2172e-16
4787.69  2.22044e-16
4789.11  2.22222e-16
4790.53  2.22067e-16
4791.95  2.2139e-16
4793.37  2.20046e-16
4794.8   2.17969e-16
4796.22  2.15193e-16
4797.64  2.11865e-16
4799.06  2.08225e-16
4800.48  2.0458e-16
4801.9   2.01254e-16
4803.32  1.98537e-16
4804.74  1.96634e-16
4806.16  1.9563e-16
4807.58  1.95474e-16
4809     1.95983e-16
4810.42  1.96883e-16
4811.85  1.97846e-16
4813.27  1.98558e-16
4814.69  1.98771e-16
4816.11  1.98344e-16
4817.53  1.97266e-16
4818.95  1.95653e-16
4820.37  1.93717e-16
4821.79  1.91725e-16
4823.21  1.89945e-16
4824.63  1.88595e-16
4826.05  1.87806e-16
4827.47  1.87604e-16
4828.9   1.87917e-16
4830.32  1.88592e-16
4831.74  1.89442e-16
4833.16  1.90279e-16
4834.58  1.90961e-16
4836     1.91413e-16
4837.42  1.91639e-16
4838.84  1.91716e-16
4840.26  1.91764e-16
4841.68  1.91919e-16
4843.1   1.92294e-16
4844.52  1.92947e-16
4845.95  1.93864e-16
4847.37  1.94955e-16
4848.79  1.96062e-16
4850.21  1.96987e-16
4851.63  1.97527e-16
4853.05  1.97501e-16
4854.47  1.96791e-16
4855.89  1.95358e-16
4857.31  1.93252e-16
4858.73  1.9061e-16
4860.15  1.87634e-16
4861.57  1.8457e-16
4863     1.81674e-16
4864.42  1.79184e-16
4865.84  1.77291e-16
4867.26  1.76121e-16
4868.68  1.75731e-16
4870.1   1.76104e-16
4871.52  1.77165e-16
4872.94  1.78793e-16
4874.36  1.80839e-16
4875.78  1.83147e-16
4877.2   1.85566e-16
4878.62  1.87958e-16
4880.05  1.90207e-16
4881.47  1.92212e-16
4882.89  1.93885e-16
4884.31  1.95146e-16
4885.73  1.95918e-16
4887.15  1.96128e-16
4888.57  1.95713e-16
4889.99  1.94633e-16
4891.41  1.92879e-16
4892.83  1.90491e-16
4894.25  1.87566e-16
4895.67  1.84264e-16
4897.1   1.80798e-16
4898.52  1.77418e-16
4899.94  1.74388e-16
4901.36  1.71954e-16
4902.78  1.7031e-16
4904.2   1.69577e-16
4905.62  1.69781e-16
4907.04  1.70851e-16
4908.46  1.7263e-16
4909.88  1.74898e-16
4911.3   1.77402e-16
4912.72  1.79898e-16
4914.15  1.82175e-16
4915.57  1.8409e-16
4916.99  1.85567e-16
4918.41  1.86608e-16
4919.83  1.87264e-16
4921.25  1.87623e-16
4922.67  1.87773e-16
4924.09  1.87785e-16
4925.51  1.87689e-16
4926.93  1.87479e-16
4928.35  1.87114e-16
4929.77  1.86539e-16
4931.2   1.85716e-16
4932.62  1.84641e-16
4934.04  1.83372e-16
4935.46  1.82031e-16
4936.88  1.80804e-16
4938.3   1.79917e-16
4939.72  1.79609e-16
4941.14  1.80091e-16
4942.56  1.81513e-16
4943.98  1.83929e-16
4945.4   1.87285e-16
4946.82  1.91412e-16
4948.25  1.96051e-16
4949.67  2.00878e-16
4951.09  2.05555e-16
4952.51  2.09767e-16
4953.93  2.13275e-16
4955.35  2.15939e-16
4956.77  2.17739e-16
4958.19  2.18767e-16
4959.61  2.19205e-16
4961.03  2.19292e-16
4962.45  2.19277e-16
4963.87  2.19375e-16
4965.3   2.19733e-16
4966.72  2.20406e-16
4968.14  2.2135e-16
4969.56  2.22435e-16
4970.98  2.23474e-16
4972.4   2.24254e-16
4973.82  2.24583e-16
4975.24  2.24325e-16
4976.66  2.23424e-16
4978.08  2.21925e-16
4979.5   2.19964e-16
4980.93  2.17756e-16
4982.35  2.1556e-16
4983.77  2.13643e-16
4985.19  2.12238e-16
4986.61  2.11513e-16
4988.03  2.11542e-16
4989.45  2.123e-16
4990.87  2.13662e-16
4992.29  2.15431e-16
4993.71  2.17364e-16
4995.13  2.19212e-16
4996.55  2.20759e-16
4997.98  2.21855e-16
4999.4   2.22437e-16
5000.82  2.22539e-16
5002.24  2.22284e-16
5003.66  2.21864e-16
5005.08  2.21502e-16
5006.5   2.21418e-16
5007.92  2.2179e-16
5009.34  2.22719e-16
5010.76  2.24213e-16
5012.18  2.26183e-16
5013.6   2.28457e-16
5015.03  2.30812e-16
5016.45  2.33004e-16
5017.87  2.34818e-16
5019.29  2.36102e-16
5020.71  2.3679e-16
5022.13  2.36914e-16
5023.55  2.36598e-16
5024.97  2.36031e-16
5026.39  2.35432e-16
5027.81  2.35008e-16
5029.23  2.34918e-16
5030.65  2.35238e-16
5032.08  2.35953e-16
5033.5   2.36954e-16
5034.92  2.38061e-16
5036.34  2.39056e-16
5037.76  2.39722e-16
5039.18  2.39887e-16
5040.6   2.39452e-16
5042.02  2.38416e-16
5043.44  2.36872e-16
5044.86  2.35001e-16
5046.28  2.33037e-16
5047.7   2.31232e-16
5049.13  2.2982e-16
5050.55  2.28976e-16
5051.97  2.28794e-16
5053.39  2.29275e-16
5054.81  2.30325e-16
5056.23  2.31775e-16
5057.65  2.33398e-16
5059.07  2.34945e-16
5060.49  2.36173e-16
5061.91  2.36874e-16
5063.33  2.36898e-16
5064.75  2.36169e-16
5066.18  2.3469e-16
5067.6   2.32547e-16
5069.02  2.29902e-16
5070.44  2.26974e-16
5071.86  2.2402e-16
5073.28  2.21313e-16
5074.7   2.19109e-16
5076.12  2.1762e-16
5077.54  2.16989e-16
5078.96  2.17268e-16
5080.38  2.18416e-16
5081.8   2.20294e-16
5083.23  2.22686e-16
5084.65  2.25326e-16
5086.07  2.27925e-16
5087.49  2.30212e-16
5088.91  2.31961e-16
5090.33  2.33017e-16
5091.75  2.33308e-16
5093.17  2.32844e-16
5094.59  2.31713e-16
5096.01  2.30062e-16
5097.43  2.28079e-16
5098.85  2.25973e-16
5100.28  2.23949e-16
5101.7   2.22196e-16
5103.12  2.20865e-16
5104.54  2.20054e-16
5105.96  2.19801e-16
5107.38  2.20069e-16
5108.8   2.20747e-16
5110.22  2.21663e-16
5111.64  2.22591e-16
5113.06  2.23288e-16
5114.48  2.23526e-16
5115.9   2.23127e-16
5117.33  2.22002e-16
5118.75  2.20174e-16
5120.17  2.17784e-16
5121.59  2.15085e-16
5123.01  2.12407e-16
5124.43  2.10112e-16
5125.85  2.08541e-16
5127.27  2.07961e-16
5128.69  2.08514e-16
5130.11  2.10191e-16
5131.53  2.12831e-16
5132.95  2.16133e-16
5134.38  2.19696e-16
5135.8   2.23077e-16
5137.22  2.25846e-16
5138.64  2.27649e-16
5140.06  2.28249e-16
5141.48  2.27556e-16
5142.9   2.25636e-16
5144.32  2.22697e-16
5145.74  2.19057e-16
5147.16  2.15103e-16
5148.58  2.11241e-16
5150     2.07848e-16
5151.43  2.05227e-16
5152.85  2.03579e-16
5154.27  2.02983e-16
5155.69  2.03389e-16
5157.11  2.04636e-16
5158.53  2.06467e-16
5159.95  2.0857e-16
5161.37  2.10618e-16
5162.79  2.12311e-16
5164.21  2.13415e-16
5165.63  2.13796e-16
5167.05  2.13437e-16
5168.48  2.12434e-16
5169.9   2.10983e-16
5171.32  2.09344e-16
5172.74  2.07799e-16
5174.16  2.06597e-16
5175.58  2.05917e-16
5177     2.05829e-16
5178.42  2.06279e-16
5179.84  2.07103e-16
5181.26  2.08046e-16
5182.68  2.08814e-16
5184.1   2.09122e-16
5185.53  2.08752e-16
5186.95  2.07586e-16
5188.37  2.05643e-16
5189.79  2.03067e-16
5191.21  2.00117e-16
5192.63  1.97118e-16
5194.05  1.94414e-16
5195.47  1.92309e-16
5196.89  1.91019e-16
5198.31  1.90635e-16
5199.73  1.91113e-16
5201.15  1.9228e-16
5202.58  1.93861e-16
5204     1.95532e-16
5205.42  1.96962e-16
5206.84  1.97875e-16
5208.26  1.98086e-16
5209.68  1.97532e-16
5211.1   1.96279e-16
5212.52  1.94508e-16
5213.94  1.9249e-16
5215.36  1.90537e-16
5216.78  1.88959e-16
5218.2   1.88016e-16
5219.63  1.87877e-16
5221.05  1.88599e-16
5222.47  1.90114e-16
5223.89  1.92237e-16
5225.31  1.94696e-16
5226.73  1.97158e-16
5228.15  1.99278e-16
5229.57  2.00741e-16
5230.99  2.01295e-16
5232.41  2.00786e-16
5233.83  1.99167e-16
5235.25  1.96507e-16
5236.68  1.92975e-16
5238.1   1.88823e-16
5239.52  1.84357e-16
5240.94  1.79909e-16
5242.36  1.75807e-16
5243.78  1.72352e-16
5245.2   1.69791e-16
5246.62  1.68307e-16
5248.04  1.68e-16
5249.46  1.68881e-16
5250.88  1.70868e-16
5252.3   1.73783e-16
5253.73  1.77361e-16
5255.15  1.81269e-16
5256.57  1.85126e-16
5257.99  1.8854e-16
5259.41  1.91151e-16
5260.83  1.92671e-16
5262.25  1.92922e-16
5263.67  1.91868e-16
5265.09  1.8962e-16
5266.51  1.8643e-16
5267.93  1.82655e-16
5269.36  1.78717e-16
5270.78  1.75042e-16
5272.2   1.72003e-16
5273.62  1.6987e-16
5275.04  1.68783e-16
5276.46  1.68739e-16
5277.88  1.69606e-16
5279.3   1.71157e-16
5280.72  1.73109e-16
5282.14  1.7518e-16
5283.56  1.7712e-16
5284.98  1.78751e-16
5286.41  1.7997e-16
5287.83  1.80753e-16
5289.25  1.81132e-16
5290.67  1.81171e-16
5292.09  1.80943e-16
5293.51  1.80511e-16
5294.93  1.79916e-16
5296.35  1.79183e-16
5297.77  1.78325e-16
5299.19  1.77368e-16
5300.61  1.76355e-16
5302.03  1.75357e-16
5303.46  1.74474e-16
5304.88  1.73818e-16
5306.3   1.73503e-16
5307.72  1.73612e-16
5309.14  1.74188e-16
5310.56  1.75209e-16
5311.98  1.7659e-16
5313.4   1.78184e-16
5314.82  1.79801e-16
5316.24  1.81229e-16
5317.66  1.82265e-16
5319.08  1.8274e-16
5320.51  1.82546e-16
5321.93  1.81653e-16
5323.35  1.80113e-16
5324.77  1.78063e-16
5326.19  1.75707e-16
5327.61  1.73296e-16
5329.03  1.71095e-16
5330.45  1.69352e-16
5331.87  1.6826e-16
5333.29  1.67932e-16
5334.71  1.68375e-16
5336.13  1.69487e-16
5337.56  1.71065e-16
5338.98  1.72826e-16
5340.4   1.74448e-16
5341.82  1.75614e-16
5343.24  1.76063e-16
5344.66  1.75636e-16
5346.08  1.74299e-16
5347.5   1.72167e-16
5348.92  1.69481e-16
5350.34  1.66585e-16
5351.76  1.63871e-16
5353.18  1.61721e-16
5354.61  1.6044e-16
5356.03  1.60212e-16
5357.45  1.61058e-16
5358.87  1.62833e-16
5360.29  1.65242e-16
5361.71  1.67885e-16
5363.13  1.7032e-16
5364.55  1.72134e-16
5365.97  1.73011e-16
5367.39  1.72791e-16
5368.81  1.71499e-16
5370.23  1.69348e-16
5371.66  1.66714e-16
5373.08  1.64074e-16
5374.5   1.6194e-16
5375.92  1.60769e-16
5377.34  1.60895e-16
5378.76  1.6246e-16
5380.18  1.65392e-16
5381.6   1.69401e-16
5383.02  1.74018e-16
5384.44  1.7866e-16
5385.86  1.82714e-16
5387.28  1.8563e-16
5388.71  1.87004e-16
5390.13  1.86637e-16
5391.55  1.84562e-16
5392.97  1.81039e-16
5394.39  1.76507e-16
5395.81  1.71517e-16
5397.23  1.66638e-16
5398.65  1.6238e-16
5400.07  1.59111e-16
5401.49  1.57019e-16
5402.91  1.56094e-16
5404.33  1.56144e-16
5405.76  1.5685e-16
5407.18  1.57825e-16
5408.6   1.5869e-16
5410.02  1.59144e-16
5411.44  1.59017e-16
5412.86  1.58292e-16
5414.28  1.5711e-16
5415.7   1.55738e-16
5417.12  1.54521e-16
5418.54  1.53817e-16
5419.96  1.5393e-16
5421.38  1.55048e-16
5422.81  1.57208e-16
5424.23  1.60279e-16
5425.65  1.63972e-16
5427.07  1.6788e-16
5428.49  1.71541e-16
5429.91  1.74505e-16
5431.33  1.76402e-16
5432.75  1.77005e-16
5434.17  1.76263e-16
5435.59  1.74311e-16
5437.01  1.71449e-16
5438.43  1.68097e-16
5439.86  1.64735e-16
5441.28  1.61827e-16
5442.7   1.59756e-16
5444.12  1.58772e-16
5445.54  1.58958e-16
5446.96  1.60223e-16
5448.38  1.62325e-16
5449.8   1.64906e-16
5451.22  1.67554e-16
5452.64  1.69862e-16
5454.06  1.71485e-16
5455.48  1.72191e-16
5456.91  1.71887e-16
5458.33  1.70626e-16
5459.75  1.68598e-16
5461.17  1.66095e-16
5462.59  1.63466e-16
5464.01  1.61071e-16
5465.43  1.59223e-16
5466.85  1.5815e-16
5468.27  1.57966e-16
5469.69  1.58656e-16
5471.11  1.6008e-16
5472.53  1.61995e-16
5473.96  1.64086e-16
5475.38  1.66011e-16
5476.8   1.67444e-16
5478.22  1.68113e-16
5479.64  1.6784e-16
5481.06  1.66556e-16
5482.48  1.64312e-16
5483.9   1.61272e-16
5485.32  1.57692e-16
5486.74  1.53892e-16
5488.16  1.50218e-16
5489.58  1.47008e-16
5491.01  1.44551e-16
5492.43  1.43057e-16
5493.85  1.4264e-16
5495.27  1.43301e-16
5496.69  1.44931e-16
5498.11  1.47324e-16
5499.53  1.50199e-16
5500.95  1.53229e-16
5502.37  1.56086e-16
5503.79  1.58472e-16
5505.21  1.60164e-16
5506.63  1.61037e-16
5508.06  1.61084e-16
5509.48  1.6042e-16
5510.9   1.5926e-16
5512.32  1.57896e-16
5513.74  1.5665e-16
5515.16  1.55827e-16
5516.58  1.55666e-16
5518     1.56307e-16
5519.42  1.57766e-16
5520.84  1.59931e-16
5522.26  1.62578e-16
5523.68  1.65408e-16
5525.11  1.68087e-16
5526.53  1.70299e-16
5527.95  1.7179e-16
5529.37  1.72404e-16
5530.79  1.72106e-16
5532.21  1.70981e-16
5533.63  1.69227e-16
5535.05  1.67122e-16
5536.47  1.64993e-16
5537.89  1.63168e-16
5539.31  1.61943e-16
5540.74  1.6154e-16
5542.16  1.62086e-16
5543.58  1.63591e-16
5545     1.65952e-16
5546.42  1.68955e-16
5547.84  1.72299e-16
5549.26  1.75624e-16
5550.68  1.78548e-16
5552.1   1.80708e-16
5553.52  1.81806e-16
5554.94  1.8164e-16
5556.36  1.80137e-16
5557.79  1.7737e-16
5559.21  1.73553e-16
5560.63  1.69029e-16
5562.05  1.6423e-16
5563.47  1.59637e-16
5564.89  1.55719e-16
5566.31  1.52879e-16
5567.73  1.51407e-16
5569.15  1.51436e-16
5570.57  1.52929e-16
5571.99  1.55681e-16
5573.41  1.59338e-16
5574.84  1.63446e-16
5576.26  1.67504e-16
5577.68  1.71028e-16
5579.1   1.73613e-16
5580.52  1.74984e-16
5581.94  1.75032e-16
5583.36  1.73825e-16
5584.78  1.71596e-16
5586.2   1.68713e-16
5587.62  1.65623e-16
5589.04  1.6279e-16
5590.46  1.60634e-16
5591.89  1.59469e-16
5593.31  1.5947e-16
5594.73  1.60647e-16
5596.15  1.62855e-16
5597.57  1.65822e-16
5598.99  1.69188e-16
5600.41  1.72567e-16
5601.83  1.75595e-16
5603.25  1.7798e-16
5604.67  1.79537e-16
5606.09  1.80196e-16
5607.51  1.80004e-16
5608.94  1.79101e-16
5610.36  1.7769e-16
5611.78  1.76001e-16
5613.2   1.74254e-16
5614.62  1.72635e-16
5616.04  1.71273e-16
5617.46  1.70238e-16
5618.88  1.69541e-16
5620.3   1.69154e-16
5621.72  1.69023e-16
5623.14  1.69089e-16
5624.56  1.69306e-16
5625.99  1.69648e-16
5627.41  1.70117e-16
5628.83  1.70731e-16
5630.25  1.71521e-16
5631.67  1.72506e-16
5633.09  1.73686e-16
5634.51  1.75021e-16
5635.93  1.76428e-16
5637.35  1.77784e-16
5638.77  1.78931e-16
5640.19  1.797e-16
5641.61  1.79931e-16
5643.04  1.79503e-16
5644.46  1.78356e-16
5645.88  1.76506e-16
5647.3   1.74053e-16
5648.72  1.71173e-16
5650.14  1.68103e-16
5651.56  1.65111e-16
5652.98  1.62463e-16
5654.4   1.60391e-16
5655.82  1.59058e-16
5657.24  1.58542e-16
5658.66  1.58825e-16
5660.09  1.59797e-16
5661.51  1.61275e-16
5662.93  1.63033e-16
5664.35  1.64831e-16
5665.77  1.66448e-16
5667.19  1.67717e-16
5668.61  1.68534e-16
5670.03  1.6887e-16
5671.45  1.68764e-16
5672.87  1.68303e-16
5674.29  1.67609e-16
5675.71  1.66805e-16
5677.14  1.66003e-16
5678.56  1.65286e-16
5679.98  1.64708e-16
5681.4   1.64292e-16
5682.82  1.64044e-16
5684.24  1.63964e-16
5685.66  1.6405e-16
5687.08  1.64304e-16
5688.5   1.6473e-16
5689.92  1.65323e-16
5691.34  1.66055e-16
5692.76  1.66869e-16
5694.19  1.67674e-16
5695.61  1.68347e-16
5697.03  1.68756e-16
5698.45  1.68779e-16
5699.87  1.68331e-16
5701.29  1.67396e-16
5702.71  1.66036e-16
5704.13  1.64396e-16
5705.55  1.62687e-16
5706.97  1.61155e-16
5708.39  1.60034e-16
5709.81  1.59507e-16
5711.24  1.5966e-16
5712.66  1.60458e-16
5714.08  1.61745e-16
5715.5   1.63261e-16
5716.92  1.64685e-16
5718.34  1.65688e-16
5719.76  1.65993e-16
5721.18  1.65423e-16
5722.6   1.63936e-16
5724.02  1.61628e-16
5725.44  1.58722e-16
5726.86  1.55522e-16
5728.29  1.52368e-16
5729.71  1.49577e-16
5731.13  1.47397e-16
5732.55  1.45981e-16
5733.97  1.45373e-16
5735.39  1.45521e-16
5736.81  1.46305e-16
5738.23  1.47562e-16
5739.65  1.49127e-16
5741.07  1.5085e-16
5742.49  1.52611e-16
5743.91  1.54315e-16
5745.34  1.55886e-16
5746.76  1.57251e-16
5748.18  1.58328e-16
5749.6   1.59025e-16
5751.02  1.59243e-16
5752.44  1.58897e-16
5753.86  1.57936e-16
5755.28  1.56369e-16
5756.7   1.54282e-16
5758.12  1.51839e-16
5759.54  1.49273e-16
5760.96  1.4686e-16
5762.39  1.44875e-16
5763.81  1.43554e-16
5765.23  1.43049e-16
5766.65  1.43409e-16
5768.07  1.44565e-16
5769.49  1.46345e-16
5770.91  1.48504e-16
5772.33  1.50767e-16
5773.75  1.52875e-16
5775.17  1.54632e-16
5776.59  1.55929e-16
5778.01  1.56756e-16
5779.44  1.57195e-16
5780.86  1.57394e-16
5782.28  1.57526e-16
5783.7   1.57752e-16
5785.12  1.58184e-16
5786.54  1.58861e-16
5787.96  1.59741e-16
5789.38  1.60711e-16
5790.8   1.61609e-16
5792.22  1.6226e-16
5793.64  1.62512e-16
5795.06  1.62267e-16
5796.49  1.61507e-16
5797.91  1.60298e-16
5799.33  1.58787e-16
5800.75  1.57175e-16
5802.17  1.5569e-16
5803.59  1.54541e-16
5805.01  1.53893e-16
5806.43  1.53831e-16
5807.85  1.54347e-16
5809.27  1.55348e-16
5810.69  1.56661e-16
5812.12  1.58072e-16
5813.54  1.59355e-16
5814.96  1.60315e-16
5816.38  1.60813e-16
5817.8   1.60793e-16
5819.22  1.60287e-16
5820.64  1.59407e-16
5822.06  1.58325e-16
5823.48  1.57243e-16
5824.9   1.56359e-16
5826.32  1.55831e-16
5827.74  1.55756e-16
5829.17  1.56148e-16
5830.59  1.56938e-16
5832.01  1.57987e-16
5833.43  1.591e-16
5834.85  1.60063e-16
5836.27  1.6067e-16
5837.69  1.60757e-16
5839.11  1.60223e-16
5840.53  1.5905e-16
5841.95  1.57304e-16
5843.37  1.55123e-16
5844.79  1.52704e-16
5846.22  1.50271e-16
5847.64  1.48043e-16
5849.06  1.46204e-16
5850.48  1.44874e-16
5851.9   1.44095e-16
5853.32  1.43821e-16
5854.74  1.43927e-16
5856.16  1.44225e-16
5857.58  1.44492e-16
5859     1.4451e-16
5860.42  1.44095e-16
5861.84  1.43132e-16
5863.27  1.41597e-16
5864.69  1.39566e-16
5866.11  1.37205e-16
5867.53  1.34745e-16
5868.95  1.32447e-16
5870.37  1.30556e-16
5871.79  1.29251e-16
5873.21  1.28613e-16
5874.63  1.28599e-16
5876.05  1.29046e-16
5877.47  1.29688e-16
5878.89  1.30203e-16
5880.32  1.30267e-16
5881.74  1.29611e-16
5883.16  1.28077e-16
5884.58  1.2565e-16
5886     1.22469e-16
5887.42  1.18806e-16
5888.84  1.15032e-16
5890.26  1.11553e-16
5891.68  1.08749e-16
5893.1   1.06913e-16
5894.52  1.06208e-16
5895.94  1.06645e-16
5897.37  1.08082e-16
5898.79  1.10255e-16
5900.21  1.12821e-16
5901.63  1.1541e-16
5903.05  1.17685e-16
5904.47  1.19385e-16
5905.89  1.20358e-16
5907.31  1.20581e-16
5908.73  1.20147e-16
5910.15  1.19248e-16
5911.57  1.18132e-16
5912.99  1.17067e-16
5914.42  1.16289e-16
5915.84  1.15969e-16
5917.26  1.16181e-16
5918.68  1.16895e-16
5920.1   1.17978e-16
5921.52  1.19219e-16
5922.94  1.20361e-16
5924.36  1.21148e-16
5925.78  1.21364e-16
5927.2   1.20873e-16
5928.62  1.1965e-16
5930.04  1.1779e-16
5931.47  1.15502e-16
5932.89  1.13081e-16
5934.31  1.10868e-16
5935.73  1.09197e-16
5937.15  1.08342e-16
5938.57  1.08467e-16
5939.99  1.09594e-16
5941.41  1.11591e-16
5942.83  1.14186e-16
5944.25  1.16999e-16
5945.67  1.19599e-16
5947.09  1.21567e-16
5948.52  1.2256e-16
5949.94  1.22362e-16
5951.36  1.20921e-16
5952.78  1.18351e-16
5954.2   1.14919e-16
5955.62  1.11e-16
5957.04  1.07023e-16
5958.46  1.03408e-16
5959.88  1.00506e-16
5961.3   9.85548e-17
5962.72  9.76564e-17
5964.14  9.77704e-17
5965.57  9.87341e-17
5966.99  1.00295e-16
5968.41  1.02156e-16
5969.83  1.04019e-16
5971.25  1.05625e-16
5972.67  1.06782e-16
5974.09  1.07387e-16
5975.51  1.0742e-16
5976.93  1.0694e-16
5978.35  1.06063e-16
5979.77  1.04944e-16
5981.19  1.03747e-16
5982.62  1.02625e-16
5984.04  1.01704e-16
5985.46  1.0107e-16
5986.88  1.00762e-16
5988.3   1.00778e-16
5989.72  1.01079e-16
5991.14  1.01603e-16
5992.56  1.02278e-16
5993.98  1.03036e-16
5995.4   1.03829e-16
5996.82  1.04631e-16
5998.24  1.05444e-16
5999.67  1.0629e-16
6001.09  1.07201e-16
6002.51  1.08207e-16
6003.93  1.0932e-16
6005.35  1.10523e-16
6006.77  1.11764e-16
6008.19  1.12957e-16
6009.61  1.13989e-16
6011.03  1.14733e-16
6012.45  1.15064e-16
6013.87  1.14882e-16
6015.29  1.14121e-16
6016.72  1.12766e-16
6018.14  1.10861e-16
6019.56  1.08504e-16
6020.98  1.05844e-16
6022.4   1.0307e-16
6023.82  1.00391e-16
6025.24  9.80198e-17
6026.66  9.61504e-17
6028.08  9.49383e-17
6029.5   9.44832e-17
6030.92  9.48159e-17
6032.34  9.58917e-17
6033.77  9.75924e-17
6035.19  9.97367e-17
6036.61  1.02099e-16
6038.03  1.04436e-16
6039.45  1.06516e-16
6040.87  1.08152e-16
6042.29  1.09222e-16
6043.71  1.09691e-16
6045.13  1.09615e-16
6046.55  1.09128e-16
6047.97  1.08424e-16
6049.39  1.07719e-16
6050.82  1.07219e-16
6052.24  1.07083e-16
6053.66  1.07395e-16
6055.08  1.08147e-16
6056.5   1.09243e-16
6057.92  1.10516e-16
6059.34  1.11755e-16
6060.76  1.12739e-16
6062.18  1.1328e-16
6063.6   1.13253e-16
6065.02  1.12617e-16
6066.44  1.11425e-16
6067.87  1.0982e-16
6069.29  1.08017e-16
6070.71  1.06271e-16
6072.13  1.0485e-16
6073.55  1.03999e-16
6074.97  1.03909e-16
6076.39  1.04695e-16
6077.81  1.06382e-16
6079.23  1.08898e-16
6080.65  1.12079e-16
6082.07  1.15686e-16
6083.49  1.19422e-16
6084.92  1.22964e-16
6086.34  1.25993e-16
6087.76  1.28226e-16
6089.18  1.2945e-16
6090.6   1.29545e-16
6092.02  1.28502e-16
6093.44  1.26426e-16
6094.86  1.23532e-16
6096.28  1.20118e-16
6097.7   1.16532e-16
6099.12  1.13137e-16
6100.55  1.10261e-16
6101.97  1.08159e-16
6103.39  1.06986e-16
6104.81  1.06777e-16
6106.23  1.07452e-16
6107.65  1.08834e-16
6109.07  1.10685e-16
6110.49  1.12743e-16
6111.91  1.14772e-16
6113.33  1.16592e-16
6114.75  1.18111e-16
6116.17  1.19321e-16
6117.6   1.20292e-16
6119.02  1.21141e-16
6120.44  1.21992e-16
6121.86  1.22942e-16
6123.28  1.24024e-16
6124.7   1.25199e-16
6126.12  1.26354e-16
6127.54  1.27332e-16
6128.96  1.27962e-16
6130.38  1.28104e-16
6131.8   1.27689e-16
6133.22  1.26744e-16
6134.65  1.25395e-16
6136.07  1.23857e-16
6137.49  1.22394e-16
6138.91  1.21283e-16
6140.33  1.20753e-16
6141.75  1.20956e-16
6143.17  1.21929e-16
6144.59  1.23594e-16
6146.01  1.25769e-16
6147.43  1.28196e-16
6148.85  1.30587e-16
6150.27  1.32667e-16
6151.7   1.34214e-16
6153.12  1.35092e-16
6154.54  1.3526e-16
6155.96  1.34778e-16
6157.38  1.33785e-16
6158.8   1.32476e-16
6160.22  1.31073e-16
6161.64  1.29788e-16
6163.06  1.28803e-16
6164.48  1.28249e-16
6165.9   1.28197e-16
6167.32  1.28656e-16
6168.75  1.29583e-16
6170.17  1.30891e-16
6171.59  1.32466e-16
6173.01  1.34182e-16
6174.43  1.35913e-16
6175.85  1.37542e-16
6177.27  1.38975e-16
6178.69  1.4014e-16
6180.11  1.40993e-16
6181.53  1.41518e-16
6182.95  1.41727e-16
6184.37  1.41654e-16
6185.8   1.41354e-16
6187.22  1.40898e-16
6188.64  1.40366e-16
6190.06  1.39842e-16
6191.48  1.39406e-16
6192.9   1.3913e-16
6194.32  1.3907e-16
6195.74  1.39258e-16
6197.16  1.397e-16
6198.58  1.40373e-16
6200     1.41225e-16
6201.42  1.42177e-16
6202.85  1.4313e-16
6204.27  1.43979e-16
6205.69  1.44618e-16
6207.11  1.4496e-16
6208.53  1.44949e-16
6209.95  1.44569e-16
6211.37  1.43855e-16
6212.79  1.42888e-16
6214.21  1.41798e-16
6215.63  1.40742e-16
6217.05  1.3989e-16
6218.47  1.39403e-16
6219.9   1.39407e-16
6221.32  1.39976e-16
6222.74  1.41114e-16
6224.16  1.42757e-16
6225.58  1.44776e-16
6227     1.46994e-16
6228.42  1.49214e-16
6229.84  1.51242e-16
6231.26  1.52921e-16
6232.68  1.54145e-16
6234.1   1.54878e-16
6235.52  1.55144e-16
6236.95  1.55022e-16
6238.37  1.54622e-16
6239.79  1.54059e-16
6241.21  1.53429e-16
6242.63  1.52798e-16
6244.05  1.52192e-16
6245.47  1.51603e-16
6246.89  1.51008e-16
6248.31  1.50392e-16
6249.73  1.49765e-16
6251.15  1.49176e-16
6252.57  1.48721e-16
6254     1.48522e-16
6255.42  1.48708e-16
6256.84  1.49378e-16
6258.26  1.5057e-16
6259.68  1.52231e-16
6261.1   1.5421e-16
6262.52  1.56266e-16
6263.94  1.58099e-16
6265.36  1.59401e-16
6266.78  1.59916e-16
6268.2   1.59492e-16
6269.62  1.58131e-16
6271.05  1.56001e-16
6272.47  1.53429e-16
6273.89  1.50851e-16
6275.31  1.48745e-16
6276.73  1.47542e-16
6278.15  1.47546e-16
6279.57  1.48866e-16
6280.99  1.5138e-16
6282.41  1.54743e-16
6283.83  1.58434e-16
6285.25  1.61839e-16
6286.67  1.64347e-16
6288.1   1.65461e-16
6289.52  1.6488e-16
6290.94  1.62555e-16
6292.36  1.58699e-16
6293.78  1.5375e-16
6295.2   1.4831e-16
6296.62  1.43037e-16
6298.04  1.38554e-16
6299.46  1.3535e-16
6300.88  1.33718e-16
6302.3   1.33723e-16
6303.72  1.35214e-16
6305.15  1.37861e-16
6306.57  1.41225e-16
6307.99  1.44835e-16
6309.41  1.48259e-16
6310.83  1.51168e-16
6312.25  1.53365e-16
6313.67  1.54795e-16
6315.09  1.55523e-16
6316.51  1.55699e-16
6317.93  1.5551e-16
6319.35  1.55132e-16
6320.77  1.54696e-16
6322.2   1.54265e-16
6323.62  1.53838e-16
6325.04  1.53361e-16
6326.46  1.52758e-16
6327.88  1.5196e-16
6329.3   1.50936e-16
6330.72  1.49706e-16
6332.14  1.4835e-16
6333.56  1.46997e-16
6334.98  1.45802e-16
6336.4   1.44922e-16
6337.82  1.44483e-16
6339.25  1.44559e-16
6340.67  1.45157e-16
6342.09  1.46209e-16
6343.51  1.4758e-16
6344.93  1.49084e-16
6346.35  1.50507e-16
6347.77  1.51628e-16
6349.19  1.52251e-16
6350.61  1.52222e-16
6352.03  1.51456e-16
6353.45  1.49941e-16
6354.87  1.47747e-16
6356.3   1.4502e-16
6357.72  1.41974e-16
6359.14  1.38862e-16
6360.56  1.35954e-16
6361.98  1.33506e-16
6363.4   1.31724e-16
6364.82  1.30747e-16
6366.24  1.30619e-16
6367.66  1.3129e-16
6369.08  1.32624e-16
6370.5   1.34414e-16
6371.93  1.36416e-16
6373.35  1.38382e-16
6374.77  1.40096e-16
6376.19  1.41395e-16
6377.61  1.42192e-16
6379.03  1.42478e-16
6380.45  1.4231e-16
6381.87  1.41793e-16
6383.29  1.41055e-16
6384.71  1.40217e-16
6386.13  1.39375e-16
6387.55  1.3858e-16
6388.98  1.37841e-16
6390.4   1.37125e-16
6391.82  1.36373e-16
6393.24  1.35522e-16
6394.66  1.34522e-16
6396.08  1.3335e-16
6397.5   1.32023e-16
6398.92  1.30597e-16
6400.34  1.29156e-16
6401.76  1.27805e-16
6403.18  1.26645e-16
6404.6   1.25762e-16
6406.03  1.2521e-16
6407.45  1.25004e-16
6408.87  1.2512e-16
6410.29  1.25501e-16
6411.71  1.26069e-16
6413.13  1.26741e-16
6414.55  1.27439e-16
6415.97  1.28109e-16
6417.39  1.28721e-16
6418.81  1.29273e-16
6420.23  1.29787e-16
6421.65  1.30294e-16
6423.08  1.3083e-16
6424.5   1.31417e-16
6425.92  1.32055e-16
6427.34  1.32721e-16
6428.76  1.33364e-16
6430.18  1.33916e-16
6431.6   1.34301e-16
6433.02  1.34445e-16
6434.44  1.34294e-16
6435.86  1.33826e-16
6437.28  1.33054e-16
6438.7   1.32033e-16
6440.13  1.30853e-16
6441.55  1.2963e-16
6442.97  1.28491e-16
6444.39  1.27558e-16
6445.81  1.26927e-16
6447.23  1.26657e-16
6448.65  1.26756e-16
6450.07  1.27178e-16
6451.49  1.27829e-16
6452.91  1.28575e-16
6454.33  1.29265e-16
6455.75  1.29748e-16
6457.18  1.29899e-16
6458.6   1.29635e-16
6460.02  1.28932e-16
6461.44  1.27831e-16
6462.86  1.26434e-16
6464.28  1.24894e-16
6465.7   1.23393e-16
6467.12  1.2212e-16
6468.54  1.21242e-16
6469.96  1.20879e-16
6471.38  1.21084e-16
6472.8   1.21832e-16
6474.23  1.23019e-16
6475.65  1.24475e-16
6477.07  1.25988e-16
6478.49  1.27332e-16
6479.91  1.28308e-16
6481.33  1.28774e-16
6482.75  1.2867e-16
6484.17  1.28032e-16
6485.59  1.26988e-16
6487.01  1.25734e-16
6488.43  1.245e-16
6489.85  1.2351e-16
6491.28  1.22935e-16
6492.7   1.22862e-16
6494.12  1.23279e-16
6495.54  1.24067e-16
6496.96  1.2503e-16
6498.38  1.25926e-16
6499.8   1.26516e-16
6501.22  1.26609e-16
6502.64  1.26098e-16
6504.06  1.24985e-16
6505.48  1.23384e-16
6506.9   1.21498e-16
6508.33  1.1959e-16
6509.75  1.17937e-16
6511.17  1.16783e-16
6512.59  1.16298e-16
6514.01  1.16549e-16
6515.43  1.17496e-16
6516.85  1.18993e-16
6518.27  1.20824e-16
6519.69  1.22735e-16
6521.11  1.24482e-16
6522.53  1.2587e-16
6523.95  1.26787e-16
6525.38  1.27216e-16
6526.8   1.27233e-16
6528.22  1.26985e-16
6529.64  1.26656e-16
6531.06  1.26429e-16
6532.48  1.26441e-16
6533.9   1.26757e-16
6535.32  1.27356e-16
6536.74  1.28135e-16
6538.16  1.28932e-16
6539.58  1.29559e-16
6541     1.29846e-16
6542.43  1.2968e-16
6543.85  1.29032e-16
6545.27  1.2797e-16
6546.69  1.26652e-16
6548.11  1.25299e-16
6549.53  1.24158e-16
6550.95  1.23452e-16
6552.37  1.2334e-16
6553.79  1.23882e-16
6555.21  1.25025e-16
6556.63  1.26607e-16
6558.05  1.28384e-16
6559.48  1.30068e-16
6560.9   1.31377e-16
6562.32  1.32086e-16
6563.74  1.32059e-16
6565.16  1.31279e-16
6566.58  1.29839e-16
6568     1.27929e-16
6569.42  1.25798e-16
6570.84  1.23709e-16
6572.26  1.2189e-16
6573.68  1.20502e-16
6575.1   1.19612e-16
6576.53  1.19195e-16
6577.95  1.19147e-16
6579.37  1.19317e-16
6580.79  1.19549e-16
6582.21  1.19718e-16
6583.63  1.1976e-16
6585.05  1.19688e-16
6586.47  1.19587e-16
6587.89  1.19594e-16
6589.31  1.19864e-16
6590.73  1.20528e-16
6592.15  1.21656e-16
6593.58  1.23233e-16
6595     1.25148e-16
6596.42  1.27201e-16
6597.84  1.29133e-16
6599.26  1.30665e-16
6600.68  1.31542e-16
6602.1   1.3158e-16
6603.52  1.30695e-16
6604.94  1.28919e-16
6606.36  1.26395e-16
6607.78  1.23359e-16
6609.2   1.20101e-16
6610.63  1.16926e-16
6612.05  1.14109e-16
6613.47  1.11864e-16
6614.89  1.10321e-16
6616.31  1.09522e-16
6617.73  1.09425e-16
6619.15  1.0993e-16
6620.57  1.10898e-16
6621.99  1.12181e-16
6623.41  1.13639e-16
6624.83  1.15162e-16
6626.25  1.16666e-16
6627.68  1.18101e-16
6629.1   1.19439e-16
6630.52  1.20667e-16
6631.94  1.2178e-16
6633.36  1.22771e-16
6634.78  1.23633e-16
6636.2   1.24355e-16
6637.62  1.24922e-16
6639.04  1.25323e-16
6640.46  1.25543e-16
6641.88  1.25572e-16
6643.31  1.25402e-16
6644.73  1.25026e-16
6646.15  1.2444e-16
6647.57  1.23649e-16
6648.99  1.22664e-16
6650.41  1.21511e-16
6651.83  1.20232e-16
6653.25  1.18886e-16
6654.67  1.17549e-16
6656.09  1.163e-16
6657.51  1.15218e-16
6658.93  1.14365e-16
6660.36  1.13778e-16
6661.78  1.13463e-16
6663.2   1.13393e-16
6664.62  1.1351e-16
6666.04  1.13743e-16
6667.46  1.14017e-16
6668.88  1.14273e-16
6670.3   1.14482e-16
6671.72  1.14651e-16
6673.14  1.14827e-16
6674.56  1.15087e-16
6675.98  1.15522e-16
6677.41  1.16218e-16
6678.83  1.17232e-16
6680.25  1.18574e-16
6681.67  1.2019e-16
6683.09  1.21963e-16
6684.51  1.23714e-16
6685.93  1.25227e-16
6687.35  1.26273e-16
6688.77  1.26643e-16
6690.19  1.26185e-16
6691.61  1.2483e-16
6693.03  1.22608e-16
6694.46  1.19658e-16
6695.88  1.16213e-16
6697.3   1.12574e-16
6698.72  1.09074e-16
6700.14  1.06033e-16
6701.56  1.03718e-16
6702.98  1.02306e-16
6704.4   1.01865e-16
6705.82  1.0235e-16
6707.24  1.03616e-16
6708.66  1.05445e-16
6710.08  1.07584e-16
6711.51  1.09783e-16
6712.93  1.11829e-16
6714.35  1.13574e-16
6715.77  1.1494e-16
6717.19  1.15921e-16
6718.61  1.16562e-16
6720.03  1.16941e-16
6721.45  1.17137e-16
6722.87  1.1721e-16
6724.29  1.17188e-16
6725.71  1.17058e-16
6727.13  1.16774e-16
6728.56  1.16269e-16
6729.98  1.15478e-16
6731.4   1.14356e-16
6732.82  1.12896e-16
6734.24  1.11141e-16
6735.66  1.09185e-16
6737.08  1.07168e-16
6738.5   1.05256e-16
6739.92  1.03625e-16
6741.34  1.02434e-16
6742.76  1.01805e-16
6744.18  1.01802e-16
6745.61  1.02424e-16
6747.03  1.03597e-16
6748.45  1.05185e-16
6749.87  1.06998e-16
6751.29  1.08818e-16
6752.71  1.10422e-16
6754.13  1.11608e-16
6755.55  1.12225e-16
6756.97  1.12191e-16
6758.39  1.11505e-16
6759.81  1.10254e-16
6761.23  1.08602e-16
6762.66  1.06772e-16
6764.08  1.05018e-16
6765.5   1.03591e-16
6766.92  1.02708e-16
6768.34  1.0252e-16
6769.76  1.03088e-16
6771.18  1.04377e-16
6772.6   1.06256e-16
6774.02  1.08517e-16
6775.44  1.10904e-16
6776.86  1.13147e-16
6778.28  1.15006e-16
6779.71  1.16303e-16
6781.13  1.16951e-16
6782.55  1.16968e-16
6783.97  1.1647e-16
6785.39  1.1566e-16
6786.81  1.14786e-16
6788.23  1.14109e-16
6789.65  1.1385e-16
6791.07  1.14162e-16
6792.49  1.15097e-16
6793.91  1.16597e-16
6795.33  1.1851e-16
6796.76  1.20609e-16
6798.18  1.22633e-16
6799.6   1.2433e-16
6801.02  1.25494e-16
6802.44  1.25997e-16
6803.86  1.25799e-16
6805.28  1.24947e-16
6806.7   1.23556e-16
6808.12  1.21783e-16
6809.54  1.19791e-16
6810.96  1.17723e-16
6812.38  1.15681e-16
6813.81  1.13715e-16
6815.23  1.11831e-16
6816.65  1.10006e-16
6818.07  1.08203e-16
6819.49  1.06401e-16
6820.91  1.04603e-16
6822.33  1.02851e-16
6823.75  1.01219e-16
6825.17  9.9805e-17
6826.59  9.87071e-17
6828.01  9.80072e-17
6829.43  9.77509e-17
6830.86  9.79378e-17
6832.28  9.8521e-17
6833.7   9.94164e-17
6835.12  1.00521e-16
6836.54  1.01734e-16
6837.96  1.02979e-16
6839.38  1.04216e-16
6840.8   1.05448e-16
6842.22  1.0671e-16
6843.64  1.08057e-16
6845.06  1.09534e-16
6846.48  1.11153e-16
6847.91  1.12872e-16
6849.33  1.14584e-16
6850.75  1.16128e-16
6852.17  1.17302e-16
6853.59  1.17901e-16
6855.01  1.17756e-16
6856.43  1.16771e-16
6857.85  1.14953e-16
6859.27  1.12426e-16
6860.69  1.09424e-16
6862.11  1.06265e-16
6863.53  1.03308e-16
6864.96  1.00896e-16
6866.38  9.93076e-17
6867.8   9.87049e-17
6869.22  9.91065e-17
6870.64  1.0038e-16
6872.06  1.02259e-16
6873.48  1.04383e-16
6874.9   1.06351e-16
6876.32  1.07784e-16
6877.74  1.08382e-16
6879.16  1.07973e-16
6880.58  1.06537e-16
6882.01  1.04207e-16
6883.43  1.01254e-16
6884.85  9.80451e-17
6886.27  9.49898e-17
6887.69  9.24858e-17
6889.11  9.08649e-17
6890.53  9.0351e-17
6891.95  9.10355e-17
6893.37  9.28701e-17
6894.79  9.56786e-17
6896.21  9.9184e-17
6897.63  1.03046e-16
6899.06  1.06902e-16
6900.48  1.10411e-16
6901.9   1.13283e-16
6903.32  1.15309e-16
6904.74  1.1637e-16
6906.16  1.16443e-16
6907.58  1.15591e-16
6909     1.13948e-16
6910.42  1.11704e-16
6911.84  1.09082e-16
6913.26  1.06316e-16
6914.68  1.03641e-16
6916.11  1.01268e-16
6917.53  9.9379e-17
6918.95  9.81068e-17
6920.37  9.75303e-17
6921.79  9.76626e-17
6923.21  9.8447e-17
6924.63  9.97569e-17
6926.05  1.01404e-16
6927.47  1.03156e-16
6928.89  1.04761e-16
6930.31  1.05986e-16
6931.74  1.06647e-16
6933.16  1.06652e-16
6934.58  1.06024e-16
6936     1.04914e-16
6937.42  1.03594e-16
6938.84  1.02425e-16
6940.26  1.01812e-16
6941.68  1.02141e-16
6943.1   1.0371e-16
6944.52  1.06667e-16
6945.94  1.10973e-16
6947.36  1.1638e-16
6948.79  1.22451e-16
6950.21  1.28607e-16
6951.63  1.34197e-16
6953.05  1.38589e-16
6954.47  1.4126e-16
6955.89  1.41866e-16
6957.31  1.40293e-16
6958.73  1.36673e-16
6960.15  1.31357e-16
6961.57  1.24867e-16
6962.99  1.1782e-16
6964.41  1.10847e-16
6965.84  1.04516e-16
6967.26  9.92734e-17
6968.68  9.54087e-17
6970.1   9.30442e-17
6971.52  9.21473e-17
6972.94  9.2559e-17
6974.36  9.40294e-17
6975.78  9.6254e-17
6977.2   9.89052e-17
6978.62  1.01656e-16
6980.04  1.04201e-16
6981.46  1.06265e-16
6982.89  1.07624e-16
6984.31  1.08114e-16
6985.73  1.0765e-16
6987.15  1.06237e-16
6988.57  1.03979e-16
6989.99  1.01079e-16
6991.41  9.78231e-17
6992.83  9.45514e-17
6994.25  9.16182e-17
6995.67  8.93469e-17
6997.09  8.79851e-17
6998.51  8.76709e-17
6999.94  8.8415e-17
7001.36  9.01017e-17
7002.78  9.25098e-17
7004.2   9.53475e-17
7005.62  9.82946e-17
7007.04  1.01044e-16
7008.46  1.03338e-16
7009.88  1.04986e-16
7011.3   1.05881e-16
7012.72  1.05992e-16
7014.14  1.05356e-16
7015.56  1.04066e-16
7016.99  1.0226e-16
7018.41  1.00108e-16
7019.83  9.78057e-17
7021.25  9.55625e-17
7022.67  9.35907e-17
7024.09  9.20875e-17
7025.51  9.12147e-17
7026.93  9.10755e-17
7028.35  9.16951e-17
7029.77  9.30103e-17
7031.19  9.48699e-17
7032.61  9.70522e-17
7034.04  9.92938e-17
7035.46  1.0133e-16
7036.88  1.02935e-16
7038.3   1.0396e-16
7039.72  1.04349e-16
7041.14  1.04149e-16
7042.56  1.03491e-16
7043.98  1.02556e-16
7045.4   1.01535e-16
7046.82  1.00584e-16
7048.24  9.97915e-17
7049.66  9.916e-17
7051.09  9.86108e-17
7052.51  9.8008e-17
7053.93  9.71983e-17
7055.35  9.60579e-17
7056.77  9.45358e-17
7058.19  9.26822e-17
7059.61  9.06554e-17
7061.03  8.87037e-17
7062.45  8.71246e-17
7063.87  8.62091e-17
7065.29  8.61814e-17
7066.71  8.71483e-17
7068.14  8.90671e-17
7069.56  9.17413e-17
7070.98  9.4845e-17
7072.4   9.79733e-17
7073.82  1.00708e-16
7075.24  1.02688e-16
7076.66  1.03667e-16
7078.08  1.03558e-16
7079.5   1.02441e-16
7080.92  1.00547e-16
7082.34  9.82196e-17
7083.76  9.58502e-17
7085.19  9.38181e-17
7086.61  9.24306e-17
7088.03  9.18797e-17
7089.45  9.22206e-17
7090.87  9.33729e-17
7092.29  9.51428e-17
7093.71  9.72604e-17
7095.13  9.94248e-17
7096.55  1.01349e-16
7097.97  1.02798e-16
7099.39  1.03618e-16
7100.81  1.03747e-16
7102.24  1.03224e-16
7103.66  1.02174e-16
7105.08  1.00794e-16
7106.5   9.93295e-17
7107.92  9.80505e-17
7109.34  9.72214e-17
7110.76  9.70732e-17
7112.18  9.77761e-17
7113.6   9.94148e-17
7115.02  1.01971e-16
7116.44  1.05313e-16
7117.86  1.09203e-16
7119.29  1.13309e-16
7120.71  1.17241e-16
7122.13  1.20592e-16
7123.55  1.22986e-16
7124.97  1.24128e-16
7126.39  1.23848e-16
7127.81  1.22123e-16
7129.23  1.19085e-16
7130.65  1.15009e-16
7132.07  1.10275e-16
7133.49  1.05317e-16
7134.91  1.00565e-16
7136.34  9.63927e-17
7137.76  9.30695e-17
7139.18  9.07359e-17
7140.6   8.93989e-17
7142.02  8.89492e-17
7143.44  8.91936e-17
7144.86  8.98985e-17
7146.28  9.08315e-17
7147.7   9.17968e-17
7149.12  9.26564e-17
7150.54  9.33361e-17
7151.96  9.3818e-17
7153.39  9.41242e-17
7154.81  9.42974e-17
7156.23  9.43833e-17
7157.65  9.44199e-17
7159.07  9.4433e-17
7160.49  9.44366e-17
7161.91  9.44374e-17
7163.33  9.44375e-17
7164.75  9.44375e-17