3671.21  5.69771e-16
3672.63  5.79905e-16
3674.06  5.91e-16
3675.48  6.01531e-16
3676.9   6.09672e-16
3678.33  6.13551e-16
3679.75  6.11564e-16
3681.18  6.02709e-16
3682.6   5.86866e-16
3684.03  5.64971e-16
3685.45  5.39046e-16
3686.87  5.12033e-16
3688.3   4.8746e-16
3689.72  4.68956e-16
3691.15  4.59693e-16
3692.57  4.61828e-16
3694     4.76058e-16
3695.42  5.01354e-16
3696.84  5.34951e-16
3698.27  5.72611e-16
3699.69  6.09138e-16
3701.12  6.39086e-16
3702.54  6.57545e-16
3703.97  6.60902e-16
3705.39  6.47435e-16
3706.81  6.17652e-16
3708.24  5.74303e-16
3709.66  5.22054e-16
3711.09  4.66869e-16
3712.51  4.15176e-16
3713.94  3.72959e-16
3715.36  3.44901e-16
3716.78  3.3372e-16
3718.21  3.39795e-16
3719.63  3.61151e-16
3721.06  3.93788e-16
3722.48  4.32315e-16
3723.91  4.70769e-16
3725.33  5.03489e-16
3726.75  5.25914e-16
3728.18  5.35158e-16
3729.6   5.30303e-16
3731.03  5.1237e-16
3732.45  4.83997e-16
3733.88  4.48897e-16
3735.3   4.11219e-16
3736.72  3.74911e-16
3738.15  3.43201e-16
3739.57  3.18268e-16
3741     3.0112e-16
3742.42  2.91688e-16
3743.85  2.89054e-16
3745.27  2.91772e-16
3746.69  2.98191e-16
3748.12  3.06715e-16
3749.54  3.15976e-16
3750.97  3.249e-16
3752.39  3.32687e-16
3753.82  3.38742e-16
3755.24  3.42597e-16
3756.66  3.43867e-16
3758.09  3.42255e-16
3759.51  3.37609e-16
3760.94  3.30024e-16
3762.36  3.19941e-16
3763.78  3.08223e-16
3765.21  2.96153e-16
3766.63  2.85359e-16
3768.06  2.77643e-16
3769.48  2.74731e-16
3770.91  2.78002e-16
3772.33  2.88211e-16
3773.75  3.05286e-16
3775.18  3.28228e-16
3776.6   3.55143e-16
3778.03  3.83427e-16
3779.45  4.10074e-16
3780.88  4.32071e-16
3782.3   4.46829e-16
3783.72  4.52564e-16
3785.15  4.48583e-16
3786.57  4.35404e-16
3788     4.14702e-16
3789.42  3.89058e-16
3790.85  3.61575e-16
3792.27  3.35395e-16
3793.69  3.1322e-16
3795.12  2.96905e-16
3796.54  2.87212e-16
3797.97  2.83749e-16
3799.39  2.85143e-16
3800.82  2.89381e-16
3802.24  2.94275e-16
3803.66  2.97954e-16
3805.09  2.99283e-16
3806.51  2.98112e-16
3807.94  2.95316e-16
3809.36  2.92588e-16
3810.79  2.92051e-16
3812.21  2.95734e-16
3813.63  3.05061e-16
3815.06  3.20423e-16
3816.48  3.40973e-16
3817.91  3.64665e-16
3819.33  3.88558e-16
3820.76  4.09329e-16
3822.18  4.2389e-16
3823.6   4.29991e-16
3825.03  4.26682e-16
3826.45  4.14541e-16
3827.88  3.95621e-16
3829.3   3.7312e-16
3830.73  3.50841e-16
3832.15  3.32554e-16
3833.57  3.2137e-16
3835     3.19255e-16
3836.42  3.26764e-16
3837.85  3.43039e-16
3839.27  3.6605e-16
3840.7   3.93027e-16
3842.12  4.20986e-16
3843.54  4.47245e-16
3844.97  4.69836e-16
3846.39  4.87744e-16
3847.82  5.00948e-16
3849.24  5.10276e-16
3850.67  5.17126e-16
3852.09  5.23122e-16
3853.51  5.29773e-16
3854.94  5.38205e-16
3856.36  5.49008e-16
3857.79  5.62193e-16
3859.21  5.77261e-16
3860.64  5.93346e-16
3862.06  6.09391e-16
3863.48  6.24328e-16
3864.91  6.37224e-16
3866.33  6.47387e-16
3867.76  6.54435e-16
3869.18  6.58313e-16
3870.61  6.5929e-16
3872.03  6.57914e-16
3873.45  6.54957e-16
3874.88  6.51327e-16
3876.3   6.47965e-16
3877.73  6.45723e-16
3879.15  6.45248e-16
3880.58  6.46879e-16
3882     6.50583e-16
3883.42  6.55949e-16
3884.85  6.62244e-16
3886.27  6.68535e-16
3887.7   6.73857e-16
3889.12  6.77395e-16
3890.55  6.78657e-16
3891.97  6.77598e-16
3893.39  6.74665e-16
3894.82  6.70754e-16
3896.24  6.67082e-16
3897.67  6.64988e-16
3899.09  6.65697e-16
3900.52  6.70077e-16
3901.94  6.78446e-16
3903.36  6.90441e-16
3904.79  7.05002e-16
3906.21  7.20453e-16
3907.64  7.34712e-16
3909.06  7.45564e-16
3910.49  7.5101e-16
3911.91  7.49589e-16
3913.33  7.40668e-16
3914.76  7.24612e-16
3916.18  7.02821e-16
3917.61  6.77597e-16
3919.03  6.51864e-16
3920.46  6.28775e-16
3921.88  6.11253e-16
3923.3   6.01556e-16
3924.73  6.00922e-16
3926.15  6.0937e-16
3927.58  6.25676e-16
3929     6.47555e-16
3930.43  6.72e-16
3931.85  6.95731e-16
3933.27  7.15697e-16
3934.7   7.29526e-16
3936.12  7.35867e-16
3937.55  7.34578e-16
3938.97  7.26709e-16
3940.4   7.14307e-16
3941.82  7.00071e-16
3943.24  6.86908e-16
3944.67  6.7747e-16
3946.09  6.73747e-16
3947.52  6.76779e-16
3948.94  6.86525e-16
3950.37  7.01915e-16
3951.79  7.21063e-16
3953.21  7.41595e-16
3954.64  7.61043e-16
3956.06  7.77218e-16
3957.49  7.88516e-16
3958.91  7.94095e-16
3960.34  7.93908e-16
3961.76  7.88606e-16
3963.18  7.79321e-16
3964.61  7.6741e-16
3966.03  7.54189e-16
3967.46  7.40726e-16
3968.88  7.27723e-16
3970.31  7.15501e-16
3971.73  7.04067e-16
3973.15  6.93252e-16
3974.58  6.82857e-16
3976     6.72774e-16
3977.43  6.63053e-16
3978.85  6.53888e-16
3980.28  6.45554e-16
3981.7   6.38285e-16
3983.12  6.32169e-16
3984.55  6.27057e-16
3985.97  6.2255e-16
3987.4   6.18042e-16
3988.82  6.12838e-16
3990.25  6.06305e-16
3991.67  5.98019e-16
3993.09  5.87884e-16
3994.52  5.76173e-16
3995.94  5.63497e-16
3997.37  5.50686e-16
3998.79  5.38624e-16
4000.22  5.28068e-16
4001.64  5.19482e-16
4003.06  5.12943e-16
4004.49  5.08132e-16
4005.91  5.04406e-16
4007.34  5.00962e-16
4008.76  4.9703e-16
4010.19  4.92072e-16
4011.61  4.85941e-16
4013.03  4.78953e-16
4014.46  4.71871e-16
4015.88  4.65782e-16
4017.31  4.61908e-16
4018.73  4.61375e-16
4020.15  4.64986e-16
4021.58  4.73045e-16
4023     4.85268e-16
4024.43  5.00787e-16
4025.85  5.18251e-16
4027.28  5.36009e-16
4028.7   5.52329e-16
4030.12  5.65628e-16
4031.55  5.74666e-16
4032.97  5.78683e-16
4034.4   5.77453e-16
4035.82  5.71273e-16
4037.25  5.6088e-16
4038.67  5.47334e-16
4040.09  5.31876e-16
4041.52  5.15799e-16
4042.94  5.00333e-16
4044.37  4.8657e-16
4045.79  4.75403e-16
4047.22  4.67501e-16
4048.64  4.63288e-16
4050.06  4.62931e-16
4051.49  4.66335e-16
4052.91  4.73137e-16
4054.34  4.8271e-16
4055.76  4.94195e-16
4057.19  5.06543e-16
4058.61  5.18604e-16
4060.03  5.2923e-16
4061.46  5.37395e-16
4062.88  5.42317e-16
4064.31  5.43559e-16
4065.73  5.41088e-16
4067.16  5.35285e-16
4068.58  5.269e-16
4070     5.16949e-16
4071.43  5.06582e-16
4072.85  4.96924e-16
4074.28  4.88933e-16
4075.7   4.83271e-16
4077.13  4.80232e-16
4078.55  4.79712e-16
4079.97  4.81231e-16
4081.4   4.84e-16
4082.82  4.8702e-16
4084.25  4.89198e-16
4085.67  4.89465e-16
4087.1   4.86892e-16
4088.52  4.80787e-16
4089.94  4.70776e-16
4091.37  4.5686e-16
4092.79  4.39446e-16
4094.22  4.1935e-16
4095.64  3.97761e-16
4097.07  3.76173e-16
4098.49  3.56265e-16
4099.91  3.39754e-16
4101.34  3.28213e-16
4102.76  3.22883e-16
4104.19  3.24499e-16
4105.61  3.33158e-16
4107.04  3.48256e-16
4108.46  3.6851e-16
4109.88  3.9207e-16
4111.31  4.1671e-16
4112.73  4.40089e-16
4114.16  4.60018e-16
4115.58  4.74728e-16
4117.01  4.83076e-16
4118.43  4.84668e-16
4119.85  4.79881e-16
4121.28  4.69788e-16
4122.7   4.55989e-16
4124.13  4.40391e-16
4125.55  4.24948e-16
4126.98  4.11429e-16
4128.4   4.01216e-16
4129.82  3.95176e-16
4131.25  3.93611e-16
4132.67  3.96285e-16
4134.1   4.02521e-16
4135.52  4.1135e-16
4136.95  4.21675e-16
4138.37  4.32438e-16
4139.79  4.42754e-16
4141.22  4.52003e-16
4142.64  4.59867e-16
4144.07  4.66314e-16
4145.49  4.71534e-16
4146.92  4.75848e-16
4148.34  4.79612e-16
4149.76  4.83121e-16
4151.19  4.86553e-16
4152.61  4.89937e-16
4154.04  4.93173e-16
4155.46  4.96072e-16
4156.89  4.98425e-16
4158.31  5.00069e-16
4159.73  5.00941e-16
4161.16  5.01107e-16
4162.58  5.00758e-16
4164.01  5.00179e-16
4165.43  4.99692e-16
4166.86  4.99604e-16
4168.28  5.00157e-16
4169.7   5.01503e-16
4171.13  5.03697e-16
4172.55  5.06722e-16
4173.98  5.10519e-16
4175.4   5.15025e-16
4176.83  5.20194e-16
4178.25  5.26007e-16
4179.67  5.32457e-16
4181.1   5.39517e-16
4182.52  5.47107e-16
4183.95  5.55058e-16
4185.37  5.63095e-16
4186.8   5.70839e-16
4188.22  5.77836e-16
4189.64  5.836e-16
4191.07  5.87669e-16
4192.49  5.89668e-16
4193.92  5.89358e-16
4195.34  5.86665e-16
4196.77  5.81701e-16
4198.19  5.74751e-16
4199.61  5.66248e-16
4201.04  5.56739e-16
4202.46  5.46833e-16
4203.89  5.37165e-16
4205.31  5.28351e-16
4206.74  5.20956e-16
4208.16  5.15469e-16
4209.58  5.12277e-16
4211.01  5.11652e-16
4212.43  5.13723e-16
4213.86  5.1846e-16
4215.28  5.25656e-16
4216.71  5.34907e-16
4218.13  5.45615e-16
4219.55  5.56994e-16
4220.98  5.6811e-16
4222.4   5.77939e-16
4223.83  5.85457e-16
4225.25  5.8974e-16
4226.68  5.90076e-16
4228.1   5.86073e-16
4229.52  5.77733e-16
4230.95  5.65494e-16
4232.37  5.50216e-16
4233.8   5.33116e-16
4235.22  5.15647e-16
4236.65  4.99343e-16
4238.07  4.85641e-16
4239.49  4.75713e-16
4240.92  4.70321e-16
4242.34  4.69727e-16
4243.77  4.73667e-16
4245.19  4.81391e-16
4246.62  4.91774e-16
4248.04  5.03468e-16
4249.46  5.15084e-16
4250.89  5.25379e-16
4252.31  5.334e-16
4253.74  5.38597e-16
4255.16  5.40865e-16
4256.59  5.40521e-16
4258.01  5.38229e-16
4259.43  5.34871e-16
4260.86  5.31404e-16
4262.28  5.28705e-16
4263.71  5.27442e-16
4265.13  5.27971e-16
4266.56  5.3029e-16
4267.98  5.3404e-16
4269.4   5.38554e-16
4270.83  5.42963e-16
4272.25  5.46331e-16
4273.68  5.478e-16
4275.1   5.46749e-16
4276.52  5.4291e-16
4277.95  5.36453e-16
4279.37  5.27999e-16
4280.8   5.18569e-16
4282.22  5.09458e-16
4283.65  5.02063e-16
4285.07  4.97671e-16
4286.49  4.97256e-16
4287.92  5.0131e-16
4289.34  5.09741e-16
4290.77  5.21858e-16
4292.19  5.36448e-16
4293.62  5.51938e-16
4295.04  5.6662e-16
4296.46  5.78887e-16
4297.89  5.87467e-16
4299.31  5.91595e-16
4300.74  5.91106e-16
4302.16  5.86434e-16
4303.59  5.78521e-16
4305.01  5.68644e-16
4306.43  5.5821e-16
4307.86  5.48526e-16
4309.28  5.40604e-16
4310.71  5.35013e-16
4312.13  5.31816e-16
4313.56  5.30575e-16
4314.98  5.30443e-16
4316.4   5.30319e-16
4317.83  5.2904e-16
4319.25  5.25581e-16
4320.68  5.19244e-16
4322.1   5.09795e-16
4323.53  4.97531e-16
4324.95  4.83271e-16
4326.37  4.68267e-16
4327.8   4.54033e-16
4329.22  4.42136e-16
4330.65  4.33963e-16
4332.07  4.30512e-16
4333.5   4.32224e-16
4334.92  4.38902e-16
4336.34  4.49718e-16
4337.77  4.63314e-16
4339.19  4.77978e-16
4340.62  4.9186e-16
4342.04  5.03216e-16
4343.47  5.10614e-16
4344.89  5.13093e-16
4346.31  5.10246e-16
4347.74  5.02227e-16
4349.16  4.89679e-16
4350.59  4.73616e-16
4352.01  4.55265e-16
4353.44  4.3591e-16
4354.86  4.16757e-16
4356.28  3.98828e-16
4357.71  3.82901e-16
4359.13  3.69495e-16
4360.56  3.58879e-16
4361.98  3.51112e-16
4363.41  3.46082e-16
4364.83  3.43549e-16
4366.25  3.43175e-16
4367.68  3.44548e-16
4369.1   3.47198e-16
4370.53  3.50617e-16
4371.95  3.54278e-16
4373.38  3.57661e-16
4374.8   3.60298e-16
4376.22  3.61805e-16
4377.65  3.61922e-16
4379.07  3.60539e-16
4380.5   3.57705e-16
4381.92  3.5362e-16
4383.35  3.48593e-16
4384.77  3.43003e-16
4386.19  3.37235e-16
4387.62  3.31624e-16
4389.04  3.26413e-16
4390.47  3.21725e-16
4391.89  3.17568e-16
4393.32  3.13859e-16
4394.74  3.1047e-16
4396.16  3.07287e-16
4397.59  3.04261e-16
4399.01  3.01446e-16
4400.44  2.99012e-16
4401.86  2.97225e-16
4403.29  2.96396e-16
4404.71  2.96817e-16
4406.13  2.98678e-16
4407.56  3.02e-16
4408.98  3.06593e-16
4410.41  3.12056e-16
4411.83  3.1781e-16
4413.26  3.23188e-16
4414.68  3.27534e-16
4416.1   3.3033e-16
4417.53  3.31291e-16
4418.95  3.30436e-16
4420.38  3.28107e-16
4421.8   3.24929e-16
4423.23  3.2172e-16
4424.65  3.19366e-16
4426.07  3.18691e-16
4427.5   3.20321e-16
4428.92  3.24603e-16
4430.35  3.31555e-16
4431.77  3.40875e-16
4433.2   3.51994e-16
4434.62  3.64165e-16
4436.04  3.7656e-16
4437.47  3.88367e-16
4438.89  3.98866e-16
4440.32  4.07478e-16
4441.74  4.13791e-16
4443.17  4.17562e-16
4444.59  4.18707e-16
4446.01  4.17289e-16
4447.44  4.13504e-16
4448.86  4.07671e-16
4450.29  4.00231e-16
4451.71  3.91728e-16
4453.14  3.82793e-16
4454.56  3.74111e-16
4455.98  3.66372e-16
4457.41  3.60219e-16
4458.83  3.56187e-16
4460.26  3.5465e-16
4461.68  3.55784e-16
4463.11  3.59535e-16
4464.53  3.65627e-16
4465.95  3.73573e-16
4467.38  3.82722e-16
4468.8   3.9231e-16
4470.23  4.01532e-16
4471.65  4.09618e-16
4473.08  4.15907e-16
4474.5   4.19922e-16
4475.92  4.21426e-16
4477.35  4.20457e-16
4478.77  4.17336e-16
4480.2   4.12647e-16
4481.62  4.07178e-16
4483.05  4.01839e-16
4484.47  3.97558e-16
4485.89  3.95161e-16
4487.32  3.9527e-16
4488.74  3.98214e-16
4490.17  4.03976e-16
4491.59  4.12189e-16
4493.02  4.22183e-16
4494.44  4.33071e-16
4495.86  4.43877e-16
4497.29  4.53679e-16
4498.71  4.61752e-16
4500.14  4.67685e-16
4501.56  4.71457e-16
4502.99  4.73451e-16
4504.41  4.74421e-16
4505.83  4.75385e-16
4507.26  4.77483e-16
4508.68  4.81803e-16
4510.11  4.89209e-16
4511.53  5.00188e-16
4512.96  5.14747e-16
4514.38  5.32382e-16
4515.8   5.52116e-16
4517.23  5.72614e-16
4518.65  5.92366e-16
4520.08  6.09894e-16
4521.5   6.23972e-16
4522.93  6.3381e-16
4524.35  6.3919e-16
4525.77  6.40513e-16
4527.2   6.3876e-16
4528.62  6.35376e-16
4530.05  6.32077e-16
4531.47  6.30629e-16
4532.9   6.32606e-16
4534.32  6.3918e-16
4535.74  6.50964e-16
4537.17  6.67916e-16
4538.59  6.89344e-16
4540.02  7.13978e-16
4541.44  7.40125e-16
4542.86  7.65871e-16
4544.29  7.89315e-16
4545.71  8.08801e-16
4547.14  8.23122e-16
4548.56  8.31675e-16
4549.99  8.34543e-16
4551.41  8.32491e-16
4552.83  8.26877e-16
4554.26  8.19488e-16
4555.68  8.12312e-16
4557.11  8.0727e-16
4558.53  8.05962e-16
4559.96  8.09438e-16
4561.38  8.18052e-16
4562.8   8.31406e-16
4564.23  8.48416e-16
4565.65  8.67473e-16
4567.08  8.8669e-16
4568.5   9.04195e-16
4569.93  9.18413e-16
4571.35  9.28295e-16
4572.77  9.33468e-16
4574.2   9.34257e-16
4575.62  9.31599e-16
4577.05  9.26864e-16
4578.47  9.21611e-16
4579.9   9.17331e-16
4581.32  9.15221e-16
4582.74  9.16033e-16
4584.17  9.2e-16
4585.59  9.26874e-16
4587.02  9.36036e-16
4588.44  9.46659e-16
4589.87  9.5789e-16
4591.29  9.69013e-16
4592.71  9.79557e-16
4594.14  9.89348e-16
4595.56  9.98476e-16
4596.99  1.00722e-15
4598.41  1.01592e-15
4599.84  1.02486e-15
4601.26  1.03416e-15
4602.68  1.04371e-15
4604.11  1.05317e-15
4605.53  1.06201e-15
4606.96  1.06963e-15
4608.38  1.07548e-15
4609.81  1.07918e-15
4611.23  1.08064e-15
4612.65  1.08008e-15
4614.08  1.07803e-15
4615.5   1.07526e-15
4616.93  1.07257e-15
4618.35  1.07073e-15
4619.78  1.07018e-15
4621.2   1.07101e-15
4622.62  1.07283e-15
4624.05  1.07478e-15
4625.47  1.07571e-15
4626.9   1.07428e-15
4628.32  1.06926e-15
4629.75  1.0597e-15
4631.17  1.0452e-15
4632.59  1.02596e-15
4634.02  1.00284e-15
4635.44  9.77227e-16
4636.87  9.50879e-16
4638.29  9.25635e-16
4639.72  9.0314e-16
4641.14  8.8459e-16
4642.56  8.70542e-16
4643.99  8.60832e-16
4645.41  8.54607e-16
4646.84  8.50479e-16
4648.26  8.46749e-16
4649.69  8.41699e-16
4651.11  8.33863e-16
4652.53  8.22264e-16
4653.96  8.06561e-16
4655.38  7.87088e-16
4656.81  7.64782e-16
4658.23  7.41021e-16
4659.66  7.17394e-16
4661.08  6.95445e-16
4662.5   6.76437e-16
4663.93  6.61179e-16
4665.35  6.49922e-16
4666.78  6.42362e-16
4668.2   6.37729e-16
4669.63  6.34947e-16
4671.05  6.32835e-16
4672.47  6.30315e-16
4673.9   6.26587e-16
4675.32  6.2124e-16
4676.75  6.1429e-16
4678.17  6.06135e-16
4679.6   5.97437e-16
4681.02  5.88956e-16
4682.44  5.81382e-16
4683.87  5.75174e-16
4685.29  5.70467e-16
4686.72  5.67039e-16
4688.14  5.64361e-16
4689.57  5.61717e-16
4690.99  5.58356e-16
4692.41  5.53662e-16
4693.84  5.47295e-16
4695.26  5.3927e-16
4696.69  5.29971e-16
4698.11  5.20088e-16
4699.54  5.10491e-16
4700.96  5.02071e-16
4702.38  4.95579e-16
4703.81  4.91492e-16
4705.23  4.89933e-16
4706.66  4.90654e-16
4708.08  4.93087e-16
4709.51  4.96445e-16
4710.93  4.99848e-16
4712.35  5.02458e-16
4713.78  5.0359e-16
4715.2   5.0279e-16
4716.63  4.99867e-16
4718.05  4.94877e-16
4719.48  4.88083e-16
4720.9   4.79886e-16
4722.32  4.70755e-16
4723.75  4.61168e-16
4725.17  4.51565e-16
4726.6   4.42322e-16
4728.02  4.33739e-16
4729.45  4.26043e-16
4730.87  4.1939e-16
4732.29  4.1387e-16
4733.72  4.09509e-16
4735.14  4.06265e-16
4736.57  4.0403e-16
4737.99  4.02632e-16
4739.42  4.01849e-16
4740.84  4.01434e-16
4742.26  4.01145e-16
4743.69  4.00784e-16
4745.11  4.00232e-16
4746.54  3.99476e-16
4747.96  3.98609e-16
4749.39  3.97823e-16
4750.81  3.97365e-16
4752.23  3.97484e-16
4753.66  3.98369e-16
4755.08  4.00095e-16
4756.51  4.02581e-16
4757.93  4.05581e-16
4759.36  4.08715e-16
4760.78  4.11518e-16
4762.2   4.13528e-16
4763.63  4.1437e-16
4765.05  4.13844e-16
4766.48  4.11975e-16
4767.9   4.09042e-16
4769.33  4.05552e-16
4770.75  4.0218e-16
4772.17  3.99677e-16
4773.6   3.98753e-16
4775.02  3.99969e-16
4776.45  4.0364e-16
4777.87  4.09774e-16
4779.3   4.18054e-16
4780.72  4.27877e-16
4782.14  4.38431e-16
4783.57  4.48811e-16
4784.99  4.58156e-16
4786.42  4.6578e-16
4787.84  4.71277e-16
4789.27  4.74587e-16
4790.69  4.76003e-16
4792.11  4.76116e-16
4793.54  4.75716e-16
4794.96  4.75648e-16
4796.39  4.76666e-16
4797.81  4.79297e-16
4799.23  4.83734e-16
4800.66  4.89799e-16
4802.08  4.96955e-16
4803.51  5.04374e-16
4804.93  5.11063e-16
4806.36  5.15995e-16
4807.78  5.18252e-16
4809.2   5.17147e-16
4810.63  5.12309e-16
4812.05  5.03723e-16
4813.48  4.91733e-16
4814.9   4.77005e-16
4816.33  4.60461e-16
4817.75  4.43201e-16
4819.17  4.26408e-16
4820.6   4.11257e-16
4822.02  3.98816e-16
4823.45  3.8996e-16
4824.87  3.85278e-16
4826.3   3.85012e-16
4827.72  3.89e-16
4829.14  3.96665e-16
4830.57  4.0704e-16
4831.99  4.18846e-16
4833.42  4.30613e-16
4834.84  4.40841e-16
4836.27  4.48186e-16
4837.69  4.51641e-16
4839.11  4.50688e-16
4840.54  4.45395e-16
4841.96  4.36439e-16
4843.39  4.2504e-16
4844.81  4.12825e-16
4846.24  4.01608e-16
4847.66  3.93153e-16
4849.08  3.88924e-16
4850.51  3.89871e-16
4851.93  3.96294e-16
4853.36  4.07787e-16
4854.78  4.23294e-16
4856.21  4.41252e-16
4857.63  4.59807e-16
4859.05  4.77066e-16
4860.48  4.91347e-16
4861.9   5.01389e-16
4863.33  5.06491e-16
4864.75  5.06562e-16
4866.18  5.02085e-16
4867.6   4.94003e-16
4869.02  4.83557e-16
4870.45  4.72102e-16
4871.87  4.6093e-16
4873.3   4.51137e-16
4874.72  4.43534e-16
4876.15  4.38615e-16
4877.57  4.36574e-16
4878.99  4.37364e-16
4880.42  4.40762e-16
4881.84  4.46447e-16
4883.27  4.54058e-16
4884.69  4.63232e-16
4886.12  4.73625e-16
4887.54  4.84904e-16
4888.96  4.96742e-16
4890.39  5.08797e-16
4891.81  5.20709e-16
4893.24  5.32105e-16
4894.66  5.42612e-16
4896.09  5.51892e-16
4897.51  5.59674e-16
4898.93  5.65788e-16
4900.36  5.70197e-16
4901.78  5.73009e-16
4903.21  5.74481e-16
4904.63  5.75004e-16
4906.06  5.75073e-16
4907.48  5.75246e-16
4908.9   5.76091e-16
4910.33  5.78132e-16
4911.75  5.8179e-16
4913.18  5.87329e-16
4914.6   5.94815e-16
4916.03  6.04091e-16
4917.45  6.14771e-16
4918.87  6.26263e-16
4920.3   6.3782e-16
4921.72  6.48607e-16
4923.15  6.57794e-16
4924.57  6.64648e-16
4926     6.68618e-16
4927.42  6.69408e-16
4928.84  6.67008e-16
4930.27  6.61702e-16
4931.69  6.54032e-16
4933.12  6.44735e-16
4934.54  6.34657e-16
4935.97  6.24658e-16
4937.39  6.1552e-16
4938.81  6.07869e-16
4940.24  6.02121e-16
4941.66  5.98455e-16
4943.09  5.96805e-16
4944.51  5.96879e-16
4945.94  5.98204e-16
4947.36  6.00169e-16
4948.78  6.02093e-16
4950.21  6.03287e-16
4951.63  6.03119e-16
4953.06  6.01081e-16
4954.48  5.96837e-16
4955.91  5.90258e-16
4957.33  5.81439e-16
4958.75  5.70688e-16
4960.18  5.58491e-16
4961.6   5.45451e-16
4963.03  5.32224e-16
4964.45  5.19442e-16
4965.88  5.07644e-16
4967.3   4.97226e-16
4968.72  4.8841e-16
4970.15  4.81235e-16
4971.57  4.75569e-16
4973     4.71132e-16
4974.42  4.67532e-16
4975.85  4.64304e-16
4977.27  4.60947e-16
4978.69  4.56971e-16
4980.12  4.51943e-16
4981.54  4.45547e-16
4982.97  4.3764e-16
4984.39  4.28312e-16
4985.82  4.17936e-16
4987.24  4.07191e-16
4988.66  3.97041e-16
4990.09  3.88671e-16
4991.51  3.83362e-16
4992.94  3.82325e-16
4994.36  3.86503e-16
4995.79  3.96381e-16
4997.21  4.11836e-16
4998.63  4.32056e-16
5000.06  4.5556e-16
5001.48  4.80327e-16
5002.91  5.04019e-16
5004.33  5.24271e-16
5005.76  5.39004e-16
5007.18  5.46711e-16
5008.6   5.46656e-16
5010.03  5.38965e-16
5011.45  5.2458e-16
5012.88  5.05099e-16
5014.3   4.82515e-16
5015.73  4.58922e-16
5017.15  4.36226e-16
5018.57  4.15913e-16
5020     3.98915e-16
5021.42  3.85583e-16
5022.85  3.75761e-16
5024.27  3.68934e-16
5025.7   3.64412e-16
5027.12  3.61514e-16
5028.54  3.59706e-16
5029.97  3.58678e-16
5031.39  3.58355e-16
5032.82  3.58836e-16
5034.24  3.60307e-16
5035.67  3.62927e-16
5037.09  3.6674e-16
5038.51  3.71614e-16
5039.94  3.77226e-16
5041.36  3.83095e-16
5042.79  3.88651e-16
5044.21  3.9332e-16
5045.64  3.96612e-16
5047.06  3.98193e-16
5048.48  3.97929e-16
5049.91  3.95897e-16
5051.33  3.9236e-16
5052.76  3.87724e-16
5054.18  3.82474e-16
5055.6   3.77116e-16
5057.03  3.72118e-16
5058.45  3.67875e-16
5059.88  3.64689e-16
5061.3   3.6276e-16
5062.73  3.62196e-16
5064.15  3.6302e-16
5065.57  3.65179e-16
5067     3.68543e-16
5068.42  3.72904e-16
5069.85  3.77967e-16
5071.27  3.83345e-16
5072.7   3.8857e-16
5074.12  3.93112e-16
5075.54  3.96426e-16
5076.97  3.98006e-16
5078.39  3.97456e-16
5079.82  3.94559e-16
5081.24  3.89324e-16
5082.67  3.82013e-16
5084.09  3.73126e-16
5085.51  3.6335e-16
5086.94  3.53472e-16
5088.36  3.44272e-16
5089.79  3.36411e-16
5091.21  3.30343e-16
5092.64  3.26259e-16
5094.06  3.24075e-16
5095.48  3.23474e-16
5096.91  3.23985e-16
5098.33  3.25084e-16
5099.76  3.26298e-16
5101.18  3.27291e-16
5102.61  3.27912e-16
5104.03  3.28204e-16
5105.45  3.28367e-16
5106.88  3.28699e-16
5108.3   3.29511e-16
5109.73  3.31057e-16
5111.15  3.33479e-16
5112.58  3.36778e-16
5114     3.40825e-16
5115.42  3.45386e-16
5116.85  3.50179e-16
5118.27  3.54925e-16
5119.7   3.59399e-16
5121.12  3.63459e-16
5122.55  3.67056e-16
5123.97  3.70231e-16
5125.39  3.7308e-16
5126.82  3.75731e-16
5128.24  3.783e-16
5129.67  3.80872e-16
5131.09  3.83478e-16
5132.52  3.86098e-16
5133.94  3.88665e-16
5135.36  3.91095e-16
5136.79  3.93305e-16
5138.21  3.95246e-16
5139.64  3.96922e-16
5141.06  3.98412e-16
5142.49  3.99865e-16
5143.91  4.01499e-16
5145.33  4.0358e-16
5146.76  4.06387e-16
5148.18  4.10184e-16
5149.61  4.15175e-16
5151.03  4.2147e-16
5152.46  4.29054e-16
5153.88  4.37769e-16
5155.3   4.47307e-16
5156.73  4.57228e-16
5158.15  4.66988e-16
5159.58  4.75991e-16
5161     4.83658e-16
5162.43  4.89499e-16
5163.85  4.93188e-16
5165.27  4.94626e-16
5166.7   4.93979e-16
5168.12  4.91689e-16
5169.55  4.88438e-16
5170.97  4.85082e-16
5172.4   4.82549e-16
5173.82  4.81718e-16
5175.24  4.83296e-16
5176.67  4.87712e-16
5178.09  4.95045e-16
5179.52  5.05007e-16
5180.94  5.16968e-16
5182.37  5.30046e-16
5183.79  5.43234e-16
5185.21  5.55544e-16
5186.64  5.66159e-16
5188.06  5.74555e-16
5189.49  5.80581e-16
5190.91  5.84478e-16
5192.34  5.86838e-16
5193.76  5.88504e-16
5195.18  5.90436e-16
5196.61  5.93549e-16
5198.03  5.98573e-16
5199.46  6.05934e-16
5200.88  6.15699e-16
5202.31  6.27567e-16
5203.73  6.40934e-16
5205.15  6.54997e-16
5206.58  6.6888e-16
5208     6.81774e-16
5209.43  6.93044e-16
5210.85  7.02303e-16
5212.28  7.09438e-16
5213.7   7.14583e-16
5215.12  7.18055e-16
5216.55  7.20267e-16
5217.97  7.21636e-16
5219.4   7.22509e-16
5220.82  7.23109e-16
5222.25  7.23532e-16
5223.67  7.23764e-16
5225.09  7.23742e-16
5226.52  7.23421e-16
5227.94  7.22839e-16
5229.37  7.22174e-16
5230.79  7.21762e-16
5232.22  7.22079e-16
5233.64  7.23692e-16
5235.06  7.2717e-16
5236.49  7.32984e-16
5237.91  7.41404e-16
5239.34  7.52415e-16
5240.76  7.65671e-16
5242.19  7.80486e-16
5243.61  7.95889e-16
5245.03  8.10719e-16
5246.46  8.23755e-16
5247.88  8.33875e-16
5249.31  8.40202e-16
5250.73  8.42228e-16
5252.16  8.39904e-16
5253.58  8.33652e-16
5255     8.24335e-16
5256.43  8.13151e-16
5257.85  8.01487e-16
5259.28  7.90749e-16
5260.7   7.82185e-16
5262.13  7.76737e-16
5263.55  7.74934e-16
5264.97  7.7684e-16
5266.4   7.82079e-16
5267.82  7.89899e-16
5269.25  7.993e-16
5270.67  8.09178e-16
5272.1   8.18472e-16
5273.52  8.26305e-16
5274.94  8.32075e-16
5276.37  8.35506e-16
5277.79  8.36654e-16
5279.22  8.35853e-16
5280.64  8.33635e-16
5282.07  8.30633e-16
5283.49  8.27469e-16
5284.91  8.24669e-16
5286.34  8.22597e-16
5287.76  8.21421e-16
5289.19  8.21113e-16
5290.61  8.21483e-16
5292.04  8.22217e-16
5293.46  8.22942e-16
5294.88  8.23276e-16
5296.31  8.22876e-16
5297.73  8.2147e-16
5299.16  8.18876e-16
5300.58  8.15007e-16
5302.01  8.09868e-16
5303.43  8.03544e-16
5304.85  7.96191e-16
5306.28  7.88025e-16
5307.7   7.79305e-16
5309.13  7.70331e-16
5310.55  7.61428e-16
5311.97  7.52931e-16
5313.4   7.4517e-16
5314.82  7.38445e-16
5316.25  7.33003e-16
5317.67  7.29013e-16
5319.1   7.26541e-16
5320.52  7.2554e-16
5321.94  7.25846e-16
5323.37  7.27185e-16
5324.79  7.29206e-16
5326.22  7.31512e-16
5327.64  7.33708e-16
5329.07  7.35443e-16
5330.49  7.36451e-16
5331.91  7.3657e-16
5333.34  7.3575e-16
5334.76  7.34046e-16
5336.19  7.31586e-16
5337.61  7.28549e-16
5339.04  7.25137e-16
5340.46  7.21551e-16
5341.88  7.1799e-16
5343.31  7.14653e-16
5344.73  7.11746e-16
5346.16  7.09489e-16
5347.58  7.08115e-16
5349.01  7.07849e-16
5350.43  7.08877e-16
5351.85  7.11301e-16
5353.28  7.15104e-16
5354.7   7.20112e-16
5356.13  7.25996e-16
5357.55  7.3229e-16
5358.98  7.38448e-16
5360.4   7.43914e-16
5361.82  7.4821e-16
5363.25  7.51009e-16
5364.67  7.52192e-16
5366.1   7.51868e-16
5367.52  7.50355e-16
5368.95  7.48125e-16
5370.37  7.45731e-16
5371.79  7.43716e-16
5373.22  7.42532e-16
5374.64  7.4248e-16
5376.07  7.4368e-16
5377.49  7.46073e-16
5378.92  7.4945e-16
5380.34  7.53505e-16
5381.76  7.5789e-16
5383.19  7.62264e-16
5384.61  7.66337e-16
5386.04  7.69889e-16
5387.46  7.72766e-16
5388.89  7.74878e-16
5390.31  7.76168e-16
5391.73  7.76593e-16
5393.16  7.76103e-16
5394.58  7.74633e-16
5396.01  7.72099e-16
5397.43  7.68408e-16
5398.86  7.63478e-16
5400.28  7.57262e-16
5401.7   7.49777e-16
5403.13  7.41129e-16
5404.55  7.31538e-16
5405.98  7.2135e-16
5407.4   7.11043e-16
5408.83  7.01202e-16
5410.25  6.9249e-16
5411.67  6.85586e-16
5413.1   6.81113e-16
5414.52  6.79551e-16
5415.95  6.81151e-16
5417.37  6.85872e-16
5418.8   6.93332e-16
5420.22  7.02818e-16
5421.64  7.13335e-16
5423.07  7.23706e-16
5424.49  7.32709e-16
5425.92  7.39243e-16
5427.34  7.4248e-16
5428.77  7.41987e-16
5430.19  7.37807e-16
5431.61  7.30453e-16
5433.04  7.20845e-16
5434.46  7.10169e-16
5435.89  6.99703e-16
5437.31  6.90618e-16
5438.74  6.83804e-16
5440.16  6.79738e-16
5441.58  6.78432e-16
5443.01  6.79454e-16
5444.43  6.82027e-16
5445.86  6.85202e-16
5447.28  6.8804e-16
5448.71  6.89812e-16
5450.13  6.90144e-16
5451.55  6.89093e-16
5452.98  6.87146e-16
5454.4   6.85117e-16
5455.83  6.83982e-16
5457.25  6.84663e-16
5458.68  6.87816e-16
5460.1   6.9365e-16
5461.52  7.01834e-16
5462.95  7.11491e-16
5464.37  7.21298e-16
5465.8   7.29684e-16
5467.22  7.35068e-16
5468.65  7.36124e-16
5470.07  7.32003e-16
5471.49  7.22483e-16
5472.92  7.08016e-16
5474.34  6.89669e-16
5475.77  6.68968e-16
5477.19  6.47666e-16
5478.62  6.27501e-16
5480.04  6.09953e-16
5481.46  5.96069e-16
5482.89  5.86359e-16
5484.31  5.80789e-16
5485.74  5.78848e-16
5487.16  5.7969e-16
5488.59  5.82302e-16
5490.01  5.85677e-16
5491.43  5.88963e-16
5492.86  5.91565e-16
5494.28  5.9319e-16
5495.71  5.93838e-16
5497.13  5.93743e-16
5498.56  5.93285e-16
5499.98  5.92886e-16
5501.4   5.92911e-16
5502.83  5.93591e-16
5504.25  5.94978e-16
5505.68  5.96927e-16
5507.1   5.99123e-16
5508.53  6.01135e-16
5509.95  6.02483e-16
5511.37  6.02721e-16
5512.8   6.01507e-16
5514.22  5.98656e-16
5515.65  5.94165e-16
5517.07  5.88209e-16
5518.5   5.81099e-16
5519.92  5.73227e-16
5521.34  5.64992e-16
5522.77  5.56736e-16
5524.19  5.48691e-16
5525.62  5.40955e-16
5527.04  5.33504e-16
5528.47  5.26225e-16
5529.89  5.18982e-16
5531.31  5.11673e-16
5532.74  5.04297e-16
5534.16  4.96988e-16
5535.59  4.90021e-16
5537.01  4.83786e-16
5538.44  4.7873e-16
5539.86  4.75278e-16
5541.28  4.73755e-16
5542.71  4.74316e-16
5544.13  4.76899e-16
5545.56  4.81219e-16
5546.98  4.86792e-16
5548.41  4.92998e-16
5549.83  4.99166e-16
5551.25  5.04656e-16
5552.68  5.08948e-16
5554.1   5.11693e-16
5555.53  5.12743e-16
5556.95  5.12145e-16
5558.38  5.10097e-16
5559.8   5.06897e-16
5561.22  5.02868e-16
5562.65  4.98307e-16
5564.07  4.93432e-16
5565.5   4.88364e-16
5566.92  4.83136e-16
5568.34  4.77714e-16
5569.77  4.72042e-16
5571.19  4.66087e-16
5572.62  4.59878e-16
5574.04  4.5353e-16
5575.47  4.47246e-16
5576.89  4.41304e-16
5578.31  4.36019e-16
5579.74  4.31692e-16
5581.16  4.28561e-16
5582.59  4.26754e-16
5584.01  4.26261e-16
5585.44  4.26923e-16
5586.86  4.28448e-16
5588.28  4.30457e-16
5589.71  4.32535e-16
5591.13  4.34298e-16
5592.56  4.3546e-16
5593.98  4.35877e-16
5595.41  4.35573e-16
5596.83  4.34742e-16
5598.25  4.33712e-16
5599.68  4.3289e-16
5601.1   4.32695e-16
5602.53  4.33478e-16
5603.95  4.35458e-16
5605.38  4.38665e-16
5606.8   4.42923e-16
5608.22  4.47849e-16
5609.65  4.52895e-16
5611.07  4.57405e-16
5612.5   4.60699e-16
5613.92  4.6216e-16
5615.35  4.61318e-16
5616.77  4.57909e-16
5618.19  4.51922e-16
5619.62  4.4359e-16
5621.04  4.33363e-16
5622.47  4.21843e-16
5623.89  4.097e-16
5625.32  3.97584e-16
5626.74  3.86049e-16
5628.16  3.75499e-16
5629.59  3.66165e-16
5631.01  3.58117e-16
5632.44  3.51298e-16
5633.86  3.45574e-16
5635.29  3.40791e-16
5636.71  3.36822e-16
5638.13  3.33588e-16
5639.56  3.31075e-16
5640.98  3.29315e-16
5642.41  3.2837e-16
5643.83  3.28294e-16
5645.26  3.29108e-16
5646.68  3.3078e-16
5648.1   3.33212e-16
5649.53  3.36241e-16
5650.95  3.39652e-16
5652.38  3.43195e-16
5653.8   3.46606e-16
5655.23  3.49632e-16
5656.65  3.52045e-16
5658.07  3.53662e-16
5659.5   3.54351e-16
5660.92  3.54036e-16
5662.35  3.52694e-16
5663.77  3.50354e-16
5665.2   3.47084e-16
5666.62  3.42982e-16
5668.04  3.38175e-16
5669.47  3.32806e-16
5670.89  3.27039e-16
5672.32  3.21057e-16
5673.74  3.15067e-16
5675.17  3.09297e-16
5676.59  3.04e-16
5678.01  2.99439e-16
5679.44  2.95875e-16
5680.86  2.93546e-16
5682.29  2.92631e-16
5683.71  2.93226e-16
5685.14  2.9531e-16
5686.56  2.98725e-16
5687.98  3.03166e-16
5689.41  3.08194e-16
5690.83  3.13264e-16
5692.26  3.17789e-16
5693.68  3.21206e-16
5695.11  3.23066e-16
5696.53  3.23113e-16
5697.95  3.21349e-16
5699.38  3.18061e-16
5700.8   3.13813e-16
5702.23  3.09378e-16
5703.65  3.05636e-16
5705.08  3.03438e-16
5706.5   3.03453e-16
5707.92  3.06043e-16
5709.35  3.11172e-16
5710.77  3.18379e-16
5712.2   3.26822e-16
5713.62  3.3539e-16
5715.05  3.42866e-16
5716.47  3.48122e-16
5717.89  3.50301e-16
5719.32  3.48964e-16
5720.74  3.4417e-16
5722.17  3.3649e-16
5723.59  3.2692e-16
5725.02  3.16748e-16
5726.44  3.07364e-16
5727.86  3.00061e-16
5729.29  2.95858e-16
5730.71  2.95358e-16
5732.14  2.98683e-16
5733.56  3.05469e-16
5734.99  3.1494e-16
5736.41  3.26025e-16
5737.83  3.37514e-16
5739.26  3.48222e-16
5740.68  3.57141e-16
5742.11  3.63548e-16
5743.53  3.67087e-16
5744.96  3.67778e-16
5746.38  3.66003e-16
5747.8   3.62434e-16
5749.23  3.57947e-16
5750.65  3.53517e-16
5752.08  3.50114e-16
5753.5   3.48604e-16
5754.93  3.49671e-16
5756.35  3.53752e-16
5757.77  3.60995e-16
5759.2   3.71244e-16
5760.62  3.84047e-16
5762.05  3.98679e-16
5763.47  4.14202e-16
5764.9   4.29538e-16
5766.32  4.43565e-16
5767.74  4.55226e-16
5769.17  4.6364e-16
5770.59  4.68214e-16
5772.02  4.68729e-16
5773.44  4.65397e-16
5774.87  4.58873e-16
5776.29  4.50224e-16
5777.71  4.40835e-16
5779.14  4.32276e-16
5780.56  4.26135e-16
5781.99  4.23827e-16
5783.41  4.26415e-16
5784.84  4.34457e-16
5786.26  4.47908e-16
5787.68  4.66092e-16
5789.11  4.8775e-16
5790.53  5.11175e-16
5791.96  5.34404e-16
5793.38  5.55457e-16
5794.81  5.72587e-16
5796.23  5.84496e-16
5797.65  5.90505e-16
5799.08  5.90627e-16
5800.5   5.85551e-16
5801.93  5.76529e-16
5803.35  5.65185e-16
5804.78  5.53283e-16
5806.2   5.42475e-16
5807.62  5.34089e-16
5809.05  5.28975e-16
5810.47  5.27432e-16
5811.9   5.29228e-16
5813.32  5.337e-16
5814.75  5.39913e-16
5816.17  5.46847e-16
5817.59  5.53585e-16
5819.02  5.59457e-16
5820.44  5.64136e-16
5821.87  5.67661e-16
5823.29  5.70396e-16
5824.71  5.72935e-16
5826.14  5.75971e-16
5827.56  5.80163e-16
5828.99  5.8601e-16
5830.41  5.93761e-16
5831.84  6.0337e-16
5833.26  6.14499e-16
5834.68  6.26565e-16
5836.11  6.38822e-16
5837.53  6.50463e-16
5838.96  6.60726e-16
5840.38  6.68992e-16
5841.81  6.74859e-16
5843.23  6.78186e-16
5844.65  6.791e-16
5846.08  6.7797e-16
5847.5   6.7536e-16
5848.93  6.71946e-16
5850.35  6.68435e-16
5851.78  6.65484e-16
5853.2   6.63629e-16
5854.62  6.63229e-16
5856.05  6.64452e-16
5857.47  6.67268e-16
5858.9   6.71483e-16
5860.32  6.76779e-16
5861.75  6.82768e-16
5863.17  6.89041e-16
5864.59  6.95215e-16
5866.02  7.00951e-16
5867.44  7.0597e-16
5868.87  7.10045e-16
5870.29  7.12985e-16
5871.72  7.14628e-16
5873.14  7.14828e-16
5874.56  7.13464e-16
5875.99  7.10466e-16
5877.41  7.05836e-16
5878.84  6.99693e-16
5880.26  6.92289e-16
5881.69  6.84023e-16
5883.11  6.75419e-16
5884.53  6.67081e-16
5885.96  6.59626e-16
5887.38  6.53597e-16
5888.81  6.49389e-16
5890.23  6.47183e-16
5891.66  6.46915e-16
5893.08  6.48277e-16
5894.5   6.50764e-16
5895.93  6.53739e-16
5897.35  6.56536e-16
5898.78  6.58544e-16
5900.2   6.59302e-16
5901.63  6.5855e-16
5903.05  6.56266e-16
5904.47  6.52649e-16
5905.9   6.4809e-16
5907.32  6.431e-16
5908.75  6.38235e-16
5910.17  6.34016e-16
5911.6   6.30852e-16
5913.02  6.28989e-16
5914.44  6.28478e-16
5915.87  6.29165e-16
5917.29  6.30721e-16
5918.72  6.32675e-16
5920.14  6.3447e-16
5921.57  6.3553e-16
5922.99  6.35308e-16
5924.41  6.33346e-16
5925.84  6.29308e-16
5927.26  6.23005e-16
5928.69  6.14416e-16
5930.11  6.03685e-16
5931.54  5.9112e-16
5932.96  5.77182e-16
5934.38  5.6247e-16
5935.81  5.47685e-16
5937.23  5.33601e-16
5938.66  5.21008e-16
5940.08  5.10655e-16
5941.51  5.03178e-16
5942.93  4.99034e-16
5944.35  4.98437e-16
5945.78  5.01317e-16
5947.2   5.07303e-16
5948.63  5.15741e-16
5950.05  5.25739e-16
5951.48  5.36253e-16
5952.9   5.46188e-16
5954.32  5.54504e-16
5955.75  5.60328e-16
5957.17  5.63038e-16
5958.6   5.62323e-16
5960.02  5.58206e-16
5961.45  5.51034e-16
5962.87  5.41427e-16
5964.29  5.30208e-16
5965.72  5.18312e-16
5967.14  5.06686e-16
5968.57  4.96194e-16
5969.99  4.87533e-16
5971.42  4.81169e-16
5972.84  4.77296e-16
5974.26  4.75827e-16
5975.69  4.76412e-16
5977.11  4.78486e-16
5978.54  4.81342e-16
5979.96  4.84219e-16
5981.39  4.86397e-16
5982.81  4.87289e-16
5984.23  4.8651e-16
5985.66  4.83928e-16
5987.08  4.79672e-16
5988.51  4.74111e-16
5989.93  4.67789e-16
5991.36  4.6135e-16
5992.78  4.55437e-16
5994.2   4.50605e-16
5995.63  4.47245e-16
5997.05  4.45533e-16
5998.48  4.45417e-16
5999.9   4.46627e-16
6001.33  4.48726e-16
6002.75  4.51164e-16
6004.17  4.53354e-16
6005.6   4.54747e-16
6007.02  4.54888e-16
6008.45  4.53474e-16
6009.87  4.50382e-16
6011.3   4.45678e-16
6012.72  4.39609e-16
6014.14  4.32574e-16
6015.57  4.25072e-16
6016.99  4.17644e-16
6018.42  4.10808e-16
6019.84  4.04993e-16
6021.27  4.00487e-16
6022.69  3.97402e-16
6024.11  3.95664e-16
6025.54  3.95033e-16
6026.96  3.9514e-16
6028.39  3.95547e-16
6029.81  3.95814e-16
6031.24  3.95563e-16
6032.66  3.94528e-16
6034.08  3.92591e-16
6035.51  3.89791e-16
6036.93  3.86309e-16
6038.36  3.82444e-16
6039.78  3.78577e-16
6041.21  3.75123e-16
6042.63  3.72501e-16
6044.05  3.71098e-16
6045.48  3.71238e-16
6046.9   3.73165e-16
6048.33  3.77016e-16
6049.75  3.82802e-16
6051.18  3.90389e-16
6052.6   3.99482e-16
6054.02  4.0963e-16
6055.45  4.20237e-16
6056.87  4.30606e-16
6058.3   4.4e-16
6059.72  4.47724e-16
6061.15  4.53205e-16
6062.57  4.56082e-16
6063.99  4.56249e-16
6065.42  4.53887e-16
6066.84  4.49434e-16
6068.27  4.43522e-16
6069.69  4.3688e-16
6071.12  4.30212e-16
6072.54  4.24095e-16
6073.96  4.1888e-16
6075.39  4.14651e-16
6076.81  4.11225e-16
6078.24  4.08202e-16
6079.66  4.05062e-16
6081.09  4.01274e-16
6082.51  3.96422e-16
6083.93  3.90293e-16
6085.36  3.8294e-16
6086.78  3.74685e-16
6088.21  3.66071e-16
6089.63  3.57768e-16
6091.05  3.50447e-16
6092.48  3.44656e-16
6093.9   3.40704e-16
6095.33  3.38594e-16
6096.75  3.38008e-16
6098.18  3.3835e-16
6099.6   3.38842e-16
6101.02  3.38654e-16
6102.45  3.37044e-16
6103.87  3.33488e-16
6105.3   3.27764e-16
6106.72  3.19999e-16
6108.15  3.10645e-16
6109.57  3.00407e-16
6110.99  2.9014e-16
6112.42  2.80711e-16
6113.84  2.72875e-16
6115.27  2.6716e-16
6116.69  2.63803e-16
6118.12  2.62716e-16
6119.54  2.63512e-16
6120.96  2.65565e-16
6122.39  2.68106e-16
6123.81  2.70335e-16
6125.24  2.71531e-16
6126.66  2.71156e-16
6128.09  2.6892e-16
6129.51  2.64819e-16
6130.93  2.5913e-16
6132.36  2.52374e-16
6133.78  2.45236e-16
6135.21  2.38476e-16
6136.63  2.32828e-16
6138.06  2.28896e-16
6139.48  2.27079e-16
6140.9   2.27519e-16
6142.33  2.30079e-16
6143.75  2.34366e-16
6145.18  2.39784e-16
6146.6   2.45612e-16
6148.03  2.51107e-16
6149.45  2.55603e-16
6150.87  2.58599e-16
6152.3   2.59826e-16
6153.72  2.59272e-16
6155.15  2.57178e-16
6156.57  2.53981e-16
6158     2.50242e-16
6159.42  2.46551e-16
6160.84  2.43433e-16
6162.27  2.4128e-16
6163.69  2.40309e-16
6165.12  2.40561e-16
6166.54  2.41942e-16
6167.97  2.44291e-16
6169.39  2.47451e-16
6170.81  2.5135e-16
6172.24  2.56033e-16
6173.66  2.61674e-16
6175.09  2.68526e-16
6176.51  2.76846e-16
6177.94  2.86785e-16
6179.36  2.98286e-16
6180.78  3.11009e-16
6182.21  3.24307e-16
6183.63  3.37259e-16
6185.06  3.48784e-16
6186.48  3.57795e-16
6187.91  3.63381e-16
6189.33  3.64982e-16
6190.75  3.6252e-16
6192.18  3.56449e-16
6193.6   3.47724e-16
6195.03  3.37667e-16
6196.45  3.27775e-16
6197.88  3.19481e-16
6199.3   3.13925e-16
6200.72  3.1177e-16
6202.15  3.13099e-16
6203.57  3.17412e-16
6205     3.23727e-16
6206.42  3.30765e-16
6207.85  3.37179e-16
6209.27  3.41802e-16
6210.69  3.43848e-16
6212.12  3.43053e-16
6213.54  3.39716e-16
6214.97  3.34639e-16
6216.39  3.28988e-16
6217.82  3.2408e-16
6219.24  3.21155e-16
6220.66  3.2116e-16
6222.09  3.2458e-16
6223.51  3.31353e-16
6224.94  3.40873e-16
6226.36  3.52086e-16
6227.79  3.63648e-16
6229.21  3.74146e-16
6230.63  3.82307e-16
6232.06  3.872e-16
6233.48  3.88366e-16
6234.91  3.85884e-16
6236.33  3.8034e-16
6237.76  3.72731e-16
6239.18  3.64301e-16
6240.6   3.5635e-16
6242.03  3.50037e-16
6243.45  3.46218e-16
6244.88  3.45332e-16
6246.3   3.4735e-16
6247.73  3.518e-16
6249.15  3.57857e-16
6250.57  3.64474e-16
6252     3.70558e-16
6253.42  3.75137e-16
6254.85  3.77513e-16
6256.27  3.7738e-16
6257.7   3.74873e-16
6259.12  3.70555e-16
6260.54  3.65342e-16
6261.97  3.60362e-16
6263.39  3.56781e-16
6264.82  3.55619e-16
6266.24  3.57581e-16
6267.67  3.62934e-16
6269.09  3.71447e-16
6270.51  3.82415e-16
6271.94  3.94748e-16
6273.36  4.07131e-16
6274.79  4.18213e-16
6276.21  4.26806e-16
6277.64  4.32056e-16
6279.06  4.33561e-16
6280.48  4.31423e-16
6281.91  4.26213e-16
6283.33  4.18881e-16
6284.76  4.10604e-16
6286.18  4.02611e-16
6287.61  3.96016e-16
6289.03  3.91673e-16
6290.45  3.90082e-16
6291.88  3.91354e-16
6293.3   3.95233e-16
6294.73  4.01168e-16
6296.15  4.08414e-16
6297.58  4.16157e-16
6299     4.23619e-16
6300.42  4.30158e-16
6301.85  4.35327e-16
6303.27  4.38904e-16
6304.7   4.4088e-16
6306.12  4.41429e-16
6307.55  4.40851e-16
6308.97  4.39505e-16
6310.39  4.37747e-16
6311.82  4.35873e-16
6313.24  4.34078e-16
6314.67  4.32436e-16
6316.09  4.30899e-16
6317.52  4.29321e-16
6318.94  4.27495e-16
6320.36  4.25198e-16
6321.79  4.22252e-16
6323.21  4.18566e-16
6324.64  4.14175e-16
6326.06  4.0926e-16
6327.49  4.04136e-16
6328.91  3.99229e-16
6330.33  3.95017e-16
6331.76  3.91971e-16
6333.18  3.9048e-16
6334.61  3.90791e-16
6336.03  3.9296e-16
6337.46  3.96832e-16
6338.88  4.02058e-16
6340.3   4.08132e-16
6341.73  4.14461e-16
6343.15  4.20449e-16
6344.58  4.25574e-16
6346     4.29469e-16
6347.42  4.31962e-16
6348.85  4.33101e-16
6350.27  4.33133e-16
6351.7   4.32458e-16
6353.12  4.31564e-16
6354.55  4.30943e-16
6355.97  4.31014e-16
6357.39  4.32059e-16
6358.82  4.34181e-16
6360.24  4.37295e-16
6361.67  4.41138e-16
6363.09  4.45315e-16
6364.52  4.49355e-16
6365.94  4.52778e-16
6367.36  4.55162e-16
6368.79  4.56201e-16
6370.21  4.55741e-16
6371.64  4.53799e-16
6373.06  4.50562e-16
6374.49  4.46352e-16
6375.91  4.41589e-16
6377.33  4.36721e-16
6378.76  4.32171e-16
6380.18  4.2827e-16
6381.61  4.25216e-16
6383.03  4.23049e-16
6384.46  4.21651e-16
6385.88  4.20774e-16
6387.3   4.20094e-16
6388.73  4.19269e-16
6390.15  4.18011e-16
6391.58  4.16145e-16
6393     4.13646e-16
6394.43  4.10655e-16
6395.85  4.07458e-16
6397.27  4.0445e-16
6398.7   4.02071e-16
6400.12  4.00735e-16
6401.55  4.00772e-16
6402.97  4.02368e-16
6404.4   4.05537e-16
6405.82  4.10111e-16
6407.24  4.15752e-16
6408.67  4.21994e-16
6410.09  4.28285e-16
6411.52  4.34056e-16
6412.94  4.38782e-16
6414.37  4.42043e-16
6415.79  4.43573e-16
6417.21  4.43301e-16
6418.64  4.41359e-16
6420.06  4.38076e-16
6421.49  4.33941e-16
6422.91  4.29546e-16
6424.34  4.25512e-16
6425.76  4.22415e-16
6427.18  4.20709e-16
6428.61  4.20674e-16
6430.03  4.22385e-16
6431.46  4.25714e-16
6432.88  4.3036e-16
6434.31  4.35896e-16
6435.73  4.41837e-16
6437.15  4.47699e-16
6438.58  4.53052e-16
6440     4.57559e-16
6441.43  4.60985e-16
6442.85  4.632e-16
6444.28  4.64158e-16
6445.7   4.63874e-16
6447.12  4.62412e-16
6448.55  4.59859e-16
6449.97  4.56335e-16
6451.4   4.51989e-16
6452.82  4.47011e-16
6454.25  4.41643e-16
6455.67  4.36178e-16
6457.09  4.30945e-16
6458.52  4.2629e-16
6459.94  4.22533e-16
6461.37  4.19929e-16
6462.79  4.18624e-16
6464.22  4.18628e-16
6465.64  4.19801e-16
6467.06  4.21868e-16
6468.49  4.2445e-16
6469.91  4.27122e-16
6471.34  4.29474e-16
6472.76  4.31172e-16
6474.19  4.32012e-16
6475.61  4.31941e-16
6477.03  4.31064e-16
6478.46  4.29613e-16
6479.88  4.27902e-16
6481.31  4.26265e-16
6482.73  4.24995e-16
6484.16  4.24292e-16
6485.58  4.24237e-16
6487     4.24779e-16
6488.43  4.25762e-16
6489.85  4.26959e-16
6491.28  4.28122e-16
6492.7   4.29036e-16
6494.13  4.29558e-16
6495.55  4.29642e-16
6496.97  4.29348e-16
6498.4   4.28824e-16
6499.82  4.28281e-16
6501.25  4.27952e-16
6502.67  4.28046e-16
6504.1   4.28715e-16
6505.52  4.30014e-16
6506.94  4.31892e-16
6508.37  4.3418e-16
6509.79  4.36611e-16
6511.22  4.38838e-16
6512.64  4.40477e-16
6514.07  4.41152e-16
6515.49  4.40545e-16
6516.91  4.38447e-16
6518.34  4.34801e-16
6519.76  4.29734e-16
6521.19  4.23568e-16
6522.61  4.16806e-16
6524.04  4.10088e-16
6525.46  4.04123e-16
6526.88  3.99593e-16
6528.31  3.97044e-16
6529.73  3.96779e-16
6531.16  3.98778e-16
6532.58  4.02649e-16
6534.01  4.07646e-16
6535.43  4.12749e-16
6536.85  4.1681e-16
6538.28  4.1875e-16
6539.7   4.17778e-16
6541.13  4.13599e-16
6542.55  4.06564e-16
6543.98  3.97726e-16
6545.4   3.88779e-16
6546.82  3.81866e-16
6548.25  3.79274e-16
6549.67  3.8306e-16
6551.1   3.94649e-16
6552.52  4.14501e-16
6553.95  4.41889e-16
6555.37  4.7486e-16
6556.79  5.10397e-16
6558.22  5.44774e-16
6559.64  5.74067e-16
6561.07  5.94734e-16
6562.49  6.04169e-16
6563.92  6.01135e-16
6565.34  5.85991e-16
6566.76  5.60666e-16
6568.19  5.28374e-16
6569.61  4.93126e-16
6571.04  4.59101e-16
6572.46  4.30012e-16
6573.89  4.08548e-16
6575.31  3.9601e-16
6576.73  3.92191e-16
6578.16  3.95507e-16
6579.58  4.0336e-16
6581.01  4.12645e-16
6582.43  4.20318e-16
6583.86  4.23915e-16
6585.28  4.21933e-16
6586.7   4.14023e-16
6588.13  4.00962e-16
6589.55  3.8444e-16
6590.98  3.66693e-16
6592.4   3.50083e-16
6593.83  3.36676e-16
6595.25  3.27921e-16
6596.67  3.24446e-16
6598.1   3.26025e-16
6599.52  3.31685e-16
6600.95  3.39929e-16
6602.37  3.49027e-16
6603.79  3.57311e-16
6605.22  3.63427e-16
6606.64  3.6651e-16
6608.07  3.66245e-16
6609.49  3.62838e-16
6610.92  3.56899e-16
6612.34  3.49278e-16
6613.76  3.40877e-16
6615.19  3.32501e-16
6616.61  3.24735e-16
6618.04  3.17896e-16
6619.46  3.12041e-16
6620.89  3.07026e-16
6622.31  3.02598e-16
6623.73  2.98489e-16
6625.16  2.94506e-16
6626.58  2.90581e-16
6628.01  2.86796e-16
6629.43  2.83361e-16
6630.86  2.80569e-16
6632.28  2.78726e-16
6633.7   2.78089e-16
6635.13  2.78803e-16
6636.55  2.80868e-16
6637.98  2.84126e-16
6639.4   2.88282e-16
6640.83  2.9294e-16
6642.25  2.97664e-16
6643.67  3.02041e-16
6645.1   3.0573e-16
6646.52  3.08514e-16
6647.95  3.10313e-16
6649.37  3.11181e-16
6650.8   3.11276e-16
6652.22  3.10812e-16
6653.64  3.10001e-16
6655.07  3.08995e-16
6656.49  3.0784e-16
6657.92  3.06459e-16
6659.34  3.04658e-16
6660.77  3.02169e-16
6662.19  2.98714e-16
6663.61  2.94084e-16
6665.04  2.8822e-16
6666.46  2.81278e-16
6667.89  2.73644e-16
6669.31  2.65927e-16
6670.74  2.58882e-16
6672.16  2.53305e-16
6673.58  2.499e-16
6675.01  2.4914e-16
6676.43  2.51162e-16
6677.86  2.55699e-16
6679.28  2.62091e-16
6680.71  2.69349e-16
6682.13  2.76295e-16
6683.55  2.81732e-16
6684.98  2.84627e-16
6686.4   2.84276e-16
6687.83  2.80409e-16
6689.25  2.73225e-16
6690.68  2.63361e-16
6692.1   2.51775e-16
6693.52  2.39597e-16
6694.95  2.27955e-16
6696.37  2.1782e-16
6697.8   2.09891e-16
6699.22  2.04528e-16
6700.65  2.01765e-16
6702.07  2.01352e-16
6703.49  2.02855e-16
6704.92  2.05753e-16
6706.34  2.0954e-16
6707.77  2.13794e-16
6709.19  2.18222e-16
6710.62  2.22665e-16
6712.04  2.27082e-16
6713.46  2.31507e-16
6714.89  2.36009e-16
6716.31  2.40647e-16
6717.74  2.4544e-16
6719.16  2.50345e-16
6720.59  2.55253e-16
6722.01  2.59993e-16
6723.43  2.64346e-16
6724.86  2.68063e-16
6726.28  2.70889e-16
6727.71  2.7258e-16
6729.13  2.72921e-16
6730.56  2.71746e-16
6731.98  2.68951e-16
6733.4   2.64504e-16
6734.83  2.58458e-16
6736.25  2.5096e-16
6737.68  2.42256e-16
6739.1   2.32696e-16
6740.53  2.22729e-16
6741.95  2.12884e-16
6743.37  2.03746e-16
6744.8   1.95905e-16
6746.22  1.89907e-16
6747.65  1.86187e-16
6749.07  1.85014e-16
6750.5   1.86441e-16
6751.92  1.90288e-16
6753.34  1.96143e-16
6754.77  2.03405e-16
6756.19  2.11346e-16
6757.62  2.19194e-16
6759.04  2.26224e-16
6760.47  2.31833e-16
6761.89  2.35599e-16
6763.31  2.37307e-16
6764.74  2.36946e-16
6766.16  2.34675e-16
6767.59  2.30777e-16
6769.01  2.256e-16
6770.44  2.19513e-16
6771.86  2.1287e-16
6773.28  2.05999e-16
6774.71  1.99202e-16
6776.13  1.92774e-16
6777.56  1.87014e-16
6778.98  1.8223e-16
6780.41  1.78728e-16
6781.83  1.7677e-16
6783.25  1.76535e-16
6784.68  1.78054e-16
6786.1   1.81173e-16
6787.53  1.85525e-16
6788.95  1.90544e-16
6790.38  1.95521e-16
6791.8   1.99692e-16
6793.22  2.02347e-16
6794.65  2.02954e-16
6796.07  2.01253e-16
6797.5   1.97321e-16
6798.92  1.91578e-16
6800.35  1.84745e-16
6801.77  1.77735e-16
6803.19  1.71525e-16
6804.62  1.67005e-16
6806.04  1.64844e-16
6807.47  1.65392e-16
6808.89  1.68633e-16
6810.32  1.74196e-16
6811.74  1.81424e-16
6813.16  1.89479e-16
6814.59  1.97473e-16
6816.01  2.04592e-16
6817.44  2.10208e-16
6818.86  2.1395e-16
6820.29  2.15732e-16
6821.71  2.15735e-16
6823.13  2.14356e-16
6824.56  2.12122e-16
6825.98  2.09599e-16
6827.41  2.07295e-16
6828.83  2.05591e-16
6830.26  2.04685e-16
6831.68  2.04578e-16
6833.1   2.05088e-16
6834.53  2.05897e-16
6835.95  2.06616e-16
6837.38  2.06859e-16
6838.8   2.06321e-16
6840.23  2.04836e-16
6841.65  2.02415e-16
6843.07  1.9925e-16
6844.5   1.95683e-16
6845.92  1.92157e-16
6847.35  1.89128e-16
6848.77  1.8698e-16
6850.2   1.85952e-16
6851.62  1.86073e-16
6853.04  1.87147e-16
6854.47  1.88777e-16
6855.89  1.90423e-16
6857.32  1.91505e-16
6858.74  1.91509e-16
6860.16  1.90101e-16
6861.59  1.87205e-16
6863.01  1.83043e-16
6864.44  1.78121e-16
6865.86  1.73163e-16
6867.29  1.68998e-16
6868.71  1.66428e-16
6870.13  1.66095e-16
6871.56  1.68365e-16
6872.98  1.7326e-16
6874.41  1.80449e-16
6875.83  1.89283e-16
6877.26  1.98897e-16
6878.68  2.08329e-16
6880.1   2.16659e-16
6881.53  2.23134e-16
6882.95  2.27262e-16
6884.38  2.28857e-16
6885.8   2.28039e-16
6887.23  2.25188e-16
6888.65  2.20855e-16
6890.07  2.15667e-16
6891.5   2.10224e-16
6892.92  2.05023e-16
6894.35  2.00407e-16
6895.77  1.96553e-16
6897.2   1.93494e-16
6898.62  1.91167e-16
6900.04  1.89468e-16
6901.47  1.88305e-16
6902.89  1.87633e-16
6904.32  1.87463e-16
6905.74  1.87847e-16
6907.17  1.88836e-16
6908.59  1.90438e-16
6910.01  1.92572e-16
6911.44  1.95043e-16
6912.86  1.97546e-16
6914.29  1.99693e-16
6915.71  2.01075e-16
6917.14  2.01332e-16
6918.56  2.00226e-16
6919.98  1.97703e-16
6921.41  1.93922e-16
6922.83  1.89248e-16
6924.26  1.84216e-16
6925.68  1.79446e-16
6927.11  1.75557e-16
6928.53  1.73064e-16
6929.95  1.72296e-16
6931.38  1.73343e-16
6932.8   1.76038e-16
6934.23  1.79983e-16
6935.65  1.84607e-16
6937.08  1.89256e-16
6938.5   1.93287e-16
6939.92  1.9616e-16
6941.35  1.97506e-16
6942.77  1.97174e-16
6944.2   1.95237e-16
6945.62  1.91967e-16
6947.05  1.87784e-16
6948.47  1.83195e-16
6949.89  1.78715e-16
6951.32  1.74813e-16
6952.74  1.71856e-16
6954.17  1.7008e-16
6955.59  1.69583e-16
6957.02  1.70324e-16
6958.44  1.72149e-16
6959.86  1.74805e-16
6961.29  1.77977e-16
6962.71  1.81307e-16
6964.14  1.84426e-16
6965.56  1.86984e-16
6966.99  1.88682e-16
6968.41  1.89309e-16
6969.83  1.88775e-16
6971.26  1.87148e-16
6972.68  1.84663e-16
6974.11  1.8172e-16
6975.53  1.78852e-16
6976.96  1.7666e-16
6978.38  1.75732e-16
6979.8   1.76538e-16
6981.23  1.7934e-16
6982.65  1.84109e-16
6984.08  1.90493e-16
6985.5   1.97822e-16
6986.93  2.05174e-16
6988.35  2.11492e-16
6989.77  2.15727e-16
6991.2   2.17005e-16
6992.62  2.14771e-16
6994.05  2.08907e-16
6995.47  1.99785e-16
6996.9   1.88253e-16
6998.32  1.75551e-16
6999.74  1.63164e-16
7001.17  1.52638e-16
7002.59  1.45372e-16
7004.02  1.42433e-16
7005.44  1.44404e-16
7006.87  1.51301e-16
7008.29  1.62561e-16
7009.71  1.77104e-16
7011.14  1.93472e-16
7012.56  2.10001e-16
7013.99  2.25026e-16
7015.41  2.37073e-16
7016.84  2.45021e-16
7018.26  2.48213e-16
7019.68  2.46505e-16
7021.11  2.40253e-16
7022.53  2.3024e-16
7023.96  2.17566e-16
7025.38  2.03514e-16
7026.81  1.89402e-16
7028.23  1.76454e-16
7029.65  1.65683e-16
7031.08  1.57809e-16
7032.5   1.53207e-16
7033.93  1.51891e-16
7035.35  1.53532e-16
7036.78  1.57506e-16
7038.2   1.62973e-16
7039.62  1.68977e-16
7041.05  1.74552e-16
7042.47  1.78846e-16
7043.9   1.81222e-16
7045.32  1.81339e-16
7046.75  1.79204e-16
7048.17  1.7517e-16
7049.59  1.69897e-16
7051.02  1.64255e-16
7052.44  1.59208e-16
7053.87  1.55672e-16
7055.29  1.54378e-16
7056.72  1.55766e-16
7058.14  1.59913e-16
7059.56  1.66521e-16
7060.99  1.74959e-16
7062.41  1.8435e-16
7063.84  1.93699e-16
7065.26  2.02028e-16
7066.69  2.08506e-16
7068.11  2.12553e-16
7069.53  2.13908e-16
7070.96  2.12645e-16
7072.38  2.0915e-16
7073.81  2.04058e-16
7075.23  1.98162e-16
7076.66  1.9231e-16
7078.08  1.87305e-16
7079.5   1.83811e-16
7080.93  1.82288e-16
7082.35  1.82943e-16
7083.78  1.85719e-16
7085.2   1.90315e-16
7086.63  1.96227e-16
7088.05  2.0282e-16
7089.47  2.09406e-16
7090.9   2.15337e-16
7092.32  2.2008e-16
7093.75  2.23276e-16
7095.17  2.24773e-16
7096.6   2.2462e-16
7098.02  2.23032e-16
7099.44  2.20328e-16
7100.87  2.16857e-16
7102.29  2.1293e-16
7103.72  2.08768e-16
7105.14  2.04476e-16
7106.57  2.00056e-16
7107.99  1.95444e-16
7109.41  1.90564e-16
7110.84  1.85395e-16
7112.26  1.80014e-16
7113.69  1.74623e-16
7115.11  1.69533e-16
7116.53  1.65121e-16
7117.96  1.61758e-16
7119.38  1.59727e-16
7120.81  1.59154e-16
7122.23  1.59951e-16
7123.66  1.61813e-16
7125.08  1.64253e-16
7126.5   1.66674e-16
7127.93  1.68473e-16
7129.35  1.6916e-16
7130.78  1.68449e-16
7132.2   1.66326e-16
7133.63  1.6306e-16
7135.05  1.59164e-16
7136.47  1.553e-16
7137.9   1.5216e-16
7139.32  1.50334e-16
7140.75  1.50197e-16
7142.17  1.51842e-16
7143.6   1.55062e-16
7145.02  1.594e-16
7146.44  1.64241e-16
7147.87  1.68935e-16
7149.29  1.72922e-16
7150.72  1.75838e-16
7152.14  1.77567e-16
7153.57  1.78253e-16
7154.99  1.78248e-16
7156.41  1.78027e-16
7157.84  1.78082e-16
7159.26  1.78821e-16
7160.69  1.80492e-16
7162.11  1.83151e-16
7163.54  1.8666e-16
7164.96  1.90739e-16
7166.38  1.9503e-16
7167.81  1.99173e-16
7169.23  2.02873e-16
7170.66  2.05936e-16
7172.08  2.08287e-16
7173.51  2.09956e-16
7174.93  2.11047e-16
7176.35  2.11698e-16
7177.78  2.1205e-16
7179.2   2.1222e-16
7180.63  2.12291e-16
7182.05  2.12317e-16
7183.48  2.12325e-16
7184.9   2.12327e-16
7186.32  2.12327e-16
7187.75  2.12327e-16
7189.17  2.12327e-16