#-2.2247360857211063
3376.83  2.53875e-16
3379.85  2.42932e-16
3382.86  2.32119e-16
3385.87  2.2156e-16
3388.88  2.11375e-16
3391.9   2.01675e-16
3394.91  1.92555e-16
3397.92  1.84098e-16
3400.93  1.76372e-16
3403.94  1.69425e-16
3406.96  1.6329e-16
3409.97  1.57983e-16
3412.98  1.53501e-16
3415.99  1.49829e-16
3419.01  1.46934e-16
3422.02  1.44772e-16
3425.03  1.43292e-16
3428.04  1.42432e-16
3431.05  1.42125e-16
3434.07  1.42303e-16
3437.08  1.42896e-16
3440.09  1.43838e-16
3443.1   1.45065e-16
3446.11  1.4652e-16
3449.13  1.48151e-16
3452.14  1.49916e-16
3455.15  1.5178e-16
3458.16  1.53718e-16
3461.18  1.5571e-16
3464.19  1.57748e-16
3467.2   1.59826e-16
3470.21  1.61946e-16
3473.22  1.64113e-16
3476.24  1.66336e-16
3479.25  1.68623e-16
3482.26  1.70981e-16
3485.27  1.73418e-16
3488.28  1.75936e-16
3491.3   1.78534e-16
3494.31  1.81207e-16
3497.32  1.83944e-16
3500.33  1.86729e-16
3503.35  1.89542e-16
3506.36  1.92357e-16
3509.37  1.95147e-16
3512.38  1.97881e-16
3515.39  2.00526e-16
3518.41  2.03054e-16
3521.42  2.05433e-16
3524.43  2.07639e-16
3527.44  2.0965e-16
3530.45  2.11453e-16
3533.47  2.13041e-16
3536.48  2.14413e-16
3539.49  2.15582e-16
3542.5   2.16566e-16
3545.52  2.17395e-16
3548.53  2.18106e-16
3551.54  2.18745e-16
3554.55  2.19365e-16
3557.56  2.20026e-16
3560.58  2.2079e-16
3563.59  2.21723e-16
3566.6   2.22891e-16
3569.61  2.24356e-16
3572.63  2.26179e-16
3575.64  2.28412e-16
3578.65  2.31098e-16
3581.66  2.34272e-16
3584.67  2.37955e-16
3587.69  2.42154e-16
3590.7   2.46861e-16
3593.71  2.52054e-16
3596.72  2.57692e-16
3599.73  2.63723e-16
3602.75  2.70074e-16
3605.76  2.76663e-16
3608.77  2.83393e-16
3611.78  2.90156e-16
3614.8   2.96837e-16
3617.81  3.03315e-16
3620.82  3.09466e-16
3623.83  3.15164e-16
3626.84  3.2029e-16
3629.86  3.24726e-16
3632.87  3.28368e-16
3635.88  3.3112e-16
3638.89  3.32904e-16
3641.9   3.33654e-16
3644.92  3.33325e-16
3647.93  3.31893e-16
3650.94  3.29351e-16
3653.95  3.25715e-16
3656.97  3.2102e-16
3659.98  3.15323e-16
3662.99  3.08696e-16
3666     3.0123e-16
3669.01  2.93031e-16
3672.03  2.84214e-16
3675.04  2.74906e-16
3678.05  2.65238e-16
3681.06  2.55344e-16
3684.07  2.45357e-16
3687.09  2.3541e-16
3690.1   2.25624e-16
3693.11  2.16116e-16
3696.12  2.06989e-16
3699.14  1.98332e-16
3702.15  1.90222e-16
3705.16  1.8272e-16
3708.17  1.75869e-16
3711.18  1.69699e-16
3714.2   1.64224e-16
3717.21  1.59444e-16
3720.22  1.55348e-16
3723.23  1.51915e-16
3726.25  1.49116e-16
3729.26  1.46917e-16
3732.27  1.45284e-16
3735.28  1.44181e-16
3738.29  1.43576e-16
3741.31  1.43445e-16
3744.32  1.43769e-16
3747.33  1.44542e-16
3750.34  1.45768e-16
3753.35  1.47463e-16
3756.37  1.4966e-16
3759.38  1.524e-16
3762.39  1.55741e-16
3765.4   1.59749e-16
3768.42  1.64504e-16
3771.43  1.7009e-16
3774.44  1.76598e-16
3777.45  1.84122e-16
3780.46  1.92754e-16
3783.48  2.02586e-16
3786.49  2.13699e-16
3789.5   2.26166e-16
3792.51  2.4005e-16
3795.52  2.55395e-16
3798.54  2.72231e-16
3801.55  2.90567e-16
3804.56  3.10394e-16
3807.57  3.31682e-16
3810.59  3.54379e-16
3813.6   3.78416e-16
3816.61  4.03703e-16
3819.62  4.30135e-16
3822.63  4.5759e-16
3825.65  4.85938e-16
3828.66  5.15037e-16
3831.67  5.4474e-16
3834.68  5.74897e-16
3837.7   6.05361e-16
3840.71  6.35986e-16
3843.72  6.66635e-16
3846.73  6.97179e-16
3849.74  7.27502e-16
3852.76  7.575e-16
3855.77  7.87086e-16
3858.78  8.16185e-16
3861.79  8.44739e-16
3864.8   8.72705e-16
3867.82  9.00052e-16
3870.83  9.26761e-16
3873.84  9.52823e-16
3876.85  9.78239e-16
3879.87  1.00301e-15
3882.88  1.02714e-15
3885.89  1.05064e-15
3888.9   1.0735e-15
3891.91  1.09573e-15
3894.93  1.11731e-15
3897.94  1.13821e-15
3900.95  1.1584e-15
3903.96  1.17783e-15
3906.97  1.19644e-15
3909.99  1.21417e-15
3913     1.23092e-15
3916.01  1.2466e-15
3919.02  1.26111e-15
3922.04  1.27435e-15
3925.05  1.2862e-15
3928.06  1.29656e-15
3931.07  1.30531e-15
3934.08  1.31237e-15
3937.1   1.31764e-15
3940.11  1.32104e-15
3943.12  1.32253e-15
3946.13  1.32206e-15
3949.14  1.3196e-15
3952.16  1.31518e-15
3955.17  1.30881e-15
3958.18  1.30055e-15
3961.19  1.29047e-15
3964.21  1.27867e-15
3967.22  1.26527e-15
3970.23  1.25042e-15
3973.24  1.23426e-15
3976.25  1.21698e-15
3979.27  1.19875e-15
3982.28  1.17977e-15
3985.29  1.16023e-15
3988.3   1.14033e-15
3991.32  1.12026e-15
3994.33  1.10021e-15
3997.34  1.08036e-15
4000.35  1.06088e-15
4003.36  1.04192e-15
4006.38  1.02361e-15
4009.39  1.00608e-15
4012.4   9.89431e-16
4015.41  9.73729e-16
4018.42  9.59036e-16
4021.44  9.45389e-16
4024.45  9.32802e-16
4027.46  9.21273e-16
4030.47  9.10777e-16
4033.49  9.01273e-16
4036.5   8.92706e-16
4039.51  8.85004e-16
4042.52  8.78084e-16
4045.53  8.71852e-16
4048.55  8.66206e-16
4051.56  8.6104e-16
4054.57  8.56243e-16
4057.58  8.51702e-16
4060.59  8.47306e-16
4063.61  8.42947e-16
4066.62  8.38523e-16
4069.63  8.33939e-16
4072.64  8.2911e-16
4075.66  8.23961e-16
4078.67  8.18432e-16
4081.68  8.12476e-16
4084.69  8.06063e-16
4087.7   7.99177e-16
4090.72  7.91823e-16
4093.73  7.84021e-16
4096.74  7.75808e-16
4099.75  7.67239e-16
4102.76  7.58386e-16
4105.78  7.49334e-16
4108.79  7.40182e-16
4111.8   7.31039e-16
4114.81  7.22025e-16
4117.83  7.13262e-16
4120.84  7.0488e-16
4123.85  6.97004e-16
4126.86  6.89759e-16
4129.87  6.83263e-16
4132.89  6.77625e-16
4135.9   6.72939e-16
4138.91  6.69287e-16
4141.92  6.66733e-16
4144.94  6.65321e-16
4147.95  6.65075e-16
4150.96  6.65996e-16
4153.97  6.68065e-16
4156.98  6.7124e-16
4160     6.75458e-16
4163.01  6.80639e-16
4166.02  6.8668e-16
4169.03  6.93468e-16
4172.04  7.00872e-16
4175.06  7.08756e-16
4178.07  7.16972e-16
4181.08  7.25373e-16
4184.09  7.33809e-16
4187.11  7.42132e-16
4190.12  7.50202e-16
4193.13  7.57886e-16
4196.14  7.65063e-16
4199.15  7.71624e-16
4202.17  7.77476e-16
4205.18  7.8254e-16
4208.19  7.86755e-16
4211.2   7.90076e-16
4214.21  7.92476e-16
4217.23  7.93944e-16
4220.24  7.94483e-16
4223.25  7.94112e-16
4226.26  7.92862e-16
4229.28  7.90776e-16
4232.29  7.87908e-16
4235.3   7.84317e-16
4238.31  7.80072e-16
4241.32  7.75246e-16
4244.34  7.69915e-16
4247.35  7.64157e-16
4250.36  7.58051e-16
4253.37  7.51677e-16
4256.38  7.45112e-16
4259.4   7.38434e-16
4262.41  7.31714e-16
4265.42  7.25022e-16
4268.43  7.18426e-16
4271.45  7.11987e-16
4274.46  7.0576e-16
4277.47  6.99799e-16
4280.48  6.94148e-16
4283.49  6.88848e-16
4286.51  6.83931e-16
4289.52  6.79423e-16
4292.53  6.75342e-16
4295.54  6.71701e-16
4298.56  6.68503e-16
4301.57  6.65742e-16
4304.58  6.63406e-16
4307.59  6.61477e-16
4310.6   6.59928e-16
4313.62  6.58725e-16
4316.63  6.57831e-16
4319.64  6.57204e-16
4322.65  6.568e-16
4325.66  6.56571e-16
4328.68  6.56473e-16
4331.69  6.56463e-16
4334.7   6.56502e-16
4337.71  6.56557e-16
4340.73  6.56603e-16
4343.74  6.56623e-16
4346.75  6.56614e-16
4349.76  6.56582e-16
4352.77  6.56547e-16
4355.79  6.5654e-16
4358.8   6.56609e-16
4361.81  6.56812e-16
4364.82  6.57217e-16
4367.83  6.57907e-16
4370.85  6.58969e-16
4373.86  6.605e-16
4376.87  6.62599e-16
4379.88  6.65366e-16
4382.9   6.689e-16
4385.91  6.73297e-16
4388.92  6.78642e-16
4391.93  6.85013e-16
4394.94  6.92472e-16
4397.96  7.01068e-16
4400.97  7.10831e-16
4403.98  7.21773e-16
4406.99  7.33883e-16
4410     7.47134e-16
4413.02  7.61475e-16
4416.03  7.76838e-16
4419.04  7.93133e-16
4422.05  8.10256e-16
4425.07  8.28089e-16
4428.08  8.465e-16
4431.09  8.65352e-16
4434.1   8.84499e-16
4437.11  9.03797e-16
4440.13  9.23102e-16
4443.14  9.42276e-16
4446.15  9.61193e-16
4449.16  9.79734e-16
4452.18  9.978e-16
4455.19  1.01531e-15
4458.2   1.03219e-15
4461.21  1.0484e-15
4464.22  1.06391e-15
4467.24  1.07873e-15
4470.25  1.09287e-15
4473.26  1.10635e-15
4476.27  1.11924e-15
4479.28  1.1316e-15
4482.3   1.14349e-15
4485.31  1.15502e-15
4488.32  1.16626e-15
4491.33  1.1773e-15
4494.35  1.18823e-15
4497.36  1.19914e-15
4500.37  1.21009e-15
4503.38  1.22115e-15
4506.39  1.23236e-15
4509.41  1.24375e-15
4512.42  1.25534e-15
4515.43  1.26713e-15
4518.44  1.27908e-15
4521.45  1.29117e-15
4524.47  1.30334e-15
4527.48  1.31551e-15
4530.49  1.32761e-15
4533.5   1.33954e-15
4536.52  1.35119e-15
4539.53  1.36247e-15
4542.54  1.37327e-15
4545.55  1.38348e-15
4548.56  1.39301e-15
4551.58  1.40175e-15
4554.59  1.40963e-15
4557.6   1.41657e-15
4560.61  1.42251e-15
4563.62  1.42741e-15
4566.64  1.43123e-15
4569.65  1.43397e-15
4572.66  1.43562e-15
4575.67  1.43618e-15
4578.69  1.43569e-15
4581.7   1.43418e-15
4584.71  1.43169e-15
4587.72  1.42826e-15
4590.73  1.42397e-15
4593.75  1.41885e-15
4596.76  1.41297e-15
4599.77  1.40639e-15
4602.78  1.39917e-15
4605.8   1.39134e-15
4608.81  1.38297e-15
4611.82  1.37409e-15
4614.83  1.36474e-15
4617.84  1.35496e-15
4620.86  1.34478e-15
4623.87  1.33421e-15
4626.88  1.32329e-15
4629.89  1.31204e-15
4632.9   1.30047e-15
4635.92  1.28862e-15
4638.93  1.27651e-15
4641.94  1.26417e-15
4644.95  1.25163e-15
4647.97  1.23893e-15
4650.98  1.22611e-15
4653.99  1.21322e-15
4657     1.20031e-15
4660.01  1.18744e-15
4663.03  1.17465e-15
4666.04  1.16202e-15
4669.05  1.1496e-15
4672.06  1.13746e-15
4675.07  1.12564e-15
4678.09  1.11419e-15
4681.1   1.10318e-15
4684.11  1.09264e-15
4687.12  1.0826e-15
4690.14  1.0731e-15
4693.15  1.06415e-15
4696.16  1.05577e-15
4699.17  1.04797e-15
4702.18  1.04073e-15
4705.2   1.03407e-15
4708.21  1.02796e-15
4711.22  1.02239e-15
4714.23  1.01735e-15
4717.25  1.01283e-15
4720.26  1.00882e-15
4723.27  1.00529e-15
4726.28  1.00225e-15
4729.29  9.99695e-16
4732.31  9.9763e-16
4735.32  9.96062e-16
4738.33  9.95004e-16
4741.34  9.94475e-16
4744.35  9.94493e-16
4747.37  9.95078e-16
4750.38  9.9625e-16
4753.39  9.98024e-16
4756.4   1.00041e-15
4759.42  1.0034e-15
4762.43  1.007e-15
4765.44  1.01117e-15
4768.45  1.01588e-15
4771.46  1.02106e-15
4774.48  1.02665e-15
4777.49  1.03254e-15
4780.5   1.03862e-15
4783.51  1.04476e-15
4786.52  1.05081e-15
4789.54  1.0566e-15
4792.55  1.06197e-15
4795.56  1.06672e-15
4798.57  1.07068e-15
4801.59  1.07365e-15
4804.6   1.07547e-15
4807.61  1.07597e-15
4810.62  1.075e-15
4813.63  1.07244e-15
4816.65  1.06818e-15
4819.66  1.06218e-15
4822.67  1.05438e-15
4825.68  1.04481e-15
4828.69  1.03352e-15
4831.71  1.02058e-15
4834.72  1.00614e-15
4837.73  9.90355e-16
4840.74  9.73441e-16
4843.76  9.55633e-16
4846.77  9.37201e-16
4849.78  9.18434e-16
4852.79  8.99641e-16
4855.8   8.81138e-16
4858.82  8.63244e-16
4861.83  8.46273e-16
4864.84  8.30527e-16
4867.85  8.16287e-16
4870.87  8.03805e-16
4873.88  7.93302e-16
4876.89  7.84957e-16
4879.9   7.78906e-16
4882.91  7.75238e-16
4885.93  7.7399e-16
4888.94  7.75149e-16
4891.95  7.78651e-16
4894.96  7.84381e-16
4897.97  7.92176e-16
4900.99  8.01832e-16
4904     8.13104e-16
4907.01  8.25715e-16
4910.02  8.39363e-16
4913.04  8.53725e-16
4916.05  8.68468e-16
4919.06  8.83254e-16
4922.07  8.9775e-16
4925.08  9.11636e-16
4928.1   9.24608e-16
4931.11  9.3639e-16
4934.12  9.46737e-16
4937.13  9.55441e-16
4940.14  9.62333e-16
4943.16  9.67289e-16
4946.17  9.70231e-16
4949.18  9.71125e-16
4952.19  9.69985e-16
4955.21  9.66869e-16
4958.22  9.61875e-16
4961.23  9.55141e-16
4964.24  9.46839e-16
4967.25  9.37168e-16
4970.27  9.26354e-16
4973.28  9.14637e-16
4976.29  9.02272e-16
4979.3   8.89516e-16
4982.31  8.76628e-16
4985.33  8.63859e-16
4988.34  8.51449e-16
4991.35  8.3962e-16
4994.36  8.28575e-16
4997.38  8.18489e-16
5000.39  8.09512e-16
5003.4   8.01764e-16
5006.41  7.95333e-16
5009.42  7.90276e-16
5012.44  7.86619e-16
5015.45  7.8436e-16
5018.46  7.83464e-16
5021.47  7.83876e-16
5024.49  7.85513e-16
5027.5   7.88275e-16
5030.51  7.92045e-16
5033.52  7.96694e-16
5036.53  8.02083e-16
5039.55  8.0807e-16
5042.56  8.14512e-16
5045.57  8.21267e-16
5048.58  8.28201e-16
5051.59  8.35185e-16
5054.61  8.42106e-16
5057.62  8.4886e-16
5060.63  8.55361e-16
5063.64  8.61538e-16
5066.66  8.67335e-16
5069.67  8.72715e-16
5072.68  8.77656e-16
5075.69  8.82152e-16
5078.7   8.86211e-16
5081.72  8.89854e-16
5084.73  8.93115e-16
5087.74  8.96036e-16
5090.75  8.98667e-16
5093.76  9.01063e-16
5096.78  9.03282e-16
5099.79  9.05384e-16
5102.8   9.07429e-16
5105.81  9.09473e-16
5108.83  9.11571e-16
5111.84  9.13769e-16
5114.85  9.1611e-16
5117.86  9.18629e-16
5120.87  9.21352e-16
5123.89  9.24301e-16
5126.9   9.27486e-16
5129.91  9.30912e-16
5132.92  9.34577e-16
5135.93  9.38472e-16
5138.95  9.42584e-16
5141.96  9.46892e-16
5144.97  9.51376e-16
5147.98  9.5601e-16
5151     9.60768e-16
5154.01  9.65622e-16
5157.02  9.70545e-16
5160.03  9.7551e-16
5163.04  9.80493e-16
5166.06  9.85472e-16
5169.07  9.90423e-16
5172.08  9.9533e-16
5175.09  1.00018e-15
5178.11  1.00494e-15
5181.12  1.00962e-15
5184.13  1.0142e-15
5187.14  1.01867e-15
5190.15  1.023e-15
5193.17  1.0272e-15
5196.18  1.03125e-15
5199.19  1.03513e-15
5202.2   1.03882e-15
5205.21  1.04229e-15
5208.23  1.04553e-15
5211.24  1.0485e-15
5214.25  1.05116e-15
5217.26  1.05349e-15
5220.28  1.05544e-15
5223.29  1.05698e-15
5226.3   1.05805e-15
5229.31  1.05862e-15
5232.32  1.05864e-15
5235.34  1.05808e-15
5238.35  1.05691e-15
5241.36  1.05509e-15
5244.37  1.0526e-15
5247.38  1.04943e-15
5250.4   1.04557e-15
5253.41  1.04104e-15
5256.42  1.03584e-15
5259.43  1.03001e-15
5262.45  1.02359e-15
5265.46  1.01664e-15
5268.47  1.00921e-15
5271.48  1.00138e-15
5274.49  9.93252e-16
5277.51  9.84907e-16
5280.52  9.76452e-16
5283.53  9.67993e-16
5286.54  9.59641e-16
5289.55  9.51508e-16
5292.57  9.43704e-16
5295.58  9.36335e-16
5298.59  9.29501e-16
5301.6   9.23295e-16
5304.62  9.17801e-16
5307.63  9.13088e-16
5310.64  9.09215e-16
5313.65  9.06224e-16
5316.66  9.04145e-16
5319.68  9.02991e-16
5322.69  9.02756e-16
5325.7   9.03424e-16
5328.71  9.04961e-16
5331.73  9.07318e-16
5334.74  9.10435e-16
5337.75  9.14241e-16
5340.76  9.18651e-16
5343.77  9.23578e-16
5346.79  9.28924e-16
5349.8   9.34588e-16
5352.81  9.40468e-16
5355.82  9.4646e-16
5358.83  9.52464e-16
5361.85  9.58379e-16
5364.86  9.64113e-16
5367.87  9.69578e-16
5370.88  9.74693e-16
5373.9   9.79386e-16
5376.91  9.83594e-16
5379.92  9.87265e-16
5382.93  9.90352e-16
5385.94  9.92824e-16
5388.96  9.94655e-16
5391.97  9.9583e-16
5394.98  9.96344e-16
5397.99  9.96198e-16
5401     9.95403e-16
5404.02  9.93976e-16
5407.03  9.9194e-16
5410.04  9.89324e-16
5413.05  9.86159e-16
5416.07  9.82484e-16
5419.08  9.78338e-16
5422.09  9.73762e-16
5425.1   9.68802e-16
5428.11  9.63501e-16
5431.13  9.57905e-16
5434.14  9.52062e-16
5437.15  9.46016e-16
5440.16  9.39816e-16
5443.17  9.33506e-16
5446.19  9.27133e-16
5449.2   9.20744e-16
5452.21  9.14382e-16
5455.22  9.08094e-16
5458.24  9.01925e-16
5461.25  8.9592e-16
5464.26  8.90123e-16
5467.27  8.84578e-16
5470.28  8.7933e-16
5473.3   8.74422e-16
5476.31  8.69896e-16
5479.32  8.65793e-16
5482.33  8.62153e-16
5485.35  8.59012e-16
5488.36  8.56406e-16
5491.37  8.54366e-16
5494.38  8.52919e-16
5497.39  8.5209e-16
5500.41  8.51895e-16
5503.42  8.52347e-16
5506.43  8.53453e-16
5509.44  8.55213e-16
5512.45  8.57618e-16
5515.47  8.60653e-16
5518.48  8.64295e-16
5521.49  8.68514e-16
5524.5   8.73269e-16
5527.52  8.78516e-16
5530.53  8.84198e-16
5533.54  8.90255e-16
5536.55  8.96618e-16
5539.56  9.03215e-16
5542.58  9.09966e-16
5545.59  9.16788e-16
5548.6   9.23595e-16
5551.61  9.30301e-16
5554.62  9.36816e-16
5557.64  9.43054e-16
5560.65  9.48928e-16
5563.66  9.54357e-16
5566.67  9.59264e-16
5569.69  9.63577e-16
5572.7   9.67232e-16
5575.71  9.70172e-16
5578.72  9.72352e-16
5581.73  9.73736e-16
5584.75  9.74297e-16
5587.76  9.74024e-16
5590.77  9.72914e-16
5593.78  9.7098e-16
5596.8   9.68244e-16
5599.81  9.64744e-16
5602.82  9.60526e-16
5605.83  9.55651e-16
5608.84  9.50187e-16
5611.86  9.44214e-16
5614.87  9.37819e-16
5617.88  9.31096e-16
5620.89  9.24143e-16
5623.9   9.17061e-16
5626.92  9.09954e-16
5629.93  9.02923e-16
5632.94  8.96067e-16
5635.95  8.89479e-16
5638.97  8.83246e-16
5641.98  8.77446e-16
5644.99  8.72143e-16
5648     8.67392e-16
5651.01  8.63232e-16
5654.03  8.59687e-16
5657.04  8.56763e-16
5660.05  8.54453e-16
5663.06  8.52729e-16
5666.07  8.5155e-16
5669.09  8.50855e-16
5672.1   8.50571e-16
5675.11  8.50612e-16
5678.12  8.50877e-16
5681.14  8.51259e-16
5684.15  8.51642e-16
5687.16  8.51906e-16
5690.17  8.5193e-16
5693.18  8.51595e-16
5696.2   8.50785e-16
5699.21  8.49395e-16
5702.22  8.47327e-16
5705.23  8.44499e-16
5708.24  8.40844e-16
5711.26  8.36314e-16
5714.27  8.30879e-16
5717.28  8.2453e-16
5720.29  8.17281e-16
5723.31  8.09168e-16
5726.32  8.00246e-16
5729.33  7.90594e-16
5732.34  7.80307e-16
5735.35  7.69499e-16
5738.37  7.58299e-16
5741.38  7.46847e-16
5744.39  7.35294e-16
5747.4   7.23796e-16
5750.42  7.12509e-16
5753.43  7.01594e-16
5756.44  6.91202e-16
5759.45  6.8148e-16
5762.46  6.72562e-16
5765.48  6.64573e-16
5768.49  6.57617e-16
5771.5   6.51786e-16
5774.51  6.4715e-16
5777.52  6.4376e-16
5780.54  6.41648e-16
5783.55  6.40825e-16
5786.56  6.41284e-16
5789.57  6.42997e-16
5792.59  6.45922e-16
5795.6   6.5e-16
5798.61  6.55159e-16
5801.62  6.61317e-16
5804.63  6.68383e-16
5807.65  6.76257e-16
5810.66  6.84839e-16
5813.67  6.94023e-16
5816.68  7.03708e-16
5819.69  7.1379e-16
5822.71  7.24171e-16
5825.72  7.34758e-16
5828.73  7.45463e-16
5831.74  7.56205e-16
5834.76  7.6691e-16
5837.77  7.7751e-16
5840.78  7.87947e-16
5843.79  7.98165e-16
5846.8   8.08119e-16
5849.82  8.17765e-16
5852.83  8.27069e-16
5855.84  8.35997e-16
5858.85  8.44521e-16
5861.86  8.52615e-16
5864.88  8.60257e-16
5867.89  8.67425e-16
5870.9   8.74101e-16
5873.91  8.80268e-16
5876.93  8.8591e-16
5879.94  8.91015e-16
5882.95  8.95571e-16
5885.96  8.99569e-16
5888.97  9.03005e-16
5891.99  9.05875e-16
5895     9.08181e-16
5898.01  9.09928e-16
5901.02  9.11127e-16
5904.04  9.11791e-16
5907.05  9.11941e-16
5910.06  9.11601e-16
5913.07  9.108e-16
5916.08  9.09572e-16
5919.1   9.07954e-16
5922.11  9.05988e-16
5925.12  9.03719e-16
5928.13  9.01193e-16
5931.14  8.9846e-16
5934.16  8.95569e-16
5937.17  8.92568e-16
5940.18  8.89507e-16
5943.19  8.86433e-16
5946.21  8.83388e-16
5949.22  8.80414e-16
5952.23  8.77549e-16
5955.24  8.74823e-16
5958.25  8.72265e-16
5961.27  8.69897e-16
5964.28  8.67735e-16
5967.29  8.6579e-16
5970.3   8.64066e-16
5973.31  8.62564e-16
5976.33  8.61276e-16
5979.34  8.6019e-16
5982.35  8.59289e-16
5985.36  8.58549e-16
5988.38  8.57943e-16
5991.39  8.57439e-16
5994.4   8.56999e-16
5997.41  8.56583e-16
6000.42  8.56145e-16
6003.44  8.55636e-16
6006.45  8.55004e-16
6009.46  8.54193e-16
6012.47  8.53146e-16
6015.48  8.51802e-16
6018.5   8.50097e-16
6021.51  8.47969e-16
6024.52  8.45351e-16
6027.53  8.42179e-16
6030.55  8.38389e-16
6033.56  8.33918e-16
6036.57  8.28707e-16
6039.58  8.22698e-16
6042.59  8.15841e-16
6045.61  8.08091e-16
6048.62  7.9941e-16
6051.63  7.89771e-16
6054.64  7.79154e-16
6057.66  7.67553e-16
6060.67  7.54972e-16
6063.68  7.4143e-16
6066.69  7.26958e-16
6069.7   7.11603e-16
6072.72  6.95426e-16
6075.73  6.78501e-16
6078.74  6.60917e-16
6081.75  6.42776e-16
6084.76  6.24192e-16
6087.78  6.05291e-16
6090.79  5.86205e-16
6093.8   5.67076e-16
6096.81  5.48051e-16
6099.83  5.2928e-16
6102.84  5.10912e-16
6105.85  4.93095e-16
6108.86  4.75975e-16
6111.87  4.59689e-16
6114.89  4.44366e-16
6117.9   4.30125e-16
6120.91  4.17072e-16
6123.92  4.05299e-16
6126.93  3.94882e-16
6129.95  3.85882e-16
6132.96  3.78342e-16
6135.97  3.72288e-16
6138.98  3.67729e-16
6142     3.64657e-16
6145.01  3.63049e-16
6148.02  3.62865e-16
6151.03  3.64054e-16
6154.04  3.66549e-16
6157.06  3.70277e-16
6160.07  3.75151e-16
6163.08  3.81082e-16
6166.09  3.87973e-16
6169.1   3.95724e-16
6172.12  4.04233e-16
6175.13  4.134e-16
6178.14  4.23125e-16
6181.15  4.33313e-16
6184.17  4.43872e-16
6187.18  4.54716e-16
6190.19  4.65766e-16
6193.2   4.76948e-16
6196.21  4.88197e-16
6199.23  4.99455e-16
6202.24  5.10671e-16
6205.25  5.21802e-16
6208.26  5.32812e-16
6211.28  5.43671e-16
6214.29  5.54354e-16
6217.3   5.64842e-16
6220.31  5.75121e-16
6223.32  5.85181e-16
6226.34  5.95012e-16
6229.35  6.0461e-16
6232.36  6.13969e-16
6235.37  6.23088e-16
6238.38  6.31962e-16
6241.4   6.40589e-16
6244.41  6.48965e-16
6247.42  6.57085e-16
6250.43  6.64944e-16
6253.45  6.72537e-16
6256.46  6.79855e-16
6259.47  6.86892e-16
6262.48  6.9364e-16
6265.49  7.00089e-16
6268.51  7.06232e-16
6271.52  7.12061e-16
6274.53  7.1757e-16
6277.54  7.22753e-16
6280.55  7.27608e-16
6283.57  7.32132e-16
6286.58  7.36327e-16
6289.59  7.40196e-16
6292.6   7.43747e-16
6295.62  7.46989e-16
6298.63  7.49934e-16
6301.64  7.52599e-16
6304.65  7.55001e-16
6307.66  7.57163e-16
6310.68  7.59106e-16
6313.69  7.60857e-16
6316.7   7.62443e-16
6319.71  7.63891e-16
6322.72  7.65231e-16
6325.74  7.6649e-16
6328.75  7.67698e-16
6331.76  7.68882e-16
6334.77  7.70066e-16
6337.79  7.71275e-16
6340.8   7.72529e-16
6343.81  7.73847e-16
6346.82  7.75242e-16
6349.83  7.76727e-16
6352.85  7.78308e-16
6355.86  7.79987e-16
6358.87  7.81765e-16
6361.88  7.83635e-16
6364.9   7.85588e-16
6367.91  7.87612e-16
6370.92  7.89689e-16
6373.93  7.91801e-16
6376.94  7.93924e-16
6379.96  7.96033e-16
6382.97  7.98102e-16
6385.98  8.00102e-16
6388.99  8.02005e-16
6392     8.03781e-16
6395.02  8.05401e-16
6398.03  8.06838e-16
6401.04  8.08065e-16
6404.05  8.09058e-16
6407.07  8.09795e-16
6410.08  8.10256e-16
6413.09  8.10425e-16
6416.1   8.10291e-16
6419.11  8.09844e-16
6422.13  8.09079e-16
6425.14  8.07997e-16
6428.15  8.06599e-16
6431.16  8.04893e-16
6434.17  8.02891e-16
6437.19  8.00608e-16
6440.2   7.98061e-16
6443.21  7.95273e-16
6446.22  7.92267e-16
6449.24  7.89072e-16
6452.25  7.85715e-16
6455.26  7.82227e-16
6458.27  7.78641e-16
6461.28  7.74988e-16
6464.3   7.71301e-16
6467.31  7.67612e-16
6470.32  7.63952e-16
6473.33  7.60351e-16
6476.35  7.56837e-16
6479.36  7.53436e-16
6482.37  7.5017e-16
6485.38  7.47061e-16
6488.39  7.44124e-16
6491.41  7.41375e-16
6494.42  7.38822e-16
6497.43  7.36472e-16
6500.44  7.34326e-16
6503.45  7.32385e-16
6506.47  7.30642e-16
6509.48  7.29087e-16
6512.49  7.2771e-16
6515.5   7.26493e-16
6518.52  7.25419e-16
6521.53  7.24465e-16
6524.54  7.23608e-16
6527.55  7.22821e-16
6530.56  7.22079e-16
6533.58  7.21353e-16
6536.59  7.20614e-16
6539.6   7.19835e-16
6542.61  7.18987e-16
6545.62  7.18044e-16
6548.64  7.16981e-16
6551.65  7.15776e-16
6554.66  7.1441e-16
6557.67  7.12865e-16
6560.69  7.11128e-16
6563.7   7.09192e-16
6566.71  7.07051e-16
6569.72  7.04705e-16
6572.73  7.02158e-16
6575.75  6.9942e-16
6578.76  6.96505e-16
6581.77  6.93429e-16
6584.78  6.90216e-16
6587.79  6.86891e-16
6590.81  6.83483e-16
6593.82  6.80025e-16
6596.83  6.76551e-16
6599.84  6.73096e-16
6602.86  6.69698e-16
6605.87  6.66394e-16
6608.88  6.6322e-16
6611.89  6.60211e-16
6614.9   6.57399e-16
6617.92  6.54816e-16
6620.93  6.52488e-16
6623.94  6.50438e-16
6626.95  6.48683e-16
6629.97  6.47238e-16
6632.98  6.46111e-16
6635.99  6.45305e-16
6639     6.44817e-16
6642.01  6.4464e-16
6645.03  6.4476e-16
6648.04  6.4516e-16
6651.05  6.45816e-16
6654.06  6.46703e-16
6657.07  6.47791e-16
6660.09  6.49046e-16
6663.1   6.50432e-16
6666.11  6.51914e-16
6669.12  6.53453e-16
6672.14  6.55012e-16
6675.15  6.56553e-16
6678.16  6.5804e-16
6681.17  6.59438e-16
6684.18  6.60714e-16
6687.2   6.6184e-16
6690.21  6.62789e-16
6693.22  6.63535e-16
6696.23  6.64061e-16
6699.24  6.64347e-16
6702.26  6.64382e-16
6705.27  6.64154e-16
6708.28  6.63656e-16
6711.29  6.62882e-16
6714.31  6.61832e-16
6717.32  6.60504e-16
6720.33  6.58899e-16
6723.34  6.5702e-16
6726.35  6.5487e-16
6729.37  6.52454e-16
6732.38  6.49775e-16
6735.39  6.46839e-16
6738.4   6.4365e-16
6741.41  6.40213e-16
6744.43  6.36531e-16
6747.44  6.32611e-16
6750.45  6.28457e-16
6753.46  6.24074e-16
6756.48  6.19469e-16
6759.49  6.1465e-16
6762.5   6.09626e-16
6765.51  6.04408e-16
6768.52  5.9901e-16
6771.54  5.93448e-16
6774.55  5.87742e-16
6777.56  5.81914e-16
6780.57  5.75991e-16
6783.59  5.7e-16
6786.6   5.63974e-16
6789.61  5.5795e-16
6792.62  5.51965e-16
6795.63  5.46059e-16
6798.65  5.40276e-16
6801.66  5.34657e-16
6804.67  5.29248e-16
6807.68  5.2409e-16
6810.69  5.19226e-16
6813.71  5.14695e-16
6816.72  5.10534e-16
6819.73  5.06776e-16
6822.74  5.03448e-16
6825.76  5.00575e-16
6828.77  4.98172e-16
6831.78  4.9625e-16
6834.79  4.94812e-16
6837.8   4.93857e-16
6840.82  4.93374e-16
6843.83  4.93346e-16
6846.84  4.93749e-16
6849.85  4.94556e-16
6852.86  4.95731e-16
6855.88  4.97234e-16
6858.89  4.99022e-16
6861.9   5.01048e-16
6864.91  5.03264e-16
6867.93  5.05619e-16
6870.94  5.08064e-16
6873.95  5.10549e-16
6876.96  5.13028e-16
6879.97  5.15455e-16
6882.99  5.17789e-16
6886     5.19994e-16
6889.01  5.22039e-16
6892.02  5.23897e-16
6895.03  5.25548e-16
6898.05  5.26978e-16
6901.06  5.28179e-16
6904.07  5.29149e-16
6907.08  5.29892e-16
6910.1   5.30417e-16
6913.11  5.3074e-16
6916.12  5.30879e-16
6919.13  5.30857e-16
6922.14  5.307e-16
6925.16  5.30435e-16
6928.17  5.30092e-16
6931.18  5.297e-16
6934.19  5.29287e-16
6937.21  5.28882e-16
6940.22  5.28509e-16
6943.23  5.28191e-16
6946.24  5.27946e-16
6949.25  5.2779e-16
6952.27  5.27731e-16
6955.28  5.27775e-16
6958.29  5.27923e-16
6961.3   5.28171e-16
6964.31  5.28511e-16
6967.33  5.28928e-16
6970.34  5.29406e-16
6973.35  5.29927e-16
6976.36  5.30466e-16
6979.38  5.31001e-16
6982.39  5.31507e-16
6985.4   5.31958e-16
6988.41  5.32332e-16
6991.42  5.32604e-16
6994.44  5.32756e-16
6997.45  5.32771e-16
7000.46  5.32634e-16
7003.47  5.32337e-16
7006.48  5.31874e-16
7009.5   5.31245e-16
7012.51  5.30455e-16
7015.52  5.29511e-16
7018.53  5.28427e-16
7021.55  5.27219e-16
7024.56  5.25907e-16
7027.57  5.24514e-16
7030.58  5.23063e-16
7033.59  5.21581e-16
7036.61  5.20094e-16
7039.62  5.18628e-16
7042.63  5.17207e-16
7045.64  5.15854e-16
7048.65  5.14591e-16
7051.67  5.13434e-16
7054.68  5.12399e-16
7057.69  5.11495e-16
7060.7   5.1073e-16
7063.72  5.10105e-16
7066.73  5.09621e-16
7069.74  5.09271e-16
7072.75  5.09049e-16
7075.76  5.08941e-16
7078.78  5.08936e-16
7081.79  5.09016e-16
7084.8   5.09166e-16
7087.81  5.09366e-16
7090.83  5.096e-16
7093.84  5.0985e-16
7096.85  5.10099e-16
7099.86  5.10332e-16
7102.87  5.10538e-16
7105.89  5.10705e-16
7108.9   5.10826e-16
7111.91  5.10896e-16
7114.92  5.10911e-16
7117.93  5.10872e-16
7120.95  5.10782e-16
7123.96  5.10646e-16
7126.97  5.1047e-16
7129.98  5.10263e-16
7133     5.10034e-16
7136.01  5.09793e-16
7139.02  5.09549e-16
7142.03  5.09311e-16
7145.04  5.0909e-16
7148.06  5.0889e-16
7151.07  5.08719e-16
7154.08  5.08579e-16
7157.09  5.08472e-16
7160.1   5.08396e-16
7163.12  5.08348e-16
7166.13  5.08323e-16
7169.14  5.08311e-16
7172.15  5.08304e-16
7175.17  5.08288e-16
7178.18  5.08251e-16
7181.19  5.08179e-16
7184.2   5.08058e-16
7187.21  5.07873e-16
7190.23  5.07611e-16
7193.24  5.07259e-16
7196.25  5.06808e-16
7199.26  5.06247e-16
7202.27  5.05573e-16
7205.29  5.04781e-16
7208.3   5.03872e-16
7211.31  5.0285e-16
7214.32  5.01722e-16
7217.34  5.00497e-16
7220.35  4.9919e-16
7223.36  4.97816e-16
7226.37  4.96394e-16
7229.38  4.94944e-16
7232.4   4.93489e-16
7235.41  4.9205e-16
7238.42  4.9065e-16
7241.43  4.89311e-16
7244.45  4.88054e-16
7247.46  4.86896e-16
7250.47  4.85855e-16
7253.48  4.84941e-16
7256.49  4.84164e-16
7259.51  4.8353e-16
7262.52  4.83038e-16
7265.53  4.82686e-16
7268.54  4.82464e-16
7271.55  4.82361e-16
7274.57  4.82361e-16
7277.58  4.82444e-16
7280.59  4.82587e-16
7283.6   4.82766e-16
7286.62  4.82954e-16
7289.63  4.83124e-16
7292.64  4.83249e-16
7295.65  4.833e-16
7298.66  4.83254e-16
7301.68  4.83087e-16
7304.69  4.82779e-16
7307.7   4.82311e-16
7310.71  4.81672e-16
7313.72  4.80852e-16
7316.74  4.79845e-16
7319.75  4.7865e-16
7322.76  4.7727e-16
7325.77  4.75711e-16
7328.79  4.73983e-16
7331.8   4.72098e-16
7334.81  4.70069e-16
7337.82  4.67912e-16
7340.83  4.65642e-16
7343.85  4.63272e-16
7346.86  4.60817e-16
7349.87  4.58286e-16
7352.88  4.55687e-16
7355.9   4.53024e-16
7358.91  4.50298e-16
7361.92  4.47503e-16
7364.93  4.4463e-16
7367.94  4.41666e-16
7370.96  4.38591e-16
7373.97  4.35385e-16
7376.98  4.32021e-16
7379.99  4.28469e-16
7383     4.24701e-16
7386.02  4.20683e-16
7389.03  4.16384e-16
7392.04  4.11772e-16
7395.05  4.0682e-16
7398.07  4.01501e-16
7401.08  3.95794e-16
7404.09  3.89682e-16
7407.1   3.83153e-16
7410.11  3.76203e-16
7413.13  3.68835e-16
7416.14  3.61058e-16
7419.15  3.52888e-16
7422.16  3.4435e-16
7425.17  3.35474e-16
7428.19  3.26298e-16
7431.2   3.16866e-16
7434.21  3.07228e-16
7437.22  2.97436e-16
7440.24  2.87548e-16
7443.25  2.77626e-16
7446.26  2.67731e-16
7449.27  2.57927e-16
7452.28  2.48278e-16
7455.3   2.38846e-16
7458.31  2.29691e-16
7461.32  2.20871e-16
7464.33  2.12442e-16
7467.34  2.04452e-16
7470.36  1.96947e-16
7473.37  1.89969e-16
7476.38  1.83549e-16
7479.39  1.77717e-16
7482.41  1.72495e-16
7485.42  1.67896e-16
7488.43  1.6393e-16
7491.44  1.60596e-16
7494.45  1.57891e-16
7497.47  1.55802e-16
7500.48  1.54309e-16
7503.49  1.53389e-16
7506.5   1.53011e-16
7509.52  1.53139e-16
7512.53  1.53732e-16
7515.54  1.54746e-16
7518.55  1.56133e-16
7521.56  1.57842e-16
7524.58  1.5982e-16
7527.59  1.62016e-16
7530.6   1.64375e-16
7533.61  1.66846e-16
7536.62  1.6938e-16
7539.64  1.7193e-16
7542.65  1.74455e-16
7545.66  1.76917e-16
7548.67  1.79285e-16
7551.69  1.81535e-16
7554.7   1.83651e-16
7557.71  1.85623e-16
7560.72  1.87451e-16
7563.73  1.89141e-16
7566.75  1.90709e-16
7569.76  1.92178e-16
7572.77  1.9358e-16
7575.78  1.94953e-16
7578.79  1.9634e-16
7581.81  1.97789e-16
7584.82  1.99355e-16
7587.83  2.01093e-16
7590.84  2.03059e-16
7593.86  2.0531e-16
7596.87  2.07902e-16
7599.88  2.10886e-16
7602.89  2.1431e-16
7605.9   2.18217e-16
7608.92  2.22641e-16
7611.93  2.27609e-16
7614.94  2.33141e-16
7617.95  2.39243e-16
7620.96  2.45915e-16
7623.98  2.53144e-16
7626.99  2.60909e-16
7630     2.69178e-16
7633.01  2.77909e-16
7636.03  2.87051e-16
7639.04  2.96548e-16
7642.05  3.06334e-16
7645.06  3.1634e-16
7648.07  3.26493e-16
7651.09  3.36718e-16
7654.1   3.46939e-16
7657.11  3.57083e-16
7660.12  3.67077e-16
7663.14  3.76856e-16
7666.15  3.86359e-16
7669.16  3.95531e-16
7672.17  4.04327e-16
7675.18  4.12711e-16
7678.2   4.20655e-16
7681.21  4.28143e-16
7684.22  4.35167e-16
7687.23  4.4173e-16
7690.24  4.47844e-16
7693.26  4.53528e-16
7696.27  4.58809e-16
7699.28  4.63723e-16
7702.29  4.68306e-16
7705.31  4.72603e-16
7708.32  4.76656e-16
7711.33  4.80511e-16
7714.34  4.84213e-16
7717.35  4.87803e-16
7720.37  4.9132e-16
7723.38  4.948e-16
7726.39  4.98271e-16
7729.4   5.01757e-16
7732.41  5.05275e-16
7735.43  5.08836e-16
7738.44  5.12444e-16
7741.45  5.16098e-16
7744.46  5.1979e-16
7747.48  5.23508e-16
7750.49  5.27234e-16
7753.5   5.30949e-16
7756.51  5.3463e-16
7759.52  5.38253e-16
7762.54  5.41793e-16
7765.55  5.45225e-16
7768.56  5.48527e-16
7771.57  5.51676e-16
7774.58  5.54655e-16
7777.6   5.57446e-16
7780.61  5.60037e-16
7783.62  5.62417e-16
7786.63  5.6458e-16
7789.65  5.66522e-16
7792.66  5.68239e-16
7795.67  5.69732e-16
7798.68  5.71001e-16
7801.69  5.72047e-16
7804.71  5.72871e-16
7807.72  5.73472e-16
7810.73  5.73847e-16
7813.74  5.73992e-16
7816.76  5.73899e-16
7819.77  5.73555e-16
7822.78  5.72948e-16
7825.79  5.72056e-16
7828.8   5.7086e-16
7831.82  5.69332e-16
7834.83  5.67446e-16
7837.84  5.6517e-16
7840.85  5.62474e-16
7843.86  5.59324e-16
7846.88  5.55691e-16
7849.89  5.51544e-16
7852.9   5.46856e-16
7855.91  5.41603e-16
7858.93  5.35767e-16
7861.94  5.29335e-16
7864.95  5.22299e-16
7867.96  5.1466e-16
7870.97  5.06425e-16
7873.99  4.9761e-16
7877     4.88235e-16
7880.01  4.78332e-16
7883.02  4.67937e-16
7886.03  4.57093e-16
7889.05  4.45848e-16
7892.06  4.34258e-16
7895.07  4.22378e-16
7898.08  4.10268e-16
7901.1   3.9799e-16
7904.11  3.85604e-16
7907.12  3.73172e-16
7910.13  3.60751e-16
7913.14  3.48397e-16
7916.16  3.36159e-16
7919.17  3.24085e-16
7922.18  3.12214e-16
7925.19  3.00579e-16
7928.2   2.89209e-16
7931.22  2.78124e-16
7934.23  2.67338e-16
7937.24  2.56858e-16
7940.25  2.46686e-16
7943.27  2.36817e-16
7946.28  2.27243e-16
7949.29  2.17948e-16
7952.3   2.08916e-16
7955.31  2.00128e-16
7958.33  1.91562e-16
7961.34  1.83197e-16
7964.35  1.7501e-16
7967.36  1.66981e-16
7970.38  1.59093e-16
7973.39  1.51329e-16
7976.4   1.43678e-16
7979.41  1.36133e-16
7982.42  1.2869e-16
7985.44  1.21353e-16
7988.45  1.14128e-16
7991.46  1.07029e-16
7994.47  1.00072e-16
7997.48  9.32818e-17
8000.5   8.6684e-17
8003.51  8.03102e-17
8006.52  7.41945e-17
8009.53  6.83732e-17
8012.55  6.28841e-17
8015.56  5.77652e-17
8018.57  5.30538e-17
8021.58  4.87851e-17
8024.59  4.49914e-17
8027.61  4.17006e-17
8030.62  3.89354e-17
8033.63  3.67121e-17
8036.64  3.50398e-17
8039.65  3.39198e-17
8042.67  3.33448e-17
8045.68  3.32988e-17
8048.69  3.37565e-17
8051.7   3.46838e-17
8054.72  3.60381e-17
8057.73  3.77683e-17
8060.74  3.98162e-17
8063.75  4.21171e-17
8066.76  4.46014e-17
8069.78  4.71953e-17
8072.79  4.98229e-17
8075.8   5.24076e-17
8078.81  5.48738e-17
8081.82  5.71486e-17
8084.84  5.91636e-17
8087.85  6.08564e-17
8090.86  6.21723e-17
8093.87  6.30656e-17
8096.89  6.35008e-17
8099.9   6.34536e-17
8102.91  6.29116e-17
8105.92  6.18749e-17
8108.93  6.0356e-17
8111.95  5.83798e-17
8114.96  5.59832e-17
8117.97  5.3214e-17
8120.98  5.01305e-17
8124     4.67995e-17
8127.01  4.32951e-17
8130.02  3.96967e-17
8133.03  3.60874e-17
8136.04  3.25517e-17
8139.06  2.91733e-17
8142.07  2.60334e-17
8145.08  2.32079e-17
8148.09  2.0766e-17
8151.1   1.87683e-17
8154.12  1.72646e-17
8157.13  1.62932e-17
8160.14  1.58795e-17
8163.15  1.60349e-17
8166.17  1.67569e-17
8169.18  1.80291e-17
8172.19  1.98207e-17
8175.2   2.20884e-17
8178.21  2.47765e-17
8181.23  2.78188e-17
8184.24  3.11403e-17
8187.25  3.46592e-17
8190.26  3.82888e-17
8193.27  4.19403e-17
8196.29  4.55248e-17
8199.3   4.89563e-17
8202.31  5.21533e-17
8205.32  5.50418e-17
8208.34  5.7557e-17
8211.35  5.9645e-17
8214.36  6.12646e-17
8217.37  6.23883e-17
8220.38  6.30032e-17
8223.4   6.3111e-17
8226.41  6.27284e-17
8229.42  6.18862e-17
8232.43  6.06287e-17
8235.45  5.90125e-17
8238.46  5.71046e-17
8241.47  5.49808e-17
8244.48  5.27233e-17
8247.49  5.04189e-17
8250.51  4.81562e-17
8253.52  4.60234e-17
8256.53  4.41057e-17
8259.54  4.24834e-17
8262.55  4.12296e-17
8265.57  4.04086e-17
8268.58  4.00737e-17
8271.59  4.0267e-17
8274.6   4.10174e-17
8277.62  4.23411e-17
8280.63  4.42409e-17
8283.64  4.67066e-17
8286.65  4.97158e-17
8289.66  5.32348e-17
8292.68  5.722e-17
8295.69  6.16192e-17
8298.7   6.63738e-17
8301.71  7.14204e-17
8304.72  7.66932e-17
8307.74  8.21258e-17
8310.75  8.76531e-17
8313.76  9.32136e-17
8316.77  9.87512e-17
8319.79  1.04216e-16
8322.8   1.09567e-16
8325.81  1.14773e-16
8328.82  1.1981e-16
8331.83  1.24666e-16
8334.85  1.2934e-16
8337.86  1.3384e-16
8340.87  1.38184e-16
8343.88  1.42396e-16
8346.89  1.46511e-16
8349.91  1.50566e-16
8352.92  1.54604e-16
8355.93  1.58671e-16
8358.94  1.62811e-16
8361.96  1.6707e-16
8364.97  1.71489e-16
8367.98  1.76105e-16
8370.99  1.80948e-16
8374     1.86042e-16
8377.02  1.91403e-16
8380.03  1.97037e-16
8383.04  2.02941e-16
8386.05  2.09103e-16
8389.07  2.15502e-16
8392.08  2.22108e-16
8395.09  2.28884e-16
8398.1   2.35786e-16
8401.11  2.42764e-16
8404.13  2.49767e-16
8407.14  2.56738e-16
8410.15  2.63623e-16
8413.16  2.70368e-16
8416.17  2.76922e-16
8419.19  2.83237e-16
8422.2   2.89273e-16
8425.21  2.94996e-16
8428.22  3.00379e-16
8431.24  3.05406e-16
8434.25  3.10068e-16
8437.26  3.14365e-16
8440.27  3.18307e-16
8443.28  3.21914e-16
8446.3   3.25211e-16
8449.31  3.28233e-16
8452.32  3.3102e-16
8455.33  3.33615e-16
8458.34  3.36069e-16
8461.36  3.38433e-16
8464.37  3.40757e-16
8467.38  3.43094e-16
8470.39  3.45492e-16
8473.41  3.47999e-16
8476.42  3.50655e-16
8479.43  3.53497e-16
8482.44  3.56554e-16
8485.45  3.59849e-16
8488.47  3.63395e-16
8491.48  3.672e-16
8494.49  3.7126e-16
8497.5   3.75563e-16
8500.51  3.8009e-16
8503.53  3.84812e-16
8506.54  3.89693e-16
8509.55  3.94689e-16
8512.56  3.9975e-16
8515.58  4.04819e-16
8518.59  4.09838e-16
8521.6   4.14741e-16
8524.61  4.19464e-16
8527.62  4.23939e-16
8530.64  4.28102e-16
8533.65  4.31888e-16
8536.66  4.35237e-16
8539.67  4.38095e-16
8542.69  4.40414e-16
8545.7   4.42151e-16
8548.71  4.43277e-16
8551.72  4.43767e-16
8554.73  4.43612e-16
8557.75  4.42811e-16
8560.76  4.41375e-16
8563.77  4.39328e-16
8566.78  4.36704e-16
8569.79  4.33549e-16
8572.81  4.29918e-16
8575.82  4.25877e-16
8578.83  4.21497e-16
8581.84  4.16858e-16
8584.86  4.12043e-16
8587.87  4.07137e-16
8590.88  4.02226e-16
8593.89  3.97393e-16
8596.9   3.92718e-16
8599.92  3.88276e-16
8602.93  3.84131e-16
8605.94  3.8034e-16
8608.95  3.76946e-16
8611.96  3.73981e-16
8614.98  3.71463e-16
8617.99  3.69395e-16
8621     3.67767e-16
8624.01  3.66553e-16
8627.03  3.65716e-16
8630.04  3.65205e-16
8633.05  3.64958e-16
8636.06  3.64906e-16
8639.07  3.64971e-16
8642.09  3.65072e-16
8645.1   3.65125e-16
8648.11  3.65047e-16
8651.12  3.6476e-16
8654.13  3.6419e-16
8657.15  3.6327e-16
8660.16  3.61947e-16
8663.17  3.60178e-16
8666.18  3.57932e-16
8669.2   3.55195e-16
8672.21  3.51968e-16
8675.22  3.48267e-16
8678.23  3.4412e-16
8681.24  3.39573e-16
8684.26  3.34681e-16
8687.27  3.29512e-16
8690.28  3.24142e-16
8693.29  3.18652e-16
8696.31  3.13127e-16
8699.32  3.07653e-16
8702.33  3.02313e-16
8705.34  2.97188e-16
8708.35  2.92347e-16
8711.37  2.87854e-16
8714.38  2.83757e-16
8717.39  2.80093e-16
8720.4   2.76885e-16
8723.41  2.74138e-16
8726.43  2.71844e-16
8729.44  2.69978e-16
8732.45  2.68502e-16
8735.46  2.67362e-16
8738.48  2.66495e-16
8741.49  2.65829e-16
8744.5   2.65282e-16
8747.51  2.6477e-16
8750.52  2.64206e-16
8753.54  2.63507e-16
8756.55  2.62591e-16
8759.56  2.61383e-16
8762.57  2.5982e-16
8765.58  2.57847e-16
8768.6   2.55424e-16
8771.61  2.52524e-16
8774.62  2.49138e-16
8777.63  2.45269e-16
8780.65  2.40938e-16
8783.66  2.36179e-16
8786.67  2.3104e-16
8789.68  2.25579e-16
8792.69  2.19867e-16
8795.71  2.13979e-16
8798.72  2.07996e-16
8801.73  2.02001e-16
8804.74  1.96075e-16
8807.75  1.90297e-16
8810.77  1.84738e-16
8813.78  1.79462e-16
8816.79  1.74522e-16
8819.8   1.69957e-16
8822.82  1.65795e-16
8825.83  1.62049e-16
8828.84  1.58717e-16
8831.85  1.55783e-16
8834.86  1.53218e-16
8837.88  1.50981e-16
8840.89  1.49019e-16
8843.9   1.47273e-16
8846.91  1.45676e-16
8849.93  1.44157e-16
8852.94  1.42644e-16
8855.95  1.41067e-16
8858.96  1.39358e-16
8861.97  1.37458e-16
8864.99  1.35315e-16
8868     1.32887e-16
8871.01  1.30145e-16
8874.02  1.27072e-16
8877.03  1.23664e-16
8880.05  1.19935e-16
8883.06  1.15907e-16
8886.07  1.1162e-16
8889.08  1.07122e-16
8892.1   1.02476e-16
8895.11  9.7751e-17
8898.12  9.30228e-17
8901.13  8.8373e-17
8904.14  8.38848e-17
8907.16  7.96417e-17
8910.17  7.57244e-17
8913.18  7.22091e-17
8916.19  6.9165e-17
8919.2   6.66526e-17
8922.22  6.4722e-17
8925.23  6.34119e-17
8928.24  6.27481e-17
8931.25  6.27436e-17
8934.27  6.33982e-17
8937.28  6.46983e-17
8940.29  6.66182e-17
8943.3   6.91203e-17
8946.31  7.21567e-17
8949.33  7.56707e-17
8952.34  7.95978e-17
8955.35  8.38685e-17
8958.36  8.84092e-17
8961.37  9.31446e-17
8964.39  9.79995e-17
8967.4   1.029e-16
8970.41  1.07777e-16
8973.42  1.12564e-16
8976.44  1.17203e-16
8979.45  1.21642e-16
8982.46  1.25837e-16
8985.47  1.29751e-16
8988.48  1.33359e-16
8991.5   1.36641e-16
8994.51  1.39589e-16
8997.52  1.42198e-16
9000.53  1.44474e-16
9003.55  1.4643e-16
9006.56  1.4808e-16
9009.57  1.49448e-16
9012.58  1.50556e-16
9015.59  1.51433e-16
9018.61  1.52107e-16
9021.62  1.52606e-16
9024.63  1.5296e-16
9027.64  1.53194e-16
9030.65  1.53334e-16
9033.67  1.53403e-16
9036.68  1.53421e-16
9039.69  1.53402e-16
9042.7   1.53361e-16
9045.72  1.53306e-16
9048.73  1.53244e-16
9051.74  1.53175e-16
9054.75  1.53099e-16
9057.76  1.53011e-16
9060.78  1.52903e-16
9063.79  1.52765e-16
9066.8   1.52585e-16
9069.81  1.52346e-16
9072.82  1.52034e-16
9075.84  1.5163e-16
9078.85  1.51115e-16
9081.86  1.50471e-16
9084.87  1.49678e-16
9087.89  1.48719e-16
9090.9   1.47576e-16
9093.91  1.46233e-16
9096.92  1.4468e-16
9099.93  1.42905e-16
9102.95  1.40904e-16
9105.96  1.38676e-16
9108.97  1.36225e-16
9111.98  1.33561e-16
9115     1.30701e-16
9118.01  1.27668e-16
9121.02  1.24492e-16
9124.03  1.21211e-16
9127.04  1.17866e-16
9130.06  1.1451e-16
9133.07  1.11196e-16
9136.08  1.07984e-16
9139.09  1.04938e-16
9142.1   1.02123e-16
9145.12  9.96025e-17
9148.13  9.74405e-17
9151.14  9.56961e-17
9154.15  9.44222e-17
9157.17  9.36642e-17
9160.18  9.34572e-17
9163.19  9.38246e-17
9166.2   9.47762e-17
9169.21  9.63076e-17
9172.23  9.83983e-17
9175.24  1.01012e-16
9178.25  1.04098e-16
9181.26  1.07588e-16
9184.27  1.11401e-16
9187.29  1.15444e-16
9190.3   1.19613e-16
9193.31  1.23798e-16
9196.32  1.27884e-16
9199.34  1.31753e-16
9202.35  1.35292e-16
9205.36  1.38394e-16
9208.37  1.4096e-16
9211.38  1.42905e-16
9214.4   1.44159e-16
9217.41  1.44672e-16
9220.42  1.44414e-16
9223.43  1.43377e-16
9226.44  1.41576e-16
9229.46  1.3905e-16
9232.47  1.35858e-16
9235.48  1.32083e-16
9238.49  1.27824e-16
9241.51  1.23199e-16
9244.52  1.18336e-16
9247.53  1.13372e-16
9250.54  1.08451e-16
9253.55  1.03715e-16
9256.57  9.93034e-17
9259.58  9.53453e-17
9262.59  9.19588e-17
9265.6   8.92453e-17
9268.62  8.72866e-17
9271.63  8.61426e-17
9274.64  8.5849e-17
9277.65  8.64166e-17
9280.66  8.78306e-17
9283.68  9.00512e-17
9286.69  9.3015e-17
9289.7   9.66366e-17
9292.71  1.00812e-16
9295.72  1.05421e-16
9298.74  1.10332e-16
9301.75  1.15405e-16
9304.76  1.20496e-16
9307.77  1.25462e-16
9310.79  1.30166e-16
9313.8   1.34478e-16
9316.81  1.38283e-16
9319.82  1.4148e-16
9322.83  1.43987e-16
9325.85  1.45744e-16
9328.86  1.46712e-16
9331.87  1.46875e-16
9334.88  1.46239e-16
9337.89  1.44832e-16
9340.91  1.42705e-16
9343.92  1.39923e-16
9346.93  1.3657e-16
9349.94  1.32742e-16
9352.96  1.28546e-16
9355.97  1.24092e-16
9358.98  1.19496e-16
9361.99  1.14872e-16
9365     1.10329e-16
9368.02  1.05971e-16
9371.03  1.0189e-16
9374.04  9.81684e-17
9377.05  9.48721e-17
9380.06  9.20538e-17
9383.08  8.97498e-17
9386.09  8.79808e-17
9389.1   8.67516e-17
9392.11  8.60527e-17
9395.13  8.5861e-17
9398.14  8.61419e-17
9401.15  8.68508e-17
9404.16  8.79354e-17
9407.17  8.9338e-17
9410.19  9.09976e-17
9413.2   9.2852e-17
9416.21  9.48402e-17
9419.22  9.69038e-17
9422.24  9.89888e-17
9425.25  1.01047e-16
9428.26  1.03036e-16
9431.27  1.04921e-16
9434.28  1.06676e-16
9437.3   1.0828e-16
9440.31  1.0972e-16
9443.32  1.10992e-16
9446.33  1.12095e-16
9449.34  1.13033e-16
9452.36  1.13817e-16
9455.37  1.14457e-16
9458.38  1.1497e-16
9461.39  1.15371e-16
9464.41  1.15675e-16
9467.42  1.15899e-16
9470.43  1.16059e-16
9473.44  1.16167e-16
9476.45  1.16236e-16
9479.47  1.16276e-16
9482.48  1.16296e-16
9485.49  1.16304e-16
9488.5   1.16303e-16
9491.51  1.16298e-16
9494.53  1.16291e-16
9497.54  1.16285e-16
9500.55  1.16279e-16
9503.56  1.16274e-16
9506.58  1.16271e-16
9509.59  1.16269e-16
9512.6   1.16267e-16
9515.61  1.16266e-16
9518.62  1.16266e-16
9521.64  1.16266e-16
9524.65  1.16266e-16
9527.66  1.16266e-16
9530.67  1.16266e-16
9533.68  1.16266e-16
9536.7   1.16266e-16
9539.71  1.16266e-16
9542.72  1.16266e-16