#54.42549775837286
3132.4   5.92283e-16
3135.06  5.55734e-16
3137.72  5.17046e-16
3140.38  4.76909e-16
3143.03  4.36052e-16
3145.69  3.95286e-16
3148.35  3.55534e-16
3151.01  3.1784e-16
3153.67  2.83349e-16
3156.32  2.53233e-16
3158.98  2.28607e-16
3161.64  2.10422e-16
3164.3   1.99377e-16
3166.96  1.95866e-16
3169.61  1.99957e-16
3172.27  2.11419e-16
3174.93  2.29767e-16
3177.59  2.5431e-16
3180.25  2.8417e-16
3182.9   3.18281e-16
3185.56  3.55344e-16
3188.22  3.93779e-16
3190.88  4.31692e-16
3193.54  4.66897e-16
3196.19  4.97012e-16
3198.85  5.19645e-16
3201.51  5.32642e-16
3204.17  5.34378e-16
3206.83  5.24021e-16
3209.48  5.01733e-16
3212.14  4.68742e-16
3214.8   4.27273e-16
3217.46  3.80342e-16
3220.12  3.31418e-16
3222.77  2.84034e-16
3225.43  2.4138e-16
3228.09  2.0595e-16
3230.75  1.79297e-16
3233.41  1.61912e-16
3236.06  1.53247e-16
3238.72  1.51868e-16
3241.38  1.55698e-16
3244.04  1.62325e-16
3246.7   1.69327e-16
3249.35  1.74561e-16
3252.01  1.7641e-16
3254.67  1.73932e-16
3257.33  1.66927e-16
3259.99  1.55894e-16
3262.64  1.41908e-16
3265.3   1.26421e-16
3267.96  1.11036e-16
3270.62  9.72583e-17
3273.28  8.62954e-17
3275.93  7.89011e-17
3278.59  7.53061e-17
3281.25  7.52323e-17
3283.91  7.79842e-17
3286.57  8.25993e-17
3289.22  8.80271e-17
3291.88  9.33062e-17
3294.54  9.77097e-17
3297.2   1.00837e-16
3299.86  1.02643e-16
3302.51  1.034e-16
3305.17  1.03617e-16
3307.83  1.03915e-16
3310.49  1.04912e-16
3313.15  1.07107e-16
3315.8   1.10806e-16
3318.46  1.16093e-16
3321.12  1.22831e-16
3323.78  1.30717e-16
3326.44  1.39338e-16
3329.09  1.48248e-16
3331.75  1.57036e-16
3334.41  1.6537e-16
3337.07  1.73036e-16
3339.73  1.79948e-16
3342.38  1.86151e-16
3345.04  1.91807e-16
3347.7   1.97181e-16
3350.36  2.02607e-16
3353.02  2.08449e-16
3355.67  2.15046e-16
3358.33  2.22644e-16
3360.99  2.31316e-16
3363.65  2.40894e-16
3366.31  2.50911e-16
3368.96  2.60588e-16
3371.62  2.68866e-16
3374.28  2.74501e-16
3376.94  2.76215e-16
3379.6   2.72888e-16
3382.25  2.63769e-16
3384.91  2.48665e-16
3387.57  2.28081e-16
3390.23  2.03263e-16
3392.89  1.76139e-16
3395.54  1.49143e-16
3398.2   1.24936e-16
3400.86  1.06067e-16
3403.52  9.46074e-17
3406.18  9.18387e-17
3408.83  9.80243e-17
3411.49  1.12326e-16
3414.15  1.32875e-16
3416.81  1.57007e-16
3419.47  1.81614e-16
3422.12  2.03575e-16
3424.78  2.20198e-16
3427.44  2.29595e-16
3430.1   2.3094e-16
3432.76  2.24571e-16
3435.41  2.11909e-16
3438.07  1.9522e-16
3440.73  1.77256e-16
3443.39  1.60833e-16
3446.05  1.48411e-16
3448.7   1.41748e-16
3451.36  1.41674e-16
3454.02  1.48014e-16
3456.68  1.59674e-16
3459.34  1.74853e-16
3461.99  1.91358e-16
3464.65  2.06948e-16
3467.31  2.19664e-16
3469.97  2.28095e-16
3472.63  2.31527e-16
3475.28  2.29982e-16
3477.94  2.24138e-16
3480.6   2.15154e-16
3483.26  2.0444e-16
3485.91  1.93417e-16
3488.57  1.83295e-16
3491.23  1.7492e-16
3493.89  1.68695e-16
3496.55  1.64583e-16
3499.2   1.62183e-16
3501.86  1.60864e-16
3504.52  1.59908e-16
3507.18  1.5866e-16
3509.84  1.56639e-16
3512.49  1.53608e-16
3515.15  1.49588e-16
3517.81  1.44832e-16
3520.47  1.39754e-16
3523.13  1.34848e-16
3525.78  1.30601e-16
3528.44  1.27419e-16
3531.1   1.2558e-16
3533.76  1.25214e-16
3536.42  1.263e-16
3539.07  1.28696e-16
3541.73  1.32168e-16
3544.39  1.36423e-16
3547.05  1.41139e-16
3549.71  1.45991e-16
3552.36  1.50658e-16
3555.02  1.54837e-16
3557.68  1.58251e-16
3560.34  1.60664e-16
3563     1.61902e-16
3565.65  1.61876e-16
3568.31  1.60613e-16
3570.97  1.58275e-16
3573.63  1.55167e-16
3576.29  1.51731e-16
3578.94  1.4851e-16
3581.6   1.46094e-16
3584.26  1.45053e-16
3586.92  1.45855e-16
3589.58  1.48802e-16
3592.23  1.53971e-16
3594.89  1.61191e-16
3597.55  1.7005e-16
3600.21  1.79943e-16
3602.87  1.90137e-16
3605.52  1.99871e-16
3608.18  2.08443e-16
3610.84  2.15302e-16
3613.5   2.2011e-16
3616.16  2.2277e-16
3618.81  2.23424e-16
3621.47  2.22413e-16
3624.13  2.2021e-16
3626.79  2.17349e-16
3629.45  2.14337e-16
3632.1   2.11596e-16
3634.76  2.09415e-16
3637.42  2.07936e-16
3640.08  2.07159e-16
3642.74  2.06979e-16
3645.39  2.0722e-16
3648.05  2.07684e-16
3650.71  2.08188e-16
3653.37  2.08589e-16
3656.03  2.08796e-16
3658.68  2.08765e-16
3661.34  2.08498e-16
3664     2.08019e-16
3666.66  2.07373e-16
3669.32  2.0662e-16
3671.97  2.0583e-16
3674.63  2.05097e-16
3677.29  2.04545e-16
3679.95  2.04328e-16
3682.61  2.04632e-16
3685.26  2.05668e-16
3687.92  2.07645e-16
3690.58  2.10756e-16
3693.24  2.15149e-16
3695.9   2.209e-16
3698.55  2.28002e-16
3701.21  2.36352e-16
3703.87  2.45755e-16
3706.53  2.55934e-16
3709.19  2.66545e-16
3711.84  2.77203e-16
3714.5   2.87505e-16
3717.16  2.97052e-16
3719.82  3.05475e-16
3722.48  3.12449e-16
3725.13  3.17715e-16
3727.79  3.21092e-16
3730.45  3.22489e-16
3733.11  3.21914e-16
3735.77  3.19477e-16
3738.42  3.15387e-16
3741.08  3.09942e-16
3743.74  3.03511e-16
3746.4   2.96505e-16
3749.06  2.89342e-16
3751.71  2.82415e-16
3754.37  2.76051e-16
3757.03  2.70492e-16
3759.69  2.65876e-16
3762.35  2.62237e-16
3765     2.59523e-16
3767.66  2.57617e-16
3770.32  2.56376e-16
3772.98  2.55661e-16
3775.64  2.55364e-16
3778.29  2.55426e-16
3780.95  2.55837e-16
3783.61  2.56624e-16
3786.27  2.5783e-16
3788.93  2.59481e-16
3791.58  2.6156e-16
3794.24  2.63982e-16
3796.9   2.6658e-16
3799.56  2.69112e-16
3802.22  2.71269e-16
3804.87  2.72713e-16
3807.53  2.73103e-16
3810.19  2.72143e-16
3812.85  2.69614e-16
3815.51  2.65407e-16
3818.16  2.59539e-16
3820.82  2.52158e-16
3823.48  2.43533e-16
3826.14  2.34035e-16
3828.8   2.241e-16
3831.45  2.14194e-16
3834.11  2.0477e-16
3836.77  1.96232e-16
3839.43  1.88905e-16
3842.09  1.8301e-16
3844.74  1.78654e-16
3847.4   1.75835e-16
3850.06  1.74454e-16
3852.72  1.74338e-16
3855.38  1.7527e-16
3858.03  1.77026e-16
3860.69  1.79402e-16
3863.35  1.82243e-16
3866.01  1.85463e-16
3868.67  1.89047e-16
3871.32  1.93051e-16
3873.98  1.97585e-16
3876.64  2.02784e-16
3879.3   2.08784e-16
3881.95  2.15682e-16
3884.61  2.23517e-16
3887.27  2.3224e-16
3889.93  2.41714e-16
3892.59  2.51712e-16
3895.24  2.61946e-16
3897.9   2.72089e-16
3900.56  2.81821e-16
3903.22  2.9087e-16
3905.88  2.99046e-16
3908.53  3.06265e-16
3911.19  3.12562e-16
3913.85  3.18078e-16
3916.51  3.23036e-16
3919.17  3.27699e-16
3921.82  3.32324e-16
3924.48  3.37118e-16
3927.14  3.42197e-16
3929.8   3.47571e-16
3932.46  3.53136e-16
3935.11  3.58693e-16
3937.77  3.63984e-16
3940.43  3.68735e-16
3943.09  3.72705e-16
3945.75  3.75729e-16
3948.4   3.77749e-16
3951.06  3.78824e-16
3953.72  3.79128e-16
3956.38  3.78924e-16
3959.04  3.78522e-16
3961.69  3.78241e-16
3964.35  3.7836e-16
3967.01  3.79084e-16
3969.67  3.80524e-16
3972.33  3.82684e-16
3974.98  3.85478e-16
3977.64  3.88752e-16
3980.3   3.92314e-16
3982.96  3.95971e-16
3985.62  3.99559e-16
3988.27  4.02966e-16
3990.93  4.06143e-16
3993.59  4.09096e-16
3996.25  4.11873e-16
3998.91  4.14537e-16
4001.56  4.17138e-16
4004.22  4.19688e-16
4006.88  4.22137e-16
4009.54  4.24364e-16
4012.2   4.26185e-16
4014.85  4.27366e-16
4017.51  4.2765e-16
4020.17  4.26794e-16
4022.83  4.24603e-16
4025.49  4.20959e-16
4028.14  4.15847e-16
4030.8   4.09361e-16
4033.46  4.01702e-16
4036.12  3.93159e-16
4038.78  3.84082e-16
4041.43  3.74845e-16
4044.09  3.65811e-16
4046.75  3.57293e-16
4049.41  3.49528e-16
4052.07  3.42658e-16
4054.72  3.36721e-16
4057.38  3.31659e-16
4060.04  3.27329e-16
4062.7   3.23535e-16
4065.36  3.20053e-16
4068.01  3.16671e-16
4070.67  3.13216e-16
4073.33  3.09583e-16
4075.99  3.05753e-16
4078.65  3.01798e-16
4081.3   2.97872e-16
4083.96  2.94197e-16
4086.62  2.91034e-16
4089.28  2.88648e-16
4091.94  2.87275e-16
4094.59  2.87086e-16
4097.25  2.88169e-16
4099.91  2.9051e-16
4102.57  2.93992e-16
4105.23  2.98407e-16
4107.88  3.03475e-16
4110.54  3.08873e-16
4113.2   3.14266e-16
4115.86  3.1934e-16
4118.52  3.23826e-16
4121.17  3.27517e-16
4123.83  3.30284e-16
4126.49  3.32068e-16
4129.15  3.3288e-16
4131.81  3.32781e-16
4134.46  3.31873e-16
4137.12  3.30276e-16
4139.78  3.28115e-16
4142.44  3.25515e-16
4145.1   3.22585e-16
4147.75  3.19425e-16
4150.41  3.16122e-16
4153.07  3.12755e-16
4155.73  3.09401e-16
4158.39  3.06138e-16
4161.04  3.03047e-16
4163.7   3.00211e-16
4166.36  2.97715e-16
4169.02  2.95635e-16
4171.68  2.94039e-16
4174.33  2.9297e-16
4176.99  2.92447e-16
4179.65  2.92452e-16
4182.31  2.9293e-16
4184.97  2.93789e-16
4187.62  2.94904e-16
4190.28  2.96131e-16
4192.94  2.97313e-16
4195.6   2.98306e-16
4198.26  2.98994e-16
4200.91  2.99304e-16
4203.57  2.99227e-16
4206.23  2.98816e-16
4208.89  2.98192e-16
4211.55  2.9753e-16
4214.2   2.97043e-16
4216.86  2.96953e-16
4219.52  2.97468e-16
4222.18  2.98749e-16
4224.84  3.00897e-16
4227.49  3.03933e-16
4230.15  3.07798e-16
4232.81  3.12364e-16
4235.47  3.17444e-16
4238.13  3.2282e-16
4240.78  3.28266e-16
4243.44  3.33568e-16
4246.1   3.38547e-16
4248.76  3.43065e-16
4251.42  3.47031e-16
4254.07  3.50397e-16
4256.73  3.53155e-16
4259.39  3.55319e-16
4262.05  3.56924e-16
4264.71  3.5801e-16
4267.36  3.5862e-16
4270.02  3.58795e-16
4272.68  3.58576e-16
4275.34  3.57999e-16
4278     3.57104e-16
4280.65  3.5593e-16
4283.31  3.54522e-16
4285.97  3.52926e-16
4288.63  3.51196e-16
4291.28  3.49391e-16
4293.94  3.47576e-16
4296.6   3.45821e-16
4299.26  3.44205e-16
4301.92  3.42811e-16
4304.57  3.41726e-16
4307.23  3.41033e-16
4309.89  3.40812e-16
4312.55  3.41126e-16
4315.21  3.42019e-16
4317.86  3.43508e-16
4320.52  3.45583e-16
4323.18  3.482e-16
4325.84  3.51291e-16
4328.5   3.54765e-16
4331.15  3.58519e-16
4333.81  3.62448e-16
4336.47  3.66453e-16
4339.13  3.70445e-16
4341.79  3.74354e-16
4344.44  3.7813e-16
4347.1   3.81735e-16
4349.76  3.85143e-16
4352.42  3.88332e-16
4355.08  3.91278e-16
4357.73  3.93951e-16
4360.39  3.96311e-16
4363.05  3.9831e-16
4365.71  3.99892e-16
4368.37  4.01001e-16
4371.02  4.0158e-16
4373.68  4.01577e-16
4376.34  4.00952e-16
4379     3.9967e-16
4381.66  3.97707e-16
4384.31  3.95046e-16
4386.97  3.91676e-16
4389.63  3.8759e-16
4392.29  3.82787e-16
4394.95  3.77273e-16
4397.6   3.71068e-16
4400.26  3.64207e-16
4402.92  3.56751e-16
4405.58  3.48789e-16
4408.24  3.40438e-16
4410.89  3.31848e-16
4413.55  3.23191e-16
4416.21  3.14652e-16
4418.87  3.06422e-16
4421.53  2.98673e-16
4424.18  2.91551e-16
4426.84  2.85157e-16
4429.5   2.7954e-16
4432.16  2.74695e-16
4434.82  2.70564e-16
4437.47  2.67051e-16
4440.13  2.64032e-16
4442.79  2.6138e-16
4445.45  2.58978e-16
4448.11  2.56738e-16
4450.76  2.5461e-16
4453.42  2.52582e-16
4456.08  2.50678e-16
4458.74  2.48949e-16
4461.4   2.47453e-16
4464.05  2.46243e-16
4466.71  2.45355e-16
4469.37  2.44801e-16
4472.03  2.44563e-16
4474.69  2.44605e-16
4477.34  2.44884e-16
4480     2.45362e-16
4482.66  2.46023e-16
4485.32  2.46885e-16
4487.98  2.48006e-16
4490.63  2.49477e-16
4493.29  2.51414e-16
4495.95  2.5394e-16
4498.61  2.57159e-16
4501.27  2.61142e-16
4503.92  2.659e-16
4506.58  2.71383e-16
4509.24  2.77474e-16
4511.9   2.83997e-16
4514.56  2.90741e-16
4517.21  2.97479e-16
4519.87  3.03997e-16
4522.53  3.1012e-16
4525.19  3.15732e-16
4527.85  3.20791e-16
4530.5   3.25332e-16
4533.16  3.2946e-16
4535.82  3.33336e-16
4538.48  3.37157e-16
4541.14  3.41125e-16
4543.79  3.45426e-16
4546.45  3.50205e-16
4549.11  3.55548e-16
4551.77  3.61478e-16
4554.43  3.67958e-16
4557.08  3.749e-16
4559.74  3.82188e-16
4562.4   3.897e-16
4565.06  3.97337e-16
4567.72  4.05038e-16
4570.37  4.12798e-16
4573.03  4.20668e-16
4575.69  4.28754e-16
4578.35  4.37201e-16
4581.01  4.46166e-16
4583.66  4.55801e-16
4586.32  4.66225e-16
4588.98  4.77504e-16
4591.64  4.89642e-16
4594.3   5.02576e-16
4596.95  5.16185e-16
4599.61  5.30301e-16
4602.27  5.44731e-16
4604.93  5.5928e-16
4607.59  5.7377e-16
4610.24  5.88049e-16
4612.9   6.02006e-16
4615.56  6.15559e-16
4618.22  6.28648e-16
4620.88  6.41216e-16
4623.53  6.53187e-16
4626.19  6.64447e-16
4628.85  6.74831e-16
4631.51  6.84119e-16
4634.17  6.9204e-16
4636.82  6.98297e-16
4639.48  7.02594e-16
4642.14  7.04671e-16
4644.8   7.04346e-16
4647.46  7.0155e-16
4650.11  6.96358e-16
4652.77  6.89002e-16
4655.43  6.79873e-16
4658.09  6.69505e-16
4660.75  6.58538e-16
4663.4   6.47676e-16
4666.06  6.37625e-16
4668.72  6.29036e-16
4671.38  6.22449e-16
4674.04  6.18239e-16
4676.69  6.16589e-16
4679.35  6.1747e-16
4682.01  6.20645e-16
4684.67  6.25696e-16
4687.32  6.32062e-16
4689.98  6.39093e-16
4692.64  6.46104e-16
4695.3   6.52432e-16
4697.96  6.57487e-16
4700.61  6.60782e-16
4703.27  6.61963e-16
4705.93  6.60806e-16
4708.59  6.57219e-16
4711.25  6.51224e-16
4713.9   6.42929e-16
4716.56  6.32513e-16
4719.22  6.20203e-16
4721.88  6.06251e-16
4724.54  5.90931e-16
4727.19  5.74526e-16
4729.85  5.57319e-16
4732.51  5.39599e-16
4735.17  5.21645e-16
4737.83  5.03729e-16
4740.48  4.86105e-16
4743.14  4.69005e-16
4745.8   4.52629e-16
4748.46  4.37148e-16
4751.12  4.22695e-16
4753.77  4.0937e-16
4756.43  3.97242e-16
4759.09  3.86356e-16
4761.75  3.76739e-16
4764.41  3.68407e-16
4767.06  3.6137e-16
4769.72  3.55639e-16
4772.38  3.51225e-16
4775.04  3.48141e-16
4777.7   3.46396e-16
4780.35  3.45989e-16
4783.01  3.469e-16
4785.67  3.49082e-16
4788.33  3.52448e-16
4790.99  3.56864e-16
4793.64  3.62142e-16
4796.3   3.68044e-16
4798.96  3.74281e-16
4801.62  3.80531e-16
4804.28  3.86456e-16
4806.93  3.91725e-16
4809.59  3.96044e-16
4812.25  3.99184e-16
4814.91  4.01004e-16
4817.57  4.01475e-16
4820.22  4.00689e-16
4822.88  3.98854e-16
4825.54  3.96291e-16
4828.2   3.93402e-16
4830.86  3.90639e-16
4833.51  3.88471e-16
4836.17  3.87335e-16
4838.83  3.87601e-16
4841.49  3.89541e-16
4844.15  3.93306e-16
4846.8   3.98917e-16
4849.46  4.06275e-16
4852.12  4.15175e-16
4854.78  4.25335e-16
4857.44  4.36435e-16
4860.09  4.48146e-16
4862.75  4.60168e-16
4865.41  4.72246e-16
4868.07  4.84184e-16
4870.73  4.95838e-16
4873.38  5.07106e-16
4876.04  5.17897e-16
4878.7   5.2811e-16
4881.36  5.37603e-16
4884.02  5.46173e-16
4886.67  5.53558e-16
4889.33  5.59436e-16
4891.99  5.63455e-16
4894.65  5.65268e-16
4897.31  5.64581e-16
4899.96  5.61195e-16
4902.62  5.55052e-16
4905.28  5.46267e-16
4907.94  5.35131e-16
4910.6   5.22115e-16
4913.25  5.07833e-16
4915.91  4.93004e-16
4918.57  4.78392e-16
4921.23  4.64751e-16
4923.89  4.52764e-16
4926.54  4.43001e-16
4929.2   4.35885e-16
4931.86  4.31683e-16
4934.52  4.30508e-16
4937.18  4.32337e-16
4939.83  4.37044e-16
4942.49  4.44434e-16
4945.15  4.5427e-16
4947.81  4.66303e-16
4950.47  4.80288e-16
4953.12  4.9599e-16
4955.78  5.13179e-16
4958.44  5.3162e-16
4961.1   5.5106e-16
4963.76  5.71213e-16
4966.41  5.91754e-16
4969.07  6.12316e-16
4971.73  6.32495e-16
4974.39  6.51863e-16
4977.05  6.69987e-16
4979.7   6.86454e-16
4982.36  7.00888e-16
4985.02  7.12971e-16
4987.68  7.22457e-16
4990.34  7.29177e-16
4992.99  7.33041e-16
4995.65  7.34031e-16
4998.31  7.32187e-16
5000.97  7.27599e-16
5003.63  7.20394e-16
5006.28  7.10726e-16
5008.94  6.98774e-16
5011.6   6.84738e-16
5014.26  6.68847e-16
5016.92  6.5136e-16
5019.57  6.32569e-16
5022.23  6.128e-16
5024.89  5.92404e-16
5027.55  5.71747e-16
5030.21  5.5119e-16
5032.86  5.31069e-16
5035.52  5.11677e-16
5038.18  4.93239e-16
5040.84  4.75909e-16
5043.5   4.5976e-16
5046.15  4.44797e-16
5048.81  4.30966e-16
5051.47  4.18178e-16
5054.13  4.06334e-16
5056.79  3.95344e-16
5059.44  3.85147e-16
5062.1   3.75726e-16
5064.76  3.67105e-16
5067.42  3.59348e-16
5070.08  3.52542e-16
5072.73  3.46785e-16
5075.39  3.4216e-16
5078.05  3.38724e-16
5080.71  3.36489e-16
5083.36  3.35421e-16
5086.02  3.35431e-16
5088.68  3.3639e-16
5091.34  3.3813e-16
5094     3.40465e-16
5096.65  3.43202e-16
5099.31  3.46155e-16
5101.97  3.49155e-16
5104.63  3.52059e-16
5107.29  3.54756e-16
5109.94  3.57163e-16
5112.6   3.59228e-16
5115.26  3.60927e-16
5117.92  3.62262e-16
5120.58  3.63254e-16
5123.23  3.63946e-16
5125.89  3.64394e-16
5128.55  3.64665e-16
5131.21  3.64831e-16
5133.87  3.64963e-16
5136.52  3.65117e-16
5139.18  3.65331e-16
5141.84  3.65616e-16
5144.5   3.6595e-16
5147.16  3.66278e-16
5149.81  3.6652e-16
5152.47  3.66577e-16
5155.13  3.66353e-16
5157.79  3.6577e-16
5160.45  3.64786e-16
5163.1   3.63412e-16
5165.76  3.61716e-16
5168.42  3.59823e-16
5171.08  3.57905e-16
5173.74  3.56153e-16
5176.39  3.54755e-16
5179.05  3.53864e-16
5181.71  3.5357e-16
5184.37  3.53887e-16
5187.03  3.5474e-16
5189.68  3.55981e-16
5192.34  3.5741e-16
5195     3.58804e-16
5197.66  3.59957e-16
5200.32  3.60717e-16
5202.97  3.6101e-16
5205.63  3.60857e-16
5208.29  3.60375e-16
5210.95  3.59755e-16
5213.61  3.59239e-16
5216.26  3.5908e-16
5218.92  3.59507e-16
5221.58  3.60695e-16
5224.24  3.62743e-16
5226.9   3.65672e-16
5229.55  3.6943e-16
5232.21  3.73913e-16
5234.87  3.78996e-16
5237.53  3.84556e-16
5240.19  3.905e-16
5242.84  3.9678e-16
5245.5   4.03393e-16
5248.16  4.10376e-16
5250.82  4.17784e-16
5253.48  4.25668e-16
5256.13  4.34045e-16
5258.79  4.42882e-16
5261.45  4.52083e-16
5264.11  4.61487e-16
5266.77  4.70878e-16
5269.42  4.80015e-16
5272.08  4.88651e-16
5274.74  4.96572e-16
5277.4   5.03623e-16
5280.06  5.09731e-16
5282.71  5.14911e-16
5285.37  5.19271e-16
5288.03  5.22995e-16
5290.69  5.26322e-16
5293.35  5.29512e-16
5296     5.3282e-16
5298.66  5.36459e-16
5301.32  5.40579e-16
5303.98  5.45248e-16
5306.64  5.50441e-16
5309.29  5.56047e-16
5311.95  5.61883e-16
5314.61  5.67712e-16
5317.27  5.73274e-16
5319.93  5.78314e-16
5322.58  5.82619e-16
5325.24  5.86041e-16
5327.9   5.88514e-16
5330.56  5.90072e-16
5333.22  5.90841e-16
5335.87  5.91031e-16
5338.53  5.90912e-16
5341.19  5.9079e-16
5343.85  5.90972e-16
5346.51  5.91739e-16
5349.16  5.9332e-16
5351.82  5.95875e-16
5354.48  5.99481e-16
5357.14  6.04136e-16
5359.8   6.09764e-16
5362.45  6.16222e-16
5365.11  6.23318e-16
5367.77  6.30824e-16
5370.43  6.38491e-16
5373.09  6.46058e-16
5375.74  6.53267e-16
5378.4   6.59872e-16
5381.06  6.6565e-16
5383.72  6.70413e-16
5386.38  6.74019e-16
5389.03  6.76383e-16
5391.69  6.7749e-16
5394.35  6.77394e-16
5397.01  6.76221e-16
5399.67  6.7416e-16
5402.32  6.71444e-16
5404.98  6.68329e-16
5407.64  6.65063e-16
5410.3   6.61863e-16
5412.96  6.58879e-16
5415.61  6.56187e-16
5418.27  6.53771e-16
5420.93  6.51534e-16
5423.59  6.4931e-16
5426.25  6.46891e-16
5428.9   6.44066e-16
5431.56  6.40652e-16
5434.22  6.36533e-16
5436.88  6.31685e-16
5439.54  6.26202e-16
5442.19  6.20294e-16
5444.85  6.1429e-16
5447.51  6.08616e-16
5450.17  6.03768e-16
5452.83  6.00281e-16
5455.48  5.98687e-16
5458.14  5.99481e-16
5460.8   6.03082e-16
5463.46  6.09803e-16
5466.12  6.19828e-16
5468.77  6.33196e-16
5471.43  6.49793e-16
5474.09  6.69352e-16
5476.75  6.91467e-16
5479.4   7.15606e-16
5482.06  7.41142e-16
5484.72  7.67384e-16
5487.38  7.93617e-16
5490.04  8.19143e-16
5492.69  8.43321e-16
5495.35  8.65608e-16
5498.01  8.85588e-16
5500.67  9.02991e-16
5503.33  9.17699e-16
5505.98  9.29742e-16
5508.64  9.39268e-16
5511.3   9.46518e-16
5513.96  9.51778e-16
5516.62  9.55336e-16
5519.27  9.57442e-16
5521.93  9.58272e-16
5524.59  9.57912e-16
5527.25  9.56345e-16
5529.91  9.5347e-16
5532.56  9.49124e-16
5535.22  9.43117e-16
5537.88  9.35279e-16
5540.54  9.25493e-16
5543.2   9.13735e-16
5545.85  9.00088e-16
5548.51  8.84752e-16
5551.17  8.68034e-16
5553.83  8.50322e-16
5556.49  8.32052e-16
5559.14  8.13675e-16
5561.8   7.9562e-16
5564.46  7.78268e-16
5567.12  7.61934e-16
5569.78  7.46862e-16
5572.43  7.33228e-16
5575.09  7.2115e-16
5577.75  7.10705e-16
5580.41  7.01934e-16
5583.07  6.94858e-16
5585.72  6.89469e-16
5588.38  6.8573e-16
5591.04  6.8356e-16
5593.7   6.82825e-16
5596.36  6.83331e-16
5599.01  6.84817e-16
5601.67  6.86969e-16
5604.33  6.89432e-16
5606.99  6.91838e-16
5609.65  6.9383e-16
5612.3   6.95087e-16
5614.96  6.95347e-16
5617.62  6.94419e-16
5620.28  6.9218e-16
5622.94  6.88577e-16
5625.59  6.83608e-16
5628.25  6.77313e-16
5630.91  6.69761e-16
5633.57  6.61039e-16
5636.23  6.51258e-16
5638.88  6.40549e-16
5641.54  6.29078e-16
5644.2   6.17044e-16
5646.86  6.04691e-16
5649.52  5.92299e-16
5652.17  5.80177e-16
5654.83  5.68644e-16
5657.49  5.58008e-16
5660.15  5.48541e-16
5662.81  5.40459e-16
5665.46  5.33903e-16
5668.12  5.28933e-16
5670.78  5.25526e-16
5673.44  5.23583e-16
5676.1   5.22946e-16
5678.75  5.23411e-16
5681.41  5.24744e-16
5684.07  5.26693e-16
5686.73  5.28999e-16
5689.39  5.31394e-16
5692.04  5.33604e-16
5694.7   5.35346e-16
5697.36  5.3633e-16
5700.02  5.36267e-16
5702.68  5.34883e-16
5705.33  5.31938e-16
5707.99  5.27255e-16
5710.65  5.20746e-16
5713.31  5.12436e-16
5715.97  5.02474e-16
5718.62  4.91142e-16
5721.28  4.78836e-16
5723.94  4.66039e-16
5726.6   4.53282e-16
5729.26  4.41096e-16
5731.91  4.29963e-16
5734.57  4.2028e-16
5737.23  4.12323e-16
5739.89  4.06242e-16
5742.55  4.02066e-16
5745.2   3.99724e-16
5747.86  3.99082e-16
5750.52  3.99985e-16
5753.18  4.02291e-16
5755.84  4.05908e-16
5758.49  4.10804e-16
5761.15  4.17011e-16
5763.81  4.24607e-16
5766.47  4.33687e-16
5769.13  4.44326e-16
5771.78  4.56539e-16
5774.44  4.70259e-16
5777.1   4.8531e-16
5779.76  5.01418e-16
5782.42  5.18218e-16
5785.07  5.35298e-16
5787.73  5.52234e-16
5790.39  5.68643e-16
5793.05  5.8422e-16
5795.71  5.98771e-16
5798.36  6.12229e-16
5801.02  6.24648e-16
5803.68  6.3618e-16
5806.34  6.47039e-16
5809     6.57461e-16
5811.65  6.67655e-16
5814.31  6.77766e-16
5816.97  6.87857e-16
5819.63  6.97893e-16
5822.29  7.07758e-16
5824.94  7.17276e-16
5827.6   7.26246e-16
5830.26  7.34473e-16
5832.92  7.41801e-16
5835.58  7.4813e-16
5838.23  7.53411e-16
5840.89  7.57641e-16
5843.55  7.60828e-16
5846.21  7.62962e-16
5848.87  7.63983e-16
5851.52  7.63766e-16
5854.18  7.62113e-16
5856.84  7.58781e-16
5859.5   7.53517e-16
5862.16  7.46116e-16
5864.81  7.36484e-16
5867.47  7.24687e-16
5870.13  7.1099e-16
5872.79  6.95861e-16
5875.44  6.79942e-16
5878.1   6.63991e-16
5880.76  6.48793e-16
5883.42  6.35061e-16
5886.08  6.23342e-16
5888.73  6.13946e-16
5891.39  6.06903e-16
5894.05  6.01968e-16
5896.71  5.98674e-16
5899.37  5.96412e-16
5902.02  5.94539e-16
5904.68  5.92489e-16
5907.34  5.89869e-16
5910     5.86522e-16
5912.66  5.82552e-16
5915.31  5.78295e-16
5917.97  5.74267e-16
5920.63  5.71065e-16
5923.29  5.69272e-16
5925.95  5.69358e-16
5928.6   5.71602e-16
5931.26  5.76051e-16
5933.92  5.82508e-16
5936.58  5.90558e-16
5939.24  5.99621e-16
5941.89  6.09025e-16
5944.55  6.18085e-16
5947.21  6.2617e-16
5949.87  6.32764e-16
5952.53  6.37497e-16
5955.18  6.4016e-16
5957.84  6.4069e-16
5960.5   6.39147e-16
5963.16  6.35673e-16
5965.82  6.30458e-16
5968.47  6.23703e-16
5971.13  6.15597e-16
5973.79  6.06306e-16
5976.45  5.95977e-16
5979.11  5.84748e-16
5981.76  5.72767e-16
5984.42  5.60205e-16
5987.08  5.47274e-16
5989.74  5.34223e-16
5992.4   5.21333e-16
5995.05  5.08896e-16
5997.71  4.9719e-16
6000.37  4.86448e-16
6003.03  4.76835e-16
6005.69  4.68429e-16
6008.34  4.61216e-16
6011     4.551e-16
6013.66  4.49923e-16
6016.32  4.45497e-16
6018.98  4.41632e-16
6021.63  4.38169e-16
6024.29  4.35001e-16
6026.95  4.32076e-16
6029.61  4.29399e-16
6032.27  4.27007e-16
6034.92  4.24951e-16
6037.58  4.23265e-16
6040.24  4.21949e-16
6042.9   4.20958e-16
6045.56  4.20203e-16
6048.21  4.19569e-16
6050.87  4.18941e-16
6053.53  4.18236e-16
6056.19  4.17431e-16
6058.85  4.16585e-16
6061.5   4.15846e-16
6064.16  4.15439e-16
6066.82  4.15641e-16
6069.48  4.16744e-16
6072.14  4.19008e-16
6074.79  4.22623e-16
6077.45  4.2767e-16
6080.11  4.34106e-16
6082.77  4.41761e-16
6085.43  4.50355e-16
6088.08  4.59529e-16
6090.74  4.68888e-16
6093.4   4.7804e-16
6096.06  4.86638e-16
6098.72  4.94408e-16
6101.37  5.01162e-16
6104.03  5.06799e-16
6106.69  5.11289e-16
6109.35  5.14653e-16
6112.01  5.16936e-16
6114.66  5.18181e-16
6117.32  5.18409e-16
6119.98  5.17614e-16
6122.64  5.15764e-16
6125.3   5.12811e-16
6127.95  5.08715e-16
6130.61  5.03462e-16
6133.27  4.97092e-16
6135.93  4.89708e-16
6138.59  4.81493e-16
6141.24  4.727e-16
6143.9   4.63647e-16
6146.56  4.54699e-16
6149.22  4.46237e-16
6151.88  4.38638e-16
6154.53  4.32245e-16
6157.19  4.27346e-16
6159.85  4.24156e-16
6162.51  4.2281e-16
6165.17  4.23353e-16
6167.82  4.2575e-16
6170.48  4.29886e-16
6173.14  4.35583e-16
6175.8   4.42609e-16
6178.46  4.50692e-16
6181.11  4.59534e-16
6183.77  4.68821e-16
6186.43  4.78231e-16
6189.09  4.8745e-16
6191.75  4.9617e-16
6194.4   5.04102e-16
6197.06  5.10984e-16
6199.72  5.16583e-16
6202.38  5.20708e-16
6205.04  5.23217e-16
6207.69  5.2403e-16
6210.35  5.23132e-16
6213.01  5.20587e-16
6215.67  5.16539e-16
6218.33  5.11213e-16
6220.98  5.04909e-16
6223.64  4.97988e-16
6226.3   4.90857e-16
6228.96  4.83945e-16
6231.62  4.77669e-16
6234.27  4.72417e-16
6236.93  4.68511e-16
6239.59  4.66194e-16
6242.25  4.65604e-16
6244.91  4.66778e-16
6247.56  4.69638e-16
6250.22  4.7401e-16
6252.88  4.79629e-16
6255.54  4.86157e-16
6258.2   4.93209e-16
6260.85  5.00369e-16
6263.51  5.07218e-16
6266.17  5.13353e-16
6268.83  5.18413e-16
6271.49  5.22099e-16
6274.14  5.24192e-16
6276.8   5.24562e-16
6279.46  5.23182e-16
6282.12  5.20124e-16
6284.77  5.1555e-16
6287.43  5.09696e-16
6290.09  5.02848e-16
6292.75  4.95312e-16
6295.41  4.87381e-16
6298.06  4.7931e-16
6300.72  4.7129e-16
6303.38  4.63437e-16
6306.04  4.55787e-16
6308.7   4.48302e-16
6311.35  4.40897e-16
6314.01  4.33454e-16
6316.67  4.25862e-16
6319.33  4.18035e-16
6321.99  4.09939e-16
6324.64  4.01605e-16
6327.3   3.93134e-16
6329.96  3.84689e-16
6332.62  3.76479e-16
6335.28  3.68739e-16
6337.93  3.61707e-16
6340.59  3.55595e-16
6343.25  3.50573e-16
6345.91  3.46754e-16
6348.57  3.44184e-16
6351.22  3.42845e-16
6353.88  3.42663e-16
6356.54  3.43519e-16
6359.2   3.4527e-16
6361.86  3.47761e-16
6364.51  3.50848e-16
6367.17  3.54407e-16
6369.83  3.58345e-16
6372.49  3.62604e-16
6375.15  3.67157e-16
6377.8   3.72003e-16
6380.46  3.77157e-16
6383.12  3.82635e-16
6385.78  3.88439e-16
6388.44  3.94548e-16
6391.09  4.00905e-16
6393.75  4.07411e-16
6396.41  4.13929e-16
6399.07  4.20289e-16
6401.73  4.263e-16
6404.38  4.31776e-16
6407.04  4.36553e-16
6409.7   4.40513e-16
6412.36  4.43612e-16
6415.02  4.45888e-16
6417.67  4.47473e-16
6420.33  4.48586e-16
6422.99  4.49519e-16
6425.65  4.50611e-16
6428.31  4.5222e-16
6430.96  4.54685e-16
6433.62  4.58293e-16
6436.28  4.63256e-16
6438.94  4.69692e-16
6441.6   4.77614e-16
6444.25  4.86943e-16
6446.91  4.97519e-16
6449.57  5.09127e-16
6452.23  5.21523e-16
6454.89  5.34458e-16
6457.54  5.47704e-16
6460.2   5.61059e-16
6462.86  5.74355e-16
6465.52  5.87452e-16
6468.18  6.00216e-16
6470.83  6.1251e-16
6473.49  6.24169e-16
6476.15  6.34995e-16
6478.81  6.44748e-16
6481.47  6.53163e-16
6484.12  6.59966e-16
6486.78  6.64907e-16
6489.44  6.67794e-16
6492.1   6.68532e-16
6494.76  6.67145e-16
6497.41  6.63794e-16
6500.07  6.58774e-16
6502.73  6.52492e-16
6505.39  6.45435e-16
6508.05  6.38118e-16
6510.7   6.31037e-16
6513.36  6.24615e-16
6516.02  6.19163e-16
6518.68  6.14859e-16
6521.34  6.11733e-16
6523.99  6.09686e-16
6526.65  6.0851e-16
6529.31  6.07932e-16
6531.97  6.07644e-16
6534.63  6.07352e-16
6537.28  6.068e-16
6539.94  6.0579e-16
6542.6   6.04186e-16
6545.26  6.01915e-16
6547.92  5.98945e-16
6550.57  5.95272e-16
6553.23  5.90902e-16
6555.89  5.85841e-16
6558.55  5.80086e-16
6561.21  5.73627e-16
6563.86  5.66461e-16
6566.52  5.58594e-16
6569.18  5.50062e-16
6571.84  5.40932e-16
6574.5   5.31305e-16
6577.15  5.21313e-16
6579.81  5.11105e-16
6582.47  5.00832e-16
6585.13  4.90631e-16
6587.79  4.80614e-16
6590.44  4.70854e-16
6593.1   4.61392e-16
6595.76  4.52241e-16
6598.42  4.43401e-16
6601.08  4.34875e-16
6603.73  4.26686e-16
6606.39  4.18885e-16
6609.05  4.11553e-16
6611.71  4.04797e-16
6614.37  3.98731e-16
6617.02  3.93457e-16
6619.68  3.89042e-16
6622.34  3.85494e-16
6625     3.82757e-16
6627.66  3.80701e-16
6630.31  3.79133e-16
6632.97  3.77813e-16
6635.63  3.76479e-16
6638.29  3.74872e-16
6640.95  3.72763e-16
6643.6   3.69975e-16
6646.26  3.66391e-16
6648.92  3.61962e-16
6651.58  3.567e-16
6654.24  3.50667e-16
6656.89  3.43961e-16
6659.55  3.36696e-16
6662.21  3.28993e-16
6664.87  3.20964e-16
6667.53  3.12708e-16
6670.18  3.04308e-16
6672.84  2.95837e-16
6675.5   2.8736e-16
6678.16  2.78944e-16
6680.81  2.70664e-16
6683.47  2.62608e-16
6686.13  2.54879e-16
6688.79  2.47595e-16
6691.45  2.40885e-16
6694.1   2.34877e-16
6696.76  2.29692e-16
6699.42  2.25429e-16
6702.08  2.22154e-16
6704.74  2.19891e-16
6707.39  2.18619e-16
6710.05  2.1827e-16
6712.71  2.18739e-16
6715.37  2.19896e-16
6718.03  2.21604e-16
6720.68  2.23734e-16
6723.34  2.26186e-16
6726     2.28902e-16
6728.66  2.31868e-16
6731.32  2.35113e-16
6733.97  2.387e-16
6736.63  2.42705e-16
6739.29  2.47195e-16
6741.95  2.52208e-16
6744.61  2.57733e-16
6747.26  2.63692e-16
6749.92  2.69942e-16
6752.58  2.76277e-16
6755.24  2.82443e-16
6757.9   2.88164e-16
6760.55  2.93164e-16
6763.21  2.97202e-16
6765.87  3.00094e-16
6768.53  3.01735e-16
6771.19  3.0211e-16
6773.84  3.01293e-16
6776.5   2.99439e-16
6779.16  2.96766e-16
6781.82  2.93526e-16
6784.48  2.8998e-16
6787.13  2.86367e-16
6789.79  2.82886e-16
6792.45  2.79673e-16
6795.11  2.768e-16
6797.77  2.74275e-16
6800.42  2.72051e-16
6803.08  2.70045e-16
6805.74  2.68153e-16
6808.4   2.66274e-16
6811.06  2.64327e-16
6813.71  2.62257e-16
6816.37  2.60051e-16
6819.03  2.57728e-16
6821.69  2.55341e-16
6824.35  2.52959e-16
6827     2.50659e-16
6829.66  2.48512e-16
6832.32  2.46565e-16
6834.98  2.4484e-16
6837.64  2.43328e-16
6840.29  2.41988e-16
6842.95  2.40761e-16
6845.61  2.39575e-16
6848.27  2.38366e-16
6850.93  2.37086e-16
6853.58  2.35719e-16
6856.24  2.34286e-16
6858.9   2.32846e-16
6861.56  2.31487e-16
6864.22  2.3032e-16
6866.87  2.29457e-16
6869.53  2.28999e-16
6872.19  2.29014e-16
6874.85  2.29528e-16
6877.51  2.30516e-16
6880.16  2.31905e-16
6882.82  2.33582e-16
6885.48  2.35409e-16
6888.14  2.37236e-16
6890.8   2.38928e-16
6893.45  2.40375e-16
6896.11  2.41503e-16
6898.77  2.42285e-16
6901.43  2.42735e-16
6904.09  2.429e-16
6906.74  2.42849e-16
6909.4   2.42662e-16
6912.06  2.42414e-16
6914.72  2.42167e-16
6917.38  2.41969e-16
6920.03  2.41849e-16
6922.69  2.41825e-16
6925.35  2.41908e-16
6928.01  2.42113e-16
6930.67  2.42458e-16
6933.32  2.42971e-16
6935.98  2.43687e-16
6938.64  2.4464e-16
6941.3   2.4586e-16
6943.96  2.47364e-16
6946.61  2.49151e-16
6949.27  2.51198e-16
6951.93  2.53464e-16
6954.59  2.55895e-16
6957.25  2.58426e-16
6959.9   2.60998e-16
6962.56  2.63555e-16
6965.22  2.66053e-16
6967.88  2.68456e-16
6970.54  2.70732e-16
6973.19  2.72844e-16
6975.85  2.74744e-16
6978.51  2.76362e-16
6981.17  2.7761e-16
6983.83  2.78377e-16
6986.48  2.78549e-16
6989.14  2.78014e-16
6991.8   2.76684e-16
6994.46  2.74514e-16
6997.12  2.7151e-16
6999.77  2.67739e-16
7002.43  2.63331e-16
7005.09  2.58461e-16
7007.75  2.53344e-16
7010.41  2.48201e-16
7013.06  2.43246e-16
7015.72  2.3866e-16
7018.38  2.3458e-16
7021.04  2.31084e-16
7023.7   2.28199e-16
7026.35  2.25905e-16
7029.01  2.24151e-16
7031.67  2.22869e-16
7034.33  2.21993e-16
7036.99  2.21471e-16
7039.64  2.21273e-16
7042.3   2.21395e-16
7044.96  2.21846e-16
7047.62  2.22648e-16
7050.28  2.23816e-16
7052.93  2.2535e-16
7055.59  2.27226e-16
7058.25  2.29391e-16
7060.91  2.31769e-16
7063.57  2.34266e-16
7066.22  2.36783e-16
7068.88  2.39233e-16
7071.54  2.41551e-16
7074.2   2.43706e-16
7076.85  2.45703e-16
7079.51  2.47584e-16
7082.17  2.49414e-16
7084.83  2.51274e-16
7087.49  2.53242e-16
7090.14  2.55383e-16
7092.8   2.57734e-16
7095.46  2.60304e-16
7098.12  2.63068e-16
7100.78  2.65979e-16
7103.43  2.68967e-16
7106.09  2.71961e-16
7108.75  2.74888e-16
7111.41  2.77688e-16
7114.07  2.80321e-16
7116.72  2.82769e-16
7119.38  2.85041e-16
7122.04  2.87175e-16
7124.7   2.89234e-16
7127.36  2.91314e-16
7130.01  2.93532e-16
7132.67  2.96026e-16
7135.33  2.98942e-16
7137.99  3.02419e-16
7140.65  3.06575e-16
7143.3   3.11485e-16
7145.96  3.17159e-16
7148.62  3.23535e-16
7151.28  3.30464e-16
7153.94  3.37717e-16
7156.59  3.44993e-16
7159.25  3.51949e-16
7161.91  3.58225e-16
7164.57  3.63487e-16
7167.23  3.67454e-16
7169.88  3.69934e-16
7172.54  3.70843e-16
7175.2   3.7021e-16
7177.86  3.68173e-16
7180.52  3.64957e-16
7183.17  3.60847e-16
7185.83  3.56155e-16
7188.49  3.51181e-16
7191.15  3.46192e-16
7193.81  3.41397e-16
7196.46  3.3694e-16
7199.12  3.32906e-16
7201.78  3.29332e-16
7204.44  3.26228e-16
7207.1   3.236e-16
7209.75  3.21465e-16
7212.41  3.19868e-16
7215.07  3.1888e-16
7217.73  3.18596e-16
7220.39  3.19117e-16
7223.04  3.20533e-16
7225.7   3.22904e-16
7228.36  3.26241e-16
7231.02  3.30504e-16
7233.68  3.35595e-16
7236.33  3.41373e-16
7238.99  3.4767e-16
7241.65  3.54313e-16
7244.31  3.61143e-16
7246.97  3.68034e-16
7249.62  3.74903e-16
7252.28  3.81712e-16
7254.94  3.88458e-16
7257.6   3.95158e-16
7260.26  4.01836e-16
7262.91  4.08496e-16
7265.57  4.15113e-16
7268.23  4.21624e-16
7270.89  4.27925e-16
7273.55  4.33883e-16
7276.2   4.39348e-16
7278.86  4.44173e-16
7281.52  4.48231e-16
7284.18  4.51428e-16
7286.84  4.53713e-16
7289.49  4.55078e-16
7292.15  4.55551e-16
7294.81  4.55185e-16
7297.47  4.54043e-16
7300.13  4.52186e-16
7302.78  4.49659e-16
7305.44  4.46488e-16
7308.1   4.4268e-16
7310.76  4.38228e-16
7313.42  4.33125e-16
7316.07  4.2737e-16
7318.73  4.20987e-16
7321.39  4.14028e-16
7324.05  4.06579e-16
7326.71  3.98759e-16
7329.36  3.90706e-16
7332.02  3.82574e-16
7334.68  3.74511e-16
7337.34  3.66653e-16
7340     3.59109e-16
7342.65  3.51957e-16
7345.31  3.45244e-16
7347.97  3.3899e-16
7350.63  3.33202e-16
7353.29  3.27882e-16
7355.94  3.23041e-16
7358.6   3.18709e-16
7361.26  3.14944e-16
7363.92  3.11826e-16
7366.58  3.09457e-16
7369.23  3.07948e-16
7371.89  3.07401e-16
7374.55  3.07895e-16
7377.21  3.09466e-16
7379.87  3.12094e-16
7382.52  3.15697e-16
7385.18  3.20126e-16
7387.84  3.25175e-16
7390.5   3.30594e-16
7393.16  3.36109e-16
7395.81  3.41445e-16
7398.47  3.46354e-16
7401.13  3.50636e-16
7403.79  3.54154e-16
7406.45  3.5685e-16
7409.1   3.58742e-16
7411.76  3.59921e-16
7414.42  3.60534e-16
7417.08  3.60764e-16
7419.74  3.60811e-16
7422.39  3.60869e-16
7425.05  3.6111e-16
7427.71  3.61671e-16
7430.37  3.62656e-16
7433.03  3.64138e-16
7435.68  3.66169e-16
7438.34  3.68789e-16
7441     3.7204e-16
7443.66  3.75973e-16
7446.32  3.80647e-16
7448.97  3.86126e-16
7451.63  3.92465e-16
7454.29  3.99699e-16
7456.95  4.07826e-16
7459.61  4.16791e-16
7462.26  4.26487e-16
7464.92  4.36744e-16
7467.58  4.47346e-16
7470.24  4.58035e-16
7472.89  4.68533e-16
7475.55  4.78557e-16
7478.21  4.87836e-16
7480.87  4.96126e-16
7483.53  5.03219e-16
7486.18  5.08947e-16
7488.84  5.13182e-16
7491.5   5.15838e-16
7494.16  5.1686e-16
7496.82  5.16225e-16
7499.47  5.13938e-16
7502.13  5.10023e-16
7504.79  5.04533e-16
7507.45  4.97542e-16
7510.11  4.89153e-16
7512.76  4.795e-16
7515.42  4.6875e-16
7518.08  4.57099e-16
7520.74  4.44771e-16
7523.4   4.32009e-16
7526.05  4.19066e-16
7528.71  4.06185e-16
7531.37  3.93594e-16
7534.03  3.81483e-16
7536.69  3.70003e-16
7539.34  3.59256e-16
7542     3.49293e-16
7544.66  3.40123e-16
7547.32  3.31722e-16
7549.98  3.24044e-16
7552.63  3.17031e-16
7555.29  3.10632e-16
7557.95  3.04807e-16
7560.61  2.99532e-16
7563.27  2.94804e-16
7565.92  2.90635e-16
7568.58  2.87042e-16
7571.24  2.84046e-16
7573.9   2.81653e-16
7576.56  2.79851e-16
7579.21  2.78599e-16
7581.87  2.77824e-16
7584.53  2.77419e-16
7587.19  2.77248e-16
7589.85  2.77154e-16
7592.5   2.76975e-16
7595.16  2.76557e-16
7597.82  2.75774e-16
7600.48  2.74549e-16
7603.14  2.72867e-16
7605.79  2.70793e-16
7608.45  2.68472e-16
7611.11  2.66127e-16
7613.77  2.64048e-16
7616.43  2.6257e-16
7619.08  2.62041e-16
7621.74  2.62792e-16
7624.4   2.65099e-16
7627.06  2.6915e-16
7629.72  2.75026e-16
7632.37  2.82681e-16
7635.03  2.91944e-16
7637.69  3.02538e-16
7640.35  3.14098e-16
7643.01  3.26218e-16
7645.66  3.38487e-16
7648.32  3.50533e-16
7650.98  3.62061e-16
7653.64  3.72872e-16
7656.3   3.82875e-16
7658.95  3.92078e-16
7661.61  4.00566e-16
7664.27  4.08469e-16
7666.93  4.15923e-16
7669.59  4.23034e-16
7672.24  4.29849e-16
7674.9   4.36342e-16
7677.56  4.42409e-16
7680.22  4.47882e-16
7682.88  4.52555e-16
7685.53  4.5621e-16
7688.19  4.58653e-16
7690.85  4.59742e-16
7693.51  4.59402e-16
7696.17  4.5764e-16
7698.82  4.54542e-16
7701.48  4.50265e-16
7704.14  4.45019e-16
7706.8   4.39053e-16
7709.46  4.32633e-16
7712.11  4.26022e-16
7714.77  4.19473e-16
7717.43  4.13206e-16
7720.09  4.07408e-16
7722.75  4.0222e-16
7725.4   3.97735e-16
7728.06  3.93997e-16
7730.72  3.91001e-16
7733.38  3.88702e-16
7736.04  3.8702e-16
7738.69  3.85853e-16
7741.35  3.85092e-16
7744.01  3.8463e-16
7746.67  3.84371e-16
7749.33  3.84238e-16
7751.98  3.84178e-16
7754.64  3.84154e-16
7757.3   3.84146e-16
7759.96  3.84144e-16
7762.62  3.84144e-16
7765.27  3.84144e-16
7767.93  3.84144e-16