#-2.431203318203538
3647  1.22761e-15
3648  1.22184e-15
3649  1.21605e-15
3650  1.21026e-15
3651  1.20447e-15
3652  1.19868e-15
3653  1.19291e-15
3654  1.18716e-15
3655  1.18145e-15
3656  1.17577e-15
3657  1.17013e-15
3658  1.16455e-15
3659  1.15903e-15
3660  1.15358e-15
3661  1.14821e-15
3662  1.14292e-15
3663  1.13773e-15
3664  1.13264e-15
3665  1.12765e-15
3666  1.12279e-15
3667  1.11805e-15
3668  1.11344e-15
3669  1.10897e-15
3670  1.10466e-15
3671  1.10049e-15
3672  1.0965e-15
3673  1.09267e-15
3674  1.08902e-15
3675  1.08556e-15
3676  1.08229e-15
3677  1.07922e-15
3678  1.07636e-15
3679  1.07371e-15
3680  1.07128e-15
3681  1.06908e-15
3682  1.0671e-15
3683  1.06537e-15
3684  1.06388e-15
3685  1.06264e-15
3686  1.06165e-15
3687  1.06092e-15
3688  1.06046e-15
3689  1.06027e-15
3690  1.06034e-15
3691  1.0607e-15
3692  1.06134e-15
3693  1.06226e-15
3694  1.06347e-15
3695  1.06497e-15
3696  1.06676e-15
3697  1.06886e-15
3698  1.07125e-15
3699  1.07394e-15
3700  1.07694e-15
3701  1.08024e-15
3702  1.08384e-15
3703  1.08776e-15
3704  1.09198e-15
3705  1.09651e-15
3706  1.10134e-15
3707  1.10649e-15
3708  1.11195e-15
3709  1.11771e-15
3710  1.12378e-15
3711  1.13016e-15
3712  1.13684e-15
3713  1.14382e-15
3714  1.15111e-15
3715  1.15869e-15
3716  1.16658e-15
3717  1.17476e-15
3718  1.18323e-15
3719  1.192e-15
3720  1.20105e-15
3721  1.21038e-15
3722  1.22e-15
3723  1.22989e-15
3724  1.24005e-15
3725  1.25049e-15
3726  1.26119e-15
3727  1.27216e-15
3728  1.28338e-15
3729  1.29485e-15
3730  1.30657e-15
3731  1.31853e-15
3732  1.33074e-15
3733  1.34317e-15
3734  1.35584e-15
3735  1.36873e-15
3736  1.38184e-15
3737  1.39516e-15
3738  1.40869e-15
3739  1.42242e-15
3740  1.43634e-15
3741  1.45046e-15
3742  1.46476e-15
3743  1.47925e-15
3744  1.4939e-15
3745  1.50873e-15
3746  1.52371e-15
3747  1.53886e-15
3748  1.55415e-15
3749  1.56959e-15
3750  1.58517e-15
3751  1.60088e-15
3752  1.61672e-15
3753  1.63268e-15
3754  1.64875e-15
3755  1.66494e-15
3756  1.68123e-15
3757  1.69762e-15
3758  1.7141e-15
3759  1.73066e-15
3760  1.74731e-15
3761  1.76404e-15
3762  1.78083e-15
3763  1.79768e-15
3764  1.8146e-15
3765  1.83157e-15
3766  1.84858e-15
3767  1.86564e-15
3768  1.88273e-15
3769  1.89986e-15
3770  1.917e-15
3771  1.93417e-15
3772  1.95136e-15
3773  1.96855e-15
3774  1.98575e-15
3775  2.00295e-15
3776  2.02014e-15
3777  2.03732e-15
3778  2.05449e-15
3779  2.07163e-15
3780  2.08875e-15
3781  2.10584e-15
3782  2.12289e-15
3783  2.1399e-15
3784  2.15687e-15
3785  2.17378e-15
3786  2.19064e-15
3787  2.20744e-15
3788  2.22418e-15
3789  2.24084e-15
3790  2.25744e-15
3791  2.27395e-15
3792  2.29038e-15
3793  2.30673e-15
3794  2.32298e-15
3795  2.33914e-15
3796  2.3552e-15
3797  2.37115e-15
3798  2.38699e-15
3799  2.40272e-15
3800  2.41833e-15
3801  2.43382e-15
3802  2.44918e-15
3803  2.46441e-15
3804  2.4795e-15
3805  2.49446e-15
3806  2.50927e-15
3807  2.52394e-15
3808  2.53845e-15
3809  2.55282e-15
3810  2.56702e-15
3811  2.58106e-15
3812  2.59493e-15
3813  2.60863e-15
3814  2.62216e-15
3815  2.63551e-15
3816  2.64868e-15
3817  2.66167e-15
3818  2.67446e-15
3819  2.68707e-15
3820  2.69948e-15
3821  2.7117e-15
3822  2.72371e-15
3823  2.73552e-15
3824  2.74712e-15
3825  2.75851e-15
3826  2.7697e-15
3827  2.78066e-15
3828  2.79141e-15
3829  2.80194e-15
3830  2.81225e-15
3831  2.82233e-15
3832  2.83218e-15
3833  2.84181e-15
3834  2.85121e-15
3835  2.86037e-15
3836  2.8693e-15
3837  2.878e-15
3838  2.88646e-15
3839  2.89468e-15
3840  2.90267e-15
3841  2.91041e-15
3842  2.91792e-15
3843  2.92519e-15
3844  2.93221e-15
3845  2.939e-15
3846  2.94554e-15
3847  2.95184e-15
3848  2.9579e-15
3849  2.96373e-15
3850  2.96931e-15
3851  2.97466e-15
3852  2.97977e-15
3853  2.98464e-15
3854  2.98928e-15
3855  2.99368e-15
3856  2.99785e-15
3857  3.0018e-15
3858  3.00551e-15
3859  3.00901e-15
3860  3.01228e-15
3861  3.01533e-15
3862  3.01816e-15
3863  3.02078e-15
3864  3.02319e-15
3865  3.02539e-15
3866  3.02739e-15
3867  3.02919e-15
3868  3.0308e-15
3869  3.03221e-15
3870  3.03343e-15
3871  3.03448e-15
3872  3.03534e-15
3873  3.03603e-15
3874  3.03656e-15
3875  3.03692e-15
3876  3.03712e-15
3877  3.03717e-15
3878  3.03707e-15
3879  3.03684e-15
3880  3.03646e-15
3881  3.03596e-15
3882  3.03534e-15
3883  3.0346e-15
3884  3.03374e-15
3885  3.03279e-15
3886  3.03174e-15
3887  3.03059e-15
3888  3.02936e-15
3889  3.02806e-15
3890  3.02668e-15
3891  3.02524e-15
3892  3.02375e-15
3893  3.0222e-15
3894  3.02061e-15
3895  3.01899e-15
3896  3.01734e-15
3897  3.01567e-15
3898  3.01399e-15
3899  3.0123e-15
3900  3.01061e-15
3901  3.00893e-15
3902  3.00726e-15
3903  3.00562e-15
3904  3.00401e-15
3905  3.00244e-15
3906  3.00091e-15
3907  2.99943e-15
3908  2.99801e-15
3909  2.99665e-15
3910  2.99536e-15
3911  2.99416e-15
3912  2.99304e-15
3913  2.99201e-15
3914  2.99107e-15
3915  2.99025e-15
3916  2.98953e-15
3917  2.98892e-15
3918  2.98844e-15
3919  2.98809e-15
3920  2.98787e-15
3921  2.98778e-15
3922  2.98784e-15
3923  2.98805e-15
3924  2.9884e-15
3925  2.98892e-15
3926  2.98959e-15
3927  2.99043e-15
3928  2.99144e-15
3929  2.99262e-15
3930  2.99397e-15
3931  2.9955e-15
3932  2.99721e-15
3933  2.99911e-15
3934  3.00119e-15
3935  3.00346e-15
3936  3.00591e-15
3937  3.00855e-15
3938  3.01139e-15
3939  3.01442e-15
3940  3.01763e-15
3941  3.02104e-15
3942  3.02465e-15
3943  3.02844e-15
3944  3.03242e-15
3945  3.03659e-15
3946  3.04095e-15
3947  3.0455e-15
3948  3.05023e-15
3949  3.05514e-15
3950  3.06023e-15
3951  3.0655e-15
3952  3.07094e-15
3953  3.07654e-15
3954  3.08232e-15
3955  3.08825e-15
3956  3.09434e-15
3957  3.10058e-15
3958  3.10697e-15
3959  3.1135e-15
3960  3.12017e-15
3961  3.12697e-15
3962  3.13389e-15
3963  3.14093e-15
3964  3.14808e-15
3965  3.15534e-15
3966  3.16269e-15
3967  3.17014e-15
3968  3.17767e-15
3969  3.18527e-15
3970  3.19295e-15
3971  3.20068e-15
3972  3.20847e-15
3973  3.2163e-15
3974  3.22417e-15
3975  3.23206e-15
3976  3.23998e-15
3977  3.2479e-15
3978  3.25583e-15
3979  3.26375e-15
3980  3.27166e-15
3981  3.27954e-15
3982  3.28739e-15
3983  3.2952e-15
3984  3.30296e-15
3985  3.31066e-15
3986  3.3183e-15
3987  3.32585e-15
3988  3.33333e-15
3989  3.34071e-15
3990  3.34799e-15
3991  3.35516e-15
3992  3.36222e-15
3993  3.36915e-15
3994  3.37594e-15
3995  3.3826e-15
3996  3.38911e-15
3997  3.39547e-15
3998  3.40166e-15
3999  3.40768e-15
4000  3.41354e-15
4001  3.4192e-15
4002  3.42469e-15
4003  3.42998e-15
4004  3.43507e-15
4005  3.43996e-15
4006  3.44464e-15
4007  3.4491e-15
4008  3.45335e-15
4009  3.45738e-15
4010  3.46119e-15
4011  3.46477e-15
4012  3.46812e-15
4013  3.47123e-15
4014  3.47411e-15
4015  3.47676e-15
4016  3.47917e-15
4017  3.48133e-15
4018  3.48326e-15
4019  3.48495e-15
4020  3.48639e-15
4021  3.4876e-15
4022  3.48857e-15
4023  3.4893e-15
4024  3.48979e-15
4025  3.49005e-15
4026  3.49007e-15
4027  3.48987e-15
4028  3.48944e-15
4029  3.48878e-15
4030  3.4879e-15
4031  3.48681e-15
4032  3.4855e-15
4033  3.48399e-15
4034  3.48227e-15
4035  3.48035e-15
4036  3.47823e-15
4037  3.47593e-15
4038  3.47345e-15
4039  3.47079e-15
4040  3.46796e-15
4041  3.46496e-15
4042  3.4618e-15
4043  3.4585e-15
4044  3.45505e-15
4045  3.45146e-15
4046  3.44774e-15
4047  3.4439e-15
4048  3.43994e-15
4049  3.43587e-15
4050  3.4317e-15
4051  3.42744e-15
4052  3.42309e-15
4053  3.41866e-15
4054  3.41416e-15
4055  3.4096e-15
4056  3.40498e-15
4057  3.40031e-15
4058  3.39559e-15
4059  3.39084e-15
4060  3.38607e-15
4061  3.38127e-15
4062  3.37646e-15
4063  3.37164e-15
4064  3.36682e-15
4065  3.362e-15
4066  3.3572e-15
4067  3.35241e-15
4068  3.34765e-15
4069  3.34291e-15
4070  3.33821e-15
4071  3.33354e-15
4072  3.32892e-15
4073  3.32435e-15
4074  3.31982e-15
4075  3.31535e-15
4076  3.31094e-15
4077  3.3066e-15
4078  3.30231e-15
4079  3.29809e-15
4080  3.29395e-15
4081  3.28987e-15
4082  3.28586e-15
4083  3.28193e-15
4084  3.27807e-15
4085  3.27429e-15
4086  3.27058e-15
4087  3.26695e-15
4088  3.26339e-15
4089  3.2599e-15
4090  3.25648e-15
4091  3.25314e-15
4092  3.24986e-15
4093  3.24664e-15
4094  3.24349e-15
4095  3.2404e-15
4096  3.23737e-15
4097  3.23439e-15
4098  3.23145e-15
4099  3.22857e-15
4100  3.22572e-15
4101  3.22291e-15
4102  3.22012e-15
4103  3.21737e-15
4104  3.21463e-15
4105  3.21191e-15
4106  3.2092e-15
4107  3.20648e-15
4108  3.20377e-15
4109  3.20104e-15
4110  3.19829e-15
4111  3.19553e-15
4112  3.19273e-15
4113  3.18989e-15
4114  3.18701e-15
4115  3.18407e-15
4116  3.18108e-15
4117  3.17802e-15
4118  3.17488e-15
4119  3.17166e-15
4120  3.16836e-15
4121  3.16496e-15
4122  3.16146e-15
4123  3.15785e-15
4124  3.15412e-15
4125  3.15026e-15
4126  3.14628e-15
4127  3.14215e-15
4128  3.13789e-15
4129  3.13347e-15
4130  3.12889e-15
4131  3.12416e-15
4132  3.11925e-15
4133  3.11417e-15
4134  3.1089e-15
4135  3.10345e-15
4136  3.09781e-15
4137  3.09198e-15
4138  3.08594e-15
4139  3.0797e-15
4140  3.07325e-15
4141  3.06659e-15
4142  3.05972e-15
4143  3.05262e-15
4144  3.0453e-15
4145  3.03776e-15
4146  3.02999e-15
4147  3.022e-15
4148  3.01377e-15
4149  3.00532e-15
4150  2.99663e-15
4151  2.98771e-15
4152  2.97856e-15
4153  2.96918e-15
4154  2.95956e-15
4155  2.94972e-15
4156  2.93964e-15
4157  2.92934e-15
4158  2.91881e-15
4159  2.90806e-15
4160  2.89709e-15
4161  2.8859e-15
4162  2.8745e-15
4163  2.86288e-15
4164  2.85106e-15
4165  2.83903e-15
4166  2.82681e-15
4167  2.81439e-15
4168  2.80179e-15
4169  2.789e-15
4170  2.77603e-15
4171  2.76289e-15
4172  2.74959e-15
4173  2.73612e-15
4174  2.7225e-15
4175  2.70874e-15
4176  2.69484e-15
4177  2.68081e-15
4178  2.66665e-15
4179  2.65237e-15
4180  2.63799e-15
4181  2.62351e-15
4182  2.60893e-15
4183  2.59426e-15
4184  2.57952e-15
4185  2.56472e-15
4186  2.54985e-15
4187  2.53493e-15
4188  2.51997e-15
4189  2.50497e-15
4190  2.48995e-15
4191  2.47491e-15
4192  2.45987e-15
4193  2.44483e-15
4194  2.42979e-15
4195  2.41478e-15
4196  2.39979e-15
4197  2.38484e-15
4198  2.36993e-15
4199  2.35508e-15
4200  2.3403e-15
4201  2.32558e-15
4202  2.31094e-15
4203  2.29639e-15
4204  2.28194e-15
4205  2.26759e-15
4206  2.25336e-15
4207  2.23924e-15
4208  2.22526e-15
4209  2.21141e-15
4210  2.19771e-15
4211  2.18416e-15
4212  2.17077e-15
4213  2.15754e-15
4214  2.14449e-15
4215  2.13162e-15
4216  2.11893e-15
4217  2.10644e-15
4218  2.09415e-15
4219  2.08207e-15
4220  2.0702e-15
4221  2.05854e-15
4222  2.04712e-15
4223  2.03592e-15
4224  2.02495e-15
4225  2.01423e-15
4226  2.00375e-15
4227  1.99352e-15
4228  1.98354e-15
4229  1.97383e-15
4230  1.96437e-15
4231  1.95518e-15
4232  1.94626e-15
4233  1.93762e-15
4234  1.92925e-15
4235  1.92116e-15
4236  1.91336e-15
4237  1.90584e-15
4238  1.89861e-15
4239  1.89167e-15
4240  1.88502e-15
4241  1.87866e-15
4242  1.87261e-15
4243  1.86685e-15
4244  1.86138e-15
4245  1.85622e-15
4246  1.85136e-15
4247  1.8468e-15
4248  1.84254e-15
4249  1.83859e-15
4250  1.83493e-15
4251  1.83158e-15
4252  1.82853e-15
4253  1.82579e-15
4254  1.82334e-15
4255  1.82119e-15
4256  1.81934e-15
4257  1.81779e-15
4258  1.81654e-15
4259  1.81558e-15
4260  1.81491e-15
4261  1.81453e-15
4262  1.81445e-15
4263  1.81464e-15
4264  1.81513e-15
4265  1.81589e-15
4266  1.81693e-15
4267  1.81825e-15
4268  1.81984e-15
4269  1.8217e-15
4270  1.82382e-15
4271  1.82621e-15
4272  1.82885e-15
4273  1.83175e-15
4274  1.8349e-15
4275  1.83829e-15
4276  1.84192e-15
4277  1.84579e-15
4278  1.84989e-15
4279  1.85422e-15
4280  1.85877e-15
4281  1.86354e-15
4282  1.86852e-15
4283  1.8737e-15
4284  1.87909e-15
4285  1.88467e-15
4286  1.89044e-15
4287  1.8964e-15
4288  1.90253e-15
4289  1.90883e-15
4290  1.9153e-15
4291  1.92193e-15
4292  1.92872e-15
4293  1.93565e-15
4294  1.94272e-15
4295  1.94993e-15
4296  1.95726e-15
4297  1.96471e-15
4298  1.97228e-15
4299  1.97996e-15
4300  1.98774e-15
4301  1.99562e-15
4302  2.00358e-15
4303  2.01163e-15
4304  2.01975e-15
4305  2.02794e-15
4306  2.03619e-15
4307  2.0445e-15
4308  2.05286e-15
4309  2.06126e-15
4310  2.06969e-15
4311  2.07816e-15
4312  2.08665e-15
4313  2.09516e-15
4314  2.10368e-15
4315  2.11221e-15
4316  2.12074e-15
4317  2.12926e-15
4318  2.13777e-15
4319  2.14627e-15
4320  2.15474e-15
4321  2.16319e-15
4322  2.1716e-15
4323  2.17998e-15
4324  2.18832e-15
4325  2.19661e-15
4326  2.20485e-15
4327  2.21304e-15
4328  2.22117e-15
4329  2.22923e-15
4330  2.23724e-15
4331  2.24517e-15
4332  2.25303e-15
4333  2.26082e-15
4334  2.26853e-15
4335  2.27617e-15
4336  2.28372e-15
4337  2.29118e-15
4338  2.29857e-15
4339  2.30587e-15
4340  2.31307e-15
4341  2.3202e-15
4342  2.32723e-15
4343  2.33417e-15
4344  2.34102e-15
4345  2.34778e-15
4346  2.35446e-15
4347  2.36104e-15
4348  2.36753e-15
4349  2.37394e-15
4350  2.38026e-15
4351  2.3865e-15
4352  2.39265e-15
4353  2.39872e-15
4354  2.40471e-15
4355  2.41062e-15
4356  2.41646e-15
4357  2.42222e-15
4358  2.42791e-15
4359  2.43354e-15
4360  2.4391e-15
4361  2.4446e-15
4362  2.45004e-15
4363  2.45543e-15
4364  2.46076e-15
4365  2.46605e-15
4366  2.47129e-15
4367  2.4765e-15
4368  2.48166e-15
4369  2.48679e-15
4370  2.4919e-15
4371  2.49698e-15
4372  2.50204e-15
4373  2.50708e-15
4374  2.51211e-15
4375  2.51713e-15
4376  2.52214e-15
4377  2.52715e-15
4378  2.53217e-15
4379  2.53719e-15
4380  2.54222e-15
4381  2.54727e-15
4382  2.55233e-15
4383  2.55741e-15
4384  2.56252e-15
4385  2.56765e-15
4386  2.57282e-15
4387  2.57801e-15
4388  2.58324e-15
4389  2.58851e-15
4390  2.59382e-15
4391  2.59918e-15
4392  2.60457e-15
4393  2.61002e-15
4394  2.61551e-15
4395  2.62105e-15
4396  2.62664e-15
4397  2.63228e-15
4398  2.63798e-15
4399  2.64372e-15
4400  2.64952e-15
4401  2.65537e-15
4402  2.66128e-15
4403  2.66723e-15
4404  2.67324e-15
4405  2.6793e-15
4406  2.6854e-15
4407  2.69156e-15
4408  2.69776e-15
4409  2.704e-15
4410  2.71028e-15
4411  2.71661e-15
4412  2.72297e-15
4413  2.72936e-15
4414  2.73578e-15
4415  2.74223e-15
4416  2.74871e-15
4417  2.7552e-15
4418  2.76171e-15
4419  2.76824e-15
4420  2.77477e-15
4421  2.7813e-15
4422  2.78784e-15
4423  2.79436e-15
4424  2.80088e-15
4425  2.80738e-15
4426  2.81387e-15
4427  2.82032e-15
4428  2.82675e-15
4429  2.83314e-15
4430  2.83948e-15
4431  2.84579e-15
4432  2.85203e-15
4433  2.85823e-15
4434  2.86435e-15
4435  2.87041e-15
4436  2.8764e-15
4437  2.8823e-15
4438  2.88812e-15
4439  2.89386e-15
4440  2.89949e-15
4441  2.90502e-15
4442  2.91045e-15
4443  2.91577e-15
4444  2.92097e-15
4445  2.92605e-15
4446  2.93101e-15
4447  2.93583e-15
4448  2.94052e-15
4449  2.94508e-15
4450  2.94949e-15
4451  2.95375e-15
4452  2.95787e-15
4453  2.96183e-15
4454  2.96564e-15
4455  2.96928e-15
4456  2.97277e-15
4457  2.97608e-15
4458  2.97924e-15
4459  2.98222e-15
4460  2.98503e-15
4461  2.98767e-15
4462  2.99013e-15
4463  2.99242e-15
4464  2.99453e-15
4465  2.99647e-15
4466  2.99823e-15
4467  2.99981e-15
4468  3.00122e-15
4469  3.00245e-15
4470  3.0035e-15
4471  3.00437e-15
4472  3.00508e-15
4473  3.00561e-15
4474  3.00597e-15
4475  3.00616e-15
4476  3.00618e-15
4477  3.00604e-15
4478  3.00573e-15
4479  3.00527e-15
4480  3.00464e-15
4481  3.00387e-15
4482  3.00294e-15
4483  3.00186e-15
4484  3.00064e-15
4485  2.99928e-15
4486  2.99779e-15
4487  2.99616e-15
4488  2.9944e-15
4489  2.99252e-15
4490  2.99052e-15
4491  2.9884e-15
4492  2.98617e-15
4493  2.98384e-15
4494  2.9814e-15
4495  2.97886e-15
4496  2.97623e-15
4497  2.97351e-15
4498  2.97071e-15
4499  2.96783e-15
4500  2.96487e-15
4501  2.96184e-15
4502  2.95875e-15
4503  2.95559e-15
4504  2.95238e-15
4505  2.94912e-15
4506  2.9458e-15
4507  2.94244e-15
4508  2.93904e-15
4509  2.93561e-15
4510  2.93214e-15
4511  2.92864e-15
4512  2.92511e-15
4513  2.92156e-15
4514  2.918e-15
4515  2.91441e-15
4516  2.91082e-15
4517  2.90721e-15
4518  2.9036e-15
4519  2.89998e-15
4520  2.89635e-15
4521  2.89273e-15
4522  2.8891e-15
4523  2.88548e-15
4524  2.88186e-15
4525  2.87824e-15
4526  2.87463e-15
4527  2.87103e-15
4528  2.86743e-15
4529  2.86385e-15
4530  2.86027e-15
4531  2.85669e-15
4532  2.85313e-15
4533  2.84957e-15
4534  2.84603e-15
4535  2.84249e-15
4536  2.83895e-15
4537  2.83542e-15
4538  2.83189e-15
4539  2.82837e-15
4540  2.82485e-15
4541  2.82133e-15
4542  2.81781e-15
4543  2.81428e-15
4544  2.81075e-15
4545  2.80721e-15
4546  2.80366e-15
4547  2.80011e-15
4548  2.79653e-15
4549  2.79295e-15
4550  2.78934e-15
4551  2.78571e-15
4552  2.78207e-15
4553  2.77839e-15
4554  2.77469e-15
4555  2.77096e-15
4556  2.76719e-15
4557  2.76339e-15
4558  2.75955e-15
4559  2.75568e-15
4560  2.75175e-15
4561  2.74779e-15
4562  2.74377e-15
4563  2.73971e-15
4564  2.73559e-15
4565  2.73142e-15
4566  2.72719e-15
4567  2.72291e-15
4568  2.71856e-15
4569  2.71415e-15
4570  2.70968e-15
4571  2.70514e-15
4572  2.70053e-15
4573  2.69586e-15
4574  2.69112e-15
4575  2.6863e-15
4576  2.68142e-15
4577  2.67646e-15
4578  2.67142e-15
4579  2.66632e-15
4580  2.66113e-15
4581  2.65588e-15
4582  2.65055e-15
4583  2.64514e-15
4584  2.63966e-15
4585  2.6341e-15
4586  2.62847e-15
4587  2.62277e-15
4588  2.61699e-15
4589  2.61115e-15
4590  2.60523e-15
4591  2.59924e-15
4592  2.59318e-15
4593  2.58706e-15
4594  2.58087e-15
4595  2.57461e-15
4596  2.5683e-15
4597  2.56192e-15
4598  2.55549e-15
4599  2.549e-15
4600  2.54246e-15
4601  2.53586e-15
4602  2.52922e-15
4603  2.52253e-15
4604  2.5158e-15
4605  2.50902e-15
4606  2.50221e-15
4607  2.49536e-15
4608  2.48848e-15
4609  2.48157e-15
4610  2.47464e-15
4611  2.46768e-15
4612  2.46069e-15
4613  2.4537e-15
4614  2.44668e-15
4615  2.43966e-15
4616  2.43263e-15
4617  2.42559e-15
4618  2.41855e-15
4619  2.41151e-15
4620  2.40448e-15
4621  2.39745e-15
4622  2.39043e-15
4623  2.38343e-15
4624  2.37644e-15
4625  2.36947e-15
4626  2.36252e-15
4627  2.3556e-15
4628  2.3487e-15
4629  2.34184e-15
4630  2.335e-15
4631  2.32821e-15
4632  2.32145e-15
4633  2.31472e-15
4634  2.30805e-15
4635  2.30141e-15
4636  2.29482e-15
4637  2.28829e-15
4638  2.2818e-15
4639  2.27536e-15
4640  2.26898e-15
4641  2.26266e-15
4642  2.25639e-15
4643  2.25018e-15
4644  2.24403e-15
4645  2.23795e-15
4646  2.23193e-15
4647  2.22597e-15
4648  2.22008e-15
4649  2.21425e-15
4650  2.20849e-15
4651  2.20281e-15
4652  2.19719e-15
4653  2.19164e-15
4654  2.18616e-15
4655  2.18075e-15
4656  2.17541e-15
4657  2.17014e-15
4658  2.16495e-15
4659  2.15983e-15
4660  2.15478e-15
4661  2.14981e-15
4662  2.14491e-15
4663  2.14008e-15
4664  2.13532e-15
4665  2.13064e-15
4666  2.12603e-15
4667  2.12149e-15
4668  2.11703e-15
4669  2.11263e-15
4670  2.10831e-15
4671  2.10406e-15
4672  2.09989e-15
4673  2.09578e-15
4674  2.09175e-15
4675  2.08778e-15
4676  2.08389e-15
4677  2.08006e-15
4678  2.07631e-15
4679  2.07263e-15
4680  2.06901e-15
4681  2.06546e-15
4682  2.06198e-15
4683  2.05857e-15
4684  2.05523e-15
4685  2.05195e-15
4686  2.04874e-15
4687  2.0456e-15
4688  2.04252e-15
4689  2.03951e-15
4690  2.03657e-15
4691  2.03369e-15
4692  2.03087e-15
4693  2.02812e-15
4694  2.02544e-15
4695  2.02281e-15
4696  2.02026e-15
4697  2.01776e-15
4698  2.01533e-15
4699  2.01297e-15
4700  2.01066e-15
4701  2.00842e-15
4702  2.00624e-15
4703  2.00413e-15
4704  2.00208e-15
4705  2.00008e-15
4706  1.99815e-15
4707  1.99629e-15
4708  1.99448e-15
4709  1.99273e-15
4710  1.99105e-15
4711  1.98943e-15
4712  1.98786e-15
4713  1.98636e-15
4714  1.98491e-15
4715  1.98352e-15
4716  1.9822e-15
4717  1.98093e-15
4718  1.97971e-15
4719  1.97856e-15
4720  1.97746e-15
4721  1.97641e-15
4722  1.97543e-15
4723  1.97449e-15
4724  1.97361e-15
4725  1.97278e-15
4726  1.972e-15
4727  1.97127e-15
4728  1.97059e-15
4729  1.96996e-15
4730  1.96938e-15
4731  1.96884e-15
4732  1.96835e-15
4733  1.96789e-15
4734  1.96748e-15
4735  1.96711e-15
4736  1.96678e-15
4737  1.96648e-15
4738  1.96622e-15
4739  1.96599e-15
4740  1.96579e-15
4741  1.96562e-15
4742  1.96548e-15
4743  1.96536e-15
4744  1.96526e-15
4745  1.96518e-15
4746  1.96512e-15
4747  1.96507e-15
4748  1.96504e-15
4749  1.96501e-15
4750  1.96499e-15
4751  1.96498e-15
4752  1.96497e-15
4753  1.96495e-15
4754  1.96493e-15
4755  1.96491e-15
4756  1.96487e-15
4757  1.96483e-15
4758  1.96476e-15
4759  1.96468e-15
4760  1.96458e-15
4761  1.96445e-15
4762  1.96429e-15
4763  1.9641e-15
4764  1.96388e-15
4765  1.96362e-15
4766  1.96332e-15
4767  1.96298e-15
4768  1.96259e-15
4769  1.96216e-15
4770  1.96167e-15
4771  1.96113e-15
4772  1.96053e-15
4773  1.95987e-15
4774  1.95915e-15
4775  1.95837e-15
4776  1.95752e-15
4777  1.9566e-15
4778  1.95561e-15
4779  1.95454e-15
4780  1.9534e-15
4781  1.95218e-15
4782  1.95088e-15
4783  1.9495e-15
4784  1.94804e-15
4785  1.94649e-15
4786  1.94486e-15
4787  1.94314e-15
4788  1.94133e-15
4789  1.93944e-15
4790  1.93745e-15
4791  1.93538e-15
4792  1.93321e-15
4793  1.93096e-15
4794  1.92861e-15
4795  1.92618e-15
4796  1.92365e-15
4797  1.92104e-15
4798  1.91834e-15
4799  1.91555e-15
4800  1.91267e-15
4801  1.90971e-15
4802  1.90666e-15
4803  1.90353e-15
4804  1.90031e-15
4805  1.89702e-15
4806  1.89365e-15
4807  1.89021e-15
4808  1.88669e-15
4809  1.8831e-15
4810  1.87945e-15
4811  1.87573e-15
4812  1.87195e-15
4813  1.8681e-15
4814  1.86421e-15
4815  1.86026e-15
4816  1.85626e-15
4817  1.85221e-15
4818  1.84813e-15
4819  1.844e-15
4820  1.83985e-15
4821  1.83566e-15
4822  1.83145e-15
4823  1.82721e-15
4824  1.82296e-15
4825  1.8187e-15
4826  1.81442e-15
4827  1.81015e-15
4828  1.80587e-15
4829  1.8016e-15
4830  1.79734e-15
4831  1.79309e-15
4832  1.78886e-15
4833  1.78465e-15
4834  1.78047e-15
4835  1.77632e-15
4836  1.77221e-15
4837  1.76814e-15
4838  1.76412e-15
4839  1.76014e-15
4840  1.75622e-15
4841  1.75235e-15
4842  1.74855e-15
4843  1.74482e-15
4844  1.74115e-15
4845  1.73756e-15
4846  1.73405e-15
4847  1.73062e-15
4848  1.72727e-15
4849  1.72401e-15
4850  1.72085e-15
4851  1.71778e-15
4852  1.7148e-15
4853  1.71193e-15
4854  1.70915e-15
4855  1.70649e-15
4856  1.70393e-15
4857  1.70148e-15
4858  1.69914e-15
4859  1.69692e-15
4860  1.69481e-15
4861  1.69282e-15
4862  1.69094e-15
4863  1.68919e-15
4864  1.68755e-15
4865  1.68604e-15
4866  1.68464e-15
4867  1.68337e-15
4868  1.68222e-15
4869  1.68118e-15
4870  1.68027e-15
4871  1.67949e-15
4872  1.67882e-15
4873  1.67827e-15
4874  1.67783e-15
4875  1.67752e-15
4876  1.67732e-15
4877  1.67724e-15
4878  1.67727e-15
4879  1.67741e-15
4880  1.67766e-15
4881  1.67802e-15
4882  1.67848e-15
4883  1.67905e-15
4884  1.67972e-15
4885  1.68049e-15
4886  1.68135e-15
4887  1.6823e-15
4888  1.68335e-15
4889  1.68448e-15
4890  1.6857e-15
4891  1.687e-15
4892  1.68838e-15
4893  1.68984e-15
4894  1.69136e-15
4895  1.69296e-15
4896  1.69462e-15
4897  1.69635e-15
4898  1.69814e-15
4899  1.69998e-15
4900  1.70188e-15
4901  1.70382e-15
4902  1.70582e-15
4903  1.70786e-15
4904  1.70994e-15
4905  1.71205e-15
4906  1.7142e-15
4907  1.71639e-15
4908  1.7186e-15
4909  1.72084e-15
4910  1.7231e-15
4911  1.72539e-15
4912  1.72769e-15
4913  1.73001e-15
4914  1.73234e-15
4915  1.73469e-15
4916  1.73704e-15
4917  1.73941e-15
4918  1.74177e-15
4919  1.74415e-15
4920  1.74652e-15
4921  1.74889e-15
4922  1.75127e-15
4923  1.75364e-15
4924  1.75601e-15
4925  1.75838e-15
4926  1.76074e-15
4927  1.7631e-15
4928  1.76546e-15
4929  1.7678e-15
4930  1.77015e-15
4931  1.77248e-15
4932  1.77481e-15
4933  1.77714e-15
4934  1.77945e-15
4935  1.78177e-15
4936  1.78408e-15
4937  1.78639e-15
4938  1.78869e-15
4939  1.79099e-15
4940  1.7933e-15
4941  1.7956e-15
4942  1.79791e-15
4943  1.80022e-15
4944  1.80254e-15
4945  1.80486e-15
4946  1.80719e-15
4947  1.80953e-15
4948  1.81189e-15
4949  1.81426e-15
4950  1.81664e-15
4951  1.81905e-15
4952  1.82147e-15
4953  1.82392e-15
4954  1.82639e-15
4955  1.8289e-15
4956  1.83143e-15
4957  1.83399e-15
4958  1.83659e-15
4959  1.83922e-15
4960  1.84189e-15
4961  1.84461e-15
4962  1.84737e-15
4963  1.85017e-15
4964  1.85302e-15
4965  1.85593e-15
4966  1.85888e-15
4967  1.86189e-15
4968  1.86496e-15
4969  1.86808e-15
4970  1.87126e-15
4971  1.87451e-15
4972  1.87782e-15
4973  1.8812e-15
4974  1.88464e-15
4975  1.88816e-15
4976  1.89174e-15
4977  1.89539e-15
4978  1.89912e-15
4979  1.90291e-15
4980  1.90679e-15
4981  1.91074e-15
4982  1.91476e-15
4983  1.91886e-15
4984  1.92303e-15
4985  1.92729e-15
4986  1.93162e-15
4987  1.93602e-15
4988  1.94051e-15
4989  1.94507e-15
4990  1.9497e-15
4991  1.95441e-15
4992  1.95919e-15
4993  1.96405e-15
4994  1.96898e-15
4995  1.97399e-15
4996  1.97906e-15
4997  1.9842e-15
4998  1.98941e-15
4999  1.99468e-15
5000  2.00002e-15
5001  2.00542e-15
5002  2.01087e-15
5003  2.01639e-15
5004  2.02196e-15
5005  2.02758e-15
5006  2.03326e-15
5007  2.03898e-15
5008  2.04474e-15
5009  2.05055e-15
5010  2.0564e-15
5011  2.06228e-15
5012  2.06819e-15
5013  2.07414e-15
5014  2.08011e-15
5015  2.0861e-15
5016  2.09212e-15
5017  2.09814e-15
5018  2.10419e-15
5019  2.11024e-15
5020  2.11629e-15
5021  2.12235e-15
5022  2.12841e-15
5023  2.13446e-15
5024  2.1405e-15
5025  2.14653e-15
5026  2.15254e-15
5027  2.15853e-15
5028  2.1645e-15
5029  2.17044e-15
5030  2.17634e-15
5031  2.18222e-15
5032  2.18805e-15
5033  2.19384e-15
5034  2.19959e-15
5035  2.20528e-15
5036  2.21093e-15
5037  2.21651e-15
5038  2.22204e-15
5039  2.2275e-15
5040  2.2329e-15
5041  2.23823e-15
5042  2.24348e-15
5043  2.24866e-15
5044  2.25376e-15
5045  2.25877e-15
5046  2.26371e-15
5047  2.26855e-15
5048  2.27331e-15
5049  2.27797e-15
5050  2.28254e-15
5051  2.28701e-15
5052  2.29138e-15
5053  2.29564e-15
5054  2.29981e-15
5055  2.30386e-15
5056  2.30781e-15
5057  2.31165e-15
5058  2.31538e-15
5059  2.31899e-15
5060  2.32249e-15
5061  2.32587e-15
5062  2.32914e-15
5063  2.33228e-15
5064  2.33531e-15
5065  2.33821e-15
5066  2.341e-15
5067  2.34366e-15
5068  2.34619e-15
5069  2.3486e-15
5070  2.35089e-15
5071  2.35306e-15
5072  2.35509e-15
5073  2.357e-15
5074  2.35879e-15
5075  2.36045e-15
5076  2.36198e-15
5077  2.36339e-15
5078  2.36467e-15
5079  2.36583e-15
5080  2.36686e-15
5081  2.36777e-15
5082  2.36855e-15
5083  2.36921e-15
5084  2.36974e-15
5085  2.37015e-15
5086  2.37045e-15
5087  2.37062e-15
5088  2.37067e-15
5089  2.3706e-15
5090  2.37041e-15
5091  2.37011e-15
5092  2.36969e-15
5093  2.36915e-15
5094  2.3685e-15
5095  2.36774e-15
5096  2.36687e-15
5097  2.36589e-15
5098  2.3648e-15
5099  2.3636e-15
5100  2.3623e-15
5101  2.3609e-15
5102  2.35939e-15
5103  2.35779e-15
5104  2.35608e-15
5105  2.35428e-15
5106  2.35238e-15
5107  2.35038e-15
5108  2.3483e-15
5109  2.34613e-15
5110  2.34386e-15
5111  2.34151e-15
5112  2.33908e-15
5113  2.33656e-15
5114  2.33396e-15
5115  2.33129e-15
5116  2.32853e-15
5117  2.32571e-15
5118  2.3228e-15
5119  2.31983e-15
5120  2.31679e-15
5121  2.31368e-15
5122  2.31051e-15
5123  2.30727e-15
5124  2.30398e-15
5125  2.30062e-15
5126  2.29721e-15
5127  2.29374e-15
5128  2.29023e-15
5129  2.28666e-15
5130  2.28304e-15
5131  2.27938e-15
5132  2.27567e-15
5133  2.27192e-15
5134  2.26813e-15
5135  2.26431e-15
5136  2.26045e-15
5137  2.25655e-15
5138  2.25263e-15
5139  2.24868e-15
5140  2.24469e-15
5141  2.24069e-15
5142  2.23666e-15
5143  2.23261e-15
5144  2.22854e-15
5145  2.22446e-15
5146  2.22036e-15
5147  2.21625e-15
5148  2.21213e-15
5149  2.208e-15
5150  2.20386e-15
5151  2.19972e-15
5152  2.19558e-15
5153  2.19143e-15
5154  2.18729e-15
5155  2.18315e-15
5156  2.17901e-15
5157  2.17488e-15
5158  2.17076e-15
5159  2.16665e-15
5160  2.16256e-15
5161  2.15847e-15
5162  2.1544e-15
5163  2.15035e-15
5164  2.14632e-15
5165  2.1423e-15
5166  2.13831e-15
5167  2.13434e-15
5168  2.1304e-15
5169  2.12648e-15
5170  2.12258e-15
5171  2.11872e-15
5172  2.11489e-15
5173  2.11109e-15
5174  2.10732e-15
5175  2.10358e-15
5176  2.09988e-15
5177  2.09621e-15
5178  2.09258e-15
5179  2.08899e-15
5180  2.08544e-15
5181  2.08192e-15
5182  2.07845e-15
5183  2.07502e-15
5184  2.07163e-15
5185  2.06828e-15
5186  2.06498e-15
5187  2.06172e-15
5188  2.05851e-15
5189  2.05534e-15
5190  2.05222e-15
5191  2.04914e-15
5192  2.04612e-15
5193  2.04314e-15
5194  2.04021e-15
5195  2.03732e-15
5196  2.03449e-15
5197  2.03171e-15
5198  2.02897e-15
5199  2.02629e-15
5200  2.02365e-15
5201  2.02107e-15
5202  2.01854e-15
5203  2.01606e-15
5204  2.01363e-15
5205  2.01125e-15
5206  2.00892e-15
5207  2.00665e-15
5208  2.00442e-15
5209  2.00225e-15
5210  2.00013e-15
5211  1.99806e-15
5212  1.99604e-15
5213  1.99408e-15
5214  1.99217e-15
5215  1.99031e-15
5216  1.9885e-15
5217  1.98674e-15
5218  1.98503e-15
5219  1.98338e-15
5220  1.98178e-15
5221  1.98023e-15
5222  1.97872e-15
5223  1.97728e-15
5224  1.97588e-15
5225  1.97453e-15
5226  1.97323e-15
5227  1.97199e-15
5228  1.97079e-15
5229  1.96964e-15
5230  1.96855e-15
5231  1.9675e-15
5232  1.9665e-15
5233  1.96556e-15
5234  1.96466e-15
5235  1.9638e-15
5236  1.963e-15
5237  1.96224e-15
5238  1.96154e-15
5239  1.96087e-15
5240  1.96026e-15
5241  1.95969e-15
5242  1.95917e-15
5243  1.95869e-15
5244  1.95826e-15
5245  1.95787e-15
5246  1.95752e-15
5247  1.95722e-15
5248  1.95696e-15
5249  1.95674e-15
5250  1.95656e-15
5251  1.95642e-15
5252  1.95632e-15
5253  1.95627e-15
5254  1.95624e-15
5255  1.95626e-15
5256  1.95631e-15
5257  1.9564e-15
5258  1.95652e-15
5259  1.95668e-15
5260  1.95687e-15
5261  1.95709e-15
5262  1.95734e-15
5263  1.95762e-15
5264  1.95793e-15
5265  1.95827e-15
5266  1.95863e-15
5267  1.95901e-15
5268  1.95942e-15
5269  1.95986e-15
5270  1.96031e-15
5271  1.96078e-15
5272  1.96127e-15
5273  1.96178e-15
5274  1.9623e-15
5275  1.96283e-15
5276  1.96338e-15
5277  1.96394e-15
5278  1.9645e-15
5279  1.96508e-15
5280  1.96565e-15
5281  1.96624e-15
5282  1.96682e-15
5283  1.96741e-15
5284  1.968e-15
5285  1.96858e-15
5286  1.96916e-15
5287  1.96974e-15
5288  1.97031e-15
5289  1.97086e-15
5290  1.97141e-15
5291  1.97195e-15
5292  1.97247e-15
5293  1.97297e-15
5294  1.97346e-15
5295  1.97393e-15
5296  1.97438e-15
5297  1.97481e-15
5298  1.97522e-15
5299  1.9756e-15
5300  1.97595e-15
5301  1.97628e-15
5302  1.97658e-15
5303  1.97684e-15
5304  1.97708e-15
5305  1.97728e-15
5306  1.97745e-15
5307  1.97759e-15
5308  1.97768e-15
5309  1.97775e-15
5310  1.97777e-15
5311  1.97775e-15
5312  1.9777e-15
5313  1.9776e-15
5314  1.97746e-15
5315  1.97728e-15
5316  1.97706e-15
5317  1.9768e-15
5318  1.97649e-15
5319  1.97614e-15
5320  1.97574e-15
5321  1.9753e-15
5322  1.97482e-15
5323  1.9743e-15
5324  1.97372e-15
5325  1.97311e-15
5326  1.97245e-15
5327  1.97175e-15
5328  1.97101e-15
5329  1.97022e-15
5330  1.9694e-15
5331  1.96853e-15
5332  1.96762e-15
5333  1.96667e-15
5334  1.96569e-15
5335  1.96467e-15
5336  1.96361e-15
5337  1.96251e-15
5338  1.96138e-15
5339  1.96022e-15
5340  1.95903e-15
5341  1.95781e-15
5342  1.95656e-15
5343  1.95528e-15
5344  1.95398e-15
5345  1.95265e-15
5346  1.95131e-15
5347  1.94994e-15
5348  1.94856e-15
5349  1.94716e-15
5350  1.94574e-15
5351  1.94431e-15
5352  1.94288e-15
5353  1.94143e-15
5354  1.93998e-15
5355  1.93853e-15
5356  1.93707e-15
5357  1.93561e-15
5358  1.93416e-15
5359  1.93271e-15
5360  1.93127e-15
5361  1.92984e-15
5362  1.92842e-15
5363  1.92701e-15
5364  1.92562e-15
5365  1.92425e-15
5366  1.9229e-15
5367  1.92157e-15
5368  1.92027e-15
5369  1.919e-15
5370  1.91775e-15
5371  1.91654e-15
5372  1.91535e-15
5373  1.91421e-15
5374  1.9131e-15
5375  1.91203e-15
5376  1.91101e-15
5377  1.91003e-15
5378  1.90909e-15
5379  1.9082e-15
5380  1.90736e-15
5381  1.90657e-15
5382  1.90583e-15
5383  1.90515e-15
5384  1.90452e-15
5385  1.90395e-15
5386  1.90344e-15
5387  1.90299e-15
5388  1.9026e-15
5389  1.90227e-15
5390  1.902e-15
5391  1.9018e-15
5392  1.90167e-15
5393  1.9016e-15
5394  1.9016e-15
5395  1.90167e-15
5396  1.90181e-15
5397  1.90201e-15
5398  1.90229e-15
5399  1.90264e-15
5400  1.90306e-15
5401  1.90355e-15
5402  1.90411e-15
5403  1.90475e-15
5404  1.90546e-15
5405  1.90624e-15
5406  1.90709e-15
5407  1.90802e-15
5408  1.90901e-15
5409  1.91008e-15
5410  1.91123e-15
5411  1.91244e-15
5412  1.91373e-15
5413  1.91509e-15
5414  1.91651e-15
5415  1.91801e-15
5416  1.91958e-15
5417  1.92122e-15
5418  1.92292e-15
5419  1.92469e-15
5420  1.92653e-15
5421  1.92844e-15
5422  1.93041e-15
5423  1.93244e-15
5424  1.93454e-15
5425  1.9367e-15
5426  1.93892e-15
5427  1.9412e-15
5428  1.94354e-15
5429  1.94594e-15
5430  1.9484e-15
5431  1.95091e-15
5432  1.95347e-15
5433  1.95609e-15
5434  1.95876e-15
5435  1.96149e-15
5436  1.96426e-15
5437  1.96708e-15
5438  1.96995e-15
5439  1.97286e-15
5440  1.97582e-15
5441  1.97882e-15
5442  1.98186e-15
5443  1.98494e-15
5444  1.98806e-15
5445  1.99122e-15
5446  1.99441e-15
5447  1.99764e-15
5448  2.0009e-15
5449  2.00419e-15
5450  2.00751e-15
5451  2.01086e-15
5452  2.01424e-15
5453  2.01764e-15
5454  2.02107e-15
5455  2.02452e-15
5456  2.02799e-15
5457  2.03148e-15
5458  2.03499e-15
5459  2.03851e-15
5460  2.04205e-15
5461  2.04561e-15
5462  2.04917e-15
5463  2.05275e-15
5464  2.05633e-15
5465  2.05993e-15
5466  2.06352e-15
5467  2.06713e-15
5468  2.07073e-15
5469  2.07434e-15
5470  2.07794e-15
5471  2.08155e-15
5472  2.08515e-15
5473  2.08874e-15
5474  2.09233e-15
5475  2.09591e-15
5476  2.09948e-15
5477  2.10304e-15
5478  2.10658e-15
5479  2.11011e-15
5480  2.11362e-15
5481  2.11712e-15
5482  2.12059e-15
5483  2.12405e-15
5484  2.12748e-15
5485  2.13088e-15
5486  2.13426e-15
5487  2.13762e-15
5488  2.14094e-15
5489  2.14423e-15
5490  2.14749e-15
5491  2.15071e-15
5492  2.1539e-15
5493  2.15705e-15
5494  2.16016e-15
5495  2.16323e-15
5496  2.16626e-15
5497  2.16925e-15
5498  2.17219e-15
5499  2.17508e-15
5500  2.17792e-15
5501  2.18072e-15
5502  2.18346e-15
5503  2.18615e-15
5504  2.18879e-15
5505  2.19137e-15
5506  2.19389e-15
5507  2.19636e-15
5508  2.19876e-15
5509  2.20111e-15
5510  2.20339e-15
5511  2.20561e-15
5512  2.20777e-15
5513  2.20986e-15
5514  2.21188e-15
5515  2.21384e-15
5516  2.21572e-15
5517  2.21754e-15
5518  2.21929e-15
5519  2.22097e-15
5520  2.22257e-15
5521  2.2241e-15
5522  2.22556e-15
5523  2.22695e-15
5524  2.22826e-15
5525  2.2295e-15
5526  2.23066e-15
5527  2.23175e-15
5528  2.23276e-15
5529  2.2337e-15
5530  2.23456e-15
5531  2.23534e-15
5532  2.23605e-15
5533  2.23668e-15
5534  2.23724e-15
5535  2.23772e-15
5536  2.23813e-15
5537  2.23847e-15
5538  2.23873e-15
5539  2.23891e-15
5540  2.23903e-15
5541  2.23907e-15
5542  2.23904e-15
5543  2.23894e-15
5544  2.23878e-15
5545  2.23854e-15
5546  2.23823e-15
5547  2.23786e-15
5548  2.23743e-15
5549  2.23693e-15
5550  2.23637e-15
5551  2.23575e-15
5552  2.23507e-15
5553  2.23433e-15
5554  2.23353e-15
5555  2.23268e-15
5556  2.23178e-15
5557  2.23082e-15
5558  2.22982e-15
5559  2.22876e-15
5560  2.22766e-15
5561  2.22652e-15
5562  2.22534e-15
5563  2.22411e-15
5564  2.22285e-15
5565  2.22155e-15
5566  2.22021e-15
5567  2.21884e-15
5568  2.21745e-15
5569  2.21602e-15
5570  2.21457e-15
5571  2.2131e-15
5572  2.2116e-15
5573  2.21008e-15
5574  2.20855e-15
5575  2.207e-15
5576  2.20543e-15
5577  2.20386e-15
5578  2.20228e-15
5579  2.20068e-15
5580  2.19909e-15
5581  2.19749e-15
5582  2.19589e-15
5583  2.19429e-15
5584  2.19269e-15
5585  2.19109e-15
5586  2.1895e-15
5587  2.18792e-15
5588  2.18635e-15
5589  2.1848e-15
5590  2.18325e-15
5591  2.18172e-15
5592  2.1802e-15
5593  2.17871e-15
5594  2.17723e-15
5595  2.17577e-15
5596  2.17433e-15
5597  2.17292e-15
5598  2.17153e-15
5599  2.17017e-15
5600  2.16884e-15
5601  2.16753e-15
5602  2.16625e-15
5603  2.165e-15
5604  2.16378e-15
5605  2.16259e-15
5606  2.16143e-15
5607  2.16031e-15
5608  2.15921e-15
5609  2.15816e-15
5610  2.15713e-15
5611  2.15614e-15
5612  2.15519e-15
5613  2.15427e-15
5614  2.15338e-15
5615  2.15253e-15
5616  2.15172e-15
5617  2.15094e-15
5618  2.15019e-15
5619  2.14948e-15
5620  2.14881e-15
5621  2.14817e-15
5622  2.14757e-15
5623  2.147e-15
5624  2.14646e-15
5625  2.14596e-15
5626  2.14549e-15
5627  2.14505e-15
5628  2.14465e-15
5629  2.14427e-15
5630  2.14393e-15
5631  2.14362e-15
5632  2.14333e-15
5633  2.14307e-15
5634  2.14285e-15
5635  2.14264e-15
5636  2.14247e-15
5637  2.14232e-15
5638  2.14219e-15
5639  2.14209e-15
5640  2.14201e-15
5641  2.14195e-15
5642  2.14191e-15
5643  2.14189e-15
5644  2.14188e-15
5645  2.1419e-15
5646  2.14193e-15
5647  2.14197e-15
5648  2.14203e-15
5649  2.14211e-15
5650  2.14219e-15
5651  2.14228e-15
5652  2.14239e-15
5653  2.1425e-15
5654  2.14262e-15
5655  2.14274e-15
5656  2.14287e-15
5657  2.14301e-15
5658  2.14314e-15
5659  2.14328e-15
5660  2.14342e-15
5661  2.14355e-15
5662  2.14369e-15
5663  2.14382e-15
5664  2.14395e-15
5665  2.14408e-15
5666  2.1442e-15
5667  2.14431e-15
5668  2.14441e-15
5669  2.14451e-15
5670  2.14459e-15
5671  2.14467e-15
5672  2.14473e-15
5673  2.14478e-15
5674  2.14482e-15
5675  2.14484e-15
5676  2.14485e-15
5677  2.14485e-15
5678  2.14482e-15
5679  2.14478e-15
5680  2.14473e-15
5681  2.14465e-15
5682  2.14456e-15
5683  2.14444e-15
5684  2.14431e-15
5685  2.14415e-15
5686  2.14397e-15
5687  2.14378e-15
5688  2.14356e-15
5689  2.14332e-15
5690  2.14305e-15
5691  2.14276e-15
5692  2.14245e-15
5693  2.14212e-15
5694  2.14176e-15
5695  2.14138e-15
5696  2.14098e-15
5697  2.14055e-15
5698  2.1401e-15
5699  2.13962e-15
5700  2.13913e-15
5701  2.1386e-15
5702  2.13806e-15
5703  2.13749e-15
5704  2.1369e-15
5705  2.13629e-15
5706  2.13566e-15
5707  2.135e-15
5708  2.13433e-15
5709  2.13363e-15
5710  2.13291e-15
5711  2.13218e-15
5712  2.13142e-15
5713  2.13065e-15
5714  2.12986e-15
5715  2.12905e-15
5716  2.12823e-15
5717  2.12739e-15
5718  2.12654e-15
5719  2.12568e-15
5720  2.1248e-15
5721  2.12392e-15
5722  2.12302e-15
5723  2.12211e-15
5724  2.1212e-15
5725  2.12028e-15
5726  2.11935e-15
5727  2.11842e-15
5728  2.11749e-15
5729  2.11655e-15
5730  2.11561e-15
5731  2.11467e-15
5732  2.11373e-15
5733  2.1128e-15
5734  2.11187e-15
5735  2.11094e-15
5736  2.11002e-15
5737  2.10911e-15
5738  2.10821e-15
5739  2.10731e-15
5740  2.10643e-15
5741  2.10556e-15
5742  2.1047e-15
5743  2.10386e-15
5744  2.10303e-15
5745  2.10222e-15
5746  2.10143e-15
5747  2.10066e-15
5748  2.09991e-15
5749  2.09917e-15
5750  2.09846e-15
5751  2.09778e-15
5752  2.09711e-15
5753  2.09647e-15
5754  2.09586e-15
5755  2.09527e-15
5756  2.0947e-15
5757  2.09417e-15
5758  2.09366e-15
5759  2.09318e-15
5760  2.09272e-15
5761  2.09229e-15
5762  2.0919e-15
5763  2.09153e-15
5764  2.09118e-15
5765  2.09087e-15
5766  2.09058e-15
5767  2.09032e-15
5768  2.09009e-15
5769  2.08989e-15
5770  2.08971e-15
5771  2.08955e-15
5772  2.08942e-15
5773  2.08932e-15
5774  2.08923e-15
5775  2.08917e-15
5776  2.08913e-15
5777  2.08911e-15
5778  2.08911e-15
5779  2.08912e-15
5780  2.08915e-15
5781  2.0892e-15
5782  2.08925e-15
5783  2.08932e-15
5784  2.08939e-15
5785  2.08947e-15
5786  2.08955e-15
5787  2.08963e-15
5788  2.08972e-15
5789  2.0898e-15
5790  2.08988e-15
5791  2.08995e-15
5792  2.09001e-15
5793  2.09006e-15
5794  2.09009e-15
5795  2.0901e-15
5796  2.0901e-15
5797  2.09007e-15
5798  2.09002e-15
5799  2.08993e-15
5800  2.08982e-15
5801  2.08967e-15
5802  2.08948e-15
5803  2.08925e-15
5804  2.08898e-15
5805  2.08867e-15
5806  2.0883e-15
5807  2.08788e-15
5808  2.08741e-15
5809  2.08687e-15
5810  2.08628e-15
5811  2.08562e-15
5812  2.0849e-15
5813  2.08411e-15
5814  2.08324e-15
5815  2.0823e-15
5816  2.08128e-15
5817  2.08019e-15
5818  2.079e-15
5819  2.07774e-15
5820  2.07639e-15
5821  2.07495e-15
5822  2.07341e-15
5823  2.07179e-15
5824  2.07006e-15
5825  2.06824e-15
5826  2.06632e-15
5827  2.0643e-15
5828  2.06218e-15
5829  2.05996e-15
5830  2.05762e-15
5831  2.05519e-15
5832  2.05264e-15
5833  2.04999e-15
5834  2.04723e-15
5835  2.04437e-15
5836  2.04139e-15
5837  2.0383e-15
5838  2.0351e-15
5839  2.0318e-15
5840  2.02838e-15
5841  2.02486e-15
5842  2.02122e-15
5843  2.01748e-15
5844  2.01363e-15
5845  2.00968e-15
5846  2.00562e-15
5847  2.00146e-15
5848  1.99719e-15
5849  1.99283e-15
5850  1.98836e-15
5851  1.9838e-15
5852  1.97914e-15
5853  1.97439e-15
5854  1.96955e-15
5855  1.96463e-15
5856  1.95961e-15
5857  1.95452e-15
5858  1.94934e-15
5859  1.94409e-15
5860  1.93876e-15
5861  1.93336e-15
5862  1.92789e-15
5863  1.92236e-15
5864  1.91677e-15
5865  1.91112e-15
5866  1.90542e-15
5867  1.89967e-15
5868  1.89387e-15
5869  1.88803e-15
5870  1.88215e-15
5871  1.87623e-15
5872  1.87028e-15
5873  1.86431e-15
5874  1.85832e-15
5875  1.8523e-15
5876  1.84627e-15
5877  1.84023e-15
5878  1.83418e-15
5879  1.82813e-15
5880  1.82209e-15
5881  1.81604e-15
5882  1.81001e-15
5883  1.80399e-15
5884  1.79799e-15
5885  1.79201e-15
5886  1.78605e-15
5887  1.78012e-15
5888  1.77423e-15
5889  1.76837e-15
5890  1.76255e-15
5891  1.75677e-15
5892  1.75104e-15
5893  1.74537e-15
5894  1.73974e-15
5895  1.73417e-15
5896  1.72866e-15
5897  1.72321e-15
5898  1.71783e-15
5899  1.71252e-15
5900  1.70727e-15
5901  1.7021e-15
5902  1.697e-15
5903  1.69199e-15
5904  1.68705e-15
5905  1.68219e-15
5906  1.67741e-15
5907  1.67272e-15
5908  1.66812e-15
5909  1.66361e-15
5910  1.65918e-15
5911  1.65484e-15
5912  1.6506e-15
5913  1.64645e-15
5914  1.64239e-15
5915  1.63842e-15
5916  1.63455e-15
5917  1.63077e-15
5918  1.62709e-15
5919  1.6235e-15
5920  1.62001e-15
5921  1.61661e-15
5922  1.6133e-15
5923  1.61009e-15
5924  1.60697e-15
5925  1.60394e-15
5926  1.60101e-15
5927  1.59816e-15
5928  1.59541e-15
5929  1.59275e-15
5930  1.59017e-15
5931  1.58768e-15
5932  1.58527e-15
5933  1.58295e-15
5934  1.58071e-15
5935  1.57856e-15
5936  1.57648e-15
5937  1.57448e-15
5938  1.57255e-15
5939  1.5707e-15
5940  1.56893e-15
5941  1.56722e-15
5942  1.56558e-15
5943  1.56401e-15
5944  1.5625e-15
5945  1.56106e-15
5946  1.55967e-15
5947  1.55835e-15
5948  1.55708e-15
5949  1.55587e-15
5950  1.55471e-15
5951  1.5536e-15
5952  1.55254e-15
5953  1.55152e-15
5954  1.55055e-15
5955  1.54963e-15
5956  1.54874e-15
5957  1.54789e-15
5958  1.54708e-15
5959  1.54631e-15
5960  1.54557e-15
5961  1.54486e-15
5962  1.54418e-15
5963  1.54352e-15
5964  1.5429e-15
5965  1.5423e-15
5966  1.54172e-15
5967  1.54117e-15
5968  1.54063e-15
5969  1.54012e-15
5970  1.53962e-15
5971  1.53914e-15
5972  1.53867e-15
5973  1.53822e-15
5974  1.53778e-15
5975  1.53735e-15
5976  1.53693e-15
5977  1.53653e-15
5978  1.53613e-15
5979  1.53574e-15
5980  1.53536e-15
5981  1.53499e-15
5982  1.53462e-15
5983  1.53426e-15
5984  1.53391e-15
5985  1.53356e-15
5986  1.53321e-15
5987  1.53287e-15
5988  1.53254e-15
5989  1.53221e-15
5990  1.53188e-15
5991  1.53155e-15
5992  1.53123e-15
5993  1.53091e-15
5994  1.5306e-15
5995  1.53029e-15
5996  1.52999e-15
5997  1.52968e-15
5998  1.52939e-15
5999  1.52909e-15
6000  1.5288e-15
6001  1.52852e-15
6002  1.52824e-15
6003  1.52797e-15
6004  1.52771e-15
6005  1.52745e-15
6006  1.52719e-15
6007  1.52695e-15
6008  1.52671e-15
6009  1.52648e-15
6010  1.52626e-15
6011  1.52605e-15
6012  1.52585e-15
6013  1.52565e-15
6014  1.52547e-15
6015  1.5253e-15
6016  1.52514e-15
6017  1.525e-15
6018  1.52486e-15
6019  1.52474e-15
6020  1.52463e-15
6021  1.52454e-15
6022  1.52446e-15
6023  1.5244e-15
6024  1.52435e-15
6025  1.52432e-15
6026  1.52431e-15
6027  1.52431e-15
6028  1.52433e-15
6029  1.52437e-15
6030  1.52442e-15
6031  1.5245e-15
6032  1.52459e-15
6033  1.5247e-15
6034  1.52484e-15
6035  1.52499e-15
6036  1.52516e-15
6037  1.52536e-15
6038  1.52557e-15
6039  1.52581e-15
6040  1.52607e-15
6041  1.52635e-15
6042  1.52665e-15
6043  1.52698e-15
6044  1.52732e-15
6045  1.5277e-15
6046  1.52809e-15
6047  1.52851e-15
6048  1.52895e-15
6049  1.52941e-15
6050  1.5299e-15
6051  1.53041e-15
6052  1.53095e-15
6053  1.53151e-15
6054  1.5321e-15
6055  1.53271e-15
6056  1.53334e-15
6057  1.534e-15
6058  1.53469e-15
6059  1.5354e-15
6060  1.53613e-15
6061  1.53689e-15
6062  1.53768e-15
6063  1.53849e-15
6064  1.53932e-15
6065  1.54018e-15
6066  1.54107e-15
6067  1.54198e-15
6068  1.54292e-15
6069  1.54388e-15
6070  1.54487e-15
6071  1.54588e-15
6072  1.54692e-15
6073  1.54798e-15
6074  1.54907e-15
6075  1.55019e-15
6076  1.55133e-15
6077  1.5525e-15
6078  1.55369e-15
6079  1.55491e-15
6080  1.55615e-15
6081  1.55742e-15
6082  1.55872e-15
6083  1.56004e-15
6084  1.56139e-15
6085  1.56276e-15
6086  1.56415e-15
6087  1.56558e-15
6088  1.56703e-15
6089  1.5685e-15
6090  1.57e-15
6091  1.57152e-15
6092  1.57307e-15
6093  1.57465e-15
6094  1.57624e-15
6095  1.57787e-15
6096  1.57952e-15
6097  1.58119e-15
6098  1.58288e-15
6099  1.5846e-15
6100  1.58635e-15
6101  1.58812e-15
6102  1.58991e-15
6103  1.59172e-15
6104  1.59356e-15
6105  1.59542e-15
6106  1.5973e-15
6107  1.5992e-15
6108  1.60113e-15
6109  1.60308e-15
6110  1.60504e-15
6111  1.60703e-15
6112  1.60904e-15
6113  1.61107e-15
6114  1.61311e-15
6115  1.61518e-15
6116  1.61726e-15
6117  1.61936e-15
6118  1.62148e-15
6119  1.62361e-15
6120  1.62577e-15
6121  1.62793e-15
6122  1.63011e-15
6123  1.6323e-15
6124  1.63451e-15
6125  1.63673e-15
6126  1.63896e-15
6127  1.64121e-15
6128  1.64346e-15
6129  1.64572e-15
6130  1.648e-15
6131  1.65028e-15
6132  1.65256e-15
6133  1.65486e-15
6134  1.65716e-15
6135  1.65946e-15
6136  1.66177e-15
6137  1.66408e-15
6138  1.66639e-15
6139  1.66871e-15
6140  1.67102e-15
6141  1.67334e-15
6142  1.67565e-15
6143  1.67796e-15
6144  1.68027e-15
6145  1.68257e-15
6146  1.68487e-15
6147  1.68716e-15
6148  1.68945e-15
6149  1.69172e-15
6150  1.69399e-15
6151  1.69625e-15
6152  1.6985e-15
6153  1.70074e-15
6154  1.70297e-15
6155  1.70518e-15
6156  1.70739e-15
6157  1.70957e-15
6158  1.71174e-15
6159  1.7139e-15
6160  1.71604e-15
6161  1.71816e-15
6162  1.72027e-15
6163  1.72236e-15
6164  1.72442e-15
6165  1.72647e-15
6166  1.7285e-15
6167  1.73051e-15
6168  1.7325e-15
6169  1.73447e-15
6170  1.73641e-15
6171  1.73834e-15
6172  1.74024e-15
6173  1.74212e-15
6174  1.74397e-15
6175  1.74581e-15
6176  1.74762e-15
6177  1.74941e-15
6178  1.75117e-15
6179  1.75291e-15
6180  1.75463e-15
6181  1.75633e-15
6182  1.758e-15
6183  1.75965e-15
6184  1.76128e-15
6185  1.76288e-15
6186  1.76447e-15
6187  1.76603e-15
6188  1.76757e-15
6189  1.76909e-15
6190  1.77059e-15
6191  1.77206e-15
6192  1.77352e-15
6193  1.77496e-15
6194  1.77639e-15
6195  1.77779e-15
6196  1.77917e-15
6197  1.78054e-15
6198  1.7819e-15
6199  1.78323e-15
6200  1.78456e-15
6201  1.78587e-15
6202  1.78716e-15
6203  1.78845e-15
6204  1.78972e-15
6205  1.79098e-15
6206  1.79223e-15
6207  1.79347e-15
6208  1.7947e-15
6209  1.79592e-15
6210  1.79714e-15
6211  1.79835e-15
6212  1.79955e-15
6213  1.80075e-15
6214  1.80194e-15
6215  1.80313e-15
6216  1.80432e-15
6217  1.8055e-15
6218  1.80669e-15
6219  1.80787e-15
6220  1.80905e-15
6221  1.81023e-15
6222  1.81142e-15
6223  1.8126e-15
6224  1.81378e-15
6225  1.81497e-15
6226  1.81616e-15
6227  1.81735e-15
6228  1.81855e-15
6229  1.81975e-15
6230  1.82095e-15
6231  1.82215e-15
6232  1.82336e-15
6233  1.82457e-15
6234  1.82579e-15
6235  1.82701e-15
6236  1.82823e-15
6237  1.82946e-15
6238  1.83069e-15
6239  1.83193e-15
6240  1.83316e-15
6241  1.8344e-15
6242  1.83564e-15
6243  1.83689e-15
6244  1.83813e-15
6245  1.83937e-15
6246  1.84062e-15
6247  1.84186e-15
6248  1.84311e-15
6249  1.84435e-15
6250  1.84558e-15
6251  1.84682e-15
6252  1.84805e-15
6253  1.84927e-15
6254  1.85049e-15
6255  1.8517e-15
6256  1.85291e-15
6257  1.8541e-15
6258  1.85529e-15
6259  1.85646e-15
6260  1.85762e-15
6261  1.85877e-15
6262  1.8599e-15
6263  1.86102e-15
6264  1.86212e-15
6265  1.8632e-15
6266  1.86426e-15
6267  1.86531e-15
6268  1.86633e-15
6269  1.86733e-15
6270  1.8683e-15
6271  1.86926e-15
6272  1.87018e-15
6273  1.87108e-15
6274  1.87195e-15
6275  1.8728e-15
6276  1.87361e-15
6277  1.87439e-15
6278  1.87514e-15
6279  1.87586e-15
6280  1.87654e-15
6281  1.87719e-15
6282  1.87781e-15
6283  1.87839e-15
6284  1.87893e-15
6285  1.87943e-15
6286  1.8799e-15
6287  1.88033e-15
6288  1.88072e-15
6289  1.88108e-15
6290  1.88139e-15
6291  1.88167e-15
6292  1.8819e-15
6293  1.8821e-15
6294  1.88225e-15
6295  1.88237e-15
6296  1.88244e-15
6297  1.88248e-15
6298  1.88248e-15
6299  1.88244e-15
6300  1.88235e-15
6301  1.88224e-15
6302  1.88208e-15
6303  1.88189e-15
6304  1.88166e-15
6305  1.88139e-15
6306  1.88109e-15
6307  1.88075e-15
6308  1.88039e-15
6309  1.87999e-15
6310  1.87955e-15
6311  1.87909e-15
6312  1.8786e-15
6313  1.87808e-15
6314  1.87753e-15
6315  1.87696e-15
6316  1.87636e-15
6317  1.87574e-15
6318  1.8751e-15
6319  1.87444e-15
6320  1.87375e-15
6321  1.87306e-15
6322  1.87234e-15
6323  1.87161e-15
6324  1.87087e-15
6325  1.87012e-15
6326  1.86935e-15
6327  1.86858e-15
6328  1.8678e-15
6329  1.86702e-15
6330  1.86623e-15
6331  1.86544e-15
6332  1.86464e-15
6333  1.86385e-15
6334  1.86306e-15
6335  1.86228e-15
6336  1.8615e-15
6337  1.86072e-15
6338  1.85996e-15
6339  1.8592e-15
6340  1.85845e-15
6341  1.85771e-15
6342  1.85698e-15
6343  1.85627e-15
6344  1.85557e-15
6345  1.85489e-15
6346  1.85422e-15
6347  1.85357e-15
6348  1.85294e-15
6349  1.85232e-15
6350  1.85173e-15
6351  1.85115e-15
6352  1.85059e-15
6353  1.85006e-15
6354  1.84954e-15
6355  1.84904e-15
6356  1.84857e-15
6357  1.84811e-15
6358  1.84768e-15
6359  1.84727e-15
6360  1.84687e-15
6361  1.8465e-15
6362  1.84614e-15
6363  1.84581e-15
6364  1.84549e-15
6365  1.84519e-15
6366  1.8449e-15
6367  1.84464e-15
6368  1.84438e-15
6369  1.84415e-15
6370  1.84392e-15
6371  1.84371e-15
6372  1.84351e-15
6373  1.84332e-15
6374  1.84313e-15
6375  1.84295e-15
6376  1.84278e-15
6377  1.84262e-15
6378  1.84245e-15
6379  1.84229e-15
6380  1.84212e-15
6381  1.84195e-15
6382  1.84178e-15
6383  1.8416e-15
6384  1.84142e-15
6385  1.84122e-15
6386  1.84101e-15
6387  1.8408e-15
6388  1.84056e-15
6389  1.84031e-15
6390  1.84004e-15
6391  1.83975e-15
6392  1.83944e-15
6393  1.8391e-15
6394  1.83874e-15
6395  1.83835e-15
6396  1.83793e-15
6397  1.83747e-15
6398  1.83699e-15
6399  1.83647e-15
6400  1.83592e-15
6401  1.83533e-15
6402  1.8347e-15
6403  1.83403e-15
6404  1.83332e-15
6405  1.83256e-15
6406  1.83176e-15
6407  1.83092e-15
6408  1.83003e-15
6409  1.82909e-15
6410  1.8281e-15
6411  1.82707e-15
6412  1.82598e-15
6413  1.82485e-15
6414  1.82366e-15
6415  1.82242e-15
6416  1.82113e-15
6417  1.81979e-15
6418  1.8184e-15
6419  1.81695e-15
6420  1.81545e-15
6421  1.81391e-15
6422  1.8123e-15
6423  1.81065e-15
6424  1.80895e-15
6425  1.8072e-15
6426  1.80539e-15
6427  1.80354e-15
6428  1.80164e-15
6429  1.7997e-15
6430  1.79771e-15
6431  1.79567e-15
6432  1.79359e-15
6433  1.79147e-15
6434  1.78931e-15
6435  1.78711e-15
6436  1.78487e-15
6437  1.7826e-15
6438  1.78029e-15
6439  1.77796e-15
6440  1.77559e-15
6441  1.77319e-15
6442  1.77077e-15
6443  1.76832e-15
6444  1.76586e-15
6445  1.76337e-15
6446  1.76086e-15
6447  1.75835e-15
6448  1.75581e-15
6449  1.75327e-15
6450  1.75072e-15
6451  1.74817e-15
6452  1.74561e-15
6453  1.74305e-15
6454  1.7405e-15
6455  1.73795e-15
6456  1.7354e-15
6457  1.73287e-15
6458  1.73035e-15
6459  1.72784e-15
6460  1.72535e-15
6461  1.72288e-15
6462  1.72043e-15
6463  1.718e-15
6464  1.7156e-15
6465  1.71323e-15
6466  1.71089e-15
6467  1.70858e-15
6468  1.7063e-15
6469  1.70407e-15
6470  1.70187e-15
6471  1.69971e-15
6472  1.69759e-15
6473  1.69552e-15
6474  1.69349e-15
6475  1.69151e-15
6476  1.68958e-15
6477  1.6877e-15
6478  1.68587e-15
6479  1.68409e-15
6480  1.68237e-15
6481  1.6807e-15
6482  1.67908e-15
6483  1.67752e-15
6484  1.67602e-15
6485  1.67458e-15
6486  1.67319e-15
6487  1.67186e-15
6488  1.67059e-15
6489  1.66938e-15
6490  1.66823e-15
6491  1.66713e-15
6492  1.6661e-15
6493  1.66512e-15
6494  1.6642e-15
6495  1.66334e-15
6496  1.66254e-15
6497  1.66179e-15
6498  1.6611e-15
6499  1.66046e-15
6500  1.65988e-15
6501  1.65934e-15
6502  1.65887e-15
6503  1.65844e-15
6504  1.65806e-15
6505  1.65773e-15
6506  1.65745e-15
6507  1.65721e-15
6508  1.65702e-15
6509  1.65686e-15
6510  1.65675e-15
6511  1.65668e-15
6512  1.65665e-15
6513  1.65665e-15
6514  1.65668e-15
6515  1.65675e-15
6516  1.65685e-15
6517  1.65697e-15
6518  1.65712e-15
6519  1.6573e-15
6520  1.6575e-15
6521  1.65771e-15
6522  1.65795e-15
6523  1.6582e-15
6524  1.65847e-15
6525  1.65874e-15
6526  1.65903e-15
6527  1.65933e-15
6528  1.65963e-15
6529  1.65994e-15
6530  1.66025e-15
6531  1.66055e-15
6532  1.66086e-15
6533  1.66116e-15
6534  1.66146e-15
6535  1.66175e-15
6536  1.66203e-15
6537  1.66231e-15
6538  1.66256e-15
6539  1.66281e-15
6540  1.66304e-15
6541  1.66325e-15
6542  1.66344e-15
6543  1.66361e-15
6544  1.66377e-15
6545  1.66389e-15
6546  1.664e-15
6547  1.66408e-15
6548  1.66413e-15
6549  1.66415e-15
6550  1.66415e-15
6551  1.66412e-15
6552  1.66405e-15
6553  1.66396e-15
6554  1.66383e-15
6555  1.66367e-15
6556  1.66348e-15
6557  1.66325e-15
6558  1.66299e-15
6559  1.66269e-15
6560  1.66236e-15
6561  1.662e-15
6562  1.66159e-15
6563  1.66115e-15
6564  1.66068e-15
6565  1.66017e-15
6566  1.65962e-15
6567  1.65903e-15
6568  1.65841e-15
6569  1.65776e-15
6570  1.65706e-15
6571  1.65633e-15
6572  1.65557e-15
6573  1.65477e-15
6574  1.65394e-15
6575  1.65307e-15
6576  1.65217e-15
6577  1.65123e-15
6578  1.65027e-15
6579  1.64927e-15
6580  1.64823e-15
6581  1.64717e-15
6582  1.64608e-15
6583  1.64496e-15
6584  1.6438e-15
6585  1.64262e-15
6586  1.64142e-15
6587  1.64018e-15
6588  1.63892e-15
6589  1.63764e-15
6590  1.63633e-15
6591  1.635e-15
6592  1.63365e-15
6593  1.63227e-15
6594  1.63087e-15
6595  1.62946e-15
6596  1.62802e-15
6597  1.62657e-15
6598  1.6251e-15
6599  1.62361e-15
6600  1.62211e-15
6601  1.6206e-15
6602  1.61907e-15
6603  1.61753e-15
6604  1.61598e-15
6605  1.61442e-15
6606  1.61285e-15
6607  1.61127e-15
6608  1.60968e-15
6609  1.60808e-15
6610  1.60648e-15
6611  1.60488e-15
6612  1.60327e-15
6613  1.60165e-15
6614  1.60004e-15
6615  1.59842e-15
6616  1.5968e-15
6617  1.59518e-15
6618  1.59356e-15
6619  1.59195e-15
6620  1.59033e-15
6621  1.58872e-15
6622  1.58712e-15
6623  1.58551e-15
6624  1.58392e-15
6625  1.58233e-15
6626  1.58074e-15
6627  1.57917e-15
6628  1.5776e-15
6629  1.57604e-15
6630  1.57449e-15
6631  1.57295e-15
6632  1.57142e-15
6633  1.5699e-15
6634  1.56839e-15
6635  1.5669e-15
6636  1.56542e-15
6637  1.56395e-15
6638  1.56249e-15
6639  1.56105e-15
6640  1.55963e-15
6641  1.55822e-15
6642  1.55683e-15
6643  1.55545e-15
6644  1.55409e-15
6645  1.55274e-15
6646  1.55141e-15
6647  1.5501e-15
6648  1.54881e-15
6649  1.54754e-15
6650  1.54629e-15
6651  1.54505e-15
6652  1.54383e-15
6653  1.54264e-15
6654  1.54146e-15
6655  1.5403e-15
6656  1.53917e-15
6657  1.53805e-15
6658  1.53696e-15
6659  1.53588e-15
6660  1.53483e-15
6661  1.53379e-15
6662  1.53278e-15
6663  1.53179e-15
6664  1.53082e-15
6665  1.52987e-15
6666  1.52894e-15
6667  1.52804e-15
6668  1.52715e-15
6669  1.52629e-15
6670  1.52545e-15
6671  1.52463e-15
6672  1.52383e-15
6673  1.52305e-15
6674  1.5223e-15
6675  1.52156e-15
6676  1.52084e-15
6677  1.52015e-15
6678  1.51947e-15
6679  1.51882e-15
6680  1.51819e-15
6681  1.51757e-15
6682  1.51698e-15
6683  1.5164e-15
6684  1.51585e-15
6685  1.51531e-15
6686  1.51479e-15
6687  1.51429e-15
6688  1.51381e-15
6689  1.51334e-15
6690  1.5129e-15
6691  1.51246e-15
6692  1.51205e-15
6693  1.51165e-15
6694  1.51127e-15
6695  1.5109e-15
6696  1.51055e-15
6697  1.51021e-15
6698  1.50989e-15
6699  1.50958e-15
6700  1.50928e-15
6701  1.509e-15
6702  1.50873e-15
6703  1.50847e-15
6704  1.50822e-15
6705  1.50798e-15
6706  1.50775e-15
6707  1.50753e-15
6708  1.50732e-15
6709  1.50712e-15
6710  1.50693e-15
6711  1.50674e-15
6712  1.50656e-15
6713  1.50639e-15
6714  1.50623e-15
6715  1.50606e-15
6716  1.50591e-15
6717  1.50576e-15
6718  1.50561e-15
6719  1.50546e-15
6720  1.50532e-15
6721  1.50518e-15
6722  1.50504e-15
6723  1.5049e-15
6724  1.50476e-15
6725  1.50462e-15
6726  1.50448e-15
6727  1.50434e-15
6728  1.5042e-15
6729  1.50405e-15
6730  1.5039e-15
6731  1.50375e-15
6732  1.50359e-15
6733  1.50343e-15
6734  1.50327e-15
6735  1.50309e-15
6736  1.50292e-15
6737  1.50273e-15
6738  1.50254e-15
6739  1.50234e-15
6740  1.50213e-15
6741  1.50192e-15
6742  1.50169e-15
6743  1.50146e-15
6744  1.50122e-15
6745  1.50096e-15
6746  1.5007e-15
6747  1.50042e-15
6748  1.50013e-15
6749  1.49984e-15
6750  1.49953e-15
6751  1.4992e-15
6752  1.49887e-15
6753  1.49852e-15
6754  1.49816e-15
6755  1.49778e-15
6756  1.49739e-15
6757  1.49699e-15
6758  1.49657e-15
6759  1.49614e-15
6760  1.49569e-15
6761  1.49523e-15
6762  1.49475e-15
6763  1.49426e-15
6764  1.49375e-15
6765  1.49323e-15
6766  1.49269e-15
6767  1.49214e-15
6768  1.49156e-15
6769  1.49098e-15
6770  1.49038e-15
6771  1.48976e-15
6772  1.48912e-15
6773  1.48847e-15
6774  1.48781e-15
6775  1.48713e-15
6776  1.48643e-15
6777  1.48572e-15
6778  1.48499e-15
6779  1.48425e-15
6780  1.48349e-15
6781  1.48271e-15
6782  1.48192e-15
6783  1.48112e-15
6784  1.4803e-15
6785  1.47947e-15
6786  1.47863e-15
6787  1.47777e-15
6788  1.47689e-15
6789  1.47601e-15
6790  1.47511e-15
6791  1.4742e-15
6792  1.47327e-15
6793  1.47234e-15
6794  1.47139e-15
6795  1.47043e-15
6796  1.46947e-15
6797  1.46849e-15
6798  1.4675e-15
6799  1.4665e-15
6800  1.4655e-15
6801  1.46448e-15
6802  1.46346e-15
6803  1.46244e-15
6804  1.4614e-15
6805  1.46036e-15
6806  1.45931e-15
6807  1.45826e-15
6808  1.4572e-15
6809  1.45614e-15
6810  1.45508e-15
6811  1.45401e-15
6812  1.45294e-15
6813  1.45187e-15
6814  1.4508e-15
6815  1.44973e-15
6816  1.44866e-15
6817  1.44759e-15
6818  1.44652e-15
6819  1.44545e-15
6820  1.44438e-15
6821  1.44332e-15
6822  1.44226e-15
6823  1.44121e-15
6824  1.44016e-15
6825  1.43912e-15
6826  1.43808e-15
6827  1.43705e-15
6828  1.43603e-15
6829  1.43501e-15
6830  1.43401e-15
6831  1.43301e-15
6832  1.43202e-15
6833  1.43105e-15
6834  1.43008e-15
6835  1.42913e-15
6836  1.42818e-15
6837  1.42725e-15
6838  1.42633e-15
6839  1.42543e-15
6840  1.42453e-15
6841  1.42366e-15
6842  1.42279e-15
6843  1.42194e-15
6844  1.42111e-15
6845  1.42029e-15
6846  1.41949e-15
6847  1.4187e-15
6848  1.41793e-15
6849  1.41718e-15
6850  1.41645e-15
6851  1.41573e-15
6852  1.41503e-15
6853  1.41434e-15
6854  1.41368e-15
6855  1.41303e-15
6856  1.4124e-15
6857  1.41179e-15
6858  1.41119e-15
6859  1.41062e-15
6860  1.41006e-15
6861  1.40952e-15
6862  1.409e-15
6863  1.4085e-15
6864  1.40801e-15
6865  1.40755e-15
6866  1.4071e-15
6867  1.40667e-15
6868  1.40625e-15
6869  1.40586e-15
6870  1.40548e-15
6871  1.40512e-15
6872  1.40477e-15
6873  1.40444e-15
6874  1.40413e-15
6875  1.40383e-15
6876  1.40355e-15
6877  1.40329e-15
6878  1.40303e-15
6879  1.4028e-15
6880  1.40257e-15
6881  1.40236e-15
6882  1.40216e-15
6883  1.40198e-15
6884  1.40181e-15
6885  1.40164e-15
6886  1.40149e-15
6887  1.40135e-15
6888  1.40122e-15
6889  1.4011e-15
6890  1.40099e-15
6891  1.40088e-15
6892  1.40079e-15
6893  1.4007e-15
6894  1.40062e-15
6895  1.40054e-15
6896  1.40047e-15
6897  1.4004e-15
6898  1.40034e-15
6899  1.40028e-15
6900  1.40022e-15
6901  1.40017e-15
6902  1.40012e-15
6903  1.40007e-15
6904  1.40002e-15
6905  1.39996e-15
6906  1.39991e-15
6907  1.39986e-15
6908  1.39981e-15
6909  1.39975e-15
6910  1.39969e-15
6911  1.39963e-15
6912  1.39956e-15
6913  1.39949e-15
6914  1.39941e-15
6915  1.39933e-15
6916  1.39924e-15
6917  1.39914e-15
6918  1.39904e-15
6919  1.39893e-15
6920  1.39881e-15
6921  1.39869e-15
6922  1.39855e-15
6923  1.39841e-15
6924  1.39826e-15
6925  1.39809e-15
6926  1.39792e-15
6927  1.39774e-15
6928  1.39754e-15
6929  1.39734e-15
6930  1.39712e-15
6931  1.3969e-15
6932  1.39666e-15
6933  1.39641e-15
6934  1.39615e-15
6935  1.39588e-15
6936  1.39559e-15
6937  1.39529e-15
6938  1.39498e-15
6939  1.39466e-15
6940  1.39433e-15
6941  1.39398e-15
6942  1.39362e-15
6943  1.39325e-15
6944  1.39287e-15
6945  1.39248e-15
6946  1.39207e-15
6947  1.39166e-15
6948  1.39123e-15
6949  1.39079e-15
6950  1.39034e-15
6951  1.38988e-15
6952  1.38941e-15
6953  1.38892e-15
6954  1.38843e-15
6955  1.38793e-15
6956  1.38742e-15
6957  1.3869e-15
6958  1.38637e-15
6959  1.38583e-15
6960  1.38529e-15
6961  1.38473e-15
6962  1.38417e-15
6963  1.38361e-15
6964  1.38303e-15
6965  1.38245e-15
6966  1.38187e-15
6967  1.38128e-15
6968  1.38068e-15
6969  1.38009e-15
6970  1.37948e-15
6971  1.37888e-15
6972  1.37827e-15
6973  1.37766e-15
6974  1.37704e-15
6975  1.37643e-15
6976  1.37581e-15
6977  1.37519e-15
6978  1.37458e-15
6979  1.37396e-15
6980  1.37334e-15
6981  1.37273e-15
6982  1.37211e-15
6983  1.3715e-15
6984  1.37089e-15
6985  1.37029e-15
6986  1.36968e-15
6987  1.36908e-15
6988  1.36849e-15
6989  1.36789e-15
6990  1.36731e-15
6991  1.36672e-15
6992  1.36614e-15
6993  1.36557e-15
6994  1.36501e-15
6995  1.36445e-15
6996  1.36389e-15
6997  1.36334e-15
6998  1.3628e-15
6999  1.36227e-15
7000  1.36174e-15
7001  1.36122e-15
7002  1.3607e-15
7003  1.3602e-15
7004  1.3597e-15
7005  1.35921e-15
7006  1.35872e-15
7007  1.35825e-15
7008  1.35778e-15
7009  1.35732e-15
7010  1.35686e-15
7011  1.35641e-15
7012  1.35597e-15
7013  1.35554e-15
7014  1.35511e-15
7015  1.3547e-15
7016  1.35428e-15
7017  1.35388e-15
7018  1.35348e-15
7019  1.35308e-15
7020  1.35269e-15
7021  1.35231e-15
7022  1.35193e-15
7023  1.35156e-15
7024  1.35119e-15
7025  1.35082e-15
7026  1.35046e-15
7027  1.3501e-15
7028  1.34974e-15
7029  1.34939e-15
7030  1.34903e-15
7031  1.34868e-15
7032  1.34833e-15
7033  1.34798e-15
7034  1.34763e-15
7035  1.34728e-15
7036  1.34693e-15
7037  1.34658e-15
7038  1.34622e-15
7039  1.34586e-15
7040  1.3455e-15
7041  1.34513e-15
7042  1.34476e-15
7043  1.34439e-15
7044  1.34401e-15
7045  1.34362e-15
7046  1.34322e-15
7047  1.34282e-15
7048  1.34241e-15
7049  1.342e-15
7050  1.34157e-15
7051  1.34113e-15
7052  1.34069e-15
7053  1.34023e-15
7054  1.33976e-15
7055  1.33928e-15
7056  1.33879e-15
7057  1.33828e-15
7058  1.33777e-15
7059  1.33723e-15
7060  1.33669e-15
7061  1.33613e-15
7062  1.33555e-15
7063  1.33496e-15
7064  1.33436e-15
7065  1.33373e-15
7066  1.33309e-15
7067  1.33244e-15
7068  1.33177e-15
7069  1.33108e-15
7070  1.33037e-15
7071  1.32964e-15
7072  1.3289e-15
7073  1.32814e-15
7074  1.32736e-15
7075  1.32656e-15
7076  1.32575e-15
7077  1.32491e-15
7078  1.32406e-15
7079  1.32319e-15
7080  1.3223e-15
7081  1.32139e-15
7082  1.32046e-15
7083  1.31952e-15
7084  1.31855e-15
7085  1.31757e-15
7086  1.31657e-15
7087  1.31556e-15
7088  1.31452e-15
7089  1.31347e-15
7090  1.31241e-15
7091  1.31133e-15
7092  1.31023e-15
7093  1.30911e-15
7094  1.30799e-15
7095  1.30684e-15
7096  1.30569e-15
7097  1.30452e-15
7098  1.30334e-15
7099  1.30214e-15
7100  1.30093e-15
7101  1.29972e-15
7102  1.29849e-15
7103  1.29725e-15
7104  1.29601e-15
7105  1.29475e-15
7106  1.29349e-15
7107  1.29222e-15
7108  1.29095e-15
7109  1.28967e-15
7110  1.28838e-15
7111  1.2871e-15
7112  1.2858e-15
7113  1.28451e-15
7114  1.28322e-15
7115  1.28192e-15
7116  1.28063e-15
7117  1.27934e-15
7118  1.27805e-15
7119  1.27676e-15
7120  1.27547e-15
7121  1.2742e-15
7122  1.27292e-15
7123  1.27165e-15
7124  1.27039e-15
7125  1.26914e-15
7126  1.2679e-15
7127  1.26666e-15
7128  1.26544e-15
7129  1.26423e-15
7130  1.26303e-15
7131  1.26184e-15
7132  1.26067e-15
7133  1.25951e-15
7134  1.25836e-15
7135  1.25723e-15
7136  1.25612e-15
7137  1.25502e-15
7138  1.25394e-15
7139  1.25288e-15
7140  1.25183e-15
7141  1.25081e-15
7142  1.2498e-15
7143  1.24882e-15
7144  1.24785e-15
7145  1.24691e-15
7146  1.24599e-15
7147  1.24509e-15
7148  1.24421e-15
7149  1.24335e-15
7150  1.24252e-15
7151  1.24171e-15
7152  1.24092e-15
7153  1.24015e-15
7154  1.23941e-15
7155  1.23869e-15
7156  1.238e-15
7157  1.23733e-15
7158  1.23668e-15
7159  1.23606e-15
7160  1.23546e-15
7161  1.23488e-15
7162  1.23433e-15
7163  1.2338e-15
7164  1.23329e-15
7165  1.2328e-15
7166  1.23234e-15
7167  1.2319e-15
7168  1.23149e-15
7169  1.23109e-15
7170  1.23072e-15
7171  1.23036e-15
7172  1.23003e-15
7173  1.22972e-15
7174  1.22943e-15
7175  1.22915e-15
7176  1.2289e-15
7177  1.22866e-15
7178  1.22844e-15
7179  1.22824e-15
7180  1.22806e-15
7181  1.22789e-15
7182  1.22774e-15
7183  1.2276e-15
7184  1.22748e-15
7185  1.22736e-15
7186  1.22727e-15
7187  1.22718e-15
7188  1.22711e-15
7189  1.22705e-15
7190  1.22699e-15
7191  1.22695e-15
7192  1.22692e-15
7193  1.22689e-15
7194  1.22687e-15
7195  1.22686e-15
7196  1.22686e-15
7197  1.22685e-15
7198  1.22686e-15
7199  1.22687e-15
7200  1.22688e-15
7201  1.22689e-15
7202  1.22691e-15
7203  1.22692e-15
7204  1.22694e-15
7205  1.22696e-15
7206  1.22697e-15
7207  1.22699e-15
7208  1.227e-15
7209  1.22701e-15
7210  1.22702e-15
7211  1.22702e-15
7212  1.22702e-15
7213  1.22701e-15
7214  1.227e-15
7215  1.22699e-15
7216  1.22696e-15
7217  1.22693e-15
7218  1.2269e-15
7219  1.22685e-15
7220  1.2268e-15
7221  1.22674e-15
7222  1.22667e-15
7223  1.2266e-15
7224  1.22651e-15
7225  1.22642e-15
7226  1.22631e-15
7227  1.2262e-15
7228  1.22607e-15
7229  1.22594e-15
7230  1.2258e-15
7231  1.22564e-15
7232  1.22548e-15
7233  1.22531e-15
7234  1.22512e-15
7235  1.22493e-15
7236  1.22472e-15
7237  1.22451e-15
7238  1.22429e-15
7239  1.22405e-15
7240  1.22381e-15
7241  1.22356e-15
7242  1.2233e-15
7243  1.22303e-15
7244  1.22275e-15
7245  1.22246e-15
7246  1.22216e-15
7247  1.22186e-15
7248  1.22155e-15
7249  1.22123e-15
7250  1.22091e-15
7251  1.22058e-15
7252  1.22024e-15
7253  1.21989e-15
7254  1.21955e-15
7255  1.21919e-15
7256  1.21883e-15
7257  1.21847e-15
7258  1.21811e-15
7259  1.21774e-15
7260  1.21736e-15
7261  1.21699e-15
7262  1.21661e-15
7263  1.21624e-15
7264  1.21586e-15
7265  1.21548e-15
7266  1.2151e-15
7267  1.21472e-15
7268  1.21434e-15
7269  1.21397e-15
7270  1.21359e-15
7271  1.21322e-15
7272  1.21285e-15
7273  1.21248e-15
7274  1.21211e-15
7275  1.21175e-15
7276  1.21139e-15
7277  1.21104e-15
7278  1.21069e-15
7279  1.21035e-15
7280  1.21001e-15
7281  1.20967e-15
7282  1.20935e-15
7283  1.20903e-15
7284  1.20871e-15
7285  1.2084e-15
7286  1.2081e-15
7287  1.2078e-15
7288  1.20751e-15
7289  1.20723e-15
7290  1.20696e-15
7291  1.20669e-15
7292  1.20643e-15
7293  1.20618e-15
7294  1.20594e-15
7295  1.2057e-15
7296  1.20547e-15
7297  1.20525e-15
7298  1.20504e-15
7299  1.20483e-15
7300  1.20463e-15
7301  1.20444e-15
7302  1.20426e-15
7303  1.20409e-15
7304  1.20392e-15
7305  1.20376e-15
7306  1.2036e-15
7307  1.20346e-15
7308  1.20332e-15
7309  1.20319e-15
7310  1.20306e-15
7311  1.20294e-15
7312  1.20283e-15
7313  1.20272e-15
7314  1.20262e-15
7315  1.20252e-15
7316  1.20243e-15
7317  1.20235e-15
7318  1.20227e-15
7319  1.2022e-15
7320  1.20213e-15
7321  1.20206e-15
7322  1.202e-15
7323  1.20194e-15
7324  1.20189e-15
7325  1.20184e-15
7326  1.2018e-15
7327  1.20176e-15
7328  1.20172e-15
7329  1.20168e-15
7330  1.20165e-15
7331  1.20162e-15
7332  1.2016e-15
7333  1.20157e-15
7334  1.20155e-15
7335  1.20153e-15
7336  1.20151e-15
7337  1.2015e-15
7338  1.20148e-15
7339  1.20147e-15
7340  1.20146e-15
7341  1.20145e-15
7342  1.20144e-15
7343  1.20143e-15
7344  1.20142e-15
7345  1.20141e-15
7346  1.20141e-15
7347  1.2014e-15
7348  1.2014e-15
7349  1.2014e-15
7350  1.20139e-15
7351  1.20139e-15
7352  1.20139e-15
7353  1.20139e-15
7354  1.20138e-15
7355  1.20138e-15
7356  1.20138e-15
7357  1.20138e-15
7358  1.20138e-15
7359  1.20138e-15
7360  1.20138e-15
7361  1.20138e-15
7362  1.20138e-15
7363  1.20138e-15
7364  1.20138e-15
7365  1.20138e-15
7366  1.20138e-15
7367  1.20138e-15
7368  1.20138e-15
7369  1.20138e-15
7370  1.20138e-15
7371  1.20138e-15
7372  1.20138e-15
7373  1.20138e-15
7374  1.20138e-15
7375  1.20138e-15
7376  1.20138e-15
7377  1.20138e-15
7378  1.20138e-15
7379  1.20138e-15
7380  1.20138e-15
7381  1.20138e-15
7382  1.20138e-15
7383  1.20138e-15
7384  1.20138e-15
7385  1.20138e-15
7386  1.20138e-15
7387  1.20138e-15
7388  1.20138e-15
7389  1.20138e-15
7390  1.20138e-15
7391  1.20138e-15
7392  1.20138e-15