3464.48  7.93521e-17
3465.94  7.58189e-17
3467.4   7.2509e-17
3468.86  6.96573e-17
3470.33  6.74391e-17
3471.79  6.59495e-17
3473.25  6.5196e-17
3474.71  6.51055e-17
3476.17  6.5544e-17
3477.63  6.63438e-17
3479.09  6.7334e-17
3480.55  6.83674e-17
3482.01  6.93399e-17
3483.47  7.01988e-17
3484.94  7.09397e-17
3486.4   7.15938e-17
3487.86  7.22096e-17
3489.32  7.28332e-17
3490.78  7.34921e-17
3492.24  7.41867e-17
3493.7   7.48897e-17
3495.16  7.55554e-17
3496.62  7.61344e-17
3498.08  7.65911e-17
3499.54  7.69199e-17
3501.01  7.71544e-17
3502.47  7.7369e-17
3503.93  7.76693e-17
3505.39  7.81754e-17
3506.85  7.89985e-17
3508.31  8.02171e-17
3509.77  8.18569e-17
3511.23  8.38786e-17
3512.69  8.61763e-17
3514.15  8.85883e-17
3515.61  9.09168e-17
3517.08  9.29556e-17
3518.54  9.45198e-17
3520     9.54726e-17
3521.46  9.57463e-17
3522.92  9.53534e-17
3524.38  9.43855e-17
3525.84  9.30033e-17
3527.3   9.1416e-17
3528.76  8.98558e-17
3530.22  8.85502e-17
3531.68  8.76946e-17
3533.15  8.74315e-17
3534.61  8.7834e-17
3536.07  8.89e-17
3537.53  9.05537e-17
3538.99  9.26552e-17
3540.45  9.50174e-17
3541.91  9.74261e-17
3543.37  9.96636e-17
3544.83  1.01531e-16
3546.29  1.02865e-16
3547.75  1.03558e-16
3549.22  1.03559e-16
3550.68  1.02883e-16
3552.14  1.01603e-16
3553.6   9.98434e-17
3555.06  9.77652e-17
3556.52  9.55554e-17
3557.98  9.34095e-17
3559.44  9.15169e-17
3560.9   9.00471e-17
3562.36  8.91364e-17
3563.83  8.88777e-17
3565.29  8.93126e-17
3566.75  9.0427e-17
3568.21  9.21518e-17
3569.67  9.43688e-17
3571.13  9.69218e-17
3572.59  9.96328e-17
3574.05  1.02321e-16
3575.51  1.04824e-16
3576.97  1.07013e-16
3578.43  1.08809e-16
3579.9   1.10185e-16
3581.36  1.11164e-16
3582.82  1.1181e-16
3584.28  1.12206e-16
3585.74  1.12438e-16
3587.2   1.12573e-16
3588.66  1.12647e-16
3590.12  1.12656e-16
3591.58  1.12554e-16
3593.04  1.12271e-16
3594.5   1.1172e-16
3595.97  1.10824e-16
3597.43  1.09533e-16
3598.89  1.07836e-16
3600.35  1.05778e-16
3601.81  1.03452e-16
3603.27  1.00996e-16
3604.73  9.85734e-17
3606.19  9.6353e-17
3607.65  9.44868e-17
3609.11  9.3089e-17
3610.57  9.22213e-17
3612.04  9.18856e-17
3613.5   9.20268e-17
3614.96  9.25426e-17
3616.42  9.33008e-17
3617.88  9.41594e-17
3619.34  9.49874e-17
3620.8   9.56808e-17
3622.26  9.61746e-17
3623.72  9.64464e-17
3625.18  9.65146e-17
3626.64  9.64308e-17
3628.11  9.627e-17
3629.57  9.61194e-17
3631.03  9.60698e-17
3632.49  9.62075e-17
3633.95  9.66104e-17
3635.41  9.73442e-17
3636.87  9.846e-17
3638.33  9.9991e-17
3639.79  1.01949e-16
3641.25  1.04319e-16
3642.72  1.07057e-16
3644.18  1.10088e-16
3645.64  1.13307e-16
3647.1   1.16588e-16
3648.56  1.19794e-16
3650.02  1.22797e-16
3651.48  1.25494e-16
3652.94  1.27829e-16
3654.4   1.29805e-16
3655.86  1.31494e-16
3657.32  1.33033e-16
3658.79  1.34615e-16
3660.25  1.36464e-16
3661.71  1.38807e-16
3663.17  1.4184e-16
3664.63  1.45696e-16
3666.09  1.50419e-16
3667.55  1.55949e-16
3669.01  1.62121e-16
3670.47  1.68679e-16
3671.93  1.75302e-16
3673.39  1.81648e-16
3674.86  1.87393e-16
3676.32  1.92276e-16
3677.78  1.96135e-16
3679.24  1.98922e-16
3680.7   2.0071e-16
3682.16  2.01672e-16
3683.62  2.02044e-16
3685.08  2.02086e-16
3686.54  2.02028e-16
3688     2.02031e-16
3689.46  2.02154e-16
3690.93  2.02349e-16
3692.39  2.02469e-16
3693.85  2.02305e-16
3695.31  2.01624e-16
3696.77  2.00229e-16
3698.23  1.98e-16
3699.69  1.94929e-16
3701.15  1.91131e-16
3702.61  1.86837e-16
3704.07  1.82359e-16
3705.53  1.78042e-16
3707     1.74206e-16
3708.46  1.71095e-16
3709.92  1.68837e-16
3711.38  1.67422e-16
3712.84  1.66707e-16
3714.3   1.66445e-16
3715.76  1.66329e-16
3717.22  1.66054e-16
3718.68  1.65365e-16
3720.14  1.6411e-16
3721.61  1.62265e-16
3723.07  1.59938e-16
3724.53  1.57353e-16
3725.99  1.5481e-16
3727.45  1.52634e-16
3728.91  1.51126e-16
3730.37  1.50508e-16
3731.83  1.50889e-16
3733.29  1.52245e-16
3734.75  1.54422e-16
3736.21  1.57156e-16
3737.68  1.60112e-16
3739.14  1.62924e-16
3740.6   1.65256e-16
3742.06  1.6684e-16
3743.52  1.67517e-16
3744.98  1.67255e-16
3746.44  1.66151e-16
3747.9   1.64416e-16
3749.36  1.62337e-16
3750.82  1.60232e-16
3752.28  1.58397e-16
3753.75  1.57056e-16
3755.21  1.56322e-16
3756.67  1.56174e-16
3758.13  1.5646e-16
3759.59  1.56915e-16
3761.05  1.57205e-16
3762.51  1.56983e-16
3763.97  1.55948e-16
3765.43  1.53895e-16
3766.89  1.50759e-16
3768.35  1.46629e-16
3769.82  1.4174e-16
3771.28  1.36441e-16
3772.74  1.31149e-16
3774.2   1.26282e-16
3775.66  1.22203e-16
3777.12  1.1917e-16
3778.58  1.17302e-16
3780.04  1.1657e-16
3781.5   1.16804e-16
3782.96  1.1773e-16
3784.42  1.19009e-16
3785.89  1.20291e-16
3787.35  1.21259e-16
3788.81  1.21676e-16
3790.27  1.21406e-16
3791.73  1.2043e-16
3793.19  1.18842e-16
3794.65  1.16826e-16
3796.11  1.14635e-16
3797.57  1.12546e-16
3799.03  1.10826e-16
3800.5   1.09693e-16
3801.96  1.09288e-16
3803.42  1.09657e-16
3804.88  1.10742e-16
3806.34  1.12393e-16
3807.8   1.14388e-16
3809.26  1.16469e-16
3810.72  1.18375e-16
3812.18  1.19888e-16
3813.64  1.20862e-16
3815.1   1.2125e-16
3816.57  1.21114e-16
3818.03  1.20618e-16
3819.49  1.20005e-16
3820.95  1.19564e-16
3822.41  1.19586e-16
3823.87  1.20323e-16
3825.33  1.21945e-16
3826.79  1.24514e-16
3828.25  1.27971e-16
3829.71  1.32143e-16
3831.17  1.36761e-16
3832.64  1.41505e-16
3834.1   1.46042e-16
3835.56  1.50081e-16
3837.02  1.53415e-16
3838.48  1.55952e-16
3839.94  1.57728e-16
3841.4   1.58902e-16
3842.86  1.59734e-16
3844.32  1.60538e-16
3845.78  1.61637e-16
3847.24  1.6331e-16
3848.71  1.6575e-16
3850.17  1.69035e-16
3851.63  1.73118e-16
3853.09  1.77841e-16
3854.55  1.82965e-16
3856.01  1.88212e-16
3857.47  1.9331e-16
3858.93  1.98042e-16
3860.39  2.02272e-16
3861.85  2.05958e-16
3863.31  2.09156e-16
3864.78  2.11988e-16
3866.24  2.14617e-16
3867.7   2.17205e-16
3869.16  2.19879e-16
3870.62  2.22708e-16
3872.08  2.25687e-16
3873.54  2.28749e-16
3875     2.31778e-16
3876.46  2.34641e-16
3877.92  2.3722e-16
3879.39  2.39441e-16
3880.85  2.41295e-16
3882.31  2.42844e-16
3883.77  2.44213e-16
3885.23  2.45569e-16
3886.69  2.47091e-16
3888.15  2.48935e-16
3889.61  2.51202e-16
3891.07  2.53914e-16
3892.53  2.57008e-16
3893.99  2.60341e-16
3895.46  2.63716e-16
3896.92  2.66911e-16
3898.38  2.69731e-16
3899.84  2.7204e-16
3901.3   2.73799e-16
3902.76  2.75084e-16
3904.22  2.76077e-16
3905.68  2.77043e-16
3907.14  2.78286e-16
3908.6   2.80088e-16
3910.06  2.82651e-16
3911.53  2.86046e-16
3912.99  2.90181e-16
3914.45  2.94798e-16
3915.91  2.99501e-16
3917.37  3.03811e-16
3918.83  3.07244e-16
3920.29  3.09396e-16
3921.75  3.10018e-16
3923.21  3.0907e-16
3924.67  3.06742e-16
3926.13  3.03439e-16
3927.6   2.99723e-16
3929.06  2.96232e-16
3930.52  2.93588e-16
3931.98  2.92305e-16
3933.44  2.92718e-16
3934.9   2.94949e-16
3936.36  2.98906e-16
3937.82  3.0432e-16
3939.28  3.10807e-16
3940.74  3.17939e-16
3942.2   3.25316e-16
3943.67  3.32615e-16
3945.13  3.3961e-16
3946.59  3.46171e-16
3948.05  3.52232e-16
3949.51  3.57754e-16
3950.97  3.62684e-16
3952.43  3.66928e-16
3953.89  3.70347e-16
3955.35  3.72778e-16
3956.81  3.74065e-16
3958.28  3.74114e-16
3959.74  3.7293e-16
3961.2   3.70651e-16
3962.66  3.67546e-16
3964.12  3.63992e-16
3965.58  3.60423e-16
3967.04  3.57255e-16
3968.5   3.54823e-16
3969.96  3.53312e-16
3971.42  3.52725e-16
3972.88  3.52877e-16
3974.35  3.5342e-16
3975.81  3.53908e-16
3977.27  3.53868e-16
3978.73  3.52882e-16
3980.19  3.50661e-16
3981.65  3.47091e-16
3983.11  3.42255e-16
3984.57  3.36413e-16
3986.03  3.29966e-16
3987.49  3.23388e-16
3988.95  3.17154e-16
3990.42  3.1167e-16
3991.88  3.07215e-16
3993.34  3.03912e-16
3994.8   3.01716e-16
3996.26  3.00435e-16
3997.72  2.99772e-16
3999.18  2.99371e-16
4000.64  2.98881e-16
4002.1   2.97999e-16
4003.56  2.96514e-16
4005.02  2.94321e-16
4006.49  2.91426e-16
4007.95  2.8792e-16
4009.41  2.83958e-16
4010.87  2.79719e-16
4012.33  2.75372e-16
4013.79  2.71054e-16
4015.25  2.66857e-16
4016.71  2.62825e-16
4018.17  2.58971e-16
4019.63  2.55292e-16
4021.09  2.51794e-16
4022.56  2.48508e-16
4024.02  2.45502e-16
4025.48  2.42878e-16
4026.94  2.40758e-16
4028.4   2.39268e-16
4029.86  2.38511e-16
4031.32  2.38539e-16
4032.78  2.39342e-16
4034.24  2.40838e-16
4035.7   2.42878e-16
4037.17  2.45265e-16
4038.63  2.47782e-16
4040.09  2.50225e-16
4041.55  2.52433e-16
4043.01  2.54315e-16
4044.47  2.55856e-16
4045.93  2.57122e-16
4047.39  2.58238e-16
4048.85  2.5936e-16
4050.31  2.60638e-16
4051.77  2.62182e-16
4053.24  2.64029e-16
4054.7   2.66129e-16
4056.16  2.68341e-16
4057.62  2.70453e-16
4059.08  2.72212e-16
4060.54  2.73364e-16
4062     2.73698e-16
4063.46  2.73085e-16
4064.92  2.71503e-16
4066.38  2.69044e-16
4067.84  2.65905e-16
4069.31  2.6236e-16
4070.77  2.58717e-16
4072.23  2.55276e-16
4073.69  2.52288e-16
4075.15  2.49918e-16
4076.61  2.4823e-16
4078.07  2.47191e-16
4079.53  2.46682e-16
4080.99  2.46533e-16
4082.45  2.46558e-16
4083.91  2.4659e-16
4085.38  2.46508e-16
4086.84  2.46256e-16
4088.3   2.45842e-16
4089.76  2.45326e-16
4091.22  2.44801e-16
4092.68  2.44364e-16
4094.14  2.44087e-16
4095.6   2.44004e-16
4097.06  2.44093e-16
4098.52  2.44288e-16
4099.98  2.44483e-16
4101.45  2.44559e-16
4102.91  2.44404e-16
4104.37  2.43938e-16
4105.83  2.43129e-16
4107.29  2.41995e-16
4108.75  2.40607e-16
4110.21  2.39073e-16
4111.67  2.37522e-16
4113.13  2.3608e-16
4114.59  2.34856e-16
4116.06  2.33923e-16
4117.52  2.33309e-16
4118.98  2.33005e-16
4120.44  2.32961e-16
4121.9   2.33106e-16
4123.36  2.33354e-16
4124.82  2.33623e-16
4126.28  2.33838e-16
4127.74  2.33943e-16
4129.2   2.33899e-16
4130.66  2.33683e-16
4132.13  2.33287e-16
4133.59  2.32713e-16
4135.05  2.31968e-16
4136.51  2.31067e-16
4137.97  2.30033e-16
4139.43  2.28894e-16
4140.89  2.27692e-16
4142.35  2.26479e-16
4143.81  2.25319e-16
4145.27  2.24283e-16
4146.73  2.23447e-16
4148.2   2.22881e-16
4149.66  2.22647e-16
4151.12  2.22788e-16
4152.58  2.23327e-16
4154.04  2.24264e-16
4155.5   2.25578e-16
4156.96  2.27229e-16
4158.42  2.29164e-16
4159.88  2.31323e-16
4161.34  2.33644e-16
4162.8   2.36068e-16
4164.27  2.38543e-16
4165.73  2.41026e-16
4167.19  2.43484e-16
4168.65  2.45892e-16
4170.11  2.48239e-16
4171.57  2.5052e-16
4173.03  2.5274e-16
4174.49  2.54908e-16
4175.95  2.57036e-16
4177.41  2.59133e-16
4178.88  2.61204e-16
4180.34  2.6324e-16
4181.8   2.65221e-16
4183.26  2.6711e-16
4184.72  2.68856e-16
4186.18  2.70398e-16
4187.64  2.71669e-16
4189.1   2.72606e-16
4190.56  2.73159e-16
4192.02  2.73294e-16
4193.48  2.72999e-16
4194.95  2.72289e-16
4196.41  2.71205e-16
4197.87  2.69811e-16
4199.33  2.6819e-16
4200.79  2.66438e-16
4202.25  2.64656e-16
4203.71  2.62944e-16
4205.17  2.61392e-16
4206.63  2.60074e-16
4208.09  2.59041e-16
4209.55  2.58315e-16
4211.02  2.57893e-16
4212.48  2.57741e-16
4213.94  2.57805e-16
4215.4   2.58014e-16
4216.86  2.58293e-16
4218.32  2.58572e-16
4219.78  2.58796e-16
4221.24  2.58931e-16
4222.7   2.58972e-16
4224.16  2.58935e-16
4225.62  2.58857e-16
4227.09  2.58781e-16
4228.55  2.58748e-16
4230.01  2.58784e-16
4231.47  2.58893e-16
4232.93  2.59053e-16
4234.39  2.59219e-16
4235.85  2.59334e-16
4237.31  2.5934e-16
4238.77  2.59195e-16
4240.23  2.58884e-16
4241.69  2.58432e-16
4243.16  2.57905e-16
4244.62  2.57403e-16
4246.08  2.57047e-16
4247.54  2.5696e-16
4249     2.57243e-16
4250.46  2.57957e-16
4251.92  2.59107e-16
4253.38  2.60631e-16
4254.84  2.62411e-16
4256.3   2.64284e-16
4257.77  2.66064e-16
4259.23  2.67575e-16
4260.69  2.6868e-16
4262.15  2.69301e-16
4263.61  2.69446e-16
4265.07  2.69205e-16
4266.53  2.68746e-16
4267.99  2.68293e-16
4269.45  2.68097e-16
4270.91  2.68402e-16
4272.37  2.69405e-16
4273.84  2.71232e-16
4275.3   2.73918e-16
4276.76  2.774e-16
4278.22  2.81523e-16
4279.68  2.86067e-16
4281.14  2.90773e-16
4282.6   2.95379e-16
4284.06  2.99657e-16
4285.52  3.03436e-16
4286.98  3.06624e-16
4288.44  3.09207e-16
4289.91  3.11247e-16
4291.37  3.12857e-16
4292.83  3.14177e-16
4294.29  3.15344e-16
4295.75  3.16468e-16
4297.21  3.17609e-16
4298.67  3.18773e-16
4300.13  3.19912e-16
4301.59  3.20936e-16
4303.05  3.21734e-16
4304.51  3.22199e-16
4305.98  3.22246e-16
4307.44  3.21835e-16
4308.9   3.20975e-16
4310.36  3.19727e-16
4311.82  3.18194e-16
4313.28  3.16499e-16
4314.74  3.1477e-16
4316.2   3.13109e-16
4317.66  3.11581e-16
4319.12  3.10199e-16
4320.58  3.08917e-16
4322.05  3.07646e-16
4323.51  3.0626e-16
4324.97  3.04628e-16
4326.43  3.0263e-16
4327.89  3.00185e-16
4329.35  2.97269e-16
4330.81  2.93919e-16
4332.27  2.90236e-16
4333.73  2.86368e-16
4335.19  2.8249e-16
4336.66  2.7878e-16
4338.12  2.75388e-16
4339.58  2.72419e-16
4341.04  2.6991e-16
4342.5   2.67832e-16
4343.96  2.66093e-16
4345.42  2.64551e-16
4346.88  2.63043e-16
4348.34  2.61402e-16
4349.8   2.59492e-16
4351.26  2.57218e-16
4352.73  2.54547e-16
4354.19  2.51504e-16
4355.65  2.48168e-16
4357.11  2.4466e-16
4358.57  2.41116e-16
4360.03  2.37672e-16
4361.49  2.34444e-16
4362.95  2.3151e-16
4364.41  2.28903e-16
4365.87  2.26612e-16
4367.33  2.24587e-16
4368.8   2.22752e-16
4370.26  2.21016e-16
4371.72  2.19292e-16
4373.18  2.17505e-16
4374.64  2.15604e-16
4376.1   2.13563e-16
4377.56  2.11386e-16
4379.02  2.09097e-16
4380.48  2.06738e-16
4381.94  2.0436e-16
4383.4   2.02016e-16
4384.87  1.99755e-16
4386.33  1.97619e-16
4387.79  1.95641e-16
4389.25  1.93841e-16
4390.71  1.9223e-16
4392.17  1.90807e-16
4393.63  1.89565e-16
4395.09  1.88486e-16
4396.55  1.87543e-16
4398.01  1.86707e-16
4399.47  1.85946e-16
4400.94  1.85226e-16
4402.4   1.84521e-16
4403.86  1.83813e-16
4405.32  1.83094e-16
4406.78  1.82373e-16
4408.24  1.81668e-16
4409.7   1.81009e-16
4411.16  1.8043e-16
4412.62  1.79967e-16
4414.08  1.79649e-16
4415.55  1.795e-16
4417.01  1.7953e-16
4418.47  1.79741e-16
4419.93  1.80127e-16
4421.39  1.80678e-16
4422.85  1.81382e-16
4424.31  1.8223e-16
4425.77  1.83216e-16
4427.23  1.84334e-16
4428.69  1.85577e-16
4430.15  1.86931e-16
4431.62  1.88374e-16
4433.08  1.8987e-16
4434.54  1.91374e-16
4436     1.92833e-16
4437.46  1.94195e-16
4438.92  1.95416e-16
4440.38  1.96472e-16
4441.84  1.97359e-16
4443.3   1.98104e-16
4444.76  1.98759e-16
4446.22  1.99394e-16
4447.69  2.00091e-16
4449.15  2.00926e-16
4450.61  2.0196e-16
4452.07  2.03229e-16
4453.53  2.04734e-16
4454.99  2.06443e-16
4456.45  2.08297e-16
4457.91  2.10217e-16
4459.37  2.12122e-16
4460.83  2.13939e-16
4462.29  2.15618e-16
4463.76  2.17142e-16
4465.22  2.18531e-16
4466.68  2.19842e-16
4468.14  2.2116e-16
4469.6   2.22591e-16
4471.06  2.24247e-16
4472.52  2.26231e-16
4473.98  2.28625e-16
4475.44  2.31474e-16
4476.9   2.34783e-16
4478.36  2.38512e-16
4479.83  2.42578e-16
4481.29  2.4686e-16
4482.75  2.51212e-16
4484.21  2.55477e-16
4485.67  2.59503e-16
4487.13  2.63162e-16
4488.59  2.66366e-16
4490.05  2.69076e-16
4491.51  2.71315e-16
4492.97  2.73166e-16
4494.44  2.74765e-16
4495.9   2.76292e-16
4497.36  2.77944e-16
4498.82  2.79919e-16
4500.28  2.82386e-16
4501.74  2.85468e-16
4503.2   2.89222e-16
4504.66  2.93638e-16
4506.12  2.98639e-16
4507.58  3.04097e-16
4509.04  3.09857e-16
4510.51  3.15764e-16
4511.97  3.21687e-16
4513.43  3.2755e-16
4514.89  3.33342e-16
4516.35  3.3912e-16
4517.81  3.45009e-16
4519.27  3.51177e-16
4520.73  3.57816e-16
4522.19  3.65108e-16
4523.65  3.73201e-16
4525.11  3.82187e-16
4526.58  3.92084e-16
4528.04  4.02838e-16
4529.5   4.14328e-16
4530.96  4.26377e-16
4532.42  4.38782e-16
4533.88  4.51331e-16
4535.34  4.63828e-16
4536.8   4.76112e-16
4538.26  4.8807e-16
4539.72  4.9964e-16
4541.18  5.1081e-16
4542.65  5.21606e-16
4544.11  5.32081e-16
4545.57  5.42297e-16
4547.03  5.52307e-16
4548.49  5.62139e-16
4549.95  5.71786e-16
4551.41  5.81198e-16
4552.87  5.90284e-16
4554.33  5.98919e-16
4555.79  6.06962e-16
4557.25  6.14273e-16
4558.72  6.20738e-16
4560.18  6.26291e-16
4561.64  6.30929e-16
4563.1   6.34725e-16
4564.56  6.37822e-16
4566.02  6.40427e-16
4567.48  6.4278e-16
4568.94  6.45133e-16
4570.4   6.47709e-16
4571.86  6.50672e-16
4573.33  6.54108e-16
4574.79  6.58011e-16
4576.25  6.62287e-16
4577.71  6.6677e-16
4579.17  6.7126e-16
4580.63  6.75552e-16
4582.09  6.7948e-16
4583.55  6.82945e-16
4585.01  6.85937e-16
4586.47  6.88538e-16
4587.93  6.90913e-16
4589.4   6.93281e-16
4590.86  6.95888e-16
4592.32  6.98963e-16
4593.78  7.02693e-16
4595.24  7.07193e-16
4596.7   7.12503e-16
4598.16  7.18582e-16
4599.62  7.25329e-16
4601.08  7.32598e-16
4602.54  7.4023e-16
4604     7.48067e-16
4605.47  7.55974e-16
4606.93  7.63845e-16
4608.39  7.71601e-16
4609.85  7.79182e-16
4611.31  7.86535e-16
4612.77  7.93596e-16
4614.23  8.00282e-16
4615.69  8.0648e-16
4617.15  8.12051e-16
4618.61  8.16834e-16
4620.07  8.20659e-16
4621.54  8.23363e-16
4623     8.24807e-16
4624.46  8.24889e-16
4625.92  8.23556e-16
4627.38  8.20805e-16
4628.84  8.16686e-16
4630.3   8.11293e-16
4631.76  8.04755e-16
4633.22  7.97221e-16
4634.68  7.88856e-16
4636.14  7.79824e-16
4637.61  7.70281e-16
4639.07  7.60368e-16
4640.53  7.50205e-16
4641.99  7.39886e-16
4643.45  7.29475e-16
4644.91  7.19002e-16
4646.37  7.08459e-16
4647.83  6.97808e-16
4649.29  6.86976e-16
4650.75  6.75875e-16
4652.22  6.6441e-16
4653.68  6.52496e-16
4655.14  6.40081e-16
4656.6   6.27155e-16
4658.06  6.13768e-16
4659.52  6.00027e-16
4660.98  5.86096e-16
4662.44  5.72176e-16
4663.9   5.58489e-16
4665.36  5.4525e-16
4666.82  5.32644e-16
4668.29  5.20804e-16
4669.75  5.09798e-16
4671.21  4.99624e-16
4672.67  4.90216e-16
4674.13  4.81459e-16
4675.59  4.73206e-16
4677.05  4.65309e-16
4678.51  4.57633e-16
4679.97  4.50081e-16
4681.43  4.42603e-16
4682.89  4.352e-16
4684.36  4.27921e-16
4685.82  4.20847e-16
4687.28  4.14083e-16
4688.74  4.07731e-16
4690.2   4.0188e-16
4691.66  3.96592e-16
4693.12  3.9189e-16
4694.58  3.8776e-16
4696.04  3.84152e-16
4697.5   3.80991e-16
4698.96  3.78187e-16
4700.43  3.7565e-16
4701.89  3.73298e-16
4703.35  3.71073e-16
4704.81  3.68939e-16
4706.27  3.66886e-16
4707.73  3.64926e-16
4709.19  3.63083e-16
4710.65  3.61379e-16
4712.11  3.59831e-16
4713.57  3.58433e-16
4715.03  3.57154e-16
4716.5   3.55937e-16
4717.96  3.547e-16
4719.42  3.5335e-16
4720.88  3.51794e-16
4722.34  3.4995e-16
4723.8   3.47767e-16
4725.26  3.45229e-16
4726.72  3.42364e-16
4728.18  3.3924e-16
4729.64  3.35957e-16
4731.11  3.32638e-16
4732.57  3.29406e-16
4734.03  3.26375e-16
4735.49  3.23632e-16
4736.95  3.21232e-16
4738.41  3.1919e-16
4739.87  3.17485e-16
4741.33  3.16075e-16
4742.79  3.14901e-16
4744.25  3.13906e-16
4745.71  3.13046e-16
4747.18  3.123e-16
4748.64  3.11674e-16
4750.1   3.11197e-16
4751.56  3.1092e-16
4753.02  3.10899e-16
4754.48  3.11189e-16
4755.94  3.11829e-16
4757.4   3.12836e-16
4758.86  3.14202e-16
4760.32  3.15895e-16
4761.78  3.17871e-16
4763.25  3.20078e-16
4764.71  3.22476e-16
4766.17  3.25044e-16
4767.63  3.2779e-16
4769.09  3.30752e-16
4770.55  3.33993e-16
4772.01  3.37586e-16
4773.47  3.41606e-16
4774.93  3.46102e-16
4776.39  3.5109e-16
4777.85  3.56537e-16
4779.32  3.62365e-16
4780.78  3.68454e-16
4782.24  3.74664e-16
4783.7   3.80856e-16
4785.16  3.86921e-16
4786.62  3.92795e-16
4788.08  3.98476e-16
4789.54  4.04023e-16
4791     4.09538e-16
4792.46  4.15141e-16
4793.92  4.20937e-16
4795.39  4.26976e-16
4796.85  4.33224e-16
4798.31  4.39551e-16
4799.77  4.45724e-16
4801.23  4.51433e-16
4802.69  4.56328e-16
4804.15  4.60066e-16
4805.61  4.62365e-16
4807.07  4.6305e-16
4808.53  4.62082e-16
4810     4.59577e-16
4811.46  4.55788e-16
4812.92  4.51072e-16
4814.38  4.45846e-16
4815.84  4.40526e-16
4817.3   4.35469e-16
4818.76  4.30932e-16
4820.22  4.27043e-16
4821.68  4.23797e-16
4823.14  4.21072e-16
4824.6   4.18668e-16
4826.07  4.16352e-16
4827.53  4.1391e-16
4828.99  4.11187e-16
4830.45  4.08121e-16
4831.91  4.04747e-16
4833.37  4.01191e-16
4834.83  3.97642e-16
4836.29  3.94316e-16
4837.75  3.91414e-16
4839.21  3.89087e-16
4840.67  3.87415e-16
4842.14  3.86395e-16
4843.6   3.85952e-16
4845.06  3.85958e-16
4846.52  3.86263e-16
4847.98  3.86725e-16
4849.44  3.87234e-16
4850.9   3.87732e-16
4852.36  3.88214e-16
4853.82  3.88725e-16
4855.28  3.89338e-16
4856.74  3.9014e-16
4858.21  3.9121e-16
4859.67  3.92597e-16
4861.13  3.94319e-16
4862.59  3.96355e-16
4864.05  3.98657e-16
4865.51  4.01157e-16
4866.97  4.03785e-16
4868.43  4.06475e-16
4869.89  4.09184e-16
4871.35  4.1189e-16
4872.81  4.14592e-16
4874.28  4.17314e-16
4875.74  4.20091e-16
4877.2   4.22966e-16
4878.66  4.25988e-16
4880.12  4.292e-16
4881.58  4.32641e-16
4883.04  4.36346e-16
4884.5   4.40339e-16
4885.96  4.44632e-16
4887.42  4.49226e-16
4888.89  4.54105e-16
4890.35  4.59233e-16
4891.81  4.64556e-16
4893.27  4.70006e-16
4894.73  4.75503e-16
4896.19  4.80972e-16
4897.65  4.86348e-16
4899.11  4.91595e-16
4900.57  4.96712e-16
4902.03  5.0174e-16
4903.49  5.0676e-16
4904.96  5.11883e-16
4906.42  5.17232e-16
4907.88  5.22924e-16
4909.34  5.29044e-16
4910.8   5.35623e-16
4912.26  5.42626e-16
4913.72  5.49948e-16
4915.18  5.57414e-16
4916.64  5.64802e-16
4918.1   5.71865e-16
4919.56  5.78366e-16
4921.03  5.84105e-16
4922.49  5.88949e-16
4923.95  5.9285e-16
4925.41  5.95848e-16
4926.87  5.98064e-16
4928.33  5.99678e-16
4929.79  6.00897e-16
4931.25  6.01926e-16
4932.71  6.0293e-16
4934.17  6.0401e-16
4935.63  6.05187e-16
4937.1   6.06401e-16
4938.56  6.0752e-16
4940.02  6.08361e-16
4941.48  6.08719e-16
4942.94  6.08394e-16
4944.4   6.07222e-16
4945.86  6.05091e-16
4947.32  6.01953e-16
4948.78  5.97824e-16
4950.24  5.92778e-16
4951.7   5.86927e-16
4953.17  5.80407e-16
4954.63  5.73362e-16
4956.09  5.65924e-16
4957.55  5.5821e-16
4959.01  5.50319e-16
4960.47  5.42331e-16
4961.93  5.34316e-16
4963.39  5.2634e-16
4964.85  5.18471e-16
4966.31  5.10779e-16
4967.78  5.0334e-16
4969.24  4.96225e-16
4970.7   4.89497e-16
4972.16  4.83198e-16
4973.62  4.77349e-16
4975.08  4.71938e-16
4976.54  4.66926e-16
4978     4.62246e-16
4979.46  4.57815e-16
4980.92  4.53541e-16
4982.38  4.49338e-16
4983.85  4.45137e-16
4985.31  4.40893e-16
4986.77  4.36597e-16
4988.23  4.32272e-16
4989.69  4.27976e-16
4991.15  4.23793e-16
4992.61  4.19821e-16
4994.07  4.16159e-16
4995.53  4.1289e-16
4996.99  4.1007e-16
4998.45  4.07711e-16
4999.92  4.05776e-16
5001.38  4.04182e-16
5002.84  4.02804e-16
5004.3   4.0149e-16
5005.76  4.00079e-16
5007.22  3.98426e-16
5008.68  3.9642e-16
5010.14  3.94e-16
5011.6   3.91169e-16
5013.06  3.87989e-16
5014.52  3.84578e-16
5015.99  3.81091e-16
5017.45  3.77703e-16
5018.91  3.74576e-16
5020.37  3.71845e-16
5021.83  3.69596e-16
5023.29  3.67851e-16
5024.75  3.6657e-16
5026.21  3.65652e-16
5027.67  3.64949e-16
5029.13  3.64292e-16
5030.59  3.63504e-16
5032.06  3.62435e-16
5033.52  3.60975e-16
5034.98  3.59074e-16
5036.44  3.56746e-16
5037.9   3.54071e-16
5039.36  3.51181e-16
5040.82  3.48243e-16
5042.28  3.45435e-16
5043.74  3.4292e-16
5045.2   3.40821e-16
5046.67  3.39205e-16
5048.13  3.38067e-16
5049.59  3.37336e-16
5051.05  3.36878e-16
5052.51  3.36524e-16
5053.97  3.36085e-16
5055.43  3.3539e-16
5056.89  3.3431e-16
5058.35  3.32774e-16
5059.81  3.30787e-16
5061.27  3.2843e-16
5062.74  3.25843e-16
5064.2   3.2321e-16
5065.66  3.2073e-16
5067.12  3.18583e-16
5068.58  3.16906e-16
5070.04  3.15771e-16
5071.5   3.15172e-16
5072.96  3.15031e-16
5074.42  3.15206e-16
5075.88  3.15518e-16
5077.34  3.1578e-16
5078.81  3.15826e-16
5080.27  3.15535e-16
5081.73  3.14856e-16
5083.19  3.13807e-16
5084.65  3.1247e-16
5086.11  3.10977e-16
5087.57  3.09482e-16
5089.03  3.08132e-16
5090.49  3.07042e-16
5091.95  3.06273e-16
5093.41  3.05828e-16
5094.88  3.05648e-16
5096.34  3.05634e-16
5097.8   3.05666e-16
5099.26  3.05629e-16
5100.72  3.05443e-16
5102.18  3.05082e-16
5103.64  3.0458e-16
5105.1   3.04027e-16
5106.56  3.03558e-16
5108.02  3.03322e-16
5109.48  3.03453e-16
5110.95  3.04046e-16
5112.41  3.05128e-16
5113.87  3.06651e-16
5115.33  3.08494e-16
5116.79  3.10481e-16
5118.25  3.12404e-16
5119.71  3.14064e-16
5121.17  3.15298e-16
5122.63  3.16015e-16
5124.09  3.16206e-16
5125.56  3.15954e-16
5127.02  3.1542e-16
5128.48  3.14821e-16
5129.94  3.14396e-16
5131.4   3.1437e-16
5132.86  3.14919e-16
5134.32  3.1615e-16
5135.78  3.18078e-16
5137.24  3.20634e-16
5138.7   3.23674e-16
5140.16  3.27004e-16
5141.63  3.30413e-16
5143.09  3.33698e-16
5144.55  3.367e-16
5146.01  3.39321e-16
5147.47  3.41533e-16
5148.93  3.4338e-16
5150.39  3.44964e-16
5151.85  3.46429e-16
5153.31  3.47935e-16
5154.77  3.49638e-16
5156.23  3.51666e-16
5157.7   3.54109e-16
5159.16  3.57008e-16
5160.62  3.60358e-16
5162.08  3.64112e-16
5163.54  3.68196e-16
5165     3.72522e-16
5166.46  3.76997e-16
5167.92  3.81537e-16
5169.38  3.86074e-16
5170.84  3.90555e-16
5172.3   3.94947e-16
5173.77  3.99232e-16
5175.23  4.03403e-16
5176.69  4.07468e-16
5178.15  4.11445e-16
5179.61  4.15368e-16
5181.07  4.19286e-16
5182.53  4.23262e-16
5183.99  4.27377e-16
5185.45  4.31719e-16
5186.91  4.36377e-16
5188.38  4.41426e-16
5189.84  4.46921e-16
5191.3   4.52879e-16
5192.76  4.59278e-16
5194.22  4.66055e-16
5195.68  4.73112e-16
5197.14  4.8033e-16
5198.6   4.87582e-16
5200.06  4.94756e-16
5201.52  5.01766e-16
5202.98  5.08568e-16
5204.45  5.15156e-16
5205.91  5.21563e-16
5207.37  5.27848e-16
5208.83  5.3408e-16
5210.29  5.40315e-16
5211.75  5.46588e-16
5213.21  5.52896e-16
5214.67  5.59199e-16
5216.13  5.65421e-16
5217.59  5.7147e-16
5219.05  5.77246e-16
5220.52  5.82666e-16
5221.98  5.87679e-16
5223.44  5.92275e-16
5224.9   5.96491e-16
5226.36  6.00407e-16
5227.82  6.04131e-16
5229.28  6.07782e-16
5230.74  6.11475e-16
5232.2   6.15298e-16
5233.66  6.19305e-16
5235.12  6.23503e-16
5236.59  6.27859e-16
5238.05  6.32308e-16
5239.51  6.3677e-16
5240.97  6.41165e-16
5242.43  6.45435e-16
5243.89  6.49552e-16
5245.35  6.53534e-16
5246.81  6.57435e-16
5248.27  6.61345e-16
5249.73  6.65371e-16
5251.19  6.69619e-16
5252.66  6.74177e-16
5254.12  6.79096e-16
5255.58  6.8438e-16
5257.04  6.89986e-16
5258.5   6.95828e-16
5259.96  7.01788e-16
5261.42  7.07737e-16
5262.88  7.13554e-16
5264.34  7.19145e-16
5265.8   7.24452e-16
5267.27  7.29462e-16
5268.73  7.34201e-16
5270.19  7.38721e-16
5271.65  7.43085e-16
5273.11  7.47345e-16
5274.57  7.51528e-16
5276.03  7.55623e-16
5277.49  7.59578e-16
5278.95  7.63309e-16
5280.41  7.66713e-16
5281.87  7.6969e-16
5283.34  7.72166e-16
5284.8   7.74109e-16
5286.26  7.75541e-16
5287.72  7.76542e-16
5289.18  7.77236e-16
5290.64  7.77777e-16
5292.1   7.78318e-16
5293.56  7.78992e-16
5295.02  7.79884e-16
5296.48  7.81019e-16
5297.94  7.82356e-16
5299.41  7.83793e-16
5300.87  7.85185e-16
5302.33  7.86367e-16
5303.79  7.87174e-16
5305.25  7.87473e-16
5306.71  7.87172e-16
5308.17  7.86235e-16
5309.63  7.84681e-16
5311.09  7.82575e-16
5312.55  7.80022e-16
5314.01  7.7714e-16
5315.48  7.74055e-16
5316.94  7.70878e-16
5318.4   7.67704e-16
5319.86  7.64598e-16
5321.32  7.616e-16
5322.78  7.58723e-16
5324.24  7.55957e-16
5325.7   7.53275e-16
5327.16  7.50634e-16
5328.62  7.47985e-16
5330.08  7.45274e-16
5331.55  7.42454e-16
5333.01  7.39489e-16
5334.47  7.36362e-16
5335.93  7.33081e-16
5337.39  7.29683e-16
5338.85  7.26237e-16
5340.31  7.22835e-16
5341.77  7.1959e-16
5343.23  7.1662e-16
5344.69  7.14037e-16
5346.16  7.11934e-16
5347.62  7.10372e-16
5349.08  7.09374e-16
5350.54  7.08925e-16
5352     7.08975e-16
5353.46  7.09447e-16
5354.92  7.10251e-16
5356.38  7.11298e-16
5357.84  7.12514e-16
5359.3   7.1385e-16
5360.76  7.15285e-16
5362.23  7.16834e-16
5363.69  7.18535e-16
5365.15  7.20442e-16
5366.61  7.22618e-16
5368.07  7.25114e-16
5369.53  7.27966e-16
5370.99  7.31181e-16
5372.45  7.34736e-16
5373.91  7.38582e-16
5375.37  7.42648e-16
5376.83  7.46849e-16
5378.3   7.51102e-16
5379.76  7.5533e-16
5381.22  7.59475e-16
5382.68  7.63501e-16
5384.14  7.67394e-16
5385.6   7.71162e-16
5387.06  7.74826e-16
5388.52  7.78418e-16
5389.98  7.81972e-16
5391.44  7.85516e-16
5392.9   7.8907e-16
5394.37  7.92642e-16
5395.83  7.96224e-16
5397.29  7.99791e-16
5398.75  8.03305e-16
5400.21  8.06715e-16
5401.67  8.09965e-16
5403.13  8.12995e-16
5404.59  8.15756e-16
5406.05  8.1821e-16
5407.51  8.20342e-16
5408.97  8.22163e-16
5410.44  8.2371e-16
5411.9   8.25045e-16
5413.36  8.26245e-16
5414.82  8.27396e-16
5416.28  8.28575e-16
5417.74  8.29846e-16
5419.2   8.31245e-16
5420.66  8.32774e-16
5422.12  8.344e-16
5423.58  8.36056e-16
5425.05  8.37651e-16
5426.51  8.39074e-16
5427.97  8.40214e-16
5429.43  8.4097e-16
5430.89  8.41263e-16
5432.35  8.41049e-16
5433.81  8.40322e-16
5435.27  8.3912e-16
5436.73  8.37517e-16
5438.19  8.3562e-16
5439.65  8.33556e-16
5441.12  8.31456e-16
5442.58  8.29444e-16
5444.04  8.27621e-16
5445.5   8.26056e-16
5446.96  8.24779e-16
5448.42  8.23782e-16
5449.88  8.23021e-16
5451.34  8.22425e-16
5452.8   8.21911e-16
5454.26  8.21391e-16
5455.72  8.20788e-16
5457.19  8.20042e-16
5458.65  8.19117e-16
5460.11  8.17998e-16
5461.57  8.16689e-16
5463.03  8.15205e-16
5464.49  8.13562e-16
5465.95  8.11772e-16
5467.41  8.09832e-16
5468.87  8.07727e-16
5470.33  8.05429e-16
5471.79  8.02901e-16
5473.26  8.0011e-16
5474.72  7.97035e-16
5476.18  7.93675e-16
5477.64  7.90057e-16
5479.1   7.86241e-16
5480.56  7.82313e-16
5482.02  7.78382e-16
5483.48  7.74569e-16
5484.94  7.70992e-16
5486.4   7.67751e-16
5487.86  7.64917e-16
5489.33  7.6252e-16
5490.79  7.60543e-16
5492.25  7.58928e-16
5493.71  7.57574e-16
5495.17  7.56357e-16
5496.63  7.55141e-16
5498.09  7.53794e-16
5499.55  7.52206e-16
5501.01  7.50297e-16
5502.47  7.4803e-16
5503.94  7.45405e-16
5505.4   7.42463e-16
5506.86  7.39272e-16
5508.32  7.35921e-16
5509.78  7.32504e-16
5511.24  7.29113e-16
5512.7   7.25824e-16
5514.16  7.22692e-16
5515.62  7.19748e-16
5517.08  7.16996e-16
5518.54  7.14418e-16
5520.01  7.1198e-16
5521.47  7.09637e-16
5522.93  7.07341e-16
5524.39  7.05049e-16
5525.85  7.02729e-16
5527.31  7.00361e-16
5528.77  6.97941e-16
5530.23  6.95482e-16
5531.69  6.93005e-16
5533.15  6.9054e-16
5534.61  6.88119e-16
5536.08  6.8577e-16
5537.54  6.83515e-16
5539     6.81363e-16
5540.46  6.7931e-16
5541.92  6.77339e-16
5543.38  6.75416e-16
5544.84  6.73496e-16
5546.3   6.71524e-16
5547.76  6.69437e-16
5549.22  6.67172e-16
5550.68  6.64667e-16
5552.15  6.61872e-16
5553.61  6.58755e-16
5555.07  6.55306e-16
5556.53  6.51547e-16
5557.99  6.4753e-16
5559.45  6.4334e-16
5560.91  6.39091e-16
5562.37  6.34915e-16
5563.83  6.30949e-16
5565.29  6.27318e-16
5566.75  6.24123e-16
5568.22  6.2142e-16
5569.68  6.19217e-16
5571.14  6.17465e-16
5572.6   6.16064e-16
5574.06  6.14875e-16
5575.52  6.13733e-16
5576.98  6.1247e-16
5578.44  6.10929e-16
5579.9   6.08988e-16
5581.36  6.06563e-16
5582.83  6.03618e-16
5584.29  6.00159e-16
5585.75  5.96228e-16
5587.21  5.91894e-16
5588.67  5.87238e-16
5590.13  5.82344e-16
5591.59  5.77294e-16
5593.05  5.72163e-16
5594.51  5.67023e-16
5595.97  5.6194e-16
5597.43  5.56983e-16
5598.9   5.5222e-16
5600.36  5.47714e-16
5601.82  5.43525e-16
5603.28  5.39693e-16
5604.74  5.36237e-16
5606.2   5.33142e-16
5607.66  5.30363e-16
5609.12  5.27822e-16
5610.58  5.25418e-16
5612.04  5.23045e-16
5613.5   5.20598e-16
5614.97  5.18e-16
5616.43  5.15207e-16
5617.89  5.1222e-16
5619.35  5.09082e-16
5620.81  5.0587e-16
5622.27  5.02684e-16
5623.73  4.99618e-16
5625.19  4.96752e-16
5626.65  4.94121e-16
5628.11  4.91715e-16
5629.57  4.89469e-16
5631.04  4.87274e-16
5632.5   4.8499e-16
5633.96  4.82475e-16
5635.42  4.79606e-16
5636.88  4.76304e-16
5638.34  4.72551e-16
5639.8   4.68397e-16
5641.26  4.63956e-16
5642.72  4.59388e-16
5644.18  4.54877e-16
5645.64  4.50601e-16
5647.11  4.46702e-16
5648.57  4.4327e-16
5650.03  4.40324e-16
5651.49  4.37817e-16
5652.95  4.35645e-16
5654.41  4.33667e-16
5655.87  4.31735e-16
5657.33  4.29718e-16
5658.79  4.27529e-16
5660.25  4.25133e-16
5661.72  4.22557e-16
5663.18  4.19876e-16
5664.64  4.17203e-16
5666.1   4.14655e-16
5667.56  4.12337e-16
5669.02  4.10315e-16
5670.48  4.08605e-16
5671.94  4.07167e-16
5673.4   4.05913e-16
5674.86  4.04726e-16
5676.32  4.03482e-16
5677.79  4.02073e-16
5679.25  4.00432e-16
5680.71  3.98545e-16
5682.17  3.96455e-16
5683.63  3.94254e-16
5685.09  3.92065e-16
5686.55  3.90014e-16
5688.01  3.88212e-16
5689.47  3.86724e-16
5690.93  3.8556e-16
5692.39  3.8467e-16
5693.86  3.83953e-16
5695.32  3.83275e-16
5696.78  3.82499e-16
5698.24  3.81505e-16
5699.7   3.8022e-16
5701.16  3.7863e-16
5702.62  3.76784e-16
5704.08  3.74784e-16
5705.54  3.72769e-16
5707     3.70894e-16
5708.46  3.69296e-16
5709.93  3.6808e-16
5711.39  3.67303e-16
5712.85  3.66969e-16
5714.31  3.67039e-16
5715.77  3.67441e-16
5717.23  3.68097e-16
5718.69  3.68935e-16
5720.15  3.69907e-16
5721.61  3.70995e-16
5723.07  3.7221e-16
5724.53  3.73583e-16
5726     3.75147e-16
5727.46  3.76925e-16
5728.92  3.78916e-16
5730.38  3.81088e-16
5731.84  3.83383e-16
5733.3   3.85723e-16
5734.76  3.88027e-16
5736.22  3.90229e-16
5737.68  3.92291e-16
5739.14  3.94218e-16
5740.61  3.96056e-16
5742.07  3.9789e-16
5743.53  3.99826e-16
5744.99  4.0198e-16
5746.45  4.04451e-16
5747.91  4.0731e-16
5749.37  4.1058e-16
5750.83  4.14238e-16
5752.29  4.18211e-16
5753.75  4.22391e-16
5755.21  4.26646e-16
5756.68  4.30838e-16
5758.14  4.34846e-16
5759.6   4.38574e-16
5761.06  4.4197e-16
5762.52  4.45022e-16
5763.98  4.47762e-16
5765.44  4.50256e-16
5766.9   4.52589e-16
5768.36  4.54852e-16
5769.82  4.57128e-16
5771.28  4.59478e-16
5772.75  4.61932e-16
5774.21  4.6449e-16
5775.67  4.67122e-16
5777.13  4.69779e-16
5778.59  4.72407e-16
5780.05  4.74957e-16
5781.51  4.77399e-16
5782.97  4.79736e-16
5784.43  4.82003e-16
5785.89  4.84269e-16
5787.35  4.86627e-16
5788.82  4.89186e-16
5790.28  4.92051e-16
5791.74  4.95312e-16
5793.2   4.99029e-16
5794.66  5.03224e-16
5796.12  5.07879e-16
5797.58  5.12939e-16
5799.04  5.18324e-16
5800.5   5.2394e-16
5801.96  5.29696e-16
5803.42  5.3552e-16
5804.89  5.41366e-16
5806.35  5.47226e-16
5807.81  5.53122e-16
5809.27  5.5911e-16
5810.73  5.65263e-16
5812.19  5.71664e-16
5813.65  5.78393e-16
5815.11  5.8552e-16
5816.57  5.93094e-16
5818.03  6.0114e-16
5819.5   6.09657e-16
5820.96  6.18614e-16
5822.42  6.27953e-16
5823.88  6.37582e-16
5825.34  6.4738e-16
5826.8   6.57196e-16
5828.26  6.66856e-16
5829.72  6.76173e-16
5831.18  6.84964e-16
5832.64  6.93066e-16
5834.1   7.00362e-16
5835.57  7.06798e-16
5837.03  7.12402e-16
5838.49  7.1728e-16
5839.95  7.21614e-16
5841.41  7.25634e-16
5842.87  7.29585e-16
5844.33  7.33684e-16
5845.79  7.38075e-16
5847.25  7.42798e-16
5848.71  7.47766e-16
5850.17  7.52775e-16
5851.64  7.57531e-16
5853.1   7.61699e-16
5854.56  7.64972e-16
5856.02  7.67142e-16
5857.48  7.6816e-16
5858.94  7.68179e-16
5860.4   7.67553e-16
5861.86  7.66801e-16
5863.32  7.66532e-16
5864.78  7.6733e-16
5866.24  7.69631e-16
5867.71  7.73599e-16
5869.17  7.7903e-16
5870.63  7.85312e-16
5872.09  7.91447e-16
5873.55  7.96145e-16
5875.01  7.97991e-16
5876.47  7.95656e-16
5877.93  7.88123e-16
5879.39  7.749e-16
5880.85  7.56169e-16
5882.31  7.3285e-16
5883.78  7.06552e-16
5885.24  6.79418e-16
5886.7   6.53869e-16
5888.16  6.32296e-16
5889.62  6.16734e-16
5891.08  6.08582e-16
5892.54  6.084e-16
5894     6.15828e-16
5895.46  6.2964e-16
5896.92  6.47917e-16
5898.39  6.68319e-16
5899.85  6.88401e-16
5901.31  7.0594e-16
5902.77  7.192e-16
5904.23  7.2712e-16
5905.69  7.2938e-16
5907.15  7.26366e-16
5908.61  7.19028e-16
5910.07  7.08679e-16
5911.53  6.96758e-16
5912.99  6.84613e-16
5914.46  6.73323e-16
5915.92  6.63584e-16
5917.38  6.55678e-16
5918.84  6.49502e-16
5920.3   6.44661e-16
5921.76  6.40584e-16
5923.22  6.36656e-16
5924.68  6.32331e-16
5926.14  6.27215e-16
5927.6   6.2111e-16
5929.06  6.14021e-16
5930.53  6.06122e-16
5931.99  5.97707e-16
5933.45  5.89125e-16
5934.91  5.80715e-16
5936.37  5.72759e-16
5937.83  5.65446e-16
5939.29  5.58862e-16
5940.75  5.52995e-16
5942.21  5.47759e-16
5943.67  5.43021e-16
5945.13  5.3864e-16
5946.6   5.3449e-16
5948.06  5.30487e-16
5949.52  5.26599e-16
5950.98  5.22844e-16
5952.44  5.19284e-16
5953.9   5.16008e-16
5955.36  5.13111e-16
5956.82  5.10675e-16
5958.28  5.08752e-16
5959.74  5.07354e-16
5961.2   5.06447e-16
5962.67  5.0596e-16
5964.13  5.05791e-16
5965.59  5.05827e-16
5967.05  5.05963e-16
5968.51  5.0612e-16
5969.97  5.06258e-16
5971.43  5.06384e-16
5972.89  5.06552e-16
5974.35  5.06852e-16
5975.81  5.07395e-16
5977.28  5.08287e-16
5978.74  5.09609e-16
5980.2   5.11397e-16
5981.66  5.13624e-16
5983.12  5.16205e-16
5984.58  5.18991e-16
5986.04  5.21794e-16
5987.5   5.24402e-16
5988.96  5.26606e-16
5990.42  5.28223e-16
5991.88  5.29116e-16
5993.35  5.29206e-16
5994.81  5.28478e-16
5996.27  5.26974e-16
5997.73  5.24785e-16
5999.19  5.22034e-16
6000.65  5.18856e-16
6002.11  5.15386e-16
6003.57  5.11739e-16
6005.03  5.08003e-16
6006.49  5.04238e-16
6007.95  5.00473e-16
6009.42  4.96715e-16
6010.88  4.92962e-16
6012.34  4.89207e-16
6013.8   4.8545e-16
6015.26  4.81706e-16
6016.72  4.78002e-16
6018.18  4.74377e-16
6019.64  4.70876e-16
6021.1   4.67536e-16
6022.56  4.64383e-16
6024.02  4.61421e-16
6025.49  4.58633e-16
6026.95  4.5598e-16
6028.41  4.53415e-16
6029.87  4.50892e-16
6031.33  4.48376e-16
6032.79  4.4586e-16
6034.25  4.43373e-16
6035.71  4.40975e-16
6037.17  4.38761e-16
6038.63  4.36839e-16
6040.09  4.35323e-16
6041.56  4.34311e-16
6043.02  4.33868e-16
6044.48  4.34019e-16
6045.94  4.34743e-16
6047.4   4.35978e-16
6048.86  4.37632e-16
6050.32  4.39599e-16
6051.78  4.41779e-16
6053.24  4.44092e-16
6054.7   4.46496e-16
6056.17  4.48987e-16
6057.63  4.51602e-16
6059.09  4.54407e-16
6060.55  4.57478e-16
6062.01  4.60887e-16
6063.47  4.64678e-16
6064.93  4.68852e-16
6066.39  4.73354e-16
6067.85  4.78072e-16
6069.31  4.82838e-16
6070.77  4.87444e-16
6072.24  4.91661e-16
6073.7   4.9526e-16
6075.16  4.98037e-16
6076.62  4.99837e-16
6078.08  5.00564e-16
6079.54  5.00197e-16
6081     4.98785e-16
6082.46  4.96438e-16
6083.92  4.93314e-16
6085.38  4.89592e-16
6086.84  4.85452e-16
6088.31  4.8105e-16
6089.77  4.76504e-16
6091.23  4.71881e-16
6092.69  4.67198e-16
6094.15  4.62425e-16
6095.61  4.57504e-16
6097.07  4.52363e-16
6098.53  4.46933e-16
6099.99  4.41171e-16
6101.45  4.35069e-16
6102.91  4.28659e-16
6104.38  4.22014e-16
6105.84  4.15238e-16
6107.3   4.08454e-16
6108.76  4.0179e-16
6110.22  3.95357e-16
6111.68  3.89241e-16
6113.14  3.83491e-16
6114.6   3.78117e-16
6116.06  3.73091e-16
6117.52  3.68359e-16
6118.98  3.6385e-16
6120.45  3.59493e-16
6121.91  3.55229e-16
6123.37  3.51023e-16
6124.83  3.46868e-16
6126.29  3.42789e-16
6127.75  3.38834e-16
6129.21  3.35067e-16
6130.67  3.31553e-16
6132.13  3.28352e-16
6133.59  3.25499e-16
6135.06  3.23006e-16
6136.52  3.20856e-16
6137.98  3.19007e-16
6139.44  3.17406e-16
6140.9   3.15991e-16
6142.36  3.14714e-16
6143.82  3.13541e-16
6145.28  3.12464e-16
6146.74  3.11498e-16
6148.2   3.10679e-16
6149.66  3.1005e-16
6151.13  3.09654e-16
6152.59  3.0952e-16
6154.05  3.09656e-16
6155.51  3.10041e-16
6156.97  3.10632e-16
6158.43  3.11369e-16
6159.89  3.12189e-16
6161.35  3.13039e-16
6162.81  3.13887e-16
6164.27  3.14735e-16
6165.73  3.1562e-16
6167.2   3.16609e-16
6168.66  3.17789e-16
6170.12  3.19251e-16
6171.58  3.2107e-16
6173.04  3.23294e-16
6174.5   3.25926e-16
6175.96  3.2892e-16
6177.42  3.32187e-16
6178.88  3.35602e-16
6180.34  3.39023e-16
6181.8   3.42305e-16
6183.27  3.45324e-16
6184.73  3.47988e-16
6186.19  3.50244e-16
6187.65  3.52088e-16
6189.11  3.53553e-16
6190.57  3.54705e-16
6192.03  3.55628e-16
6193.49  3.56411e-16
6194.95  3.57141e-16
6196.41  3.57889e-16
6197.87  3.58707e-16
6199.34  3.59629e-16
6200.8   3.60671e-16
6202.26  3.61831e-16
6203.72  3.63101e-16
6205.18  3.64463e-16
6206.64  3.659e-16
6208.1   3.67394e-16
6209.56  3.6893e-16
6211.02  3.70497e-16
6212.48  3.72088e-16
6213.95  3.737e-16
6215.41  3.75331e-16
6216.87  3.7698e-16
6218.33  3.7864e-16
6219.79  3.80299e-16
6221.25  3.81935e-16
6222.71  3.83513e-16
6224.17  3.84989e-16
6225.63  3.86312e-16
6227.09  3.87431e-16
6228.55  3.88301e-16
6230.02  3.88898e-16
6231.48  3.89226e-16
6232.94  3.89326e-16
6234.4   3.89278e-16
6235.86  3.89199e-16
6237.32  3.89231e-16
6238.78  3.8953e-16
6240.24  3.90243e-16
6241.7   3.91493e-16
6243.16  3.93355e-16
6244.62  3.95849e-16
6246.09  3.98935e-16
6247.55  4.02517e-16
6249.01  4.06459e-16
6250.47  4.10599e-16
6251.93  4.14777e-16
6253.39  4.18851e-16
6254.85  4.22715e-16
6256.31  4.26313e-16
6257.77  4.29632e-16
6259.23  4.32705e-16
6260.69  4.35596e-16
6262.16  4.3838e-16
6263.62  4.41136e-16
6265.08  4.43926e-16
6266.54  4.4679e-16
6268     4.49743e-16
6269.46  4.52773e-16
6270.92  4.55856e-16
6272.38  4.58961e-16
6273.84  4.6206e-16
6275.3   4.65142e-16
6276.77  4.68216e-16
6278.23  4.71311e-16
6279.69  4.74477e-16
6281.15  4.77774e-16
6282.61  4.81263e-16
6284.07  4.84995e-16
6285.53  4.89004e-16
6286.99  4.93295e-16
6288.45  4.97842e-16
6289.91  5.02592e-16
6291.37  5.07463e-16
6292.84  5.12355e-16
6294.3   5.17161e-16
6295.76  5.21774e-16
6297.22  5.26102e-16
6298.68  5.30076e-16
6300.14  5.33659e-16
6301.6   5.3685e-16
6303.06  5.3969e-16
6304.52  5.42255e-16
6305.98  5.44652e-16
6307.44  5.47008e-16
6308.91  5.49459e-16
6310.37  5.52133e-16
6311.83  5.55135e-16
6313.29  5.58535e-16
6314.75  5.62357e-16
6316.21  5.66574e-16
6317.67  5.71113e-16
6319.13  5.75859e-16
6320.59  5.80676e-16
6322.05  5.8542e-16
6323.51  5.89961e-16
6324.98  5.94201e-16
6326.44  5.98088e-16
6327.9   6.01622e-16
6329.36  6.04852e-16
6330.82  6.07867e-16
6332.28  6.10781e-16
6333.74  6.13712e-16
6335.2   6.16761e-16
6336.66  6.2e-16
6338.12  6.23455e-16
6339.58  6.27111e-16
6341.05  6.30909e-16
6342.51  6.34763e-16
6343.97  6.38577e-16
6345.43  6.42258e-16
6346.89  6.45737e-16
6348.35  6.48976e-16
6349.81  6.51968e-16
6351.27  6.54741e-16
6352.73  6.57337e-16
6354.19  6.59804e-16
6355.66  6.62175e-16
6357.12  6.64461e-16
6358.58  6.66642e-16
6360.04  6.68667e-16
6361.5   6.70468e-16
6362.96  6.71976e-16
6364.42  6.73137e-16
6365.88  6.73933e-16
6367.34  6.74394e-16
6368.8   6.74606e-16
6370.26  6.74699e-16
6371.73  6.74833e-16
6373.19  6.75177e-16
6374.65  6.7588e-16
6376.11  6.77046e-16
6377.57  6.78715e-16
6379.03  6.80851e-16
6380.49  6.8335e-16
6381.95  6.86051e-16
6383.41  6.88759e-16
6384.87  6.9128e-16
6386.33  6.93443e-16
6387.8   6.95131e-16
6389.26  6.96294e-16
6390.72  6.96959e-16
6392.18  6.97216e-16
6393.64  6.9721e-16
6395.1   6.97114e-16
6396.56  6.97101e-16
6398.02  6.97326e-16
6399.48  6.979e-16
6400.94  6.98882e-16
6402.4   7.00277e-16
6403.87  7.02036e-16
6405.33  7.04074e-16
6406.79  7.06282e-16
6408.25  7.08541e-16
6409.71  7.10743e-16
6411.17  7.12796e-16
6412.63  7.14638e-16
6414.09  7.16232e-16
6415.55  7.17573e-16
6417.01  7.18676e-16
6418.47  7.19575e-16
6419.94  7.20314e-16
6421.4   7.2094e-16
6422.86  7.21499e-16
6424.32  7.2203e-16
6425.78  7.22568e-16
6427.24  7.23135e-16
6428.7   7.23748e-16
6430.16  7.24414e-16
6431.62  7.25131e-16
6433.08  7.25892e-16
6434.55  7.26679e-16
6436.01  7.27473e-16
6437.47  7.28247e-16
6438.93  7.28978e-16
6440.39  7.29645e-16
6441.85  7.30238e-16
6443.31  7.30763e-16
6444.77  7.31238e-16
6446.23  7.31702e-16
6447.69  7.32204e-16
6449.15  7.32799e-16
6450.62  7.33539e-16
6452.08  7.34462e-16
6453.54  7.35584e-16
6455     7.36891e-16
6456.46  7.3834e-16
6457.92  7.39859e-16
6459.38  7.41361e-16
6460.84  7.4275e-16
6462.3   7.43937e-16
6463.76  7.44854e-16
6465.22  7.45458e-16
6466.69  7.45744e-16
6468.15  7.4574e-16
6469.61  7.45501e-16
6471.07  7.45106e-16
6472.53  7.4464e-16
6473.99  7.44188e-16
6475.45  7.4382e-16
6476.91  7.43587e-16
6478.37  7.43514e-16
6479.83  7.43604e-16
6481.29  7.43839e-16
6482.76  7.44187e-16
6484.22  7.44606e-16
6485.68  7.45058e-16
6487.14  7.45505e-16
6488.6   7.45918e-16
6490.06  7.46277e-16
6491.52  7.46568e-16
6492.98  7.46786e-16
6494.44  7.46924e-16
6495.9   7.46982e-16
6497.36  7.46954e-16
6498.83  7.46836e-16
6500.29  7.46621e-16
6501.75  7.46301e-16
6503.21  7.4587e-16
6504.67  7.45319e-16
6506.13  7.44645e-16
6507.59  7.43845e-16
6509.05  7.42916e-16
6510.51  7.41862e-16
6511.97  7.40687e-16
6513.44  7.39399e-16
6514.9   7.38005e-16
6516.36  7.36519e-16
6517.82  7.3495e-16
6519.28  7.3331e-16
6520.74  7.31606e-16
6522.2   7.29843e-16
6523.66  7.28019e-16
6525.12  7.26133e-16
6526.58  7.2418e-16
6528.04  7.22161e-16
6529.51  7.20082e-16
6530.97  7.17965e-16
6532.43  7.15839e-16
6533.89  7.13749e-16
6535.35  7.11744e-16
6536.81  7.09865e-16
6538.27  7.08138e-16
6539.73  7.06553e-16
6541.19  7.05058e-16
6542.65  7.03552e-16
6544.11  7.01888e-16
6545.58  6.99889e-16
6547.04  6.97372e-16
6548.5   6.94178e-16
6549.96  6.90205e-16
6551.42  6.85436e-16
6552.88  6.79957e-16
6554.34  6.73957e-16
6555.8   6.67709e-16
6557.26  6.61541e-16
6558.72  6.55784e-16
6560.18  6.50727e-16
6561.65  6.46566e-16
6563.11  6.43378e-16
6564.57  6.41102e-16
6566.03  6.39555e-16
6567.49  6.38459e-16
6568.95  6.37489e-16
6570.41  6.36326e-16
6571.87  6.34705e-16
6573.33  6.32453e-16
6574.79  6.29506e-16
6576.25  6.2591e-16
6577.72  6.21799e-16
6579.18  6.1736e-16
6580.64  6.12796e-16
6582.1   6.0829e-16
6583.56  6.03976e-16
6585.02  5.99928e-16
6586.48  5.96158e-16
6587.94  5.92631e-16
6589.4   5.89283e-16
6590.86  5.86044e-16
6592.33  5.82856e-16
6593.79  5.79682e-16
6595.25  5.76512e-16
6596.71  5.73353e-16
6598.17  5.70221e-16
6599.63  5.67127e-16
6601.09  5.64067e-16
6602.55  5.61018e-16
6604.01  5.57934e-16
6605.47  5.54759e-16
6606.93  5.51434e-16
6608.4   5.47913e-16
6609.86  5.44172e-16
6611.32  5.40222e-16
6612.78  5.36104e-16
6614.24  5.31894e-16
6615.7   5.27687e-16
6617.16  5.23586e-16
6618.62  5.19686e-16
6620.08  5.16061e-16
6621.54  5.12748e-16
6623     5.09747e-16
6624.47  5.07015e-16
6625.93  5.04477e-16
6627.39  5.02036e-16
6628.85  4.99592e-16
6630.31  4.97059e-16
6631.77  4.94378e-16
6633.23  4.91535e-16
6634.69  4.88554e-16
6636.15  4.85504e-16
6637.61  4.82476e-16
6639.07  4.79573e-16
6640.54  4.76883e-16
6642     4.74465e-16
6643.46  4.72331e-16
6644.92  4.70445e-16
6646.38  4.68721e-16
6647.84  4.67045e-16
6649.3   4.65286e-16
6650.76  4.63323e-16
6652.22  4.61067e-16
6653.68  4.58468e-16
6655.14  4.55531e-16
6656.61  4.52304e-16
6658.07  4.48873e-16
6659.53  4.45342e-16
6660.99  4.41814e-16
6662.45  4.38377e-16
6663.91  4.35087e-16
6665.37  4.31972e-16
6666.83  4.2903e-16
6668.29  4.26239e-16
6669.75  4.23573e-16
6671.22  4.21015e-16
6672.68  4.18563e-16
6674.14  4.16238e-16
6675.6   4.14082e-16
6677.06  4.12145e-16
6678.52  4.10471e-16
6679.98  4.09086e-16
6681.44  4.07982e-16
6682.9   4.07105e-16
6684.36  4.06359e-16
6685.82  4.05611e-16
6687.29  4.04709e-16
6688.75  4.03498e-16
6690.21  4.01851e-16
6691.67  3.9968e-16
6693.13  3.96961e-16
6694.59  3.93732e-16
6696.05  3.90092e-16
6697.51  3.86186e-16
6698.97  3.82188e-16
6700.43  3.78272e-16
6701.89  3.74591e-16
6703.36  3.71259e-16
6704.82  3.68339e-16
6706.28  3.65841e-16
6707.74  3.63726e-16
6709.2   3.6192e-16
6710.66  3.60329e-16
6712.12  3.58856e-16
6713.58  3.57418e-16
6715.04  3.55955e-16
6716.5   3.54433e-16
6717.96  3.52849e-16
6719.43  3.51221e-16
6720.89  3.49584e-16
6722.35  3.47975e-16
6723.81  3.46427e-16
6725.27  3.44959e-16
6726.73  3.43575e-16
6728.19  3.4226e-16
6729.65  3.40986e-16
6731.11  3.39716e-16
6732.57  3.38415e-16
6734.03  3.37054e-16
6735.5   3.35621e-16
6736.96  3.34121e-16
6738.42  3.32575e-16
6739.88  3.31021e-16
6741.34  3.29502e-16
6742.8   3.28061e-16
6744.26  3.26731e-16
6745.72  3.25529e-16
6747.18  3.24453e-16
6748.64  3.23482e-16
6750.11  3.22583e-16
6751.57  3.21714e-16
6753.03  3.20837e-16
6754.49  3.19925e-16
6755.95  3.18967e-16
6757.41  3.17969e-16
6758.87  3.16957e-16
6760.33  3.15965e-16
6761.79  3.15033e-16
6763.25  3.14192e-16
6764.71  3.13463e-16
6766.18  3.12845e-16
6767.64  3.12315e-16
6769.1   3.11834e-16
6770.56  3.11348e-16
6772.02  3.10798e-16
6773.48  3.10131e-16
6774.94  3.0931e-16
6776.4   3.08314e-16
6777.86  3.07147e-16
6779.32  3.05835e-16
6780.78  3.04424e-16
6782.25  3.02967e-16
6783.71  3.01523e-16
6785.17  3.00143e-16
6786.63  2.98866e-16
6788.09  2.97716e-16
6789.55  2.96696e-16
6791.01  2.95796e-16
6792.47  2.9499e-16
6793.93  2.9425e-16
6795.39  2.93549e-16
6796.85  2.92868e-16
6798.32  2.92199e-16
6799.78  2.91552e-16
6801.24  2.90947e-16
6802.7   2.90417e-16
6804.16  2.89994e-16
6805.62  2.89706e-16
6807.08  2.89563e-16
6808.54  2.89559e-16
6810     2.89659e-16
6811.46  2.8981e-16
6812.92  2.8994e-16
6814.39  2.89969e-16
6815.85  2.89822e-16
6817.31  2.89441e-16
6818.77  2.8879e-16
6820.23  2.87867e-16
6821.69  2.86705e-16
6823.15  2.85366e-16
6824.61  2.83938e-16
6826.07  2.82521e-16
6827.53  2.81214e-16
6829     2.80108e-16
6830.46  2.79268e-16
6831.92  2.78731e-16
6833.38  2.785e-16
6834.84  2.78545e-16
6836.3   2.78807e-16
6837.76  2.79208e-16
6839.22  2.79662e-16
6840.68  2.80083e-16
6842.14  2.80398e-16
6843.6   2.80555e-16
6845.07  2.80527e-16
6846.53  2.80316e-16
6847.99  2.7995e-16
6849.45  2.79476e-16
6850.91  2.78954e-16
6852.37  2.78449e-16
6853.83  2.78018e-16
6855.29  2.77706e-16
6856.75  2.77537e-16
6858.21  2.77518e-16
6859.67  2.77636e-16
6861.14  2.77864e-16
6862.6   2.78167e-16
6864.06  2.7851e-16
6865.52  2.78861e-16
6866.98  2.79199e-16
6868.44  2.7951e-16
6869.9   2.79791e-16
6871.36  2.80038e-16
6872.82  2.8025e-16
6874.28  2.8042e-16
6875.74  2.80532e-16
6877.21  2.8057e-16
6878.67  2.80513e-16
6880.13  2.8035e-16
6881.59  2.80082e-16
6883.05  2.79727e-16
6884.51  2.79326e-16
6885.97  2.78937e-16
6887.43  2.78627e-16
6888.89  2.78462e-16
6890.35  2.78489e-16
6891.81  2.78729e-16
6893.28  2.79162e-16
6894.74  2.79728e-16
6896.2   2.80329e-16
6897.66  2.80843e-16
6899.12  2.81139e-16
6900.58  2.81102e-16
6902.04  2.80651e-16
6903.5   2.79753e-16
6904.96  2.78437e-16
6906.42  2.76793e-16
6907.89  2.7496e-16
6909.35  2.73109e-16
6910.81  2.71423e-16
6912.27  2.70066e-16
6913.73  2.69168e-16
6915.19  2.68798e-16
6916.65  2.6896e-16
6918.11  2.69593e-16
6919.57  2.7058e-16
6921.03  2.71763e-16
6922.49  2.72968e-16
6923.96  2.74031e-16
6925.42  2.74814e-16
6926.88  2.75225e-16
6928.34  2.75228e-16
6929.8   2.74842e-16
6931.26  2.74136e-16
6932.72  2.73213e-16
6934.18  2.72193e-16
6935.64  2.71193e-16
6937.1   2.7031e-16
6938.56  2.6961e-16
6940.03  2.69116e-16
6941.49  2.68813e-16
6942.95  2.68651e-16
6944.41  2.68559e-16
6945.87  2.68459e-16
6947.33  2.68277e-16
6948.79  2.67958e-16
6950.25  2.67473e-16
6951.71  2.66818e-16
6953.17  2.66016e-16
6954.63  2.65104e-16
6956.1   2.64129e-16
6957.56  2.63138e-16
6959.02  2.62168e-16
6960.48  2.61248e-16
6961.94  2.60394e-16
6963.4   2.59616e-16
6964.86  2.58918e-16
6966.32  2.58305e-16
6967.78  2.57783e-16
6969.24  2.57362e-16
6970.7   2.57053e-16
6972.17  2.56863e-16
6973.63  2.5679e-16
6975.09  2.56819e-16
6976.55  2.5692e-16
6978.01  2.57049e-16
6979.47  2.57152e-16
6980.93  2.57176e-16
6982.39  2.57073e-16
6983.85  2.56815e-16
6985.31  2.56399e-16
6986.78  2.55852e-16
6988.24  2.55228e-16
6989.7   2.54608e-16
6991.16  2.54083e-16
6992.62  2.53745e-16
6994.08  2.53671e-16
6995.54  2.53915e-16
6997     2.54494e-16
6998.46  2.55386e-16
6999.92  2.56535e-16
7001.38  2.57855e-16
7002.85  2.59241e-16
7004.31  2.60586e-16
7005.77  2.6179e-16
7007.23  2.62777e-16
7008.69  2.63499e-16
7010.15  2.63945e-16
7011.61  2.64136e-16
7013.07  2.64123e-16
7014.53  2.63972e-16
7015.99  2.6376e-16
7017.45  2.63555e-16
7018.92  2.63408e-16
7020.38  2.63345e-16
7021.84  2.63358e-16
7023.3   2.63413e-16
7024.76  2.63452e-16
7026.22  2.63403e-16
7027.68  2.63198e-16
7029.14  2.62782e-16
7030.6   2.6213e-16
7032.06  2.61251e-16
7033.52  2.60195e-16
7034.99  2.59048e-16
7036.45  2.57921e-16
7037.91  2.56936e-16
7039.37  2.56207e-16
7040.83  2.55825e-16
7042.29  2.55839e-16
7043.75  2.56251e-16
7045.21  2.57008e-16
7046.67  2.5801e-16
7048.13  2.59122e-16
7049.59  2.6019e-16
7051.06  2.61065e-16
7052.52  2.6162e-16
7053.98  2.61773e-16
7055.44  2.61496e-16
7056.9   2.60825e-16
7058.36  2.59854e-16
7059.82  2.58724e-16
7061.28  2.57607e-16
7062.74  2.56677e-16
7064.2   2.5609e-16
7065.67  2.55961e-16
7067.13  2.56347e-16
7068.59  2.57239e-16
7070.05  2.58567e-16
7071.51  2.60211e-16
7072.97  2.6202e-16
7074.43  2.63839e-16
7075.89  2.65535e-16
7077.35  2.67019e-16
7078.81  2.68253e-16
7080.27  2.69264e-16
7081.74  2.70125e-16
7083.2   2.70948e-16
7084.66  2.71851e-16
7086.12  2.72941e-16
7087.58  2.74288e-16
7089.04  2.75911e-16
7090.5   2.77771e-16
7091.96  2.7978e-16
7093.42  2.81814e-16
7094.88  2.83738e-16
7096.34  2.85431e-16
7097.81  2.86805e-16
7099.27  2.87827e-16
7100.73  2.88523e-16
7102.19  2.88975e-16
7103.65  2.89308e-16
7105.11  2.89671e-16
7106.57  2.9021e-16
7108.03  2.91045e-16
7109.49  2.9225e-16
7110.95  2.93843e-16
7112.41  2.95782e-16
7113.88  2.97969e-16
7115.34  3.0027e-16
7116.8   3.02528e-16
7118.26  3.04593e-16
7119.72  3.06336e-16
7121.18  3.0767e-16
7122.64  3.08557e-16
7124.1   3.09015e-16
7125.56  3.09111e-16
7127.02  3.08952e-16
7128.48  3.08664e-16
7129.95  3.08381e-16
7131.41  3.0822e-16
7132.87  3.08271e-16
7134.33  3.08583e-16
7135.79  3.09159e-16
7137.25  3.0996e-16
7138.71  3.10909e-16
7140.17  3.11909e-16
7141.63  3.12854e-16
7143.09  3.13647e-16
7144.56  3.14214e-16
7146.02  3.14519e-16
7147.48  3.14562e-16
7148.94  3.14382e-16
7150.4   3.14048e-16
7151.86  3.13647e-16
7153.32  3.1327e-16
7154.78  3.12991e-16
7156.24  3.1286e-16
7157.7   3.12892e-16
7159.16  3.13064e-16
7160.63  3.13321e-16
7162.09  3.13581e-16
7163.55  3.13757e-16
7165.01  3.13763e-16
7166.47  3.13539e-16
7167.93  3.13049e-16
7169.39  3.12297e-16
7170.85  3.11322e-16
7172.31  3.1019e-16
7173.77  3.08985e-16
7175.23  3.07795e-16
7176.7   3.06702e-16
7178.16  3.05768e-16
7179.62  3.05027e-16
7181.08  3.04487e-16
7182.54  3.04131e-16
7184     3.03918e-16
7185.46  3.03798e-16
7186.92  3.03718e-16
7188.38  3.0363e-16
7189.84  3.03499e-16
7191.3   3.03308e-16
7192.77  3.0306e-16
7194.23  3.02772e-16
7195.69  3.02479e-16
7197.15  3.02219e-16
7198.61  3.02034e-16
7200.07  3.01956e-16
7201.53  3.02002e-16
7202.99  3.02173e-16
7204.45  3.02446e-16
7205.91  3.02776e-16
7207.37  3.03106e-16
7208.84  3.03366e-16
7210.3   3.03492e-16
7211.76  3.0343e-16
7213.22  3.03151e-16
7214.68  3.02657e-16
7216.14  3.01986e-16
7217.6   3.01212e-16
7219.06  3.00437e-16
7220.52  2.99782e-16
7221.98  2.9937e-16
7223.45  2.99308e-16
7224.91  2.99674e-16
7226.37  3.00497e-16
7227.83  3.01756e-16
7229.29  3.03374e-16
7230.75  3.05229e-16
7232.21  3.0717e-16
7233.67  3.09038e-16
7235.13  3.10693e-16
7236.59  3.12034e-16
7238.05  3.13017e-16
7239.52  3.13667e-16
7240.98  3.1407e-16
7242.44  3.14365e-16
7243.9   3.14717e-16
7245.36  3.15288e-16
7246.82  3.16206e-16
7248.28  3.1754e-16
7249.74  3.1928e-16
7251.2   3.21337e-16
7252.66  3.23546e-16
7254.12  3.25694e-16
7255.59  3.27551e-16
7257.05  3.28903e-16
7258.51  3.29593e-16
7259.97  3.29542e-16
7261.43  3.2877e-16
7262.89  3.27391e-16
7264.35  3.25601e-16
7265.81  3.23652e-16
7267.27  3.21809e-16
7268.73  3.20322e-16
7270.19  3.19383e-16
7271.66  3.19104e-16
7273.12  3.19503e-16
7274.58  3.20505e-16
7276.04  3.21954e-16
7277.5   3.23645e-16
7278.96  3.25348e-16
7280.42  3.26848e-16
7281.88  3.27973e-16
7283.34  3.28618e-16
7284.8   3.28755e-16
7286.27  3.28435e-16
7287.73  3.27773e-16
7289.19  3.26927e-16
7290.65  3.26075e-16
7292.11  3.25383e-16
7293.57  3.24981e-16
7295.03  3.2495e-16
7296.49  3.25312e-16
7297.95  3.26038e-16
7299.41  3.27054e-16
7300.87  3.28264e-16
7302.34  3.29569e-16
7303.8   3.30888e-16
7305.26  3.32162e-16
7306.72  3.33369e-16
7308.18  3.3451e-16
7309.64  3.35606e-16
7311.1   3.36679e-16
7312.56  3.37739e-16
7314.02  3.38774e-16
7315.48  3.39745e-16
7316.94  3.40589e-16
7318.41  3.41229e-16
7319.87  3.41591e-16
7321.33  3.41617e-16
7322.79  3.41284e-16
7324.25  3.40611e-16
7325.71  3.39659e-16
7327.17  3.38528e-16
7328.63  3.37343e-16
7330.09  3.36232e-16
7331.55  3.35309e-16
7333.01  3.34658e-16
7334.48  3.34315e-16
7335.94  3.34267e-16
7337.4   3.34456e-16
7338.86  3.34787e-16
7340.32  3.35143e-16
7341.78  3.35411e-16
7343.24  3.35493e-16
7344.7   3.35322e-16
7346.16  3.34873e-16
7347.62  3.34164e-16
7349.08  3.33247e-16
7350.55  3.32201e-16
7352.01  3.31114e-16
7353.47  3.30072e-16
7354.93  3.29144e-16
7356.39  3.28373e-16
7357.85  3.27778e-16
7359.31  3.27352e-16
7360.77  3.27072e-16
7362.23  3.26903e-16
7363.69  3.26812e-16
7365.16  3.26768e-16
7366.62  3.2675e-16
7368.08  3.26743e-16
7369.54  3.26742e-16
7371     3.26741e-16
7372.46  3.26741e-16
7373.92  3.26741e-16