3430  1.28854e-15
3440  1.43832e-15
3450  1.52141e-15
3460  2.14524e-15
3470  2.44226e-15
3480  2.75834e-15
3490  2.82237e-15
3500  2.89115e-15
3510  3.18733e-15
3520  3.18317e-15
3530  3.34502e-15
3540  3.63858e-15
3550  3.56345e-15
3560  3.73839e-15
3570  3.49876e-15
3580  3.23487e-15
3590  2.96115e-15
3600  2.78739e-15
3610  3.12554e-15
3620  3.48452e-15
3630  4.18844e-15
3640  4.63635e-15
3650  4.975e-15
3660  5.00282e-15
3670  4.67723e-15
3680  4.25136e-15
3690  4.03507e-15
3700  3.87153e-15
3710  3.74995e-15
3720  3.67455e-15
3730  3.29417e-15
3740  3.12796e-15
3750  3.00149e-15
3760  2.79746e-15
3770  2.82095e-15
3780  2.87747e-15
3790  2.95204e-15
3800  3.19591e-15
3810  3.831e-15
3820  4.54283e-15
3830  5.25592e-15
3840  5.89692e-15
3850  6.45965e-15
3860  7.11088e-15
3870  7.68853e-15
3880  8.32744e-15
3890  9.23297e-15
3900  9.5073e-15
3910  9.83542e-15
3920  1.01259e-14
3930  1.03458e-14
3940  1.03468e-14
3950  9.98446e-15
3960  9.09358e-15
3970  8.29746e-15
3980  7.92598e-15
3990  7.60076e-15
4000  7.30626e-15
4010  6.92042e-15
4020  6.87624e-15
4030  6.93587e-15
4040  7.25276e-15
4050  7.82875e-15
4060  7.70951e-15
4070  7.5206e-15
4080  7.32857e-15
4090  7.10936e-15
4100  6.9556e-15
4110  6.90647e-15
4120  6.79783e-15
4130  6.71093e-15
4140  6.86767e-15
4150  7.14869e-15
4160  7.61673e-15
4170  7.91213e-15
4180  8.02882e-15
4190  7.97235e-15
4200  7.72832e-15
4210  7.60076e-15
4220  7.53573e-15
4230  7.50452e-15
4240  7.50033e-15
4250  7.44574e-15
4260  7.2461e-15
4270  6.50624e-15
4280  6.0485e-15
4290  5.68945e-15
4300  5.41498e-15
4310  5.4556e-15
4320  5.44936e-15
4330  5.51173e-15
4340  5.33737e-15
4350  5.1283e-15
4360  5.02103e-15
4370  4.84645e-15
4380  4.84208e-15
4390  4.93807e-15
4400  4.95656e-15
4410  5.05405e-15
4420  5.22869e-15
4430  5.4457e-15
4440  5.9328e-15
4450  6.23523e-15
4460  6.48631e-15
4470  6.9283e-15
4480  7.35658e-15
4490  7.8194e-15
4500  8.40599e-15
4510  9.08098e-15
4520  9.90524e-15
4530  1.06118e-14
4540  1.12972e-14
4550  1.18511e-14
4560  1.21443e-14
4570  1.24452e-14
4580  1.25592e-14
4590  1.2553e-14
4600  1.24164e-14
4610  1.22142e-14
4620  1.18856e-14
4630  1.10867e-14
4640  1.02302e-14
4650  9.29306e-15
4660  8.44215e-15
4670  7.91175e-15
4680  7.47085e-15
4690  7.21403e-15
4700  7.09215e-15
4710  7.15879e-15
4720  7.04407e-15
4730  6.64187e-15
4740  6.41652e-15
4750  6.14736e-15
4760  6.20353e-15
4770  6.56068e-15
4780  6.90404e-15
4790  7.21359e-15
4800  7.29222e-15
4810  7.14484e-15
4820  6.86646e-15
4830  6.50014e-15
4840  6.08684e-15
4850  5.72397e-15
4860  5.63445e-15
4870  5.68415e-15
4880  5.75292e-15
4890  5.99671e-15
4900  6.32246e-15
4910  6.65443e-15
4920  7.00831e-15
4930  7.3035e-15
4940  7.3696e-15
4950  7.17633e-15
4960  6.74253e-15
4970  6.31929e-15
4980  6.00723e-15
4990  5.80697e-15
5000  5.65185e-15
5010  5.58485e-15
5020  5.60165e-15
5030  5.72489e-15
5040  5.81107e-15
5050  5.95275e-15
5060  5.99117e-15
5070  5.94765e-15
5080  5.99973e-15
5090  6.05656e-15
5100  6.02775e-15
5110  6.00966e-15
5120  6.1529e-15
5130  6.33914e-15
5140  6.50409e-15
5150  6.91889e-15
5160  7.41545e-15
5170  7.79509e-15
5180  8.25528e-15
5190  8.57514e-15
5200  8.71122e-15
5210  8.90266e-15
5220  9.09459e-15
5230  9.28015e-15
5240  9.48563e-15
5250  9.64537e-15
5260  9.60778e-15
5270  9.17963e-15
5280  8.70336e-15
5290  8.356e-15
5300  8.08851e-15
5310  7.87007e-15
5320  7.72209e-15
5330  7.72863e-15
5340  7.86641e-15
5350  7.96014e-15
5360  8.08647e-15
5370  8.09744e-15
5380  8.14613e-15
5390  8.18926e-15
5400  8.30103e-15
5410  8.3781e-15
5420  8.30807e-15
5430  8.18169e-15
5440  7.94797e-15
5450  7.66055e-15
5460  7.37617e-15
5470  7.06191e-15
5480  6.8631e-15
5490  6.65144e-15
5500  6.51116e-15
5510  6.46595e-15
5520  6.49852e-15
5530  6.71754e-15
5540  6.99411e-15
5550  7.32321e-15
5560  7.58257e-15
5570  7.88763e-15
5580  8.06365e-15
5590  8.13672e-15
5600  8.20415e-15
5610  8.26442e-15
5620  8.16628e-15
5630  8.11412e-15
5640  8.11344e-15
5650  8.03745e-15
5660  7.96303e-15
5670  7.90662e-15
5680  7.85752e-15
5690  7.71629e-15
5700  7.59662e-15
5710  7.39835e-15
5720  7.09233e-15
5730  6.63465e-15
5740  6.23962e-15
5750  5.8884e-15
5760  5.61157e-15
5770  5.54631e-15
5780  5.55249e-15
5790  5.68838e-15
5800  5.72489e-15
5810  5.69156e-15
5820  6.07544e-15
5830  6.46475e-15
5840  6.85501e-15
5850  7.25294e-15
5860  7.50914e-15
5870  7.81043e-15
5880  7.94315e-15
5890  7.83988e-15
5900  7.89145e-15
5910  7.86086e-15
5920  7.91683e-15
5930  7.83468e-15
5940  7.78098e-15
5950  7.67702e-15
5960  7.63819e-15
5970  7.72166e-15
5980  7.56177e-15
5990  7.49858e-15
6000  7.18264e-15
6010  6.72647e-15
6020  6.26089e-15
6030  5.64988e-15
6040  5.05276e-15
6050  4.40627e-15
6060  3.81003e-15
6070  3.38629e-15
6080  3.06225e-15
6090  2.79481e-15
6100  2.59447e-15
6110  2.54682e-15
6120  2.54937e-15
6130  2.62422e-15
6140  2.6821e-15
6150  2.76604e-15
6160  2.98379e-15
6170  3.15226e-15
6180  3.3471e-15
6190  3.61077e-15
6200  3.9854e-15
6210  4.23588e-15
6220  4.46219e-15
6230  4.7888e-15
6240  5.04924e-15
6250  5.38041e-15
6260  5.78132e-15
6270  6.06744e-15
6280  6.26664e-15
6290  6.51944e-15
6300  6.73896e-15
6310  6.87735e-15
6320  7.01355e-15
6330  7.14792e-15
6340  7.2408e-15
6350  7.30097e-15
6360  7.27286e-15
6370  7.26283e-15
6380  7.21084e-15
6390  7.23967e-15
6400  7.23261e-15
6410  7.3011e-15
6420  7.28316e-15
6430  7.19884e-15
6440  7.15086e-15
6450  7.06331e-15
6460  6.90526e-15
6470  6.81855e-15
6480  6.88871e-15
6490  6.77303e-15
6500  6.57694e-15
6510  6.36122e-15
6520  6.15438e-15
6530  6.04796e-15
6540  5.87606e-15
6550  5.73293e-15
6560  5.65798e-15
6570  5.55511e-15
6580  5.50721e-15
6590  5.4073e-15
6600  5.25556e-15
6610  5.1325e-15
6620  5.03862e-15
6630  4.98105e-15
6640  4.92594e-15
6650  4.7789e-15
6660  4.63484e-15
6670  4.6352e-15
6680  4.61791e-15
6690  4.60704e-15
6700  4.52309e-15
6710  4.39876e-15
6720  4.30685e-15
6730  4.27764e-15
6740  4.24525e-15
6750  4.15524e-15
6760  4.02447e-15
6770  3.8937e-15
6780  3.86106e-15
6790  3.77552e-15
6800  3.7573e-15
6810  3.71604e-15
6820  3.75853e-15
6830  3.77404e-15
6840  3.68893e-15
6850  3.67016e-15
6860  3.69843e-15
6870  3.73903e-15
6880  3.69146e-15
6890  3.6677e-15
6900  3.65704e-15
6910  3.65944e-15
6920  3.67584e-15
6930  3.59919e-15
6940  3.51753e-15
6950  3.41774e-15
6960  3.3481e-15
6970  3.3582e-15
6980  3.37782e-15
6990  3.41446e-15
7000  3.4017e-15
7010  3.30002e-15
7020  3.28737e-15
7030  3.33077e-15
7040  3.3906e-15
7050  3.36611e-15
7060  3.31033e-15
7070  3.25781e-15
7080  3.30264e-15
7090  3.33126e-15
7100  3.3314e-15
7110  3.25194e-15
7120  3.23332e-15
7130  3.33862e-15
7140  3.40938e-15
7150  3.29332e-15
7160  3.208e-15
7170  3.19834e-15
7180  3.17193e-15
7190  3.24325e-15
7200  3.15978e-15
7210  3.07906e-15
7220  3.12511e-15
7230  3.21582e-15
7240  3.27985e-15
7250  3.24666e-15
7260  3.131e-15
7270  3.12633e-15
7280  3.21796e-15
7290  3.27217e-15
7300  3.23182e-15
7310  3.12244e-15
7320  1.34432e-15
7330  1.36126e-15
7340  1.39484e-15
7350  1.34957e-15
7360  1.23459e-15
7370  1.14478e-15
7380  1.14417e-15
7390  1.17934e-15
7400  1.13879e-15
7410  9.89615e-16
7420  8.23313e-16
7430  7.27609e-16
7440  6.82225e-16
7450  6.38061e-16
7460  6.16677e-16
7470  6.3994e-16
7480  6.51645e-16
7490  6.13763e-16
7500  5.91559e-16
7510  6.32281e-16
7520  6.77599e-16
7530  6.88514e-16
7540  7.33976e-16
7550  8.57762e-16
7560  9.72624e-16
7570  9.99012e-16
7580  9.91458e-16
7590  1.04123e-15
7600  1.12232e-15
7610  1.15447e-15
7620  1.16388e-15
7630  1.23734e-15
7640  1.3512e-15
7650  1.37849e-15
7660  1.29117e-15
7670  1.20332e-15
7680  1.1912e-15
7690  1.20818e-15
7700  1.22961e-15
7710  1.33728e-15
7720  1.55573e-15
7730  1.72082e-15
7740  1.66455e-15
7750  1.45193e-15
7760  1.31578e-15
7770  1.36554e-15
7780  1.50835e-15
7790  1.61265e-15
7800  1.65048e-15
7810  1.64937e-15
7820  1.61472e-15
7830  1.54709e-15
7840  1.47813e-15
7850  1.42662e-15
7860  1.35928e-15
7870  1.27362e-15
7880  1.26096e-15
7890  1.38174e-15
7900  1.54756e-15
7910  1.62053e-15
7920  1.59706e-15
7930  1.56723e-15
7940  1.55621e-15
7950  1.509e-15
7960  1.41208e-15
7970  1.33436e-15
7980  1.33092e-15
7990  1.37631e-15
8000  1.39962e-15
8010  1.36686e-15
8020  1.30215e-15
8030  1.25304e-15
8040  1.23199e-15
8050  1.19697e-15
8060  1.10256e-15
8070  9.67705e-16
8080  8.55638e-16
8090  7.8745e-16
8100  7.35785e-16
8110  6.89399e-16
8120  6.48009e-16
8130  5.73264e-16
8140  4.46565e-16
8150  3.66352e-16
8160  4.42496e-16
8170  6.17e-16
8180  7.01339e-16
8190  6.26832e-16
8200  5.08781e-16
8210  4.58739e-16
8220  4.49691e-16
8230  4.21817e-16
8240  3.98966e-16
8250  4.10418e-16
8260  4.07643e-16
8270  3.56613e-16
8280  3.23849e-16
8290  3.93817e-16
8300  5.46653e-16
8310  6.84543e-16
8320  7.23733e-16
8330  6.61003e-16
8340  5.66217e-16
8350  5.33728e-16
8360  5.92425e-16
8370  6.80983e-16
8380  7.24059e-16
8390  7.29413e-16
8400  7.67937e-16
8410  8.72409e-16
8420  9.83294e-16
8430  1.01635e-15
8440  9.78686e-16
8450  9.75294e-16
8460  1.0931e-15
8470  1.28696e-15
8480  1.41686e-15
8490  1.38009e-15
8500  1.23572e-15
8510  1.16797e-15
8520  1.32651e-15
8530  1.62487e-15
8540  1.80235e-15
8550  1.70909e-15
8560  1.51586e-15
8570  1.46024e-15
8580  1.54864e-15
8590  1.60847e-15
8600  1.59316e-15
8610  1.60329e-15
8620  1.65043e-15
8630  1.604e-15
8640  1.42379e-15
8650  1.31799e-15
8660  1.50347e-15
8670  1.91054e-15
8680  2.21021e-15
8690  2.17742e-15
8700  1.8903e-15
8710  1.61166e-15
8720  1.48618e-15
8730  1.43706e-15
8740  1.33717e-15
8750  1.2173e-15
8760  1.19255e-15
8770  1.24565e-15
8780  1.26513e-15
8790  1.231e-15
8800  1.19127e-15
8810  1.11484e-15
8820  9.73367e-16
8830  8.76908e-16
8840  9.07784e-16
8850  9.0241e-16
8860  6.68587e-16
8870  3.55237e-16
8880  3.48063e-16
8890  7.17259e-16
8900  1.06628e-15
8910  1.01413e-15
8920  6.80484e-16
8930  4.78795e-16
8940  5.6377e-16
8950  7.05479e-16
8960  6.855e-16
8970  5.89794e-16
8980  6.10545e-16
8990  7.68292e-16
9000  9.12846e-16
9010  9.3415e-16
9020  8.3751e-16
9030  7.02868e-16
9040  6.23214e-16
9050  6.72628e-16
9060  8.28522e-16
9070  9.92087e-16
9080  1.08499e-15
9090  1.10557e-15
9100  1.05476e-15
9110  9.05134e-16
9120  6.92386e-16
9130  5.49282e-16
9140  5.92745e-16
9150  7.59966e-16
9160  8.87452e-16
9170  8.96896e-16
9180  8.43934e-16
9190  7.79971e-16
9200  7.09178e-16