#35.874633390732754
3415.46   1.67174e-16
3416.91   2.38863e-16
3418.35   3.11974e-16
3419.8    3.7947e-16
3421.24   4.34488e-16
3422.69   4.71292e-16
3424.13   4.86108e-16
3425.58   4.77708e-16
3427.02   4.4766e-16
3428.46   4.00175e-16
3429.91   3.41603e-16
3431.35   2.79624e-16
3432.8    2.22249e-16
3434.24   1.76796e-16
3435.69   1.48944e-16
3437.13   1.42027e-16
3438.58   1.56632e-16
3440.02   1.9056e-16
3441.47   2.39141e-16
3442.91   2.95868e-16
3444.36   3.53235e-16
3445.8    4.03689e-16
3447.25   4.40564e-16
3448.69   4.58869e-16
3450.14   4.55856e-16
3451.58   4.31279e-16
3453.03   3.87349e-16
3454.47   3.28394e-16
3455.92   2.60284e-16
3457.36   1.8971e-16
3458.81   1.23407e-16
3460.25   6.74195e-17
3461.7    2.64927e-17
3463.14   3.63811e-18
3464.59  -8.61665e-20
3466.03   1.44208e-17
3467.47   4.4499e-17
3468.92   8.60896e-17
3470.36   1.34216e-16
3471.81   1.8353e-16
3473.25   2.28868e-16
3474.7    2.65755e-16
3476.14   2.90825e-16
3477.59   3.02097e-16
3479.03   2.99105e-16
3480.48   2.82868e-16
3481.92   2.55719e-16
3483.37   2.21016e-16
3484.81   1.82784e-16
3486.26   1.45316e-16
3487.7    1.1278e-16
3489.15   8.88547e-17
3490.59   7.64203e-17
3492.04   7.73166e-17
3493.48   9.21829e-17
3494.93   1.2039e-16
3496.37   1.60073e-16
3497.82   2.08277e-16
3499.26   2.61207e-16
3500.71   3.14581e-16
3502.15   3.64051e-16
3503.6    4.05662e-16
3505.04   4.36281e-16
3506.48   4.53959e-16
3507.93   4.5814e-16
3509.37   4.49694e-16
3510.82   4.3075e-16
3512.26   4.04322e-16
3513.71   3.73802e-16
3515.15   3.42385e-16
3516.6    3.12532e-16
3518.04   2.85596e-16
3519.49   2.61691e-16
3520.93   2.39869e-16
3522.38   2.18581e-16
3523.82   1.9636e-16
3525.27   1.72586e-16
3526.71   1.48153e-16
3528.16   1.25862e-16
3529.6    1.10407e-16
3531.05   1.07864e-16
3532.49   1.24731e-16
3533.94   1.66633e-16
3535.38   2.36937e-16
3536.83   3.35533e-16
3538.27   4.58077e-16
3539.72   5.95913e-16
3541.16   7.36774e-16
3542.61   8.66232e-16
3544.05   9.69691e-16
3545.49   1.03461e-15
3546.94   1.05256e-15
3548.38   1.02071e-15
3549.83   9.42463e-16
3551.27   8.27092e-16
3552.72   6.88382e-16
3554.16   5.42543e-16
3555.61   4.05735e-16
3557.05   2.91661e-16
3558.5    2.09653e-16
3559.94   1.63562e-16
3561.39   1.51643e-16
3562.83   1.67373e-16
3564.28   2.01035e-16
3565.72   2.41693e-16
3567.17   2.79206e-16
3568.61   3.05875e-16
3570.06   3.17472e-16
3571.5    3.13505e-16
3572.95   2.96767e-16
3574.39   2.7231e-16
3575.84   2.46139e-16
3577.28   2.23904e-16
3578.73   2.09856e-16
3580.17   2.0625e-16
3581.62   2.13239e-16
3583.06   2.29229e-16
3584.5    2.51518e-16
3585.95   2.77056e-16
3587.39   3.03113e-16
3588.84   3.27723e-16
3590.28   3.49835e-16
3591.73   3.69182e-16
3593.17   3.85961e-16
3594.62   4.00431e-16
3596.06   4.12577e-16
3597.51   4.21913e-16
3598.95   4.27484e-16
3600.4    4.28046e-16
3601.84   4.22358e-16
3603.29   4.09512e-16
3604.73   3.89199e-16
3606.18   3.61852e-16
3607.62   3.28651e-16
3609.07   2.91389e-16
3610.51   2.52254e-16
3611.96   2.13592e-16
3613.4    1.77692e-16
3614.85   1.46641e-16
3616.29   1.22253e-16
3617.74   1.06045e-16
3619.18   9.92326e-17
3620.63   1.02712e-16
3622.07   1.1699e-16
3623.51   1.42077e-16
3624.96   1.77353e-16
3626.4    2.21466e-16
3627.85   2.72297e-16
3629.29   3.27026e-16
3630.74   3.82341e-16
3632.18   4.3474e-16
3633.63   4.80903e-16
3635.07   5.18069e-16
3636.52   5.44342e-16
3637.96   5.58865e-16
3639.41   5.61851e-16
3640.85   5.54452e-16
3642.3    5.38514e-16
3643.74   5.16281e-16
3645.19   4.90094e-16
3646.63   4.62164e-16
3648.08   4.34441e-16
3649.52   4.08582e-16
3650.97   3.86004e-16
3652.41   3.6797e-16
3653.86   3.55658e-16
3655.3    3.50178e-16
3656.75   3.52509e-16
3658.19   3.63363e-16
3659.64   3.82996e-16
3661.08   4.11024e-16
3662.52   4.46287e-16
3663.97   4.86799e-16
3665.41   5.29834e-16
3666.86   5.7212e-16
3668.3    6.10159e-16
3669.75   6.40597e-16
3671.19   6.60619e-16
3672.64   6.68296e-16
3674.08   6.62837e-16
3675.53   6.44713e-16
3676.97   6.15628e-16
3678.42   5.78343e-16
3679.86   5.36381e-16
3681.31   4.93644e-16
3682.75   4.54005e-16
3684.2    4.20909e-16
3685.64   3.97041e-16
3687.09   3.84088e-16
3688.53   3.82613e-16
3689.98   3.92048e-16
3691.42   4.108e-16
3692.87   4.36444e-16
3694.31   4.65997e-16
3695.76   4.96226e-16
3697.2    5.23981e-16
3698.65   5.46505e-16
3700.09   5.61703e-16
3701.53   5.68331e-16
3702.98   5.66093e-16
3704.42   5.5562e-16
3705.87   5.3835e-16
3707.31   5.16306e-16
3708.76   4.91813e-16
3710.2    4.67192e-16
3711.65   4.44469e-16
3713.09   4.25149e-16
3714.54   4.10078e-16
3715.98   3.99408e-16
3717.43   3.92675e-16
3718.87   3.88948e-16
3720.32   3.87039e-16
3721.76   3.85729e-16
3723.21   3.83956e-16
3724.65   3.80967e-16
3726.1    3.76378e-16
3727.54   3.70171e-16
3728.99   3.62619e-16
3730.43   3.54165e-16
3731.88   3.45284e-16
3733.32   3.36356e-16
3734.77   3.27579e-16
3736.21   3.18927e-16
3737.66   3.10177e-16
3739.1    3.00979e-16
3740.54   2.90975e-16
3741.99   2.79922e-16
3743.43   2.67813e-16
3744.88   2.54961e-16
3746.32   2.42026e-16
3747.77   2.2999e-16
3749.21   2.20058e-16
3750.66   2.13518e-16
3752.1    2.11563e-16
3753.55   2.151e-16
3754.99   2.24577e-16
3756.44   2.39855e-16
3757.88   2.60132e-16
3759.33   2.83958e-16
3760.77   3.09321e-16
3762.22   3.33828e-16
3763.66   3.5495e-16
3765.11   3.70306e-16
3766.55   3.77961e-16
3768      3.76691e-16
3769.44   3.66176e-16
3770.89   3.47092e-16
3772.33   3.21074e-16
3773.78   2.90554e-16
3775.22   2.58484e-16
3776.67   2.27982e-16
3778.11   2.01946e-16
3779.55   1.82698e-16
3781      1.71703e-16
3782.44   1.69409e-16
3783.89   1.7523e-16
3785.33   1.87673e-16
3786.78   2.04579e-16
3788.22   2.23447e-16
3789.67   2.41775e-16
3791.11   2.57385e-16
3792.56   2.68657e-16
3794      2.74676e-16
3795.45   2.75256e-16
3796.89   2.70855e-16
3798.34   2.62417e-16
3799.78   2.51155e-16
3801.23   2.3834e-16
3802.67   2.25108e-16
3804.12   2.12327e-16
3805.56   2.00535e-16
3807.01   1.89956e-16
3808.45   1.80576e-16
3809.9    1.72261e-16
3811.34   1.64899e-16
3812.79   1.58514e-16
3814.23   1.53353e-16
3815.68   1.49899e-16
3817.12   1.48822e-16
3818.56   1.50859e-16
3820.01   1.56647e-16
3821.45   1.66539e-16
3822.9    1.80441e-16
3824.34   1.97715e-16
3825.79   2.17173e-16
3827.23   2.37188e-16
3828.68   2.55907e-16
3830.12   2.71538e-16
3831.57   2.82672e-16
3833.01   2.88561e-16
3834.46   2.89302e-16
3835.9    2.85884e-16
3837.35   2.80068e-16
3838.79   2.74116e-16
3840.24   2.70419e-16
3841.68   2.71077e-16
3843.13   2.77514e-16
3844.57   2.902e-16
3846.02   3.08536e-16
3847.46   3.30915e-16
3848.91   3.5496e-16
3850.35   3.77897e-16
3851.8    3.96987e-16
3853.24   4.09964e-16
3854.69   4.15385e-16
3856.13   4.12851e-16
3857.57   4.03055e-16
3859.02   3.87669e-16
3860.46   3.6907e-16
3861.91   3.49986e-16
3863.35   3.33095e-16
3864.8    3.20656e-16
3866.24   3.1423e-16
3867.69   3.14515e-16
3869.13   3.21331e-16
3870.58   3.33724e-16
3872.02   3.50174e-16
3873.47   3.68857e-16
3874.91   3.87916e-16
3876.36   4.05688e-16
3877.8    4.2088e-16
3879.25   4.3265e-16
3880.69   4.40628e-16
3882.14   4.44868e-16
3883.58   4.45773e-16
3885.03   4.44001e-16
3886.47   4.40379e-16
3887.92   4.3582e-16
3889.36   4.31257e-16
3890.81   4.27582e-16
3892.25   4.25579e-16
3893.7    4.25858e-16
3895.14   4.28787e-16
3896.58   4.34432e-16
3898.03   4.42521e-16
3899.47   4.52449e-16
3900.92   4.63325e-16
3902.36   4.74081e-16
3903.81   4.83613e-16
3905.25   4.90953e-16
3906.7    4.95429e-16
3908.14   4.96793e-16
3909.59   4.9528e-16
3911.03   4.91584e-16
3912.48   4.8676e-16
3913.92   4.82043e-16
3915.37   4.78638e-16
3916.81   4.7751e-16
3918.26   4.79208e-16
3919.7    4.83768e-16
3921.15   4.90713e-16
3922.59   4.99145e-16
3924.04   5.07917e-16
3925.48   5.15852e-16
3926.93   5.21967e-16
3928.37   5.25658e-16
3929.82   5.26804e-16
3931.26   5.25785e-16
3932.71   5.23396e-16
3934.15   5.20672e-16
3935.59   5.18684e-16
3937.04   5.1831e-16
3938.48   5.20054e-16
3939.93   5.23936e-16
3941.37   5.29476e-16
3942.82   5.35769e-16
3944.26   5.41647e-16
3945.71   5.4589e-16
3947.15   5.47441e-16
3948.6    5.45599e-16
3950.04   5.40149e-16
3951.49   5.31408e-16
3952.93   5.20178e-16
3954.38   5.07632e-16
3955.82   4.95125e-16
3957.27   4.83994e-16
3958.71   4.75356e-16
3960.16   4.69946e-16
3961.6    4.68019e-16
3963.05   4.69327e-16
3964.49   4.73173e-16
3965.94   4.78529e-16
3967.38   4.842e-16
3968.83   4.88998e-16
3970.27   4.91912e-16
3971.72   4.92226e-16
3973.16   4.89589e-16
3974.6    4.84016e-16
3976.05   4.7584e-16
3977.49   4.65614e-16
3978.94   4.54008e-16
3980.38   4.4171e-16
3981.83   4.29363e-16
3983.27   4.17536e-16
3984.72   4.06731e-16
3986.16   3.97417e-16
3987.61   3.90055e-16
3989.05   3.85116e-16
3990.5    3.83046e-16
3991.94   3.84203e-16
3993.39   3.88757e-16
3994.83   3.96588e-16
3996.28   4.072e-16
3997.72   4.19692e-16
3999.17   4.32798e-16
4000.61   4.45001e-16
4002.06   4.5472e-16
4003.5    4.60536e-16
4004.95   4.6141e-16
4006.39   4.56872e-16
4007.84   4.47126e-16
4009.28   4.33057e-16
4010.73   4.16129e-16
4012.17   3.98199e-16
4013.61   3.81258e-16
4015.06   3.67158e-16
4016.5    3.57352e-16
4017.95   3.52698e-16
4019.39   3.53348e-16
4020.84   3.58734e-16
4022.28   3.6766e-16
4023.73   3.78469e-16
4025.17   3.8927e-16
4026.62   3.98191e-16
4028.06   4.03616e-16
4029.51   4.04394e-16
4030.95   3.9998e-16
4032.4    3.905e-16
4033.84   3.76738e-16
4035.29   3.60038e-16
4036.73   3.42144e-16
4038.18   3.24977e-16
4039.62   3.10401e-16
4041.07   2.99976e-16
4042.51   2.94753e-16
4043.96   2.95123e-16
4045.4    3.00749e-16
4046.85   3.106e-16
4048.29   3.23075e-16
4049.74   3.36216e-16
4051.18   3.47974e-16
4052.62   3.56499e-16
4054.07   3.60406e-16
4055.51   3.58985e-16
4056.96   3.52303e-16
4058.4    3.4121e-16
4059.85   3.27213e-16
4061.29   3.12257e-16
4062.74   2.9844e-16
4064.18   2.87696e-16
4065.63   2.81508e-16
4067.07   2.80686e-16
4068.52   2.85258e-16
4069.96   2.94467e-16
4071.41   3.06913e-16
4072.85   3.20776e-16
4074.3    3.34116e-16
4075.74   3.45185e-16
4077.19   3.52704e-16
4078.63   3.5606e-16
4080.08   3.55387e-16
4081.52   3.51531e-16
4082.97   3.45883e-16
4084.41   3.40131e-16
4085.86   3.35959e-16
4087.3    3.34749e-16
4088.74   3.37335e-16
4090.19   3.43849e-16
4091.63   3.53689e-16
4093.08   3.65606e-16
4094.52   3.77902e-16
4095.97   3.88697e-16
4097.41   3.96227e-16
4098.86   3.99126e-16
4100.3    3.96632e-16
4101.75   3.88703e-16
4103.19   3.76019e-16
4104.64   3.59866e-16
4106.08   3.41943e-16
4107.53   3.24109e-16
4108.97   3.08116e-16
4110.42   2.95378e-16
4111.86   2.868e-16
4113.31   2.82692e-16
4114.75   2.82774e-16
4116.2    2.86274e-16
4117.64   2.92081e-16
4119.09   2.98942e-16
4120.53   3.05658e-16
4121.98   3.11256e-16
4123.42   3.15104e-16
4124.87   3.16962e-16
4126.31   3.16958e-16
4127.75   3.15506e-16
4129.2    3.13175e-16
4130.64   3.10552e-16
4132.09   3.0811e-16
4133.53   3.06125e-16
4134.98   3.04645e-16
4136.42   3.03523e-16
4137.87   3.02505e-16
4139.31   3.01354e-16
4140.76   2.99961e-16
4142.2    2.98444e-16
4143.65   2.97179e-16
4145.09   2.96757e-16
4146.54   2.97879e-16
4147.98   3.01197e-16
4149.43   3.07133e-16
4150.87   3.15728e-16
4152.32   3.26552e-16
4153.76   3.38698e-16
4155.21   3.50889e-16
4156.65   3.61664e-16
4158.1    3.69632e-16
4159.54   3.73731e-16
4160.99   3.73454e-16
4162.43   3.68986e-16
4163.88   3.61222e-16
4165.32   3.51657e-16
4166.76   3.42157e-16
4168.21   3.34662e-16
4169.65   3.30852e-16
4171.1    3.3186e-16
4172.54   3.38064e-16
4173.99   3.49013e-16
4175.43   3.63488e-16
4176.88   3.79693e-16
4178.32   3.95547e-16
4179.77   4.0901e-16
4181.21   4.18402e-16
4182.66   4.22649e-16
4184.1    4.21428e-16
4185.55   4.15176e-16
4186.99   4.04993e-16
4188.44   3.92435e-16
4189.88   3.79262e-16
4191.33   3.67174e-16
4192.77   3.57576e-16
4194.22   3.51417e-16
4195.66   3.49108e-16
4197.11   3.50528e-16
4198.55   3.55101e-16
4200      3.61924e-16
4201.44   3.69912e-16
4202.89   3.77951e-16
4204.33   3.85022e-16
4205.77   3.90294e-16
4207.22   3.93186e-16
4208.66   3.934e-16
4210.11   3.90923e-16
4211.55   3.86021e-16
4213      3.79208e-16
4214.44   3.71212e-16
4215.89   3.62916e-16
4217.33   3.55282e-16
4218.78   3.49265e-16
4220.22   3.45705e-16
4221.67   3.45214e-16
4223.11   3.48084e-16
4224.56   3.54206e-16
4226      3.6305e-16
4227.45   3.73687e-16
4228.89   3.84884e-16
4230.34   3.95239e-16
4231.78   4.03371e-16
4233.23   4.08109e-16
4234.67   4.08674e-16
4236.12   4.04814e-16
4237.56   3.96863e-16
4239.01   3.85728e-16
4240.45   3.72777e-16
4241.9    3.59671e-16
4243.34   3.4814e-16
4244.78   3.39757e-16
4246.23   3.35724e-16
4247.67   3.36728e-16
4249.12   3.42862e-16
4250.56   3.53632e-16
4252.01   3.68048e-16
4253.45   3.84768e-16
4254.9    4.02279e-16
4256.34   4.19078e-16
4257.79   4.33835e-16
4259.23   4.45514e-16
4260.68   4.53446e-16
4262.12   4.57352e-16
4263.57   4.5733e-16
4265.01   4.53801e-16
4266.46   4.47454e-16
4267.9    4.39173e-16
4269.35   4.2996e-16
4270.79   4.20865e-16
4272.24   4.12913e-16
4273.68   4.0703e-16
4275.13   4.03965e-16
4276.57   4.04227e-16
4278.02   4.08024e-16
4279.46   4.1523e-16
4280.91   4.25376e-16
4282.35   4.37689e-16
4283.79   4.51157e-16
4285.24   4.64638e-16
4286.68   4.76984e-16
4288.13   4.87181e-16
4289.57   4.94467e-16
4291.02   4.98424e-16
4292.46   4.9903e-16
4293.91   4.96647e-16
4295.35   4.9197e-16
4296.8    4.85919e-16
4298.24   4.7951e-16
4299.69   4.73713e-16
4301.13   4.69314e-16
4302.58   4.66816e-16
4304.02   4.66378e-16
4305.47   4.67803e-16
4306.91   4.70581e-16
4308.36   4.73976e-16
4309.8    4.77134e-16
4311.25   4.79215e-16
4312.69   4.79508e-16
4314.14   4.77525e-16
4315.58   4.73053e-16
4317.03   4.66176e-16
4318.47   4.57241e-16
4319.92   4.468e-16
4321.36   4.35533e-16
4322.8    4.24154e-16
4324.25   4.13337e-16
4325.69   4.03643e-16
4327.14   3.95482e-16
4328.58   3.89084e-16
4330.03   3.84499e-16
4331.47   3.81603e-16
4332.92   3.80124e-16
4334.36   3.79664e-16
4335.81   3.7974e-16
4337.25   3.79822e-16
4338.7    3.79383e-16
4340.14   3.77957e-16
4341.59   3.75196e-16
4343.03   3.70927e-16
4344.48   3.65196e-16
4345.92   3.58284e-16
4347.37   3.50695e-16
4348.81   3.431e-16
4350.26   3.36248e-16
4351.7    3.30854e-16
4353.15   3.27473e-16
4354.59   3.26389e-16
4356.04   3.27541e-16
4357.48   3.30496e-16
4358.93   3.34488e-16
4360.37   3.38511e-16
4361.81   3.41464e-16
4363.26   3.4231e-16
4364.7    3.4024e-16
4366.15   3.34801e-16
4367.59   3.25973e-16
4369.04   3.1418e-16
4370.48   3.00231e-16
4371.93   2.85214e-16
4373.37   2.70334e-16
4374.82   2.5676e-16
4376.26   2.45457e-16
4377.71   2.37079e-16
4379.15   2.31888e-16
4380.6    2.29744e-16
4382.04   2.30154e-16
4383.49   2.32354e-16
4384.93   2.3544e-16
4386.38   2.38498e-16
4387.82   2.40737e-16
4389.27   2.41586e-16
4390.71   2.40758e-16
4392.16   2.38271e-16
4393.6    2.34415e-16
4395.05   2.29691e-16
4396.49   2.24723e-16
4397.94   2.20159e-16
4399.38   2.16585e-16
4400.82   2.14446e-16
4402.27   2.14009e-16
4403.71   2.15336e-16
4405.16   2.18293e-16
4406.6    2.22581e-16
4408.05   2.27765e-16
4409.49   2.33331e-16
4410.94   2.38728e-16
4412.38   2.43419e-16
4413.83   2.46931e-16
4415.27   2.48901e-16
4416.72   2.49121e-16
4418.16   2.47571e-16
4419.61   2.44453e-16
4421.05   2.40187e-16
4422.5    2.35401e-16
4423.94   2.30877e-16
4425.39   2.27472e-16
4426.83   2.26013e-16
4428.28   2.27174e-16
4429.72   2.31358e-16
4431.17   2.38597e-16
4432.61   2.48496e-16
4434.06   2.60234e-16
4435.5    2.72637e-16
4436.95   2.84307e-16
4438.39   2.93801e-16
4439.83   2.99845e-16
4441.28   3.01528e-16
4442.72   2.9846e-16
4444.17   2.90869e-16
4445.61   2.79596e-16
4447.06   2.66011e-16
4448.5    2.51839e-16
4449.95   2.38923e-16
4451.39   2.28971e-16
4452.84   2.23311e-16
4454.28   2.22695e-16
4455.73   2.27191e-16
4457.17   2.36172e-16
4458.62   2.48415e-16
4460.06   2.62289e-16
4461.51   2.76001e-16
4462.95   2.87881e-16
4464.4    2.96637e-16
4465.84   3.01555e-16
4467.29   3.02608e-16
4468.73   3.00451e-16
4470.18   2.96309e-16
4471.62   2.91773e-16
4473.07   2.88537e-16
4474.51   2.88116e-16
4475.96   2.91595e-16
4477.4    2.99451e-16
4478.84   3.11466e-16
4480.29   3.26762e-16
4481.73   3.43931e-16
4483.18   3.61252e-16
4484.62   3.76965e-16
4486.07   3.89531e-16
4487.51   3.97875e-16
4488.96   4.01538e-16
4490.4    4.0074e-16
4491.85   3.96339e-16
4493.29   3.8969e-16
4494.74   3.82434e-16
4496.18   3.76254e-16
4497.63   3.72628e-16
4499.07   3.72628e-16
4500.52   3.76785e-16
4501.96   3.85038e-16
4503.41   3.96782e-16
4504.85   4.10984e-16
4506.3    4.26366e-16
4507.74   4.4161e-16
4509.19   4.55567e-16
4510.63   4.67424e-16
4512.08   4.7681e-16
4513.52   4.83837e-16
4514.97   4.89047e-16
4516.41   4.93297e-16
4517.85   4.97592e-16
4519.3    5.02888e-16
4520.74   5.09918e-16
4522.19   5.1905e-16
4523.63   5.3022e-16
4525.08   5.42952e-16
4526.52   5.56449e-16
4527.97   5.69755e-16
4529.41   5.81944e-16
4530.86   5.92308e-16
4532.3    6.00495e-16
4533.75   6.06573e-16
4535.19   6.11008e-16
4536.64   6.14554e-16
4538.08   6.18083e-16
4539.53   6.22379e-16
4540.97   6.27967e-16
4542.42   6.34981e-16
4543.86   6.43136e-16
4545.31   6.51786e-16
4546.75   6.60075e-16
4548.2    6.67139e-16
4549.64   6.72326e-16
4551.09   6.75375e-16
4552.53   6.76517e-16
4553.98   6.7648e-16
4555.42   6.76377e-16
4556.86   6.77514e-16
4558.31   6.81146e-16
4559.75   6.88222e-16
4561.2    6.99184e-16
4562.64   7.13853e-16
4564.09   7.31426e-16
4565.53   7.50589e-16
4566.98   7.69724e-16
4568.42   7.87181e-16
4569.87   8.01549e-16
4571.31   8.11899e-16
4572.76   8.17936e-16
4574.2    8.20047e-16
4575.65   8.19235e-16
4577.09   8.16946e-16
4578.54   8.14835e-16
4579.98   8.14495e-16
4581.43   8.1721e-16
4582.87   8.23765e-16
4584.32   8.34342e-16
4585.76   8.48519e-16
4587.21   8.65359e-16
4588.65   8.83583e-16
4590.1    9.01776e-16
4591.54   9.18607e-16
4592.99   9.33015e-16
4594.43   9.44331e-16
4595.87   9.5233e-16
4597.32   9.57198e-16
4598.76   9.59433e-16
4600.21   9.59702e-16
4601.65   9.58686e-16
4603.1    9.56941e-16
4604.54   9.54807e-16
4605.99   9.52376e-16
4607.43   9.49528e-16
4608.88   9.46012e-16
4610.32   9.41567e-16
4611.77   9.36035e-16
4613.21   9.29452e-16
4614.66   9.22086e-16
4616.1    9.14413e-16
4617.55   9.07035e-16
4618.99   9.00554e-16
4620.44   8.95433e-16
4621.88   8.9187e-16
4623.33   8.89716e-16
4624.77   8.88458e-16
4626.22   8.87271e-16
4627.66   8.85143e-16
4629.11   8.81035e-16
4630.55   8.7406e-16
4632      8.63644e-16
4633.44   8.49633e-16
4634.88   8.32336e-16
4636.33   8.12487e-16
4637.77   7.9114e-16
4639.22   7.69508e-16
4640.66   7.48789e-16
4642.11   7.29994e-16
4643.55   7.13818e-16
4645      7.00566e-16
4646.44   6.90141e-16
4647.89   6.82099e-16
4649.33   6.75744e-16
4650.78   6.70251e-16
4652.22   6.64792e-16
4653.67   6.58653e-16
4655.11   6.51312e-16
4656.56   6.42486e-16
4658      6.32144e-16
4659.45   6.20479e-16
4660.89   6.07859e-16
4662.34   5.94756e-16
4663.78   5.81677e-16
4665.23   5.6908e-16
4666.67   5.5732e-16
4668.12   5.46598e-16
4669.56   5.3694e-16
4671.01   5.28209e-16
4672.45   5.20139e-16
4673.89   5.12389e-16
4675.34   5.04619e-16
4676.78   4.96561e-16
4678.23   4.88079e-16
4679.67   4.79205e-16
4681.12   4.70143e-16
4682.56   4.61242e-16
4684.01   4.52929e-16
4685.45   4.45637e-16
4686.9    4.3972e-16
4688.34   4.35384e-16
4689.79   4.32646e-16
4691.23   4.31323e-16
4692.68   4.31062e-16
4694.12   4.31398e-16
4695.57   4.31833e-16
4697.01   4.31915e-16
4698.46   4.313e-16
4699.9    4.29796e-16
4701.35   4.2737e-16
4702.79   4.2412e-16
4704.24   4.20232e-16
4705.68   4.15917e-16
4707.13   4.11362e-16
4708.57   4.06686e-16
4710.02   4.01924e-16
4711.46   3.97044e-16
4712.9    3.91972e-16
4714.35   3.86638e-16
4715.79   3.81021e-16
4717.24   3.75187e-16
4718.68   3.69298e-16
4720.13   3.63611e-16
4721.57   3.58443e-16
4723.02   3.54128e-16
4724.46   3.50956e-16
4725.91   3.49117e-16
4727.35   3.48652e-16
4728.8    3.49428e-16
4730.24   3.5113e-16
4731.69   3.53287e-16
4733.13   3.55324e-16
4734.58   3.56635e-16
4736.02   3.56676e-16
4737.47   3.55049e-16
4738.91   3.51586e-16
4740.36   3.464e-16
4741.8    3.39902e-16
4743.25   3.32768e-16
4744.69   3.25866e-16
4746.14   3.20144e-16
4747.58   3.16495e-16
4749.02   3.1562e-16
4750.47   3.17916e-16
4751.91   3.23403e-16
4753.36   3.3171e-16
4754.8    3.42119e-16
4756.25   3.53672e-16
4757.69   3.65309e-16
4759.14   3.76024e-16
4760.58   3.85006e-16
4762.03   3.91749e-16
4763.47   3.961e-16
4764.92   3.98255e-16
4766.36   3.98693e-16
4767.81   3.98069e-16
4769.25   3.97096e-16
4770.7    3.96421e-16
4772.14   3.96537e-16
4773.59   3.97724e-16
4775.03   4.00047e-16
4776.48   4.03383e-16
4777.92   4.07475e-16
4779.37   4.12004e-16
4780.81   4.16649e-16
4782.26   4.21132e-16
4783.7    4.25238e-16
4785.15   4.28813e-16
4786.59   4.31749e-16
4788.03   4.33961e-16
4789.48   4.35367e-16
4790.92   4.35882e-16
4792.37   4.35431e-16
4793.81   4.33967e-16
4795.26   4.31498e-16
4796.7    4.28121e-16
4798.15   4.24029e-16
4799.59   4.19514e-16
4801.04   4.14942e-16
4802.48   4.10714e-16
4803.93   4.0721e-16
4805.37   4.04738e-16
4806.82   4.0349e-16
4808.26   4.0351e-16
4809.71   4.04701e-16
4811.15   4.06841e-16
4812.6    4.09637e-16
4814.04   4.12776e-16
4815.49   4.1599e-16
4816.93   4.19101e-16
4818.38   4.22043e-16
4819.82   4.24863e-16
4821.27   4.27692e-16
4822.71   4.3069e-16
4824.16   4.33995e-16
4825.6    4.37666e-16
4827.04   4.4165e-16
4828.49   4.45772e-16
4829.93   4.49751e-16
4831.38   4.53245e-16
4832.82   4.55909e-16
4834.27   4.57454e-16
4835.71   4.57696e-16
4837.16   4.56592e-16
4838.6    4.54246e-16
4840.05   4.50887e-16
4841.49   4.4684e-16
4842.94   4.42473e-16
4844.38   4.38152e-16
4845.83   4.34204e-16
4847.27   4.30888e-16
4848.72   4.28391e-16
4850.16   4.26836e-16
4851.61   4.26298e-16
4853.05   4.26832e-16
4854.5    4.28494e-16
4855.94   4.31357e-16
4857.39   4.35508e-16
4858.83   4.41043e-16
4860.28   4.48032e-16
4861.72   4.56489e-16
4863.17   4.66335e-16
4864.61   4.77365e-16
4866.05   4.89236e-16
4867.5    5.01477e-16
4868.94   5.13519e-16
4870.39   5.24756e-16
4871.83   5.34623e-16
4873.28   5.42674e-16
4874.72   5.48659e-16
4876.17   5.52577e-16
4877.61   5.5469e-16
4879.06   5.55504e-16
4880.5    5.55701e-16
4881.95   5.56048e-16
4883.39   5.57282e-16
4884.84   5.59997e-16
4886.28   5.64553e-16
4887.73   5.71017e-16
4889.17   5.79161e-16
4890.62   5.88498e-16
4892.06   5.98366e-16
4893.51   6.0804e-16
4894.95   6.1685e-16
4896.4    6.2429e-16
4897.84   6.30092e-16
4899.29   6.34263e-16
4900.73   6.37073e-16
4902.18   6.39006e-16
4903.62   6.40678e-16
4905.06   6.42741e-16
4906.51   6.45797e-16
4907.95   6.50316e-16
4909.4    6.56595e-16
4910.84   6.64734e-16
4912.29   6.74644e-16
4913.73   6.86081e-16
4915.18   6.98689e-16
4916.62   7.12039e-16
4918.07   7.25675e-16
4919.51   7.39138e-16
4920.96   7.51989e-16
4922.4    7.63815e-16
4923.85   7.74236e-16
4925.29   7.82906e-16
4926.74   7.89531e-16
4928.18   7.93884e-16
4929.63   7.9583e-16
4931.07   7.95352e-16
4932.52   7.92569e-16
4933.96   7.87745e-16
4935.41   7.81273e-16
4936.85   7.73642e-16
4938.3    7.65382e-16
4939.74   7.57002e-16
4941.19   7.48921e-16
4942.63   7.4141e-16
4944.07   7.34558e-16
4945.52   7.28267e-16
4946.96   7.22276e-16
4948.41   7.16214e-16
4949.85   7.09679e-16
4951.3    7.02319e-16
4952.74   6.93902e-16
4954.19   6.84375e-16
4955.63   6.73878e-16
4957.08   6.6273e-16
4958.52   6.5138e-16
4959.97   6.40327e-16
4961.41   6.30039e-16
4962.86   6.20868e-16
4964.3    6.12988e-16
4965.75   6.06371e-16
4967.19   6.00789e-16
4968.64   5.95857e-16
4970.08   5.91104e-16
4971.53   5.86057e-16
4972.97   5.80325e-16
4974.42   5.73669e-16
4975.86   5.66053e-16
4977.31   5.57653e-16
4978.75   5.48845e-16
4980.2    5.40146e-16
4981.64   5.32145e-16
4983.08   5.25412e-16
4984.53   5.20403e-16
4985.97   5.17385e-16
4987.42   5.16379e-16
4988.86   5.17136e-16
4990.31   5.19155e-16
4991.75   5.21736e-16
4993.2    5.24066e-16
4994.64   5.25323e-16
4996.09   5.2479e-16
4997.53   5.21955e-16
4998.98   5.16583e-16
5000.42   5.08756e-16
5001.87   4.98861e-16
5003.31   4.87539e-16
5004.76   4.75596e-16
5006.2    4.63886e-16
5007.65   4.53197e-16
5009.09   4.44135e-16
5010.54   4.37057e-16
5011.98   4.32024e-16
5013.43   4.2882e-16
5014.87   4.27007e-16
5016.32   4.26019e-16
5017.76   4.2527e-16
5019.21   4.24266e-16
5020.65   4.22691e-16
5022.09   4.20461e-16
5023.54   4.17721e-16
5024.98   4.14805e-16
5026.43   4.12149e-16
5027.87   4.10191e-16
5029.32   4.0926e-16
5030.76   4.09496e-16
5032.21   4.10805e-16
5033.65   4.12866e-16
5035.1    4.15185e-16
5036.54   4.17188e-16
5037.99   4.18344e-16
5039.43   4.1827e-16
5040.88   4.16821e-16
5042.32   4.14129e-16
5043.77   4.10587e-16
5045.21   4.06777e-16
5046.66   4.03361e-16
5048.1    4.00945e-16
5049.55   3.9995e-16
5050.99   4.00515e-16
5052.44   4.02453e-16
5053.88   4.05265e-16
5055.33   4.0822e-16
5056.77   4.10481e-16
5058.22   4.11262e-16
5059.66   4.09976e-16
5061.1    4.06358e-16
5062.55   4.0053e-16
5063.99   3.93001e-16
5065.44   3.84596e-16
5066.88   3.76332e-16
5068.33   3.69254e-16
5069.77   3.6427e-16
5071.22   3.62005e-16
5072.66   3.62707e-16
5074.11   3.66214e-16
5075.55   3.71986e-16
5077      3.79206e-16
5078.44   3.86913e-16
5079.89   3.94153e-16
5081.33   4.00128e-16
5082.78   4.04304e-16
5084.22   4.06473e-16
5085.67   4.0676e-16
5087.11   4.05576e-16
5088.56   4.03524e-16
5090      4.01283e-16
5091.45   3.9949e-16
5092.89   3.98626e-16
5094.34   3.98946e-16
5095.78   4.00442e-16
5097.23   4.02851e-16
5098.67   4.05709e-16
5100.11   4.08435e-16
5101.56   4.10426e-16
5103      4.11162e-16
5104.45   4.10293e-16
5105.89   4.07698e-16
5107.34   4.03514e-16
5108.78   3.98122e-16
5110.23   3.92101e-16
5111.67   3.86154e-16
5113.12   3.81013e-16
5114.56   3.77342e-16
5116.01   3.75652e-16
5117.45   3.76227e-16
5118.9    3.79091e-16
5120.34   3.84012e-16
5121.79   3.90531e-16
5123.23   3.98034e-16
5124.68   4.05838e-16
5126.12   4.1329e-16
5127.57   4.19847e-16
5129.01   4.25148e-16
5130.46   4.29048e-16
5131.9    4.31613e-16
5133.35   4.33091e-16
5134.79   4.33843e-16
5136.24   4.34268e-16
5137.68   4.34728e-16
5139.12   4.35479e-16
5140.57   4.36636e-16
5142.01   4.38165e-16
5143.46   4.39915e-16
5144.9    4.41666e-16
5146.35   4.43206e-16
5147.79   4.44402e-16
5149.24   4.45256e-16
5150.68   4.45939e-16
5152.13   4.4678e-16
5153.57   4.48225e-16
5155.02   4.50761e-16
5156.46   4.54821e-16
5157.91   4.6069e-16
5159.35   4.6843e-16
5160.8    4.77837e-16
5162.24   4.8845e-16
5163.69   4.99598e-16
5165.13   5.10494e-16
5166.58   5.20353e-16
5168.02   5.28507e-16
5169.47   5.34512e-16
5170.91   5.38218e-16
5172.36   5.39785e-16
5173.8    5.39664e-16
5175.25   5.38518e-16
5176.69   5.37124e-16
5178.13   5.36259e-16
5179.58   5.36589e-16
5181.02   5.38584e-16
5182.47   5.42465e-16
5183.91   5.48196e-16
5185.36   5.55507e-16
5186.8    5.63956e-16
5188.25   5.73009e-16
5189.69   5.82121e-16
5191.14   5.90817e-16
5192.58   5.98744e-16
5194.03   6.05703e-16
5195.47   6.11646e-16
5196.92   6.16649e-16
5198.36   6.20861e-16
5199.81   6.24457e-16
5201.25   6.27584e-16
5202.7    6.30332e-16
5204.14   6.32729e-16
5205.59   6.34751e-16
5207.03   6.3637e-16
5208.48   6.37593e-16
5209.92   6.38509e-16
5211.37   6.39315e-16
5212.81   6.40318e-16
5214.26   6.41906e-16
5215.7    6.44487e-16
5217.14   6.48423e-16
5218.59   6.53953e-16
5220.03   6.61141e-16
5221.48   6.69843e-16
5222.92   6.79727e-16
5224.37   6.90319e-16
5225.81   7.01084e-16
5227.26   7.11519e-16
5228.7    7.21238e-16
5230.15   7.30036e-16
5231.59   7.3791e-16
5233.04   7.45041e-16
5234.48   7.51732e-16
5235.93   7.58331e-16
5237.37   7.65132e-16
5238.82   7.72309e-16
5240.26   7.79863e-16
5241.71   7.87621e-16
5243.15   7.95279e-16
5244.6    8.02469e-16
5246.04   8.08854e-16
5247.49   8.14217e-16
5248.93   8.18526e-16
5250.38   8.21963e-16
5251.82   8.24907e-16
5253.27   8.27873e-16
5254.71   8.31414e-16
5256.15   8.36014e-16
5257.6    8.41985e-16
5259.04   8.49388e-16
5260.49   8.5801e-16
5261.93   8.67379e-16
5263.38   8.76839e-16
5264.82   8.85652e-16
5266.27   8.93128e-16
5267.71   8.9874e-16
5269.16   9.02212e-16
5270.6    9.03565e-16
5272.05   9.03105e-16
5273.49   9.01369e-16
5274.94   8.99026e-16
5276.38   8.96768e-16
5277.83   8.95202e-16
5279.27   8.94764e-16
5280.72   8.95673e-16
5282.16   8.97924e-16
5283.61   9.01317e-16
5285.05   9.05516e-16
5286.5    9.10111e-16
5287.94   9.14686e-16
5289.39   9.1887e-16
5290.83   9.2237e-16
5292.28   9.24983e-16
5293.72   9.26604e-16
5295.16   9.27221e-16
5296.61   9.26909e-16
5298.05   9.25835e-16
5299.5    9.24249e-16
5300.94   9.2249e-16
5302.39   9.20963e-16
5303.83   9.20112e-16
5305.28   9.20376e-16
5306.72   9.2213e-16
5308.17   9.25616e-16
5309.61   9.30894e-16
5311.06   9.378e-16
5312.5    9.45943e-16
5313.95   9.54735e-16
5315.39   9.63452e-16
5316.84   9.71326e-16
5318.28   9.77636e-16
5319.73   9.81805e-16
5321.17   9.83468e-16
5322.62   9.82515e-16
5324.06   9.79091e-16
5325.51   9.73576e-16
5326.95   9.66534e-16
5328.4    9.58648e-16
5329.84   9.50668e-16
5331.29   9.43345e-16
5332.73   9.37396e-16
5334.17   9.33466e-16
5335.62   9.32096e-16
5337.06   9.33698e-16
5338.51   9.38517e-16
5339.95   9.46603e-16
5341.4    9.57779e-16
5342.84   9.71624e-16
5344.29   9.87487e-16
5345.73   1.00453e-15
5347.18   1.0218e-15
5348.62   1.03836e-15
5350.07   1.0534e-15
5351.51   1.06635e-15
5352.96   1.07699e-15
5354.4    1.0855e-15
5355.85   1.0924e-15
5357.29   1.09848e-15
5358.74   1.10466e-15
5360.18   1.11179e-15
5361.63   1.12044e-15
5363.07   1.13082e-15
5364.52   1.14268e-15
5365.96   1.1553e-15
5367.41   1.16763e-15
5368.85   1.17848e-15
5370.3    1.18672e-15
5371.74   1.19154e-15
5373.18   1.19262e-15
5374.63   1.19022e-15
5376.07   1.18521e-15
5377.52   1.17889e-15
5378.96   1.17283e-15
5380.41   1.16858e-15
5381.85   1.1674e-15
5383.3    1.17001e-15
5384.74   1.17648e-15
5386.19   1.18618e-15
5387.63   1.19788e-15
5389.08   1.20997e-15
5390.52   1.22074e-15
5391.97   1.22861e-15
5393.41   1.23247e-15
5394.86   1.2318e-15
5396.3    1.22677e-15
5397.75   1.21816e-15
5399.19   1.20725e-15
5400.64   1.19554e-15
5402.08   1.18452e-15
5403.53   1.17543e-15
5404.97   1.16906e-15
5406.42   1.16569e-15
5407.86   1.16506e-15
5409.3    1.16648e-15
5410.75   1.16901e-15
5412.19   1.17163e-15
5413.64   1.17348e-15
5415.08   1.17396e-15
5416.53   1.17289e-15
5417.97   1.17046e-15
5419.42   1.16725e-15
5420.86   1.16404e-15
5422.31   1.16171e-15
5423.75   1.16101e-15
5425.2    1.16247e-15
5426.64   1.16626e-15
5428.09   1.17217e-15
5429.53   1.1796e-15
5430.98   1.18773e-15
5432.42   1.19558e-15
5433.87   1.20223e-15
5435.31   1.20694e-15
5436.76   1.2093e-15
5438.2    1.2093e-15
5439.65   1.20734e-15
5441.09   1.20414e-15
5442.54   1.20067e-15
5443.98   1.19794e-15
5445.43   1.19685e-15
5446.87   1.19803e-15
5448.31   1.20174e-15
5449.76   1.20785e-15
5451.2    1.21583e-15
5452.65   1.2249e-15
5454.09   1.23419e-15
5455.54   1.2429e-15
5456.98   1.25054e-15
5458.43   1.25696e-15
5459.87   1.26251e-15
5461.32   1.26796e-15
5462.76   1.2744e-15
5464.21   1.28305e-15
5465.65   1.2951e-15
5467.1    1.31141e-15
5468.54   1.33238e-15
5469.99   1.35783e-15
5471.43   1.38691e-15
5472.88   1.41823e-15
5474.32   1.44992e-15
5475.77   1.47993e-15
5477.21   1.50621e-15
5478.66   1.527e-15
5480.1    1.54107e-15
5481.55   1.54784e-15
5482.99   1.54745e-15
5484.44   1.54081e-15
5485.88   1.52941e-15
5487.32   1.51517e-15
5488.77   1.50023e-15
5490.21   1.48665e-15
5491.66   1.47624e-15
5493.1    1.47033e-15
5494.55   1.46967e-15
5495.99   1.47438e-15
5497.44   1.484e-15
5498.88   1.49754e-15
5500.33   1.51367e-15
5501.77   1.53091e-15
5503.22   1.54777e-15
5504.66   1.56299e-15
5506.11   1.57565e-15
5507.55   1.5853e-15
5509      1.59196e-15
5510.44   1.5961e-15
5511.89   1.59856e-15
5513.33   1.60039e-15
5514.78   1.60268e-15
5516.22   1.60638e-15
5517.67   1.61216e-15
5519.11   1.62026e-15
5520.56   1.63052e-15
5522      1.64233e-15
5523.45   1.65479e-15
5524.89   1.66684e-15
5526.33   1.67742e-15
5527.78   1.68569e-15
5529.22   1.69112e-15
5530.67   1.69357e-15
5532.11   1.69333e-15
5533.56   1.69098e-15
5535      1.68731e-15
5536.45   1.68314e-15
5537.89   1.67918e-15
5539.34   1.67593e-15
5540.78   1.67354e-15
5542.23   1.67192e-15
5543.67   1.6707e-15
5545.12   1.66941e-15
5546.56   1.66754e-15
5548.01   1.66473e-15
5549.45   1.66076e-15
5550.9    1.65565e-15
5552.34   1.64964e-15
5553.79   1.64312e-15
5555.23   1.63654e-15
5556.68   1.63036e-15
5558.12   1.62493e-15
5559.57   1.6205e-15
5561.01   1.61717e-15
5562.46   1.61494e-15
5563.9    1.61369e-15
5565.34   1.6133e-15
5566.79   1.61361e-15
5568.23   1.61449e-15
5569.68   1.61582e-15
5571.12   1.61748e-15
5572.57   1.6193e-15
5574.01   1.62106e-15
5575.46   1.62246e-15
5576.9    1.62313e-15
5578.35   1.62272e-15
5579.79   1.62085e-15
5581.24   1.61726e-15
5582.68   1.61185e-15
5584.13   1.60468e-15
5585.57   1.596e-15
5587.02   1.58626e-15
5588.46   1.57599e-15
5589.91   1.56575e-15
5591.35   1.55605e-15
5592.8    1.54727e-15
5594.24   1.53956e-15
5595.69   1.53289e-15
5597.13   1.52698e-15
5598.58   1.52142e-15
5600.02   1.51567e-15
5601.47   1.50919e-15
5602.91   1.50145e-15
5604.35   1.49208e-15
5605.8    1.48084e-15
5607.24   1.46766e-15
5608.69   1.45267e-15
5610.13   1.43615e-15
5611.58   1.41852e-15
5613.02   1.40029e-15
5614.47   1.38208e-15
5615.91   1.36454e-15
5617.36   1.34833e-15
5618.8    1.33408e-15
5620.25   1.32235e-15
5621.69   1.31357e-15
5623.14   1.30797e-15
5624.58   1.30554e-15
5626.03   1.30598e-15
5627.47   1.30869e-15
5628.92   1.31279e-15
5630.36   1.3172e-15
5631.81   1.32073e-15
5633.25   1.32223e-15
5634.7    1.32075e-15
5636.14   1.31563e-15
5637.59   1.30663e-15
5639.03   1.29397e-15
5640.48   1.27831e-15
5641.92   1.26065e-15
5643.36   1.24219e-15
5644.81   1.22417e-15
5646.25   1.20772e-15
5647.7    1.19369e-15
5649.14   1.18255e-15
5650.59   1.17438e-15
5652.03   1.16884e-15
5653.48   1.16531e-15
5654.92   1.16293e-15
5656.37   1.16079e-15
5657.81   1.15802e-15
5659.26   1.15393e-15
5660.7    1.14801e-15
5662.15   1.14004e-15
5663.59   1.13e-15
5665.04   1.11808e-15
5666.48   1.10457e-15
5667.93   1.08982e-15
5669.37   1.07417e-15
5670.82   1.05792e-15
5672.26   1.04131e-15
5673.71   1.02454e-15
5675.15   1.00781e-15
5676.6    9.91376e-16
5678.04   9.75554e-16
5679.49   9.60771e-16
5680.93   9.47545e-16
5682.37   9.36447e-16
5683.82   9.28029e-16
5685.26   9.22734e-16
5686.71   9.20811e-16
5688.15   9.22233e-16
5689.6    9.26662e-16
5691.04   9.33452e-16
5692.49   9.41713e-16
5693.93   9.50411e-16
5695.38   9.58502e-16
5696.82   9.65081e-16
5698.27   9.69499e-16
5699.71   9.71455e-16
5701.16   9.71017e-16
5702.6    9.6859e-16
5704.05   9.64822e-16
5705.49   9.60479e-16
5706.94   9.56293e-16
5708.38   9.52839e-16
5709.83   9.50438e-16
5711.27   9.49126e-16
5712.72   9.48673e-16
5714.16   9.48669e-16
5715.61   9.48635e-16
5717.05   9.48152e-16
5718.5    9.46966e-16
5719.94   9.45062e-16
5721.38   9.42675e-16
5722.83   9.40249e-16
5724.27   9.38352e-16
5725.72   9.37553e-16
5727.16   9.3831e-16
5728.61   9.4087e-16
5730.05   9.45219e-16
5731.5    9.51074e-16
5732.94   9.57938e-16
5734.39   9.65183e-16
5735.83   9.72163e-16
5737.28   9.78316e-16
5738.72   9.8325e-16
5740.17   9.8679e-16
5741.61   9.88983e-16
5743.06   9.90067e-16
5744.5    9.90404e-16
5745.95   9.90407e-16
5747.39   9.90465e-16
5748.84   9.90886e-16
5750.28   9.91866e-16
5751.73   9.93478e-16
5753.17   9.957e-16
5754.62   9.98452e-16
5756.06   1.00164e-15
5757.51   1.0052e-15
5758.95   1.00916e-15
5760.39   1.01359e-15
5761.84   1.01868e-15
5763.28   1.02463e-15
5764.73   1.03165e-15
5766.17   1.03989e-15
5767.62   1.04937e-15
5769.06   1.05993e-15
5770.51   1.07125e-15
5771.95   1.08279e-15
5773.4    1.09388e-15
5774.84   1.10377e-15
5776.29   1.11173e-15
5777.73   1.11721e-15
5779.18   1.11986e-15
5780.62   1.11971e-15
5782.07   1.11714e-15
5783.51   1.11292e-15
5784.96   1.1081e-15
5786.4    1.10393e-15
5787.85   1.10164e-15
5789.29   1.10232e-15
5790.74   1.10669e-15
5792.18   1.11505e-15
5793.63   1.12716e-15
5795.07   1.14232e-15
5796.52   1.15944e-15
5797.96   1.1772e-15
5799.4    1.19428e-15
5800.85   1.20955e-15
5802.29   1.2222e-15
5803.74   1.23189e-15
5805.18   1.23874e-15
5806.63   1.24329e-15
5808.07   1.24636e-15
5809.52   1.2489e-15
5810.96   1.25178e-15
5812.41   1.25568e-15
5813.85   1.26094e-15
5815.3    1.26756e-15
5816.74   1.27519e-15
5818.19   1.28324e-15
5819.63   1.29102e-15
5821.08   1.29789e-15
5822.52   1.30334e-15
5823.97   1.30717e-15
5825.41   1.30943e-15
5826.86   1.31048e-15
5828.3    1.31085e-15
5829.75   1.31117e-15
5831.19   1.312e-15
5832.64   1.31377e-15
5834.08   1.31663e-15
5835.53   1.32047e-15
5836.97   1.3249e-15
5838.41   1.32939e-15
5839.86   1.33328e-15
5841.3    1.33597e-15
5842.75   1.33701e-15
5844.19   1.33616e-15
5845.64   1.33341e-15
5847.08   1.32901e-15
5848.53   1.32335e-15
5849.97   1.31691e-15
5851.42   1.3102e-15
5852.86   1.30363e-15
5854.31   1.29749e-15
5855.75   1.29195e-15
5857.2    1.28704e-15
5858.64   1.28268e-15
5860.09   1.27873e-15
5861.53   1.27503e-15
5862.98   1.27144e-15
5864.42   1.26783e-15
5865.87   1.26415e-15
5867.31   1.26037e-15
5868.76   1.25652e-15
5870.2    1.25268e-15
5871.65   1.24898e-15
5873.09   1.24558e-15
5874.54   1.24268e-15
5875.98   1.24048e-15
5877.42   1.2392e-15
5878.87   1.23897e-15
5880.31   1.2399e-15
5881.76   1.24192e-15
5883.2    1.24486e-15
5884.65   1.24837e-15
5886.09   1.25196e-15
5887.54   1.25501e-15
5888.98   1.25685e-15
5890.43   1.25678e-15
5891.87   1.25419e-15
5893.32   1.24864e-15
5894.76   1.23986e-15
5896.21   1.22786e-15
5897.65   1.21288e-15
5899.1    1.19545e-15
5900.54   1.17627e-15
5901.99   1.15618e-15
5903.43   1.13607e-15
5904.88   1.11679e-15
5906.32   1.09904e-15
5907.77   1.08335e-15
5909.21   1.07002e-15
5910.66   1.05909e-15
5912.1    1.05042e-15
5913.55   1.04367e-15
5914.99   1.0384e-15
5916.43   1.03414e-15
5917.88   1.03046e-15
5919.32   1.027e-15
5920.77   1.02352e-15
5922.21   1.01987e-15
5923.66   1.01606e-15
5925.1    1.01215e-15
5926.55   1.00823e-15
5927.99   1.00444e-15
5929.44   1.00088e-15
5930.88   9.97637e-16
5932.33   9.94743e-16
5933.77   9.92195e-16
5935.22   9.89952e-16
5936.66   9.87938e-16
5938.11   9.86052e-16
5939.55   9.84167e-16
5941      9.82141e-16
5942.44   9.79829e-16
5943.89   9.77099e-16
5945.33   9.73853e-16
5946.78   9.70051e-16
5948.22   9.6573e-16
5949.67   9.61016e-16
5951.11   9.56119e-16
5952.56   9.51316e-16
5954      9.46913e-16
5955.44   9.432e-16
5956.89   9.40398e-16
5958.33   9.38611e-16
5959.78   9.37791e-16
5961.22   9.37721e-16
5962.67   9.38027e-16
5964.11   9.38212e-16
5965.56   9.37703e-16
5967      9.35928e-16
5968.45   9.32378e-16
5969.89   9.26686e-16
5971.34   9.18674e-16
5972.78   9.08391e-16
5974.23   8.9612e-16
5975.67   8.82358e-16
5977.12   8.67771e-16
5978.56   8.53117e-16
5980.01   8.39164e-16
5981.45   8.26591e-16
5982.9    8.15896e-16
5984.34   8.07327e-16
5985.79   8.00833e-16
5987.23   7.96061e-16
5988.68   7.92388e-16
5990.12   7.89001e-16
5991.57   7.85003e-16
5993.01   7.79539e-16
5994.45   7.71926e-16
5995.9    7.61756e-16
5997.34   7.4897e-16
5998.79   7.33879e-16
6000.23   7.17134e-16
6001.68   6.9964e-16
6003.12   6.82441e-16
6004.57   6.66582e-16
6006.01   6.52967e-16
6007.46   6.42246e-16
6008.9    6.34746e-16
6010.35   6.3044e-16
6011.79   6.28978e-16
6013.24   6.29766e-16
6014.68   6.32066e-16
6016.13   6.3512e-16
6017.57   6.38261e-16
6019.02   6.41001e-16
6020.46   6.43083e-16
6021.91   6.44489e-16
6023.35   6.45407e-16
6024.8    6.46167e-16
6026.24   6.4716e-16
6027.69   6.48742e-16
6029.13   6.51164e-16
6030.58   6.54515e-16
6032.02   6.58696e-16
6033.46   6.63433e-16
6034.91   6.68317e-16
6036.35   6.72869e-16
6037.8    6.76617e-16
6039.24   6.79177e-16
6040.69   6.80318e-16
6042.13   6.80005e-16
6043.58   6.78413e-16
6045.02   6.75914e-16
6046.47   6.73029e-16
6047.91   6.70357e-16
6049.36   6.68498e-16
6050.8    6.67967e-16
6052.25   6.69127e-16
6053.69   6.72131e-16
6055.14   6.76903e-16
6056.58   6.83143e-16
6058.03   6.90356e-16
6059.47   6.97918e-16
6060.92   7.0515e-16
6062.36   7.11398e-16
6063.81   7.1611e-16
6065.25   7.18904e-16
6066.7    7.19607e-16
6068.14   7.18268e-16
6069.58   7.15148e-16
6071.03   7.10672e-16
6072.47   7.05373e-16
6073.92   6.99809e-16
6075.36   6.94488e-16
6076.81   6.89797e-16
6078.25   6.8595e-16
6079.7    6.82961e-16
6081.14   6.80651e-16
6082.59   6.78676e-16
6084.03   6.76591e-16
6085.48   6.73922e-16
6086.92   6.70243e-16
6088.37   6.65253e-16
6089.81   6.58826e-16
6091.26   6.51039e-16
6092.7    6.42174e-16
6094.15   6.32678e-16
6095.59   6.23115e-16
6097.04   6.1409e-16
6098.48   6.06178e-16
6099.93   5.99851e-16
6101.37   5.95429e-16
6102.82   5.93045e-16
6104.26   5.92639e-16
6105.71   5.93973e-16
6107.15   5.96661e-16
6108.59   6.00214e-16
6110.04   6.04097e-16
6111.48   6.0778e-16
6112.93   6.10795e-16
6114.37   6.12783e-16
6115.82   6.13532e-16
6117.26   6.13005e-16
6118.71   6.11342e-16
6120.15   6.08853e-16
6121.6    6.05984e-16
6123.04   6.03258e-16
6124.49   6.01215e-16
6125.93   6.00334e-16
6127.38   6.00967e-16
6128.82   6.03287e-16
6130.27   6.07262e-16
6131.71   6.12659e-16
6133.16   6.19081e-16
6134.6    6.26036e-16
6136.05   6.33013e-16
6137.49   6.3957e-16
6138.94   6.45408e-16
6140.38   6.50419e-16
6141.83   6.54707e-16
6143.27   6.58567e-16
6144.72   6.62437e-16
6146.16   6.66828e-16
6147.6    6.72235e-16
6149.05   6.79058e-16
6150.49   6.87531e-16
6151.94   6.97673e-16
6153.38   7.09266e-16
6154.83   7.21859e-16
6156.27   7.34799e-16
6157.72   7.47287e-16
6159.16   7.58448e-16
6160.61   7.6742e-16
6162.05   7.73453e-16
6163.5    7.76003e-16
6164.94   7.74822e-16
6166.39   7.70034e-16
6167.83   7.62169e-16
6169.28   7.52163e-16
6170.72   7.41301e-16
6172.17   7.31112e-16
6173.61   7.23211e-16
6175.06   7.1911e-16
6176.5    7.20019e-16
6177.95   7.26661e-16
6179.39   7.39137e-16
6180.84   7.56871e-16
6182.28   7.78628e-16
6183.73   8.02646e-16
6185.17   8.26837e-16
6186.61   8.49052e-16
6188.06   8.6736e-16
6189.5    8.80309e-16
6190.95   8.87121e-16
6192.39   8.87792e-16
6193.84   8.83081e-16
6195.28   8.74384e-16
6196.73   8.63522e-16
6198.17   8.52462e-16
6199.62   8.43029e-16
6201.06   8.36649e-16
6202.51   8.34157e-16
6203.95   8.35704e-16
6205.4    8.40779e-16
6206.84   8.48315e-16
6208.29   8.56896e-16
6209.73   8.6498e-16
6211.18   8.71151e-16
6212.62   8.74317e-16
6214.07   8.73857e-16
6215.51   8.69686e-16
6216.96   8.62231e-16
6218.4    8.52346e-16
6219.85   8.41164e-16
6221.29   8.29931e-16
6222.74   8.19839e-16
6224.18   8.11878e-16
6225.62   8.06733e-16
6227.07   8.0473e-16
6228.51   8.05834e-16
6229.96   8.09683e-16
6231.4    8.15666e-16
6232.85   8.23013e-16
6234.29   8.30896e-16
6235.74   8.38521e-16
6237.18   8.45205e-16
6238.63   8.50433e-16
6240.07   8.53884e-16
6241.52   8.55442e-16
6242.96   8.55172e-16
6244.41   8.5329e-16
6245.85   8.50117e-16
6247.3    8.46034e-16
6248.74   8.41429e-16
6250.19   8.36663e-16
6251.63   8.32033e-16
6253.08   8.2775e-16
6254.52   8.23928e-16
6255.97   8.2058e-16
6257.41   8.17619e-16
6258.86   8.14881e-16
6260.3    8.12144e-16
6261.75   8.09165e-16
6263.19   8.05712e-16
6264.63   8.01613e-16
6266.08   7.96782e-16
6267.52   7.91247e-16
6268.97   7.85155e-16
6270.41   7.78761e-16
6271.86   7.72394e-16
6273.3    7.6641e-16
6274.75   7.61136e-16
6276.19   7.5682e-16
6277.64   7.5359e-16
6279.08   7.51434e-16
6280.53   7.5021e-16
6281.97   7.49669e-16
6283.42   7.49505e-16
6284.86   7.49406e-16
6286.31   7.49104e-16
6287.75   7.48416e-16
6289.2    7.47261e-16
6290.64   7.45659e-16
6292.09   7.43716e-16
6293.53   7.41591e-16
6294.98   7.3947e-16
6296.42   7.3753e-16
6297.87   7.35927e-16
6299.31   7.34787e-16
6300.76   7.34201e-16
6302.2    7.34242e-16
6303.64   7.34961e-16
6305.09   7.36394e-16
6306.53   7.3856e-16
6307.98   7.41451e-16
6309.42   7.45021e-16
6310.87   7.49181e-16
6312.31   7.53799e-16
6313.76   7.58714e-16
6315.2    7.6375e-16
6316.65   7.68752e-16
6318.09   7.73606e-16
6319.54   7.78263e-16
6320.98   7.82743e-16
6322.43   7.87125e-16
6323.87   7.91515e-16
6325.32   7.96011e-16
6326.76   8.00656e-16
6328.21   8.05406e-16
6329.65   8.10115e-16
6331.1    8.1454e-16
6332.54   8.18383e-16
6333.99   8.21342e-16
6335.43   8.23178e-16
6336.88   8.23782e-16
6338.32   8.23217e-16
6339.77   8.21735e-16
6341.21   8.19755e-16
6342.65   8.17809e-16
6344.1    8.16457e-16
6345.54   8.16196e-16
6346.99   8.17368e-16
6348.43   8.20102e-16
6349.88   8.24292e-16
6351.32   8.29618e-16
6352.77   8.35625e-16
6354.21   8.4182e-16
6355.66   8.47793e-16
6357.1    8.53321e-16
6358.55   8.58437e-16
6359.99   8.63446e-16
6361.44   8.68885e-16
6362.88   8.75418e-16
6364.33   8.83705e-16
6365.77   8.94248e-16
6367.22   9.07258e-16
6368.66   9.22566e-16
6370.11   9.39604e-16
6371.55   9.57448e-16
6373      9.74943e-16
6374.44   9.90863e-16
6375.89   1.0041e-15
6377.33   1.01384e-15
6378.78   1.01969e-15
6380.22   1.02173e-15
6381.66   1.02051e-15
6383.11   1.01696e-15
6384.55   1.01224e-15
6386      1.00759e-15
6387.44   1.00413e-15
6388.89   1.00275e-15
6390.33   1.00399e-15
6391.78   1.00805e-15
6393.22   1.01481e-15
6394.67   1.02386e-15
6396.11   1.03464e-15
6397.56   1.04653e-15
6399      1.05891e-15
6400.45   1.07126e-15
6401.89   1.08313e-15
6403.34   1.09421e-15
6404.78   1.10429e-15
6406.23   1.11324e-15
6407.67   1.12103e-15
6409.12   1.12771e-15
6410.56   1.13339e-15
6412.01   1.13828e-15
6413.45   1.14269e-15
6414.9    1.14698e-15
6416.34   1.15158e-15
6417.79   1.1569e-15
6419.23   1.16334e-15
6420.67   1.17116e-15
6422.12   1.18048e-15
6423.56   1.19123e-15
6425.01   1.20313e-15
6426.45   1.21569e-15
6427.9    1.22831e-15
6429.34   1.24029e-15
6430.79   1.25094e-15
6432.23   1.25969e-15
6433.68   1.26618e-15
6435.12   1.2703e-15
6436.57   1.27226e-15
6438.01   1.27254e-15
6439.46   1.27188e-15
6440.9    1.27116e-15
6442.35   1.27132e-15
6443.79   1.27323e-15
6445.24   1.27755e-15
6446.68   1.28469e-15
6448.13   1.29468e-15
6449.57   1.30722e-15
6451.02   1.32167e-15
6452.46   1.33712e-15
6453.91   1.35256e-15
6455.35   1.36691e-15
6456.8    1.37925e-15
6458.24   1.38891e-15
6459.68   1.39554e-15
6461.13   1.39918e-15
6462.57   1.40028e-15
6464.02   1.39961e-15
6465.46   1.39817e-15
6466.91   1.39707e-15
6468.35   1.39735e-15
6469.8    1.39989e-15
6471.24   1.40522e-15
6472.69   1.41348e-15
6474.13   1.4244e-15
6475.58   1.43732e-15
6477.02   1.45127e-15
6478.47   1.46511e-15
6479.91   1.47767e-15
6481.36   1.4879e-15
6482.8    1.49499e-15
6484.25   1.49852e-15
6485.69   1.49845e-15
6487.14   1.49519e-15
6488.58   1.48949e-15
6490.03   1.48239e-15
6491.47   1.47509e-15
6492.92   1.46875e-15
6494.36   1.46445e-15
6495.81   1.46295e-15
6497.25   1.46468e-15
6498.69   1.46964e-15
6500.14   1.47743e-15
6501.58   1.48728e-15
6503.03   1.49815e-15
6504.47   1.50889e-15
6505.92   1.51833e-15
6507.36   1.52547e-15
6508.81   1.52958e-15
6510.25   1.53031e-15
6511.7    1.52768e-15
6513.14   1.52214e-15
6514.59   1.51444e-15
6516.03   1.50556e-15
6517.48   1.49658e-15
6518.92   1.48854e-15
6520.37   1.48228e-15
6521.81   1.4784e-15
6523.26   1.47711e-15
6524.7    1.47826e-15
6526.15   1.48136e-15
6527.59   1.48563e-15
6529.04   1.49009e-15
6530.48   1.49374e-15
6531.93   1.49565e-15
6533.37   1.49512e-15
6534.82   1.49175e-15
6536.26   1.48553e-15
6537.7    1.47687e-15
6539.15   1.4665e-15
6540.59   1.45545e-15
6542.04   1.44487e-15
6543.48   1.43589e-15
6544.93   1.42943e-15
6546.37   1.42609e-15
6547.82   1.42603e-15
6549.26   1.42891e-15
6550.71   1.43398e-15
6552.15   1.44011e-15
6553.6    1.446e-15
6555.04   1.45034e-15
6556.49   1.452e-15
6557.93   1.45022e-15
6559.38   1.44472e-15
6560.82   1.43574e-15
6562.27   1.42399e-15
6563.71   1.41059e-15
6565.16   1.39685e-15
6566.6    1.38409e-15
6568.05   1.37344e-15
6569.49   1.3657e-15
6570.94   1.36122e-15
6572.38   1.35986e-15
6573.83   1.36109e-15
6575.27   1.36409e-15
6576.71   1.36792e-15
6578.16   1.37166e-15
6579.6    1.3746e-15
6581.05   1.37632e-15
6582.49   1.3767e-15
6583.94   1.3759e-15
6585.38   1.3743e-15
6586.83   1.37234e-15
6588.27   1.37043e-15
6589.72   1.36888e-15
6591.16   1.36781e-15
6592.61   1.36717e-15
6594.05   1.36676e-15
6595.5    1.36631e-15
6596.94   1.36556e-15
6598.39   1.36425e-15
6599.83   1.36226e-15
6601.28   1.35954e-15
6602.72   1.35612e-15
6604.17   1.35209e-15
6605.61   1.34755e-15
6607.06   1.34259e-15
6608.5    1.33724e-15
6609.95   1.33149e-15
6611.39   1.32532e-15
6612.84   1.31864e-15
6614.28   1.31138e-15
6615.72   1.30351e-15
6617.17   1.295e-15
6618.61   1.28588e-15
6620.06   1.27624e-15
6621.5    1.26621e-15
6622.95   1.25596e-15
6624.39   1.24573e-15
6625.84   1.23576e-15
6627.28   1.22632e-15
6628.73   1.21766e-15
6630.17   1.20999e-15
6631.62   1.20348e-15
6633.06   1.19815e-15
6634.51   1.19393e-15
6635.95   1.19061e-15
6637.4    1.18786e-15
6638.84   1.18522e-15
6640.29   1.18221e-15
6641.73   1.17833e-15
6643.18   1.17318e-15
6644.62   1.16646e-15
6646.07   1.15805e-15
6647.51   1.14805e-15
6648.96   1.13673e-15
6650.4    1.12454e-15
6651.85   1.11204e-15
6653.29   1.09983e-15
6654.73   1.0885e-15
6656.18   1.07851e-15
6657.62   1.07017e-15
6659.07   1.06358e-15
6660.51   1.05861e-15
6661.96   1.05495e-15
6663.4    1.05211e-15
6664.85   1.04949e-15
6666.29   1.04647e-15
6667.74   1.04251e-15
6669.18   1.03715e-15
6670.63   1.03014e-15
6672.07   1.02144e-15
6673.52   1.01121e-15
6674.96   9.9978e-16
6676.41   9.87616e-16
6677.85   9.7524e-16
6679.3    9.63155e-16
6680.74   9.5178e-16
6682.19   9.41403e-16
6683.63   9.32152e-16
6685.08   9.23986e-16
6686.52   9.16721e-16
6687.97   9.10062e-16
6689.41   9.03653e-16
6690.86   8.97131e-16
6692.3    8.90176e-16
6693.74   8.82555e-16
6695.19   8.74145e-16
6696.63   8.64947e-16
6698.08   8.55079e-16
6699.52   8.44753e-16
6700.97   8.34237e-16
6702.41   8.23811e-16
6703.86   8.13725e-16
6705.3    8.0416e-16
6706.75   7.95198e-16
6708.19   7.86822e-16
6709.64   7.78918e-16
6711.08   7.71306e-16
6712.53   7.63783e-16
6713.97   7.56164e-16
6715.42   7.48333e-16
6716.86   7.40278e-16
6718.31   7.3211e-16
6719.75   7.24061e-16
6721.2    7.16465e-16
6722.64   7.09718e-16
6724.09   7.04215e-16
6725.53   7.00294e-16
6726.98   6.98169e-16
6728.42   6.97887e-16
6729.86   6.99291e-16
6731.31   7.02026e-16
6732.75   7.05566e-16
6734.2    7.09268e-16
6735.64   7.12456e-16
6737.09   7.14511e-16
6738.53   7.14963e-16
6739.98   7.13561e-16
6741.42   7.10318e-16
6742.87   7.05511e-16
6744.31   6.99648e-16
6745.76   6.93386e-16
6747.2    6.87426e-16
6748.65   6.824e-16
6750.09   6.78762e-16
6751.54   6.76708e-16
6752.98   6.76142e-16
6754.43   6.76696e-16
6755.87   6.77796e-16
6757.32   6.7878e-16
6758.76   6.79029e-16
6760.21   6.78103e-16
6761.65   6.75843e-16
6763.1    6.72428e-16
6764.54   6.68365e-16
6765.99   6.64407e-16
6767.43   6.6143e-16
6768.87   6.60265e-16
6770.32   6.61533e-16
6771.76   6.6551e-16
6773.21   6.72051e-16
6774.65   6.80581e-16
6776.1    6.90171e-16
6777.54   6.99675e-16
6778.99   7.07905e-16
6780.43   7.13821e-16
6781.88   7.16687e-16
6783.32   7.16181e-16
6784.77   7.12426e-16
6786.21   7.05953e-16
6787.66   6.97595e-16
6789.1    6.88337e-16
6790.55   6.79163e-16
6791.99   6.70908e-16
6793.44   6.64167e-16
6794.88   6.59245e-16
6796.33   6.56182e-16
6797.77   6.54808e-16
6799.22   6.54844e-16
6800.66   6.55994e-16
6802.11   6.58025e-16
6803.55   6.60819e-16
6805      6.64368e-16
6806.44   6.68752e-16
6807.88   6.74078e-16
6809.33   6.80418e-16
6810.77   6.87747e-16
6812.22   6.95917e-16
6813.66   7.04644e-16
6815.11   7.13541e-16
6816.55   7.22158e-16
6818      7.30049e-16
6819.44   7.36827e-16
6820.89   7.42209e-16
6822.33   7.46048e-16
6823.78   7.48332e-16
6825.22   7.49165e-16
6826.67   7.48738e-16
6828.11   7.47286e-16
6829.56   7.45042e-16
6831      7.42213e-16
6832.45   7.38955e-16
6833.89   7.35366e-16
6835.34   7.31504e-16
6836.78   7.27397e-16
6838.23   7.23075e-16
6839.67   7.18597e-16
6841.12   7.14069e-16
6842.56   7.09657e-16
6844.01   7.05584e-16
6845.45   7.02108e-16
6846.89   6.99496e-16
6848.34   6.97978e-16
6849.78   6.97703e-16
6851.23   6.98697e-16
6852.67   7.00843e-16
6854.12   7.03868e-16
6855.56   7.07369e-16
6857.01   7.10859e-16
6858.45   7.13824e-16
6859.9    7.15801e-16
6861.34   7.16448e-16
6862.79   7.15591e-16
6864.23   7.13253e-16
6865.68   7.09647e-16
6867.12   7.05137e-16
6868.57   7.00183e-16
6870.01   6.95266e-16
6871.46   6.90831e-16
6872.9    6.87229e-16
6874.35   6.84697e-16
6875.79   6.83352e-16
6877.24   6.83211e-16
6878.68   6.84217e-16
6880.13   6.86259e-16
6881.57   6.89195e-16
6883.02   6.92847e-16
6884.46   6.9699e-16
6885.9    7.01341e-16
6887.35   7.05542e-16
6888.79   7.09172e-16
6890.24   7.1177e-16
6891.68   7.1289e-16
6893.13   7.12166e-16
6894.57   7.09384e-16
6896.02   7.0454e-16
6897.46   6.97873e-16
6898.91   6.89858e-16
6900.35   6.8116e-16
6901.8    6.72548e-16
6903.24   6.64783e-16
6904.69   6.58503e-16
6906.13   6.54117e-16
6907.58   6.51735e-16
6909.02   6.51145e-16
6910.47   6.51847e-16
6911.91   6.53128e-16
6913.36   6.54194e-16
6914.8    6.54297e-16
6916.25   6.52881e-16
6917.69   6.49675e-16
6919.14   6.44755e-16
6920.58   6.3853e-16
6922.03   6.31678e-16
6923.47   6.25027e-16
6924.91   6.19402e-16
6926.36   6.15483e-16
6927.8    6.13671e-16
6929.25   6.14016e-16
6930.69   6.16205e-16
6932.14   6.1961e-16
6933.58   6.23403e-16
6935.03   6.26703e-16
6936.47   6.28726e-16
6937.92   6.28928e-16
6939.36   6.27095e-16
6940.81   6.23374e-16
6942.25   6.1824e-16
6943.7    6.12403e-16
6945.14   6.06679e-16
6946.59   6.01842e-16
6948.03   5.98493e-16
6949.48   5.96959e-16
6950.92   5.97257e-16
6952.37   5.99103e-16
6953.81   6.01982e-16
6955.26   6.05257e-16
6956.7    6.08289e-16
6958.15   6.10546e-16
6959.59   6.11687e-16
6961.04   6.11599e-16
6962.48   6.10387e-16
6963.92   6.08325e-16
6965.37   6.05775e-16
6966.81   6.03106e-16
6968.26   6.00617e-16
6969.7    5.98496e-16
6971.15   5.968e-16
6972.59   5.9548e-16
6974.04   5.94423e-16
6975.48   5.93506e-16
6976.93   5.92643e-16
6978.37   5.91818e-16
6979.82   5.91093e-16
6981.26   5.90583e-16
6982.71   5.90426e-16
6984.15   5.90738e-16
6985.6    5.91577e-16
6987.04   5.92925e-16
6988.49   5.94693e-16
6989.93   5.9675e-16
6991.38   5.98965e-16
6992.82   6.01249e-16
6994.27   6.03586e-16
6995.71   6.06044e-16
6997.16   6.08744e-16
6998.6    6.1182e-16
7000.05   6.15345e-16
7001.49   6.1927e-16
7002.93   6.23371e-16
7004.38   6.27236e-16
7005.82   6.30293e-16
7007.27   6.31882e-16
7008.71   6.31358e-16
7010.16   6.28218e-16
7011.6    6.22211e-16
7013.05   6.13428e-16
7014.49   6.02334e-16
7015.94   5.89739e-16
7017.38   5.76719e-16
7018.83   5.64469e-16
7020.27   5.54138e-16
7021.72   5.46664e-16
7023.16   5.42623e-16
7024.61   5.42143e-16
7026.05   5.4487e-16
7027.5    5.50024e-16
7028.94   5.56504e-16
7030.39   5.63052e-16
7031.83   5.68435e-16
7033.28   5.71625e-16
7034.72   5.71944e-16
7036.17   5.69156e-16
7037.61   5.63493e-16
7039.06   5.55613e-16
7040.5    5.4649e-16
7041.94   5.37269e-16
7043.39   5.29087e-16
7044.83   5.229e-16
7046.28   5.19341e-16
7047.72   5.18621e-16
7049.17   5.20496e-16
7050.61   5.24307e-16
7052.06   5.29084e-16
7053.5    5.33702e-16
7054.95   5.37069e-16
7056.39   5.38315e-16
7057.84   5.36944e-16
7059.28   5.3294e-16
7060.73   5.26786e-16
7062.17   5.19406e-16
7063.62   5.12026e-16
7065.06   5.05979e-16
7066.51   5.02493e-16
7067.95   5.02478e-16
7069.4    5.06373e-16
7070.84   5.14061e-16
7072.29   5.24878e-16
7073.73   5.37708e-16
7075.18   5.51152e-16
7076.62   5.63736e-16
7078.07   5.74129e-16
7079.51   5.81319e-16
7080.95   5.84747e-16
7082.4    5.84343e-16
7083.84   5.80501e-16
7085.29   5.73973e-16
7086.73   5.65726e-16
7088.18   5.56779e-16
7089.62   5.48061e-16
7091.07   5.40296e-16
7092.51   5.33956e-16
7093.96   5.29254e-16
7095.4    5.26196e-16
7096.85   5.24654e-16
7098.29   5.24454e-16
7099.74   5.25447e-16
7101.18   5.27549e-16
7102.63   5.30745e-16
7104.07   5.35057e-16
7105.52   5.40484e-16
7106.96   5.46938e-16
7108.41   5.54184e-16
7109.85   5.61824e-16
7111.3    5.69306e-16
7112.74   5.75984e-16
7114.19   5.81213e-16
7115.63   5.84453e-16
7117.08   5.85375e-16
7118.52   5.83933e-16
7119.96   5.80393e-16
7121.41   5.75305e-16
7122.85   5.69427e-16
7124.3    5.6361e-16
7125.74   5.58671e-16
7127.19   5.55271e-16
7128.63   5.53829e-16
7130.08   5.54484e-16
7131.52   5.57105e-16
7132.97   5.61347e-16
7134.41   5.66734e-16
7135.86   5.72753e-16
7137.3    5.78927e-16
7138.75   5.84866e-16
7140.19   5.90284e-16
7141.64   5.94981e-16
7143.08   5.98813e-16
7144.53   6.01651e-16
7145.97   6.03361e-16
7147.42   6.03799e-16
7148.86   6.02838e-16
7150.31   6.00412e-16
7151.75   5.96568e-16
7153.2    5.91513e-16
7154.64   5.85638e-16
7156.09   5.79508e-16
7157.53   5.73819e-16
7158.97   5.69318e-16
7160.42   5.66705e-16
7161.86   5.66527e-16
7163.31   5.69085e-16
7164.75   5.74374e-16
7166.2    5.82057e-16
7167.64   5.91497e-16
7169.09   6.01829e-16
7170.53   6.12065e-16
7171.98   6.21227e-16
7173.42   6.28473e-16
7174.87   6.33215e-16
7176.31   6.35189e-16
7177.76   6.34486e-16
7179.2    6.31537e-16
7180.65   6.27042e-16
7182.09   6.21868e-16
7183.54   6.1693e-16
7184.98   6.13066e-16
7186.43   6.10934e-16
7187.87   6.10931e-16
7189.32   6.13168e-16
7190.76   6.1747e-16
7192.21   6.23433e-16
7193.65   6.30494e-16
7195.1    6.38035e-16
7196.54   6.4547e-16
7197.98   6.5234e-16
7199.43   6.58366e-16
7200.87   6.63486e-16
7202.32   6.67847e-16
7203.76   6.71774e-16
7205.21   6.75702e-16
7206.65   6.80101e-16
7208.1    6.85383e-16
7209.54   6.91828e-16
7210.99   6.99516e-16
7212.43   7.08296e-16
7213.88   7.17786e-16
7215.32   7.27414e-16
7216.77   7.36491e-16
7218.21   7.44311e-16
7219.66   7.50263e-16
7221.1    7.53933e-16
7222.55   7.55192e-16
7223.99   7.54235e-16
7225.44   7.51581e-16
7226.88   7.48019e-16
7228.33   7.4451e-16
7229.77   7.42057e-16
7231.22   7.41567e-16
7232.66   7.43721e-16
7234.11   7.4887e-16
7235.55   7.56983e-16
7236.99   7.67647e-16
7238.44   7.8012e-16
7239.88   7.93437e-16
7241.33   8.06538e-16
7242.77   8.18415e-16
7244.22   8.2824e-16
7245.66   8.35465e-16
7247.11   8.39881e-16
7248.55   8.41612e-16
7250      8.41077e-16
7251.44   8.38899e-16
7252.89   8.35799e-16
7254.33   8.32486e-16
7255.78   8.29554e-16
7257.22   8.27425e-16
7258.67   8.26307e-16
7260.11   8.26211e-16
7261.56   8.26984e-16
7263      8.28372e-16
7264.45   8.30083e-16
7265.89   8.31844e-16
7267.34   8.33445e-16
7268.78   8.34759e-16
7270.23   8.3574e-16
7271.67   8.36406e-16
7273.12   8.36814e-16
7274.56   8.37039e-16
7276      8.37148e-16
7277.45   8.37193e-16
7278.89   8.37209e-16
7280.34   8.37214e-16
7281.78   8.37215e-16
7283.23   8.37215e-16
7284.67   8.37215e-16