#94.18207142934769
3000  0
3030  0
3060  0
3090  0
3120  0
3150  0
3180  0
3210  0
3240  0
3270  0
3300  0
3330  0
3360  0
3390  0
3420  0
3450  0
3480  0
3510  0
3540  0
3570  0
3600  0
3630  0
3660  4.85341e-16
3690  9.08213e-16
3720  1.06031e-15
3750  8.38251e-16
3780  4.5318e-16
3810  2.17004e-16
3840  2.8652e-16
3870  5.85151e-16
3900  9.31286e-16
3930  1.20377e-15
3960  1.35889e-15
3990  1.35652e-15
4020  1.18687e-15
4050  9.56199e-16
4080  8.24567e-16
4110  8.39388e-16
4140  9.12193e-16
4170  9.56765e-16
4200  9.70592e-16
4230  9.86621e-16
4260  1.02573e-15
4290  1.09426e-15
4320  1.15276e-15
4350  1.10455e-15
4380  9.03425e-16
4410  6.54993e-16
4440  5.26723e-16
4470  5.82849e-16
4500  7.80681e-16
4530  1.07871e-15
4560  1.45051e-15
4590  1.81733e-15
4620  2.06031e-15
4650  2.10703e-15
4680  1.9519e-15
4710  1.61746e-15
4740  1.18665e-15
4770  8.42287e-16
4800  7.23935e-16
4830  7.52019e-16
4860  7.6232e-16
4890  7.82191e-16
4920  9.4737e-16
4950  1.17321e-15
4980  1.18996e-15
5010  9.39418e-16
5040  6.77958e-16
5070  6.24154e-16
5100  7.19631e-16
5130  7.99699e-16
5160  8.24448e-16
5190  8.62031e-16
5220  9.50531e-16
5250  1.058e-15
5280  1.14409e-15
5310  1.20339e-15
5340  1.23494e-15
5370  1.2035e-15
5400  1.08672e-15
5430  9.53746e-16
5460  9.11844e-16
5490  9.55866e-16
5520  9.57678e-16
5550  8.31926e-16
5580  6.34386e-16
5610  4.67171e-16
5640  3.56799e-16
5670  2.74036e-16
5700  2.33105e-16
5730  3.07332e-16
5760  5.33729e-16
5790  8.37068e-16
5820  1.07903e-15
5850  1.17519e-15
5880  1.14211e-15
5910  1.03823e-15
5940  8.97618e-16
5970  7.38617e-16
6000  6.02168e-16
6030  5.35296e-16
6060  5.36684e-16
6090  5.5688e-16
6120  5.65694e-16
6150  5.84047e-16
6180  6.27307e-16
6210  6.53067e-16
6240  6.03951e-16
6270  4.88476e-16
6300  3.8383e-16
6330  3.56489e-16
6360  4.06918e-16
6390  4.96248e-16
6420  5.93196e-16
6450  6.74173e-16
6480  7.0572e-16
6510  6.62853e-16
6540  5.60254e-16
6570  4.42689e-16
6600  3.44874e-16
6630  2.72784e-16
6660  2.18482e-16
6690  1.77425e-16
6720  1.50449e-16
6750  1.38871e-16
6780  1.40618e-16
6810  1.50299e-16
6840  1.65138e-16
6870  1.87672e-16
6900  2.15973e-16
6930  2.37015e-16
6960  2.41477e-16
6990  2.40204e-16
7020  2.53272e-16
7050  2.8602e-16
7080  3.24625e-16
7110  3.52299e-16
7140  3.65934e-16
7170  3.78341e-16
7200  4.01234e-16
7230  4.2505e-16
7260  4.25652e-16
7290  3.95602e-16
7320  3.57239e-16
7350  3.37116e-16
7380  3.37976e-16
7410  3.44938e-16
7440  3.48336e-16
7470  3.48885e-16
7500  3.48902e-16
7530  0
7560  0
7590  0
7620  0
7650  0
7680  0
7710  0
7740  0
7770  0
7800  0
7830  0
7860  0
7890  0
7920  0
7950  0
7980  0
8010  0
8040  0
8070  0
8100  0
8130  0
8160  0
8190  0
8220  0
8250  0
8280  0
8310  0
8340  0
8370  0
8400  0
8430  0
8460  0
8490  0
8520  0
8550  0
8580  0
8610  0
8640  0
8670  0
8700  0
8730  0
8760  0
8790  0
8820  0
8850  0
8880  0
8910  0
8940  0
8970  0
9000  0