#15.978301466608347
3000  0
3030  0
3060  0
3090  0
3120  0
3150  0
3180  0
3210  0
3240  0
3270  0
3300  0
3330  0
3360  0
3390  0
3420  0
3450  0
3480  0
3510  0
3540  0
3570  0
3600  0
3630  0
3660  0
3690  0
3720  0
3750  0
3780  0
3810  0
3840  0
3870  0
3900  0
3930  0
3960  0
3990  0
4020  0
4050  0
4080  0
4110  0
4140  0
4170  0
4200  0
4230  0
4260  0
4290  0
4320  0
4350  0
4380  0
4410  0
4440  0
4470  0
4500  0
4530  0
4560  0
4590  0
4620  0
4650  0
4680  0
4710  0
4740  0
4770  0
4800  0
4830  0
4860  0
4890  0
4920  0
4950  0
4980  0
5010  0
5040  0
5070  0
5100  0
5130  0
5160  0
5190  0
5220  0
5250  0
5280  0
5310  0
5340  0
5370  0
5400  0
5430  0
5460  0
5490  0
5520  0
5550  0
5580  0
5610  0
5640  0
5670  0
5700  0
5730  0
5760  0
5790  0
5820  0
5850  0
5880  0
5910  0
5940  0
5970  0
6000  0
6030  0
6060  0
6090  5.2779e-13
6120  5.08737e-13
6150  5.10923e-13
6180  5.54506e-13
6210  6.23613e-13
6240  6.82162e-13
6270  7.11132e-13
6300  7.16466e-13
6330  7.08875e-13
6360  6.92514e-13
6390  6.71824e-13
6420  6.55642e-13
6450  6.46071e-13
6480  6.28546e-13
6510  5.85896e-13
6540  5.22502e-13
6570  4.6026e-13
6600  4.10905e-13
6630  3.6914e-13
6660  3.31757e-13
6690  3.04636e-13
6720  2.89098e-13
6750  2.77127e-13
6780  2.64996e-13
6810  2.60615e-13
6840  2.70014e-13
6870  2.83484e-13
6900  2.84643e-13
6930  2.70972e-13
6960  2.56577e-13
6990  2.54231e-13
7020  2.61946e-13
7050  2.69286e-13
7080  2.70818e-13
7110  2.68937e-13
7140  2.66746e-13
7170  2.6382e-13
7200  2.59454e-13
7230  2.55231e-13
7260  2.5099e-13
7290  2.41689e-13
7320  2.23997e-13
7350  2.04684e-13
7380  1.95158e-13
7410  1.96575e-13
7440  1.97966e-13
7470  1.91808e-13
7500  1.83817e-13
7530  1.833e-13
7560  1.91092e-13
7590  2.0217e-13
7620  2.1361e-13
7650  2.238e-13
7680  2.28678e-13
7710  2.25125e-13
7740  2.15658e-13
7770  2.05367e-13
7800  1.96017e-13
7830  1.86181e-13
7860  1.75633e-13
7890  1.66843e-13
7920  1.62241e-13
7950  1.61183e-13
7980  1.59479e-13
8010  1.52064e-13
8040  1.37499e-13
8070  1.1989e-13
8100  1.04907e-13
8130  9.40349e-14
8160  8.44626e-14
8190  7.50022e-14
8220  7.00634e-14
8250  7.56459e-14
8280  9.20463e-14
8310  1.12837e-13
8340  1.31427e-13
8370  1.48069e-13
8400  1.70505e-13
8430  2.0561e-13
8460  2.48656e-13
8490  2.85032e-13
8520  3.05316e-13
8550  3.13396e-13
8580  3.17548e-13
8610  3.20153e-13
8640  3.19598e-13
8670  3.16825e-13
8700  3.15527e-13
8730  3.17666e-13
8760  3.20962e-13
8790  3.20292e-13
8820  3.11225e-13
8850  2.92811e-13
8880  2.67403e-13
8910  2.38457e-13
8940  2.09622e-13
8970  1.85217e-13
9000  1.67551e-13