#55.26498640058308
3300  3.78546e-21
3310  7.50132e-20
3320  9.27706e-19
3330  7.02543e-18
3340  3.17809e-17
3350  8.38289e-17
3360  1.31336e-16
3370  1.50974e-16
3380  1.84997e-16
3390  2.17599e-16
3400  2.00939e-16
3410  1.57677e-16
3420  1.50855e-16
3430  2.02812e-16
3440  2.62556e-16
3450  2.6426e-16
3460  2.0084e-16
3470  1.2603e-16
3480  1.01765e-16
3490  1.48257e-16
3500  2.31746e-16
3510  2.95859e-16
3520  3.08269e-16
3530  2.79766e-16
3540  2.40116e-16
3550  2.03205e-16
3560  1.66964e-16
3570  1.36356e-16
3580  1.2605e-16
3590  1.39552e-16
3600  1.58268e-16
3610  1.58597e-16
3620  1.37072e-16
3630  1.13638e-16
3640  1.10164e-16
3650  1.27682e-16
3660  1.47117e-16
3670  1.51879e-16
3680  1.45041e-16
3690  1.42545e-16
3700  1.54686e-16
3710  1.75891e-16
3720  1.89374e-16
3730  1.81537e-16
3740  1.53811e-16
3750  1.2051e-16
3760  9.50818e-17
3770  8.06299e-17
3780  7.28654e-17
3790  6.83867e-17
3800  6.92745e-17
3810  7.89676e-17
3820  9.56117e-17
3830  1.11974e-16
3840  1.23366e-16
3850  1.31485e-16
3860  1.39784e-16
3870  1.48632e-16
3880  1.56868e-16
3890  1.6504e-16
3900  1.75096e-16
3910  1.88518e-16
3920  2.05638e-16
3930  2.23836e-16
3940  2.35416e-16
3950  2.30928e-16
3960  2.10341e-16
3970  1.9025e-16
3980  1.90368e-16
3990  2.09122e-16
4000  2.21126e-16
4010  2.05074e-16
4020  1.68712e-16
4030  1.41084e-16
4040  1.41843e-16
4050  1.62807e-16
4060  1.79017e-16
4070  1.74681e-16
4080  1.57191e-16
4090  1.4608e-16
4100  1.5054e-16
4110  1.61021e-16
4120  1.63283e-16
4130  1.5552e-16
4140  1.4831e-16
4150  1.50022e-16
4160  1.56826e-16
4170  1.57654e-16
4180  1.48027e-16
4190  1.37746e-16
4200  1.42265e-16
4210  1.64838e-16
4220  1.89925e-16
4230  1.98078e-16
4240  1.86713e-16
4250  1.72246e-16
4260  1.70392e-16
4270  1.79122e-16
4280  1.84582e-16
4290  1.79776e-16
4300  1.71462e-16
4310  1.69408e-16
4320  1.74334e-16
4330  1.79141e-16
4340  1.77917e-16
4350  1.70139e-16
4360  1.57971e-16
4370  1.44106e-16
4380  1.32214e-16
4390  1.26191e-16
4400  1.27111e-16
4410  1.31853e-16
4420  1.35573e-16
4430  1.35835e-16
4440  1.34013e-16
4450  1.3241e-16
4460  1.3114e-16
4470  1.30107e-16
4480  1.3287e-16
4490  1.43985e-16
4500  1.61961e-16
4510  1.7934e-16
4520  1.9224e-16
4530  2.05042e-16
4540  2.22336e-16
4550  2.41729e-16
4560  2.58385e-16
4570  2.72954e-16
4580  2.88761e-16
4590  3.03832e-16
4600  3.11971e-16
4610  3.1192e-16
4620  3.09688e-16
4630  3.10168e-16
4640  3.10016e-16
4650  3.01464e-16
4660  2.80835e-16
4670  2.51987e-16
4680  2.22252e-16
4690  1.97502e-16
4700  1.79954e-16
4710  1.68553e-16
4720  1.60436e-16
4730  1.53128e-16
4740  1.46784e-16
4750  1.4446e-16
4760  1.48533e-16
4770  1.56661e-16
4780  1.63206e-16
4790  1.6529e-16
4800  1.65182e-16
4810  1.66155e-16
4820  1.68396e-16
4830  1.69966e-16
4840  1.7008e-16
4850  1.69765e-16
4860  1.70105e-16
4870  1.71494e-16
4880  1.74968e-16
4890  1.83169e-16
4900  1.98045e-16
4910  2.17799e-16
4920  2.37137e-16
4930  2.5109e-16
4940  2.56542e-16
4950  2.51458e-16
4960  2.36859e-16
4970  2.1827e-16
4980  2.02025e-16
4990  1.89175e-16
5000  1.7656e-16
5010  1.62963e-16
5020  1.51418e-16
5030  1.45498e-16
5040  1.45008e-16
5050  1.45894e-16
5060  1.44882e-16
5070  1.43407e-16
5080  1.44642e-16
5090  1.47313e-16
5100  1.46379e-16
5110  1.40845e-16
5120  1.36819e-16
5130  1.4018e-16
5140  1.49297e-16
5150  1.57474e-16
5160  1.60484e-16
5170  1.58916e-16
5180  1.5586e-16
5190  1.55502e-16
5200  1.6251e-16
5210  1.78117e-16
5220  1.96208e-16
5230  2.06855e-16
5240  2.07026e-16
5250  2.05788e-16
5260  2.15292e-16
5270  2.36242e-16
5280  2.55763e-16
5290  2.60901e-16
5300  2.52436e-16
5310  2.43314e-16
5320  2.43889e-16
5330  2.52206e-16
5340  2.59985e-16
5350  2.64424e-16
5360  2.70133e-16
5370  2.79443e-16
5380  2.86886e-16
5390  2.86921e-16
5400  2.81405e-16
5410  2.74488e-16
5420  2.64945e-16
5430  2.51678e-16
5440  2.42345e-16
5450  2.46397e-16
5460  2.61987e-16
5470  2.78285e-16
5480  2.9026e-16
5490  3.02329e-16
5500  3.16968e-16
5510  3.27846e-16
5520  3.28041e-16
5530  3.20084e-16
5540  3.1281e-16
5550  3.10581e-16
5560  3.09567e-16
5570  3.03925e-16
5580  2.92782e-16
5590  2.80179e-16
5600  2.69353e-16
5610  2.5878e-16
5620  2.44061e-16
5630  2.23377e-16
5640  2.00182e-16
5650  1.80657e-16
5660  1.69049e-16
5670  1.65328e-16
5680  1.66414e-16
5690  1.69766e-16
5700  1.74499e-16
5710  1.79745e-16
5720  1.83673e-16
5730  1.85545e-16
5740  1.88336e-16
5750  1.97758e-16
5760  2.1686e-16
5770  2.4175e-16
5780  2.63913e-16
5790  2.78613e-16
5800  2.8887e-16
5810  2.99374e-16
5820  3.09434e-16
5830  3.1529e-16
5840  3.16628e-16
5850  3.15935e-16
5860  3.12973e-16
5870  3.06023e-16
5880  2.98209e-16
5890  2.95647e-16
5900  2.97497e-16
5910  2.93998e-16
5920  2.78382e-16
5930  2.56421e-16
5940  2.40351e-16
5950  2.34523e-16
5960  2.30775e-16
5970  2.18849e-16
5980  1.98918e-16
5990  1.81447e-16
6000  1.75127e-16
6010  1.77432e-16
6020  1.78344e-16
6030  1.72353e-16
6040  1.64935e-16
6050  1.65368e-16
6060  1.74372e-16
6070  1.82879e-16
6080  1.84216e-16
6090  1.82073e-16
6100  1.8424e-16
6110  1.91887e-16
6120  1.98455e-16
6130  1.97983e-16
6140  1.92398e-16
6150  1.90198e-16
6160  1.97595e-16
6170  2.10665e-16
6180  2.18124e-16
6190  2.13204e-16
6200  2.0135e-16
6210  1.93834e-16
6220  1.9422e-16
6230  1.94928e-16
6240  1.88165e-16
6250  1.75663e-16
6260  1.65278e-16
6270  1.60686e-16
6280  1.5841e-16
6290  1.53979e-16
6300  1.47563e-16
6310  1.42848e-16
6320  1.42785e-16
6330  1.47572e-16
6340  1.55534e-16
6350  1.64922e-16
6360  1.74818e-16
6370  1.8471e-16
6380  1.93858e-16
6390  2.01827e-16
6400  2.09119e-16
6410  2.1628e-16
6420  2.23731e-16
6430  2.32344e-16
6440  2.41991e-16
6450  2.49585e-16
6460  2.52549e-16
6470  2.54654e-16
6480  2.63913e-16
6490  2.80811e-16
6500  2.92311e-16
6510  2.85395e-16
6520  2.6728e-16
6530  2.63691e-16
6540  2.88826e-16
6550  3.22957e-16
6560  3.30953e-16
6570  3.02291e-16
6580  2.61091e-16
6590  2.34379e-16
6600  2.2371e-16
6610  2.14143e-16
6620  1.99304e-16
6630  1.86306e-16
6640  1.79968e-16
6650  1.73663e-16
6660  1.60024e-16
6670  1.43156e-16
6680  1.34512e-16
6690  1.37945e-16
6700  1.44089e-16
6710  1.41136e-16
6720  1.28535e-16
6730  1.16837e-16
6740  1.14979e-16
6750  1.20156e-16
6760  1.21788e-16
6770  1.14055e-16
6780  1.02832e-16
6790  9.93082e-17
6800  1.07343e-16
6810  1.18766e-16
6820  1.22955e-16
6830  1.18274e-16
6840  1.12148e-16
6850  1.11191e-16
6860  1.14647e-16
6870  1.18321e-16
6880  1.21284e-16
6890  1.25658e-16
6900  1.32159e-16
6910  1.38497e-16
6920  1.42056e-16
6930  1.42146e-16
6940  1.39502e-16
6950  1.34895e-16
6960  1.28712e-16
6970  1.22196e-16
6980  1.18151e-16
6990  1.18801e-16
7000  1.22629e-16
7010  1.25428e-16
7020  1.25822e-16
7030  1.27288e-16
7040  1.32935e-16
7050  1.40898e-16
7060  1.46434e-16
7070  1.46169e-16
7080  1.39615e-16
7090  1.30441e-16
7100  1.26616e-16
7110  1.34059e-16
7120  1.47939e-16
7130  1.55799e-16
7140  1.51882e-16
7150  1.44059e-16
7160  1.43229e-16
7170  1.50323e-16
7180  1.58007e-16
7190  1.61709e-16
7200  1.62531e-16
7210  1.625e-16
7220  1.62651e-16
7230  1.50291e-16
7240  1.04296e-16
7250  4.71627e-17
7260  1.33136e-17
7270  2.34358e-18
7280  2.59649e-19
7290  1.82838e-20
7300  8.24877e-22
7310  2.39865e-23
7320  4.51557e-25
7330  5.52094e-27
7340  4.39407e-29
7350  2.2803e-31
7360  7.72509e-34
7370  1.70992e-36
7380  2.47444e-39
7390  2.34207e-42
7400  1.45038e-45
7410  5.87796e-49
7420  1.55921e-52
7430  2.70749e-56
7440  3.0779e-60
7450  2.29083e-64
7460  1.11635e-68
7470  3.56199e-73
7480  7.44183e-78
7490  1.01805e-82
7500  9.11938e-88
7510  5.34901e-93
7520  2.05445e-98
7530  5.16694e-104
7540  8.5092e-110
7550  9.17621e-116
7560  6.47972e-122
7570  2.99619e-128
7580  9.07201e-135
7590  1.79869e-141
7600  2.33524e-148
7610  1.98531e-155
7620  1.10521e-162
7630  4.02886e-170
7640  9.61703e-178
7650  1.50321e-185
7660  1.53859e-193
7670  1.0312e-201
7680  4.52572e-210
7690  1.30063e-218
7700  2.44759e-227
7710  3.0161e-236
7720  2.43374e-245
7730  1.28595e-254
7740  4.44934e-264
7750  1.00806e-273
7760  1.49555e-283
7770  1.4529e-293
7780  9.24255e-304
7790  3.85008e-314
7800  0
7810  0
7820  0
7830  0
7840  0
7850  0
7860  0
7870  0
7880  0
7890  0
7900  0
7910  0
7920  0
7930  0
7940  0
7950  0
7960  0
7970  0
7980  0
7990  0
8000  0
8010  0
8020  0
8030  0
8040  0
8050  0
8060  0
8070  0
8080  0
8090  0
8100  0
8110  0
8120  0
8130  0
8140  0
8150  0
8160  0
8170  0
8180  0
8190  0
8200  0
8210  0
8220  0
8230  0
8240  0
8250  0
8260  0
8270  0
8280  0
8290  0
8300  0
8310  0
8320  0
8330  0
8340  0
8350  0
8360  0
8370  0
8380  0
8390  0
8400  0
8410  0
8420  0
8430  0
8440  0
8450  0
8460  0
8470  0
8480  0
8490  0
8500  0