#38.49592072221811
3000  2.45763e-286
3010  2.82626e-279
3020  2.62127e-272
3030  1.96072e-265
3040  1.18284e-258
3050  5.75491e-252
3060  2.25817e-245
3070  7.14626e-239
3080  1.82392e-232
3090  3.75437e-226
3100  6.23266e-220
3110  8.34477e-214
3120  9.01072e-208
3130  7.8471e-202
3140  5.51142e-196
3150  3.12193e-190
3160  1.42622e-184
3170  5.25477e-179
3180  1.56144e-173
3190  3.74199e-168
3200  7.23243e-163
3210  1.12738e-157
3220  1.41729e-152
3230  1.43699e-147
3240  1.17504e-142
3250  7.74919e-138
3260  4.12158e-133
3270  1.76797e-128
3280  6.11631e-124
3290  1.70651e-119
3300  3.83999e-115
3310  6.96876e-111
3320  1.01996e-106
3330  1.20397e-102
3340  1.14616e-98
3350  8.79994e-95
3360  5.44895e-91
3370  2.7211e-87
3380  1.09591e-83
3390  3.55959e-80
3400  9.32436e-77
3410  1.96983e-73
3420  3.35602e-70
3430  4.61107e-67
3440  5.10923e-64
3450  4.56539e-61
3460  3.28973e-58
3470  1.91156e-55
3480  8.95674e-53
3490  3.38396e-50
3500  1.03084e-47
3510  2.53171e-45
3520  5.01256e-43
3530  7.9998e-41
3540  1.02899e-38
3550  1.06656e-36
3560  8.90632e-35
3570  5.99009e-33
3580  3.24367e-31
3590  1.41357e-29
3600  4.95491e-28
3610  1.396e-26
3620  3.15854e-25
3630  5.73267e-24
3640  8.33487e-23
3650  9.69083e-22
3660  8.9911e-21
3670  6.6391e-20
3680  3.88921e-19
3690  1.80067e-18
3700  6.56152e-18
3710  1.87406e-17
3720  4.18431e-17
3730  7.3193e-17
3740  1.01733e-16
3750  1.16696e-16
3760  1.18423e-16
3770  1.15214e-16
3780  1.12744e-16
3790  1.12721e-16
3800  1.1648e-16
3810  1.25196e-16
3820  1.3947e-16
3830  1.59324e-16
3840  1.8414e-16
3850  2.12831e-16
3860  2.43979e-16
3870  2.76056e-16
3880  3.07565e-16
3890  3.37168e-16
3900  3.6372e-16
3910  3.86263e-16
3920  4.04016e-16
3930  4.16354e-16
3940  4.22865e-16
3950  4.23406e-16
3960  4.18171e-16
3970  4.07749e-16
3980  3.93113e-16
3990  3.75538e-16
4000  3.56459e-16
4010  3.37261e-16
4020  3.19092e-16
4030  3.02725e-16
4040  2.88514e-16
4050  2.7643e-16
4060  2.662e-16
4070  2.57472e-16
4080  2.49975e-16
4090  2.43621e-16
4100  2.3852e-16
4110  2.34917e-16
4120  2.33065e-16
4130  2.33093e-16
4140  2.34892e-16
4150  2.38089e-16
4160  2.42103e-16
4170  2.46267e-16
4180  2.50018e-16
4190  2.53048e-16
4200  2.55403e-16
4210  2.5748e-16
4220  2.59911e-16
4230  2.63351e-16
4240  2.68231e-16
4250  2.74545e-16
4260  2.81721e-16
4270  2.88636e-16
4280  2.93781e-16
4290  2.95548e-16
4300  2.92582e-16
4310  2.841e-16
4320  2.70115e-16
4330  2.51533e-16
4340  2.30027e-16
4350  2.07772e-16
4360  1.87085e-16
4370  1.70053e-16
4380  1.58192e-16
4390  1.5224e-16
4400  1.52134e-16
4410  1.57121e-16
4420  1.66006e-16
4430  1.77458e-16
4440  1.90311e-16
4450  2.03823e-16
4460  2.17807e-16
4470  2.32646e-16
4480  2.49185e-16
4490  2.68516e-16
4500  2.91705e-16
4510  3.19507e-16
4520  3.521e-16
4530  3.88897e-16
4540  4.28455e-16
4550  4.6851e-16
4560  5.06175e-16
4570  5.38242e-16
4580  5.61579e-16
4590  5.73553e-16
4600  5.72445e-16
4610  5.57762e-16
4620  5.3034e-16
4630  4.92299e-16
4640  4.46793e-16
4650  3.97642e-16
4660  3.48854e-16
4670  3.04142e-16
4680  2.6653e-16
4690  2.38063e-16
4700  2.19676e-16
4710  2.11174e-16
4720  2.11348e-16
4730  2.18218e-16
4740  2.29317e-16
4750  2.42022e-16
4760  2.53893e-16
4770  2.63019e-16
4780  2.68291e-16
4790  2.69569e-16
4800  2.67714e-16
4810  2.64453e-16
4820  2.62082e-16
4830  2.6302e-16
4840  2.69319e-16
4850  2.82193e-16
4860  3.01675e-16
4870  3.26487e-16
4880  3.54128e-16
4890  3.81255e-16
4900  4.04227e-16
4910  4.19744e-16
4920  4.25422e-16
4930  4.20247e-16
4940  4.04786e-16
4950  3.81027e-16
4960  3.52023e-16
4970  3.21326e-16
4980  2.92372e-16
4990  2.67897e-16
5000  2.49553e-16
5010  2.37771e-16
5020  2.31862e-16
5030  2.30337e-16
5040  2.31312e-16
5050  2.32967e-16
5060  2.3392e-16
5070  2.33439e-16
5080  2.315e-16
5090  2.28687e-16
5100  2.25989e-16
5110  2.24529e-16
5120  2.25332e-16
5130  2.29129e-16
5140  2.36267e-16
5150  2.4669e-16
5160  2.59999e-16
5170  2.75577e-16
5180  2.92702e-16
5190  3.10662e-16
5200  3.28826e-16
5210  3.46674e-16
5220  3.63791e-16
5230  3.79829e-16
5240  3.9447e-16
5250  4.074e-16
5260  4.18315e-16
5270  4.26965e-16
5280  4.33223e-16
5290  4.37155e-16
5300  4.39088e-16
5310  4.39634e-16
5320  4.39661e-16
5330  4.40208e-16
5340  4.4235e-16
5350  4.47052e-16
5360  4.55032e-16
5370  4.66652e-16
5380  4.81865e-16
5390  5.00259e-16
5400  5.21133e-16
5410  5.43623e-16
5420  5.66845e-16
5430  5.9e-16
5440  6.12463e-16
5450  6.33797e-16
5460  6.53717e-16
5470  6.72016e-16
5480  6.88468e-16
5490  7.02754e-16
5500  7.14392e-16
5510  7.22753e-16
5520  7.27114e-16
5530  7.26761e-16
5540  7.21145e-16
5550  7.1001e-16
5560  6.93476e-16
5570  6.7209e-16
5580  6.46761e-16
5590  6.18665e-16
5600  5.89078e-16
5610  5.59202e-16
5620  5.30042e-16
5630  5.02338e-16
5640  4.76593e-16
5650  4.53145e-16
5660  4.32305e-16
5670  4.14476e-16
5680  4.00226e-16
5690  3.90295e-16
5700  3.85487e-16
5710  3.86498e-16
5720  3.9374e-16
5730  4.07136e-16
5740  4.2602e-16
5750  4.49113e-16
5760  4.7461e-16
5770  5.00401e-16
5780  5.24321e-16
5790  5.44437e-16
5800  5.5927e-16
5810  5.67971e-16
5820  5.70366e-16
5830  5.66893e-16
5840  5.58446e-16
5850  5.4617e-16
5860  5.31251e-16
5870  5.14723e-16
5880  4.97352e-16
5890  4.79586e-16
5900  4.61601e-16
5910  4.43395e-16
5920  4.24921e-16
5930  4.06218e-16
5940  3.87502e-16
5950  3.69208e-16
5960  3.51958e-16
5970  3.36469e-16
5980  3.23419e-16
5990  3.13302e-16
6000  3.06315e-16
6010  3.02279e-16
6020  3.00651e-16
6030  3.00579e-16
6040  3.01042e-16
6050  3.01014e-16
6060  2.99642e-16
6070  2.96395e-16
6080  2.91162e-16
6090  2.84294e-16
6100  2.76546e-16
6110  2.6895e-16
6120  2.62632e-16
6130  2.58603e-16
6140  2.57562e-16
6150  2.59739e-16
6160  2.64852e-16
6170  2.72136e-16
6180  2.8048e-16
6190  2.88621e-16
6200  2.95374e-16
6210  2.99842e-16
6220  3.01569e-16
6230  3.00614e-16
6240  2.97524e-16
6250  2.93259e-16
6260  2.89008e-16
6270  2.86008e-16
6280  2.85353e-16
6290  2.87835e-16
6300  2.93846e-16
6310  3.03334e-16
6320  3.15852e-16
6330  3.30673e-16
6340  3.46929e-16
6350  3.63787e-16
6360  3.80579e-16
6370  3.96906e-16
6380  4.12652e-16
6390  4.27939e-16
6400  4.43009e-16
6410  4.58092e-16
6420  4.73266e-16
6430  4.88367e-16
6440  5.02964e-16
6450  5.164e-16
6460  5.27898e-16
6470  5.36696e-16
6480  5.42192e-16
6490  5.44038e-16
6500  5.42182e-16
6510  5.36857e-16
6520  5.28502e-16
6530  5.17665e-16
6540  5.04891e-16
6550  4.90631e-16
6560  4.75198e-16
6570  4.58769e-16
6580  4.41411e-16
6590  4.23153e-16
6600  4.04039e-16
6610  3.84179e-16
6620  3.63767e-16
6630  3.43083e-16
6640  3.22463e-16
6650  3.02253e-16
6660  2.82783e-16
6670  2.64324e-16
6680  2.47084e-16
6690  2.31194e-16
6700  2.16726e-16
6710  2.03714e-16
6720  1.92171e-16
6730  1.82113e-16
6740  1.73573e-16
6750  1.66599e-16
6760  1.61244e-16
6770  1.57556e-16
6780  1.5554e-16
6790  1.55141e-16
6800  1.56222e-16
6810  1.58554e-16
6820  1.61838e-16
6830  1.65726e-16
6840  1.69863e-16
6850  1.73925e-16
6860  1.77656e-16
6870  1.80883e-16
6880  1.83517e-16
6890  1.85545e-16
6900  1.86993e-16
6910  1.87909e-16
6920  1.88334e-16
6930  1.88293e-16
6940  1.87794e-16
6950  1.86842e-16
6960  1.85467e-16
6970  1.83733e-16
6980  1.81765e-16
6990  1.79747e-16
7000  1.7791e-16
7010  1.76514e-16
7020  1.75804e-16
7030  1.7598e-16
7040  1.77156e-16
7050  1.79341e-16
7060  1.82433e-16
7070  1.86234e-16
7080  1.90481e-16
7090  1.94892e-16
7100  1.99218e-16
7110  2.03282e-16
7120  2.07011e-16
7130  2.10444e-16
7140  2.13712e-16
7150  2.17011e-16
7160  2.20545e-16
7170  2.24471e-16
7180  2.28856e-16
7190  2.33643e-16
7200  2.38645e-16
7210  2.43572e-16
7220  2.48086e-16
7230  2.51868e-16
7240  2.54694e-16
7250  2.56498e-16
7260  2.5739e-16
7270  2.57643e-16
7280  2.57641e-16
7290  2.57791e-16
7300  2.58431e-16
7310  2.59755e-16
7320  2.61778e-16
7330  2.64339e-16
7340  2.67154e-16
7350  2.69892e-16
7360  2.72258e-16
7370  2.7406e-16
7380  2.7523e-16
7390  2.75811e-16
7400  2.75894e-16
7410  2.75554e-16
7420  2.74782e-16
7430  2.73454e-16
7440  2.71354e-16
7450  2.68235e-16
7460  2.63925e-16
7470  2.58424e-16
7480  2.51978e-16
7490  2.45088e-16
7500  2.38456e-16
7510  2.32866e-16
7520  2.29029e-16
7530  2.27433e-16
7540  2.28251e-16
7550  2.31304e-16
7560  2.3612e-16
7570  2.42039e-16
7580  2.48369e-16
7590  2.54528e-16
7600  2.60149e-16
7610  2.65113e-16
7620  2.69529e-16
7630  2.73651e-16
7640  2.7777e-16
7650  2.82112e-16
7660  2.86755e-16
7670  2.91599e-16
7680  2.96383e-16
7690  3.00743e-16
7700  3.0429e-16
7710  3.06696e-16
7720  3.07761e-16
7730  3.0745e-16
7740  3.05893e-16
7750  3.03347e-16
7760  3.0013e-16
7770  2.96556e-16
7780  2.92864e-16
7790  2.89171e-16
7800  2.85455e-16
7810  2.81563e-16
7820  2.77247e-16
7830  2.72226e-16
7840  2.66237e-16
7850  2.59098e-16
7860  2.50746e-16
7870  2.41248e-16
7880  2.30802e-16
7890  2.19708e-16
7900  2.08333e-16
7910  1.97074e-16
7920  1.86311e-16
7930  1.76377e-16
7940  1.67533e-16
7950  1.59958e-16
7960  1.53736e-16
7970  1.48863e-16
7980  1.45253e-16
7990  1.42742e-16
8000  1.41099e-16
8010  1.40023e-16
8020  1.39157e-16
8030  1.38098e-16
8040  1.36429e-16
8050  1.33755e-16
8060  1.29746e-16
8070  1.24203e-16
8080  1.17091e-16
8090  1.08566e-16
8100  9.89742e-17
8110  8.88125e-17
8120  7.86773e-17
8130  6.91757e-17
8140  6.08451e-17
8150  5.40769e-17
8160  4.90683e-17
8170  4.58013e-17
8180  4.40541e-17
8190  4.34525e-17
8200  4.35417e-17
8210  4.38683e-17
8220  4.40606e-17
8230  4.38929e-17
8240  4.33197e-17
8250  4.24704e-17
8260  4.16075e-17
8270  4.10555e-17
8280  4.11163e-17
8290  4.19892e-17
8300  4.37181e-17
8310  4.61799e-17
8320  4.91141e-17
8330  5.21873e-17
8340  5.50762e-17
8350  5.75495e-17
8360  5.953e-17
8370  6.11231e-17
8380  6.26138e-17
8390  6.44329e-17
8400  6.70992e-17
8410  7.11416e-17
8420  7.70178e-17
8430  8.50237e-17
8440  9.52188e-17
8450  1.07369e-16
8460  1.20934e-16
8470  1.35115e-16
8480  1.48962e-16
8490  1.61517e-16
8500  1.71985e-16
8510  1.79893e-16
8520  1.85182e-16
8530  1.88212e-16
8540  1.89688e-16
8550  1.905e-16
8560  1.91522e-16
8570  1.93414e-16
8580  1.96484e-16
8590  2.00632e-16
8600  2.05399e-16
8610  2.10103e-16
8620  2.14025e-16
8630  2.16606e-16
8640  2.17583e-16
8650  2.17067e-16
8660  2.15501e-16
8670  2.13552e-16
8680  2.11939e-16
8690  2.11251e-16
8700  2.11802e-16
8710  2.13549e-16
8720  2.16111e-16
8730  2.18843e-16
8740  2.20992e-16
8750  2.21862e-16
8760  2.20963e-16
8770  2.18103e-16
8780  2.1343e-16
8790  2.07393e-16
8800  2.00643e-16
8810  1.93912e-16
8820  1.8787e-16
8830  1.83015e-16
8840  1.79576e-16
8850  1.77481e-16
8860  1.7638e-16
8870  1.757e-16
8880  1.74754e-16
8890  1.72866e-16
8900  1.69495e-16
8910  1.6434e-16
8920  1.57401e-16
8930  1.48988e-16
8940  1.39688e-16
8950  1.30272e-16
8960  1.21566e-16
8970  1.14326e-16
8980  1.09103e-16
8990  1.06165e-16
9000  1.05455e-16