#-9.875340733076076
3000  0
3030  0
3060  0
3090  0
3120  0
3150  0
3180  0
3210  0
3240  0
3270  0
3300  0
3330  0
3360  0
3390  8.14083e-16
3420  8.94727e-16
3450  9.14539e-16
3480  8.33402e-16
3510  7.66956e-16
3540  7.9632e-16
3570  8.45879e-16
3600  8.10665e-16
3630  7.07285e-16
3660  6.37066e-16
3690  6.52292e-16
3720  7.05425e-16
3750  7.1877e-16
3780  6.80877e-16
3810  6.58058e-16
3840  7.08612e-16
3870  8.04399e-16
3900  8.61266e-16
3930  8.45873e-16
3960  8.16149e-16
3990  8.35442e-16
4020  8.82972e-16
4050  8.89589e-16
4080  8.37257e-16
4110  7.72295e-16
4140  7.30342e-16
4170  6.99611e-16
4200  6.62192e-16
4230  6.30219e-16
4260  6.2504e-16
4290  6.39222e-16
4320  6.40111e-16
4350  6.15086e-16
4380  5.92337e-16
4410  5.99015e-16
4440  6.20788e-16
4470  6.29823e-16
4500  6.31386e-16
4530  6.47347e-16
4560  6.68908e-16
4590  6.65327e-16
4620  6.32528e-16
4650  5.98446e-16
4680  5.85008e-16
4710  5.90471e-16
4740  6.01192e-16
4770  6.01095e-16
4800  5.78564e-16
4830  5.39891e-16
4860  5.07952e-16
4890  4.96141e-16
4920  4.94341e-16
4950  4.89463e-16
4980  4.84352e-16
5010  4.86464e-16
5040  4.92444e-16
5070  4.94294e-16
5100  4.92385e-16
5130  4.9199e-16
5160  4.8937e-16
5190  4.74551e-16
5220  4.50719e-16
5250  4.35458e-16
5280  4.36512e-16
5310  4.41003e-16
5340  4.35967e-16
5370  4.2674e-16
5400  4.25159e-16
5430  4.283e-16
5460  4.23136e-16
5490  4.09638e-16
5520  4.02188e-16
5550  4.06444e-16
5580  4.11961e-16
5610  4.10581e-16
5640  4.0668e-16
5670  4.05829e-16
5700  4.05396e-16
5730  4.0097e-16
5760  3.94269e-16
5790  3.89241e-16
5820  3.86348e-16
5850  3.85393e-16
5880  3.86048e-16
5910  3.83608e-16
5940  3.7462e-16
5970  3.64384e-16
6000  3.57421e-16
6030  3.47768e-16
6060  3.31567e-16
6090  3.18159e-16
6120  3.14403e-16
6150  3.12716e-16
6180  3.07918e-16
6210  3.08156e-16
6240  3.19279e-16
6270  3.33388e-16
6300  3.38643e-16
6330  3.33776e-16
6360  3.29503e-16
6390  3.32296e-16
6420  3.30619e-16
6450  3.14536e-16
6480  3.06354e-16
6510  3.36215e-16
6540  3.82816e-16
6570  3.8823e-16
6600  3.43384e-16
6630  3.03177e-16
6660  3.04352e-16
6690  3.23922e-16
6720  3.29569e-16
6750  3.21546e-16
6780  3.11651e-16
6810  2.99952e-16
6840  2.86815e-16
6870  2.79496e-16
6900  2.78793e-16
6930  2.79103e-16
6960  2.79473e-16
6990  2.80944e-16
7020  2.81242e-16
7050  2.79572e-16
7080  2.78152e-16
7110  2.77801e-16
7140  2.77784e-16
7170  0
7200  0
7230  0
7260  0
7290  0
7320  0
7350  0
7380  0
7410  0
7440  0
7470  0
7500  0
7530  0
7560  0
7590  0
7620  0
7650  0
7680  0
7710  0
7740  0
7770  0
7800  0
7830  0
7860  0
7890  0
7920  0
7950  0
7980  0
8010  0
8040  0
8070  0
8100  0
8130  0
8160  0
8190  0
8220  0
8250  0
8280  0
8310  0
8340  0
8370  0
8400  0
8430  0
8460  0
8490  0
8520  0
8550  0
8580  0
8610  0
8640  0
8670  0
8700  0
8730  0
8760  0
8790  0
8820  0
8850  0
8880  0
8910  0
8940  0
8970  0
9000  0