#34.71255221802412
3000  4.66263e-99
3010  1.46677e-95
3020  3.88322e-92
3030  8.65207e-89
3040  1.62235e-85
3050  2.56015e-82
3060  3.40001e-79
3070  3.80004e-76
3080  3.57426e-73
3090  2.82925e-70
3100  1.8847e-67
3110  1.05656e-64
3120  4.98448e-62
3130  1.97887e-59
3140  6.61112e-57
3150  1.8586e-54
3160  4.39684e-52
3170  8.75231e-50
3180  1.46594e-47
3190  2.06585e-45
3200  2.44932e-43
3210  2.44301e-41
3220  2.04974e-39
3230  1.4465e-37
3240  8.58462e-36
3250  4.28389e-34
3260  1.79713e-32
3270  6.33627e-31
3280  1.87701e-29
3290  4.66992e-28
3300  9.75353e-27
3310  1.70912e-25
3320  2.51092e-24
3330  3.09009e-23
3340  3.18224e-22
3350  2.73883e-21
3360  1.96699e-20
3370  1.17667e-19
3380  5.85047e-19
3390  2.41192e-18
3400  8.22317e-18
3410  2.31288e-17
3420  5.35813e-17
3430  1.02328e-16
3440  1.6214e-16
3450  2.16884e-16
3460  2.53499e-16
3470  2.72505e-16
3480  2.83201e-16
3490  2.91556e-16
3500  2.9764e-16
3510  3.00539e-16
3520  3.00197e-16
3530  2.96813e-16
3540  2.90994e-16
3550  2.837e-16
3560  2.76092e-16
3570  2.69509e-16
3580  2.65281e-16
3590  2.64601e-16
3600  2.68346e-16
3610  2.76896e-16
3620  2.90023e-16
3630  3.06808e-16
3640  3.25695e-16
3650  3.44627e-16
3660  3.61284e-16
3670  3.73379e-16
3680  3.7898e-16
3690  3.76812e-16
3700  3.6648e-16
3710  3.48606e-16
3720  3.24841e-16
3730  2.97747e-16
3740  2.70545e-16
3750  2.46762e-16
3760  2.29808e-16
3770  2.22557e-16
3780  2.26986e-16
3790  2.43942e-16
3800  2.73063e-16
3810  3.1289e-16
3820  3.61104e-16
3830  4.14866e-16
3840  4.71162e-16
3850  5.27098e-16
3860  5.801e-16
3870  6.27994e-16
3880  6.68995e-16
3890  7.01656e-16
3900  7.24829e-16
3910  7.37685e-16
3920  7.39801e-16
3930  7.31289e-16
3940  7.12916e-16
3950  6.86149e-16
3960  6.53089e-16
3970  6.16261e-16
3980  5.78304e-16
3990  5.41624e-16
4000  5.08097e-16
4010  4.78897e-16
4020  4.54493e-16
4030  4.34809e-16
4040  4.19499e-16
4050  4.08226e-16
4060  4.00869e-16
4070  3.97591e-16
4080  3.98729e-16
4090  4.04555e-16
4100  4.14987e-16
4110  4.2936e-16
4120  4.46331e-16
4130  4.63996e-16
4140  4.80196e-16
4150  4.92957e-16
4160  5.0095e-16
4170  5.03854e-16
4180  5.02494e-16
4190  4.98724e-16
4200  4.95037e-16
4210  4.93991e-16
4220  4.97572e-16
4230  5.06646e-16
4240  5.20632e-16
4250  5.37481e-16
4260  5.53987e-16
4270  5.6636e-16
4280  5.70954e-16
4290  5.64984e-16
4300  5.47103e-16
4310  5.17698e-16
4320  4.78863e-16
4330  4.34069e-16
4340  3.87606e-16
4350  3.4391e-16
4360  3.06926e-16
4370  2.79597e-16
4380  2.63574e-16
4390  2.59166e-16
4400  2.65499e-16
4410  2.80845e-16
4420  3.03045e-16
4430  3.29941e-16
4440  3.59766e-16
4450  3.91442e-16
4460  4.24732e-16
4470  4.60237e-16
4480  4.99228e-16
4490  5.43308e-16
4500  5.93946e-16
4510  6.51943e-16
4520  7.16917e-16
4530  7.86931e-16
4540  8.58373e-16
4550  9.26183e-16
4560  9.84424e-16
4570  1.02716e-15
4580  1.04949e-15
4590  1.04844e-15
4600  1.02369e-15
4610  9.77693e-16
4620  9.15369e-16
4630  8.43256e-16
4640  7.68391e-16
4650  6.97171e-16
4660  6.34439e-16
4670  5.82984e-16
4680  5.43527e-16
4690  5.15111e-16
4700  4.95745e-16
4710  4.83073e-16
4720  4.74888e-16
4730  4.6941e-16
4740  4.65317e-16
4750  4.61638e-16
4760  4.57633e-16
4770  4.52766e-16
4780  4.46814e-16
4790  4.40074e-16
4800  4.33556e-16
4810  4.29038e-16
4820  4.28889e-16
4830  4.35621e-16
4840  4.51262e-16
4850  4.76678e-16
4860  5.11034e-16
4870  5.51578e-16
4880  5.93841e-16
4890  6.32264e-16
4900  6.6115e-16
4910  6.75729e-16
4920  6.73117e-16
4930  6.52942e-16
4940  6.17467e-16
4950  5.71205e-16
4960  5.20083e-16
4970  4.70357e-16
4980  4.27514e-16
4990  3.95388e-16
5000  3.75659e-16
5010  3.67836e-16
5020  3.69665e-16
5030  3.77819e-16
5040  3.88734e-16
5050  3.99352e-16
5060  4.07666e-16
5070  4.12962e-16
5080  4.15752e-16
5090  4.17472e-16
5100  4.20048e-16
5110  4.25437e-16
5120  4.35249e-16
5130  4.50519e-16
5140  4.71616e-16
5150  4.98296e-16
5160  5.29816e-16
5170  5.65072e-16
5180  6.02723e-16
5190  6.41281e-16
5200  6.79193e-16
5210  7.14937e-16
5220  7.4716e-16
5230  7.74868e-16
5240  7.97644e-16
5250  8.15831e-16
5260  8.30629e-16
5270  8.4402e-16
5280  8.5851e-16
5290  8.76678e-16
5300  9.00637e-16
5310  9.31489e-16
5320  9.68917e-16
5330  1.01105e-15
5340  1.05466e-15
5350  1.09565e-15
5360  1.12981e-15
5370  1.15369e-15
5380  1.16535e-15
5390  1.16484e-15
5400  1.15437e-15
5410  1.13794e-15
5420  1.12075e-15
5430  1.10826e-15
5440  1.10524e-15
5450  1.11496e-15
5460  1.13865e-15
5470  1.17532e-15
5480  1.22201e-15
5490  1.27424e-15
5500  1.32683e-15
5510  1.37454e-15
5520  1.41287e-15
5530  1.43844e-15
5540  1.44937e-15
5550  1.44519e-15
5560  1.42675e-15
5570  1.39592e-15
5580  1.35525e-15
5590  1.30756e-15
5600  1.2557e-15
5610  1.20228e-15
5620  1.14953e-15
5630  1.0992e-15
5640  1.05254e-15
5650  1.01035e-15
5660  9.73104e-16
5670  9.41057e-16
5680  9.14433e-16
5690  8.93548e-16
5700  8.78897e-16
5710  8.7117e-16
5720  8.71149e-16
5730  8.79524e-16
5740  8.96632e-16
5750  9.22177e-16
5760  9.55021e-16
5770  9.9308e-16
5780  1.0334e-15
5790  1.07241e-15
5800  1.10633e-15
5810  1.1317e-15
5820  1.14586e-15
5830  1.1474e-15
5840  1.13635e-15
5850  1.11417e-15
5860  1.08341e-15
5870  1.04726e-15
5880  1.00895e-15
5890  9.71133e-16
5900  9.35481e-16
5910  9.02521e-16
5920  8.71725e-16
5930  8.41885e-16
5940  8.11628e-16
5950  7.79935e-16
5960  7.46547e-16
5970  7.12097e-16
5980  6.77996e-16
5990  6.46076e-16
6000  6.18118e-16
6010  5.95422e-16
6020  5.78514e-16
6030  5.67115e-16
6040  5.60316e-16
6050  5.56915e-16
6060  5.55805e-16
6070  5.56248e-16
6080  5.57997e-16
6090  5.6122e-16
6100  5.66271e-16
6110  5.73416e-16
6120  5.82604e-16
6130  5.93358e-16
6140  6.04843e-16
6150  6.16044e-16
6160  6.2601e-16
6170  6.34072e-16
6180  6.39949e-16
6190  6.4374e-16
6200  6.45777e-16
6210  6.46447e-16
6220  6.46001e-16
6230  6.44471e-16
6240  6.41686e-16
6250  6.37405e-16
6260  6.31511e-16
6270  6.24209e-16
6280  6.16146e-16
6290  6.08421e-16
6300  6.0247e-16
6310  5.9985e-16
6320  6.01967e-16
6330  6.09833e-16
6340  6.23896e-16
6350  6.43991e-16
6360  6.694e-16
6370  6.99019e-16
6380  7.31572e-16
6390  7.65818e-16
6400  8.00696e-16
6410  8.35403e-16
6420  8.69374e-16
6430  9.02196e-16
6440  9.33501e-16
6450  9.62868e-16
6460  9.8977e-16
6470  1.01358e-15
6480  1.03366e-15
6490  1.04945e-15
6500  1.06055e-15
6510  1.06684e-15
6520  1.06853e-15
6530  1.06602e-15
6540  1.0599e-15
6550  1.0508e-15
6560  1.03921e-15
6570  1.02541e-15
6580  1.00941e-15
6590  9.90926e-16
6600  9.69484e-16
6610  9.44526e-16
6620  9.15562e-16
6630  8.8232e-16
6640  8.44876e-16
6650  8.03725e-16
6660  7.59787e-16
6670  7.14359e-16
6680  6.68991e-16
6690  6.25337e-16
6700  5.84988e-16
6710  5.49309e-16
6720  5.19319e-16
6730  4.9562e-16
6740  4.78374e-16
6750  4.67329e-16
6760  4.61889e-16
6770  4.61184e-16
6780  4.64155e-16
6790  4.69632e-16
6800  4.76389e-16
6810  4.83199e-16
6820  4.88904e-16
6830  4.92467e-16
6840  4.93061e-16
6850  4.90152e-16
6860  4.83565e-16
6870  4.7353e-16
6880  4.60674e-16
6890  4.45947e-16
6900  4.30497e-16
6910  4.15498e-16
6920  4.01971e-16
6930  3.90629e-16
6940  3.81785e-16
6950  3.75332e-16
6960  3.70818e-16
6970  3.67588e-16
6980  3.64948e-16
6990  3.62335e-16
7000  3.59436e-16
7010  3.56224e-16
7020  3.52935e-16
7030  3.49959e-16
7040  3.47711e-16
7050  3.46498e-16
7060  3.46428e-16
7070  3.47383e-16
7080  3.49053e-16
7090  3.51042e-16
7100  3.52988e-16
7110  3.54697e-16
7120  3.56233e-16
7130  3.57957e-16
7140  3.60477e-16
7150  3.64554e-16
7160  3.70946e-16
7170  3.80233e-16
7180  3.92677e-16
7190  4.08122e-16
7200  4.25968e-16
7210  4.45245e-16
7220  4.64735e-16
7230  4.83158e-16
7240  4.9936e-16
7250  5.12472e-16
7260  5.22014e-16
7270  5.27915e-16
7280  5.30458e-16
7290  5.30163e-16
7300  5.27651e-16
7310  5.23516e-16
7320  5.18238e-16
7330  5.12176e-16
7340  5.05612e-16
7350  4.98843e-16
7360  4.92289e-16
7370  4.86553e-16
7380  4.8243e-16
7390  4.80812e-16
7400  4.82539e-16
7410  4.88188e-16
7420  4.97884e-16
7430  5.1116e-16
7440  5.26926e-16
7450  5.43566e-16
7460  5.59144e-16
7470  5.71687e-16
7480  5.79501e-16
7490  5.81441e-16
7500  5.77093e-16
7510  5.66836e-16
7520  5.51784e-16
7530  5.33605e-16
7540  5.14282e-16
7550  4.95846e-16
7560  4.80129e-16
7570  4.68575e-16
7580  4.62128e-16
7590  4.61206e-16
7600  4.65732e-16
7610  4.75227e-16
7620  4.88928e-16
7630  5.05899e-16
7640  5.25137e-16
7650  5.45666e-16
7660  5.66581e-16
7670  5.87091e-16
7680  6.06528e-16
7690  6.24348e-16
7700  6.40118e-16
7710  6.53499e-16
7720  6.64227e-16
7730  6.72093e-16
7740  6.76933e-16
7750  6.78625e-16
7760  6.77094e-16
7770  6.72322e-16
7780  6.64372e-16
7790  6.5339e-16
7800  6.39612e-16
7810  6.23356e-16
7820  6.05005e-16
7830  5.84968e-16
7840  5.63667e-16
7850  5.41504e-16
7860  5.18857e-16
7870  4.96083e-16
7880  4.73532e-16
7890  4.51556e-16
7900  4.30514e-16
7910  4.10767e-16
7920  3.92642e-16
7930  3.76397e-16
7940  3.6218e-16
7950  3.49996e-16
7960  3.39702e-16
7970  3.31031e-16
7980  3.23638e-16
7990  3.17165e-16
8000  3.11292e-16
8010  3.05777e-16
8020  3.00446e-16
8030  2.95142e-16
8040  2.89645e-16
8050  2.83585e-16
8060  2.76383e-16
8070  2.67253e-16
8080  2.55293e-16
8090  2.39654e-16
8100  2.1978e-16
8110  1.95652e-16
8120  1.6799e-16
8130  1.3834e-16
8140  1.08994e-16
8150  8.27443e-17
8160  6.24703e-17
8170  5.06351e-17
8180  4.87891e-17
8190  5.71654e-17
8200  7.44871e-17
8210  9.8063e-17
8220  1.24162e-16
8230  1.48636e-16
8240  1.67695e-16
8250  1.78673e-16
8260  1.80621e-16
8270  1.74603e-16
8280  1.63589e-16
8290  1.51955e-16
8300  1.44664e-16
8310  1.46321e-16
8320  1.60257e-16
8330  1.87871e-16
8340  2.28361e-16
8350  2.78878e-16
8360  3.3508e-16
8370  3.91941e-16
8380  4.44649e-16
8390  4.89392e-16
8400  5.23888e-16
8410  5.47579e-16
8420  5.61482e-16
8430  5.67763e-16
8440  5.69168e-16
8450  5.68429e-16
8460  5.67776e-16
8470  5.6863e-16
8480  5.71515e-16
8490  5.76163e-16
8500  5.81765e-16
8510  5.87279e-16
8520  5.91724e-16
8530  5.94407e-16
8540  5.95033e-16
8550  5.93717e-16
8560  5.90896e-16
8570  5.87199e-16
8580  5.83301e-16
8590  5.79799e-16
8600  5.77132e-16
8610  5.75556e-16
8620  5.75158e-16
8630  5.7589e-16
8640  5.77626e-16
8650  5.80197e-16
8660  5.83423e-16
8670  5.87124e-16
8680  5.91128e-16
8690  5.95266e-16
8700  5.9939e-16
8710  6.03375e-16
8720  6.07138e-16
8730  6.10652e-16
8740  6.1394e-16
8750  6.17055e-16
8760  6.20053e-16
8770  6.22937e-16
8780  6.25623e-16
8790  6.27901e-16
8800  6.29441e-16
8810  6.29823e-16
8820  6.28595e-16
8830  6.25356e-16
8840  6.19834e-16
8850  6.11957e-16
8860  6.01877e-16
8870  5.89959e-16
8880  5.76726e-16
8890  5.62773e-16
8900  5.48666e-16
8910  5.34859e-16
8920  5.21635e-16
8930  5.09079e-16
8940  4.97113e-16
8950  4.85547e-16
8960  4.74164e-16
8970  4.62793e-16
8980  4.51382e-16
8990  4.40031e-16
9000  4.28992e-16