#-1.474266770515901
3000  0
3010  0
3020  0
3030  0
3040  0
3050  0
3060  0
3070  0
3080  0
3090  0
3100  0
3110  0
3120  0
3130  0
3140  0
3150  0
3160  0
3170  0
3180  0
3190  0
3200  0
3210  0
3220  0
3230  0
3240  0
3250  0
3260  0
3270  0
3280  0
3290  0
3300  0
3310  0
3320  0
3330  0
3340  0
3350  0
3360  0
3370  0
3380  0
3390  0
3400  0
3410  0
3420  0
3430  0
3440  0
3450  0
3460  0
3470  0
3480  0
3490  0
3500  0
3510  0
3520  0
3530  0
3540  0
3550  0
3560  0
3570  0
3580  0
3590  0
3600  0
3610  7.32013e-16
3620  6.73882e-16
3630  6.08111e-16
3640  5.39478e-16
3650  4.73208e-16
3660  4.14193e-16
3670  3.66284e-16
3680  3.31807e-16
3690  3.11377e-16
3700  3.04039e-16
3710  3.0769e-16
3720  3.19698e-16
3730  3.37571e-16
3740  3.59566e-16
3750  3.85102e-16
3760  4.14901e-16
3770  4.50836e-16
3780  4.95494e-16
3790  5.5154e-16
3800  6.20996e-16
3810  7.04567e-16
3820  8.01144e-16
3830  9.07612e-16
3840  1.01899e-15
3850  1.12895e-15
3860  1.23056e-15
3870  1.31723e-15
3880  1.3836e-15
3890  1.4263e-15
3900  1.44437e-15
3910  1.43934e-15
3920  1.41499e-15
3930  1.37679e-15
3940  1.33117e-15
3950  1.28474e-15
3960  1.24358e-15
3970  1.21263e-15
3980  1.19531e-15
3990  1.19322e-15
4000  1.2062e-15
4010  1.23237e-15
4020  1.26848e-15
4030  1.31033e-15
4040  1.35328e-15
4050  1.39278e-15
4060  1.42495e-15
4070  1.44698e-15
4080  1.45742e-15
4090  1.4562e-15
4100  1.44451e-15
4110  1.42442e-15
4120  1.3984e-15
4130  1.36882e-15
4140  1.33753e-15
4150  1.30558e-15
4160  1.27311e-15
4170  1.23947e-15
4180  1.20351e-15
4190  1.16392e-15
4200  1.11959e-15
4210  1.07002e-15
4220  1.01547e-15
4230  9.57112e-16
4240  8.96989e-16
4250  8.37848e-16
4260  7.82857e-16
4270  7.35245e-16
4280  6.979e-16
4290  6.72975e-16
4300  6.6156e-16
4310  6.63478e-16
4320  6.77252e-16
4330  7.00277e-16
4340  7.29176e-16
4350  7.60323e-16
4360  7.9043e-16
4370  8.17101e-16
4380  8.3923e-16
4390  8.57157e-16
4400  8.72516e-16
4410  8.8781e-16
4420  9.05774e-16
4430  9.28685e-16
4440  9.57763e-16
4450  9.92816e-16
4460  1.03221e-15
4470  1.07314e-15
4480  1.11221e-15
4490  1.14607e-15
4500  1.172e-15
4510  1.18839e-15
4520  1.19478e-15
4530  1.19179e-15
4540  1.18074e-15
4550  1.16318e-15
4560  1.14049e-15
4570  1.11364e-15
4580  1.08314e-15
4590  1.04919e-15
4600  1.01201e-15
4610  9.72042e-16
4620  9.3024e-16
4630  8.88037e-16
4640  8.47214e-16
4650  8.096e-16
4660  7.76717e-16
4670  7.49477e-16
4680  7.28003e-16
4690  7.11633e-16
4700  6.99097e-16
4710  6.88809e-16
4720  6.79215e-16
4730  6.69089e-16
4740  6.57727e-16
4750  6.44998e-16
4760  6.31259e-16
4770  6.17176e-16
4780  6.035e-16
4790  5.90861e-16
4800  5.79632e-16
4810  5.69881e-16
4820  5.61418e-16
4830  5.53905e-16
4840  5.46999e-16
4850  5.40492e-16
4860  5.34386e-16
4870  5.28917e-16
4880  5.24488e-16
4890  5.21566e-16
4900  5.20547e-16
4910  5.21648e-16
4920  5.24846e-16
4930  5.29899e-16
4940  5.3642e-16
4950  5.44015e-16
4960  5.52407e-16
4970  5.61545e-16
4980  5.71625e-16
4990  5.83049e-16
5000  5.96292e-16
5010  6.11743e-16
5020  6.29546e-16
5030  6.49493e-16
5040  6.71004e-16
5050  6.93202e-16
5060  7.15062e-16
5070  7.35595e-16
5080  7.54011e-16
5090  7.69811e-16
5100  7.82785e-16
5110  7.92914e-16
5120  8.00213e-16
5130  8.04561e-16
5140  8.05593e-16
5150  8.02685e-16
5160  7.9505e-16
5170  7.81951e-16
5180  7.62941e-16
5190  7.38107e-16
5200  7.08214e-16
5210  6.74724e-16
5220  6.39669e-16
5230  6.05399e-16
5240  5.74259e-16
5250  5.48265e-16
5260  5.28841e-16
5270  5.16656e-16
5280  5.11588e-16
5290  5.12808e-16
5300  5.18926e-16
5310  5.28201e-16
5320  5.38733e-16
5330  5.4865e-16
5340  5.56265e-16
5350  5.60205e-16
5360  5.59527e-16
5370  5.53815e-16
5380  5.43264e-16
5390  5.28717e-16
5400  5.1164e-16
5410  4.94017e-16
5420  4.78147e-16
5430  4.66363e-16
5440  4.60705e-16
5450  4.62601e-16
5460  4.72616e-16
5470  4.90325e-16
5480  5.14343e-16
5490  5.42523e-16
5500  5.72275e-16
5510  6.00969e-16
5520  6.26319e-16
5530  6.46704e-16
5540  6.61339e-16
5550  6.70286e-16
5560  6.74313e-16
5570  6.74636e-16
5580  6.72609e-16
5590  6.69439e-16
5600  6.65973e-16
5610  6.62603e-16
5620  6.59282e-16
5630  6.55646e-16
5640  6.51183e-16
5650  6.45425e-16
5660  6.38097e-16
5670  6.2922e-16
5680  6.19127e-16
5690  6.08431e-16
5700  5.9792e-16
5710  5.88434e-16
5720  5.80734e-16
5730  5.75375e-16
5740  5.72629e-16
5750  5.72439e-16
5760  5.74436e-16
5770  5.78004e-16
5780  5.82392e-16
5790  5.86849e-16
5800  5.9076e-16
5810  5.93751e-16
5820  5.95745e-16
5830  5.96944e-16
5840  5.9775e-16
5850  5.98622e-16
5860  5.99911e-16
5870  6.01714e-16
5880  6.03767e-16
5890  6.05421e-16
5900  6.05706e-16
5910  6.03472e-16
5920  5.97582e-16
5930  5.87117e-16
5940  5.71551e-16
5950  5.50854e-16
5960  5.25511e-16
5970  4.96442e-16
5980  4.64861e-16
5990  4.32087e-16
6000  3.99365e-16
6010  3.67733e-16
6020  3.37946e-16
6030  3.1049e-16
6040  2.85641e-16
6050  2.63571e-16
6060  2.44452e-16
6070  2.28524e-16
6080  2.16134e-16
6090  2.07707e-16
6100  2.03685e-16
6110  2.04445e-16
6120  2.1021e-16
6130  2.20984e-16
6140  2.36509e-16
6150  2.56269e-16
6160  2.79516e-16
6170  3.05334e-16
6180  3.32712e-16
6190  3.6063e-16
6200  3.88137e-16
6210  4.14416e-16
6220  4.38836e-16
6230  4.60966e-16
6240  4.80572e-16
6250  4.97589e-16
6260  5.12079e-16
6270  5.24177e-16
6280  5.34046e-16
6290  5.41845e-16
6300  5.47709e-16
6310  5.5174e-16
6320  5.54019e-16
6330  5.54616e-16
6340  5.53595e-16
6350  5.51025e-16
6360  5.46978e-16
6370  5.41528e-16
6380  5.34753e-16
6390  5.26743e-16
6400  5.17616e-16
6410  5.07532e-16
6420  4.96715e-16
6430  4.85461e-16
6440  4.74135e-16
6450  4.63148e-16
6460  4.5292e-16
6470  4.43826e-16
6480  4.36141e-16
6490  4.2999e-16
6500  4.25315e-16
6510  4.21876e-16
6520  4.1928e-16
6530  4.17046e-16
6540  4.14684e-16
6550  4.11784e-16
6560  4.0809e-16
6570  4.03541e-16
6580  3.98268e-16
6590  3.92554e-16
6600  3.86753e-16
6610  3.81199e-16
6620  3.76123e-16
6630  3.71595e-16
6640  3.67516e-16
6650  3.63648e-16
6660  3.59684e-16
6670  3.55342e-16
6680  3.50444e-16
6690  3.44975e-16
6700  3.39101e-16
6710  3.33138e-16
6720  3.27474e-16
6730  3.22483e-16
6740  3.18424e-16
6750  3.15374e-16
6760  3.13204e-16
6770  3.11603e-16
6780  3.10152e-16
6790  3.08424e-16
6800  3.06096e-16
6810  3.0303e-16
6820  2.99316e-16
6830  2.95254e-16
6840  2.9129e-16
6850  2.87907e-16
6860  2.85513e-16
6870  2.84342e-16
6880  2.84399e-16
6890  2.85462e-16
6900  2.87126e-16
6910  2.88906e-16
6920  2.90336e-16
6930  2.9107e-16
6940  2.90944e-16
6950  2.8999e-16
6960  2.88403e-16
6970  2.86474e-16
6980  2.84501e-16
6990  2.82719e-16
7000  2.81247e-16
7010  2.80078e-16
7020  2.79105e-16
7030  2.78172e-16
7040  2.77132e-16
7050  2.75897e-16
7060  2.74459e-16
7070  2.72887e-16
7080  2.71295e-16
7090  2.69803e-16
7100  2.68498e-16
7110  2.67408e-16
7120  2.66502e-16
7130  2.65708e-16
7140  2.64939e-16
7150  2.64129e-16
7160  2.6325e-16
7170  2.62318e-16
7180  2.61387e-16
7190  2.60521e-16
7200  2.5978e-16
7210  2.59203e-16
7220  2.58794e-16
7230  2.58535e-16
7240  2.5839e-16
7250  2.58321e-16
7260  2.58293e-16
7270  2.58284e-16
7280  2.58283e-16
7290  2.58282e-16
7300  2.58282e-16
7310  2.58282e-16
7320  0
7330  0
7340  0
7350  0
7360  0
7370  0
7380  0
7390  0
7400  0
7410  0
7420  0
7430  0
7440  0
7450  0
7460  0
7470  0
7480  0
7490  0
7500  0
7510  0
7520  0
7530  0
7540  0
7550  0
7560  0
7570  0
7580  0
7590  0
7600  0
7610  0
7620  0
7630  0
7640  0
7650  0
7660  0
7670  0
7680  0
7690  0
7700  0
7710  0
7720  0
7730  0
7740  0
7750  0
7760  0
7770  0
7780  0
7790  0
7800  0
7810  0
7820  0
7830  0
7840  0
7850  0
7860  0
7870  0
7880  0
7890  0
7900  0
7910  0
7920  0
7930  0
7940  0
7950  0
7960  0
7970  0
7980  0
7990  0
8000  0
8010  0
8020  0
8030  0
8040  0
8050  0
8060  0
8070  0
8080  0
8090  0
8100  0
8110  0
8120  0
8130  0
8140  0
8150  0
8160  0
8170  0
8180  0
8190  0
8200  0
8210  0
8220  0
8230  0
8240  0
8250  0
8260  0
8270  0
8280  0
8290  0
8300  0
8310  0
8320  0
8330  0
8340  0
8350  0
8360  0
8370  0
8380  0
8390  0
8400  0
8410  0
8420  0
8430  0
8440  0
8450  0
8460  0
8470  0
8480  0
8490  0
8500  0
8510  0
8520  0
8530  0
8540  0
8550  0
8560  0
8570  0
8580  0
8590  0
8600  0
8610  0
8620  0
8630  0
8640  0
8650  0
8660  0
8670  0
8680  0
8690  0
8700  0
8710  0
8720  0
8730  0
8740  0
8750  0
8760  0
8770  0
8780  0
8790  0
8800  0
8810  0
8820  0
8830  0
8840  0
8850  0
8860  0
8870  0
8880  0
8890  0
8900  0
8910  0
8920  0
8930  0
8940  0
8950  0
8960  0
8970  0
8980  0
8990  0
9000  0