#15.108456066774338
2000  8.34195e-17
2010  8.61054e-17
2020  8.8874e-17
2030  9.17274e-17
2040  9.46682e-17
2050  9.76988e-17
2060  1.00822e-16
2070  1.04039e-16
2080  1.07355e-16
2090  1.10771e-16
2100  1.14289e-16
2110  1.17914e-16
2120  1.21647e-16
2130  1.25493e-16
2140  1.29453e-16
2150  1.33531e-16
2160  1.3773e-16
2170  1.42053e-16
2180  1.46504e-16
2190  1.51086e-16
2200  1.55802e-16
2210  1.60657e-16
2220  1.65653e-16
2230  1.70794e-16
2240  1.76084e-16
2250  1.81526e-16
2260  1.87126e-16
2270  1.92885e-16
2280  1.9881e-16
2290  2.04903e-16
2300  2.11168e-16
2310  2.17611e-16
2320  2.24234e-16
2330  2.31043e-16
2340  2.38042e-16
2350  2.45235e-16
2360  2.52627e-16
2370  2.60222e-16
2380  2.68026e-16
2390  2.76041e-16
2400  2.84275e-16
2410  2.9273e-16
2420  3.01412e-16
2430  3.10326e-16
2440  3.19476e-16
2450  3.28868e-16
2460  3.38506e-16
2470  3.48396e-16
2480  3.58541e-16
2490  3.68948e-16
2500  3.7962e-16
2510  3.90564e-16
2520  4.01783e-16
2530  4.13283e-16
2540  4.25069e-16
2550  4.37145e-16
2560  4.49515e-16
2570  4.62185e-16
2580  4.7516e-16
2590  4.88442e-16
2600  5.02038e-16
2610  5.15951e-16
2620  5.30184e-16
2630  5.44743e-16
2640  5.5963e-16
2650  5.74849e-16
2660  5.90403e-16
2670  6.06295e-16
2680  6.22528e-16
2690  6.39105e-16
2700  6.56027e-16
2710  6.73296e-16
2720  6.90913e-16
2730  7.08879e-16
2740  7.27195e-16
2750  7.45861e-16
2760  7.64875e-16
2770  7.84237e-16
2780  8.03945e-16
2790  8.23996e-16
2800  8.44387e-16
2810  8.65114e-16
2820  8.86172e-16
2830  9.07556e-16
2840  9.29259e-16
2850  9.51272e-16
2860  9.73588e-16
2870  9.96196e-16
2880  1.01909e-15
2890  1.04224e-15
2900  1.06565e-15
2910  1.08931e-15
2920  1.11318e-15
2930  1.13726e-15
2940  1.16152e-15
2950  1.18594e-15
2960  1.21049e-15
2970  1.23516e-15
2980  1.25991e-15
2990  1.2847e-15
3000  1.30951e-15
3010  1.3343e-15
3020  1.35903e-15
3030  1.38365e-15
3040  1.40813e-15
3050  1.43241e-15
3060  1.45643e-15
3070  1.48015e-15
3080  1.5035e-15
3090  1.52642e-15
3100  1.54883e-15
3110  1.57067e-15
3120  1.59185e-15
3130  1.61229e-15
3140  1.6319e-15
3150  1.65058e-15
3160  1.66823e-15
3170  1.68474e-15
3180  1.7e-15
3190  1.71388e-15
3200  1.72625e-15
3210  1.73698e-15
3220  1.74591e-15
3230  1.75289e-15
3240  1.75775e-15
3250  1.76032e-15
3260  1.76041e-15
3270  1.75782e-15
3280  1.75234e-15
3290  1.74376e-15
3300  1.73184e-15
3310  1.71632e-15
3320  1.69695e-15
3330  1.67345e-15
3340  1.64553e-15
3350  1.61288e-15
3360  1.57516e-15
3370  1.53204e-15
3380  1.48315e-15
3390  1.42811e-15
3400  1.36651e-15
3410  1.29792e-15
3420  1.22188e-15
3430  1.13793e-15
3440  1.04556e-15
3450  9.4424e-16
3460  8.35967e-16
3470  8.1182e-16
3480  1.01478e-15
3490  1.15048e-15
3500  1.13816e-15
3510  1.23757e-15
3520  1.27025e-15
3530  1.28618e-15
3540  1.36944e-15
3550  1.44787e-15
3560  1.49412e-15
3570  1.48795e-15
3580  1.51289e-15
3590  1.40946e-15
3600  1.29221e-15
3610  1.36943e-15
3620  1.54217e-15
3630  1.6877e-15
3640  1.87992e-15
3650  2.06463e-15
3660  2.11991e-15
3670  2.05498e-15
3680  1.85891e-15
3690  1.67397e-15
3700  1.63139e-15
3710  1.6928e-15
3720  1.67519e-15
3730  1.5762e-15
3740  1.5069e-15
3750  1.42304e-15
3760  1.33756e-15
3770  1.23193e-15
3780  1.2042e-15
3790  1.32408e-15
3800  1.49398e-15
3810  1.67745e-15
3820  1.95003e-15
3830  2.25672e-15
3840  2.58496e-15
3850  2.97726e-15
3860  3.34343e-15
3870  3.62622e-15
3880  3.89226e-15
3890  4.09004e-15
3900  4.13433e-15
3910  4.26698e-15
3920  4.55966e-15
3930  4.51141e-15
3940  4.42826e-15
3950  4.47975e-15
3960  4.11531e-15
3970  3.63164e-15
3980  3.33346e-15
3990  3.07568e-15
4000  2.8383e-15
4010  2.7322e-15
4020  2.72103e-15
4030  2.66531e-15
4040  2.52832e-15
4050  2.41059e-15
4060  2.33193e-15
4070  2.33386e-15
4080  2.39669e-15
4090  2.41176e-15
4100  2.4203e-15
4110  2.47405e-15
4120  2.5647e-15
4130  2.72304e-15
4140  2.89311e-15
4150  2.99458e-15
4160  3.02371e-15
4170  2.99563e-15
4180  2.99297e-15
4190  3.02316e-15
4200  3.06304e-15
4210  3.11279e-15
4220  3.1209e-15
4230  3.13795e-15
4240  3.21879e-15
4250  3.25745e-15
4260  3.34898e-15
4270  3.51025e-15
4280  3.60761e-15
4290  3.54116e-15
4300  3.29951e-15
4310  3.01411e-15
4320  2.7272e-15
4330  2.44273e-15
4340  2.22001e-15
4350  2.05552e-15
4360  1.85747e-15
4370  1.76569e-15
4380  1.69906e-15
4390  1.62106e-15
4400  1.63884e-15
4410  1.66387e-15
4420  1.69334e-15
4430  1.79307e-15
4440  1.93883e-15
4450  2.07841e-15
4460  2.27085e-15
4470  2.47059e-15
4480  2.73258e-15
4490  3.05097e-15
4500  3.45492e-15
4510  4.03065e-15
4520  4.54984e-15
4530  5.01787e-15
4540  5.46133e-15
4550  5.83091e-15
4560  6.21459e-15
4570  6.67635e-15
4580  7.03553e-15
4590  7.23371e-15
4600  7.26779e-15
4610  6.98732e-15
4620  6.49985e-15
4630  5.94761e-15
4640  5.38315e-15
4650  4.92413e-15
4660  4.53622e-15
4670  4.15661e-15
4680  3.75133e-15
4690  3.34575e-15
4700  2.976e-15
4710  2.6171e-15
4720  2.34835e-15
4730  2.25693e-15
4740  2.2733e-15
4750  2.34504e-15
4760  2.45307e-15
4770  2.5225e-15
4780  2.50307e-15
4790  2.42228e-15
4800  2.34334e-15
4810  2.32078e-15
4820  2.33239e-15
4830  2.38295e-15
4840  2.56056e-15
4850  2.73294e-15
4860  2.86859e-15
4870  3.13036e-15
4880  3.40937e-15
4890  3.67518e-15
4900  3.85046e-15
4910  3.84319e-15
4920  3.63025e-15
4930  3.30978e-15
4940  3.05627e-15
4950  2.88896e-15
4960  2.7178e-15
4970  2.59392e-15
4980  2.52756e-15
4990  2.47613e-15
5000  2.42933e-15
5010  2.41193e-15
5020  2.43641e-15
5030  2.38703e-15
5040  2.34561e-15
5050  2.34661e-15
5060  2.29851e-15
5070  2.25391e-15
5080  2.25288e-15
5090  2.2549e-15
5100  2.3e-15
5110  2.41126e-15
5120  2.57835e-15
5130  2.80046e-15
5140  3.0911e-15
5150  3.41302e-15
5160  3.78895e-15
5170  4.21568e-15
5180  4.60288e-15
5190  4.97092e-15
5200  5.28104e-15
5210  5.56233e-15
5220  5.84855e-15
5230  6.11587e-15
5240  6.29986e-15
5250  6.38303e-15
5260  6.44322e-15
5270  6.46914e-15
5280  6.44693e-15
5290  6.35753e-15
5300  6.23333e-15
5310  6.14476e-15
5320  6.12256e-15
5330  6.12428e-15
5340  6.10285e-15
5350  6.11856e-15
5360  6.07457e-15
5370  5.9908e-15
5380  5.93461e-15
5390  5.86191e-15
5400  5.76127e-15
5410  5.66626e-15
5420  5.56555e-15
5430  5.47322e-15
5440  5.34522e-15
5450  5.20009e-15
5460  5.12953e-15
5470  5.02472e-15
5480  4.87869e-15
5490  4.75726e-15
5500  4.61757e-15
5510  4.4426e-15
5520  4.28962e-15
5530  4.12745e-15
5540  3.99753e-15
5550  3.85416e-15
5560  3.68731e-15
5570  3.54683e-15
5580  3.41537e-15
5590  3.26932e-15
5600  3.14274e-15
5610  3.03512e-15
5620  2.9308e-15
5630  2.80353e-15
5640  2.68471e-15
5650  2.61965e-15
5660  2.51262e-15
5670  2.43686e-15
5680  2.40755e-15
5690  2.3662e-15
5700  2.34187e-15
5710  2.37096e-15
5720  2.43047e-15
5730  2.48397e-15
5740  2.5304e-15
5750  2.64805e-15
5760  2.89316e-15
5770  3.1211e-15
5780  3.26376e-15
5790  3.50734e-15
5800  3.81314e-15
5810  4.04097e-15
5820  4.29539e-15
5830  4.52981e-15
5840  4.67871e-15
5850  4.76974e-15
5860  4.94699e-15
5870  5.05214e-15
5880  4.90759e-15
5890  4.52306e-15
5900  4.46889e-15
5910  4.76438e-15
5920  4.78388e-15
5930  4.69418e-15
5940  4.59421e-15
5950  4.46387e-15
5960  4.28516e-15
5970  4.01506e-15
5980  3.75767e-15
5990  3.56916e-15
6000  3.43448e-15
6010  3.32357e-15
6020  3.16931e-15
6030  2.92893e-15
6040  2.64129e-15
6050  2.34902e-15
6060  2.06724e-15
6070  1.81617e-15
6080  1.62828e-15
6090  1.53685e-15
6100  1.47297e-15
6110  1.45251e-15
6120  1.44971e-15
6130  1.4375e-15
6140  1.51587e-15
6150  1.67284e-15
6160  1.864e-15
6170  2.04256e-15
6180  2.16686e-15
6190  2.30946e-15
6200  2.43797e-15
6210  2.61771e-15
6220  2.80223e-15
6230  2.92566e-15
6240  3.07605e-15
6250  3.22761e-15
6260  3.37565e-15
6270  3.46964e-15
6280  3.46948e-15
6290  3.5334e-15
6300  3.66126e-15
6310  3.70299e-15
6320  3.70594e-15
6330  3.72315e-15
6340  3.78001e-15
6350  3.77945e-15
6360  3.7569e-15
6370  3.76534e-15
6380  3.79134e-15
6390  3.82888e-15
6400  3.81256e-15
6410  3.84652e-15
6420  3.83562e-15
6430  3.7818e-15
6440  3.82191e-15
6450  3.86926e-15
6460  3.84962e-15
6470  3.84487e-15
6480  3.88236e-15
6490  3.85796e-15
6500  3.83076e-15
6510  3.83993e-15
6520  3.79973e-15
6530  3.71412e-15
6540  3.66462e-15
6550  3.63337e-15
6560  3.57716e-15
6570  3.45724e-15
6580  3.31327e-15
6590  3.19494e-15
6600  3.1349e-15
6610  3.06073e-15
6620  2.94695e-15
6630  2.83011e-15
6640  2.69071e-15
6650  2.59656e-15
6660  2.48701e-15
6670  2.35244e-15
6680  2.26017e-15
6690  2.17199e-15
6700  2.08914e-15
6710  1.94373e-15
6720  1.82263e-15
6730  1.78312e-15
6740  1.76477e-15
6750  1.74926e-15
6760  1.71156e-15
6770  1.6795e-15
6780  1.63791e-15
6790  1.61901e-15
6800  1.5829e-15
6810  1.56442e-15
6820  1.57691e-15
6830  1.5608e-15
6840  1.54333e-15
6850  1.55557e-15
6860  1.57379e-15
6870  1.57654e-15
6880  1.55684e-15
6890  1.54725e-15
6900  1.52185e-15
6910  1.50666e-15
6920  1.52125e-15
6930  1.50868e-15
6940  1.47707e-15
6950  1.45723e-15
6960  1.4697e-15
6970  1.46628e-15
6980  1.46497e-15
6990  1.44714e-15
7000  1.41959e-15
7010  1.41913e-15
7020  1.42767e-15
7030  1.48771e-15
7040  1.49781e-15
7050  1.48786e-15
7060  1.48373e-15
7070  1.47937e-15
7080  1.52629e-15
7090  1.54103e-15
7100  1.5187e-15
7110  1.49737e-15
7120  1.4758e-15
7130  1.46352e-15
7140  1.43881e-15
7150  1.4304e-15
7160  1.44316e-15
7170  1.43816e-15
7180  1.42785e-15
7190  1.4315e-15
7200  1.43353e-15
7210  1.4456e-15
7220  1.44002e-15
7230  1.42971e-15
7240  1.43503e-15
7250  1.43338e-15
7260  1.45681e-15
7270  1.50449e-15
7280  1.51251e-15
7290  1.47344e-15
7300  1.46749e-15
7310  1.46058e-15
7320  1.42947e-15
7330  1.41786e-15
7340  1.41235e-15
7350  1.40298e-15
7360  1.39938e-15
7370  1.39919e-15
7380  1.39765e-15
7390  1.39424e-15
7400  1.38912e-15
7410  1.38241e-15
7420  1.37424e-15
7430  1.36474e-15
7440  1.35401e-15
7450  1.34216e-15
7460  1.32928e-15
7470  1.31548e-15
7480  1.30084e-15
7490  1.28544e-15
7500  1.26936e-15
7510  1.25267e-15
7520  1.23545e-15
7530  1.21775e-15
7540  1.19963e-15
7550  1.18116e-15
7560  1.16238e-15
7570  1.14335e-15
7580  1.1241e-15
7590  1.10469e-15
7600  1.08514e-15
7610  1.06551e-15
7620  1.04582e-15
7630  1.0261e-15
7640  1.00639e-15
7650  9.8671e-16
7660  9.67088e-16
7670  9.47548e-16
7680  9.2811e-16
7690  9.08796e-16
7700  8.89622e-16
7710  8.70605e-16
7720  8.51762e-16
7730  8.33105e-16
7740  8.14647e-16
7750  7.964e-16
7760  7.78374e-16
7770  7.60578e-16
7780  7.4302e-16
7790  7.25708e-16
7800  7.08648e-16
7810  6.91844e-16
7820  6.75303e-16
7830  6.59028e-16
7840  6.43023e-16
7850  6.2729e-16
7860  6.11831e-16
7870  5.96648e-16
7880  5.81742e-16
7890  5.67113e-16
7900  5.52763e-16
7910  5.3869e-16
7920  5.24894e-16
7930  5.11375e-16
7940  4.9813e-16
7950  4.85158e-16
7960  4.72458e-16
7970  4.60027e-16
7980  4.47864e-16
7990  4.35964e-16
8000  4.24327e-16
8010  4.12948e-16
8020  4.01826e-16
8030  3.90956e-16
8040  3.80336e-16
8050  3.69962e-16
8060  3.5983e-16
8070  3.49937e-16
8080  3.4028e-16
8090  3.30854e-16
8100  3.21656e-16
8110  3.12683e-16
8120  3.03929e-16
8130  2.95392e-16
8140  2.87067e-16
8150  2.7895e-16
8160  2.71039e-16
8170  2.63328e-16
8180  2.55813e-16
8190  2.48492e-16
8200  2.41359e-16
8210  2.34412e-16
8220  2.27646e-16
8230  2.21058e-16
8240  2.14643e-16
8250  2.08398e-16
8260  2.02319e-16
8270  1.96403e-16
8280  1.90646e-16
8290  1.85044e-16
8300  1.79594e-16
8310  1.74292e-16
8320  1.69135e-16
8330  1.64119e-16
8340  1.59242e-16
8350  1.54499e-16
8360  1.49888e-16
8370  1.45406e-16
8380  1.41048e-16
8390  1.36813e-16
8400  1.32697e-16
8410  1.28697e-16
8420  1.2481e-16
8430  1.21034e-16
8440  1.17365e-16
8450  1.13801e-16
8460  1.10339e-16
8470  1.06976e-16
8480  1.03711e-16
8490  1.0054e-16
8500  9.74602e-17
8510  9.44703e-17
8520  9.15675e-17
8530  8.87495e-17
8540  8.6014e-17
8550  8.33587e-17
8560  8.07815e-17
8570  7.82802e-17
8580  7.58529e-17
8590  7.34975e-17
8600  7.1212e-17
8610  6.89944e-17
8620  6.6843e-17
8630  6.47558e-17
8640  6.27311e-17
8650  6.07671e-17
8660  5.88621e-17
8670  5.70145e-17
8680  5.52226e-17
8690  5.34849e-17
8700  5.17998e-17
8710  5.01658e-17
8720  4.85815e-17
8730  4.70454e-17
8740  4.55561e-17
8750  4.41124e-17
8760  4.27128e-17
8770  4.13561e-17
8780  4.0041e-17
8790  3.87664e-17
8800  3.7531e-17
8810  3.63338e-17
8820  3.51735e-17
8830  3.40491e-17
8840  3.29595e-17
8850  3.19038e-17
8860  3.08808e-17
8870  2.98897e-17
8880  2.89295e-17
8890  2.79992e-17
8900  2.70979e-17
8910  2.62249e-17
8920  2.53792e-17
8930  2.45601e-17
8940  2.37667e-17
8950  2.29982e-17
8960  2.22539e-17
8970  2.1533e-17
8980  2.0835e-17
8990  2.01589e-17
9000  1.95043e-17
9010  1.88704e-17
9020  1.82566e-17
9030  1.76623e-17
9040  1.70868e-17
9050  1.65297e-17
9060  1.59903e-17
9070  1.54681e-17
9080  1.49626e-17
9090  1.44732e-17
9100  1.39995e-17
9110  1.35409e-17
9120  1.30971e-17
9130  1.26674e-17
9140  1.22516e-17
9150  1.18491e-17
9160  1.14596e-17
9170  1.10826e-17
9180  1.07178e-17
9190  1.03647e-17
9200  1.0023e-17