#47.20575866820897
3800  1.73435e-16
3810  1.47947e-17
3820  2.03395e-16
3830  1.93367e-16
3840  8.1992e-17
3850  2.0504e-16
3860  1.71087e-16
3870  3.0344e-16
3880  1.42122e-16
3890  1.80924e-16
3900  2.67182e-16
3910  2.3906e-16
3920  3.03433e-16
3930  3.1229e-16
3940  2.74836e-16
3950  3.19092e-16
3960  4.69646e-16
3970  4.36491e-16
3980  2.72853e-16
3990  4.23314e-16
4000  3.79543e-16
4010  2.96492e-16
4020  3.56768e-16
4030  3.3408e-16
4040  2.45478e-16
4050  2.22587e-16
4060  2.61482e-16
4070  1.39105e-16
4080  1.94358e-16
4090  2.3034e-16
4100  1.31085e-16
4110  1.20205e-16
4120  1.4324e-16
4130  1.99252e-16
4140  1.72789e-16
4150  2.35136e-16
4160  1.69075e-16
4170  2.38535e-16
4180  1.86133e-16
4190  1.55803e-16
4200  1.9763e-16
4210  2.07752e-16
4220  2.20617e-16
4230  2.02551e-16
4240  2.11269e-16
4250  2.41801e-16
4260  1.99575e-16
4270  1.82257e-16
4280  2.18485e-16
4290  2.09428e-16
4300  2.48205e-16
4310  2.96619e-16
4320  2.93328e-16
4330  2.40677e-16
4340  1.86765e-16
4350  2.07288e-16
4360  2.14688e-16
4370  1.62927e-16
4380  1.68133e-16
4390  1.70687e-16
4400  1.53123e-16
4410  6.93398e-17
4420  1.01569e-16
4430  1.48754e-16
4440  1.26694e-16
4450  1.52095e-16
4460  1.12767e-16
4470  1.25135e-16
4480  1.29106e-16
4490  1.30633e-16
4500  1.57004e-16
4510  1.69595e-16
4520  1.95137e-16
4530  2.16419e-16
4540  2.13961e-16
4550  2.05553e-16
4560  2.26673e-16
4570  3.23589e-16
4580  3.79175e-16
4590  3.73401e-16
4600  4.00025e-16
4610  4.24745e-16
4620  4.15296e-16
4630  4.08053e-16
4640  4.17162e-16
4650  4.16807e-16
4660  3.50298e-16
4670  3.62684e-16
4680  2.82263e-16
4690  3.07172e-16
4700  2.31992e-16
4710  1.55935e-16
4720  2.13531e-16
4730  1.87158e-16
4740  2.29247e-16
4750  1.82141e-16
4760  1.70495e-16
4770  2.01598e-16
4780  1.1534e-16
4790  2.13817e-16
4800  1.95676e-16
4810  2.20878e-16
4820  2.56187e-16
4830  2.09958e-16
4840  2.48968e-16
4850  2.01334e-16
4860  1.98245e-16
4870  2.07265e-16
4880  1.72528e-16
4890  2.08517e-16
4900  2.2719e-16
4910  2.62038e-16
4920  3.0614e-16
4930  3.81348e-16
4940  4.00141e-16
4950  3.89287e-16
4960  3.87489e-16
4970  3.84397e-16
4980  3.17566e-16
4990  2.44421e-16
5000  2.63243e-16
5010  2.0423e-16
5020  2.04993e-16
5030  1.57714e-16
5040  2.00471e-16
5050  2.53923e-16
5060  2.04232e-16
5070  1.73394e-16
5080  1.92821e-16
5090  1.95048e-16
5100  1.60559e-16
5110  1.60792e-16
5120  1.9466e-16
5130  1.70399e-16
5140  1.84632e-16
5150  2.4344e-16
5160  2.12822e-16
5170  1.77909e-16
5180  1.60291e-16
5190  1.77893e-16
5200  2.08744e-16
5210  2.30969e-16
5220  1.85406e-16
5230  2.02593e-16
5240  2.21313e-16
5250  3.17456e-16
5260  2.91389e-16
5270  3.11909e-16
5280  3.03067e-16
5290  3.19357e-16
5300  3.78695e-16
5310  3.33717e-16
5320  3.68587e-16
5330  3.47476e-16
5340  3.23686e-16
5350  3.03887e-16
5360  3.22485e-16
5370  3.09545e-16
5380  3.0009e-16
5390  2.96589e-16
5400  3.18524e-16
5410  2.96893e-16
5420  3.26515e-16
5430  4.02014e-16
5440  3.90498e-16
5450  4.21853e-16
5460  4.55275e-16
5470  4.88896e-16
5480  5.11148e-16
5490  5.41342e-16
5500  5.54514e-16
5510  5.57216e-16
5520  5.61131e-16
5530  5.56699e-16
5540  5.87335e-16
5550  5.60578e-16
5560  5.22058e-16
5570  5.58926e-16
5580  5.41234e-16
5590  4.99125e-16
5600  4.30433e-16
5610  4.12055e-16
5620  4.14281e-16
5630  3.65119e-16
5640  3.48604e-16
5650  2.80359e-16
5660  2.2272e-16
5670  2.24161e-16
5680  2.44269e-16
5690  2.74043e-16
5700  2.17738e-16
5710  2.32366e-16
5720  2.40657e-16
5730  1.81931e-16
5740  2.20523e-16
5750  2.67811e-16
5760  3.11027e-16
5770  3.21789e-16
5780  3.4035e-16
5790  3.80177e-16
5800  3.72802e-16
5810  4.32581e-16
5820  4.42835e-16
5830  4.56936e-16
5840  4.52193e-16
5850  4.39825e-16
5860  4.37317e-16
5870  4.32456e-16
5880  4.5003e-16
5890  3.85033e-16
5900  3.66002e-16
5910  3.47936e-16
5920  3.20317e-16
5930  3.33358e-16
5940  3.41015e-16
5950  3.08428e-16
5960  2.98759e-16
5970  3.01062e-16
5980  2.79207e-16
5990  2.27792e-16
6000  2.26959e-16
6010  2.4224e-16
6020  2.32012e-16
6030  2.34271e-16
6040  2.38351e-16
6050  2.40496e-16
6060  2.39277e-16
6070  2.38952e-16
6080  2.53992e-16
6090  2.20335e-16
6100  2.06455e-16
6110  2.42997e-16
6120  2.55704e-16
6130  2.71804e-16
6140  2.65834e-16
6150  2.58143e-16
6160  2.47221e-16
6170  2.25565e-16
6180  2.25445e-16
6190  2.53929e-16
6200  2.31457e-16
6210  2.2436e-16
6220  2.59581e-16
6230  2.50574e-16
6240  2.59287e-16
6250  2.50273e-16
6260  2.41588e-16
6270  2.18671e-16
6280  2.23871e-16
6290  2.22999e-16
6300  2.15091e-16
6310  2.05788e-16
6320  2.55494e-16
6330  2.3847e-16
6340  2.21194e-16
6350  2.48389e-16
6360  2.40349e-16
6370  2.91909e-16
6380  3.08167e-16
6390  3.06655e-16
6400  3.03754e-16
6410  3.26673e-16
6420  3.8607e-16
6430  3.62872e-16
6440  3.99036e-16
6450  4.24893e-16
6460  4.29859e-16
6470  4.38552e-16
6480  4.16952e-16
6490  4.29481e-16
6500  4.60806e-16
6510  4.66056e-16
6520  4.47003e-16
6530  4.6405e-16
6540  4.6087e-16
6550  4.3166e-16
6560  4.58564e-16
6570  4.38352e-16
6580  3.83061e-16
6590  3.93331e-16
6600  3.71569e-16
6610  3.53073e-16
6620  3.02214e-16
6630  3.04595e-16
6640  3.02367e-16
6650  2.24339e-16
6660  1.82927e-16
6670  2.16099e-16
6680  2.14363e-16
6690  1.88e-16
6700  1.5707e-16
6710  1.7603e-16
6720  1.69333e-16
6730  1.38517e-16
6740  1.36142e-16
6750  1.51931e-16
6760  1.41393e-16
6770  1.07227e-16
6780  1.30376e-16
6790  1.2781e-16
6800  1.51876e-16
6810  1.27218e-16
6820  1.45307e-16
6830  1.59963e-16
6840  1.21515e-16
6850  1.21976e-16
6860  1.56824e-16
6870  1.43273e-16
6880  1.04718e-16
6890  1.1269e-16
6900  1.22211e-16
6910  1.64322e-16
6920  1.55915e-16
6930  1.62438e-16
6940  1.57624e-16
6950  1.64684e-16
6960  1.43016e-16
6970  1.33278e-16
6980  1.67772e-16
6990  1.57353e-16
7000  1.88958e-16