#15.986555306986823
3800  7.48613e-15
3810  7.5148e-15
3820  1.20875e-14
3830  1.31963e-14
3840  1.61517e-14
3850  1.6499e-14
3860  1.65764e-14
3870  2.27805e-14
3880  2.48611e-14
3890  2.78603e-14
3900  3.07964e-14
3910  2.96266e-14
3920  3.17895e-14
3930  3.25137e-14
3940  2.87591e-14
3950  3.25655e-14
3960  3.47783e-14
3970  2.76367e-14
3980  2.6852e-14
3990  2.72134e-14
4000  2.45032e-14
4010  2.29295e-14
4020  2.23279e-14
4030  2.34455e-14
4040  2.20391e-14
4050  2.10698e-14
4060  2.1394e-14
4070  2.05936e-14
4080  2.14714e-14
4090  2.18463e-14
4100  2.1859e-14
4110  2.28226e-14
4120  2.43253e-14
4130  2.5758e-14
4140  2.66424e-14
4150  2.88955e-14
4160  2.97024e-14
4170  3.00902e-14
4180  2.99701e-14
4190  2.96014e-14
4200  3.04259e-14
4210  3.13375e-14
4220  3.25144e-14
4230  3.21283e-14
4240  3.31332e-14
4250  3.35168e-14
4260  3.35372e-14
4270  3.53614e-14
4280  3.65424e-14
4290  3.69471e-14
4300  3.54227e-14
4310  3.35328e-14
4320  3.08764e-14
4330  2.80866e-14
4340  2.6172e-14
4350  2.41827e-14
4360  2.29359e-14
4370  2.18021e-14
4380  2.08146e-14
4390  2.00458e-14
4400  2.02594e-14
4410  2.09094e-14
4420  2.05751e-14
4430  2.24537e-14
4440  2.46427e-14
4450  2.62832e-14
4460  2.936e-14
4470  3.17643e-14
4480  3.47294e-14
4490  3.75211e-14
4500  4.21533e-14
4510  4.95931e-14
4520  5.71283e-14
4530  6.42091e-14
4540  7.14516e-14
4550  7.90287e-14
4560  8.44174e-14
4570  8.97412e-14
4580  9.47021e-14
4590  9.83441e-14
4600  1.01468e-13
4610  1.00256e-13
4620  9.43198e-14
4630  8.70043e-14
4640  7.90916e-14
4650  7.17434e-14
4660  6.60576e-14
4670  5.9882e-14
4680  5.58301e-14
4690  5.16813e-14
4700  4.50713e-14
4710  4.10865e-14
4720  3.77134e-14
4730  3.62909e-14
4740  3.77543e-14
4750  3.88863e-14
4760  4.0895e-14
4770  4.26268e-14
4780  4.30242e-14
4790  4.20834e-14
4800  4.0681e-14
4810  4.08083e-14
4820  4.12058e-14
4830  4.32392e-14
4840  4.67914e-14
4850  5.02254e-14
4860  5.40075e-14
4870  5.81265e-14
4880  6.28467e-14
4890  6.74292e-14
4900  7.1342e-14
4910  7.19576e-14
4920  6.9498e-14
4930  6.61666e-14
4940  6.26713e-14
4950  5.90893e-14
4960  5.61857e-14
4970  5.53926e-14
4980  5.43402e-14
4990  5.36346e-14
5000  5.30859e-14
5010  5.23135e-14
5020  5.21682e-14
5030  5.19597e-14
5040  5.21308e-14
5050  5.13558e-14
5060  5.13288e-14
5070  5.27503e-14
5080  5.32961e-14
5090  5.36613e-14
5100  5.52309e-14
5110  5.75709e-14
5120  6.06855e-14
5130  6.5439e-14
5140  7.13024e-14
5150  7.85486e-14
5160  8.73026e-14
5170  9.66111e-14
5180  1.05641e-13
5190  1.14431e-13
5200  1.23743e-13
5210  1.31182e-13
5220  1.37848e-13
5230  1.45102e-13
5240  1.49857e-13
5250  1.55706e-13
5260  1.59565e-13
5270  1.59869e-13
5280  1.60853e-13
5290  1.60741e-13
5300  1.60054e-13
5310  1.57532e-13
5320  1.57294e-13
5330  1.58277e-13
5340  1.58546e-13
5350  1.60233e-13
5360  1.59913e-13
5370  1.5997e-13
5380  1.60022e-13
5390  1.58089e-13
5400  1.56449e-13
5410  1.54822e-13
5420  1.53391e-13
5430  1.53238e-13
5440  1.49713e-13
5450  1.46418e-13
5460  1.46967e-13
5470  1.44213e-13
5480  1.41003e-13
5490  1.3797e-13
5500  1.3494e-13
5510  1.306e-13
5520  1.25811e-13
5530  1.21074e-13
5540  1.13944e-13
5550  1.12301e-13
5560  1.09759e-13
5570  1.05125e-13
5580  1.01732e-13
5590  9.79116e-14
5600  9.53332e-14
5610  9.15846e-14
5620  8.86268e-14
5630  8.55169e-14
5640  8.277e-14
5650  8.04856e-14
5660  7.69216e-14
5670  7.45061e-14
5680  7.25319e-14
5690  7.17821e-14
5700  7.12785e-14
5710  7.18169e-14
5720  7.49376e-14
5730  7.67229e-14
5740  8.12707e-14
5750  8.66838e-14
5760  9.28486e-14
5770  9.83322e-14
5780  1.03401e-13
5790  1.14009e-13
5800  1.24424e-13
5810  1.34688e-13
5820  1.4237e-13
5830  1.52179e-13
5840  1.54826e-13
5850  1.59134e-13
5860  1.62709e-13
5870  1.63684e-13
5880  1.47639e-13
5890  9.85111e-14
5900  1.2763e-13
5910  1.60453e-13
5920  1.39331e-13
5930  1.45146e-13
5940  1.37478e-13
5950  1.32149e-13
5960  1.28361e-13
5970  1.2024e-13
5980  1.16237e-13
5990  1.1024e-13
6000  1.08482e-13
6010  1.04139e-13
6020  1.00842e-13
6030  9.38866e-14
6040  8.61055e-14
6050  7.90149e-14
6060  7.14689e-14
6070  6.55201e-14
6080  5.98989e-14
6090  5.66988e-14
6100  5.37462e-14
6110  5.14296e-14
6120  5.09016e-14
6130  5.08509e-14
6140  5.2087e-14
6150  5.55221e-14
6160  6.0698e-14
6170  6.59616e-14
6180  7.23801e-14
6190  7.87144e-14
6200  8.27417e-14
6210  8.85046e-14
6220  9.31985e-14
6230  9.63229e-14
6240  1.02328e-13
6250  1.06524e-13
6260  1.11765e-13
6270  1.1099e-13
6280  1.07652e-13
6290  1.1858e-13
6300  1.23924e-13
6310  1.24105e-13
6320  1.28794e-13
6330  1.30897e-13
6340  1.31586e-13
6350  1.31982e-13
6360  1.33402e-13
6370  1.33875e-13
6380  1.37096e-13
6390  1.40091e-13
6400  1.40901e-13
6410  1.43126e-13
6420  1.4464e-13
6430  1.45845e-13
6440  1.45629e-13
6450  1.45519e-13
6460  1.47363e-13
6470  1.48658e-13
6480  1.48986e-13
6490  1.49964e-13
6500  1.5237e-13
6510  1.52529e-13
6520  1.497e-13
6530  1.48104e-13
6540  1.48564e-13
6550  1.48057e-13
6560  1.44013e-13
6570  1.40514e-13
6580  1.36703e-13
6590  1.3292e-13
6600  1.29269e-13
6610  1.22712e-13
6620  1.19619e-13
6630  1.16734e-13
6640  1.12252e-13
6650  1.09037e-13
6660  1.05748e-13
6670  1.03238e-13
6680  1.005e-13
6690  9.66451e-14
6700  9.40019e-14
6710  9.27484e-14
6720  8.94588e-14
6730  8.77351e-14
6740  8.65249e-14
6750  8.51224e-14
6760  8.42425e-14
6770  8.23199e-14
6780  8.20465e-14
6790  8.22677e-14
6800  8.25103e-14
6810  8.14345e-14
6820  8.35186e-14
6830  8.12037e-14
6840  8.17703e-14
6850  8.34522e-14
6860  7.02671e-14
6870  6.9891e-14
6880  7.51711e-14
6890  7.61169e-14
6900  7.99645e-14
6910  8.15372e-14
6920  8.40491e-14
6930  8.47657e-14
6940  8.49e-14
6950  8.41948e-14
6960  8.45545e-14
6970  8.51535e-14
6980  8.4459e-14
6990  8.45863e-14
7000  8.43673e-14