#5.837355333502277
3000  0
3010  0
3020  0
3030  0
3040  0
3050  0
3060  0
3070  0
3080  0
3090  0
3100  0
3110  0
3120  0
3130  0
3140  0
3150  0
3160  0
3170  0
3180  0
3190  0
3200  0
3210  0
3220  0
3230  0
3240  0
3250  0
3260  0
3270  0
3280  0
3290  0
3300  0
3310  0
3320  0
3330  0
3340  0
3350  0
3360  0
3370  0
3380  0
3390  0
3400  0
3410  0
3420  0
3430  0
3440  0
3450  0
3460  0
3470  0
3480  0
3490  0
3500  0
3510  0
3520  0
3530  0
3540  0
3550  0
3560  0
3570  0
3580  0
3590  0
3600  0
3610  0
3620  0
3630  0
3640  0
3650  0
3660  0
3670  3.01746e-15
3680  2.81504e-15
3690  2.63208e-15
3700  2.48458e-15
3710  2.3821e-15
3720  2.32637e-15
3730  2.3117e-15
3740  2.32724e-15
3750  2.36042e-15
3760  2.40084e-15
3770  2.44381e-15
3780  2.49249e-15
3790  2.55826e-15
3800  2.65908e-15
3810  2.81596e-15
3820  3.04831e-15
3830  3.36893e-15
3840  3.77969e-15
3850  4.26872e-15
3860  4.81e-15
3870  5.36539e-15
3880  5.88913e-15
3890  6.3341e-15
3900  6.65882e-15
3910  6.83405e-15
3920  6.84776e-15
3930  6.70749e-15
3940  6.4397e-15
3950  6.08607e-15
3960  5.6974e-15
3970  5.32614e-15
3980  5.01883e-15
3990  4.80982e-15
4000  4.71709e-15
4010  4.741e-15
4020  4.86583e-15
4030  5.06377e-15
4040  5.30046e-15
4050  5.54099e-15
4060  5.75537e-15
4070  5.92258e-15
4080  6.0326e-15
4090  6.08636e-15
4100  6.09376e-15
4110  6.07035e-15
4120  6.03341e-15
4130  5.99816e-15
4140  5.97482e-15
4150  5.96699e-15
4160  5.97154e-15
4170  5.97979e-15
4180  5.97982e-15
4190  5.95919e-15
4200  5.90747e-15
4210  5.8183e-15
4220  5.69024e-15
4230  5.52673e-15
4240  5.33496e-15
4250  5.12427e-15
4260  4.90434e-15
4270  4.68372e-15
4280  4.46896e-15
4290  4.26443e-15
4300  4.07289e-15
4310  3.89636e-15
4320  3.73717e-15
4330  3.59871e-15
4340  3.48574e-15
4350  3.40413e-15
4360  3.36017e-15
4370  3.35948e-15
4380  3.40608e-15
4390  3.50152e-15
4400  3.64453e-15
4410  3.83109e-15
4420  4.05473e-15
4430  4.30722e-15
4440  4.57909e-15
4450  4.86023e-15
4460  5.1403e-15
4470  5.40908e-15
4480  5.65695e-15
4490  5.87546e-15
4500  6.05801e-15
4510  6.20061e-15
4520  6.30242e-15
4530  6.36588e-15
4540  6.39627e-15
4550  6.40055e-15
4560  6.38578e-15
4570  6.35725e-15
4580  6.31689e-15
4590  6.26236e-15
4600  6.18725e-15
4610  6.08237e-15
4620  5.93816e-15
4630  5.74756e-15
4640  5.50875e-15
4650  5.22709e-15
4660  4.91549e-15
4670  4.59314e-15
4680  4.28251e-15
4690  4.0053e-15
4700  3.77823e-15
4710  3.6096e-15
4720  3.49753e-15
4730  3.43049e-15
4740  3.39001e-15
4750  3.355e-15
4760  3.30685e-15
4770  3.23393e-15
4780  3.13455e-15
4790  3.01756e-15
4800  2.90041e-15
4810  2.80514e-15
4820  2.75307e-15
4830  2.75952e-15
4840  2.82972e-15
4850  2.95677e-15
4860  3.12235e-15
4870  3.29986e-15
4880  3.45942e-15
4890  3.57368e-15
4900  3.62314e-15
4910  3.59979e-15
4920  3.50844e-15
4930  3.36529e-15
4940  3.19449e-15
4950  3.02317e-15
4960  2.87643e-15
4970  2.77314e-15
4980  2.72354e-15
4990  2.72883e-15
5000  2.78269e-15
5010  2.87399e-15
5020  2.99006e-15
5030  3.11952e-15
5040  3.2542e-15
5050  3.3898e-15
5060  3.52544e-15
5070  3.6624e-15
5080  3.8026e-15
5090  3.94731e-15
5100  4.09628e-15
5110  4.2476e-15
5120  4.39791e-15
5130  4.54295e-15
5140  4.67794e-15
5150  4.79787e-15
5160  4.89748e-15
5170  4.97119e-15
5180  5.01311e-15
5190  5.01751e-15
5200  4.97956e-15
5210  4.89659e-15
5220  4.76932e-15
5230  4.60278e-15
5240  4.40671e-15
5250  4.19491e-15
5260  3.98387e-15
5270  3.79065e-15
5280  3.6305e-15
5290  3.51472e-15
5300  3.44914e-15
5310  3.43342e-15
5320  3.46134e-15
5330  3.52183e-15
5340  3.60058e-15
5350  3.68186e-15
5360  3.75044e-15
5370  3.79316e-15
5380  3.80041e-15
5390  3.7671e-15
5400  3.69337e-15
5410  3.5847e-15
5420  3.45158e-15
5430  3.30846e-15
5440  3.17211e-15
5450  3.05951e-15
5460  2.98543e-15
5470  2.96028e-15
5480  2.98837e-15
5490  3.06727e-15
5500  3.18815e-15
5510  3.33724e-15
5520  3.49815e-15
5530  3.65447e-15
5540  3.79231e-15
5550  3.90206e-15
5560  3.97929e-15
5570  4.02456e-15
5580  4.04228e-15
5590  4.03914e-15
5600  4.02222e-15
5610  3.99756e-15
5620  3.96913e-15
5630  3.93862e-15
5640  3.90573e-15
5650  3.86897e-15
5660  3.82658e-15
5670  3.7774e-15
5680  3.72141e-15
5690  3.66e-15
5700  3.59587e-15
5710  3.53264e-15
5720  3.4745e-15
5730  3.42567e-15
5740  3.39003e-15
5750  3.37074e-15
5760  3.36989e-15
5770  3.38814e-15
5780  3.42443e-15
5790  3.4757e-15
5800  3.53694e-15
5810  3.60145e-15
5820  3.66156e-15
5830  3.70971e-15
5840  3.73967e-15
5850  3.74779e-15
5860  3.73382e-15
5870  3.70116e-15
5880  3.65631e-15
5890  3.60761e-15
5900  3.56327e-15
5910  3.52938e-15
5920  3.50801e-15
5930  3.49612e-15
5940  3.48545e-15
5950  3.46363e-15
5960  3.41628e-15
5970  3.32984e-15
5980  3.19443e-15
5990  3.00632e-15
6000  2.7692e-15
6010  2.49415e-15
6020  2.19808e-15
6030  1.90116e-15
6040  1.62357e-15
6050  1.38241e-15
6060  1.18937e-15
6070  1.04968e-15
6080  9.62349e-16
6090  9.21677e-16
6100  9.19462e-16
6110  9.47377e-16
6120  9.98903e-16
6130  1.07038e-15
6140  1.16106e-15
6150  1.27218e-15
6160  1.40548e-15
6170  1.56159e-15
6180  1.73876e-15
6190  1.93223e-15
6200  2.13445e-15
6210  2.33599e-15
6220  2.52697e-15
6230  2.69852e-15
6240  2.84413e-15
6250  2.96033e-15
6260  3.04691e-15
6270  3.1064e-15
6280  3.14323e-15
6290  3.16266e-15
6300  3.16979e-15
6310  3.16884e-15
6320  3.16273e-15
6330  3.1531e-15
6340  3.14056e-15
6350  3.12514e-15
6360  3.10669e-15
6370  3.08527e-15
6380  3.06128e-15
6390  3.03547e-15
6400  3.0088e-15
6410  2.9822e-15
6420  2.95638e-15
6430  2.93165e-15
6440  2.90786e-15
6450  2.88443e-15
6460  2.86053e-15
6470  2.83517e-15
6480  2.80752e-15
6490  2.77694e-15
6500  2.74318e-15
6510  2.70635e-15
6520  2.66688e-15
6530  2.62539e-15
6540  2.5826e-15
6550  2.53923e-15
6560  2.49585e-15
6570  2.45294e-15
6580  2.41085e-15
6590  2.36984e-15
6600  2.33016e-15
6610  2.292e-15
6620  2.25557e-15
6630  2.221e-15
6640  2.18829e-15
6650  2.15731e-15
6660  2.12776e-15
6670  2.0992e-15
6680  2.07118e-15
6690  2.04329e-15
6700  2.01536e-15
6710  1.9875e-15
6720  1.96015e-15
6730  1.93402e-15
6740  1.90998e-15
6750  1.88885e-15
6760  1.87119e-15
6770  1.85716e-15
6780  1.84642e-15
6790  1.83815e-15
6800  1.83119e-15
6810  1.82425e-15
6820  1.81614e-15
6830  1.806e-15
6840  1.79344e-15
6850  1.77855e-15
6860  1.76183e-15
6870  1.74405e-15
6880  1.72603e-15
6890  1.70845e-15
6900  1.6918e-15
6910  1.67625e-15
6920  1.66177e-15
6930  1.64817e-15
6940  1.63527e-15
6950  1.62291e-15
6960  1.61109e-15
6970  1.59987e-15
6980  1.58934e-15
6990  1.57954e-15
7000  1.57039e-15
7010  1.56165e-15
7020  1.55298e-15
7030  1.54402e-15
7040  1.53449e-15
7050  1.52428e-15
7060  1.51356e-15
7070  1.50269e-15
7080  1.4922e-15
7090  1.48263e-15
7100  1.47437e-15
7110  1.46759e-15
7120  1.46215e-15
7130  1.4577e-15
7140  1.45373e-15
7150  1.44979e-15
7160  1.44556e-15
7170  1.44096e-15
7180  1.43609e-15
7190  1.4312e-15
7200  1.42645e-15
7210  1.42186e-15
7220  1.41712e-15
7230  1.41171e-15
7240  1.40492e-15
7250  1.39614e-15
7260  1.38501e-15
7270  1.37161e-15
7280  1.35654e-15
7290  1.34079e-15
7300  1.32555e-15
7310  1.31197e-15
7320  1.30089e-15
7330  1.29267e-15
7340  1.28721e-15
7350  1.284e-15
7360  1.28239e-15
7370  1.28172e-15
7380  1.2815e-15
7390  1.28145e-15
7400  1.28145e-15
7410  1.28145e-15
7420  1.28145e-15
7430  0
7440  0
7450  0
7460  0
7470  0
7480  0
7490  0
7500  0
7510  0
7520  0
7530  0
7540  0
7550  0
7560  0
7570  0
7580  0
7590  0
7600  0
7610  0
7620  0
7630  0
7640  0
7650  0
7660  0
7670  0
7680  0
7690  0
7700  0
7710  0
7720  0
7730  0
7740  0
7750  0
7760  0
7770  0
7780  0
7790  0
7800  0
7810  0
7820  0
7830  0
7840  0
7850  0
7860  0
7870  0
7880  0
7890  0
7900  0
7910  0
7920  0
7930  0
7940  0
7950  0
7960  0
7970  0
7980  0
7990  0
8000  0
8010  0
8020  0
8030  0
8040  0
8050  0
8060  0
8070  0
8080  0
8090  0
8100  0
8110  0
8120  0
8130  0
8140  0
8150  0
8160  0
8170  0
8180  0
8190  0
8200  0
8210  0
8220  0
8230  0
8240  0
8250  0
8260  0
8270  0
8280  0
8290  0
8300  0
8310  0
8320  0
8330  0
8340  0
8350  0
8360  0
8370  0
8380  0
8390  0
8400  0
8410  0
8420  0
8430  0
8440  0
8450  0
8460  0
8470  0
8480  0
8490  0
8500  0
8510  0
8520  0
8530  0
8540  0
8550  0
8560  0
8570  0
8580  0
8590  0
8600  0
8610  0
8620  0
8630  0
8640  0
8650  0
8660  0
8670  0
8680  0
8690  0
8700  0
8710  0
8720  0
8730  0
8740  0
8750  0
8760  0
8770  0
8780  0
8790  0
8800  0
8810  0
8820  0
8830  0
8840  0
8850  0
8860  0
8870  0
8880  0
8890  0
8900  0
8910  0
8920  0
8930  0
8940  0
8950  0
8960  0
8970  0
8980  0
8990  0
9000  0