#8.356987450114419
3300  -6.12553e-18
3310  -3.62213e-18
3320   2.4668e-17
3330   7.54803e-17
3340   1.06751e-16
3350   9.44263e-17
3360   6.27174e-17
3370   4.94774e-17
3380   6.29193e-17
3390   8.14288e-17
3400   8.58233e-17
3410   7.70491e-17
3420   6.69775e-17
3430   6.57738e-17
3440   7.75032e-17
3450   9.92171e-17
3460   1.21674e-16
3470   1.33532e-16
3480   1.28083e-16
3490   1.08173e-16
3500   8.56304e-17
3510   7.61591e-17
3520   8.88525e-17
3530   1.15659e-16
3540   1.36628e-16
3550   1.39317e-16
3560   1.29037e-16
3570   1.16727e-16
3580   1.04271e-16
3590   9.01857e-17
3600   8.17466e-17
3610   8.86793e-17
3620   1.06634e-16
3630   1.17578e-16
3640   1.10022e-16
3650   9.17211e-17
3660   7.74546e-17
3670   7.09074e-17
3680   6.51138e-17
3690   5.66305e-17
3700   4.96938e-17
3710   4.63823e-17
3720   4.22992e-17
3730   3.48487e-17
3740   2.95096e-17
3750   3.39039e-17
3760   4.80148e-17
3770   6.32635e-17
3780   7.07011e-17
3790   6.91724e-17
3800   6.70356e-17
3810   7.60024e-17
3820   1.00099e-16
3830   1.29997e-16
3840   1.50964e-16
3850   1.58177e-16
3860   1.60597e-16
3870   1.67635e-16
3880   1.76972e-16
3890   1.80189e-16
3900   1.7642e-16
3910   1.73289e-16
3920   1.75276e-16
3930   1.7693e-16
3940   1.69834e-16
3950   1.53839e-16
3960   1.38945e-16
3970   1.34994e-16
3980   1.4061e-16
3990   1.45669e-16
4000   1.44537e-16
4010   1.42764e-16
4020   1.47841e-16
4030   1.57371e-16
4040   1.6181e-16
4050   1.57899e-16
4060   1.5319e-16
4070   1.55572e-16
4080   1.6373e-16
4090   1.703e-16
4100   1.70656e-16
4110   1.65544e-16
4120   1.58155e-16
4130   1.51533e-16
4140   1.47873e-16
4150   1.47889e-16
4160   1.5056e-16
4170   1.53784e-16
4180   1.55021e-16
4190   1.52234e-16
4200   1.45544e-16
4210   1.38385e-16
4220   1.35778e-16
4230   1.38955e-16
4240   1.41603e-16
4250   1.35129e-16
4260   1.1858e-16
4270   1.00242e-16
4280   8.85351e-17
4290   8.44416e-17
4300   8.32636e-17
4310   8.09103e-17
4320   7.74315e-17
4330   7.55899e-17
4340   7.67255e-17
4350   7.95307e-17
4360   8.34351e-17
4370   9.02578e-17
4380   1.00297e-16
4390   1.09534e-16
4400   1.14269e-16
4410   1.1657e-16
4420   1.21863e-16
4430   1.3186e-16
4440   1.42486e-16
4450   1.49121e-16
4460   1.52176e-16
4470   1.56031e-16
4480   1.62945e-16
4490   1.70078e-16
4500   1.73487e-16
4510   1.73827e-16
4520   1.75447e-16
4530   1.79466e-16
4540   1.8038e-16
4550   1.72727e-16
4560   1.59987e-16
4570   1.52742e-16
4580   1.56199e-16
4590   1.63219e-16
4600   1.62254e-16
4610   1.50229e-16
4620   1.35172e-16
4630   1.27014e-16
4640   1.26986e-16
4650   1.26915e-16
4660   1.1899e-16
4670   1.05176e-16
4680   9.48602e-17
4690   9.31157e-17
4700   9.51584e-17
4710   9.3789e-17
4720   8.8634e-17
4730   8.40013e-17
4740   8.08229e-17
4750   7.66031e-17
4760   7.16059e-17
4770   6.90639e-17
4780   6.95495e-17
4790   7.00829e-17
4800   6.93519e-17
4810   6.97804e-17
4820   7.36011e-17
4830   7.98457e-17
4840   8.61713e-17
4850   9.16023e-17
4860   9.62575e-17
4870   9.94285e-17
4880   9.92227e-17
4890   9.41384e-17
4900   8.48224e-17
4910   7.44878e-17
4920   6.71825e-17
4930   6.48341e-17
4940   6.59411e-17
4950   6.71208e-17
4960   6.57323e-17
4970   6.18415e-17
4980   5.84593e-17
4990   5.90284e-17
5000   6.36434e-17
5010   6.84022e-17
5020   6.96813e-17
5030   6.87222e-17
5040   7.04073e-17
5050   7.75665e-17
5060   8.78961e-17
5070   9.70719e-17
5080   1.0402e-16
5090   1.11527e-16
5100   1.21206e-16
5110   1.29946e-16
5120   1.33404e-16
5130   1.32367e-16
5140   1.33574e-16
5150   1.42156e-16
5160   1.54253e-16
5170   1.60063e-16
5180   1.55227e-16
5190   1.45932e-16
5200   1.40659e-16
5210   1.39747e-16
5220   1.37434e-16
5230   1.31717e-16
5240   1.26729e-16
5250   1.25483e-16
5260   1.25082e-16
5270   1.21622e-16
5280   1.16574e-16
5290   1.15048e-16
5300   1.18745e-16
5310   1.23094e-16
5320   1.21944e-16
5330   1.14514e-16
5340   1.06727e-16
5350   1.04482e-16
5360   1.06649e-16
5370   1.07016e-16
5380   1.02889e-16
5390   9.81611e-17
5400   9.72784e-17
5410   9.95595e-17
5420   1.0139e-16
5430   1.0171e-16
5440   1.02399e-16
5450   1.0424e-16
5460   1.05706e-16
5470   1.06051e-16
5480   1.07181e-16
5490   1.1118e-16
5500   1.16972e-16
5510   1.20927e-16
5520   1.20783e-16
5530   1.18096e-16
5540   1.16289e-16
5550   1.16763e-16
5560   1.17609e-16
5570   1.16197e-16
5580   1.12542e-16
5590   1.09684e-16
5600   1.10526e-16
5610   1.14034e-16
5620   1.15369e-16
5630   1.11197e-16
5640   1.04575e-16
5650   1.02381e-16
5660   1.07231e-16
5670   1.13598e-16
5680   1.13472e-16
5690   1.04921e-16
5700   9.41121e-17
5710   8.92253e-17
5720   9.29875e-17
5730   1.01003e-16
5740   1.06826e-16
5750   1.0782e-16
5760   1.06785e-16
5770   1.08212e-16
5780   1.13056e-16
5790   1.17751e-16
5800   1.18821e-16
5810   1.17284e-16
5820   1.17257e-16
5830   1.206e-16
5840   1.245e-16
5850   1.24698e-16
5860   1.20096e-16
5870   1.13674e-16
5880   1.09088e-16
5890   1.07346e-16
5900   1.07163e-16
5910   1.07303e-16
5920   1.07414e-16
5930   1.07113e-16
5940   1.05929e-16
5950   1.04267e-16
5960   1.02989e-16
5970   1.01453e-16
5980   9.703e-17
5990   8.75383e-17
6000   7.39708e-17
6010   6.0292e-17
6020   5.01928e-17
6030   4.4348e-17
6040   4.08343e-17
6050   3.76657e-17
6060   3.44479e-17
6070   3.17951e-17
6080   2.96645e-17
6090   2.69996e-17
6100   2.34884e-17
6110   2.10086e-17
6120   2.22988e-17
6130   2.83628e-17
6140   3.78995e-17
6150   4.89568e-17
6160   5.99198e-17
6170   6.93095e-17
6180   7.60999e-17
6190   8.04518e-17
6200   8.33711e-17
6210   8.53255e-17
6220   8.57842e-17
6230   8.4509e-17
6240   8.31021e-17
6250   8.36429e-17
6260   8.54194e-17
6270   8.51361e-17
6280   8.1655e-17
6290   7.83807e-17
6300   7.88239e-17
6310   8.14662e-17
6320   8.19493e-17
6330   7.94098e-17
6340   7.73043e-17
6350   7.80272e-17
6360   8.01534e-17
6370   8.1854e-17
6380   8.35607e-17
6390   8.57785e-17
6400   8.65146e-17
6410   8.33122e-17
6420   7.73909e-17
6430   7.30557e-17
6440   7.27473e-17
6450   7.44683e-17
6460   7.46474e-17
6470   7.19895e-17
6480   6.7747e-17
6490   6.37117e-17
6500   6.10381e-17
6510   6.00674e-17
6520   6.02448e-17
6530   6.05047e-17
6540   6.05888e-17
6550   6.19311e-17
6560   6.59593e-17
6570   7.1081e-17
6580   7.26309e-17
6590   6.72379e-17
6600   5.7252e-17
6610   4.95496e-17
6620   4.91602e-17
6630   5.43416e-17
6640   5.92007e-17
6650   6.09254e-17
6660   6.22938e-17
6670   6.60909e-17
6680   6.94021e-17
6690   6.61772e-17
6700   5.52684e-17
6710   4.34462e-17
6720   3.91357e-17
6730   4.41291e-17
6740   5.22358e-17
6750   5.5909e-17
6760   5.39978e-17
6770   5.20987e-17
6780   5.52359e-17
6790   6.14865e-17
6800   6.37368e-17
6810   5.78127e-17
6820   4.77481e-17
6830   4.20147e-17
6840   4.45469e-17
6850   5.08398e-17
6860   5.32342e-17
6870   4.89033e-17
6880   4.18131e-17
6890   3.78326e-17
6900   3.88463e-17
6910   4.21e-17
6920   4.45391e-17
6930   4.58738e-17
6940   4.66284e-17
6950   4.54194e-17
6960   4.08144e-17
6970   3.53848e-17
6980   3.4528e-17
6990   3.93894e-17
7000   4.37189e-17
7010   4.09547e-17
7020   3.29237e-17
7030   2.78915e-17
7040   3.02368e-17
7050   3.60182e-17
7060   3.94692e-17
7070   3.95278e-17
7080   3.85646e-17
7090   3.81271e-17
7100   3.80682e-17
7110   3.80659e-17
7120   3.76317e-17
7130   3.20351e-17
7140   1.87395e-17
7150   6.70519e-18
7160   1.4356e-18
7170   1.85719e-19
7180   1.47403e-20
7190   7.27527e-22
7200   2.25667e-23
7210   4.43373e-25
7220   5.54934e-27
7230   4.44313e-29
7240   2.2825e-31
7250   7.53953e-34
7260   1.60384e-36
7270   2.19962e-39
7280   1.94648e-42
7290   1.11203e-45
7300   4.10324e-49
7310   9.78166e-53
7320   1.50683e-56
7330   1.5002e-60
7340   9.65416e-65
7350   4.01601e-69
7360   1.07998e-73
7370   1.87755e-78
7380   2.11028e-83
7390   1.53344e-88
7400   7.20407e-94
7410   2.18817e-99
7420   4.29712e-105
7430   5.45595e-111
7440   4.4788e-117
7450   2.37712e-123
7460   8.15722e-130
7470   1.80981e-136
7480   2.59613e-143
7490   2.4078e-150
7500   1.44383e-157
7510   5.59777e-165
7520   1.40319e-172
7530   2.27415e-180
7540   2.383e-188
7550   1.61447e-196
7560   7.07198e-205
7570   2.00287e-213
7580   3.66749e-222
7590   4.34196e-231
7600   3.32358e-240
7610   1.64486e-249
7620   5.26323e-259
7630   1.08888e-268
7640   1.4565e-278
7650   1.25963e-288
7660   7.04331e-299
7670   2.54632e-309
7680   5.95201e-320
7690   0
7700   0
7710   0
7720   0
7730   0
7740   0
7750   0
7760   0
7770   0
7780   0
7790   0
7800   0
7810   0
7820   0
7830   0
7840   0
7850   0
7860   0
7870   0
7880   0
7890   0
7900   0
7910   0
7920   0
7930   0
7940   0
7950   0
7960   0
7970   0
7980   0
7990   0
8000   0
8010   0
8020   0
8030   0
8040   0
8050   0
8060   0
8070   0
8080   0
8090   0
8100   0
8110   0
8120   0
8130   0
8140   0
8150   0
8160   0
8170   0
8180   0
8190   0
8200   0
8210   0
8220   0
8230   0
8240   0
8250   0
8260   0
8270   0
8280   0
8290   0
8300   0
8310   0
8320   0
8330   0
8340   0
8350   0
8360   0
8370   0
8380   0
8390   0
8400   0
8410   0
8420   0
8430   0
8440   0
8450   0
8460   0
8470   0
8480   0
8490   0
8500   0