#7.4306624498404465
3000  6.23367e-136
3010  2.84923e-129
3020  8.43414e-123
3030  1.61691e-116
3040  2.00751e-110
3050  1.61421e-104
3060  8.40596e-99
3070  2.83492e-93
3080  6.1918e-88
3090  8.75813e-83
3100  8.02268e-78
3110  4.7592e-73
3120  1.82829e-68
3130  4.5482e-64
3140  7.32652e-60
3150  7.64174e-56
3160  5.16044e-52
3170  2.25595e-48
3180  6.38335e-45
3190  1.16881e-41
3200  1.38445e-38
3210  1.06036e-35
3220  5.24817e-33
3230  1.67711e-30
3240  3.45622e-28
3250  4.58567e-26
3260  3.90813e-24
3270  2.13264e-22
3280  7.41907e-21
3290  1.63555e-19
3300  2.26656e-18
3310  1.9541e-17
3320  1.03534e-16
3330  3.33649e-16
3340  6.57857e-16
3350  8.45658e-16
3360  8.45945e-16
3370  8.06433e-16
3380  7.75236e-16
3390  7.53513e-16
3400  7.42722e-16
3410  7.43028e-16
3420  7.53627e-16
3430  7.73554e-16
3440  8.02066e-16
3450  8.38782e-16
3460  8.83693e-16
3470  9.3673e-16
3480  9.97296e-16
3490  1.06379e-15
3500  1.13348e-15
3510  1.20263e-15
3520  1.26705e-15
3530  1.32289e-15
3540  1.36735e-15
3550  1.39942e-15
3560  1.41988e-15
3570  1.43132e-15
3580  1.43723e-15
3590  1.44125e-15
3600  1.44622e-15
3610  1.45358e-15
3620  1.463e-15
3630  1.47261e-15
3640  1.47945e-15
3650  1.48014e-15
3660  1.47156e-15
3670  1.45129e-15
3680  1.41799e-15
3690  1.37127e-15
3700  1.31187e-15
3710  1.24143e-15
3720  1.16265e-15
3730  1.0793e-15
3740  9.96266e-16
3750  9.19585e-16
3760  8.55979e-16
3770  8.12457e-16
3780  7.95254e-16
3790  8.09112e-16
3800  8.56101e-16
3810  9.35264e-16
3820  1.04219e-15
3830  1.16942e-15
3840  1.30722e-15
3850  1.44471e-15
3860  1.57121e-15
3870  1.67761e-15
3880  1.75731e-15
3890  1.80712e-15
3900  1.82725e-15
3910  1.82138e-15
3920  1.79571e-15
3930  1.75837e-15
3940  1.71802e-15
3950  1.68278e-15
3960  1.65913e-15
3970  1.65093e-15
3980  1.65908e-15
3990  1.68123e-15
4000  1.71247e-15
4010  1.7461e-15
4020  1.77495e-15
4030  1.79276e-15
4040  1.79535e-15
4050  1.78146e-15
4060  1.753e-15
4070  1.71458e-15
4080  1.67261e-15
4090  1.6339e-15
4100  1.60432e-15
4110  1.58764e-15
4120  1.58478e-15
4130  1.59384e-15
4140  1.61048e-15
4150  1.62892e-15
4160  1.64309e-15
4170  1.64768e-15
4180  1.63908e-15
4190  1.61576e-15
4200  1.57843e-15
4210  1.52956e-15
4220  1.47299e-15
4230  1.41312e-15
4240  1.35435e-15
4250  1.30059e-15
4260  1.25487e-15
4270  1.21917e-15
4280  1.19445e-15
4290  1.18067e-15
4300  1.17704e-15
4310  1.18206e-15
4320  1.19399e-15
4330  1.21087e-15
4340  1.23095e-15
4350  1.25276e-15
4360  1.27529e-15
4370  1.29808e-15
4380  1.32108e-15
4390  1.34462e-15
4400  1.36913e-15
4410  1.39499e-15
4420  1.42224e-15
4430  1.45055e-15
4440  1.47907e-15
4450  1.50655e-15
4460  1.53152e-15
4470  1.5525e-15
4480  1.56831e-15
4490  1.5783e-15
4500  1.58255e-15
4510  1.58183e-15
4520  1.5776e-15
4530  1.5716e-15
4540  1.56567e-15
4550  1.56123e-15
4560  1.55901e-15
4570  1.55892e-15
4580  1.55986e-15
4590  1.56004e-15
4600  1.55719e-15
4610  1.54903e-15
4620  1.53372e-15
4630  1.51021e-15
4640  1.47854e-15
4650  1.43992e-15
4660  1.39662e-15
4670  1.35162e-15
4680  1.30818e-15
4690  1.26926e-15
4700  1.23698e-15
4710  1.21222e-15
4720  1.19447e-15
4730  1.1818e-15
4740  1.17142e-15
4750  1.1602e-15
4760  1.14551e-15
4770  1.12596e-15
4780  1.10176e-15
4790  1.07496e-15
4800  1.04897e-15
4810  1.02789e-15
4820  1.01547e-15
4830  1.01418e-15
4840  1.02436e-15
4850  1.04402e-15
4860  1.06904e-15
4870  1.09395e-15
4880  1.11303e-15
4890  1.12144e-15
4900  1.11632e-15
4910  1.09723e-15
4920  1.06637e-15
4930  1.02795e-15
4940  9.87492e-16
4950  9.50723e-16
4960  9.22591e-16
4970  9.06599e-16
4980  9.04279e-16
4990  9.15348e-16
5000  9.37851e-16
5010  9.68855e-16
5020  1.00494e-15
5030  1.04282e-15
5040  1.07976e-15
5050  1.1138e-15
5060  1.14383e-15
5070  1.16954e-15
5080  1.19122e-15
5090  1.20953e-15
5100  1.22524e-15
5110  1.23903e-15
5120  1.25129e-15
5130  1.26199e-15
5140  1.27065e-15
5150  1.27643e-15
5160  1.27824e-15
5170  1.27505e-15
5180  1.26603e-15
5190  1.251e-15
5200  1.23037e-15
5210  1.20531e-15
5220  1.17758e-15
5230  1.14927e-15
5240  1.12252e-15
5250  1.09918e-15
5260  1.08055e-15
5270  1.06725e-15
5280  1.05923e-15
5290  1.05578e-15
5300  1.05577e-15
5310  1.05778e-15
5320  1.06027e-15
5330  1.06172e-15
5340  1.06082e-15
5350  1.05657e-15
5360  1.04849e-15
5370  1.03666e-15
5380  1.02188e-15
5390  1.00562e-15
5400  9.8982e-16
5410  9.767e-16
5420  9.68251e-16
5430  9.65896e-16
5440  9.7009e-16
5450  9.80175e-16
5460  9.94422e-16
5470  1.01032e-15
5480  1.02507e-15
5490  1.03617e-15
5500  1.04185e-15
5510  1.0415e-15
5520  1.03567e-15
5530  1.02594e-15
5540  1.01445e-15
5550  1.00335e-15
5560  9.94342e-16
5570  9.88214e-16
5580  9.84763e-16
5590  9.8285e-16
5600  9.8076e-16
5610  9.76671e-16
5620  9.69116e-16
5630  9.57398e-16
5640  9.41755e-16
5650  9.23357e-16
5660  9.04056e-16
5670  8.86026e-16
5680  8.71329e-16
5690  8.61569e-16
5700  8.57622e-16
5710  8.59604e-16
5720  8.66908e-16
5730  8.78474e-16
5740  8.92972e-16
5750  9.09111e-16
5760  9.2577e-16
5770  9.42109e-16
5780  9.57561e-16
5790  9.71758e-16
5800  9.8445e-16
5810  9.95401e-16
5820  1.00434e-15
5830  1.01093e-15
5840  1.01482e-15
5850  1.01569e-15
5860  1.01332e-15
5870  1.0077e-15
5880  9.99073e-16
5890  9.87977e-16
5900  9.7524e-16
5910  9.61926e-16
5920  9.49212e-16
5930  9.38233e-16
5940  9.29886e-16
5950  9.24587e-16
5960  9.22132e-16
5970  9.21523e-16
5980  9.21024e-16
5990  9.18285e-16
6000  9.10633e-16
6010  8.95559e-16
6020  8.71126e-16
6030  8.36515e-16
6040  7.923e-16
6050  7.40638e-16
6060  6.85092e-16
6070  6.30249e-16
6080  5.811e-16
6090  5.42316e-16
6100  5.17492e-16
6110  5.08677e-16
6120  5.15904e-16
6130  5.37398e-16
6140  5.6972e-16
6150  6.08513e-16
6160  6.49081e-16
6170  6.87177e-16
6180  7.19566e-16
6190  7.44308e-16
6200  7.60932e-16
6210  7.70127e-16
6220  7.73466e-16
6230  7.72868e-16
6240  7.70186e-16
6250  7.66835e-16
6260  7.63607e-16
6270  7.60665e-16
6280  7.5768e-16
6290  7.54084e-16
6300  7.49341e-16
6310  7.43197e-16
6320  7.35807e-16
6330  7.2776e-16
6340  7.19952e-16
6350  7.13357e-16
6360  7.08769e-16
6370  7.06536e-16
6380  7.06424e-16
6390  7.0759e-16
6400  7.08765e-16
6410  7.08561e-16
6420  7.0587e-16
6430  7.00275e-16
6440  6.923e-16
6450  6.83493e-16
6460  6.762e-16
6470  6.73103e-16
6480  6.76582e-16
6490  6.88048e-16
6500  7.07379e-16
6510  7.32723e-16
6520  7.60596e-16
6530  7.86448e-16
6540  8.05519e-16
6550  8.1373e-16
6560  8.08662e-16
6570  7.89947e-16
6580  7.5956e-16
6590  7.21287e-16
6600  6.8014e-16
6610  6.41331e-16
6620  6.09347e-16
6630  5.87265e-16
6640  5.76251e-16
6650  5.75625e-16
6660  5.83119e-16
6670  5.95485e-16
6680  6.09157e-16
6690  6.20913e-16
6700  6.28373e-16
6710  6.30291e-16
6720  6.26575e-16
6730  6.18142e-16
6740  6.06539e-16
6750  5.9359e-16
6760  5.80985e-16
6770  5.70006e-16
6780  5.61377e-16
6790  5.55229e-16
6800  5.51236e-16
6810  5.48762e-16
6820  5.47089e-16
6830  5.4557e-16
6840  5.43762e-16
6850  5.41458e-16
6860  5.38678e-16
6870  5.35592e-16
6880  5.32438e-16
6890  5.29443e-16
6900  5.26754e-16
6910  5.24426e-16
6920  5.22423e-16
6930  5.20646e-16
6940  5.18979e-16
6950  5.17319e-16
6960  5.15605e-16
6970  5.13827e-16
6980  5.1202e-16
6990  5.10246e-16
7000  5.0858e-16
7010  5.07092e-16
7020  5.05826e-16
7030  5.04808e-16
7040  5.04036e-16
7050  5.03484e-16
7060  5.03122e-16
7070  5.02904e-16
7080  5.02781e-16
7090  5.02726e-16
7100  5.02708e-16
7110  5.02689e-16
7120  5.027e-16
7130  5.02718e-16
7140  5.02583e-16
7150  5.0304e-16
7160  4.74769e-16
7170  3.46167e-16
7180  1.64843e-16
7190  4.82541e-17
7200  8.62768e-18
7210  9.50982e-19
7220  6.53563e-20
7230  2.82793e-21
7240  7.76263e-23
7250  1.35945e-24
7260  1.52524e-26
7270  1.09963e-28
7280  5.10552e-31
7290  1.52898e-33
7300  2.95682e-36
7310  3.69546e-39
7320  2.98668e-42
7330  1.56159e-45
7340  5.28373e-49
7350  1.15718e-52
7360  1.64066e-56
7370  1.50606e-60
7380  8.95172e-65
7390  3.44538e-69
7400  8.58724e-74
7410  1.38602e-78
7420  1.44874e-83
7430  9.80678e-89
7440  4.29915e-94
7450  1.22057e-99
7460  2.24422e-105
7470  2.67237e-111
7480  2.0609e-117
7490  1.02931e-123
7500  3.32939e-130
7510  6.97452e-137
7520  9.46226e-144
7530  8.31394e-151
7540  4.73097e-158
7550  1.74351e-165
7560  4.16132e-173
7570  6.43235e-181
7580  6.43931e-189
7590  4.17485e-197
7600  1.75297e-205
7610  4.76694e-214
7620  8.3953e-223
7630  9.57558e-232
7640  7.07335e-241
7650  3.3839e-250
7660  1.04844e-259
7670  2.10377e-269
7680  2.73392e-279
7690  2.30094e-289
7700  1.25417e-299
7710  4.42731e-310
7720  1.01234e-320
7730  0
7740  0
7750  0
7760  0
7770  0
7780  0
7790  0
7800  0
7810  0
7820  0
7830  0
7840  0
7850  0
7860  0
7870  0
7880  0
7890  0
7900  0
7910  0
7920  0
7930  0
7940  0
7950  0
7960  0
7970  0
7980  0
7990  0
8000  0
8010  0
8020  0
8030  0
8040  0
8050  0
8060  0
8070  0
8080  0
8090  0
8100  0
8110  0
8120  0
8130  0
8140  0
8150  0
8160  0
8170  0
8180  0
8190  0
8200  0
8210  0
8220  0
8230  0
8240  0
8250  0
8260  0
8270  0
8280  0
8290  0
8300  0
8310  0
8320  0
8330  0
8340  0
8350  0
8360  0
8370  0
8380  0
8390  0
8400  0
8410  0
8420  0
8430  0
8440  0
8450  0
8460  0
8470  0
8480  0
8490  0
8500  0
8510  0
8520  0
8530  0
8540  0
8550  0
8560  0
8570  0
8580  0
8590  0
8600  0
8610  0
8620  0
8630  0
8640  0
8650  0
8660  0
8670  0
8680  0
8690  0
8700  0
8710  0
8720  0
8730  0
8740  0
8750  0
8760  0
8770  0
8780  0
8790  0
8800  0
8810  0
8820  0
8830  0
8840  0
8850  0
8860  0
8870  0
8880  0
8890  0
8900  0
8910  0
8920  0
8930  0
8940  0
8950  0
8960  0
8970  0
8980  0
8990  0
9000  0