#-7.093456286572766
3300  5.09624e-135
3310  2.58182e-128
3320  8.41416e-122
3330  1.76402e-115
3340  2.37906e-109
3350  2.06401e-103
3360  1.15193e-97
3370  4.13562e-92
3380  9.55117e-87
3390  1.41895e-81
3400  1.35603e-76
3410  8.33594e-72
3420  3.29617e-67
3430  8.38344e-63
3440  1.37141e-58
3450  1.44284e-54
3460  9.76189e-51
3470  4.24671e-47
3480  1.18767e-43
3490  2.13475e-40
3500  2.4652e-37
3510  1.82806e-34
3520  8.69864e-32
3530  2.65344e-29
3540  5.18162e-27
3550  6.46528e-25
3560  5.14057e-23
3570  2.5949e-21
3580  8.27297e-20
3590  1.65393e-18
3600  2.05306e-17
3610  1.5616e-16
3620  7.15888e-16
3630  1.9475e-15
3640  3.17176e-15
3650  3.4764e-15
3660  3.42444e-15
3670  3.32803e-15
3680  3.13975e-15
3690  3.44447e-15
3700  3.65737e-15
3710  4.05252e-15
3720  4.25821e-15
3730  4.55608e-15
3740  4.7269e-15
3750  4.49874e-15
3760  4.51e-15
3770  4.3225e-15
3780  4.40246e-15
3790  4.49214e-15
3800  4.61658e-15
3810  4.70283e-15
3820  4.8064e-15
3830  4.82245e-15
3840  4.90895e-15
3850  5.14442e-15
3860  4.96713e-15
3870  5.09251e-15
3880  5.3567e-15
3890  5.57617e-15
3900  5.55471e-15
3910  5.84206e-15
3920  5.57557e-15
3930  5.24994e-15
3940  5.48061e-15
3950  5.18856e-15
3960  4.90058e-15
3970  5.15475e-15
3980  5.34324e-15
3990  5.31955e-15
4000  5.38563e-15
4010  5.45243e-15
4020  5.45334e-15
4030  5.60024e-15
4040  5.51153e-15
4050  5.51522e-15
4060  5.48364e-15
4070  5.21392e-15
4080  5.06956e-15
4090  5.03485e-15
4100  4.7711e-15
4110  4.71834e-15
4120  4.54266e-15
4130  4.41024e-15
4140  4.42565e-15
4150  4.14872e-15
4160  3.78495e-15
4170  3.65153e-15
4180  3.58083e-15
4190  3.41428e-15
4200  3.22218e-15
4210  3.16831e-15
4220  3.01578e-15
4230  2.85454e-15
4240  2.84058e-15
4250  2.91584e-15
4260  3.01629e-15
4270  3.08337e-15
4280  3.32234e-15
4290  3.41274e-15
4300  3.53387e-15
4310  3.74019e-15
4320  3.97211e-15
4330  4.10483e-15
4340  4.13651e-15
4350  3.96879e-15
4360  3.74027e-15
4370  3.62828e-15
4380  3.50662e-15
4390  3.5649e-15
4400  3.7113e-15
4410  3.81414e-15
4420  3.94517e-15
4430  4.04418e-15
4440  4.09307e-15
4450  4.13056e-15
4460  4.0754e-15
4470  4.14514e-15
4480  4.19791e-15
4490  4.03434e-15
4500  4.03518e-15
4510  4.12946e-15
4520  4.09841e-15
4530  3.9957e-15
4540  4.05013e-15
4550  4.05985e-15
4560  4.02625e-15
4570  3.99258e-15
4580  4.04289e-15
4590  3.87282e-15
4600  3.66732e-15
4610  3.74259e-15
4620  3.43032e-15
4630  3.2379e-15
4640  3.19071e-15
4650  3.19542e-15
4660  3.20884e-15
4670  3.15278e-15
4680  3.02446e-15
4690  3.08503e-15
4700  3.07848e-15
4710  2.99637e-15
4720  3.06565e-15
4730  3.04295e-15
4740  3.1491e-15
4750  3.20847e-15
4760  3.18068e-15
4770  3.15311e-15
4780  3.07017e-15
4790  2.9453e-15
4800  2.87857e-15
4810  2.73142e-15
4820  2.69147e-15
4830  2.61314e-15
4840  2.39981e-15
4850  2.3227e-15
4860  2.28998e-15
4870  2.24623e-15
4880  2.15011e-15
4890  2.14653e-15
4900  2.02777e-15
4910  2.01197e-15
4920  2.02691e-15
4930  1.97433e-15
4940  1.99535e-15
4950  2.10173e-15
4960  2.1294e-15
4970  2.2077e-15
4980  2.33533e-15
4990  2.38909e-15
5000  2.44182e-15
5010  2.48989e-15
5020  2.52638e-15
5030  2.66666e-15
5040  2.7471e-15
5050  2.80775e-15
5060  2.87697e-15
5070  2.88797e-15
5080  2.91943e-15
5090  2.92724e-15
5100  2.95443e-15
5110  2.97107e-15
5120  2.98003e-15
5130  3.06687e-15
5140  3.06477e-15
5150  3.06658e-15
5160  3.05149e-15
5170  3.02741e-15
5180  2.95145e-15
5190  2.8935e-15
5200  2.75325e-15
5210  2.589e-15
5220  2.50388e-15
5230  2.4091e-15
5240  2.43023e-15
5250  2.40247e-15
5260  2.32813e-15
5270  2.35944e-15
5280  2.32344e-15
5290  2.34762e-15
5300  2.42322e-15
5310  2.40648e-15
5320  2.40641e-15
5330  2.33638e-15
5340  2.32021e-15
5350  2.31443e-15
5360  2.27393e-15
5370  2.25941e-15
5380  2.2328e-15
5390  2.20747e-15
5400  2.12153e-15
5410  2.09039e-15
5420  2.12385e-15
5430  2.13637e-15
5440  2.14364e-15
5450  2.12023e-15
5460  2.14585e-15
5470  2.18642e-15
5480  2.15202e-15
5490  2.08215e-15
5500  1.97531e-15
5510  1.92128e-15
5520  1.92445e-15
5530  1.93739e-15
5540  1.99892e-15
5550  2.07537e-15
5560  2.0932e-15
5570  2.07553e-15
5580  2.02924e-15
5590  2.00969e-15
5600  1.99837e-15
5610  2.00971e-15
5620  2.04726e-15
5630  2.03095e-15
5640  2.01175e-15
5650  1.92305e-15
5660  1.92818e-15
5670  1.93081e-15
5680  1.90312e-15
5690  1.91214e-15
5700  1.9213e-15
5710  1.90772e-15
5720  1.87353e-15
5730  1.9421e-15
5740  1.95168e-15
5750  1.91293e-15
5760  1.92261e-15
5770  1.95764e-15
5780  1.85122e-15
5790  1.82078e-15
5800  1.84223e-15
5810  1.87854e-15
5820  1.90341e-15
5830  1.88117e-15
5840  1.87649e-15
5850  1.89342e-15
5860  1.91978e-15
5870  1.92463e-15
5880  1.75187e-15
5890  1.78483e-15
5900  1.96771e-15
5910  1.87098e-15
5920  1.89585e-15
5930  1.82913e-15
5940  1.84874e-15
5950  1.86893e-15
5960  1.79731e-15
5970  1.76256e-15
5980  1.73069e-15
5990  1.70691e-15
6000  1.70295e-15
6010  1.64154e-15
6020  1.60885e-15
6030  1.56434e-15
6040  1.46549e-15
6050  1.40966e-15
6060  1.40677e-15
6070  1.31577e-15
6080  1.24072e-15
6090  1.19904e-15
6100  1.20243e-15
6110  1.2452e-15
6120  1.27065e-15
6130  1.29658e-15
6140  1.31786e-15
6150  1.35753e-15
6160  1.3602e-15
6170  1.34993e-15
6180  1.39998e-15
6190  1.45284e-15
6200  1.47233e-15
6210  1.45931e-15
6220  1.50795e-15
6230  1.52711e-15
6240  1.53393e-15
6250  1.56404e-15
6260  1.55933e-15
6270  1.54639e-15
6280  1.52544e-15
6290  1.5793e-15
6300  1.58147e-15
6310  1.53684e-15
6320  1.5065e-15
6330  1.51632e-15
6340  1.50984e-15
6350  1.45801e-15
6360  1.42904e-15
6370  1.42332e-15
6380  1.39165e-15
6390  1.42465e-15
6400  1.41656e-15
6410  1.36344e-15
6420  1.38731e-15
6430  1.35473e-15
6440  1.35193e-15
6450  1.35138e-15
6460  1.3099e-15
6470  1.29773e-15
6480  1.26896e-15
6490  1.26797e-15
6500  1.29959e-15
6510  1.27714e-15
6520  1.27744e-15
6530  1.28665e-15
6540  1.23045e-15
6550  1.20871e-15
6560  1.20396e-15
6570  1.23526e-15
6580  1.20143e-15
6590  1.17989e-15
6600  1.18612e-15
6610  1.20107e-15
6620  1.19691e-15
6630  1.17327e-15
6640  1.20302e-15
6650  1.19096e-15
6660  1.16863e-15
6670  1.19269e-15
6680  1.13749e-15
6690  1.14635e-15
6700  1.14748e-15
6710  1.1421e-15
6720  1.1433e-15
6730  1.1446e-15
6740  1.14388e-15
6750  1.12141e-15
6760  1.08934e-15
6770  1.10739e-15
6780  1.08795e-15
6790  1.11815e-15
6800  1.09757e-15
6810  1.1008e-15
6820  1.03322e-15
6830  1.03115e-15
6840  1.08462e-15
6850  1.03979e-15
6860  9.96604e-16
6870  1.01744e-15
6880  1.02414e-15
6890  1.00527e-15
6900  1.02247e-15
6910  1.0079e-15
6920  1.00611e-15
6930  9.91248e-16
6940  9.59203e-16
6950  9.59558e-16
6960  9.76672e-16
6970  9.6215e-16
6980  9.74852e-16
6990  9.42407e-16
7000  9.39025e-16
7010  9.39138e-16
7020  9.64044e-16
7030  9.50615e-16
7040  9.34096e-16
7050  9.25548e-16
7060  8.97099e-16
7070  9.14259e-16
7080  9.26132e-16
7090  9.07336e-16
7100  9.05468e-16
7110  8.98243e-16
7120  9.41214e-16
7130  9.18575e-16
7140  8.96256e-16
7150  8.65012e-16
7160  8.72356e-16
7170  8.58558e-16
7180  7.97586e-16
7190  8.07333e-16
7200  7.90683e-16
7210  8.13466e-16
7220  8.09432e-16
7230  7.94841e-16
7240  8.11989e-16
7250  8.22918e-16
7260  8.01315e-16
7270  7.92784e-16
7280  8.3205e-16
7290  7.91823e-16
7300  7.82128e-16
7310  7.66054e-16
7320  7.43303e-16
7330  7.40517e-16
7340  7.25471e-16
7350  7.47292e-16
7360  7.47399e-16
7370  6.99478e-16
7380  7.41036e-16
7390  7.30704e-16
7400  7.21081e-16
7410  7.22048e-16
7420  7.20667e-16
7430  6.36913e-16
7440  4.08009e-16
7450  1.68581e-16
7460  4.3063e-17
7470  6.74563e-18
7480  6.51042e-19
7490  3.90322e-20
7500  1.46541e-21
7510  3.46861e-23
7520  5.20364e-25
7530  4.96773e-27
7540  3.0269e-29
7550  1.17971e-31
7560  2.94564e-34
7570  4.71747e-37
7580  4.84983e-40
7590  3.20251e-43
7600  1.35891e-46
7610  3.70644e-50
7620  6.49963e-54
7630  7.32918e-58
7640  5.31503e-62
7650  2.479e-66
7660  7.43691e-71
7670  1.43507e-75
7680  1.78127e-80
7690  1.42224e-85
7700  7.30483e-91
7710  2.41348e-96
7720  5.12957e-102
7730  7.01328e-108
7740  6.16833e-114
7750  3.48996e-120
7760  1.27023e-126
7770  2.97407e-133
7780  4.47951e-140
7790  4.3403e-147
7800  2.70531e-154
7810  1.08474e-161
7820  2.79798e-169
7830  4.64272e-177
7840  4.95577e-185
7850  3.40299e-193
7860  1.50321e-201
7870  4.27159e-210
7880  7.80852e-219
7890  9.18246e-228
7900  6.9464e-237
7910  3.38042e-246
7920  1.05826e-255
7930  2.13119e-265
7940  2.76099e-275
7950  2.301e-285
7960  1.23361e-295
7970  4.25454e-306
7980  9.43921e-317
7990  0
8000  0
8010  0
8020  0
8030  0
8040  0
8050  0
8060  0
8070  0
8080  0
8090  0
8100  0
8110  0
8120  0
8130  0
8140  0
8150  0
8160  0
8170  0
8180  0
8190  0
8200  0
8210  0
8220  0
8230  0
8240  0
8250  0
8260  0
8270  0
8280  0
8290  0
8300  0
8310  0
8320  0
8330  0
8340  0
8350  0
8360  0
8370  0
8380  0
8390  0
8400  0
8410  0
8420  0
8430  0
8440  0
8450  0
8460  0
8470  0
8480  0
8490  0
8500  0