#16.77128285602054
3300  -2.17512e-139
3310  -2.35242e-132
3320  -1.58769e-125
3330  -6.68702e-119
3340  -1.75758e-112
3350  -2.8828e-106
3360  -2.9507e-100
3370  -1.88472e-94
3380  -7.51238e-89
3390  -1.86858e-83
3400  -2.90029e-78
3410  -2.80904e-73
3420  -1.69766e-68
3430  -6.40173e-64
3440  -1.50617e-59
3450  -2.21074e-55
3460  -2.02413e-51
3470  -1.15584e-47
3480  -4.11528e-44
3490  -9.13243e-41
3500  -1.26249e-37
3510  -1.08642e-34
3520  -5.81323e-32
3530  -1.93107e-29
3540  -3.97309e-27
3550  -5.04572e-25
3560  -3.93499e-23
3570  -1.86962e-21
3580  -5.34402e-20
3590  -8.996e-19
3600  -8.57345e-18
3610  -4.23753e-17
3620  -8.0293e-17
3630   8.71311e-17
3640   5.13134e-16
3650   6.39006e-16
3660   6.34912e-16
3670   8.97075e-16
3680   9.11936e-16
3690   8.85405e-16
3700   7.62106e-16
3710   7.29408e-16
3720   6.59146e-16
3730   4.79548e-16
3740   4.71541e-16
3750   5.75715e-16
3760   3.88005e-16
3770   4.08747e-16
3780   3.95924e-16
3790   3.95637e-16
3800   3.67839e-16
3810   4.12814e-16
3820   4.37646e-16
3830   4.81597e-16
3840   6.34838e-16
3850   6.95257e-16
3860   7.973e-16
3870   8.70732e-16
3880   9.43423e-16
3890   1.07722e-15
3900   1.07887e-15
3910   1.19723e-15
3920   1.21689e-15
3930   1.2737e-15
3940   1.16229e-15
3950   1.26324e-15
3960   1.36671e-15
3970   1.17694e-15
3980   1.05327e-15
3990   1.00424e-15
4000   8.47271e-16
4010   8.128e-16
4020   7.74515e-16
4030   8.28054e-16
4040   8.32046e-16
4050   8.85972e-16
4060   8.58803e-16
4070   8.31593e-16
4080   8.35885e-16
4090   7.8816e-16
4100   8.20183e-16
4110   7.68129e-16
4120   7.96594e-16
4130   8.26727e-16
4140   8.38526e-16
4150   8.65156e-16
4160   9.13967e-16
4170   9.17467e-16
4180   1.01595e-15
4190   1.04082e-15
4200   1.01471e-15
4210   1.01979e-15
4220   9.8989e-16
4230   9.80371e-16
4240   9.98937e-16
4250   9.412e-16
4260   9.41394e-16
4270   9.21403e-16
4280   9.17248e-16
4290   9.46971e-16
4300   9.32765e-16
4310   9.44533e-16
4320   9.58674e-16
4330   8.71864e-16
4340   8.39133e-16
4350   7.22741e-16
4360   6.42335e-16
4370   6.29587e-16
4380   5.43131e-16
4390   5.13129e-16
4400   4.96422e-16
4410   5.08993e-16
4420   5.44815e-16
4430   5.31768e-16
4440   5.33656e-16
4450   5.63751e-16
4460   6.16078e-16
4470   6.58254e-16
4480   6.70792e-16
4490   7.39072e-16
4500   7.88425e-16
4510   8.23372e-16
4520   8.86269e-16
4530   1.03015e-15
4540   1.1522e-15
4550   1.30468e-15
4560   1.39804e-15
4570   1.46741e-15
4580   1.49089e-15
4590   1.56586e-15
4600   1.66165e-15
4610   1.68549e-15
4620   1.6906e-15
4630   1.5764e-15
4640   1.47251e-15
4650   1.29753e-15
4660   1.20239e-15
4670   1.05211e-15
4680   9.40226e-16
4690   8.93804e-16
4700   8.79817e-16
4710   8.54316e-16
4720   7.57078e-16
4730   6.64505e-16
4740   6.55725e-16
4750   6.25635e-16
4760   5.86e-16
4770   6.4669e-16
4780   6.75355e-16
4790   6.97659e-16
4800   7.21904e-16
4810   6.84195e-16
4820   6.45393e-16
4830   6.00919e-16
4840   6.17204e-16
4850   6.2286e-16
4860   6.46961e-16
4870   6.81556e-16
4880   7.23001e-16
4890   7.70388e-16
4900   8.38805e-16
4910   8.9522e-16
4920   9.3087e-16
4930   9.51154e-16
4940   9.6534e-16
4950   8.95873e-16
4960   8.05015e-16
4970   7.01926e-16
4980   6.44268e-16
4990   6.32613e-16
5000   6.07312e-16
5010   6.04552e-16
5020   6.12237e-16
5030   5.80095e-16
5040   6.32093e-16
5050   6.61689e-16
5060   6.05291e-16
5070   6.60927e-16
5080   6.88306e-16
5090   6.95081e-16
5100   6.86889e-16
5110   7.03603e-16
5120   7.32065e-16
5130   7.30878e-16
5140   7.63114e-16
5150   7.63916e-16
5160   8.63432e-16
5170   9.36849e-16
5180   9.8281e-16
5190   1.05486e-15
5200   1.06762e-15
5210   1.18281e-15
5220   1.20402e-15
5230   1.21211e-15
5240   1.29266e-15
5250   1.28171e-15
5260   1.31836e-15
5270   1.30752e-15
5280   1.27019e-15
5290   1.25447e-15
5300   1.23299e-15
5310   1.21923e-15
5320   1.23042e-15
5330   1.1913e-15
5340   1.15655e-15
5350   1.13214e-15
5360   1.10304e-15
5370   1.056e-15
5380   1.08892e-15
5390   1.0359e-15
5400   1.02355e-15
5410   1.00819e-15
5420   1.01184e-15
5430   1.00754e-15
5440   9.48329e-16
5450   9.32226e-16
5460   9.05857e-16
5470   9.08358e-16
5480   8.50149e-16
5490   8.14789e-16
5500   8.17184e-16
5510   7.63099e-16
5520   7.02732e-16
5530   6.99408e-16
5540   6.74605e-16
5550   6.55059e-16
5560   6.35438e-16
5570   5.90667e-16
5580   5.68104e-16
5590   5.10672e-16
5600   5.30438e-16
5610   5.16506e-16
5620   4.63938e-16
5630   4.65376e-16
5640   4.552e-16
5650   4.29842e-16
5660   4.11752e-16
5670   4.19605e-16
5680   4.07646e-16
5690   3.83659e-16
5700   3.79052e-16
5710   3.94797e-16
5720   4.18564e-16
5730   4.49798e-16
5740   4.78519e-16
5750   4.95703e-16
5760   5.00838e-16
5770   5.61928e-16
5780   5.99678e-16
5790   6.33075e-16
5800   7.03038e-16
5810   7.73711e-16
5820   8.37141e-16
5830   8.847e-16
5840   9.23428e-16
5850   9.63248e-16
5860   9.75509e-16
5870   9.94121e-16
5880   1.01127e-15
5890   9.10925e-16
5900   8.94645e-16
5910   9.29392e-16
5920   8.74595e-16
5930   8.16087e-16
5940   8.18207e-16
5950   7.92771e-16
5960   7.57898e-16
5970   7.36962e-16
5980   7.04054e-16
5990   6.70073e-16
6000   6.47712e-16
6010   6.45181e-16
6020   5.97264e-16
6030   5.82831e-16
6040   6.02084e-16
6050   5.76304e-16
6060   5.94029e-16
6070   5.44194e-16
6080   4.66075e-16
6090   4.13037e-16
6100   3.61297e-16
6110   3.25972e-16
6120   2.98274e-16
6130   2.61777e-16
6140   2.64794e-16
6150   2.44677e-16
6160   2.83729e-16
6170   2.81779e-16
6180   3.04727e-16
6190   3.60093e-16
6200   4.20124e-16
6210   4.52393e-16
6220   4.69509e-16
6230   4.84444e-16
6240   5.12373e-16
6250   5.12167e-16
6260   5.00517e-16
6270   5.36753e-16
6280   5.52467e-16
6290   5.38985e-16
6300   5.63827e-16
6310   5.63241e-16
6320   5.64817e-16
6330   5.74875e-16
6340   5.95164e-16
6350   5.88863e-16
6360   5.60317e-16
6370   5.82952e-16
6380   6.06222e-16
6390   5.54735e-16
6400   5.87988e-16
6410   5.76201e-16
6420   5.7025e-16
6430   5.60297e-16
6440   5.54316e-16
6450   5.84787e-16
6460   5.65569e-16
6470   5.82699e-16
6480   5.88355e-16
6490   5.753e-16
6500   5.74256e-16
6510   5.75621e-16
6520   5.6973e-16
6530   5.46816e-16
6540   5.59174e-16
6550   5.34317e-16
6560   5.25556e-16
6570   5.13504e-16
6580   4.92227e-16
6590   4.80525e-16
6600   4.4998e-16
6610   4.50184e-16
6620   4.21367e-16
6630   3.95204e-16
6640   3.88236e-16
6650   3.74679e-16
6660   3.60499e-16
6670   3.43695e-16
6680   3.33498e-16
6690   3.20895e-16
6700   3.3364e-16
6710   3.10294e-16
6720   3.05149e-16
6730   2.95797e-16
6740   2.78109e-16
6750   2.80402e-16
6760   2.71777e-16
6770   2.47971e-16
6780   2.43098e-16
6790   2.60441e-16
6800   2.30111e-16
6810   2.50527e-16
6820   2.58522e-16
6830   2.43715e-16
6840   2.48824e-16
6850   2.50487e-16
6860   2.37878e-16
6870   2.49675e-16
6880   2.54943e-16
6890   2.43174e-16
6900   2.47263e-16
6910   2.54005e-16
6920   2.50477e-16
6930   2.53226e-16
6940   2.59731e-16
6950   2.36766e-16
6960   2.4136e-16
6970   2.40358e-16
6980   2.31951e-16
6990   2.26771e-16
7000   2.48975e-16
7010   2.53593e-16
7020   2.40172e-16
7030   2.48017e-16
7040   2.30593e-16
7050   2.3393e-16
7060   2.22993e-16
7070   2.4529e-16
7080   2.3012e-16
7090   2.20928e-16
7100   2.38085e-16
7110   2.29373e-16
7120   2.25914e-16
7130   2.31623e-16
7140   2.23812e-16
7150   2.18472e-16
7160   2.12387e-16
7170   2.26668e-16
7180   2.18557e-16
7190   2.09753e-16
7200   2.06854e-16
7210   2.08866e-16
7220   2.08258e-16
7230   2.1527e-16
7240   2.06804e-16
7250   1.77672e-16
7260   2.11285e-16
7270   2.20458e-16
7280   2.02539e-16
7290   1.98088e-16
7300   2.006e-16
7310   2.04275e-16
7320   1.77669e-16
7330   1.8326e-16
7340   1.89358e-16
7350   1.84371e-16
7360   1.70767e-16
7370   1.72001e-16
7380   1.84792e-16
7390   1.86704e-16
7400   1.76549e-16
7410   1.0874e-16
7420   3.3043e-17
7430   3.52013e-18
7440  -3.4295e-19
7450  -1.19022e-19
7460  -1.1789e-20
7470  -5.87436e-22
7480  -1.64691e-23
7490  -2.7152e-25
7500  -2.69214e-27
7510  -1.62617e-29
7520  -6.03217e-32
7530  -1.38121e-34
7540  -1.95891e-37
7550  -1.7248e-40
7560  -9.44325e-44
7570  -3.21836e-47
7580  -6.83294e-51
7590  -9.04207e-55
7600  -7.46063e-59
7610  -3.8392e-63
7620  -1.23237e-67
7630  -2.46794e-72
7640  -3.08358e-77
7650  -2.40398e-82
7660  -1.16945e-87
7670  -3.54993e-93
7680  -6.72443e-99
7690  -7.94867e-105
7700  -5.86328e-111
7710  -2.69897e-117
7720  -7.75299e-124
7730  -1.38981e-130
7740  -1.55474e-137
7750  -1.08536e-144
7760  -4.72837e-152
7770  -1.28548e-159
7780  -2.18091e-167
7790  -2.30901e-175
7800  -1.52558e-183
7810  -6.29015e-192
7820  -1.61848e-200
7830  -2.59878e-209
7840  -2.60406e-218
7850  -1.62837e-227
7860  -6.35435e-237
7870  -1.54742e-246
7880  -2.35161e-256
7890  -2.23018e-266
7900  -1.31988e-276
7910  -4.87468e-287
7920  -1.12351e-297
7930  -1.61594e-308
7940  -1.45043e-319
7950  -0
7960   0
7970   0
7980   0
7990   0
8000   0
8010   0
8020   0
8030   0
8040   0
8050   0
8060   0
8070   0
8080   0
8090   0
8100   0
8110   0
8120   0
8130   0
8140   0
8150   0
8160   0
8170   0
8180   0
8190   0
8200   0
8210   0
8220   0
8230   0
8240   0
8250   0
8260   0
8270   0
8280   0
8290   0
8300   0
8310   0
8320   0
8330   0
8340   0
8350   0
8360   0
8370   0
8380   0
8390   0
8400   0
8410   0
8420   0
8430   0
8440   0
8450   0
8460   0
8470   0
8480   0
8490   0
8500   0