#-2.361147320837081
3000  0
3030  0
3060  0
3090  0
3120  0
3150  0
3180  0
3210  0
3240  0
3270  0
3300  0
3330  0
3360  0
3390  0
3420  0
3450  9.88481e-16
3480  1.04547e-15
3510  1.20809e-15
3540  1.60316e-15
3570  2.07291e-15
3600  2.24739e-15
3630  2.01788e-15
3660  1.74965e-15
3690  1.84407e-15
3720  2.23997e-15
3750  2.52098e-15
3780  2.4115e-15
3810  2.05001e-15
3840  1.78095e-15
3870  1.74876e-15
3900  1.83686e-15
3930  1.94501e-15
3960  2.05977e-15
3990  2.1099e-15
4020  2.03682e-15
4050  1.92871e-15
4080  1.89071e-15
4110  1.92371e-15
4140  2.00289e-15
4170  2.0696e-15
4200  1.96873e-15
4230  1.63349e-15
4260  1.27819e-15
4290  1.18754e-15
4320  1.35664e-15
4350  1.519e-15
4380  1.50854e-15
4410  1.43151e-15
4440  1.45791e-15
4470  1.58315e-15
4500  1.68793e-15
4530  1.75081e-15
4560  1.85478e-15
4590  1.99802e-15
4620  2.05333e-15
4650  1.95048e-15
4680  1.76813e-15
4710  1.59876e-15
4740  1.45487e-15
4770  1.3485e-15
4800  1.30889e-15
4830  1.29503e-15
4860  1.23838e-15
4890  1.1536e-15
4920  1.08396e-15
4950  1.00461e-15
4980  8.94735e-16
5010  8.30512e-16
5040  8.93991e-16
5070  1.04035e-15
5100  1.15068e-15
5130  1.18414e-15
5160  1.20207e-15
5190  1.25916e-15
5220  1.33193e-15
5250  1.35667e-15
5280  1.30414e-15
5310  1.21106e-15
5340  1.14557e-15
5370  1.1392e-15
5400  1.15938e-15
5430  1.15677e-15
5460  1.12495e-15
5490  1.09978e-15
5520  1.10929e-15
5550  1.13874e-15
5580  1.14785e-15
5610  1.11481e-15
5640  1.05597e-15
5670  1.00328e-15
5700  9.69252e-16
5730  9.4416e-16
5760  9.26466e-16
5790  9.31646e-16
5820  9.57592e-16
5850  9.71582e-16
5880  9.5649e-16
5910  9.4092e-16
5940  9.54255e-16
5970  9.78265e-16
6000  9.78379e-16
6030  9.63639e-16
6060  9.68309e-16
6090  9.80794e-16
6120  9.50984e-16
6150  8.75872e-16
6180  8.15974e-16
6210  8.12269e-16
6240  8.42894e-16
6270  8.7342e-16
6300  8.95538e-16
6330  9.0499e-16
6360  8.91893e-16
6390  8.66511e-16
6420  8.55672e-16
6450  8.64064e-16
6480  8.67822e-16
6510  8.51157e-16
6540  8.25284e-16
6570  8.05002e-16
6600  7.87167e-16
6630  7.62894e-16
6660  7.35754e-16
6690  7.15686e-16
6720  7.03819e-16
6750  6.9331e-16
6780  6.81009e-16
6810  6.70968e-16
6840  6.65969e-16
6870  6.61322e-16
6900  6.51636e-16
6930  6.39379e-16
6960  6.30859e-16
6990  6.26445e-16
7020  6.20172e-16
7050  6.09472e-16
7080  6.01226e-16
7110  6.04199e-16
7140  6.1712e-16
7170  6.298e-16
7200  6.35751e-16
7230  6.36974e-16
7260  6.37046e-16
7290  6.37046e-16
7320  0
7350  0
7380  0
7410  0
7440  0
7470  0
7500  0
7530  0
7560  0
7590  0
7620  0
7650  0
7680  0
7710  0
7740  0
7770  0
7800  0
7830  0
7860  0
7890  0
7920  0
7950  0
7980  0
8010  0
8040  0
8070  0
8100  0
8130  0
8160  0
8190  0
8220  0
8250  0
8280  0
8310  0
8340  0
8370  0
8400  0
8430  0
8460  0
8490  0
8520  0
8550  0
8580  0
8610  0
8640  0
8670  0
8700  0
8730  0
8760  0
8790  0
8820  0
8850  0
8880  0
8910  0
8940  0
8970  0
9000  0