#86.82697851107363
3000  0
3010  0
3020  0
3030  0
3040  0
3050  0
3060  0
3070  0
3080  0
3090  0
3100  0
3110  0
3120  0
3130  0
3140  0
3150  0
3160  0
3170  0
3180  0
3190  0
3200  0
3210  0
3220  0
3230  0
3240  0
3250  0
3260  0
3270  0
3280  0
3290  0
3300  0
3310  0
3320  0
3330  0
3340  0
3350  0
3360  0
3370  0
3380  0
3390  0
3400  0
3410  0
3420  0
3430  0
3440  0
3450  6.58385e-15
3460  5.09564e-15
3470  3.68093e-15
3480  2.46533e-15
3490  1.53955e-15
3500  9.45143e-16
3510  6.70835e-16
3520  6.59471e-16
3530  8.23524e-16
3540  1.06503e-15
3550  1.29528e-15
3560  1.45014e-15
3570  1.49826e-15
3580  1.44133e-15
3590  1.30748e-15
3600  1.1403e-15
3610  9.86274e-16
3620  8.8374e-16
3630  8.55381e-16
3640  9.05224e-16
3650  1.02002e-15
3660  1.17398e-15
3670  1.33524e-15
3680  1.47252e-15
3690  1.56061e-15
3700  1.58386e-15
3710  1.53748e-15
3720  1.42683e-15
3730  1.26525e-15
3740  1.07122e-15
3750  8.65358e-16
3760  6.67811e-16
3770  4.96337e-16
3780  3.65116e-16
3790  2.84209e-16
3800  2.59508e-16
3810  2.92965e-16
3820  3.8295e-16
3830  5.24673e-16
3840  7.10646e-16
3850  9.31257e-16
3860  1.17549e-15
3870  1.43186e-15
3880  1.68936e-15
3890  1.93851e-15
3900  2.17204e-15
3910  2.38524e-15
3920  2.57575e-15
3930  2.74291e-15
3940  2.88676e-15
3950  3.00702e-15
3960  3.10231e-15
3970  3.16991e-15
3980  3.2061e-15
3990  3.20707e-15
4000  3.17017e-15
4010  3.09522e-15
4020  2.98542e-15
4030  2.84776e-15
4040  2.69262e-15
4050  2.53277e-15
4060  2.38185e-15
4070  2.25273e-15
4080  2.15595e-15
4090  2.09869e-15
4100  2.08426e-15
4110  2.11214e-15
4120  2.17852e-15
4130  2.27708e-15
4140  2.39985e-15
4150  2.53804e-15
4160  2.6827e-15
4170  2.82543e-15
4180  2.95888e-15
4190  3.07744e-15
4200  3.17769e-15
4210  3.25886e-15
4220  3.32299e-15
4230  3.37461e-15
4240  3.42012e-15
4250  3.46657e-15
4260  3.5203e-15
4270  3.58541e-15
4280  3.66256e-15
4290  3.7482e-15
4300  3.83462e-15
4310  3.91068e-15
4320  3.96343e-15
4330  3.98017e-15
4340  3.95068e-15
4350  3.86937e-15
4360  3.73666e-15
4370  3.55963e-15
4380  3.35151e-15
4390  3.1303e-15
4400  2.91663e-15
4410  2.73134e-15
4420  2.59325e-15
4430  2.51751e-15
4440  2.51482e-15
4450  2.5915e-15
4460  2.75037e-15
4470  2.99191e-15
4480  3.3155e-15
4490  3.72013e-15
4500  4.20461e-15
4510  4.76702e-15
4520  5.40368e-15
4530  6.10802e-15
4540  6.86942e-15
4550  7.67279e-15
4560  8.49873e-15
4570  9.32455e-15
4580  1.01259e-14
4590  1.0879e-14
4600  1.15621e-14
4610  1.21572e-14
4620  1.26508e-14
4630  1.30327e-14
4640  1.32955e-14
4650  1.34325e-14
4660  1.34367e-14
4670  1.33004e-14
4680  1.30164e-14
4690  1.25801e-14
4700  1.19931e-14
4710  1.12662e-14
4720  1.0422e-14
4730  9.49523e-15
4740  8.53021e-15
4750  7.57691e-15
4760  6.68484e-15
4770  5.89687e-15
4780  5.2441e-15
4790  4.74288e-15
4800  4.39455e-15
4810  4.18788e-15
4820  4.1035e-15
4830  4.1191e-15
4840  4.21437e-15
4850  4.37428e-15
4860  4.59026e-15
4870  4.85906e-15
4880  5.17967e-15
4890  5.54932e-15
4900  5.95962e-15
4910  6.39399e-15
4920  6.82731e-15
4930  7.22781e-15
4940  7.56123e-15
4950  7.79621e-15
4960  7.90978e-15
4970  7.89185e-15
4980  7.7477e-15
4990  7.49799e-15
5000  7.17635e-15
5010  6.8251e-15
5020  6.48983e-15
5030  6.21385e-15
5040  6.03326e-15
5050  5.97322e-15
5060  6.04584e-15
5070  6.24969e-15
5080  6.57085e-15
5090  6.98524e-15
5100  7.46198e-15
5110  7.96721e-15
5120  8.4682e-15
5130  8.93721e-15
5140  9.35471e-15
5150  9.71162e-15
5160  1.00101e-14
5170  1.0263e-14
5180  1.0491e-14
5190  1.07196e-14
5200  1.09742e-14
5210  1.12756e-14
5220  1.16362e-14
5230  1.20581e-14
5240  1.25326e-14
5250  1.30423e-14
5260  1.35653e-14
5270  1.4079e-14
5280  1.45655e-14
5290  1.50141e-14
5300  1.54229e-14
5310  1.57966e-14
5320  1.61437e-14
5330  1.64711e-14
5340  1.6779e-14
5350  1.70577e-14
5360  1.7286e-14
5370  1.74343e-14
5380  1.74693e-14
5390  1.73622e-14
5400  1.70966e-14
5410  1.6676e-14
5420  1.61267e-14
5430  1.5498e-14
5440  1.48559e-14
5450  1.42743e-14
5460  1.38231e-14
5470  1.35559e-14
5480  1.3501e-14
5490  1.36555e-14
5500  1.39847e-14
5510  1.44271e-14
5520  1.49031e-14
5530  1.53268e-14
5540  1.56178e-14
5550  1.5712e-14
5560  1.55693e-14
5570  1.51772e-14
5580  1.45509e-14
5590  1.37288e-14
5600  1.27664e-14
5610  1.17278e-14
5620  1.06778e-14
5630  9.67446e-15
5640  8.76375e-15
5650  7.97717e-15
5660  7.33173e-15
5670  6.83265e-15
5680  6.47804e-15
5690  6.26466e-15
5700  6.19334e-15
5710  6.27297e-15
5720  6.52167e-15
5730  6.96461e-15
5740  7.6283e-15
5750  8.53234e-15
5760  9.68015e-15
5770  1.1051e-14
5780  1.25955e-14
5790  1.42368e-14
5800  1.58775e-14
5810  1.74122e-14
5820  1.87436e-14
5830  1.97977e-14
5840  2.0536e-14
5850  2.09607e-14
5860  2.11117e-14
5870  2.10551e-14
5880  2.0867e-14
5890  2.06152e-14
5900  2.03446e-14
5910  2.00679e-14
5920  1.97665e-14
5930  1.9398e-14
5940  1.89108e-14
5950  1.82599e-14
5960  1.74217e-14
5970  1.64031e-14
5980  1.52442e-14
5990  1.40132e-14
6000  1.27958e-14
6010  1.16817e-14
6020  1.07498e-14
6030  1.00559e-14
6040  9.62516e-15
6050  9.4493e-15
6060  9.48988e-15
6070  9.68606e-15
6080  9.96557e-15
6090  1.02567e-14
6100  1.04992e-14
6110  1.0653e-14
6120  1.07015e-14
6130  1.06524e-14
6140  1.05321e-14
6150  1.0379e-14
6160  1.02339e-14
6170  1.01312e-14
6180  1.00918e-14
6190  1.01195e-14
6200  1.01999e-14
6210  1.03036e-14
6220  1.03919e-14
6230  1.04237e-14
6240  1.03626e-14
6250  1.01829e-14
6260  9.874e-15
6270  9.44209e-15
6280  8.90942e-15
6290  8.31159e-15
6300  7.69316e-15
6310  7.10242e-15
6320  6.58596e-15
6330  6.1837e-15
6340  5.92491e-15
6350  5.82562e-15
6360  5.88773e-15
6370  6.09981e-15
6380  6.43949e-15
6390  6.87695e-15
6400  7.37906e-15
6410  7.91338e-15
6420  8.45151e-15
6430  8.97121e-15
6440  9.45707e-15
6450  9.89977e-15
6460  1.02943e-14
6470  1.06374e-14
6480  1.09255e-14
6490  1.11525e-14
6500  1.13092e-14
6510  1.13837e-14
6520  1.13628e-14
6530  1.12343e-14
6540  1.09896e-14
6550  1.06264e-14
6560  1.01502e-14
6570  9.57507e-15
6580  8.92278e-15
6590  8.22097e-15
6600  7.50015e-15
6610  6.79038e-15
6620  6.11791e-15
6630  5.50265e-15
6640  4.9566e-15
6650  4.48366e-15
6660  4.08064e-15
6670  3.73929e-15
6680  3.4488e-15
6690  3.19835e-15
6700  2.97917e-15
6710  2.78575e-15
6720  2.61606e-15
6730  2.47092e-15
6740  2.35263e-15
6750  2.26342e-15
6760  2.20412e-15
6770  2.17333e-15
6780  2.16739e-15
6790  2.18108e-15
6800  2.20883e-15
6810  2.24609e-15
6820  2.2904e-15
6830  2.34185e-15
6840  2.40283e-15
6850  2.4769e-15
6860  2.56737e-15
6870  2.67574e-15
6880  2.8005e-15
6890  2.93679e-15
6900  3.07675e-15
6910  3.21082e-15
6920  3.32936e-15
6930  3.42446e-15
6940  3.49134e-15
6950  3.52914e-15
6960  3.54092e-15
6970  3.53301e-15
6980  3.51381e-15
6990  3.49249e-15
7000  3.47777e-15
7010  3.47695e-15
7020  3.4955e-15
7030  3.53686e-15
7040  3.60268e-15
7050  3.69307e-15
7060  3.80693e-15
7070  3.94212e-15
7080  4.09557e-15
7090  4.2633e-15
7100  4.44052e-15
7110  4.62183e-15
7120  4.80162e-15
7130  4.97471e-15
7140  5.13713e-15
7150  5.28691e-15
7160  5.4247e-15
7170  5.55403e-15
7180  5.68107e-15
7190  5.81381e-15
7200  5.96068e-15
7210  6.12888e-15
7220  6.32257e-15
7230  6.54137e-15
7240  6.77947e-15
7250  7.02564e-15
7260  7.2643e-15
7270  7.47756e-15
7280  7.64791e-15
7290  7.76125e-15
7300  7.80944e-15
7310  7.79211e-15
7320  7.71713e-15
7330  7.59956e-15
7340  7.4594e-15
7350  7.31844e-15
7360  7.19688e-15
7370  7.11049e-15
7380  7.069e-15
7390  7.07579e-15
7400  7.12918e-15
7410  7.22466e-15
7420  7.35739e-15
7430  7.52411e-15
7440  7.72375e-15
7450  7.95628e-15
7460  8.21989e-15
7470  8.50724e-15
7480  8.80184e-15
7490  9.07587e-15
7500  9.29073e-15
7510  9.40097e-15
7520  9.36146e-15
7530  9.13688e-15
7540  8.71149e-15
7550  8.09706e-15
7560  7.33651e-15
7570  6.50183e-15
7580  5.6859e-15
7590  4.98926e-15
7600  4.50425e-15
7610  4.29971e-15
7620  4.40942e-15
7630  4.82687e-15
7640  5.50727e-15
7650  6.37625e-15
7660  7.34338e-15
7670  8.31725e-15
7680  9.21926e-15
7690  9.99331e-15
7700  1.061e-14
7710  1.10656e-14
7720  1.13756e-14
7730  1.15669e-14
7740  1.16687e-14
7750  1.17054e-14
7760  1.1692e-14
7770  1.16335e-14
7780  1.15265e-14
7790  1.13635e-14
7800  1.11369e-14
7810  1.08436e-14
7820  1.04873e-14
7830  1.00788e-14
7840  9.63548e-15
7850  9.17804e-15
7860  8.72776e-15
7870  8.30326e-15
7880  7.91816e-15
7890  7.57983e-15
7900  7.28927e-15
7910  7.04216e-15
7920  6.83053e-15
7930  6.6449e-15
7940  6.47626e-15
7950  6.31772e-15
7960  6.16534e-15
7970  6.01829e-15
7980  5.87811e-15
7990  5.74738e-15
8000  5.62806e-15
8010  5.51983e-15
8020  5.4189e-15
8030  5.31745e-15
8040  5.20418e-15
8050  5.0657e-15
8060  4.88867e-15
8070  4.66241e-15
8080  4.38121e-15
8090  4.04616e-15
8100  3.66575e-15
8110  3.25528e-15
8120  2.83501e-15
8130  2.42737e-15
8140  2.05385e-15
8150  1.73197e-15
8160  1.47316e-15
8170  1.28166e-15
8180  1.15484e-15
8190  1.08449e-15
8200  1.05903e-15
8210  1.06587e-15
8220  1.09352e-15
8230  1.13307e-15
8240  1.17872e-15
8250  1.22749e-15
8260  1.27826e-15
8270  1.33064e-15
8280  1.38399e-15
8290  1.43709e-15
8300  1.48841e-15
8310  1.53715e-15
8320  1.58453e-15
8330  1.63505e-15
8340  1.69712e-15
8350  1.78272e-15
8360  1.90594e-15
8370  2.08053e-15
8380  2.31701e-15
8390  2.61984e-15
8400  2.9855e-15
8410  3.40197e-15
8420  3.84982e-15
8430  4.30488e-15
8440  4.74189e-15
8450  5.13838e-15
8460  5.47803e-15
8470  5.75271e-15
8480  5.96293e-15
8490  6.11657e-15
8500  6.22638e-15
8510  6.30681e-15
8520  6.37098e-15
8530  6.42831e-15
8540  6.48344e-15
8550  6.53631e-15
8560  6.5835e-15
8570  6.62021e-15
8580  6.64239e-15
8590  6.64861e-15
8600  6.64101e-15
8610  6.62533e-15
8620  6.60998e-15
8630  6.60444e-15
8640  6.61725e-15
8650  6.65433e-15
8660  6.71767e-15
8670  6.8049e-15
8680  6.90958e-15
8690  7.02224e-15
8700  7.13178e-15
8710  7.22695e-15
8720  7.29769e-15
8730  7.33608e-15
8740  7.33686e-15
8750  7.2976e-15
8760  7.21858e-15
8770  7.10248e-15
8780  6.954e-15
8790  6.7793e-15
8800  6.58542e-15
8810  6.37958e-15
8820  6.16836e-15
8830  5.95701e-15
8840  5.74887e-15
8850  5.54511e-15
8860  5.34482e-15
8870  5.14551e-15
8880  4.94387e-15
8890  4.73663e-15
8900  4.52148e-15
8910  4.29769e-15
8920  4.06646e-15
8930  3.8309e-15
8940  3.59574e-15
8950  3.36678e-15
8960  3.15021e-15
8970  2.95195e-15
8980  2.77695e-15
8990  2.62868e-15
9000  2.50875e-15