#249.2871106009763
3300  2.21037e-17
3310  1.70795e-17
3320  1.35045e-17
3330  1.21588e-17
3340  1.14871e-17
3350  9.70452e-18
3360  7.53243e-18
3370  7.3327e-18
3380  9.22377e-18
3390  1.0085e-17
3400  7.66881e-18
3410  3.96709e-18
3420  2.74624e-18
3430  4.69665e-18
3440  6.74221e-18
3450  6.00727e-18
3460  3.07825e-18
3470  9.00091e-19
3480  1.32257e-18
3490  3.45766e-18
3500  5.15627e-18
3510  5.282e-18
3520  4.19468e-18
3530  2.69519e-18
3540  1.33504e-18
3550  5.9387e-19
3560  9.12074e-19
3570  2.13402e-18
3580  3.31292e-18
3590  3.66896e-18
3600  3.57353e-18
3610  3.87259e-18
3620  4.30403e-18
3630  3.65061e-18
3640  1.86457e-18
3650  7.15348e-19
3660  1.29714e-18
3670  2.24356e-18
3680  2.05438e-18
3690  2.17557e-18
3700  5.3414e-18
3710  1.06732e-17
3720  1.32099e-17
3730  9.98513e-18
3740  4.28903e-18
3750  1.60529e-18
3760  2.99655e-18
3770  4.95501e-18
3780  4.78166e-18
3790  3.45425e-18
3800  3.06735e-18
3810  3.78848e-18
3820  4.4087e-18
3830  4.47105e-18
3840  4.54911e-18
3850  4.92458e-18
3860  5.10268e-18
3870  4.70764e-18
3880  4.06447e-18
3890  3.64358e-18
3900  3.45415e-18
3910  3.28703e-18
3920  3.23188e-18
3930  3.53537e-18
3940  4.03531e-18
3950  4.19297e-18
3960  3.82065e-18
3970  3.41203e-18
3980  3.48853e-18
3990  3.89649e-18
4000  4.09558e-18
4010  3.94654e-18
4020  3.8154e-18
4030  3.94226e-18
4040  4.10094e-18
4050  4.00422e-18
4060  3.71657e-18
4070  3.47723e-18
4080  3.3846e-18
4090  3.45013e-18
4100  3.7008e-18
4110  3.9863e-18
4120  3.94642e-18
4130  3.48261e-18
4140  3.04376e-18
4150  3.08558e-18
4160  3.40192e-18
4170  3.41011e-18
4180  3.01466e-18
4190  2.69943e-18
4200  2.76558e-18
4210  2.97507e-18
4220  3.02806e-18
4230  2.96262e-18
4240  2.93505e-18
4250  2.9585e-18
4260  3.04692e-18
4270  3.29607e-18
4280  3.59729e-18
4290  3.58329e-18
4300  3.15505e-18
4310  2.80953e-18
4320  3.06816e-18
4330  3.72008e-18
4340  4.05366e-18
4350  3.80928e-18
4360  3.45941e-18
4370  3.45692e-18
4380  3.6221e-18
4390  3.50123e-18
4400  3.06135e-18
4410  2.72454e-18
4420  2.79323e-18
4430  3.12188e-18
4440  3.37587e-18
4450  3.39097e-18
4460  3.23185e-18
4470  3.04768e-18
4480  2.93114e-18
4490  2.88541e-18
4500  2.89914e-18
4510  2.99179e-18
4520  3.13533e-18
4530  3.2171e-18
4540  3.18378e-18
4550  3.14527e-18
4560  3.22799e-18
4570  3.37848e-18
4580  3.4135e-18
4590  3.28171e-18
4600  3.18677e-18
4610  3.34853e-18
4620  3.70399e-18
4630  3.98247e-18
4640  4.04293e-18
4650  4.00651e-18
4660  4.05107e-18
4670  4.18592e-18
4680  4.28296e-18
4690  4.25448e-18
4700  4.1283e-18
4710  3.99207e-18
4720  3.92937e-18
4730  3.97071e-18
4740  4.02321e-18
4750  3.89148e-18
4760  3.50474e-18
4770  3.13344e-18
4780  3.21475e-18
4790  3.81902e-18
4800  4.39506e-18
4810  4.31336e-18
4820  3.69991e-18
4830  3.43829e-18
4840  4.10252e-18
4850  5.08289e-18
4860  5.23198e-18
4870  4.37685e-18
4880  3.59882e-18
4890  3.76197e-18
4900  4.35867e-18
4910  4.45528e-18
4920  4.39653e-18
4930  5.42403e-18
4940  7.38249e-18
4950  8.13662e-18
4960  6.34436e-18
4970  3.95748e-18
4980  4.26945e-18
4990  7.48871e-18
5000  1.00764e-17
5010  9.17552e-18
5020  6.0991e-18
5030  4.23777e-18
5040  4.71535e-18
5050  5.75053e-18
5060  5.68841e-18
5070  4.85825e-18
5080  4.40241e-18
5090  4.63609e-18
5100  5.00616e-18
5110  5.0423e-18
5120  4.8381e-18
5130  4.68915e-18
5140  4.62107e-18
5150  4.41918e-18
5160  4.05307e-18
5170  3.89521e-18
5180  4.32007e-18
5190  5.15996e-18
5200  5.8163e-18
5210  5.90729e-18
5220  5.59341e-18
5230  5.29927e-18
5240  5.35138e-18
5250  5.83059e-18
5260  6.49802e-18
5270  6.84921e-18
5280  6.47932e-18
5290  5.527e-18
5300  4.68271e-18
5310  4.64244e-18
5320  5.48726e-18
5330  6.58384e-18
5340  7.12546e-18
5350  6.79593e-18
5360  5.9678e-18
5370  5.35539e-18
5380  5.4143e-18
5390  5.89275e-18
5400  6.00593e-18
5410  5.34278e-18
5420  4.58737e-18
5430  4.83956e-18
5440  6.10877e-18
5450  7.09469e-18
5460  6.76829e-18
5470  5.67684e-18
5480  5.21098e-18
5490  5.87218e-18
5500  6.87412e-18
5510  7.35752e-18
5520  7.33236e-18
5530  7.30895e-18
5540  7.52594e-18
5550  7.78944e-18
5560  7.83197e-18
5570  7.65923e-18
5580  7.57215e-18
5590  7.80233e-18
5600  8.13326e-18
5610  8.11461e-18
5620  7.71852e-18
5630  7.43716e-18
5640  7.52294e-18
5650  7.5232e-18
5660  6.97628e-18
5670  6.25912e-18
5680  6.17788e-18
5690  6.83076e-18
5700  7.4568e-18
5710  7.48705e-18
5720  7.25182e-18
5730  7.40641e-18
5740  7.96341e-18
5750  8.24774e-18
5760  7.78658e-18
5770  6.93654e-18
5780  6.43268e-18
5790  6.42486e-18
5800  6.24476e-18
5810  5.30539e-18
5820  3.93016e-18
5830  2.83457e-18
5840  2.15444e-18
5850  1.8533e-18
5860  2.9104e-18
5870  6.68247e-18
5880  1.23377e-17
5890  1.62678e-17
5900  1.56175e-17
5910  1.17425e-17
5920  8.692e-18
5930  8.54513e-18
5940  9.67602e-18
5950  9.7443e-18
5960  8.75009e-18
5970  8.24839e-18
5980  8.8151e-18
5990  9.54783e-18
6000  9.57584e-18
6010  8.97402e-18
6020  8.21379e-18
6030  7.59847e-18
6040  7.34578e-18
6050  7.54519e-18
6060  7.93532e-18
6070  8.11799e-18
6080  8.00441e-18
6090  7.83691e-18
6100  7.82096e-18
6110  7.92314e-18
6120  8.04091e-18
6130  8.23756e-18
6140  8.66804e-18
6150  9.27187e-18
6160  9.7611e-18
6170  9.96169e-18
6180  9.88173e-18
6190  9.4462e-18
6200  8.56238e-18
6210  7.48891e-18
6220  6.79169e-18
6230  6.81695e-18
6240  7.33794e-18
6250  7.86361e-18
6260  8.30307e-18
6270  9.04378e-18
6280  1.01993e-17
6290  1.10996e-17
6300  1.09382e-17
6310  9.90373e-18
6320  9.2417e-18
6330  9.92535e-18
6340  1.14447e-17
6350  1.2248e-17
6360  1.15101e-17
6370  1.00863e-17
6380  9.35567e-18
6390  9.59845e-18
6400  1.00256e-17
6410  1.00041e-17
6420  9.75774e-18
6430  1.00094e-17
6440  1.08981e-17
6450  1.1156e-17
6460  9.47276e-18
6470  7.31533e-18
6480  8.4505e-18
6490  1.36155e-17
6500  1.69734e-17
6510  1.21666e-17
6520  3.42246e-18
6530  5.02462e-18
6540  2.40183e-17
6550  4.69842e-17
6560  5.25086e-17
6570  3.66178e-17
6580  1.6442e-17
6590  7.85644e-18
6600  9.87862e-18
6610  1.26368e-17
6620  1.12643e-17
6630  8.27532e-18
6640  7.21259e-18
6650  8.32706e-18
6660  9.56611e-18
6670  9.35302e-18
6680  8.61152e-18
6690  1.00292e-17
6700  1.41318e-17
6710  1.7339e-17
6720  1.5947e-17
6730  1.10875e-17
6740  7.5163e-18
6750  7.7702e-18
6760  9.66068e-18
6770  9.8713e-18
6780  8.20462e-18
6790  7.15332e-18
6800  8.15354e-18
6810  9.78707e-18
6820  9.94221e-18
6830  8.61163e-18
6840  7.63308e-18
6850  8.07393e-18
6860  8.91918e-18
6870  8.58516e-18
6880  7.00378e-18
6890  5.63556e-18
6900  5.69569e-18
6910  6.94545e-18
6920  8.19141e-18
6930  8.54271e-18
6940  8.14015e-18
6950  7.76956e-18
6960  7.79893e-18
6970  7.87322e-18
6980  7.83244e-18
6990  8.13788e-18
7000  8.89465e-18
7010  9.39147e-18
7020  9.2406e-18
7030  9.01303e-18
7040  9.13802e-18
7050  9.21351e-18
7060  9.01312e-18
7070  9.01618e-18
7080  9.30678e-18
7090  9.10317e-18
7100  8.07941e-18
7110  7.45095e-18
7120  9.02584e-18
7130  1.29835e-17
7140  1.69592e-17
7150  1.80744e-17
7160  1.58653e-17
7170  1.23193e-17
7180  9.26357e-18
7190  7.46925e-18
7200  8.07933e-18
7210  1.15847e-17
7220  1.43688e-17
7230  1.07923e-17
7240  2.78441e-18
7250  3.40402e-18
7260  2.27618e-17
7270  5.14934e-17
7280  6.88749e-17
7290  6.88015e-17
7300  6.47176e-17
7310  6.49895e-17
7320  5.96042e-17
7330  4.00862e-17
7340  1.72412e-17
7350  7.14898e-18
7360  1.02682e-17
7370  1.4749e-17
7380  1.35545e-17
7390  9.8818e-18
7400  8.60859e-18
7410  9.59039e-18
7420  1.04338e-17
7430  1.09136e-17
7440  1.19341e-17
7450  1.27607e-17
7460  1.19247e-17
7470  9.82372e-18
7480  8.36833e-18
7490  8.46146e-18
7500  9.26677e-18
7510  9.65889e-18
7520  9.41344e-18
7530  8.97613e-18
7540  8.61038e-18
7550  8.11504e-18
7560  7.30828e-18
7570  6.56326e-18
7580  6.60091e-18
7590  7.46209e-18
7600  7.84889e-18
7610  6.23283e-18
7620  3.19872e-18
7630  1.87947e-18
7640  4.38338e-18
7650  8.28222e-18
7660  9.16798e-18
7670  6.78905e-18
7680  5.76907e-18
7690  9.11268e-18
7700  1.36975e-17
7710  1.44528e-17
7720  1.08803e-17
7730  6.83734e-18
7740  5.47864e-18
7750  6.71323e-18
7760  8.61216e-18
7770  9.48092e-18
7780  8.78232e-18
7790  7.19005e-18
7800  5.94554e-18
7810  5.78773e-18
7820  6.476e-18
7830  7.23831e-18
7840  7.38972e-18
7850  6.63397e-18
7860  5.24266e-18
7870  4.19037e-18
7880  4.56113e-18
7890  6.23985e-18
7900  7.82873e-18
7910  8.43751e-18
7920  8.60692e-18
7930  8.70855e-18
7940  7.75283e-18
7950  5.45996e-18
7960  4.35728e-18
7970  7.07436e-18
7980  1.19163e-17
7990  1.40636e-17
8000  1.16109e-17
8010  7.96773e-18
8020  7.25163e-18
8030  9.31636e-18
8040  1.09353e-17
8050  1.03372e-17
8060  8.56695e-18
8070  7.22124e-18
8080  6.8554e-18
8090  7.47575e-18
8100  8.85302e-18
8110  1.00813e-17
8120  1.0067e-17
8130  8.64874e-18
8140  6.55158e-18
8150  4.58417e-18
8160  3.5408e-18
8170  4.19253e-18
8180  6.37159e-18
8190  8.56769e-18
8200  9.39541e-18
8210  9.09755e-18
8220  8.77609e-18
8230  8.5974e-18
8240  7.82874e-18
8250  6.47008e-18
8260  5.68609e-18
8270  6.17034e-18
8280  6.90014e-18
8290  6.61591e-18
8300  6.19418e-18
8310  7.78578e-18
8320  1.10377e-17
8330  1.22132e-17
8340  9.18542e-18
8350  5.88002e-18
8360  8.17661e-18
8370  1.54223e-17
8380  1.98565e-17
8390  1.58844e-17
8400  7.00172e-18
8410  1.27599e-18
8420  1.87827e-18
8430  4.69566e-18
8440  4.4968e-18
8450  1.3109e-18
8460  7.75215e-20
8470  4.07022e-18
8480  9.77618e-18
8490  1.09345e-17
8500  8.25055e-18