#-2.602803401282735
2000  -3.35458e-17
2010  -3.44856e-17
2020  -3.5449e-17
2030  -3.64363e-17
2040  -3.74481e-17
2050  -3.84849e-17
2060  -3.9547e-17
2070  -4.0635e-17
2080  -4.17493e-17
2090  -4.28903e-17
2100  -4.40586e-17
2110  -4.52545e-17
2120  -4.64785e-17
2130  -4.7731e-17
2140  -4.90125e-17
2150  -5.03235e-17
2160  -5.16642e-17
2170  -5.30351e-17
2180  -5.44367e-17
2190  -5.58692e-17
2200  -5.73332e-17
2210  -5.88289e-17
2220  -6.03566e-17
2230  -6.19168e-17
2240  -6.35096e-17
2250  -6.51354e-17
2260  -6.67944e-17
2270  -6.84869e-17
2280  -7.02131e-17
2290  -7.19731e-17
2300  -7.3767e-17
2310  -7.5595e-17
2320  -7.74571e-17
2330  -7.93534e-17
2340  -8.12837e-17
2350  -8.32481e-17
2360  -8.52463e-17
2370  -8.72783e-17
2380  -8.93437e-17
2390  -9.14422e-17
2400  -9.35735e-17
2410  -9.57371e-17
2420  -9.79324e-17
2430  -1.00159e-16
2440  -1.02416e-16
2450  -1.04702e-16
2460  -1.07018e-16
2470  -1.09361e-16
2480  -1.1173e-16
2490  -1.14125e-16
2500  -1.16544e-16
2510  -1.18985e-16
2520  -1.21447e-16
2530  -1.23927e-16
2540  -1.26425e-16
2550  -1.28938e-16
2560  -1.31463e-16
2570  -1.33998e-16
2580  -1.3654e-16
2590  -1.39086e-16
2600  -1.41633e-16
2610  -1.44178e-16
2620  -1.46717e-16
2630  -1.49246e-16
2640  -1.51761e-16
2650  -1.54256e-16
2660  -1.56728e-16
2670  -1.59172e-16
2680  -1.6158e-16
2690  -1.63949e-16
2700  -1.66271e-16
2710  -1.6854e-16
2720  -1.70748e-16
2730  -1.72888e-16
2740  -1.74952e-16
2750  -1.76931e-16
2760  -1.78816e-16
2770  -1.80597e-16
2780  -1.82265e-16
2790  -1.83808e-16
2800  -1.85215e-16
2810  -1.86473e-16
2820  -1.87569e-16
2830  -1.88491e-16
2840  -1.89222e-16
2850  -1.89749e-16
2860  -1.90054e-16
2870  -1.90121e-16
2880  -1.89931e-16
2890  -1.89465e-16
2900  -1.88704e-16
2910  -1.87626e-16
2920  -1.86207e-16
2930  -1.84426e-16
2940  -1.82256e-16
2950  -1.79671e-16
2960  -1.76644e-16
2970  -1.73145e-16
2980  -1.69143e-16
2990  -1.64607e-16
3000  -1.595e-16
3010  -1.53789e-16
3020  -1.47434e-16
3030  -1.40397e-16
3040  -1.32634e-16
3050  -1.24103e-16
3060  -1.14756e-16
3070  -1.04544e-16
3080  -9.34176e-17
3090  -8.13216e-17
3100  -6.81997e-17
3110  -5.39923e-17
3120  -3.86371e-17
3130  -2.20685e-17
3140  -4.2175e-18
3150   1.49882e-17
3160   3.56245e-17
3170   5.77712e-17
3180   8.15118e-17
3190   1.06934e-16
3200   1.34131e-16
3210   1.63197e-16
3220   1.94236e-16
3230   2.27353e-16
3240   2.62659e-16
3250   3.00272e-16
3260   3.40314e-16
3270   3.82913e-16
3280   4.28205e-16
3290   4.76329e-16
3300   5.27435e-16
3310   5.81677e-16
3320   6.39217e-16
3330   7.00225e-16
3340   7.6488e-16
3350   8.33368e-16
3360   9.05885e-16
3370   9.82635e-16
3380   1.06383e-15
3390   1.1497e-15
3400   1.24048e-15
3410   1.33641e-15
3420   1.4393e-15
3430   1.5809e-15
3440   1.77073e-15
3450   1.96849e-15
3460   2.20496e-15
3470   2.5536e-15
3480   2.90368e-15
3490   3.15453e-15
3500   3.31525e-15
3510   3.46483e-15
3520   3.65865e-15
3530   3.72172e-15
3540   3.66052e-15
3550   3.61454e-15
3560   3.67622e-15
3570   3.79407e-15
3580   3.88902e-15
3590   4.00553e-15
3600   4.1321e-15
3610   4.24936e-15
3620   4.33507e-15
3630   4.36921e-15
3640   4.41434e-15
3650   4.39393e-15
3660   4.24311e-15
3670   3.98104e-15
3680   3.61168e-15
3690   3.24186e-15
3700   2.99278e-15
3710   2.82564e-15
3720   2.70829e-15
3730   2.58248e-15
3740   2.42919e-15
3750   2.38193e-15
3760   2.5141e-15
3770   2.70485e-15
3780   2.80726e-15
3790   2.86622e-15
3800   2.89767e-15
3810   2.88183e-15
3820   2.88886e-15
3830   2.9849e-15
3840   3.10618e-15
3850   3.16825e-15
3860   3.2327e-15
3870   3.3535e-15
3880   3.46623e-15
3890   3.55664e-15
3900   3.61431e-15
3910   3.59317e-15
3920   3.54359e-15
3930   3.58664e-15
3940   3.7237e-15
3950   3.85227e-15
3960   3.93929e-15
3970   3.9589e-15
3980   3.93603e-15
3990   3.93382e-15
4000   3.90384e-15
4010   3.79159e-15
4020   3.68822e-15
4030   3.67629e-15
4040   3.72813e-15
4050   3.84407e-15
4060   3.99659e-15
4070   4.11139e-15
4080   4.17337e-15
4090   4.16395e-15
4100   4.09328e-15
4110   4.02779e-15
4120   3.95727e-15
4130   3.85292e-15
4140   3.71058e-15
4150   3.58107e-15
4160   3.47503e-15
4170   3.40114e-15
4180   3.38227e-15
4190   3.34292e-15
4200   3.25344e-15
4210   3.11403e-15
4220   2.93549e-15
4230   2.74707e-15
4240   2.5744e-15
4250   2.41468e-15
4260   2.28223e-15
4270   2.17876e-15
4280   2.09541e-15
4290   2.02678e-15
4300   1.98035e-15
4310   1.99671e-15
4320   2.07426e-15
4330   2.16853e-15
4340   2.22645e-15
4350   2.29679e-15
4360   2.45371e-15
4370   2.64416e-15
4380   2.80494e-15
4390   2.92161e-15
4400   2.98018e-15
4410   2.96425e-15
4420   2.87276e-15
4430   2.7355e-15
4440   2.61084e-15
4450   2.58832e-15
4460   2.68833e-15
4470   2.83791e-15
4480   2.94899e-15
4490   3.01018e-15
4500   3.05812e-15
4510   3.09855e-15
4520   3.10238e-15
4530   3.06728e-15
4540   3.01968e-15
4550   2.97985e-15
4560   2.95027e-15
4570   2.91509e-15
4580   2.86233e-15
4590   2.81553e-15
4600   2.789e-15
4610   2.76278e-15
4620   2.7209e-15
4630   2.66986e-15
4640   2.61081e-15
4650   2.532e-15
4660   2.43087e-15
4670   2.31448e-15
4680   2.21996e-15
4690   2.16754e-15
4700   2.12186e-15
4710   2.08723e-15
4720   2.06044e-15
4730   2.03234e-15
4740   2.02571e-15
4750   2.04533e-15
4760   2.06932e-15
4770   2.05995e-15
4780   1.99885e-15
4790   1.95811e-15
4800   1.99328e-15
4810   2.0557e-15
4820   2.10133e-15
4830   2.10934e-15
4840   2.0945e-15
4850   2.03382e-15
4860   1.9018e-15
4870   1.72977e-15
4880   1.61223e-15
4890   1.55948e-15
4900   1.51925e-15
4910   1.48345e-15
4920   1.45939e-15
4930   1.45468e-15
4940   1.45877e-15
4950   1.46625e-15
4960   1.47312e-15
4970   1.48098e-15
4980   1.50188e-15
4990   1.53888e-15
5000   1.56666e-15
5010   1.58945e-15
5020   1.64941e-15
5030   1.74405e-15
5040   1.81556e-15
5050   1.85132e-15
5060   1.88977e-15
5070   1.94536e-15
5080   2.00004e-15
5090   2.04503e-15
5100   2.09545e-15
5110   2.17645e-15
5120   2.26481e-15
5130   2.29724e-15
5140   2.27202e-15
5150   2.22533e-15
5160   2.17327e-15
5170   2.12858e-15
5180   2.09374e-15
5190   2.05617e-15
5200   2.0268e-15
5210   2.03203e-15
5220   2.05794e-15
5230   2.07201e-15
5240   2.06257e-15
5250   2.03226e-15
5260   1.96847e-15
5270   1.86698e-15
5280   1.7616e-15
5290   1.67636e-15
5300   1.60706e-15
5310   1.54943e-15
5320   1.51995e-15
5330   1.52908e-15
5340   1.54962e-15
5350   1.55934e-15
5360   1.57133e-15
5370   1.5954e-15
5380   1.61708e-15
5390   1.6228e-15
5400   1.61766e-15
5410   1.61007e-15
5420   1.60574e-15
5430   1.59262e-15
5440   1.55272e-15
5450   1.51229e-15
5460   1.4796e-15
5470   1.43413e-15
5480   1.38211e-15
5490   1.34442e-15
5500   1.34156e-15
5510   1.37279e-15
5520   1.42146e-15
5530   1.47262e-15
5540   1.5119e-15
5550   1.5368e-15
5560   1.53739e-15
5570   1.50172e-15
5580   1.45783e-15
5590   1.44028e-15
5600   1.45521e-15
5610   1.48438e-15
5620   1.5066e-15
5630   1.50814e-15
5640   1.49676e-15
5650   1.48977e-15
5660   1.49172e-15
5670   1.49403e-15
5680   1.50074e-15
5690   1.51263e-15
5700   1.51605e-15
5710   1.5102e-15
5720   1.49938e-15
5730   1.47713e-15
5740   1.44933e-15
5750   1.43203e-15
5760   1.41572e-15
5770   1.41639e-15
5780   1.43077e-15
5790   1.41845e-15
5800   1.39576e-15
5810   1.38398e-15
5820   1.39168e-15
5830   1.41077e-15
5840   1.42326e-15
5850   1.42476e-15
5860   1.41863e-15
5870   1.40705e-15
5880   1.4055e-15
5890   1.4196e-15
5900   1.43419e-15
5910   1.44221e-15
5920   1.44151e-15
5930   1.43134e-15
5940   1.42428e-15
5950   1.42157e-15
5960   1.41835e-15
5970   1.4141e-15
5980   1.4027e-15
5990   1.3807e-15
6000   1.35117e-15
6010   1.32741e-15
6020   1.31113e-15
6030   1.29216e-15
6040   1.27297e-15
6050   1.25847e-15
6060   1.24511e-15
6070   1.22101e-15
6080   1.18822e-15
6090   1.1625e-15
6100   1.13304e-15
6110   1.10309e-15
6120   1.07638e-15
6130   1.04025e-15
6140   1.00632e-15
6150   9.75173e-16
6160   9.39005e-16
6170   9.13237e-16
6180   9.04621e-16
6190   9.07788e-16
6200   9.15548e-16
6210   9.36174e-16
6220   9.69638e-16
6230   9.96026e-16
6240   1.02014e-15
6250   1.04912e-15
6260   1.07525e-15
6270   1.09177e-15
6280   1.10618e-15
6290   1.13471e-15
6300   1.16056e-15
6310   1.16435e-15
6320   1.15591e-15
6330   1.1514e-15
6340   1.15157e-15
6350   1.148e-15
6360   1.13322e-15
6370   1.10952e-15
6380   1.09367e-15
6390   1.09038e-15
6400   1.09094e-15
6410   1.08679e-15
6420   1.07767e-15
6430   1.06157e-15
6440   1.0414e-15
6450   1.01902e-15
6460   1.00008e-15
6470   9.93409e-16
6480   9.8654e-16
6490   9.72228e-16
6500   9.53205e-16
6510   9.42035e-16
6520   9.40655e-16
6530   9.3731e-16
6540   9.30378e-16
6550   9.10801e-16
6560   8.76321e-16
6570   8.42902e-16
6580   8.17221e-16
6590   8.06726e-16
6600   8.04281e-16
6610   8.29546e-16
6620   8.64709e-16
6630   8.74595e-16
6640   8.66622e-16
6650   8.55811e-16
6660   8.49107e-16
6670   8.42148e-16
6680   8.33348e-16
6690   8.26116e-16
6700   8.19462e-16
6710   8.04596e-16
6720   7.76283e-16
6730   7.45084e-16
6740   7.30277e-16
6750   7.39774e-16
6760   7.61073e-16
6770   7.70599e-16
6780   7.66961e-16
6790   7.60261e-16
6800   7.52611e-16
6810   7.50646e-16
6820   7.50519e-16
6830   7.43682e-16
6840   7.28701e-16
6850   7.1455e-16
6860   7.06694e-16
6870   7.04321e-16
6880   6.98961e-16
6890   6.88002e-16
6900   6.78764e-16
6910   6.76145e-16
6920   6.80544e-16
6930   6.80194e-16
6940   6.80374e-16
6950   6.87952e-16
6960   6.95855e-16
6970   7.005e-16
6980   6.98736e-16
6990   6.90155e-16
7000   6.88162e-16
7010   6.93946e-16
7020   6.9267e-16
7030   6.89055e-16
7040   6.84331e-16
7050   6.71849e-16
7060   6.69074e-16
7070   6.74334e-16
7080   6.74405e-16
7090   6.70333e-16
7100   6.67446e-16
7110   6.65985e-16
7120   6.61167e-16
7130   6.49627e-16
7140   6.37495e-16
7150   6.36063e-16
7160   6.51603e-16
7170   6.64275e-16
7180   6.61417e-16
7190   6.49418e-16
7200   6.40852e-16
7210   6.39182e-16
7220   6.41987e-16
7230   6.46864e-16
7240   6.47532e-16
7250   6.45168e-16
7260   6.42082e-16
7270   6.384e-16
7280   6.34159e-16
7290   6.29405e-16
7300   6.2418e-16
7310   6.18524e-16
7320   6.12474e-16
7330   6.06065e-16
7340   5.99331e-16
7350   5.92303e-16
7360   5.85012e-16
7370   5.77484e-16
7380   5.69746e-16
7390   5.61824e-16
7400   5.53739e-16
7410   5.45513e-16
7420   5.37168e-16
7430   5.28722e-16
7440   5.20193e-16
7450   5.11597e-16
7460   5.02951e-16
7470   4.94269e-16
7480   4.85564e-16
7490   4.7685e-16
7500   4.68138e-16
7510   4.5944e-16
7520   4.50764e-16
7530   4.42122e-16
7540   4.33521e-16
7550   4.2497e-16
7560   4.16475e-16
7570   4.08045e-16
7580   3.99685e-16
7590   3.91401e-16
7600   3.83199e-16
7610   3.75082e-16
7620   3.67056e-16
7630   3.59124e-16
7640   3.5129e-16
7650   3.43557e-16
7660   3.35927e-16
7670   3.28404e-16
7680   3.2099e-16
7690   3.13685e-16
7700   3.06493e-16
7710   2.99414e-16
7720   2.92449e-16
7730   2.85599e-16
7740   2.78865e-16
7750   2.72247e-16
7760   2.65746e-16
7770   2.59362e-16
7780   2.53095e-16
7790   2.46944e-16
7800   2.40909e-16
7810   2.3499e-16
7820   2.29187e-16
7830   2.23497e-16
7840   2.17922e-16
7850   2.1246e-16
7860   2.07109e-16
7870   2.0187e-16
7880   1.9674e-16
7890   1.91719e-16
7900   1.86805e-16
7910   1.81998e-16
7920   1.77296e-16
7930   1.72697e-16
7940   1.682e-16
7950   1.63804e-16
7960   1.59508e-16
7970   1.55309e-16
7980   1.51206e-16
7990   1.47198e-16
8000   1.43284e-16
8010   1.39461e-16
8020   1.35729e-16
8030   1.32085e-16
8040   1.28528e-16
8050   1.25056e-16
8060   1.21668e-16
8070   1.18363e-16
8080   1.15139e-16
8090   1.11993e-16
8100   1.08926e-16
8110   1.05935e-16
8120   1.03018e-16
8130   1.00174e-16
8140   9.74022e-17
8150   9.47004e-17
8160   9.20672e-17
8170   8.95012e-17
8180   8.7001e-17
8190   8.45652e-17
8200   8.21923e-17
8210   7.9881e-17
8220   7.76298e-17
8230   7.54375e-17
8240   7.33028e-17
8250   7.12242e-17
8260   6.92005e-17
8270   6.72305e-17
8280   6.53129e-17
8290   6.34464e-17
8300   6.16299e-17
8310   5.98622e-17
8320   5.81421e-17
8330   5.64685e-17
8340   5.48402e-17
8350   5.32561e-17
8360   5.17152e-17
8370   5.02164e-17
8380   4.87586e-17
8390   4.73409e-17
8400   4.59623e-17
8410   4.46217e-17
8420   4.33181e-17
8430   4.20508e-17
8440   4.08187e-17
8450   3.96209e-17
8460   3.84566e-17
8470   3.73249e-17
8480   3.6225e-17
8490   3.5156e-17
8500   3.41171e-17
8510   3.31076e-17
8520   3.21266e-17
8530   3.11734e-17
8540   3.02474e-17
8550   2.93477e-17
8560   2.84736e-17
8570   2.76246e-17
8580   2.67998e-17
8590   2.59987e-17
8600   2.52207e-17
8610   2.4465e-17
8620   2.37311e-17
8630   2.30185e-17
8640   2.23264e-17
8650   2.16544e-17
8660   2.10019e-17
8670   2.03684e-17
8680   1.97533e-17
8690   1.91562e-17
8700   1.85765e-17
8710   1.80138e-17
8720   1.74676e-17
8730   1.69374e-17
8740   1.64228e-17
8750   1.59233e-17
8760   1.54385e-17
8770   1.49681e-17
8780   1.45115e-17
8790   1.40685e-17
8800   1.36386e-17
8810   1.32215e-17
8820   1.28167e-17
8830   1.2424e-17
8840   1.2043e-17
8850   1.16733e-17
8860   1.13147e-17
8870   1.09668e-17
8880   1.06293e-17
8890   1.03019e-17
8900   9.98435e-18
8910   9.67633e-18
8920   9.37757e-18
8930   9.0878e-18
8940   8.80677e-18
8950   8.53421e-18
8960   8.26988e-18
8970   8.01355e-18
8980   7.76497e-18
8990   7.52392e-18
9000   7.29018e-18
9010   7.06354e-18
9020   6.84378e-18
9030   6.63071e-18
9040   6.42412e-18
9050   6.22383e-18
9060   6.02965e-18
9070   5.8414e-18
9080   5.6589e-18
9090   5.48198e-18
9100   5.31048e-18
9110   5.14423e-18
9120   4.98309e-18
9130   4.82689e-18
9140   4.67548e-18
9150   4.52874e-18
9160   4.38651e-18
9170   4.24866e-18
9180   4.11506e-18
9190   3.98558e-18
9200   3.8601e-18