#-10.048320165949233
3800  9.29349e-16
3810  9.42445e-16
3820  9.39367e-16
3830  9.40689e-16
3840  9.39164e-16
3850  9.24396e-16
3860  9.26701e-16
3870  9.46861e-16
3880  9.49626e-16
3890  9.48692e-16
3900  9.65382e-16
3910  9.77165e-16
3920  9.64666e-16
3930  9.57851e-16
3940  9.98846e-16
3950  1.0413e-15
3960  1.03792e-15
3970  1.04133e-15
3980  1.06995e-15
3990  1.0769e-15
4000  1.06453e-15
4010  1.06313e-15
4020  1.05884e-15
4030  1.0299e-15
4040  9.97886e-16
4050  9.8986e-16
4060  9.82274e-16
4070  9.55172e-16
4080  9.38925e-16
4090  9.29116e-16
4100  8.97151e-16
4110  8.57624e-16
4120  8.1141e-16
4130  7.54525e-16
4140  7.05374e-16
4150  6.59119e-16
4160  6.12456e-16
4170  5.75858e-16
4180  5.45826e-16
4190  5.22606e-16
4200  5.12844e-16
4210  5.12985e-16
4220  5.18058e-16
4230  5.31707e-16
4240  5.53245e-16
4250  5.71957e-16
4260  5.91806e-16
4270  6.24817e-16
4280  6.57002e-16
4290  6.67343e-16
4300  6.65396e-16
4310  6.74394e-16
4320  6.9489e-16
4330  7.16574e-16
4340  7.38213e-16
4350  7.64186e-16
4360  7.94669e-16
4370  8.1043e-16
4380  8.13142e-16
4390  8.34043e-16
4400  8.59104e-16
4410  8.64299e-16
4420  8.59712e-16
4430  8.51997e-16
4440  8.47878e-16
4450  8.32641e-16
4460  8.0406e-16
4470  7.89554e-16
4480  7.65304e-16
4490  7.22781e-16
4500  6.9446e-16
4510  6.6468e-16
4520  6.2361e-16
4530  5.98102e-16
4540  5.88416e-16
4550  5.79561e-16
4560  5.68308e-16
4570  5.51032e-16
4580  5.3008e-16
4590  5.13084e-16
4600  4.93224e-16
4610  4.70475e-16
4620  4.6106e-16
4630  4.59495e-16
4640  4.60573e-16
4650  4.72281e-16
4660  4.7902e-16
4670  4.76563e-16
4680  4.75286e-16
4690  4.65636e-16
4700  4.4737e-16
4710  4.38287e-16
4720  4.3658e-16
4730  4.25188e-16
4740  4.09167e-16
4750  3.98683e-16
4760  3.9965e-16
4770  4.1052e-16
4780  4.1833e-16
4790  4.27972e-16
4800  4.40231e-16
4810  4.46618e-16
4820  4.48054e-16
4830  4.49275e-16
4840  4.62299e-16
4850  4.73234e-16
4860  4.6852e-16
4870  4.75318e-16
4880  4.95966e-16
4890  5.11442e-16
4900  5.25127e-16
4910  5.40892e-16
4920  5.59468e-16
4930  5.80594e-16
4940  6.01203e-16
4950  6.23577e-16
4960  6.45587e-16
4970  6.58198e-16
4980  6.62774e-16
4990  6.68275e-16
5000  6.75025e-16
5010  6.76118e-16
5020  6.73033e-16
5030  6.7582e-16
5040  6.80916e-16
5050  6.81453e-16
5060  6.81402e-16
5070  6.76423e-16
5080  6.60811e-16
5090  6.4055e-16
5100  6.22135e-16
5110  6.08068e-16
5120  6.00218e-16
5130  5.92364e-16
5140  5.78367e-16
5150  5.67766e-16
5160  5.61668e-16
5170  5.54387e-16
5180  5.55828e-16
5190  5.62112e-16
5200  5.61102e-16
5210  5.58262e-16
5220  5.49092e-16
5230  5.3778e-16
5240  5.40726e-16
5250  5.33939e-16
5260  5.05135e-16
5270  4.90191e-16
5280  4.88313e-16
5290  4.76089e-16
5300  4.72301e-16
5310  4.79357e-16
5320  4.78829e-16
5330  4.80599e-16
5340  4.88412e-16
5350  4.98873e-16
5360  5.11733e-16
5370  5.21404e-16
5380  5.37905e-16
5390  5.57507e-16
5400  5.63308e-16
5410  5.67672e-16
5420  5.72162e-16
5430  5.63898e-16
5440  5.55801e-16
5450  5.54535e-16
5460  5.49349e-16
5470  5.41517e-16
5480  5.42078e-16
5490  5.47566e-16
5500  5.45141e-16
5510  5.44388e-16
5520  5.49802e-16
5530  5.47669e-16
5540  5.47325e-16
5550  5.50425e-16
5560  5.42195e-16
5570  5.32904e-16
5580  5.23934e-16
5590  5.10848e-16
5600  5.07511e-16
5610  5.05122e-16
5620  4.98879e-16
5630  5.05046e-16
5640  5.08716e-16
5650  4.96761e-16
5660  4.86424e-16
5670  4.85599e-16
5680  4.97846e-16
5690  5.09815e-16
5700  5.0276e-16
5710  5.01633e-16
5720  5.12136e-16
5730  5.09494e-16
5740  5.04181e-16
5750  5.01856e-16
5760  4.89941e-16
5770  4.74844e-16
5780  4.56536e-16
5790  4.35319e-16
5800  4.21397e-16
5810  3.97704e-16
5820  3.63987e-16
5830  3.52212e-16
5840  3.47884e-16
5850  3.22675e-16
5860  3.02208e-16
5870  2.99594e-16
5880  2.80732e-16
5890  2.5267e-16
5900  2.50227e-16
5910  2.53246e-16
5920  2.46395e-16
5930  2.48045e-16
5940  2.51258e-16
5950  2.47983e-16
5960  2.56173e-16
5970  2.78889e-16
5980  2.92557e-16
5990  2.98834e-16
6000  3.20444e-16
6010  3.39566e-16
6020  3.40782e-16
6030  3.53987e-16
6040  3.77158e-16
6050  3.87728e-16
6060  4.05074e-16
6070  4.27601e-16
6080  4.36808e-16
6090  4.50582e-16
6100  4.7059e-16
6110  4.8397e-16
6120  4.94415e-16
6130  4.99575e-16
6140  5.10251e-16
6150  5.25477e-16
6160  5.27049e-16
6170  5.37219e-16
6180  5.57097e-16
6190  5.62555e-16
6200  5.64474e-16
6210  5.66358e-16
6220  5.66311e-16
6230  5.68098e-16
6240  5.65883e-16
6250  5.67362e-16
6260  5.69838e-16
6270  5.58558e-16
6280  5.512e-16
6290  5.57289e-16
6300  5.55506e-16
6310  5.44732e-16
6320  5.39926e-16
6330  5.4288e-16
6340  5.48166e-16
6350  5.43322e-16
6360  5.28403e-16
6370  5.24028e-16
6380  5.22696e-16
6390  5.11996e-16
6400  5.06302e-16
6410  5.01942e-16
6420  4.93458e-16
6430  4.88406e-16
6440  4.86992e-16
6450  4.86273e-16
6460  4.80745e-16
6470  4.7561e-16
6480  4.70666e-16
6490  4.60603e-16
6500  4.59013e-16
6510  4.63735e-16
6520  4.60787e-16
6530  4.54025e-16
6540  4.47323e-16
6550  4.33168e-16
6560  4.17886e-16
6570  4.25391e-16
6580  4.40544e-16
6590  4.35708e-16
6600  4.28307e-16
6610  4.25675e-16
6620  4.19423e-16
6630  4.1445e-16
6640  4.12074e-16
6650  4.15087e-16
6660  4.1192e-16
6670  3.98278e-16
6680  3.97747e-16
6690  4.04743e-16
6700  4.03272e-16
6710  3.97422e-16
6720  3.90107e-16
6730  3.88602e-16
6740  3.89208e-16
6750  3.83729e-16
6760  3.83995e-16
6770  3.93436e-16
6780  3.94805e-16
6790  3.87078e-16
6800  3.86765e-16
6810  3.87281e-16
6820  3.80216e-16
6830  3.80525e-16
6840  3.84485e-16
6850  3.7925e-16
6860  3.73856e-16
6870  3.7264e-16
6880  3.77333e-16
6890  3.82753e-16
6900  3.78016e-16
6910  3.74465e-16
6920  3.72426e-16
6930  3.69922e-16
6940  3.74377e-16
6950  3.72114e-16
6960  3.64743e-16
6970  3.65798e-16
6980  3.69699e-16
6990  3.68074e-16
7000  3.62287e-16