#-1.37291243760746
3300  4.32404e-17
3310  2.40056e-16
3320  8.82131e-16
3330  2.12521e-15
3340  3.37141e-15
3350  3.72216e-15
3360  3.45511e-15
3370  3.62069e-15
3380  4.30405e-15
3390  4.62548e-15
3400  4.3231e-15
3410  4.24064e-15
3420  5.0196e-15
3430  5.87568e-15
3440  5.83564e-15
3450  5.61527e-15
3460  6.31414e-15
3470  7.13632e-15
3480  6.9009e-15
3490  6.70452e-15
3500  7.5751e-15
3510  7.92953e-15
3520  6.87289e-15
3530  5.61548e-15
3540  4.68432e-15
3550  4.06664e-15
3560  3.92435e-15
3570  3.64216e-15
3580  2.97393e-15
3590  2.7437e-15
3600  3.02931e-15
3610  3.01745e-15
3620  2.7804e-15
3630  3.04751e-15
3640  3.61286e-15
3650  3.91242e-15
3660  4.19414e-15
3670  4.71811e-15
3680  5.03412e-15
3690  4.80271e-15
3700  4.40842e-15
3710  4.27352e-15
3720  4.25933e-15
3730  4.14938e-15
3740  4.10906e-15
3750  4.35699e-15
3760  4.80808e-15
3770  5.27454e-15
3780  5.70921e-15
3790  6.01766e-15
3800  6.03138e-15
3810  5.90205e-15
3820  5.8566e-15
3830  5.76927e-15
3840  5.63157e-15
3850  5.65865e-15
3860  5.73096e-15
3870  5.63251e-15
3880  5.48493e-15
3890  5.44209e-15
3900  5.53357e-15
3910  5.81482e-15
3920  6.17503e-15
3930  6.4304e-15
3940  6.73403e-15
3950  7.17588e-15
3960  7.44033e-15
3970  7.443e-15
3980  7.426e-15
3990  7.41618e-15
4000  7.30588e-15
4010  7.0923e-15
4020  6.83555e-15
4030  6.54756e-15
4040  6.18676e-15
4050  5.84688e-15
4060  5.6498e-15
4070  5.53011e-15
4080  5.33801e-15
4090  4.96415e-15
4100  4.48754e-15
4110  4.12859e-15
4120  3.94023e-15
4130  3.84165e-15
4140  3.80621e-15
4150  3.80511e-15
4160  3.79054e-15
4170  3.77521e-15
4180  3.81739e-15
4190  3.91796e-15
4200  3.96119e-15
4210  3.9256e-15
4220  4.00396e-15
4230  4.28221e-15
4240  4.5767e-15
4250  4.7199e-15
4260  4.79982e-15
4270  4.97544e-15
4280  5.20145e-15
4290  5.35734e-15
4300  5.39207e-15
4310  5.21474e-15
4320  4.83771e-15
4330  4.51432e-15
4340  4.39586e-15
4350  4.43224e-15
4360  4.64058e-15
4370  5.00298e-15
4380  5.31317e-15
4390  5.46022e-15
4400  5.56795e-15
4410  5.69685e-15
4420  5.73587e-15
4430  5.62257e-15
4440  5.43238e-15
4450  5.2983e-15
4460  5.26933e-15
4470  5.27631e-15
4480  5.28255e-15
4490  5.30752e-15
4500  5.32016e-15
4510  5.25983e-15
4520  5.11279e-15
4530  4.93315e-15
4540  4.76335e-15
4550  4.57089e-15
4560  4.36751e-15
4570  4.25309e-15
4580  4.23575e-15
4590  4.22326e-15
4600  4.20885e-15
4610  4.22509e-15
4620  4.19385e-15
4630  4.05142e-15
4640  3.87571e-15
4650  3.75247e-15
4660  3.67433e-15
4670  3.61839e-15
4680  3.57071e-15
4690  3.47918e-15
4700  3.33168e-15
4710  3.18554e-15
4720  3.05793e-15
4730  2.92013e-15
4740  2.78058e-15
4750  2.6994e-15
4760  2.75233e-15
4770  2.94103e-15
4780  3.16156e-15
4790  3.33513e-15
4800  3.46485e-15
4810  3.53056e-15
4820  3.5097e-15
4830  3.46733e-15
4840  3.47036e-15
4850  3.50424e-15
4860  3.51719e-15
4870  3.47628e-15
4880  3.40246e-15
4890  3.35048e-15
4900  3.34084e-15
4910  3.36309e-15
4920  3.40846e-15
4930  3.4498e-15
4940  3.47842e-15
4950  3.52301e-15
4960  3.57695e-15
4970  3.61091e-15
4980  3.63011e-15
4990  3.65678e-15
5000  3.69805e-15
5010  3.71968e-15
5020  3.67025e-15
5030  3.56575e-15
5040  3.47607e-15
5050  3.42962e-15
5060  3.42014e-15
5070  3.43629e-15
5080  3.43448e-15
5090  3.38672e-15
5100  3.29196e-15
5110  3.1233e-15
5120  2.88354e-15
5130  2.64477e-15
5140  2.47406e-15
5150  2.3806e-15
5160  2.33498e-15
5170  2.31667e-15
5180  2.34025e-15
5190  2.40312e-15
5200  2.46576e-15
5210  2.51647e-15
5220  2.56391e-15
5230  2.59156e-15
5240  2.61757e-15
5250  2.6802e-15
5260  2.72429e-15
5270  2.68752e-15
5280  2.61786e-15
5290  2.55759e-15
5300  2.46448e-15
5310  2.32458e-15
5320  2.20656e-15
5330  2.13464e-15
5340  2.07922e-15
5350  2.08351e-15
5360  2.17873e-15
5370  2.31102e-15
5380  2.46124e-15
5390  2.62143e-15
5400  2.73576e-15
5410  2.81408e-15
5420  2.89783e-15
5430  2.93003e-15
5440  2.86121e-15
5450  2.75147e-15
5460  2.68088e-15
5470  2.66145e-15
5480  2.67675e-15
5490  2.71041e-15
5500  2.72133e-15
5510  2.69107e-15
5520  2.6537e-15
5530  2.63483e-15
5540  2.62923e-15
5550  2.61963e-15
5560  2.59597e-15
5570  2.57684e-15
5580  2.57465e-15
5590  2.56346e-15
5600  2.51721e-15
5610  2.47672e-15
5620  2.50667e-15
5630  2.55622e-15
5640  2.54193e-15
5650  2.51463e-15
5660  2.5291e-15
5670  2.54073e-15
5680  2.54742e-15
5690  2.59748e-15
5700  2.6563e-15
5710  2.65724e-15
5720  2.64622e-15
5730  2.66049e-15
5740  2.61918e-15
5750  2.54947e-15
5760  2.54281e-15
5770  2.50723e-15
5780  2.36686e-15
5790  2.19816e-15
5800  2.01687e-15
5810  1.78461e-15
5820  1.54289e-15
5830  1.35187e-15
5840  1.21018e-15
5850  1.09361e-15
5860  1.00161e-15
5870  9.44954e-16
5880  9.05279e-16
5890  8.60338e-16
5900  8.38977e-16
5910  8.61378e-16
5920  8.87681e-16
5930  8.82368e-16
5940  8.68939e-16
5950  8.89556e-16
5960  9.21232e-16
5970  9.21873e-16
5980  9.29209e-16
5990  9.7891e-16
6000  1.03285e-15
6010  1.08039e-15
6020  1.15433e-15
6030  1.24557e-15
6040  1.3421e-15
6050  1.48999e-15
6060  1.69285e-15
6070  1.85651e-15
6080  1.92993e-15
6090  1.96931e-15
6100  2.0396e-15
6110  2.13751e-15
6120  2.20525e-15
6130  2.21781e-15
6140  2.23258e-15
6150  2.28066e-15
6160  2.30543e-15
6170  2.28227e-15
6180  2.26092e-15
6190  2.25974e-15
6200  2.24592e-15
6210  2.20796e-15
6220  2.15765e-15
6230  2.11074e-15
6240  2.08473e-15
6250  2.06843e-15
6260  2.0366e-15
6270  1.99222e-15
6280  1.94814e-15
6290  1.91209e-15
6300  1.88345e-15
6310  1.84929e-15
6320  1.8127e-15
6330  1.78307e-15
6340  1.75501e-15
6350  1.73064e-15
6360  1.7121e-15
6370  1.68695e-15
6380  1.66045e-15
6390  1.65269e-15
6400  1.65693e-15
6410  1.64392e-15
6420  1.6059e-15
6430  1.57709e-15
6440  1.57283e-15
6450  1.55885e-15
6460  1.53637e-15
6470  1.532e-15
6480  1.52136e-15
6490  1.49662e-15
6500  1.49123e-15
6510  1.48457e-15
6520  1.44957e-15
6530  1.43161e-15
6540  1.43104e-15
6550  1.3991e-15
6560  1.3824e-15
6570  1.40172e-15
6580  1.34168e-15
6590  1.19936e-15
6600  1.12788e-15
6610  1.15128e-15
6620  1.1733e-15
6630  1.18284e-15
6640  1.21233e-15
6650  1.23283e-15
6660  1.2205e-15
6670  1.21156e-15
6680  1.22307e-15
6690  1.22723e-15
6700  1.21132e-15
6710  1.18985e-15
6720  1.17661e-15
6730  1.16625e-15
6740  1.14435e-15
6750  1.12166e-15
6760  1.11733e-15
6770  1.12045e-15
6780  1.11855e-15
6790  1.11978e-15
6800  1.12228e-15
6810  1.11534e-15
6820  1.10652e-15
6830  1.10531e-15
6840  1.10758e-15
6850  1.11264e-15
6860  1.10745e-15
6870  1.06759e-15
6880  1.00812e-15
6890  9.63141e-16
6900  9.27689e-16
6910  9.05734e-16
6920  9.37515e-16
6930  9.88572e-16
6940  9.76102e-16
6950  9.33143e-16
6960  9.3125e-16
6970  9.41425e-16
6980  9.33258e-16
6990  9.38475e-16
7000  9.52335e-16
7010  9.41053e-16
7020  9.273e-16
7030  9.40729e-16
7040  9.60622e-16
7050  9.73602e-16
7060  9.86523e-16
7070  9.86112e-16
7080  9.67184e-16
7090  9.50082e-16
7100  9.39314e-16
7110  9.25968e-16
7120  9.12457e-16
7130  8.90273e-16
7140  8.54153e-16
7150  8.42534e-16
7160  8.72216e-16
7170  8.83676e-16
7180  8.4803e-16
7190  8.18317e-16
7200  8.27189e-16
7210  8.40296e-16
7220  8.22166e-16
7230  7.93465e-16
7240  7.85482e-16
7250  7.80189e-16
7260  7.77878e-16
7270  8.01406e-16
7280  7.65355e-16
7290  5.969e-16
7300  4.33823e-16
7310  4.17283e-16
7320  4.81392e-16
7330  5.34328e-16
7340  5.9716e-16
7350  6.92542e-16
7360  7.8085e-16
7370  8.3162e-16
7380  8.64623e-16
7390  9.05092e-16
7400  9.36561e-16
7410  9.3052e-16
7420  8.94718e-16
7430  8.647e-16
7440  8.70321e-16
7450  9.0179e-16
7460  9.21923e-16
7470  9.30608e-16
7480  9.47181e-16
7490  9.54944e-16
7500  9.45458e-16
7510  9.38886e-16
7520  9.38808e-16
7530  9.3892e-16
7540  9.39791e-16
7550  9.24189e-16
7560  7.91552e-16
7570  5.04999e-16
7580  2.20313e-16
7590  6.41239e-17
7600  1.24596e-17
7610  1.62884e-18
7620  1.44489e-19
7630  8.76127e-21
7640  3.6527e-22
7650  1.05181e-23
7660  2.09903e-25
7670  2.91056e-27
7680  2.80957e-29
7690  1.89074e-31
7700  8.87998e-34
7710  2.9129e-36
7720  6.67768e-39
7730  1.07029e-41
7740  1.19976e-44
7750  9.40825e-48
7760  5.16203e-51
7770  1.98192e-54
7780  5.32538e-58
7790  1.00148e-61
7800  1.31822e-65
7810  1.21452e-69
7820  7.83252e-74
7830  3.53582e-78
7840  1.11732e-82
7850  2.47156e-87
7860  3.82712e-92
7870  4.14844e-97
7880  3.14782e-102
7890  1.67205e-107
7900  6.21734e-113
7910  1.61837e-118
7920  2.94895e-124
7930  3.76162e-130
7940  3.35893e-136
7950  2.09964e-142
7960  9.18773e-149
7970  2.81443e-155
7980  6.03519e-162
7990  9.05964e-169
8000  9.52029e-176
8010  7.00339e-183
8020  3.6065e-190
8030  1.30012e-197
8040  3.28094e-205
8050  5.79606e-213
8060  7.16782e-221
8070  6.20527e-229
8080  3.76057e-237
8090  1.59539e-245
8100  4.73802e-254
8110  9.85025e-263
8120  1.43356e-271
8130  1.46052e-280
8140  1.04163e-289
8150  5.20046e-299
8160  1.81756e-308
8170  4.44687e-318
8180  0
8190  0
8200  0
8210  0
8220  0
8230  0
8240  0
8250  0
8260  0
8270  0
8280  0
8290  0
8300  0
8310  0
8320  0
8330  0
8340  0
8350  0
8360  0
8370  0
8380  0
8390  0
8400  0
8410  0
8420  0
8430  0
8440  0
8450  0
8460  0
8470  0
8480  0
8490  0
8500  0