#2.555124898542803
3300  -6.91567e-17
3310  -3.11275e-17
3320   1.52586e-16
3330   2.19829e-16
3340   2.40563e-16
3350   2.91256e-16
3360   2.21479e-16
3370   3.33233e-16
3380   2.89999e-16
3390   2.228e-16
3400   2.77939e-16
3410   3.15274e-16
3420   3.49374e-16
3430   3.41975e-16
3440   3.98701e-16
3450   4.38171e-16
3460   3.96369e-16
3470   5.68127e-16
3480   5.91601e-16
3490   4.52634e-16
3500   5.98047e-16
3510   5.40464e-16
3520   5.76146e-16
3530   6.21254e-16
3540   6.92845e-16
3550   5.81325e-16
3560   6.81192e-16
3570   6.89087e-16
3580   6.1153e-16
3590   6.25044e-16
3600   5.73921e-16
3610   5.80306e-16
3620   4.86155e-16
3630   4.38635e-16
3640   3.87102e-16
3650   2.72089e-16
3660   2.39703e-16
3670   2.11181e-16
3680   1.82496e-16
3690   1.46565e-16
3700   1.41755e-16
3710   1.38067e-16
3720   1.72544e-16
3730   2.22751e-16
3740   2.44437e-16
3750   2.48088e-16
3760   2.31843e-16
3770   2.51527e-16
3780   3.22224e-16
3790   3.44896e-16
3800   3.71775e-16
3810   4.60117e-16
3820   5.13808e-16
3830   5.51454e-16
3840   6.03578e-16
3850   6.48554e-16
3860   7.17823e-16
3870   8.01358e-16
3880   7.84154e-16
3890   7.95994e-16
3900   8.20981e-16
3910   7.70456e-16
3920   7.5948e-16
3930   7.69198e-16
3940   7.33725e-16
3950   6.97553e-16
3960   6.80795e-16
3970   7.02492e-16
3980   6.97296e-16
3990   7.03711e-16
4000   7.1828e-16
4010   7.48447e-16
4020   7.84355e-16
4030   8.35577e-16
4040   8.51918e-16
4050   8.66398e-16
4060   8.54459e-16
4070   8.44849e-16
4080   7.79546e-16
4090   7.81135e-16
4100   7.29238e-16
4110   7.27589e-16
4120   7.42177e-16
4130   6.9391e-16
4140   7.23375e-16
4150   7.42827e-16
4160   7.04911e-16
4170   6.97361e-16
4180   6.72827e-16
4190   6.44024e-16
4200   6.13539e-16
4210   5.57329e-16
4220   5.23544e-16
4230   5.084e-16
4240   4.67623e-16
4250   4.10254e-16
4260   4.19678e-16
4270   4.1043e-16
4280   3.9958e-16
4290   3.8918e-16
4300   4.14499e-16
4310   4.25717e-16
4320   4.37365e-16
4330   4.33909e-16
4340   4.31041e-16
4350   4.67508e-16
4360   4.9441e-16
4370   5.28646e-16
4380   5.53455e-16
4390   5.50976e-16
4400   6.02634e-16
4410   6.16893e-16
4420   6.17722e-16
4430   6.29886e-16
4440   6.2824e-16
4450   6.40543e-16
4460   6.53325e-16
4470   6.74697e-16
4480   6.70003e-16
4490   6.88159e-16
4500   6.89296e-16
4510   6.53982e-16
4520   6.50956e-16
4530   6.53109e-16
4540   6.39636e-16
4550   6.25335e-16
4560   6.37385e-16
4570   6.51595e-16
4580   6.35975e-16
4590   6.32139e-16
4600   6.03835e-16
4610   5.82718e-16
4620   5.64306e-16
4630   5.42024e-16
4640   5.28302e-16
4650   5.07763e-16
4660   4.73605e-16
4670   4.6699e-16
4680   4.37736e-16
4690   4.36118e-16
4700   4.37489e-16
4710   4.00394e-16
4720   4.00585e-16
4730   3.85629e-16
4740   3.85684e-16
4750   3.85705e-16
4760   3.7025e-16
4770   3.6595e-16
4780   3.68413e-16
4790   3.50032e-16
4800   3.4997e-16
4810   3.39447e-16
4820   3.29449e-16
4830   3.24544e-16
4840   3.58854e-16
4850   3.45792e-16
4860   3.77275e-16
4870   3.74701e-16
4880   3.53668e-16
4890   3.56948e-16
4900   3.23573e-16
4910   3.17427e-16
4920   3.15124e-16
4930   3.08097e-16
4940   3.21378e-16
4950   3.16835e-16
4960   3.02911e-16
4970   3.18265e-16
4980   3.19917e-16
4990   3.31344e-16
5000   3.42801e-16
5010   3.53488e-16
5020   3.71206e-16
5030   3.858e-16
5040   4.01942e-16
5050   4.55087e-16
5060   4.3675e-16
5070   4.6744e-16
5080   4.83626e-16
5090   4.9363e-16
5100   4.90969e-16
5110   5.1565e-16
5120   5.04069e-16
5130   4.97773e-16
5140   5.14378e-16
5150   4.92083e-16
5160   5.05394e-16
5170   5.08223e-16
5180   4.91398e-16
5190   4.60317e-16
5200   4.16707e-16
5210   3.86184e-16
5220   3.62096e-16
5230   3.64819e-16
5240   3.39369e-16
5250   3.50191e-16
5260   3.52585e-16
5270   3.35089e-16
5280   3.38201e-16
5290   3.39463e-16
5300   3.35672e-16
5310   3.32118e-16
5320   3.39012e-16
5330   3.33554e-16
5340   3.59039e-16
5350   3.62854e-16
5360   3.53627e-16
5370   3.58978e-16
5380   3.44834e-16
5390   3.42107e-16
5400   3.1231e-16
5410   2.93682e-16
5420   2.97301e-16
5430   3.0373e-16
5440   3.13638e-16
5450   3.34459e-16
5460   3.37963e-16
5470   3.54581e-16
5480   3.69182e-16
5490   3.89569e-16
5500   3.9582e-16
5510   4.11874e-16
5520   4.14671e-16
5530   4.12337e-16
5540   4.28951e-16
5550   4.30626e-16
5560   4.65807e-16
5570   4.5705e-16
5580   4.55284e-16
5590   4.7001e-16
5600   4.7155e-16
5610   4.61775e-16
5620   4.67605e-16
5630   4.54129e-16
5640   4.23903e-16
5650   3.9335e-16
5660   3.94306e-16
5670   4.03498e-16
5680   4.06962e-16
5690   4.07858e-16
5700   3.93866e-16
5710   3.97734e-16
5720   3.96542e-16
5730   3.87934e-16
5740   3.91295e-16
5750   3.84821e-16
5760   3.85422e-16
5770   3.87818e-16
5780   4.07502e-16
5790   4.03566e-16
5800   3.97994e-16
5810   4.08583e-16
5820   4.08456e-16
5830   4.12707e-16
5840   3.91944e-16
5850   4.02825e-16
5860   3.78471e-16
5870   3.9744e-16
5880   3.94867e-16
5890   3.90144e-16
5900   3.94736e-16
5910   3.90812e-16
5920   3.92568e-16
5930   3.90618e-16
5940   3.84154e-16
5950   3.59312e-16
5960   3.58024e-16
5970   3.37335e-16
5980   3.02785e-16
5990   2.71973e-16
6000   2.44353e-16
6010   2.1801e-16
6020   1.78098e-16
6030   1.82213e-16
6040   1.69951e-16
6050   1.55341e-16
6060   1.47079e-16
6070   1.32352e-16
6080   1.17967e-16
6090   1.08183e-16
6100   1.04927e-16
6110   1.20232e-16
6120   1.30148e-16
6130   1.56932e-16
6140   1.73059e-16
6150   1.97921e-16
6160   2.17159e-16
6170   2.35869e-16
6180   2.50494e-16
6190   2.67239e-16
6200   2.8137e-16
6210   2.94134e-16
6220   3.07381e-16
6230   3.07586e-16
6240   3.1552e-16
6250   3.18691e-16
6260   3.26624e-16
6270   3.09564e-16
6280   3.34087e-16
6290   3.16893e-16
6300   3.16496e-16
6310   3.11395e-16
6320   3.20232e-16
6330   3.26764e-16
6340   2.96219e-16
6350   3.06422e-16
6360   2.99785e-16
6370   2.80586e-16
6380   2.81757e-16
6390   2.81893e-16
6400   2.75297e-16
6410   2.76049e-16
6420   2.71626e-16
6430   2.72253e-16
6440   2.71048e-16
6450   2.63445e-16
6460   2.67439e-16
6470   2.49962e-16
6480   2.61926e-16
6490   2.55607e-16
6500   2.49615e-16
6510   2.46662e-16
6520   2.43774e-16
6530   2.37433e-16
6540   2.29153e-16
6550   2.27451e-16
6560   2.22156e-16
6570   2.17472e-16
6580   2.14522e-16
6590   2.06482e-16
6600   2.17373e-16
6610   2.1043e-16
6620   2.05871e-16
6630   2.04926e-16
6640   2.04718e-16
6650   2.09339e-16
6660   2.00062e-16
6670   2.03158e-16
6680   1.9679e-16
6690   1.89185e-16
6700   1.9354e-16
6710   1.76881e-16
6720   1.77967e-16
6730   1.82555e-16
6740   1.75847e-16
6750   1.86601e-16
6760   1.88795e-16
6770   1.6789e-16
6780   1.75707e-16
6790   1.78551e-16
6800   1.76013e-16
6810   1.63852e-16
6820   1.74411e-16
6830   1.70217e-16
6840   1.55728e-16
6850   1.62546e-16
6860   1.61104e-16
6870   1.46662e-16
6880   1.51804e-16
6890   1.56135e-16
6900   1.44626e-16
6910   1.5272e-16
6920   1.4544e-16
6930   1.4882e-16
6940   1.4625e-16
6950   1.50287e-16
6960   1.43225e-16
6970   1.47047e-16
6980   1.35191e-16
6990   1.35325e-16
7000   1.42748e-16
7010   1.40116e-16
7020   1.53178e-16
7030   1.31674e-16
7040   1.30776e-16
7050   1.32706e-16
7060   1.25617e-16
7070   1.29193e-16
7080   1.3215e-16
7090   1.33254e-16
7100   1.32999e-16
7110   1.33134e-16
7120   1.27558e-16
7130   9.39026e-17
7140   4.34736e-17
7150   1.16443e-17
7160   1.77852e-18
7170   1.56173e-19
7180   7.98033e-21
7190   2.3984e-22
7200   4.27407e-24
7210   4.54296e-26
7220   2.89216e-28
7230   1.10598e-30
7240   2.5456e-33
7250   3.53137e-36
7260   2.95543e-39
7270   1.49315e-42
7280   4.55601e-46
7290   8.39836e-50
7300   9.35456e-54
7310   6.29699e-58
7320   2.56192e-62
7330   6.30012e-67
7340   9.3649e-72
7350   8.41476e-77
7360   4.5706e-82
7370   1.50073e-87
7380   2.97878e-93
7390   3.57421e-99
7400   2.59256e-105
7410   1.13681e-111
7420   3.01342e-118
7430   4.82882e-125
7440   4.67772e-132
7450   2.7393e-139
7460   9.69747e-147
7470   2.07534e-154
7480   2.68492e-162
7490   2.09985e-170
7500   9.92787e-179
7510   2.83751e-187
7520   4.90265e-196
7530   5.1208e-205
7540   3.23338e-214
7550   1.23421e-223
7560   2.84796e-233
7570   3.97275e-243
7580   3.35013e-253
7590   1.70783e-263
7600   5.2631e-274
7610   9.80505e-285
7620   1.10426e-295
7630   7.51806e-307
7640   3.09423e-318
7650   0
7660   0
7670   0
7680   0
7690   0
7700   0
7710   0
7720   0
7730   0
7740   0
7750   0
7760   0
7770   0
7780   0
7790   0
7800   0
7810   0
7820   0
7830   0
7840   0
7850   0
7860   0
7870   0
7880   0
7890   0
7900   0
7910   0
7920   0
7930   0
7940   0
7950   0
7960   0
7970   0
7980   0
7990   0
8000   0
8010   0
8020   0
8030   0
8040   0
8050   0
8060   0
8070   0
8080   0
8090   0
8100   0
8110   0
8120   0
8130   0
8140   0
8150   0
8160   0
8170   0
8180   0
8190   0
8200   0
8210   0
8220   0
8230   0
8240   0
8250   0
8260   0
8270   0
8280   0
8290   0
8300   0
8310   0
8320   0
8330   0
8340   0
8350   0
8360   0
8370   0
8380   0
8390   0
8400   0
8410   0
8420   0
8430   0
8440   0
8450   0
8460   0
8470   0
8480   0
8490   0
8500   0