#7.957032027053908
3300  0
3310  0
3320  0
3330  0
3340  0
3350  0
3360  2.63861e-184
3370  2.48866e-84
3380  8.73185e-28
3390  1.13972e-14
3400  6.62142e-14
3410  6.36903e-14
3420  1.04091e-14
3430  2.88814e-16
3440  1.27536e-18
3450  1.07196e-19
3460  5.0532e-17
3470  3.87404e-15
3480  5.16721e-14
3490  1.18971e-13
3500  4.45829e-14
3510  2.63508e-15
3520  2.46168e-17
3530  4.33938e-20
3540  6.83104e-18
3550  1.17126e-15
3560  3.28528e-14
3570  1.49162e-13
3580  1.05776e-13
3590  1.13482e-14
3600  1.89497e-16
3610  5.39357e-19
3620  3.1528e-19
3630  1.10056e-16
3640  6.15406e-15
3650  5.24161e-14
3660  7.14929e-14
3670  1.64502e-14
3680  6.20219e-16
3690  3.79105e-18
3700  1.10657e-20
3710  5.28184e-18
3720  7.40716e-16
3730  1.84605e-14
3740  7.52094e-14
3750  4.59158e-14
3760  4.09567e-15
3770  5.78769e-17
3780  1.4168e-19
3790  5.78657e-19
3800  1.66859e-16
3810  7.98165e-15
3820  6.77217e-14
3830  9.92578e-14
3840  2.26076e-14
3850  7.77707e-16
3860  4.24415e-18
3870  5.86608e-20
3880  3.46252e-17
3890  3.53247e-15
3900  5.72082e-14
3910  1.5001e-13
3920  6.47893e-14
3930  4.49206e-15
3940  4.8533e-17
3950  8.5705e-20
3960  2.40152e-18
3970  4.93647e-16
3980  1.7322e-14
3990  9.96882e-14
4000  9.42486e-14
4010  1.51218e-14
4020  4.06739e-16
4030  1.7465e-18
4040  1.59312e-19
4050  7.40207e-17
4060  5.4328e-15
4070  6.47992e-14
4080  1.28113e-13
4090  4.13962e-14
4100  2.15326e-15
4110  1.8155e-17
4120  3.03688e-20
4130  5.0604e-18
4140  8.16663e-16
4150  2.16961e-14
4160  9.37843e-14
4170  6.56989e-14
4180  7.5076e-15
4190  1.4035e-16
4200  4.27055e-19
4210  2.71098e-19
4220  9.37551e-17
4230  5.24314e-15
4240  4.75259e-14
4250  7.03584e-14
4260  1.71359e-14
4270  6.89147e-16
4280  4.57796e-18
4290  1.4174e-20
4300  7.04634e-18
4310  8.84408e-16
4320  1.80802e-14
4330  6.07362e-14
4340  3.39827e-14
4350  3.16566e-15
4360  4.81322e-17
4370  1.1772e-19
4380  5.22066e-19
4390  1.46132e-16
4400  6.95859e-15
4410  5.62269e-14
4420  7.32211e-14
4430  1.50381e-14
4440  4.99237e-16
4450  2.70896e-18
4460  4.03812e-20
4470  2.32719e-17
4480  2.28592e-15
4490  3.69315e-14
4500  9.85113e-14
4510  4.24732e-14
4520  2.93229e-15
4530  3.27575e-17
4540  6.1208e-20
4550  1.86155e-18
4560  3.88627e-16
4570  1.31284e-14
4580  7.19778e-14
4590  6.47509e-14
4600  9.57176e-15
4610  2.29264e-16
4620  8.87319e-19
4630  8.78316e-20
4640  3.92952e-17
4650  2.96783e-15
4660  3.65313e-14
4670  7.13571e-14
4680  2.24986e-14
4690  1.16333e-15
4700  9.48816e-18
4710  1.48213e-20
4720  2.59213e-18
4730  3.79452e-16
4740  1.03064e-14
4750  4.90857e-14
4760  3.68212e-14
4770  4.31823e-15
4780  8.09694e-17
4790  2.35867e-19
4800  1.6259e-19
4810  5.06886e-17
4820  2.61114e-15
4830  2.47767e-14
4840  4.2183e-14
4850  1.18466e-14
4860  5.32401e-16
4870  3.79197e-18
4880  1.24761e-20
4890  6.46396e-18
4900  7.93738e-16
4910  1.5569e-14
4920  4.94736e-14
4930  2.52078e-14
4940  2.02679e-15
4950  2.62548e-17
4960  5.82177e-20
4970  2.8026e-19
4980  7.63748e-17
4990  3.535e-15
5000  2.68554e-14
5010  3.34405e-14
5020  6.88434e-15
5030  2.32258e-16
5040  1.26507e-18
5050  2.04039e-20
5060  1.19939e-17
5070  1.22826e-15
5080  2.0514e-14
5090  5.50535e-14
5100  2.40382e-14
5110  1.74116e-15
5120  2.07407e-17
5130  4.07891e-20
5140  1.34627e-18
5150  2.91012e-16
5160  1.01631e-14
5170  5.76405e-14
5180  5.27897e-14
5190  7.71099e-15
5200  1.78874e-16
5210  6.66959e-19
5220  7.16448e-20
5230  3.06108e-17
5240  2.19385e-15
5250  2.64628e-14
5260  5.32648e-14
5270  1.74715e-14
5280  9.21254e-16
5290  7.87951e-18
5300  1.37128e-20
5310  2.62093e-18
5320  4.21577e-16
5330  1.09568e-14
5340  4.62239e-14
5350  3.18786e-14
5360  3.58774e-15
5370  6.60439e-17
5380  2.00643e-19
5390  1.50215e-19
5400  5.25377e-17
5410  2.97181e-15
5420  2.74877e-14
5430  4.27031e-14
5440  1.11255e-14
5450  4.748e-16
5460  3.27929e-18
5470  1.14099e-20
5480  6.08206e-18
5490  7.71585e-16
5500  1.58643e-14
5510  5.30116e-14
5520  2.87545e-14
5530  2.53617e-15
5540  3.65265e-17
5550  8.58102e-20
5560  4.48606e-19
5570  1.1933e-16
5580  5.16914e-15
5590  3.69131e-14
5600  4.33646e-14
5610  8.31351e-15
5620  2.60261e-16
5630  1.33321e-18
5640  2.31846e-20
5650  1.29427e-17
5660  1.23039e-15
5670  1.90107e-14
5680  4.79248e-14
5690  1.97134e-14
5700  1.32172e-15
5710  1.44765e-17
5720  2.68541e-20
5730  9.58964e-19
5740  2.01565e-16
5750  7.00885e-15
5760  3.99234e-14
5770  3.70685e-14
5780  5.6036e-15
5790  1.37338e-16
5800  5.45324e-19
5810  6.36115e-20
5820  2.87841e-17
5830  2.1377e-15
5840  2.57488e-14
5850  5.03753e-14
5860  1.61677e-14
5870  8.50896e-16
5880  7.26141e-18
5890  1.26695e-20
5900  2.57731e-18
5910  4.05746e-16
5920  1.0416e-14
5930  4.36423e-14
5940  2.99373e-14
5950  3.37221e-15
5960  6.21651e-17
5970  1.86417e-19
5980  1.51561e-19
5990  5.18756e-17
6000  2.89245e-15
6010  2.60638e-14
6020  3.74723e-14
6030  8.57139e-15
6040  3.13943e-16
6050  1.82701e-18
6060  6.33704e-21
6070  2.97412e-18
6080  2.93992e-16
6090  4.87725e-15
6100  1.50268e-14
6110  8.90141e-15
6120  9.57394e-16
6130  1.69835e-17
6140  4.68429e-20
6150  2.66031e-19
6160  7.93677e-17
6170  3.71879e-15
6180  2.76702e-14
6190  3.30106e-14
6200  6.40292e-15
6210  2.03031e-16
6220  1.04387e-18
6230  1.9635e-20
6240  1.09362e-17
6250  1.0328e-15
6260  1.59054e-14
6270  3.99827e-14
6280  1.64022e-14
6290  1.09514e-15
6300  1.18851e-17
6310  2.17721e-20
6320  8.41959e-19
6330  1.72433e-16
6340  5.76029e-15
6350  3.13428e-14
6360  2.78976e-14
6370  4.04681e-15
6380  9.52155e-17
6390  3.65703e-19
6400  4.63036e-20
6410  2.04082e-17
6420  1.47378e-15
6430  1.72857e-14
6440  3.31359e-14
6450  1.0422e-14
6460  5.3469e-16
6470  4.45502e-18
6480  7.82831e-21
6490  1.69352e-18
6500  2.64946e-16
6510  6.7542e-15
6520  2.80298e-14
6530  1.90455e-14
6540  2.11765e-15
6550  3.83083e-17
6560  1.12954e-19
6570  9.97285e-20
6580  3.38322e-17
6590  1.87954e-15
6600  1.70131e-14
6610  2.51112e-14
6620  6.07313e-15
6630  2.4055e-16
6640  1.55016e-18
6650  5.94054e-21
6660  3.17442e-18
6670  3.79247e-16
6680  7.3908e-15
6690  2.35891e-14
6700  1.23791e-14
6710  1.06497e-15
6720  1.49303e-17
6730  3.43096e-20
6740  2.1143e-19
6750  5.5859e-17
6760  2.41724e-15
6770  1.70289e-14
6780  1.95135e-14
6790  3.64725e-15
6800  1.11152e-16
6810  5.49542e-19
6820  1.11714e-20
6830  6.03516e-18
6840  5.53069e-16
6850  8.34726e-15
6860  2.07606e-14
6870  8.43349e-15
6880  5.56324e-16
6890  5.97522e-18
6900  1.08551e-20
6910  4.54525e-19
6920  9.14421e-17
6930  2.99191e-15
6940  1.59579e-14
6950  1.39356e-14
6960  1.99647e-15
6970  4.67979e-17
6980  1.78615e-19
6990  2.45507e-20
7000  1.06864e-17
7010  7.65392e-16
7020  8.97433e-15
7030  1.71647e-14
7040  5.34325e-15
7050  2.69578e-16
7060  2.20693e-18
7070  3.91907e-21
7080  9.00673e-19
7090  1.40395e-16
7100  3.58031e-15
7110  1.48404e-14
7120  1.00138e-14
7130  1.10272e-15
7140  1.99228e-17
7150  5.95553e-20
7160  5.71042e-20
7170  1.97358e-17
7180  1.10472e-15
7190  9.97171e-15
7200  1.46991e-14
7210  3.55558e-15
7220  1.40222e-16
7230  9.00018e-19
7240  3.66483e-21
7250  2.00142e-18
7260  2.38633e-16
7270  4.64168e-15
7280  1.48731e-14
7290  7.78801e-15
7300  6.55659e-16
7310  8.91955e-18
7320  2.0081e-20
7330  1.34342e-19
7340  3.49621e-17
7350  1.47941e-15
7360  1.01223e-14
7370  1.13209e-14
7380  2.08084e-15
7390  6.21363e-17
7400  2.97417e-19
7410  6.53679e-21
7420  3.41094e-18
7430  3.0289e-16
7440  4.51819e-15
7450  1.13091e-14
7460  4.65437e-15
7470  3.10725e-16
7480  3.35392e-18
7490  6.05397e-21
7500  2.7441e-19
7510  5.41739e-17
7520  1.76295e-15
7530  9.50975e-15
7540  8.22331e-15
7550  1.11356e-15
7560  2.45351e-17
7570  9.26448e-20
7580  1.38263e-20
7590  6.14996e-18
7600  4.44667e-16
7610  5.24577e-15
7620  1.02541e-14
7630  3.26488e-15
7640  1.66408e-16
7650  1.37139e-18
7660  2.50375e-21
7670  6.13604e-19
7680  9.6549e-17
7690  2.48166e-15
7700  1.03418e-14
7710  7.01129e-15
7720  7.78164e-16
7730  1.40614e-17
7740  4.11722e-20
7750  4.28712e-20
7760  1.44895e-17
7770  8.14297e-16
7780  7.46476e-15
7790  1.09722e-14
7800  2.61748e-15
7810  1.02505e-16
7820  6.52291e-19
7830  2.81893e-21
7840  1.55896e-18
7850  1.87209e-16
7860  3.69509e-15
7870  1.1723e-14
7880  5.97856e-15
7890  5.01532e-16
7900  6.97078e-18
7910  1.58242e-20
7920  1.14936e-19
7930  2.94022e-17
7940  1.22473e-15
7950  8.33754e-15
7960  9.21465e-15
7970  1.6584e-15
7980  4.90128e-17
7990  2.38299e-19
8000  5.67931e-21
8010  3.079e-18
8020  2.82253e-16
8030  4.22096e-15
8040  1.0342e-14
8050  4.13793e-15
8060  2.64786e-16
8070  2.70225e-18
8080  4.80169e-21
8090  2.3544e-19
8100  4.80171e-17
8110  1.55465e-15
8120  7.61151e-15
8130  5.9657e-15
8140  8.07405e-16
8150  1.83386e-17
8160  6.53714e-20
8170  1.05867e-20
8180  4.10431e-18
8190  2.6169e-16
8200  2.99205e-15
8210  6.26809e-15
8220  2.22356e-15
8230  1.25449e-16
8240  1.12459e-18
8250  2.20194e-21
8260  5.83511e-19
8270  9.52014e-17
8280  2.40675e-15
8290  9.21467e-15
8300  5.52484e-15
8310  5.71121e-16
8320  1.08289e-17
8330  3.58811e-20
8340  4.05788e-20
8350  1.5331e-17
8360  9.13495e-16
8370  8.62414e-15
8380  1.30641e-14
8390  3.19517e-15
8400  1.26941e-16
8410  8.22797e-19
8420  3.80104e-21
8430  2.16693e-18
8440  2.56697e-16
8450  4.93121e-15
8460  1.55893e-14
8470  8.10093e-15
8480  6.86152e-16
8490  9.47161e-18
8500  2.14498e-20