#1.008521583257327
3000  0
3010  0
3020  0
3030  0
3040  0
3050  0
3060  0
3070  0
3080  0
3090  0
3100  0
3110  0
3120  0
3130  0
3140  0
3150  0
3160  0
3170  0
3180  0
3190  0
3200  0
3210  0
3220  0
3230  0
3240  0
3250  0
3260  0
3270  0
3280  0
3290  0
3300  0
3310  0
3320  0
3330  0
3340  0
3350  0
3360  0
3370  0
3380  0
3390  0
3400  0
3410  0
3420  0
3430  0
3440  0
3450  0
3460  0
3470  0
3480  0
3490  0
3500  0
3510  0
3520  0
3530  0
3540  0
3550  0
3560  0
3570  0
3580  0
3590  0
3600  0
3610  0
3620  0
3630  0
3640  0
3650  0
3660  0
3670  0
3680  0
3690  0
3700  0
3710  0
3720  0
3730  0
3740  0
3750  0
3760  0
3770  0
3780  0
3790  0
3800  0
3810  0
3820  0
3830  0
3840  0
3850  0
3860  0
3870  0
3880  0
3890  0
3900  0
3910  0
3920  0
3930  9.32672e-16
3940  8.93195e-16
3950  8.43801e-16
3960  7.8907e-16
3970  7.35114e-16
3980  6.88625e-16
3990  6.55745e-16
4000  6.40976e-16
4010  6.46359e-16
4020  6.71089e-16
4030  7.11652e-16
4040  7.62447e-16
4050  8.16773e-16
4060  8.67958e-16
4070  9.1042e-16
4080  9.40454e-16
4090  9.56619e-16
4100  9.59681e-16
4110  9.52169e-16
4120  9.37665e-16
4130  9.19992e-16
4140  9.02455e-16
4150  8.87279e-16
4160  8.75318e-16
4170  8.66049e-16
4180  8.57831e-16
4190  8.48353e-16
4200  8.35167e-16
4210  8.16235e-16
4220  7.90385e-16
4230  7.57615e-16
4240  7.19198e-16
4250  6.77564e-16
4260  6.35963e-16
4270  5.97962e-16
4280  5.66843e-16
4290  5.45018e-16
4300  5.33574e-16
4310  5.32061e-16
4320  5.38576e-16
4330  5.50147e-16
4340  5.6335e-16
4350  5.75027e-16
4360  5.82943e-16
4370  5.86244e-16
4380  5.85593e-16
4390  5.82968e-16
4400  5.81149e-16
4410  5.83036e-16
4420  5.90945e-16
4430  6.0605e-16
4440  6.28104e-16
4450  6.55494e-16
4460  6.85603e-16
4470  7.15396e-16
4480  7.42063e-16
4490  7.63582e-16
4500  7.79055e-16
4510  7.8876e-16
4520  7.93906e-16
4530  7.96192e-16
4540  7.97268e-16
4550  7.98253e-16
4560  7.99442e-16
4570  8.00252e-16
4580  7.99432e-16
4590  7.95452e-16
4600  7.86978e-16
4610  7.73279e-16
4620  7.54467e-16
4630  7.31505e-16
4640  7.05981e-16
4650  6.79742e-16
4660  6.54488e-16
4670  6.31455e-16
4680  6.11276e-16
4690  5.94037e-16
4700  5.79485e-16
4710  5.67281e-16
4720  5.57196e-16
4730  5.49153e-16
4740  5.43116e-16
4750  5.38854e-16
4760  5.35715e-16
4770  5.32512e-16
4780  5.27618e-16
4790  5.1929e-16
4800  5.06155e-16
4810  4.8771e-16
4820  4.64692e-16
4830  4.39162e-16
4840  4.14242e-16
4850  3.93542e-16
4860  3.80396e-16
4870  3.77103e-16
4880  3.84356e-16
4890  4.01013e-16
4900  4.24279e-16
4910  4.50241e-16
4920  4.74653e-16
4930  4.93778e-16
4940  5.05094e-16
4950  5.07736e-16
4960  5.02573e-16
4970  4.91947e-16
4980  4.79137e-16
4990  4.67687e-16
5000  4.60736e-16
5010  4.60471e-16
5020  4.67802e-16
5030  4.82284e-16
5040  5.02274e-16
5050  5.25283e-16
5060  5.48442e-16
5070  5.6901e-16
5080  5.84826e-16
5090  5.94663e-16
5100  5.98396e-16
5110  5.96981e-16
5120  5.92229e-16
5130  5.86412e-16
5140  5.81769e-16
5150  5.80006e-16
5160  5.81888e-16
5170  5.87024e-16
5180  5.93893e-16
5190  6.00128e-16
5200  6.03003e-16
5210  6.00022e-16
5220  5.89491e-16
5230  5.7093e-16
5240  5.45249e-16
5250  5.14638e-16
5260  4.82197e-16
5270  4.51392e-16
5280  4.2545e-16
5290  4.06825e-16
5300  3.96817e-16
5310  3.95424e-16
5320  4.01413e-16
5330  4.12589e-16
5340  4.26186e-16
5350  4.39298e-16
5360  4.49298e-16
5370  4.54169e-16
5380  4.52734e-16
5390  4.44766e-16
5400  4.30993e-16
5410  4.12985e-16
5420  3.92969e-16
5430  3.73559e-16
5440  3.57437e-16
5450  3.47017e-16
5460  3.44117e-16
5470  3.49698e-16
5480  3.63704e-16
5490  3.85047e-16
5500  4.11744e-16
5510  4.41191e-16
5520  4.70547e-16
5530  4.97146e-16
5540  5.18886e-16
5550  5.34506e-16
5560  5.43726e-16
5570  5.47207e-16
5580  5.46354e-16
5590  5.42998e-16
5600  5.39019e-16
5610  5.35978e-16
5620  5.3483e-16
5630  5.35755e-16
5640  5.38154e-16
5650  5.40786e-16
5660  5.42039e-16
5670  5.40268e-16
5680  5.34146e-16
5690  5.22962e-16
5700  5.06805e-16
5710  4.86603e-16
5720  4.64014e-16
5730  4.41182e-16
5740  4.20409e-16
5750  4.03803e-16
5760  3.92976e-16
5770  3.88815e-16
5780  3.91396e-16
5790  4.00019e-16
5800  4.13358e-16
5810  4.29703e-16
5820  4.47223e-16
5830  4.64224e-16
5840  4.79351e-16
5850  4.91718e-16
5860  5.00941e-16
5870  5.07104e-16
5880  5.10655e-16
5890  5.12268e-16
5900  5.12694e-16
5910  5.12614e-16
5920  5.12516e-16
5930  5.12608e-16
5940  5.12758e-16
5950  5.12492e-16
5960  5.11023e-16
5970  5.07347e-16
5980  5.00361e-16
5990  4.8903e-16
6000  4.72559e-16
6010  4.50559e-16
6020  4.23161e-16
6030  3.91079e-16
6040  3.55581e-16
6050  3.18378e-16
6060  2.81445e-16
6070  2.468e-16
6080  2.16283e-16
6090  1.91372e-16
6100  1.73055e-16
6110  1.61795e-16
6120  1.57561e-16
6130  1.59923e-16
6140  1.68175e-16
6150  1.81468e-16
6160  1.98917e-16
6170  2.19672e-16
6180  2.4296e-16
6190  2.68078e-16
6200  2.94382e-16
6210  3.21253e-16
6220  3.48075e-16
6230  3.74229e-16
6240  3.99098e-16
6250  4.22088e-16
6260  4.42672e-16
6270  4.60424e-16
6280  4.75069e-16
6290  4.86511e-16
6300  4.94856e-16
6310  5.00402e-16
6320  5.03611e-16
6330  5.05049e-16
6340  5.05306e-16
6350  5.04903e-16
6360  5.04215e-16
6370  5.03405e-16
6380  5.02416e-16
6390  5.00993e-16
6400  4.98762e-16
6410  4.95334e-16
6420  4.90412e-16
6430  4.83882e-16
6440  4.75858e-16
6450  4.66671e-16
6460  4.56813e-16
6470  4.46833e-16
6480  4.37231e-16
6490  4.28359e-16
6500  4.20369e-16
6510  4.13201e-16
6520  4.06628e-16
6530  4.00328e-16
6540  3.93977e-16
6550  3.87325e-16
6560  3.80248e-16
6570  3.72767e-16
6580  3.65027e-16
6590  3.57258e-16
6600  3.49719e-16
6610  3.42648e-16
6620  3.36221e-16
6630  3.30531e-16
6640  3.25578e-16
6650  3.21274e-16
6660  3.17455e-16
6670  3.13899e-16
6680  3.10353e-16
6690  3.06564e-16
6700  3.02311e-16
6710  2.97451e-16
6720  2.91949e-16
6730  2.85898e-16
6740  2.79526e-16
6750  2.73164e-16
6760  2.67199e-16
6770  2.62006e-16
6780  2.57876e-16
6790  2.54956e-16
6800  2.5321e-16
6810  2.52423e-16
6820  2.52233e-16
6830  2.52196e-16
6840  2.51871e-16
6850  2.50901e-16
6860  2.49076e-16
6870  2.46368e-16
6880  2.42927e-16
6890  2.39044e-16
6900  2.35082e-16
6910  2.31405e-16
6920  2.283e-16
6930  2.25928e-16
6940  2.24302e-16
6950  2.23296e-16
6960  2.22687e-16
6970  2.22207e-16
6980  2.21608e-16
6990  2.20714e-16
7000  2.19446e-16
7010  2.17837e-16
7020  2.16009e-16
7030  2.14139e-16
7040  2.12418e-16
7050  2.11006e-16
7060  2.10005e-16
7070  2.0944e-16
7080  2.09255e-16
7090  2.09333e-16
7100  2.09519e-16
7110  2.09646e-16
7120  2.09566e-16
7130  2.09175e-16
7140  2.08417e-16
7150  2.07291e-16
7160  2.05838e-16
7170  2.04123e-16
7180  2.02214e-16
7190  2.00167e-16
7200  1.98013e-16
7210  1.95756e-16
7220  1.93379e-16
7230  1.90857e-16
7240  1.88173e-16
7250  1.8533e-16
7260  1.82365e-16
7270  1.79347e-16
7280  1.76374e-16
7290  1.73555e-16
7300  1.7099e-16
7310  1.6874e-16
7320  1.66804e-16
7330  1.65103e-16
7340  1.63472e-16
7350  1.61681e-16
7360  1.59458e-16
7370  1.56545e-16
7380  1.52752e-16
7390  1.48005e-16
7400  1.42387e-16
7410  1.36148e-16
7420  1.29679e-16
7430  1.23471e-16
7440  1.18032e-16
7450  1.13819e-16
7460  1.11161e-16
7470  1.10213e-16
7480  1.10941e-16
7490  1.13137e-16
7500  1.1647e-16
7510  1.20544e-16
7520  1.24968e-16
7530  1.29412e-16
7540  1.33641e-16
7550  1.37527e-16
7560  1.4104e-16
7570  1.4422e-16
7580  1.47144e-16
7590  1.49896e-16
7600  1.52541e-16
7610  1.55112e-16
7620  1.57608e-16
7630  1.59998e-16
7640  1.62236e-16
7650  1.6427e-16
7660  1.6606e-16
7670  1.67593e-16
7680  1.68886e-16
7690  1.69988e-16
7700  1.70978e-16
7710  1.71945e-16
7720  1.72973e-16
7730  1.74125e-16
7740  1.75425e-16
7750  1.76856e-16
7760  1.78364e-16
7770  1.79868e-16
7780  1.81281e-16
7790  1.82522e-16
7800  1.83537e-16
7810  1.84297e-16
7820  1.84805e-16
7830  1.85083e-16
7840  1.85166e-16
7850  1.85083e-16
7860  1.84853e-16
7870  1.84475e-16
7880  1.8393e-16
7890  1.83185e-16
7900  1.822e-16
7910  1.80939e-16
7920  1.79378e-16
7930  1.77515e-16
7940  1.7537e-16
7950  1.72986e-16
7960  1.70413e-16
7970  1.67703e-16
7980  1.64899e-16
7990  1.62031e-16
8000  1.59116e-16
8010  1.56178e-16
8020  1.53254e-16
8030  1.50418e-16
8040  1.47778e-16
8050  1.4547e-16
8060  1.43631e-16
8070  1.42362e-16
8080  1.41683e-16
8090  1.41508e-16
8100  1.41623e-16
8110  1.41706e-16
8120  1.41374e-16
8130  1.40246e-16
8140  1.38024e-16
8150  1.34566e-16
8160  1.29936e-16
8170  1.24412e-16
8180  1.18459e-16
8190  1.12663e-16
8200  1.07629e-16
8210  1.03884e-16
8220  1.01775e-16
8230  1.01414e-16
8240  1.02653e-16
8250  1.05112e-16
8260  1.08253e-16
8270  1.11479e-16
8280  1.14245e-16
8290  1.16155e-16
8300  1.17031e-16
8310  1.16934e-16
8320  1.16141e-16
8330  1.15085e-16
8340  1.14259e-16
8350  1.14127e-16
8360  1.15042e-16
8370  1.17192e-16
8380  1.20586e-16
8390  1.25075e-16
8400  1.30399e-16
8410  1.36251e-16
8420  1.42332e-16
8430  1.48395e-16
8440  1.54265e-16
8450  1.59835e-16
8460  1.65036e-16
8470  1.69815e-16
8480  1.74105e-16
8490  1.77816e-16
8500  1.80843e-16
8510  1.83092e-16
8520  1.84505e-16
8530  1.85096e-16
8540  1.84962e-16
8550  1.84275e-16
8560  1.83262e-16
8570  1.8216e-16
8580  1.81172e-16
8590  1.80431e-16
8600  1.79976e-16
8610  1.79756e-16
8620  1.79651e-16
8630  1.79508e-16
8640  1.79191e-16
8650  1.78612e-16
8660  1.77759e-16
8670  1.76694e-16
8680  1.75531e-16
8690  1.74393e-16
8700  1.73368e-16
8710  1.72454e-16
8720  1.7154e-16
8730  1.704e-16
8740  1.68728e-16
8750  1.66191e-16
8760  1.62504e-16
8770  1.57503e-16
8780  1.51201e-16
8790  1.43807e-16
8800  1.35707e-16
8810  1.27412e-16
8820  1.19471e-16
8830  1.12386e-16
8840  1.06526e-16
8850  1.02089e-16
8860  9.90779e-17
8870  9.73373e-17
8880  9.6601e-17
8890  9.65609e-17
8900  9.69292e-17
8910  9.74809e-17
8920  9.80716e-17
8930  9.86275e-17
8940  9.91186e-17
8950  9.95242e-17
8960  9.98052e-17
8970  9.98923e-17
8980  9.96933e-17
8990  9.91174e-17
9000  9.81076e-17