#-10.95738672303412
3000  0
3010  0
3020  0
3030  0
3040  0
3050  0
3060  0
3070  0
3080  0
3090  0
3100  0
3110  0
3120  0
3130  0
3140  0
3150  0
3160  0
3170  0
3180  0
3190  0
3200  0
3210  0
3220  0
3230  0
3240  0
3250  0
3260  0
3270  0
3280  0
3290  0
3300  0
3310  0
3320  0
3330  0
3340  0
3350  0
3360  0
3370  0
3380  0
3390  0
3400  0
3410  0
3420  0
3430  0
3440  0
3450  0
3460  0
3470  0
3480  0
3490  0
3500  0
3510  0
3520  0
3530  0
3540  0
3550  0
3560  0
3570  0
3580  0
3590  0
3600  1.59049e-15
3610  1.48793e-15
3620  1.36021e-15
3630  1.21823e-15
3640  1.07558e-15
3650  9.46301e-16
3660  8.4264e-16
3670  7.73139e-16
3680  7.41519e-16
3690  7.46498e-16
3700  7.82552e-16
3710  8.41378e-16
3720  9.13703e-16
3730  9.91025e-16
3740  1.06692e-15
3750  1.13767e-15
3760  1.20224e-15
3770  1.26159e-15
3780  1.31778e-15
3790  1.37292e-15
3800  1.42847e-15
3810  1.48478e-15
3820  1.5411e-15
3830  1.59584e-15
3840  1.64695e-15
3850  1.69233e-15
3860  1.7302e-15
3870  1.75926e-15
3880  1.77885e-15
3890  1.789e-15
3900  1.7905e-15
3910  1.78489e-15
3920  1.77447e-15
3930  1.76216e-15
3940  1.75127e-15
3950  1.74515e-15
3960  1.74668e-15
3970  1.75778e-15
3980  1.77899e-15
3990  1.80924e-15
4000  1.8458e-15
4010  1.88466e-15
4020  1.92102e-15
4030  1.9501e-15
4040  1.9679e-15
4050  1.97183e-15
4060  1.96114e-15
4070  1.93698e-15
4080  1.90201e-15
4090  1.85986e-15
4100  1.81431e-15
4110  1.76858e-15
4120  1.72474e-15
4130  1.68349e-15
4140  1.64424e-15
4150  1.60556e-15
4160  1.56577e-15
4170  1.52365e-15
4180  1.47896e-15
4190  1.43275e-15
4200  1.38734e-15
4210  1.34596e-15
4220  1.31213e-15
4230  1.28901e-15
4240  1.27863e-15
4250  1.28146e-15
4260  1.29621e-15
4270  1.31996e-15
4280  1.34864e-15
4290  1.37776e-15
4300  1.40324e-15
4310  1.42219e-15
4320  1.43339e-15
4330  1.43754e-15
4340  1.43704e-15
4350  1.43539e-15
4360  1.43637e-15
4370  1.44319e-15
4380  1.45772e-15
4390  1.48009e-15
4400  1.50866e-15
4410  1.54041e-15
4420  1.57169e-15
4430  1.59895e-15
4440  1.61961e-15
4450  1.63246e-15
4460  1.63786e-15
4470  1.63746e-15
4480  1.63371e-15
4490  1.62916e-15
4500  1.62581e-15
4510  1.62463e-15
4520  1.62541e-15
4530  1.62689e-15
4540  1.62718e-15
4550  1.62432e-15
4560  1.61681e-15
4570  1.60402e-15
4580  1.58623e-15
4590  1.56459e-15
4600  1.5407e-15
4610  1.5162e-15
4620  1.49242e-15
4630  1.47014e-15
4640  1.44959e-15
4650  1.43065e-15
4660  1.41311e-15
4670  1.39688e-15
4680  1.3822e-15
4690  1.36951e-15
4700  1.35925e-15
4710  1.35159e-15
4720  1.34609e-15
4730  1.34161e-15
4740  1.33635e-15
4750  1.32817e-15
4760  1.31505e-15
4770  1.29558e-15
4780  1.26941e-15
4790  1.2374e-15
4800  1.20158e-15
4810  1.1648e-15
4820  1.13018e-15
4830  1.10057e-15
4840  1.07803e-15
4850  1.06348e-15
4860  1.05674e-15
4870  1.0566e-15
4880  1.06126e-15
4890  1.06876e-15
4900  1.07739e-15
4910  1.08601e-15
4920  1.09419e-15
4930  1.10216e-15
4940  1.11067e-15
4950  1.12065e-15
4960  1.13298e-15
4970  1.14817e-15
4980  1.16626e-15
4990  1.18672e-15
5000  1.20858e-15
5010  1.23057e-15
5020  1.25139e-15
5030  1.26996e-15
5040  1.28565e-15
5050  1.29837e-15
5060  1.30861e-15
5070  1.31728e-15
5080  1.32548e-15
5090  1.33419e-15
5100  1.34395e-15
5110  1.35462e-15
5120  1.3653e-15
5130  1.37439e-15
5140  1.37983e-15
5150  1.37947e-15
5160  1.37155e-15
5170  1.35507e-15
5180  1.33013e-15
5190  1.29805e-15
5200  1.26124e-15
5210  1.22294e-15
5220  1.18667e-15
5230  1.15576e-15
5240  1.13276e-15
5250  1.11906e-15
5260  1.11466e-15
5270  1.11821e-15
5280  1.12719e-15
5290  1.13842e-15
5300  1.14854e-15
5310  1.15463e-15
5320  1.15466e-15
5330  1.1478e-15
5340  1.13458e-15
5350  1.11669e-15
5360  1.09664e-15
5370  1.07725e-15
5380  1.06104e-15
5390  1.0498e-15
5400  1.04423e-15
5410  1.04389e-15
5420  1.04741e-15
5430  1.05285e-15
5440  1.05832e-15
5450  1.06238e-15
5460  1.0645e-15
5470  1.06508e-15
5480  1.06542e-15
5490  1.06723e-15
5500  1.07222e-15
5510  1.08157e-15
5520  1.09559e-15
5530  1.11355e-15
5540  1.13387e-15
5550  1.1544e-15
5560  1.17284e-15
5570  1.18726e-15
5580  1.19638e-15
5590  1.19977e-15
5600  1.19783e-15
5610  1.1916e-15
5620  1.18247e-15
5630  1.1719e-15
5640  1.16114e-15
5650  1.15111e-15
5660  1.1423e-15
5670  1.13486e-15
5680  1.12869e-15
5690  1.12358e-15
5700  1.11937e-15
5710  1.11599e-15
5720  1.11351e-15
5730  1.11216e-15
5740  1.11219e-15
5750  1.11384e-15
5760  1.11719e-15
5770  1.1221e-15
5780  1.12813e-15
5790  1.13454e-15
5800  1.14036e-15
5810  1.1445e-15
5820  1.14592e-15
5830  1.14379e-15
5840  1.13765e-15
5850  1.12754e-15
5860  1.11398e-15
5870  1.09791e-15
5880  1.08053e-15
5890  1.06313e-15
5900  1.04679e-15
5910  1.03224e-15
5920  1.01968e-15
5930  1.0088e-15
5940  9.98775e-16
5950  9.88463e-16
5960  9.7663e-16
5970  9.62194e-16
5980  9.44465e-16
5990  9.23313e-16
6000  8.99249e-16
6010  8.73378e-16
6020  8.47264e-16
6030  8.22693e-16
6040  8.01408e-16
6050  7.8486e-16
6060  7.7401e-16
6070  7.6925e-16
6080  7.70425e-16
6090  7.76966e-16
6100  7.88082e-16
6110  8.02975e-16
6120  8.2099e-16
6130  8.41692e-16
6140  8.64822e-16
6150  8.90165e-16
6160  9.17371e-16
6170  9.45783e-16
6180  9.74365e-16
6190  1.00174e-15
6200  1.02638e-15
6210  1.04686e-15
6220  1.06222e-15
6230  1.07213e-15
6240  1.0771e-15
6250  1.07831e-15
6260  1.07745e-15
6270  1.07632e-15
6280  1.07642e-15
6290  1.07864e-15
6300  1.08308e-15
6310  1.08907e-15
6320  1.09539e-15
6330  1.10058e-15
6340  1.10339e-15
6350  1.10303e-15
6360  1.0994e-15
6370  1.09309e-15
6380  1.08516e-15
6390  1.07691e-15
6400  1.06947e-15
6410  1.06358e-15
6420  1.05944e-15
6430  1.05668e-15
6440  1.0546e-15
6450  1.05235e-15
6460  1.04925e-15
6470  1.04497e-15
6480  1.03964e-15
6490  1.03381e-15
6500  1.02825e-15
6510  1.02374e-15
6520  1.02079e-15
6530  1.01949e-15
6540  1.01946e-15
6550  1.01989e-15
6560  1.01972e-15
6570  1.01792e-15
6580  1.01371e-15
6590  1.00676e-15
6600  9.97263e-16
6610  9.85865e-16
6620  9.73531e-16
6630  9.61302e-16
6640  9.50071e-16
6650  9.40421e-16
6660  9.32559e-16
6670  9.26361e-16
6680  9.21492e-16
6690  9.17562e-16
6700  9.14245e-16
6710  9.11326e-16
6720  9.08669e-16
6730  9.0611e-16
6740  9.03338e-16
6750  8.99817e-16
6760  8.94797e-16
6770  8.87435e-16
6780  8.77001e-16
6790  8.63122e-16
6800  8.45987e-16
6810  8.26434e-16
6820  8.05886e-16
6830  7.86126e-16
6840  7.68956e-16
6850  7.55834e-16
6860  7.4756e-16
6870  7.44116e-16
6880  7.44685e-16
6890  7.4785e-16
6900  7.51927e-16
6910  7.55331e-16
6920  7.56908e-16
6930  7.56146e-16
6940  7.53224e-16
6950  7.48901e-16
6960  7.44283e-16
6970  7.40531e-16
6980  7.38574e-16
6990  7.38914e-16
7000  7.41536e-16
7010  7.45962e-16
7020  7.51402e-16
7030  7.56973e-16
7040  7.61905e-16
7050  7.65707e-16
7060  7.68229e-16
7070  7.69631e-16
7080  7.70263e-16
7090  7.70501e-16
7100  7.70584e-16
7110  7.70495e-16
7120  7.69917e-16
7130  7.68273e-16
7140  7.64841e-16
7150  7.58924e-16
7160  7.50034e-16
7170  7.38043e-16
7180  7.23283e-16
7190  7.06555e-16
7200  6.89047e-16
7210  6.72173e-16
7220  6.57354e-16
7230  6.45802e-16
7240  6.3833e-16
7250  6.35244e-16
7260  6.3633e-16
7270  6.40935e-16
7280  6.48117e-16
7290  6.56836e-16
7300  6.66123e-16
7310  6.75213e-16
7320  6.83592e-16
7330  6.90972e-16
7340  6.97214e-16
7350  7.02218e-16
7360  7.05841e-16
7370  7.07849e-16
7380  7.07948e-16
7390  7.05864e-16
7400  7.01455e-16
7410  6.94827e-16
7420  6.86398e-16
7430  6.76895e-16
7440  6.67273e-16
7450  6.58566e-16
7460  6.51709e-16
7470  6.47368e-16
7480  6.45823e-16
7490  6.46929e-16
7500  6.50169e-16
7510  6.54783e-16
7520  6.59934e-16
7530  6.64886e-16
7540  6.69138e-16
7550  6.72494e-16
7560  6.75065e-16
7570  6.77193e-16
7580  6.79336e-16
7590  6.81941e-16
7600  6.85333e-16
7610  6.89641e-16
7620  6.94779e-16
7630  7.00472e-16
7640  7.06311e-16
7650  7.11829e-16
7660  7.16571e-16
7670  7.20149e-16
7680  7.22282e-16
7690  7.22817e-16
7700  7.21731e-16
7710  7.19125e-16
7720  7.15203e-16
7730  7.10247e-16
7740  7.04568e-16
7750  6.98465e-16
7760  6.92163e-16
7770  6.85759e-16
7780  6.79183e-16
7790  6.72189e-16
7800  6.64368e-16
7810  6.55221e-16
7820  6.44249e-16
7830  6.31067e-16
7840  6.15514e-16
7850  5.97733e-16
7860  5.78204e-16
7870  5.57722e-16
7880  5.37318e-16
7890  5.18131e-16
7900  5.01268e-16
7910  4.87658e-16
7920  4.7794e-16
7930  4.72403e-16
7940  4.70974e-16
7950  4.73259e-16
7960  4.78622e-16
7970  4.86271e-16
7980  4.9533e-16
7990  5.04903e-16
8000  5.14103e-16
8010  5.22072e-16
8020  5.2801e-16
8030  5.31208e-16
8040  5.31115e-16
8050  5.27416e-16
8060  5.20119e-16
8070  5.09606e-16
8080  4.96651e-16
8090  4.82361e-16
8100  4.68057e-16
8110  4.55098e-16
8120  4.44691e-16
8130  4.37712e-16
8140  4.34593e-16
8150  4.35286e-16
8160  4.39311e-16
8170  4.45888e-16
8180  4.54096e-16
8190  4.63044e-16
8200  4.72008e-16
8210  4.80514e-16
8220  4.88364e-16
8230  4.95606e-16
8240  5.02465e-16
8250  5.09259e-16
8260  5.16306e-16
8270  5.2385e-16
8280  5.32001e-16
8290  5.40711e-16
8300  5.49779e-16
8310  5.5888e-16
8320  5.67632e-16
8330  5.75661e-16
8340  5.82679e-16
8350  5.88539e-16
8360  5.93263e-16
8370  5.97038e-16
8380  6.00163e-16
8390  6.02981e-16
8400  6.05787e-16
8410  6.08752e-16
8420  6.11869e-16
8430  6.1494e-16
8440  6.17612e-16
8450  6.19458e-16
8460  6.20083e-16
8470  6.19241e-16
8480  6.16935e-16
8490  6.13476e-16
8500  6.09487e-16
8510  6.05833e-16
8520  6.03495e-16
8530  6.0339e-16
8540  6.06189e-16
8550  6.12142e-16
8560  6.20986e-16
8570  6.31936e-16
8580  6.43792e-16
8590  6.55138e-16
8600  6.64613e-16
8610  6.71171e-16
8620  6.74302e-16
8630  6.74135e-16
8640  6.71409e-16
8650  6.67305e-16
8660  6.63175e-16
8670  6.60241e-16
8680  6.59312e-16
8690  6.60601e-16
8700  6.63678e-16
8710  6.67568e-16
8720  6.70971e-16
8730  6.72541e-16
8740  6.71166e-16
8750  6.66183e-16
8760  6.57482e-16
8770  6.45492e-16
8780  6.31061e-16
8790  6.15281e-16
8800  5.99288e-16
8810  5.84099e-16
8820  5.70491e-16
8830  5.58957e-16
8840  5.49702e-16
8850  5.42687e-16
8860  5.3769e-16
8870  5.34375e-16
8880  5.32354e-16
8890  5.31243e-16
8900  5.30707e-16
8910  5.3049e-16
8920  5.3042e-16
8930  5.30404e-16
8940  5.30402e-16
8950  5.30402e-16
8960  5.30402e-16
8970  0
8980  0
8990  0
9000  0