#53.85470819041331
3000  0
3030  0
3060  0
3090  0
3120  0
3150  0
3180  0
3210  0
3240  0
3270  0
3300  0
3330  0
3360  0
3390  0
3420  0
3450  6.15009e-15
3480  6.35946e-15
3510  4.1653e-15
3540  2.06509e-15
3570  1.5966e-15
3600  1.77277e-15
3630  1.62601e-15
3660  1.57563e-15
3690  1.88265e-15
3720  1.92143e-15
3750  1.4148e-15
3780  9.8324e-16
3810  1.19731e-15
3840  1.92298e-15
3870  2.73793e-15
3900  3.44236e-15
3930  3.98567e-15
3960  4.24438e-15
3990  4.12036e-15
4020  3.72306e-15
4050  3.30288e-15
4080  3.09862e-15
4110  3.2815e-15
4140  3.83068e-15
4170  4.43878e-15
4200  4.82075e-15
4230  5.12532e-15
4260  5.70292e-15
4290  6.41486e-15
4320  6.56166e-15
4350  5.71272e-15
4380  4.37235e-15
4410  3.5932e-15
4440  4.02793e-15
4470  5.56009e-15
4500  7.84178e-15
4530  1.08861e-14
4560  1.47636e-14
4590  1.86801e-14
4620  2.08599e-14
4650  1.98934e-14
4680  1.61695e-14
4710  1.17629e-14
4740  8.89798e-15
4770  8.23419e-15
4800  8.56107e-15
4830  8.71072e-15
4860  9.40707e-15
4890  1.18806e-14
4920  1.50069e-14
4950  1.5938e-14
4980  1.38888e-14
5010  1.12647e-14
5040  1.04663e-14
5070  1.13497e-14
5100  1.24224e-14
5130  1.30968e-14
5160  1.40824e-14
5190  1.63118e-14
5220  1.98567e-14
5250  2.37017e-14
5280  2.68308e-14
5310  2.95596e-14
5340  3.27442e-14
5370  3.5515e-14
5400  3.58806e-14
5430  3.44337e-14
5460  3.48144e-14
5490  3.89139e-14
5520  4.39181e-14
5550  4.5593e-14
5580  4.26446e-14
5610  3.68363e-14
5640  3.05579e-14
5670  2.54571e-14
5700  2.2679e-14
5730  2.36142e-14
5760  2.9563e-14
5790  3.9177e-14
5820  4.6938e-14
5850  4.7689e-14
5880  4.28945e-14
5910  3.82149e-14
5940  3.52304e-14
5970  3.10106e-14
6000  2.52411e-14
6030  2.15895e-14
6060  2.16681e-14
6090  2.28098e-14
6120  2.2863e-14
6150  2.31215e-14
6180  2.49449e-14
6210  2.65442e-14
6240  2.52315e-14
6270  2.13008e-14
6300  1.78598e-14
6330  1.73723e-14
6360  1.96742e-14
6390  2.31824e-14
6420  2.68099e-14
6450  3.02544e-14
6480  3.31189e-14
6510  3.45312e-14
6540  3.36918e-14
6570  3.05315e-14
6600  2.58545e-14
6630  2.08905e-14
6660  1.65669e-14
6690  1.31875e-14
6720  1.07998e-14
6750  9.51909e-15
6780  9.20711e-15
6810  9.24819e-15
6840  9.21041e-15
6870  9.40108e-15
6900  1.01816e-14
6930  1.1149e-14
6960  1.15991e-14
6990  1.14228e-14
7020  1.11557e-14
7050  1.14397e-14
7080  1.25088e-14
7110  1.39466e-14
7140  1.51094e-14
7170  1.60103e-14
7200  1.73763e-14
7230  1.94883e-14
7260  2.14183e-14
7290  2.19763e-14
7320  2.13052e-14
7350  2.09549e-14
7380  2.20611e-14
7410  2.40312e-14
7440  2.57731e-14
7470  2.73609e-14
7500  2.86586e-14
7530  2.71345e-14
7560  2.07933e-14
7590  1.3705e-14
7620  1.35392e-14
7650  2.17783e-14
7680  3.1525e-14
7710  3.66503e-14
7740  3.78418e-14
7770  3.82063e-14
7800  3.79743e-14
7830  3.57592e-14
7860  3.17699e-14
7890  2.75558e-14
7920  2.40464e-14
7950  2.13464e-14
7980  1.97556e-14
8010  1.95994e-14
8040  1.98752e-14
8070  1.82863e-14
8100  1.37237e-14
8130  8.10154e-15
8160  4.43547e-15
8190  3.51696e-15
8220  3.79056e-15
8250  4.03707e-15
8280  4.5086e-15
8310  5.42415e-15
8340  6.30252e-15
8370  7.64529e-15
8400  1.13503e-14
8430  1.78132e-14
8460  2.42333e-14
8490  2.76153e-14
8520  2.80371e-14
8550  2.7468e-14
8580  2.69566e-14
8610  2.65241e-14
8640  2.64891e-14
8670  2.72015e-14
8700  2.80373e-14
8730  2.78918e-14
8760  2.64524e-14
8790  2.42873e-14
8820  2.19658e-14
8850  1.96067e-14
8880  1.70965e-14
8910  1.43952e-14
8940  1.16733e-14
8970  9.31536e-15
9000  7.72945e-15